1140000 2707.7
1140010 2713.7
1140020 2719.7
1140030 2725.4
1140040 2725.4
1140050 2730.9
1140060 2736.1
1140070 2736.1
1140080 2740.7
1140090 2745.0
1140100 2745.0
1140110 2748.6
1140120 2749.1
1140130 2749.1
1140140 2748.4
1140150 2748.6
1140160 2748.6
1140170 2750.1
1140180 2748.9
1140190 2743.5
1140200 2742.2
1140210 2738.6
1140220 2738.6
1140230 2732.4
1140240 2726.0
1140250 2719.9
1140260 2719.9
1140270 2714.7
1140280 2709.6
1140290 2709.6
1140300 2703.1
1140310 2694.9
1140320 2694.9
1140330 2687.0
1140340 2680.0
1140350 2680.0
1140360 2672.7
1140370 2664.2
1140380 2664.2
1140390 2654.2
1140400 2647.4
1140410 2647.4
1140420 2642.1
1140430 2636.8
1140440 2630.6
1140450 2630.6
1140460 2624.2
1140470 2618.2
1140480 2618.2
1140490 2611.8
1140500 2604.9
1140510 2604.9
1140520 2597.8
1140530 2591.8
1140540 2591.8
1140550 2582.9
1140560 2575.9
1140570 2575.9
1140580 2568.4
1140590 2559.9
1140600 2559.9
1140610 2552.0
1140620 2545.5
1140630 2540.0
1140640 2540.0
1140650 2534.4
1140660 2528.6
1140670 2528.6
1140680 2522.6
1140690 2515.8
1140700 2515.8
1140710 2509.6
1140720 2503.9
1140730 2503.9
1140740 2497.6
1140750 2492.8
1140760 2492.8
1140770 2488.8
1140780 2484.2
1140790 2484.2
1140800 2478.6
1140810 2473.6
1140820 2469.5
1140830 2469.5
1140840 2465.7
1140850 2462.6
1140860 2462.6
1140870 2459.8
1144860 2682.1
1144870 2682.1
1144880 2684.5
1144890 2685.5
1144900 2685.5
1144910 2685.5
1144920 2684.9
1144930 2684.9
1144940 2684.3
1144950 2684.7
1144960 2684.7
1144970 2685.2
1144980 2685.2
1144990 2684.1
1145000 2684.1
1145010 2682.0
1145020 2678.3
1145030 2678.3
1145040 2674.8
1145050 2671.8
1145060 2671.8
1145070 2669.8
1145080 2668.0
1145090 2668.0
1145100 2666.6
1145110 2667.2
1145120 2667.2
1145130 2666.5
1145140 2666.3
1145150 2666.3
1145160 2667.3
1145170 2668.7
1145180 2671.3
1145190 2671.3
1145200 2673.9
1145210 2677.3
1145220 2677.3
1145230 2679.9
1145240 2681.7
1145250 2681.7
1145260 2683.2
1145270 2684.4
1145280 2684.4
1145290 2685.0
1145300 2685.9
1145310 2685.9
1145320 2686.1
1145330 2685.7
1145340 2685.7
1145350 2685.3
1145360 2685.1
1145370 2683.3
1145380 2683.3
1145390 2683.0
1145400 2682.0
1145410 2682.0
1145420 2682.2
1145430 2683.1
1145440 2683.1
1145450 2684.0
1145460 2685.0
1145470 2685.0
1145480 2685.7
1145490 2686.4
1145500 2686.4
1145510 2686.2
1145520 2684.5
1145530 2684.5
1145540 2686.1
1145550 2687.1
1145560 2687.1
1145570 2687.7
1145580 2688.7
1145590 2692.3
1145600 2692.3
1145610 2696.1
1145620 2699.4
1145630 2699.4
1145640 2703.2
1145650 2706.9
1145660 2706.9
1145670 2710.1
1145680 2712.7
1145690 2712.7
1145700 2715.6
1145710 2718.8
1145720 2718.8
1145730 2722.5
1145740 2727.1
1145750 2727.1
1145760 2730.9
1145770 2735.2
1145780 2739.7
1145790 2739.7
1145800 2744.4
1145810 2749.0
1145820 2749.0
1145830 2753.4
1145840 2758.3
1145850 2758.3
1145860 2763.6
1145870 2767.9
1145880 2767.9
1145890 2771.7
1145900 2774.9
1145910 2774.9
1145920 2777.9
1145930 2782.1
1145940 2782.1
1145950 2786.9
1145960 2792.1
1145970 2797.4
1145980 2797.4
1145990 2802.8
1146000 2808.9
1146010 2808.9
1146020 2815.4
1146030 2822.5
1146040 2822.5
1146050 2829.7
1146060 2837.0
1146070 2837.0
1146080 2844.5
1146090 2852.2
1146100 2852.2
1146110 2859.2
1146120 2867.3
1146130 2867.3
1146140 2875.2
1146150 2883.0
1146160 2887.4
1146170 2887.4
1146180 2881.6
1146190 2873.0
1146200 2873.0
1146210 2863.6
1146220 2854.8
1146230 2854.8
1146240 2845.0
1146250 2834.1
1146260 2834.1
1146270 2824.2
1146280 2815.8
1146290 2815.8
1146300 2808.2
1146310 2800.1
1146320 2800.1
1146330 2792.9
1146340 2786.3
1146350 2786.3
1146360 2778.1
1146370 2769.6
1146380 2763.5
1146390 2763.5
1146400 2757.7
1146410 2751.8
1146420 2751.8
1146430 2748.5
1146440 2744.4
1146450 2744.4
1146460 2739.9
1146470 2732.3
1146480 2732.3
1146490 2719.9
1146500 2711.1
1146510 2711.1
1146520 2704.7
1146530 2701.9
1146540 2701.9
1146550 2697.3
1146560 2693.6
1146570 2691.4
1146580 2691.4
1146590 2687.3
1146600 2682.4
1146610 2682.4
1146620 2676.6
1146630 2671.0
1146640 2671.0
1146650 2665.3
1146660 2659.1
1146670 2659.1
1146680 2652.9
1146690 2646.3
1146700 2646.3
1146710 2638.2
1146720 2630.9
1146730 2630.9
1146740 2624.7
1146750 2618.8
1146760 2613.2
1146770 2613.2
1146780 2607.3
1146790 2601.4
1146800 2601.4
1146810 2595.0
1146820 2586.1
1146830 2586.1
1146840 2576.1
1146850 2566.7
1146860 2566.2
1146870 2556.2
1146880 2546.2
1146890 2546.2
1146900 2537.8
1146910 2528.2
1146920 2528.2
1146930 2519.3
1146940 2516.9
1146950 2515.8
1146960 2515.8
1146970 2514.5
