1140000 2731.4
1140010 2731.4
1140020 2739.1
1140030 2745.2
1140040 2745.2
1140050 2740.7
1140060 2732.2
1140070 2732.2
1140080 2724.3
1140090 2716.1
1140100 2716.1
1140110 2707.6
1140120 2700.1
1140130 2700.1
1140140 2693.9
1140150 2688.1
1140160 2683.7
1140170 2683.7
1140180 2678.2
1140190 2672.4
1140200 2672.4
1140210 2667.1
1140220 2661.7
1140230 2661.7
1140240 2656.7
1140250 2652.1
1140260 2652.1
1140270 2647.9
1140280 2644.2
1140290 2644.2
1140300 2640.3
1140310 2636.0
1140320 2636.0
1140330 2631.5
1140340 2626.6
1140350 2626.6
1140360 2621.4
1140370 2616.4
1140380 2611.1
1140390 2611.1
1140400 2605.1
1140410 2598.4
1140420 2598.4
1140430 2592.2
1140440 2585.5
1140450 2585.5
1140460 2579.6
1140470 2575.5
1140480 2575.5
1140490 2572.3
1140500 2569.3
1140510 2569.3
1140520 2566.3
1140530 2562.2
1140540 2562.2
1140550 2558.3
1140560 2553.9
1140570 2548.8
1140580 2548.8
1140590 2541.9
1140600 2535.2
1140610 2535.2
1140620 2529.8
1140630 2524.2
1140640 2524.2
1140650 2518.7
1140660 2513.4
1140670 2513.4
1140680 2508.4
1140690 2504.1
1140700 2504.1
1140710 2498.1
1140720 2490.6
1140730 2490.6
1140740 2486.4
1140750 2482.7
1140760 2479.0
1140770 2479.0
1140780 2474.6
1140790 2471.4
1140800 2471.4
1140810 2468.5
1140820 2465.9
1140830 2465.9
1140840 2464.2
1143940 2488.1
1143950 2490.6
1143960 2490.6
1143970 2493.2
1143980 2495.9
1143990 2495.9
1144000 2499.4
1144010 2504.5
1144020 2504.5
1144030 2508.3
1144040 2511.5
1144050 2511.5
1144060 2513.8
1144070 2516.5
1144080 2516.5
1144090 2519.4
1144100 2519.9
1144110 2519.9
1144120 2521.1
1144130 2525.1
1144140 2529.8
1144150 2529.8
1144160 2534.9
1144170 2539.3
1144180 2539.3
1144190 2543.7
1144200 2549.0
1144210 2549.0
1144220 2555.0
1144230 2559.6
1144240 2559.6
1144250 2566.3
1144260 2574.3
1144270 2574.3
1144280 2580.6
1144290 2581.9
1144300 2581.9
1144310 2581.2
1144320 2580.2
1144330 2580.7
1144340 2580.7
1144350 2581.3
1144360 2581.9
1144370 2581.9
1144380 2582.4
1144390 2582.0
1144400 2582.0
1144410 2581.1
1144420 2579.1
1144430 2579.1
1144440 2577.9
1144450 2578.0
1144460 2578.0
1144470 2579.0
1144480 2579.1
1144490 2579.1
1144500 2578.8
1144510 2579.6
1144520 2580.6
1144530 2580.6
1144540 2581.5
1144550 2582.1
1144560 2582.1
1144570 2582.9
1144580 2583.8
1144590 2583.8
1144600 2586.0
1144610 2587.0
1144620 2587.0
1144630 2589.3
1144640 2591.5
1144650 2591.5
1144660 2593.4
1144670 2595.4
1144680 2595.4
1144690 2597.4
1144700 2600.0
1144710 2600.0
1144720 2603.3
1144730 2607.0
1144740 2610.7
1144750 2610.7
1144760 2614.3
1144770 2618.9
1144780 2618.9
1144790 2624.9
1144800 2631.2
1144810 2631.2
1144820 2636.8
1144830 2641.3
1144840 2641.3
1144850 2645.5
1144860 2650.6
1144870 2650.6
1144880 2655.4
1144890 2659.8
1144900 2659.8
1144910 2664.8
1144920 2670.8
1144930 2675.6
1144940 2675.6
1144950 2678.3
1144960 2681.3
1144970 2681.7
1144980 2684.7
1144990 2687.2
1145000 2687.2
1145010 2689.6
1145020 2691.9
1145030 2691.9
1145040 2694.5
1145050 2695.4
1145060 2695.4
1145070 2695.1
1145080 2696.1
1145090 2696.1
1145100 2698.4
1145110 2701.4
1145120 2704.9
1145130 2704.9
1145140 2708.4
1145150 2711.7
1145160 2711.7
1145170 2715.6
1145180 2720.3
1145190 2720.3
1145200 2725.3
1145210 2727.9
1145220 2727.9
1145230 2730.0
1145240 2732.1
1145250 2732.1
1145260 2734.6
1145270 2737.0
1145280 2737.0
1145290 2738.8
1145300 2740.8
1145310 2740.8
1145320 2742.9
1145330 2745.3
1145340 2744.5
1145350 2744.5
1145360 2746.6
1145370 2748.5
1145380 2748.5
1145390 2749.7
1145400 2750.0
1145410 2750.0
1145420 2750.3
1145430 2751.0
1145440 2751.0
1145450 2751.3
1145460 2752.9
1145470 2752.9
1145480 2754.4
1145490 2755.1
1145500 2755.1
1145510 2755.9
1145520 2756.2
1145530 2756.2
1145540 2756.2
1145550 2755.2
1145560 2752.9
1145570 2752.9
1145580 2751.3
1145590 2750.7
1145600 2750.7
1145610 2749.9
1145620 2748.5
1145630 2748.5
1145640 2745.7
1145650 2743.5
1145660 2743.5
1145670 2743.9
1145680 2743.4
1145690 2743.4
1145700 2742.9
1145710 2744.0
1145720 2739.7
1145730 2739.7
1145740 2738.7
1145750 2738.1
1145760 2738.1
1145770 2738.7
1145780 2740.1
1145790 2740.1
1145800 2741.3
1145810 2742.2
1145820 2742.2
1145830 2743.0
1145840 2744.1
1145850 2744.1
1145860 2745.9
1145870 2747.9
1145880 2747.9
1145890 2749.8
1145900 2752.0
1145910 2754.0
1145920 2754.0
1145930 2757.4
1145940 2761.8
1145950 2761.8
1145960 2765.3
1145970 2768.3
1145980 2768.3
1145990 2771.0
1146000 2773.2
1146010 2773.2
1146020 2774.8
1146030 2776.6
1146040 2776.6
1146050 2779.4
1146060 2782.9
1146070 2782.9
1146080 2787.9
1146090 2795.6
1146100 2795.6
1146110 2800.1
1146120 2804.0
1146130 2807.8
1146140 2807.8
1146150 2808.9
1146160 2808.9
1146170 2808.9
1146180 2810.9
1146190 2814.9
1146200 2814.9
1146210 2821.7
1146220 2828.5
1146230 2828.5
1146240 2835.0
1146250 2841.5
1146260 2841.5
1146270 2848.4
1146280 2855.9
1146290 2855.9
1146300 2863.7
1146310 2870.9
1146320 2876.1
1146330 2876.1
1146340 2874.7
1146350 2867.4
1146360 2867.4
1146370 2860.4
1146380 2852.9
1146390 2852.9
1146400 2843.6
1146410 2835.1
1146420 2835.1
1146430 2830.2
1146440 2820.2
1146450 2820.2
1146460 2806.9
1146470 2799.9
1146480 2799.9
1146490 2795.9
1146500 2791.5
1146510 2785.1
1146520 2785.1
1146530 2778.1
1146540 2771.2
1146550 2771.2
1146560 2763.4
1146570 2755.3
1146580 2755.3
1146590 2747.4
1146600 2740.9
1146610 2740.9
1146620 2735.2
1146630 2729.0
1146640 2729.0
1146650 2723.1
1146660 2717.7
1146670 2717.7
1146680 2712.4
1146690 2707.0
1146700 2701.4
1146710 2701.4
1146720 2696.2
1146730 2691.1
1146740 2691.1
1146750 2685.9
1146760 2680.3
1146770 2680.3
1146780 2675.1
1146790 2670.0
1146800 2670.0
1146810 2665.1
1146820 2660.9
1146830 2660.9
1146840 2652.8
1146850 2649.4
1146860 2649.4
1146870 2645.6
1146880 2642.0
1146890 2642.0
1146900 2638.4
1146910 2633.8
1146920 2628.5
1146930 2628.5
1146940 2624.4
1146950 2620.6
1146960 2620.6
1146970 2616.1
1146980 2611.2
1146990 2611.2
1147000 2605.3
1147010 2600.6
1147020 2600.6
1147030 2594.7
1147040 2584.5
1147050 2584.5
1147060 2574.0
1147070 2568.4
1147080 2568.4
1147090 2567.1
1147100 2568.2
1147110 2570.6
1147120 2570.6
1147130 2571.7
1147140 2572.1
1147150 2572.1
1147160 2574.2
1147170 2577.9
1147180 2577.9
1147190 2580.3
1147200 2582.0
1147210 2575.0
1147220 2576.2
1147230 2576.6
1147240 2576.6
1147250 2575.0
1147260 2577.3
1147270 2577.3
1147280 2583.3
1147290 2589.8
1147300 2595.7
1147310 2595.7
1147320 2600.1
1147330 2604.6
1147340 2604.6
1147350 2609.0
1147360 2613.5
1147370 2613.5
1147380 2618.0
1147390 2623.1
1147400 2623.1
1147410 2628.8
1147420 2634.4
1147430 2634.4
1147440 2639.8
1147450 2645.1
1147460 2645.1
1147470 2650.2
1147480 2655.4
1147490 2660.4
1147500 2660.4
1147510 2665.2
1147520 2669.5
1147530 2669.5
1147540 2673.0
1147550 2673.7
1147560 2673.7
1147570 2672.2
1147580 2670.8
1147590 2665.0
1147600 2659.9
1147610 2650.7
1147620 2650.7
1147630 2649.8
1147640 2651.1
1147650 2651.1
1147660 2655.1
1147670 2661.1
1147680 2661.1
1147690 2660.1
1147700 2656.8
1147710 2657.6
1147720 2657.6
1147730 2656.5
1147740 2656.6
1147750 2656.6
1147760 2657.7
1147770 2659.4
1147780 2659.4
1147790 2665.0
1147800 2672.6
1147810 2672.6
1147820 2680.3
1147830 2687.7
1147840 2687.7
1147850 2694.3
1147860 2698.4
1147870 2698.4
1147880 2702.1
1147890 2705.7
1147900 2710.7
1147910 2710.7
1147920 2716.6
1147930 2723.5
1147940 2723.5
1147950 2730.5
1147960 2736.0
1147970 2736.0
1147980 2743.4
1147990 2750.8
1148000 2750.8
1148010 2758.2
1148020 2765.8
1148030 2765.8
1148040 2773.5
1148050 2781.3
1148060 2781.3
1148070 2788.8
1148080 2796.7
1148090 2804.6
1148100 2804.6
1148110 2812.5
1148120 2820.2
1148130 2820.2
1148140 2827.8
1148150 2835.4
1148160 2835.4
1148170 2843.1
1148180 2851.0
1148190 2851.0
1148200 2859.0
1148210 2866.8
1148220 2866.8
1148230 2874.6
1148240 2881.8
1148250 2881.8
1148260 2888.7
1148270 2895.8
1148280 2895.8
1148290 2902.6
1148300 2908.9
1148310 2915.3
1148320 2915.3
1148330 2920.0
1148340 2912.3
1148350 2912.3
1148360 2906.7
1148370 2898.9
1148380 2898.9
1148390 2892.0
1148400 2885.3
1148410 2885.3
1148420 2879.7
1148430 2876.1
1148440 2876.1
1148450 2873.2
1148460 2867.6
1148470 2867.6
1148480 2853.7
1148490 2841.3
1148500 2844.0
1148510 2844.0
1148520 2843.5
1148530 2841.0
1148540 2841.0
1148550 2835.4
1148560 2838.7
1148570 2838.7
1148580 2844.5
1148590 2848.0
1148600 2848.0
1148610 2850.1
1148620 2854.5
1148630 2854.5
1148640 2860.5
1148650 2869.0
1148660 2869.0
1148670 2879.6
1148680 2891.2
1148690 2893.2
1148700 2893.2
1148710 2892.2
