1140000 2926.8
1140010 2926.8
1140020 2924.6
1140030 2926.6
1140040 2926.6
1140050 2922.4
1140060 2913.3
1140070 2913.3
1140080 2905.1
1140090 2897.4
1140100 2888.5
1140110 2888.5
1140120 2877.3
1140130 2867.9
1140140 2867.9
1140150 2859.0
1140160 2852.7
1140170 2852.7
1140180 2842.4
1140190 2832.5
1140200 2832.5
1140210 2822.7
1140220 2813.0
1140230 2813.0
1140240 2804.8
1140250 2797.2
1140260 2797.2
1140270 2790.0
1140280 2782.6
1140290 2775.2
1140300 2775.2
1140310 2767.9
1140320 2760.8
1140330 2760.8
1140340 2753.5
1140350 2745.9
1140360 2745.9
1140370 2737.9
1140380 2730.7
1140390 2730.7
1140400 2723.7
1140410 2716.7
1140420 2716.7
1140430 2709.8
1140440 2703.1
1140450 2703.1
1140460 2696.4
1140470 2689.8
1140480 2689.8
1140490 2683.2
1140500 2676.7
1140510 2670.4
1140520 2670.4
1140530 2664.1
1140540 2657.9
1140550 2657.9
1140560 2651.8
1140570 2645.7
1140580 2645.7
1140590 2639.7
1140600 2633.8
1140610 2633.8
1140620 2627.9
1140630 2622.1
1140640 2622.1
1140650 2616.6
1140660 2611.1
1140670 2611.1
1140680 2605.6
1140690 2600.2
1140700 2594.8
1140710 2594.8
1140720 2589.5
1140730 2583.9
1140740 2583.9
1140750 2578.7
1140760 2573.6
1140770 2573.6
1140780 2568.6
1140790 2563.6
1140800 2563.6
1140810 2558.7
1140820 2553.6
1140830 2553.6
1140840 2547.8
1140850 2542.3
1140860 2542.3
1140870 2537.3
1140880 2531.8
1140890 2526.9
1140900 2526.9
1140910 2522.0
1140920 2517.0
1140930 2517.0
1140940 2511.8
1140950 2506.1
1140960 2506.1
1140970 2500.9
1140980 2496.0
1140990 2496.0
1141000 2491.5
1141010 2486.7
1141020 2486.7
1141030 2481.0
1141040 2475.9
1141050 2475.9
1141060 2471.9
1141070 2467.0
1141080 2467.0
1141090 2462.1
1141100 2463.2
1141110 2461.4
1141120 2461.4
1141130 2459.8
1141140 2458.2
1141150 2458.2
1141160 2456.6
1141170 2456.4
1141180 2456.4
1141190 2456.2
1141200 2453.8
1141210 2453.8
1141220 2449.2
1141230 2444.2
1141240 2444.2
1141250 2440.2
1141260 2437.1
1141270 2437.1
1141280 2434.1
1141290 2429.4
1141300 2423.8
1141310 2423.8
1141320 2417.5
1141330 2411.1
1141340 2411.1
1141350 2404.8
1141360 2398.1
1141370 2398.1
1141380 2391.9
1141390 2386.1
1141400 2386.1
1141410 2380.1
1141420 2373.9
1141430 2373.9
1141440 2368.4
1141450 2363.3
1141460 2363.3
1141470 2357.3
1141480 2352.7
1141490 2348.1
1141500 2348.1
1141510 2343.7
1141520 2339.4
1141530 2339.4
1141540 2335.3
1141550 2331.4
1141560 2331.4
1141570 2327.7
1141580 2324.3
1141590 2324.3
1141600 2320.1
1141610 2316.1
1141620 2316.1
1141630 2312.4
1141640 2310.5
1141650 2310.5
1141660 2308.8
1141670 2304.8
1141680 2304.8
1141690 2301.0
1141700 2298.6
1141710 2295.2
1141720 2295.2
1141730 2292.5
1141740 2288.9
1141750 2288.9
1141760 2284.2
1141770 2279.8
1141780 2279.8
1141790 2274.9
1141800 2269.6
1141810 2269.6
1141820 2265.3
1141830 2259.7
1141840 2257.9
1141850 2251.6
1141860 2246.8
1141870 2246.8
1141880 2241.7
1141890 2236.3
1141900 2229.2
1141910 2229.2
1141920 2221.3
1141930 2213.8
1141940 2213.8
1141950 2206.0
1141960 2198.8
1141970 2198.8
1141980 2192.6
1141990 2186.0
1142000 2186.0
1142010 2181.1
1142020 2178.2
1142030 2178.2
1142040 2176.7
1142050 2174.2
1142060 2174.2
1142070 2170.5
1142080 2165.8
1142090 2161.0
1142100 2161.0
1142110 2156.0
1142120 2150.7
1142130 2150.7
1142140 2145.7
1142150 2142.1
1142160 2142.1
1142170 2139.6
1142180 2137.2
1142190 2137.2
1142200 2135.0
1142210 2131.6
1142220 2131.6
1142230 2129.9
1142240 2128.4
1142250 2128.4
1142260 2127.0
1142270 2125.7
1142280 2124.1
1142290 2124.1
1142300 2122.4
1142310 2121.1
1142320 2121.1
1142330 2120.2
1142340 2119.5
1142350 2119.5
1142360 2118.9
1142370 2118.2
1142380 2118.2
1142390 2117.5
1142400 2117.2
1142410 2117.2
1142420 2116.4
1142430 2115.0
1142440 2115.0
1142450 2114.0
1142460 2113.6
1142470 2113.6
1142480 2113.0
1142490 2113.8
1142500 2116.0
1142510 2116.0
1142520 2116.7
1142530 2117.5
1142540 2117.5
1142550 2117.9
1142560 2118.8
1142570 2118.8
1142580 2120.3
1142590 2120.9
1142600 2120.9
1142610 2121.8
1142620 2123.0
1142630 2123.0
1142640 2124.2
1142650 2125.1
1142660 2125.1
1142670 2126.4
1142680 2128.1
1142690 2129.9
1142700 2129.9
1142710 2131.2
1142720 2132.3
1142730 2132.3
1142740 2133.7
1142750 2135.3
1142760 2135.3
1142770 2137.3
1142780 2139.2
1142790 2139.2
1142800 2140.9
1142810 2142.6
1142820 2142.6
1142830 2144.5
1142840 2146.1
1142850 2146.1
1142860 2147.6
1142870 2149.6
1142880 2151.3
1142890 2151.3
1142900 2152.8
1142910 2154.5
1142920 2154.5
1142930 2156.7
1142940 2158.9
1142950 2160.1
1142960 2160.7
1142970 2162.0
1142980 2162.0
1142990 2164.2
1143000 2163.8
1143010 2163.8
1143020 2164.4
1143030 2169.1
1143040 2169.1
1143050 2174.3
1143060 2179.5
1143070 2179.5
1143080 2185.0
1143090 2190.1
1143100 2195.0
1143110 2195.0
1143120 2201.3
1143130 2207.7
1143140 2207.7
1143150 2213.5
1143160 2218.0
1143170 2218.0
1143180 2221.6
1143190 2225.6
1143200 2225.6
1143210 2228.9
1143220 2231.8
1143230 2231.8
1143240 2235.1
1143250 2239.0
1143260 2239.0
1143270 2243.2
1143280 2247.7
1143290 2251.9
1143300 2251.9
1143310 2255.4
1143320 2257.9
1143330 2257.9
1143340 2259.5
1143350 2261.1
1143360 2261.1
1143370 2263.5
1143380 2266.9
1143390 2266.9
1143400 2269.4
1143410 2271.4
1143420 2271.4
1143430 2273.5
1143440 2276.0
1143450 2276.0
1143460 2280.0
1143470 2285.1
1143480 2288.6
1143490 2288.6
1143500 2290.7
1143510 2292.3
1143520 2292.3
1143530 2293.9
1143540 2296.1
1143550 2296.1
1143560 2298.6
1143570 2301.4
1143580 2301.4
1143590 2303.4
1143600 2303.9
1143610 2303.9
1143620 2306.1
1143630 2308.4
1143640 2308.4
1143650 2312.2
1143660 2316.0
1143670 2316.0
1143680 2318.9
1143690 2323.9
1143700 2326.4
1143710 2326.4
1143720 2328.9
1143730 2332.9
1143740 2332.9
1143750 2337.6
1143760 2342.9
1143770 2342.9
1143780 2348.3
1143790 2353.5
1143800 2353.5
1143810 2358.8
1143820 2363.2
1143830 2363.2
1143840 2366.5
1143850 2370.1
1143860 2370.1
1143870 2373.7
1143880 2377.8
1143890 2382.3
1143900 2382.3
1143910 2386.2
1143920 2389.5
1143930 2389.5
1143940 2391.7
1143950 2393.5
1143960 2393.5
1143970 2395.6
1143980 2397.4
1143990 2397.4
1144000 2399.8
1144010 2401.5
1144020 2401.5
1144030 2403.0
1144040 2404.6
1144050 2404.6
1144060 2407.7
1144070 2410.7
1144080 2413.7
1144090 2413.7
1144100 2416.2
1144110 2418.9
1144120 2418.9
1144130 2421.7
1144140 2424.1
1144150 2424.1
1144160 2427.3
1144170 2430.7
1144180 2430.7
1144190 2433.6
1144200 2436.3
1144210 2436.3
1144220 2438.7
1144230 2440.7
1144240 2440.7
1144250 2442.4
1144260 2444.7
1144270 2444.7
1144280 2447.6
1144290 2450.7
1144300 2454.0
1144310 2454.0
1144320 2456.4
1144330 2458.6
1144340 2458.6
1144350 2460.5
1144360 2462.7
1144370 2462.7
1144380 2465.7
1144390 2469.1
1144400 2469.1
1144410 2472.5
1144420 2475.7
1144430 2475.5
1144440 2479.1
1144450 2482.4
1144460 2482.4
1144470 2485.7
1144480 2489.1
1144490 2492.4
1144500 2492.4
1144510 2495.7
1144520 2501.1
1144530 2501.1
1144540 2506.8
1144550 2511.4
1144560 2511.4
1144570 2515.7
1144580 2520.0
1144590 2520.0
1144600 2524.8
1144610 2529.8
1144620 2529.8
1144630 2535.7
1144640 2542.3
1144650 2542.3
1144660 2549.7
1144670 2557.3
1144680 2565.0
1144690 2565.0
1144700 2572.1
1144710 2579.0
1144720 2579.0
1144730 2586.1
1144740 2593.8
1144750 2593.8
1144760 2601.8
1144770 2608.8
1144780 2608.8
1144790 2615.0
1144800 2620.5
1144810 2618.6
1144820 2623.1
1144830 2626.3
1144840 2626.3
1144850 2627.4
1144860 2628.0
1144870 2628.0
1144880 2628.1
1144890 2628.8
1144900 2627.4
1144910 2627.4
1144920 2627.7
1144930 2628.4
1144940 2628.4
1144950 2628.2
1144960 2629.0
1144970 2629.0
1144980 2630.1
1144990 2631.1
1145000 2631.1
1145010 2632.3
1145020 2633.3
1145030 2633.3
1145040 2633.1
1145050 2635.1
1145060 2635.1
1145070 2637.9
1145080 2641.0
1145090 2645.1
1145100 2645.1
1145110 2647.5
1145120 2650.0
1145130 2650.0
1145140 2653.8
1145150 2657.1
1145160 2657.1
1145170 2660.5
1145180 2668.3
1145190 2668.3
1145200 2672.2
1145210 2675.5
1145220 2675.5
1145230 2678.3
1145240 2681.7
1145250 2681.7
1145260 2685.8
1145270 2688.5
1145280 2690.2
1145290 2690.2
1145300 2687.1
1145310 2681.6
1145320 2681.6
1145330 2675.6
1145340 2668.8
1145350 2668.8
1145360 2661.7
1145370 2657.0
1145380 2657.0
1145390 2654.2
1145400 2650.1
1145410 2650.1
1145420 2645.4
1145430 2638.5
1145440 2638.5
1145450 2630.8
1145460 2625.0
1145470 2625.0
1145480 2621.0
1145490 2616.8
1145500 2613.0
1145510 2613.0
1145520 2611.7
1145530 2609.0
1145540 2609.0
1145550 2609.9
1145560 2606.2
1145570 2606.2
1145580 2605.3
1145590 2603.5
1145600 2603.5
1145610 2602.1
1145620 2602.3
1145630 2602.3
1145640 2601.6
1145650 2600.3
1145660 2600.3
1145670 2600.3
1145680 2601.1
1145690 2602.1
1145700 2602.1
1145710 2603.1
1145720 2604.0
1145730 2604.0
1145740 2597.8
1145750 2589.0
1145760 2589.0
1145770 2581.3
1145780 2573.0
1145790 2573.0
1145800 2565.8
1145810 2560.4
1145820 2560.4
1145830 2555.8
1145840 2550.9
1145850 2550.9
1145860 2546.4
1145870 2543.2
1145880 2540.4
1145890 2540.4
1145900 2538.1
1145910 2535.4
1145920 2535.4
1145930 2535.5
1145940 2532.6
1145950 2532.6
1145960 2529.7
1145970 2526.7
1145980 2526.7
1145990 2524.0
1146000 2521.6
1146010 2521.6
1146020 2519.4
1146030 2517.3
1146040 2517.3
1146050 2514.8
1146060 2512.5
1146070 2512.5
1146080 2509.9
1146090 2507.7
1146100 2505.6
1146110 2505.6
1146120 2504.5
1146130 2503.5
1146140 2503.5
1146150 2502.4
1146160 2503.6
1146170 2503.6
1146180 2509.0
1146190 2513.6
1146200 2513.6
1146210 2516.6
1146220 2519.7
1146230 2519.7
1146240 2522.5
1146250 2524.0
1146260 2524.0
1146270 2523.6
1146280 2519.6
1146290 2515.1
1146300 2519.3
1146310 2518.2
1146320 2516.7
1146330 2516.7
1146340 2515.6
1146350 2515.2
1146360 2515.2
1146370 2514.2
1146380 2512.0
1146390 2512.0
1146400 2510.9
1146410 2510.3
1146420 2510.3
1146430 2508.6
1146440 2505.8
1146450 2505.8
1146460 2503.5
1146470 2502.1
1146480 2501.5
1146490 2501.5
1146500 2501.0
1146510 2500.4
1146520 2500.4
1146530 2498.5
1146540 2496.0
1146550 2496.0
1146560 2493.8
1146570 2490.9
1146580 2490.9
1146590 2487.6
1146600 2484.4
1146610 2484.4
1146620 2482.2
1146630 2481.3
1146640 2481.3
1146650 2480.9
1146660 2481.3
1146670 2486.0
1146680 2486.0
1146690 2487.3
1146700 2488.7
1146710 2488.7
1146720 2490.1
1146730 2491.3
1146740 2491.3
1146750 2492.1
1146760 2493.0
1146770 2493.0
1146780 2493.8
1146790 2494.1
1146800 2494.1
1146810 2494.5
1146820 2495.3
1146830 2495.3
1146840 2495.9
1146850 2497.0
1146860 2497.0
1146870 2498.9
1146880 2501.3
1146890 2503.5
1146900 2503.5
1146910 2505.7
1146920 2508.6
1146930 2508.6
1146940 2511.1
1146950 2512.4
1146960 2512.4
1146970 2514.2
1146980 2515.3
1146990 2515.3
1147000 2517.1
1147010 2518.7
1147020 2518.7
1147030 2520.5
1147040 2522.6
1147050 2527.5
1147060 2529.5
1147070 2531.5
1147080 2534.8
1147090 2534.8
1147100 2537.8
1147110 2540.5
1147120 2540.5
1147130 2543.0
1147140 2544.9
1147150 2544.9
1147160 2546.5
1147170 2547.7
1147180 2547.7
1147190 2548.6
1147200 2549.9
1147210 2549.9
1147220 2551.9
1147230 2554.9
1147240 2554.9
1147250 2559.6
1147260 2564.5
1147270 2568.9
1147280 2568.9
1147290 2573.3
1147300 2577.5
1147310 2577.5
1147320 2581.5
1147330 2585.7
1147340 2585.7
1147350 2590.0
1147360 2593.5
1147370 2593.5
1147380 2597.9
1147390 2603.3
1147400 2603.3
1147410 2608.1
1147420 2618.3
1147430 2618.3
1147440 2622.6
1147450 2626.3
1147460 2626.3
1147470 2628.7
1147480 2629.4
1147490 2630.4
1147500 2630.4
1147510 2630.5
1147520 2630.5
1147530 2630.5
1147540 2631.4
1147550 2634.6
1147560 2634.6
1147570 2638.2
1147580 2641.5
1147590 2641.5
1147600 2644.0
1147610 2645.7
1147620 2645.7
1147630 2645.7
1147640 2646.4
1147650 2646.4
1147660 2649.6
1147670 2654.0
1147680 2657.8
1147690 2657.8
1147700 2661.5
1147710 2664.3
1147720 2664.3
1147730 2663.8
1147740 2662.3
1147750 2662.3
1147760 2661.6
1147770 2662.4
1147780 2662.4
1147790 2662.8
1147800 2665.8
1147810 2665.8
1147820 2665.4
1147830 2664.8
1147840 2664.8
1147850 2665.3
1147860 2665.0
1147870 2664.1
1147880 2664.1
1147890 2663.0
1147900 2664.1
1147910 2664.1
1147920 2667.3
1147930 2671.5
1147940 2671.5
1147950 2676.9
1147960 2682.7
1147970 2682.7
1147980 2687.7
1147990 2692.8
1148000 2692.8
1148010 2698.7
1148020 2715.6
1148030 2715.6
1148040 2734.0
1148050 2744.1
1148060 2744.1
1148070 2755.1
1148080 2768.8
1148090 2782.0
1148100 2782.0
1148110 2791.0
1148120 2799.4
1148130 2799.4
1148140 2808.7
1148150 2817.2
1148160 2817.2
1148170 2825.9
1148180 2833.9
1148190 2833.9
1148200 2841.1
1148210 2847.7
1148220 2847.7
1148230 2853.7
1148240 2859.4
1148250 2859.4
1148260 2864.3
1148270 2868.9
1148280 2873.8
1148290 2873.8
1148300 2878.5
1148310 2883.1
1148320 2883.1
1148330 2887.8
1148340 2893.4
1148350 2893.4
1148360 2899.0
1148370 2904.1
1148380 2904.1
1148390 2909.1
1148400 2914.2
1148410 2914.2
1148420 2920.1
1148430 2926.1
1148440 2926.1
1148450 2932.1
1148460 2937.6
1148470 2943.2
1148480 2943.2
1148490 2949.1
1148500 2954.9
1148510 2954.9
1148520 2954.6
1148530 2929.0
1148540 2929.0
1148550 2914.8
1148560 2892.8
1148570 2892.8
1148580 2865.0
1148590 2847.1
1148600 2847.1
1148610 2835.7
1148620 2825.3
1148630 2825.3
1148640 2813.3
1148650 2805.3
1148660 2805.3
1148670 2781.0
1148680 2747.3
1148690 2726.2
1148700 2726.2
1148710 2717.2
1148720 2709.9
1148730 2709.9
1148740 2702.1
1148750 2694.9
1148760 2694.9
1148770 2685.2
1148780 2675.6
1148790 2675.6
1148800 2670.1
1148810 2666.0
1148820 2666.0
1148830 2661.7
1148840 2658.6
1148850 2658.6
1148860 2657.0
1148870 2652.3
1148880 2647.0
1148890 2647.0
1148900 2643.4
1148910 2641.4
1148920 2641.4
1148930 2643.4
1148940 2640.0
1148950 2640.0
1148960 2637.9
1148970 2635.3
1148980 2635.3
1148990 2633.6
1149000 2633.7
1149010 2633.7
1149020 2634.1
1149030 2634.7
1149040 2634.7
1149050 2636.3
1149060 2637.8
1149070 2637.6
1149080 2637.6
1149090 2635.2
1149100 2630.8
1149110 2630.8
1149120 2626.5
1149130 2623.6
1149140 2623.6
1149150 2622.3
1149160 2623.8
1149170 2623.8
1149180 2627.9
1149190 2631.7
1149200 2631.7
1149210 2634.2
1149220 2636.6
1149230 2636.6
