1140000 2811.6
1140010 2811.6
1140020 2817.5
1140030 2822.8
1140040 2825.2
1140050 2825.2
1140060 2826.3
1140070 2826.0
1140080 2826.0
1140090 2822.8
1140100 2818.7
1140110 2818.7
1140120 2812.0
1140130 2808.0
1140140 2808.0
1140150 2807.4
1140160 2802.4
1140170 2802.4
1140180 2794.6
1140190 2786.2
1140200 2786.2
1140210 2778.5
1140220 2770.4
1140230 2770.4
1140240 2761.0
1140250 2754.3
1140260 2750.1
1140270 2750.1
1140280 2749.3
1140290 2749.8
1140300 2749.8
1140310 2734.1
1140320 2730.6
1140330 2730.6
1140340 2728.5
1140350 2726.5
1140360 2726.5
1140370 2723.5
1140380 2718.5
1140390 2718.5
1140400 2711.8
1140410 2703.8
1140420 2703.8
1140430 2695.9
1140440 2688.3
1140450 2681.2
1140460 2681.2
1140470 2674.6
1140480 2668.8
1140490 2668.8
1140500 2663.9
1140510 2659.4
1140520 2659.4
1140530 2655.6
1140540 2652.7
1140550 2652.7
1140560 2650.9
1140570 2649.8
1140580 2649.8
1140590 2648.2
1140600 2645.3
1140610 2645.3
1140620 2640.8
1140630 2635.9
1140640 2630.5
1140650 2630.5
1140660 2624.7
1140670 2612.3
1140680 2612.3
1140690 2603.0
1140700 2593.5
1140710 2593.5
1140720 2586.6
1140730 2581.3
1140740 2581.3
1140750 2574.0
1140760 2566.6
1140770 2566.6
1140780 2559.0
1140790 2552.0
1140800 2552.0
1140810 2545.3
1140820 2539.9
1140830 2539.9
1140840 2535.1
1140850 2529.1
1140860 2523.4
1140870 2523.4
1140880 2518.9
1140890 2514.6
1140900 2514.6
1140910 2511.0
1140920 2507.3
1140930 2507.3
1140940 2501.2
1140950 2493.9
1140960 2493.9
1140970 2487.6
1140980 2482.7
1140990 2482.7
1141000 2478.3
1141010 2473.1
1141020 2473.1
1141030 2468.0
1141040 2458.9
1141050 2453.9
1141060 2453.9
1141070 2449.3
1141080 2444.5
1141090 2444.5
1141100 2439.5
1141110 2434.4
1141120 2434.4
1141130 2429.2
1141140 2423.7
1141150 2423.7
1141160 2418.4
1141170 2414.4
1141180 2414.4
1141190 2411.0
1141200 2406.2
1141210 2406.2
1141220 2401.0
1141230 2396.9
1141240 2392.5
1141250 2392.5
1141260 2388.3
1141270 2383.9
1141280 2383.9
1141290 2380.9
1141300 2377.9
1141310 2377.9
1141320 2374.0
1141330 2369.4
1141340 2369.4
1141350 2366.1
1141360 2362.3
1141370 2362.3
1141380 2357.4
1141390 2352.3
1141400 2352.3
1141410 2343.5
1141420 2339.2
1141430 2339.2
1141440 2336.1
1141450 2332.6
1141460 2329.2
1141470 2329.2
1141480 2324.5
1141490 2319.4
1141500 2319.4
1141510 2313.7
1141520 2308.2
1141530 2308.2
1141540 2303.3
1141550 2298.7
1141560 2298.7
1141570 2293.8
1141580 2288.6
1141590 2288.6
1141600 2284.1
1141610 2279.2
1141620 2279.2
1141630 2275.1
1141640 2272.9
1141650 2272.1
1141660 2272.1
1141670 2271.2
1141680 2269.3
1141690 2269.3
1141700 2266.5
1141710 2262.7
1141720 2262.7
1141730 2256.6
1141740 2251.3
1141750 2251.3
1141760 2246.7
1141770 2241.7
1141780 2240.9
1141790 2235.7
1141800 2229.9
1141810 2229.9
1141820 2222.9
1141830 2216.2
1141840 2210.8
1141850 2210.8
1141860 2205.2
1141870 2199.3
1141880 2199.3
1141890 2194.2
1141900 2189.7
1141910 2189.7
1141920 2185.4
1141930 2181.3
1141940 2181.3
1141950 2178.0
1141960 2174.7
1141970 2174.7
1141980 2171.1
1141990 2167.3
1142000 2167.3
1142010 2163.3
1142020 2159.5
1142030 2159.5
1142040 2156.4
1142050 2153.8
1142060 2151.3
1142070 2151.3
1142080 2148.8
1142090 2146.9
1142100 2146.9
1142110 2145.7
1142120 2144.4
1142130 2144.4
1142140 2143.2
1142150 2143.3
1142160 2143.3
1142170 2141.9
1142180 2140.6
1142190 2140.6
1142200 2139.4
1142210 2138.6
1142220 2138.6
1142230 2137.7
1142240 2136.4
1142250 2135.2
1142260 2135.2
1142270 2134.4
1142280 2133.6
1142290 2133.6
1142300 2132.4
1142310 2131.4
1142320 2131.4
1142330 2130.5
1142340 2129.7
1142350 2129.7
1142360 2128.8
1142370 2127.8
1142380 2127.8
1142390 2126.4
1142400 2124.9
1142410 2124.9
1142420 2123.8
1142430 2123.2
1142440 2121.6
1142450 2121.6
1142460 2120.2
1142470 2119.9
1142480 2119.9
1142490 2119.8
1142500 2120.0
1142510 2120.0
1142520 2120.2
1142530 2120.3
1142540 2120.3
1142550 2120.3
1142560 2121.2
1142570 2121.2
1142580 2124.4
1142590 2128.7
1142600 2128.7
1142610 2132.0
1142620 2134.7
1142630 2137.7
1142640 2137.7
1142650 2140.9
1142660 2143.8
1142670 2143.8
1142680 2146.6
1142690 2150.6
1142700 2150.6
1142710 2154.4
1142720 2157.7
1142730 2157.7
1142740 2161.3
1142750 2164.4
1142760 2164.4
1142770 2164.9
1142780 2166.4
1142790 2166.4
1142800 2170.4
1142810 2174.4
1142820 2174.4
1142830 2178.6
1142840 2183.7
1142850 2188.9
1142860 2188.9
1142870 2193.6
1142880 2196.3
1142890 2197.7
1142900 2200.2
1142910 2202.1
1142920 2202.1
1142930 2205.1
1142940 2208.3
1142950 2208.3
1142960 2211.5
1142970 2214.7
1142980 2214.7
1142990 2217.5
1143000 2220.0
1143010 2220.0
1143020 2222.7
1143030 2225.2
1143040 2227.8
1143050 2227.8
1143060 2233.0
1143070 2237.1
1143080 2237.1
1143090 2240.2
1143100 2244.5
1143110 2244.5
1143120 2249.5
1143130 2255.4
1143140 2255.4
1143150 2260.6
1143160 2264.7
1143170 2264.7
1143180 2268.6
1143190 2273.4
1143200 2273.4
1143210 2275.8
1143220 2273.3
1143230 2270.0
1143240 2270.0
1143250 2267.8
1143260 2273.6
1143270 2273.6
1143280 2272.7
1143290 2272.1
1143300 2272.1
1143310 2272.2
1143320 2273.1
1143330 2273.1
1143340 2274.4
1143350 2274.7
1143360 2274.7
1143370 2274.3
1143380 2274.6
1143390 2274.6
1143400 2273.6
1143410 2275.1
1143420 2275.1
1143430 2276.7
1143440 2278.1
1143450 2279.7
1143460 2279.7
1143470 2281.7
1143480 2283.7
1143490 2283.7
1143500 2284.4
1143510 2285.1
1143520 2285.1
1143530 2286.8
1143540 2288.2
1143550 2288.2
1143560 2291.0
1143570 2294.9
1143580 2294.9
1143590 2298.4
1143600 2302.7
1143610 2302.7
1143620 2308.5
1143630 2308.2
1143640 2311.3
1143650 2311.3
1143660 2314.5
1143670 2316.7
1143680 2316.7
1143690 2319.6
1143700 2324.3
1143710 2324.3
1143720 2328.9
1143730 2332.7
1143740 2332.7
1143750 2335.8
1143760 2338.7
1143770 2338.7
1143780 2342.9
1143790 2348.9
1143800 2348.9
1143810 2355.0
1143820 2361.3
1143830 2366.6
1143840 2366.6
1143850 2370.8
1143860 2373.9
1143870 2373.9
1143880 2376.4
1143890 2377.4
1143900 2377.4
1143910 2375.7
1143920 2374.4
1143930 2374.4
1143940 2377.1
1143950 2382.9
1143960 2382.9
1143970 2390.5
1143980 2398.5
1143990 2398.5
1144000 2401.4
1144010 2407.6
1144020 2407.6
1144030 2412.8
1144040 2417.1
1144050 2420.0
1144060 2420.0
1144070 2422.4
1144080 2424.6
1144090 2424.6
1144100 2427.2
1144110 2429.8
1144120 2429.8
1144130 2432.8
1144140 2435.0
1144150 2435.0
1144160 2437.2
1144170 2439.0
1144180 2439.0
1144190 2439.9
1144200 2440.8
1144210 2440.8
1144220 2442.5
1144230 2445.6
1144240 2448.3
1144250 2448.3
1144260 2450.9
1144270 2452.9
1144280 2452.9
1144290 2454.6
1144300 2456.2
1144310 2456.2
1144320 2458.0
1144330 2460.6
1144340 2460.6
1144350 2463.3
1144360 2466.1
1144370 2462.4
1144380 2464.7
1144390 2467.4
1144400 2467.4
1144410 2469.5
1144420 2472.5
1144430 2477.1
1144440 2477.1
1144450 2481.8
1144460 2486.5
1144470 2486.5
1144480 2490.4
1144490 2493.4
1144500 2493.4
1144510 2496.0
1144520 2500.1
1144530 2500.1
1144540 2505.8
1144550 2509.8
1144560 2509.8
1144570 2512.7
1144580 2514.0
1144590 2514.0
1144600 2516.5
1144610 2519.1
1144620 2519.1
1144630 2521.1
1144640 2523.6
1144650 2526.3
1144660 2526.3
1144670 2529.2
1144680 2532.5
1144690 2532.5
1144700 2535.6
1144710 2538.8
1144720 2538.8
1144730 2542.4
1144740 2544.6
1144750 2540.3
1144760 2543.3
1144770 2547.7
1144780 2547.7
1144790 2552.8
1144800 2556.6
1144810 2556.6
1144820 2559.7
1144830 2562.2
1144840 2565.4
1144850 2565.4
1144860 2568.5
1144870 2572.0
1144880 2572.0
1144890 2575.5
1144900 2577.8
1144910 2577.8
1144920 2579.3
1144930 2581.0
1144940 2581.0
1144950 2583.6
1144960 2586.3
1144970 2586.3
1144980 2588.2
1144990 2590.8
1145000 2590.8
1145010 2594.5
1145020 2599.1
1145030 2603.2
1145040 2603.2
1145050 2607.0
1145060 2611.3
1145070 2611.3
1145080 2616.3
1145090 2620.6
1145100 2620.6
1145110 2624.0
1145120 2626.2
1145130 2626.2
1145140 2629.1
1145150 2632.7
1145160 2632.7
1145170 2637.6
1145180 2642.9
1145190 2642.9
1145200 2646.1
1145210 2648.5
1145220 2652.0
1145230 2652.0
1145240 2655.8
1145250 2659.5
1145260 2659.5
1145270 2663.0
1145280 2666.8
1145290 2666.8
1145300 2670.3
1145310 2674.3
1145320 2674.3
1145330 2678.6
1145340 2682.1
1145350 2682.1
1145360 2684.8
1145370 2688.0
1145380 2688.0
1145390 2690.6
1145400 2692.6
1145410 2692.6
1145420 2695.8
1145430 2697.9
1145440 2700.0
1145450 2700.0
1145460 2702.8
1145470 2705.8
1145480 2705.8
1145490 2707.2
1145500 2709.6
1145510 2709.6
1145520 2712.7
1145530 2717.0
1145540 2717.0
1145550 2722.4
1145560 2729.2
1145570 2729.2
1145580 2734.9
1145590 2734.0
1145600 2734.0
1145610 2729.3
1145620 2724.6
1145630 2719.8
1145640 2719.8
1145650 2716.0
1145660 2711.6
1145670 2711.6
1145680 2708.3
1145690 2707.7
1145700 2707.7
1145710 2705.8
1145720 2698.7
1145730 2698.7
1145740 2691.6
1145750 2686.1
1145760 2686.1
1145770 2680.7
1145780 2673.9
1145790 2673.9
1145800 2667.9
1145810 2662.4
1145820 2657.4
1145830 2657.4
1145840 2653.1
1145850 2649.8
1145860 2653.3
1145870 2648.9
1145880 2643.4
1145890 2643.4
1145900 2639.1
1145910 2634.2
1145920 2634.2
1145930 2629.5
1145940 2625.6
1145950 2625.6
1145960 2621.5
1145970 2615.9
1145980 2615.9
1145990 2609.0
1146000 2601.7
1146010 2601.7
1146020 2595.9
1146030 2592.4
1146040 2588.4
1146050 2588.4
1146060 2583.3
1146070 2579.8
1146080 2579.8
1146090 2577.2
1146100 2574.7
1146110 2574.7
1146120 2571.8
1146130 2568.0
1146140 2568.0
1146150 2564.7
1146160 2562.2
1146170 2562.2
1146180 2559.8
1146190 2557.1
1146200 2557.1
1146210 2554.2
1146220 2551.8
1146230 2550.8
1146240 2552.8
1146250 2552.0
1146260 2551.5
1146270 2551.5
1146280 2551.3
1146290 2550.6
1146300 2550.6
1146310 2549.7
1146320 2549.1
1146330 2549.1
1146340 2548.7
1146350 2548.2
1146360 2548.2
1146370 2549.5
1146380 2551.6
1146390 2551.6
1146400 2553.8
1146410 2554.5
1146420 2554.3
1146430 2554.3
1146440 2554.2
1146450 2554.9
1146460 2554.9
1146470 2556.8
1146480 2559.2
1146490 2559.2
1146500 2560.9
1146510 2562.2
1146520 2562.2
1146530 2561.7
1146540 2560.0
1146550 2560.0
1146560 2560.3
1146570 2561.8
1146580 2561.8
1146590 2565.6
1146600 2569.1
1146610 2574.8
1146620 2575.3
1146630 2577.8
1146640 2579.2
1146650 2579.2
1146660 2579.2
1146670 2579.0
1146680 2579.0
1146690 2579.4
1146700 2581.2
1146710 2581.2
1146720 2583.5
1146730 2585.3
1146740 2585.3
1146750 2586.9
1146760 2588.4
1146770 2588.4
1146780 2590.2
1146790 2591.9
1146800 2591.9
1146810 2594.1
1146820 2596.5
1146830 2598.6
1146840 2598.6
1146850 2600.9
1146860 2603.4
1146870 2603.4
1146880 2606.3
1146890 2609.0
1146900 2609.0
1146910 2611.7
1146920 2614.0
1146930 2614.0
1146940 2616.8
1146950 2620.5
1146960 2620.5
1146970 2624.5
1146980 2628.8
1146990 2632.9
1147000 2636.9
1147010 2641.6
1147020 2645.7
1147030 2645.7
1147040 2650.0
1147050 2653.8
1147060 2653.8
1147070 2655.5
1147080 2655.8
1147090 2655.8
1147100 2657.4
1147110 2659.7
1147120 2659.7
1147130 2661.9
1147140 2664.1
1147150 2664.1
1147160 2666.5
1147170 2668.1
1147180 2668.1
1147190 2669.2
1147200 2671.2
1147210 2673.5
1147220 2673.5
1147230 2675.3
1147240 2675.9
1147250 2675.9
1147260 2677.4
1147270 2679.3
1147280 2679.3
1147290 2680.7
1147300 2683.1
1147310 2683.1
1147320 2685.7
1147330 2688.4
1147340 2688.4
1147350 2692.2
1147360 2701.2
1147370 2701.2
1147380 2705.5
1147390 2710.0
1147400 2710.0
1147410 2714.7
1147420 2719.7
1147430 2724.2
1147440 2724.2
1147450 2728.2
1147460 2731.4
1147470 2731.4
1147480 2734.0
1147490 2735.9
1147500 2735.9
1147510 2735.9
1147520 2734.5
1147530 2734.5
1147540 2730.1
1147550 2722.9
1147560 2722.9
1147570 2719.5
1147580 2717.4
1147590 2717.4
1147600 2715.5
1147610 2713.2
1147620 2713.0
1147630 2713.0
1147640 2712.5
1147650 2712.4
1147660 2712.4
1147670 2713.3
1147680 2714.0
1147690 2714.0
1147700 2715.0
1147710 2715.9
1147720 2715.9
1147730 2717.3
1147740 2722.0
1147750 2722.0
1147760 2722.2
1147770 2724.0
1147780 2724.0
1147790 2725.7
1147800 2727.3
1147810 2729.2
1147820 2729.2
1147830 2731.1
1147840 2733.0
1147850 2733.0
1147860 2734.7
1147870 2737.0
1147880 2737.0
1147890 2740.0
1147900 2742.9
1147910 2742.9
1147920 2745.4
1147930 2748.4
1147940 2748.4
1147950 2750.8
1147960 2755.6
1147970 2755.6
1147980 2762.9
1147990 2770.0
1148000 2770.0
1148010 2776.5
1148020 2782.2
1148030 2787.1
1148040 2787.1
1148050 2791.5
1148060 2795.7
1148070 2795.7
1148080 2800.0
1148090 2803.7
1148100 2803.7
1148110 2812.2
1148120 2815.9
1148130 2815.9
1148140 2820.5
1148150 2825.0
1148160 2825.0
1148170 2830.3
1148180 2835.6
1148190 2835.6
1148200 2840.6
1148210 2846.6
1148220 2853.8
1148230 2853.8
1148240 2860.6
1148250 2867.3
1148260 2867.3
1148270 2877.8
1148280 2895.4
1148290 2895.4
1148300 2906.9
1148310 2913.9
1148320 2913.9
1148330 2922.1
1148340 2933.7
1148350 2933.7
1148360 2943.2
1148370 2955.4
1148380 2955.4
1148390 2967.8
1148400 2975.8
1148410 2982.9
1148420 2982.9
1148430 2991.2
1148440 3000.9
1148450 3000.9
1148460 3010.1
1148470 3015.5
1148480 3015.5
1148490 2990.5
1148500 2975.1
1148510 2975.1
1148520 2961.8
1148530 2940.9
1148540 2940.9
1148550 2904.5
1148560 2897.1
1148570 2897.1
1148580 2894.2
1148590 2870.2
1148600 2870.2
1148610 2850.5
1148620 2837.5
1148630 2827.3
1148640 2827.3
1148650 2820.3
1148660 2814.6
1148670 2814.6
1148680 2807.9
1148690 2802.0
1148700 2802.0
1148710 2796.5
1148720 2792.0
1148730 2792.0
1148740 2787.6
1148750 2772.5
1148760 2772.5
1148770 2754.1
1148780 2742.4
1148790 2742.4
1148800 2733.1
1148810 2727.8
1148820 2725.9
1148830 2725.9
1148840 2725.7
1148850 2724.4
1148860 2724.4
1148870 2726.2
1148880 2722.7
1148890 2722.7
1148900 2719.2
1148910 2716.1
1148920 2716.1
1148930 2712.5
1148940 2708.8
1148950 2708.8
1148960 2706.2
1148970 2704.7
1148980 2704.7
1148990 2702.9
1149000 2699.5
1149010 2692.9
1149020 2692.9
1149030 2687.3
1149040 2684.5
1149050 2684.5
1149060 2683.3
1149070 2682.3
1149080 2682.3
1149090 2681.4
1149100 2680.6
1149110 2680.6
1149120 2680.6
1149130 2681.2
1149140 2681.2
1149150 2682.1
1149160 2682.9
1149170 2682.9
1149180 2683.1
1149190 2682.7
1149200 2682.7
