1140000 2957.2
1140010 2946.0
1140020 2945.0
1140030 2938.2
1140040 2929.4
1140050 2929.4
1140060 2923.8
1140070 2918.7
1140080 2918.7
1140090 2910.4
1140100 2902.0
1140110 2902.0
1140120 2893.9
1140130 2883.9
1140140 2883.9
1140150 2876.0
1140160 2866.3
1140170 2866.3
1140180 2855.8
1140190 2852.1
1140200 2852.1
1140210 2845.1
1140220 2836.0
1140230 2836.0
1140240 2820.8
1140250 2807.4
1140260 2795.6
1140270 2795.6
1140280 2787.2
1140290 2781.1
1140300 2781.1
1140310 2773.9
1140320 2763.0
1140330 2763.0
1140340 2753.1
1140350 2745.3
1140360 2745.3
1140370 2738.0
1140380 2731.2
1140390 2731.2
1140400 2723.9
1140410 2716.6
1140420 2716.6
1140430 2709.4
1140440 2702.4
1140450 2695.5
1140460 2695.5
1140470 2688.6
1140480 2681.9
1140490 2681.9
1140500 2675.3
1140510 2668.8
1140520 2668.8
1140530 2662.6
1140540 2656.5
1140550 2656.5
1140560 2650.4
1140570 2644.5
1140580 2644.5
1140590 2638.6
1140600 2632.7
1140610 2632.7
1140620 2626.9
1140630 2621.2
1140640 2615.6
1140650 2615.6
1140660 2610.0
1140670 2604.4
1140680 2604.4
1140690 2599.1
1140700 2593.9
1140710 2593.9
1140720 2588.7
1140730 2583.6
1140740 2583.6
1140750 2578.9
1140760 2574.1
1140770 2574.1
1140780 2569.6
1140790 2565.6
1140800 2565.6
1140810 2561.9
1140820 2559.2
1140830 2559.2
1140840 2556.1
1140850 2550.2
1140860 2543.7
1140870 2543.7
1140880 2537.6
1140890 2531.4
1140900 2531.4
1140910 2525.5
1140920 2519.0
1140930 2519.0
1140940 2512.6
1140950 2506.5
1140960 2506.5
1140970 2500.4
1140980 2494.5
1140990 2494.5
1141000 2488.4
1141010 2482.2
1141020 2482.2
1141030 2476.3
1141040 2471.4
1141050 2467.1
1141060 2467.1
1141070 2463.0
1141080 2459.1
1141090 2459.1
1141100 2455.1
1141110 2451.3
1141120 2452.4
1141130 2450.5
1141140 2448.1
1141150 2448.1
1141160 2445.9
1141170 2445.5
1141180 2445.5
1141190 2445.3
1141200 2444.7
1141210 2444.7
1141220 2443.5
1141230 2441.2
1141240 2438.2
1141250 2438.2
1141260 2435.6
1141270 2433.6
1141280 2433.6
1141290 2432.5
1141300 2429.7
1141310 2429.7
1141320 2423.6
1141330 2416.3
1141340 2416.3
1141350 2409.5
1141360 2402.8
1141370 2402.8
1141380 2396.2
1141390 2389.8
1141400 2389.8
1141410 2383.6
1141420 2377.6
1141430 2377.6
1141440 2371.8
1141450 2366.2
1141460 2360.6
1141470 2360.6
1141480 2355.6
1141490 2350.0
1141500 2350.0
1141510 2345.4
1141520 2341.3
1141530 2341.3
1141540 2337.4
1141550 2334.1
1141560 2334.1
1141570 2330.7
1141580 2326.8
1141590 2326.8
1141600 2322.8
1141610 2318.5
1141620 2318.5
1141630 2314.4
1141640 2310.7
1141650 2308.1
1141660 2308.1
1141670 2305.2
1141680 2301.1
1141690 2301.1
1141700 2298.9
1141710 2296.8
1141720 2296.8
1141730 2292.7
1141740 2288.8
1141750 2288.8
1141760 2283.7
1141770 2278.7
1141780 2278.7
1141790 2274.1
1141800 2270.7
1141810 2270.7
1141820 2267.0
1141830 2262.5
1141840 2256.8
1141850 2256.8
1141860 2251.1
1141870 2244.6
1141880 2244.6
1141890 2237.6
1141900 2231.2
1141910 2231.2
1141920 2224.6
1141930 2216.9
1141940 2216.9
1141950 2208.7
1141960 2201.2
1141970 2201.2
1141980 2196.0
1141990 2192.9
1142000 2192.9
1142010 2189.0
1142020 2185.5
1142030 2185.5
1142040 2183.5
1142050 2180.2
1142060 2175.4
1142070 2175.4
1142080 2169.8
1142090 2164.4
1142100 2164.4
1142110 2159.6
1142120 2155.3
1142130 2155.3
1142140 2150.9
1142150 2147.4
1142160 2147.4
1142170 2144.0
1142180 2140.4
1142190 2140.4
1142200 2136.9
1142210 2132.7
1142220 2132.7
1142230 2130.6
1142240 2128.7
1142250 2127.2
1142260 2127.2
1142270 2125.7
1142280 2124.3
1142290 2124.3
1142300 2123.0
1142310 2121.5
1142320 2121.5
1142330 2120.1
1142340 2119.1
1142350 2119.1
1142360 2118.1
1142370 2117.6
1142380 2117.6
1142390 2116.9
1142400 2116.3
1142410 2116.3
1142420 2115.7
1142430 2115.3
1142440 2114.3
1142450 2114.3
1142460 2113.4
1142470 2112.4
1142480 2112.4
1142490 2112.4
1142500 2112.6
1142510 2112.6
1142520 2113.8
1142530 2115.8
1142540 2115.8
1142550 2117.2
1142560 2118.4
1142570 2118.4
1142580 2119.3
1142590 2120.1
1142600 2120.5
1142610 2121.4
1142620 2122.6
1142630 2122.6
1142640 2123.8
1142650 2125.0
1142660 2126.1
1142670 2126.1
1142680 2127.4
1142690 2128.5
1142700 2128.5
1142710 2130.0
1142720 2131.9
1142730 2131.9
1142740 2133.3
1142750 2135.4
1142760 2135.4
1142770 2137.0
1142780 2138.5
1142790 2138.5
1142800 2139.8
1142810 2140.9
1142820 2140.9
1142830 2142.3
1142840 2143.9
1142850 2145.6
1142860 2145.6
1142870 2147.5
1142880 2149.5
1142890 2149.5
1142900 2151.6
1142910 2153.4
1142920 2153.4
1142930 2154.9
1142940 2155.5
1142950 2155.5
1142960 2155.6
1142970 2159.3
1142980 2159.3
1142990 2159.6
1143000 2159.4
1143010 2159.4
1143020 2162.3
1143030 2168.3
1143040 2174.9
1143050 2174.9
1143060 2181.3
1143070 2187.8
1143080 2187.8
1143090 2193.3
1143100 2198.6
1143110 2198.6
1143120 2204.4
1143130 2210.0
1143140 2210.0
1143150 2216.3
1143160 2221.4
1143170 2221.4
1143180 2225.1
1143190 2227.9
1143200 2227.9
1143210 2231.4
1143220 2234.1
1143230 2235.4
1143240 2235.4
1143250 2238.4
1143260 2242.7
1143270 2242.7
1143280 2246.1
1143290 2248.3
1143300 2248.3
1143310 2249.7
1143320 2251.8
1143330 2251.8
1143340 2256.0
1143350 2259.0
1143360 2259.0
1143370 2262.3
1143380 2263.9
1143390 2263.9
1143400 2265.3
1143410 2267.8
1143420 2267.8
1143430 2270.0
1143440 2272.6
1143450 2275.9
1143460 2275.9
1143470 2280.2
1143480 2283.5
1143490 2283.5
1143500 2286.0
1143510 2288.4
1143520 2288.4
1143530 2290.2
1143540 2291.5
1143550 2291.5
1143560 2292.5
1143570 2294.0
1143580 2294.0
1143590 2295.5
1143600 2298.0
1143610 2298.0
1143620 2301.1
1143630 2305.7
1143640 2309.6
1143650 2309.6
1143660 2313.0
1143670 2316.8
1143680 2316.8
1143690 2320.5
1143700 2323.8
1143710 2324.8
1143720 2328.2
1143730 2332.6
1143740 2332.6
1143750 2337.8
1143760 2342.8
1143770 2342.8
1143780 2348.2
1143790 2353.7
1143800 2353.7
1143810 2358.7
1143820 2363.0
1143830 2366.5
1143840 2366.5
1143850 2370.0
1143860 2373.7
1143870 2373.7
1143880 2377.1
1143890 2380.4
1143900 2380.4
1143910 2383.4
1143920 2387.4
1143930 2387.4
1143940 2389.6
1143950 2391.0
1143960 2391.0
1143970 2392.8
1143980 2395.5
1143990 2395.5
1144000 2397.9
1144010 2399.9
1144020 2399.9
1144030 2402.0
1144040 2404.4
1144050 2407.7
1144060 2407.7
1144070 2410.2
1144080 2412.9
1144090 2412.9
1144100 2415.3
1144110 2417.8
1144120 2417.8
1144130 2419.8
1144140 2422.1
1144150 2422.1
1144160 2425.3
1144170 2428.9
1144180 2428.9
1144190 2432.7
1144200 2435.5
1144210 2435.5
1144220 2437.9
1144230 2440.0
1144240 2441.7
1144250 2441.7
1144260 2444.9
1144270 2447.8
1144280 2447.8
1144290 2450.6
1144300 2453.4
1144310 2453.4
1144320 2456.4
1144330 2458.5
1144340 2458.5
1144350 2460.3
1144360 2462.1
1144370 2462.1
1144380 2464.3
1144390 2467.2
1144400 2467.2
1144410 2470.5
1144420 2474.5
1144430 2478.5
1144440 2478.5
1144450 2482.0
1144460 2486.0
1144470 2486.0
1144480 2490.6
1144490 2495.3
1144500 2495.3
1144510 2499.7
1144520 2504.4
1144530 2504.4
1144540 2508.8
1144550 2513.2
1144560 2513.2
1144570 2517.4
1144580 2521.7
1144590 2521.7
1144600 2526.4
1144610 2531.3
1144620 2531.3
1144630 2536.9
1144640 2543.1
1144650 2550.2
1144660 2550.2
1144670 2557.8
1144680 2564.8
1144690 2564.8
1144700 2572.0
1144710 2579.0
1144720 2579.0
1144730 2585.6
1144740 2592.5
1144750 2592.5
1144760 2599.4
1144770 2606.6
1144780 2606.6
1144790 2614.1
1144800 2619.4
1144810 2619.4
1144820 2621.3
1144830 2619.7
1144840 2617.9
1144850 2617.9
1144860 2616.9
1144870 2615.4
1144880 2615.4
1144890 2615.1
1144900 2613.2
1144910 2613.2
1144920 2613.5
1144930 2616.0
1144940 2616.0
1144950 2616.7
1144960 2617.9
1144970 2617.9
1144980 2618.9
1144990 2619.7
1145000 2619.7
1145010 2620.9
1145020 2622.6
1145030 2624.4
1145040 2624.4
1145050 2626.9
1145060 2629.1
1145070 2629.1
1145080 2631.6
1145090 2634.9
1145100 2634.9
1145110 2638.5
1145120 2641.9
1145130 2641.9
1145140 2645.1
1145150 2649.3
1145160 2649.3
1145170 2654.0
1145180 2657.8
1145190 2657.8
1145200 2664.3
1145210 2667.3
1145220 2667.3
1145230 2670.3
1145240 2673.0
1145250 2675.4
1145260 2675.4
1145270 2678.7
1145280 2680.8
1145290 2680.8
1145300 2679.3
1145310 2674.2
1145320 2674.2
1145330 2666.4
1145340 2660.8
1145350 2660.8
1145360 2654.4
1145370 2647.3
1145380 2647.3
1145390 2640.8
1145400 2636.3
1145410 2636.3
1145420 2633.3
1145430 2630.0
1145440 2625.2
1145450 2625.2
1145460 2620.0
1145470 2614.6
1145480 2614.6
1145490 2608.7
1145500 2603.4
1145510 2603.4
1145520 2600.5
1145530 2598.9
1145540 2598.9
1145550 2596.6
1145560 2593.0
1145570 2596.8
1145580 2594.2
1145590 2593.7
1145600 2593.7
1145610 2592.4
1145620 2592.8
1145630 2593.2
1145640 2593.2
1145650 2592.9
1145660 2593.6
1145670 2593.6
1145680 2595.7
1145690 2598.5
1145700 2598.5
1145710 2602.6
1145720 2603.9
1145730 2603.9
1145740 2596.6
1145750 2582.1
1145760 2582.1
1145770 2572.1
1145780 2564.7
1145790 2564.7
1145800 2558.0
1145810 2552.3
1145820 2552.3
1145830 2547.6
1145840 2543.5
1145850 2540.0
1145860 2540.0
1145870 2535.9
1145880 2531.4
1145890 2531.4
1145900 2528.3
1145910 2526.4
1145920 2526.4
1145930 2524.6
1145940 2525.8
1145950 2525.8
1145960 2523.5
1145970 2521.1
1145980 2521.1
1145990 2518.7
1146000 2516.6
1146010 2516.6
1146020 2515.0
1146030 2513.0
1146040 2510.7
1146050 2510.7
1146060 2507.6
1146070 2505.0
1146080 2505.0
1146090 2502.2
1146100 2499.9
1146110 2499.9
1146120 2498.4
1146130 2498.0
1146140 2498.0
1146150 2498.1
1146160 2499.3
1146170 2499.3
1146180 2504.0
1146190 2507.7
1146200 2507.7
1146210 2510.6
1146220 2512.9
1146230 2514.5
1146240 2514.5
1146250 2515.8
1146260 2515.3
1146270 2515.3
1146280 2511.7
1146290 2507.7
1146300 2507.7
1146310 2505.6
1146320 2508.0
1146330 2508.0
1146340 2506.7
1146350 2505.7
1146360 2505.7
1146370 2505.4
1146380 2505.0
1146390 2505.0
1146400 2504.9
1146410 2504.1
1146420 2504.1
1146430 2502.2
1146440 2500.6
1146450 2499.0
1146460 2499.0
1146470 2497.5
1146480 2496.1
1146490 2496.1
1146500 2494.0
1146510 2492.3
1146520 2492.3
1146530 2491.9
1146540 2490.4
1146550 2490.4
1146560 2487.8
1146570 2485.0
1146580 2485.0
1146590 2482.6
1146600 2480.0
1146610 2480.0
1146620 2476.9
1146630 2475.2
1146640 2474.6
1146650 2474.6
1146660 2474.6
1146670 2476.1
1146680 2476.1
1146690 2480.6
1146700 2482.1
1146710 2482.1
1146720 2483.2
1146730 2484.0
1146740 2484.0
1146750 2484.6
1146760 2484.8
1146770 2484.8
1146780 2484.9
1146790 2485.3
1146800 2485.3
1146810 2485.2
1146820 2485.0
1146830 2485.3
1146840 2485.3
1146850 2486.1
1146860 2487.1
1146870 2487.1
1146880 2489.1
1146890 2491.1
1146900 2491.1
1146910 2493.2
1146920 2495.3
1146930 2495.3
1146940 2496.3
1146950 2498.4
1146960 2498.4
1146970 2502.2
1146980 2504.9
1146990 2504.9
1147000 2506.2
1147010 2508.3
1147020 2511.8
1147030 2511.8
1147040 2514.7
1147050 2517.6
1147060 2521.1
1147070 2524.2
1147080 2527.1
1147090 2527.1
1147100 2529.8
1147110 2532.0
1147120 2532.0
1147130 2533.8
1147140 2535.5
1147150 2535.5
1147160 2536.7
1147170 2537.3
1147180 2537.3
1147190 2538.6
1147200 2540.6
1147210 2540.6
1147220 2543.3
1147230 2548.2
1147240 2553.8
1147250 2553.8
1147260 2556.7
1147270 2560.5
1147280 2560.5
1147290 2565.5
1147300 2570.1
1147310 2570.1
1147320 2574.3
1147330 2578.3
1147340 2578.3
1147350 2582.6
1147360 2586.8
1147370 2586.8
1147380 2590.9
1147390 2594.7
1147400 2594.7
1147410 2597.9
1147420 2601.8
1147430 2607.4
1147440 2612.3
1147450 2617.3
1147460 2620.2
1147470 2620.2
1147480 2622.4
1147490 2624.5
1147500 2624.5
1147510 2625.5
1147520 2626.3
1147530 2626.3
1147540 2627.0
1147550 2627.4
1147560 2627.4
1147570 2628.8
1147580 2631.4
1147590 2631.4
1147600 2633.7
1147610 2635.0
1147620 2634.5
1147630 2634.5
1147640 2635.2
1147650 2639.6
1147660 2639.6
1147670 2643.7
1147680 2646.5
1147690 2646.5
1147700 2650.0
1147710 2654.0
1147720 2654.0
1147730 2655.3
1147740 2655.8
1147750 2655.8
1147760 2655.6
1147770 2654.9
1147780 2654.9
1147790 2654.0
1147800 2653.8
1147810 2659.0
1147820 2658.5
1147830 2658.8
1147840 2659.9
1147850 2659.9
1147860 2659.4
1147870 2658.9
1147880 2658.9
1147890 2659.4
1147900 2661.8
1147910 2661.8
1147920 2663.9
1147930 2668.3
1147940 2668.3
1147950 2674.7
1147960 2681.0
1147970 2681.0
1147980 2687.8
1147990 2694.0
1148000 2694.0
1148010 2700.6
1148020 2722.3
1148030 2737.3
1148040 2737.3
1148050 2752.1
1148060 2763.3
1148070 2763.3
1148080 2772.6
1148090 2781.6
1148100 2781.6
1148110 2790.1
1148120 2798.1
1148130 2798.1
1148140 2804.2
1148150 2810.0
1148160 2810.0
1148170 2815.3
1148180 2820.0
1148190 2826.3
1148200 2832.0
1148210 2837.4
1148220 2842.4
1148230 2842.4
1148240 2847.2
1148250 2851.6
1148260 2851.6
1148270 2856.0
1148280 2861.5
1148290 2861.5
1148300 2866.3
1148310 2871.0
1148320 2871.0
1148330 2875.8
1148340 2880.7
1148350 2880.7
1148360 2886.0
1148370 2891.5
1148380 2891.5
1148390 2897.0
1148400 2902.6
1148410 2902.6
1148420 2908.3
1148430 2913.9
1148440 2919.9
1148450 2919.9
1148460 2925.4
1148470 2930.3
1148480 2930.3
1148490 2935.8
1148500 2940.2
1148510 2940.2
1148520 2927.7
1148530 2892.6
1148540 2892.6
1148550 2878.8
1148560 2871.4
1148570 2882.7
1148580 2875.0
1148590 2865.9
1148600 2865.9
1148610 2849.8
1148620 2834.9
1148630 2825.6
1148640 2825.6
1148650 2820.4
1148660 2811.9
1148670 2811.9
1148680 2788.8
1148690 2747.5
1148700 2747.5
1148710 2715.3
1148720 2704.0
1148730 2704.0
1148740 2695.8
1148750 2688.7
1148760 2688.7
1148770 2680.8
1148780 2673.5
1148790 2673.5
1148800 2666.9
1148810 2660.9
1148820 2655.0
1148830 2655.0
1148840 2649.4
1148850 2647.0
1148860 2647.0
1148870 2644.9
1148880 2641.1
1148890 2641.1
1148900 2638.8
1148910 2635.6
1148920 2635.6
1148930 2633.7
1148940 2634.4
1148950 2634.4
1148960 2632.4
1148970 2630.7
1148980 2630.7
1148990 2629.0
1149000 2628.6
1149010 2628.6
1149020 2628.6
1149030 2629.9
1149040 2632.7
1149050 2632.7
1149060 2636.4
1149070 2636.8
1149080 2636.8
1149090 2634.1
1149100 2630.4
1149110 2630.4
1149120 2626.0
1149130 2622.7
1149140 2622.7
1149150 2620.5
1149160 2620.3
1149170 2620.3
1149180 2622.7
1149190 2624.7
1149200 2624.7
1149210 2623.5
1149220 2623.1
1149230 2624.8
1149240 2624.8
