1140000 2629.7
1140010 2633.3
1140020 2636.7
1140030 2636.7
1140040 2643.8
1140050 2647.1
1140060 2651.0
1140070 2651.0
1140080 2655.3
1140090 2659.7
1140100 2659.7
1140110 2664.2
1140120 2676.3
1140130 2676.3
1140140 2682.9
1140150 2690.8
1140160 2690.8
1140170 2698.0
1140180 2703.9
1140190 2703.9
1140200 2712.2
1140210 2717.2
1140220 2717.2
1140230 2721.1
1140240 2724.6
1140250 2724.6
1140260 2728.2
1140270 2733.5
1140280 2741.7
1140290 2741.7
1140300 2749.1
1140310 2755.6
1140320 2755.6
1140330 2763.0
1140340 2774.5
1140350 2774.5
1140360 2780.9
1140370 2788.9
1140380 2788.9
1140390 2797.3
1140400 2806.6
1140410 2808.6
1140420 2819.6
1140430 2829.7
1140440 2829.7
1140450 2839.2
1140460 2848.8
1140470 2849.5
1140480 2849.5
1140490 2846.0
1140500 2847.2
1140510 2847.2
1140520 2860.6
1140530 2871.3
1140540 2871.3
1140550 2871.6
1140560 2868.8
1140570 2868.8
1140580 2859.2
1140590 2845.8
1140600 2845.8
1140610 2836.2
1140620 2829.5
1140630 2829.5
1140640 2821.3
1140650 2812.9
1140660 2804.1
1140670 2804.1
1140680 2796.0
1140690 2790.2
1140700 2790.2
1140710 2784.4
1140720 2775.9
1140730 2775.9
1140740 2766.4
1140750 2758.1
1140760 2758.1
1140770 2752.4
1140780 2739.9
1140790 2739.9
1140800 2735.0
1140810 2732.1
1140820 2732.1
1140830 2731.1
1140840 2723.8
1140850 2723.8
1140860 2717.8
1140870 2706.2
1140880 2695.1
1140890 2695.1
1140900 2693.1
1140910 2694.5
1140920 2694.5
1140930 2691.9
1140940 2674.9
1140950 2674.9
1140960 2654.1
1140970 2644.2
1140980 2644.2
1140990 2638.6
1141000 2632.8
1141010 2632.8
1141020 2626.2
1141030 2619.1
1141040 2619.1
1141050 2612.2
1141060 2605.6
1141070 2598.9
1141080 2598.9
1141090 2592.4
1141100 2585.6
1141110 2585.6
1141120 2578.9
1141130 2572.3
1141140 2572.3
1141150 2564.2
1141160 2557.8
1141170 2557.8
1141180 2551.6
1141190 2545.6
1141200 2545.6
1141210 2539.7
1141220 2533.9
1141230 2533.9
1141240 2528.2
1141250 2522.6
1141260 2517.3
1141270 2517.3
1141280 2512.1
1141290 2506.8
1141300 2506.8
1141310 2501.9
1141320 2497.3
1141330 2497.3
1141340 2492.9
1141350 2488.3
1141360 2488.3
1141370 2483.3
1141380 2478.1
1141390 2478.1
1141400 2473.3
1141410 2469.0
1141420 2469.0
1141430 2464.7
1141440 2460.6
1141450 2460.6
1141460 2456.6
1141470 2452.3
1141480 2448.0
1141490 2448.0
1141500 2443.8
1141510 2434.8
1141520 2434.8
1141530 2430.0
1141540 2426.8
1141550 2426.8
1141560 2422.9
1141570 2417.0
1141580 2417.0
1141590 2411.1
1141600 2404.3
1141610 2404.3
1141620 2398.2
1141630 2395.9
1141640 2395.9
1141650 2394.2
1141660 2392.1
1141670 2389.4
1141680 2389.4
1141690 2385.3
1141700 2381.4
1141710 2381.4
1141720 2377.2
1141730 2371.8
1141740 2371.8
1141750 2365.3
1141760 2358.6
1141770 2358.6
1141780 2351.2
1141790 2344.2
1141800 2344.2
1141810 2337.2
1141820 2329.7
1141830 2329.7
1141840 2322.5
1141850 2315.4
1141860 2315.4
1141870 2308.7
1141880 2300.6
1141890 2295.3
1141900 2295.3
1141910 2290.8
1141920 2287.3
1141930 2287.3
1141940 2283.1
1141950 2277.8
1141960 2277.8
1141970 2272.0
1141980 2264.5
1141990 2264.5
1142000 2257.8
1142010 2253.0
1142020 2253.0
1142030 2247.8
1142040 2243.6
1142050 2243.6
1142060 2239.3
1142070 2232.5
1142080 2225.2
1142090 2225.2
1142100 2219.6
1142110 2214.9
1142120 2214.9
1142130 2211.0
1142140 2206.4
1142150 2206.4
1142160 2202.2
1142170 2198.2
1142180 2198.2
1142190 2194.2
1142200 2190.6
1142210 2190.6
1142220 2187.2
1142230 2183.5
1142240 2183.5
1142250 2178.2
1142260 2174.3
1142270 2169.6
1142280 2169.6
1142290 2165.0
1142300 2159.0
1142310 2159.0
1142320 2152.4
1142330 2146.8
1142340 2146.8
1142350 2142.4
1142360 2139.2
1142370 2139.2
1142380 2134.0
1142390 2128.8
1142400 2128.8
1142410 2124.2
1142420 2121.1
1142430 2121.1
1142440 2118.9
1142450 2117.2
1142460 2117.2
1142470 2115.6
1142480 2113.8
1142490 2112.1
1142500 2112.1
1142510 2110.5
1142520 2109.3
1142530 2109.3
1142540 2108.3
1142550 2107.3
1142560 2107.3
1142570 2106.7
1142580 2106.3
1142590 2106.3
1142600 2106.3
1142610 2106.4
1142620 2107.1
1142630 2107.4
1142640 2106.9
1142650 2106.9
1142660 2105.3
1142670 2103.8
1142680 2102.4
1142690 2102.4
1142700 2101.1
1142710 2100.1
1142720 2100.1
1142730 2098.4
1142740 2096.4
1142750 2096.4
1142760 2095.0
1142770 2093.2
1142780 2093.2
1142790 2091.3
1142800 2089.4
1142810 2089.4
1142820 2087.7
1142830 2086.2
1142840 2086.2
1142850 2084.6
1142860 2082.2
1142870 2077.8
1142880 2077.8
1142890 2077.7
1142900 2079.9
1142910 2079.9
1142920 2083.5
1142930 2088.0
1142940 2088.0
1142950 2092.1
1142960 2093.9
1142970 2093.9
1142980 2096.2
1142990 2102.1
1143000 2102.1
1143010 2105.9
1143020 2108.6
1143030 2108.6
1143040 2110.8
1143050 2112.4
1143060 2112.4
1143070 2114.4
1143080 2116.3
1143090 2118.4
1143100 2118.4
1143110 2120.9
1143120 2123.4
1143130 2123.4
1143140 2125.5
1143150 2127.8
1143160 2127.8
1143170 2129.9
1143180 2132.7
1143190 2132.7
1143200 2135.6
1143210 2137.2
1143220 2137.2
1143230 2137.4
1143240 2140.2
1143250 2140.2
1143260 2144.0
1143270 2144.8
1143280 2146.3
1143290 2146.3
1143300 2150.0
1143310 2153.4
1143320 2153.4
1143330 2156.1
1143340 2159.8
1143350 2159.8
1143360 2163.7
1143370 2167.6
1143380 2167.6
1143390 2172.1
1143400 2176.2
1143410 2176.2
1143420 2180.4
1143430 2184.1
1143440 2184.1
1143450 2188.2
1143460 2193.7
1143470 2199.0
1143480 2199.0
1143490 2201.9
1143500 2204.2
1143510 2204.2
1143520 2206.3
1143530 2208.5
1143540 2208.5
1143550 2212.0
1143560 2216.6
1143570 2216.6
1143580 2221.7
1143590 2226.0
1143600 2226.0
1143610 2229.9
1143620 2233.2
1143630 2233.2
1143640 2236.3
1143650 2238.5
1143660 2238.5
1143670 2238.9
1143680 2239.5
1143690 2239.8
1143700 2239.8
1143710 2240.9
1143720 2242.2
1143730 2242.2
1143740 2246.0
1143750 2247.7
1143760 2247.7
1143770 2249.0
1143780 2249.9
1143790 2249.9
1143800 2251.2
1143810 2253.3
1143820 2253.3
1143830 2256.1
1143840 2259.1
1143850 2259.1
1143860 2262.0
1143870 2265.2
1143880 2268.3
1143890 2268.3
1143900 2271.9
1143910 2275.6
1143920 2275.6
1143930 2279.0
1143940 2280.3
1143950 2280.3
1143960 2280.5
1143970 2281.5
1143980 2281.5
1143990 2282.8
1144000 2284.4
1144010 2284.4
1144020 2289.1
1144030 2296.0
1144040 2296.0
1144050 2303.1
1144060 2309.5
1144070 2316.3
1144080 2316.3
1144090 2322.0
1144100 2326.1
1144110 2322.7
1144120 2327.3
1144130 2330.2
1144140 2330.2
1144150 2331.7
1144160 2332.6
1144170 2332.6
1144180 2335.1
1144190 2338.0
1144200 2338.0
1144210 2341.3
1144220 2344.2
1144230 2344.2
1144240 2346.6
1144250 2348.7
1144260 2348.7
1144270 2350.0
1144280 2351.6
1144290 2353.2
1144300 2353.2
1144310 2354.8
1144320 2355.7
1144330 2355.7
1144340 2356.3
1144350 2358.5
1144360 2358.5
1144370 2361.0
1144380 2364.1
1144390 2364.1
1144400 2367.4
1144410 2370.2
1144420 2370.2
1144430 2371.8
1144440 2372.3
1144450 2372.3
1144460 2373.2
1144470 2376.4
1144480 2381.9
1144490 2381.9
1144500 2384.8
1144510 2387.8
1144520 2387.8
1144530 2390.1
1144540 2392.5
1144550 2392.5
1144560 2395.0
1144570 2397.1
1144580 2397.1
1144590 2399.9
1144600 2403.4
1144610 2403.4
1144620 2407.2
1144630 2411.0
1144640 2411.0
1144650 2413.2
1144660 2414.7
1144670 2415.3
1144680 2415.3
1144690 2416.7
1144700 2419.5
1144710 2419.5
1144720 2421.7
1144730 2424.3
1144740 2424.3
1144750 2428.8
1144760 2433.7
1144770 2433.7
1144780 2439.0
1144790 2442.4
1144800 2442.4
1144810 2447.1
1144820 2454.2
1144830 2454.2
1144840 2460.5
1144850 2466.8
1144860 2466.8
1144870 2470.9
1144880 2475.2
1144890 2479.6
1144900 2479.6
1144910 2484.8
1144920 2490.0
1144930 2490.0
1144940 2494.5
1144950 2499.4
1144960 2499.4
1144970 2504.2
1144980 2508.2
1144990 2508.2
1145000 2512.8
1145010 2516.9
1145020 2516.9
1145030 2520.3
1145040 2523.4
1145050 2523.4
1145060 2527.0
1145070 2531.2
1145080 2535.7
1145090 2535.7
1145100 2539.9
1145110 2543.8
1145120 2543.8
1145130 2548.7
1145140 2554.5
1145150 2554.5
1145160 2560.9
1145170 2566.3
1145180 2566.3
1145190 2570.2
1145200 2575.4
1145210 2575.4
1145220 2586.0
1145230 2589.7
1145240 2589.7
1145250 2590.8
1145260 2587.5
1145270 2586.5
1145280 2586.5
1145290 2586.3
1145300 2579.7
1145310 2579.7
1145320 2570.3
1145330 2562.6
1145340 2562.6
1145350 2556.7
1145360 2550.1
1145370 2550.1
1145380 2545.0
1145390 2545.3
1145400 2545.3
1145410 2544.4
1145420 2542.6
1145430 2542.6
1145440 2541.4
1145450 2542.0
1145460 2542.0
1145470 2542.7
1145480 2538.0
1145490 2532.1
1145500 2532.1
1145510 2529.2
1145520 2523.3
1145530 2523.3
1145540 2515.4
1145550 2508.0
1145560 2508.0
1145570 2501.0
1145580 2494.3
1145590 2494.3
1145600 2490.2
1145610 2484.4
1145620 2484.4
1145630 2479.2
1145640 2474.5
1145650 2474.5
1145660 2470.7
1145670 2467.4
1145680 2462.9
1145690 2462.9
1145700 2458.1
1145710 2454.1
1145720 2454.1
1145730 2450.3
1145740 2446.2
1145750 2446.2
1145760 2441.9
1145770 2437.6
1145780 2437.6
1145790 2433.9
1145800 2430.9
1145810 2430.9
1145820 2428.3
1145830 2425.4
1145840 2425.4
1145850 2422.3
1145860 2418.6
1145870 2414.2
1145880 2414.2
1145890 2410.4
1145900 2406.5
1145910 2406.5
1145920 2401.6
1145930 2396.0
1145940 2396.0
1145950 2390.7
1145960 2387.8
1145970 2389.9
1145980 2388.3
1145990 2387.8
1146000 2387.8
1146010 2386.8
1146020 2384.9
1146030 2384.9
1146040 2382.4
1146050 2379.3
1146060 2379.3
1146070 2377.0
1146080 2374.4
1146090 2372.0
1146100 2372.0
1146110 2370.8
1146120 2370.8
1146130 2370.8
1146140 2371.1
1146150 2370.9
1146160 2370.9
1146170 2369.8
1146180 2368.7
1146190 2368.7
1146200 2368.2
1146210 2368.4
1146220 2368.4
1146230 2368.0
1146240 2367.2
1146250 2367.2
1146260 2366.5
1146270 2365.6
1146280 2364.0
1146290 2364.0
1146300 2362.8
1146310 2361.5
1146320 2361.5
1146330 2361.4
1146340 2362.6
1146350 2362.6
1146360 2362.1
1146370 2361.7
1146380 2361.7
1146390 2359.4
1146400 2358.0
1146410 2358.0
1146420 2357.2
1146430 2357.8
1146440 2357.8
1146450 2360.1
1146460 2361.4
1146470 2361.4
1146480 2362.6
1146490 2363.5
1146500 2363.7
1146510 2363.7
1146520 2364.5
1146530 2366.5
1146540 2366.5
1146550 2368.9
1146560 2371.4
1146570 2371.4
1146580 2374.4
1146590 2377.5
1146600 2377.5
1146610 2380.3
1146620 2383.6
1146630 2383.6
1146640 2387.1
1146650 2389.6
1146660 2389.6
1146670 2390.6
1146680 2391.3
1146690 2392.9
1146700 2392.9
1146710 2395.1
1146720 2399.7
1146730 2399.7
1146740 2401.8
1146750 2405.9
1146760 2405.9
1146770 2410.2
1146780 2414.0
1146790 2414.0
1146800 2417.8
1146810 2422.2
1146820 2422.2
1146830 2426.9
1146840 2430.8
1146850 2430.8
1146860 2434.3
1146870 2437.6
1146880 2441.1
1146890 2441.1
1146900 2444.4
1146910 2446.8
1146920 2446.8
1146930 2448.7
1146940 2450.5
1146950 2450.5
1146960 2452.0
1146970 2453.1
1146980 2453.1
1146990 2453.6
1147000 2454.4
1147010 2454.4
1147020 2455.5
1147030 2457.0
1147040 2457.0
1147050 2458.6
1147060 2460.5
1147070 2460.5
1147080 2462.3
1147090 2462.0
1147100 2463.3
1147110 2463.3
1147120 2464.4
1147130 2466.0
1147140 2466.0
1147150 2467.6
1147160 2469.1
1147170 2469.1
1147180 2471.0
1147190 2473.1
1147200 2473.1
1147210 2475.1
1147220 2476.8
1147230 2476.8
1147240 2478.7
1147250 2480.7
1147260 2480.7
1147270 2483.0
1147280 2484.9
1147290 2486.6
1147300 2486.6
1147310 2488.2
1147320 2489.3
1147330 2489.3
1147340 2490.7
1147350 2493.4
1147360 2493.4
1147370 2496.5
1147380 2499.5
1147390 2499.5
1147400 2502.9
1147410 2504.6
1147420 2504.6
1147430 2504.9
1147440 2506.5
1147450 2506.5
1147460 2508.1
1147470 2505.8
1147480 2507.0
1147490 2507.0
1147500 2511.3
1147510 2516.8
1147520 2516.8
1147530 2523.1
1147540 2528.9
1147550 2528.9
1147560 2534.4
1147570 2539.6
1147580 2539.6
1147590 2545.4
1147600 2551.5
1147610 2551.5
1147620 2555.5
1147630 2557.7
1147640 2557.7
1147650 2559.6
1147660 2560.8
1147670 2560.8
1147680 2559.8
1147690 2558.0
1147700 2557.1
1147710 2557.1
1147720 2556.3
1147730 2555.3
1147740 2555.3
1147750 2554.4
1147760 2551.2
1147770 2551.2
1147780 2547.2
1147790 2543.4
1147800 2543.4
1147810 2539.7
1147820 2537.5
1147830 2537.5
1147840 2539.1
1147850 2533.3
1147860 2533.3
1147870 2528.7
1147880 2525.6
1147890 2523.1
1147900 2523.1
1147910 2521.3
1147920 2520.2
1147930 2520.2
1147940 2519.4
1147950 2519.1
1147960 2519.1
1147970 2519.3
1147980 2521.4
1147990 2521.4
1148000 2524.1
1148010 2526.4
1148020 2526.4
1148030 2528.8
1148040 2530.9
1148050 2530.9
1148060 2532.3
1148070 2533.3
1148080 2533.9
1148090 2533.9
1148100 2534.6
1148110 2535.1
1148120 2535.1
1148130 2535.5
1148140 2538.6
1148150 2538.6
1148160 2541.4
1148170 2543.4
1148180 2543.4
1148190 2544.2
1148200 2544.2
1148210 2544.2
1148220 2547.0
1148230 2545.5
1148240 2545.5
1148250 2544.9
1148260 2546.1
1148270 2546.1
1148280 2548.5
1148290 2551.5
1148300 2553.0
1148310 2553.0
1148320 2554.5
1148330 2557.6
1148340 2557.6
1148350 2561.6
1148360 2565.3
1148370 2565.3
1148380 2569.7
1148390 2574.6
1148400 2574.6
1148410 2578.4
1148420 2582.1
1148430 2582.1
1148440 2585.3
1148450 2587.7
1148460 2587.7
1148470 2590.9
1148480 2594.8
1148490 2599.4
1148500 2599.4
1148510 2604.7
1148520 2612.2
1148530 2612.2
1148540 2617.4
1148550 2606.1
1148560 2606.1
1148570 2585.0
1148580 2574.4
1148590 2574.4
1148600 2570.2
1148610 2561.4
1148620 2561.4
1148630 2555.0
1148640 2549.6
1148650 2549.6
1148660 2544.0
1148670 2539.2
1148680 2535.3
1148690 2535.3
