1140000 2640.6
1140010 2645.3
1140020 2645.3
1140030 2649.3
1140040 2652.3
1140050 2652.3
1140060 2655.3
1140070 2659.9
1140080 2659.9
1140090 2666.5
1140100 2673.3
1140110 2673.3
1140120 2679.9
1140130 2687.2
1140140 2687.2
1140150 2695.0
1140160 2702.9
1140170 2702.9
1140180 2709.6
1140190 2716.0
1140200 2722.6
1140210 2722.6
1140220 2729.7
1140230 2741.0
1140240 2741.0
1140250 2753.4
1140260 2765.3
1140270 2765.3
1140280 2777.3
1140290 2780.1
1140300 2786.9
1140310 2789.7
1140320 2794.6
1140330 2794.6
1140340 2800.3
1140350 2806.5
1140360 2806.5
1140370 2817.0
1140380 2828.9
1140390 2828.9
1140400 2836.9
1140410 2848.8
1140420 2861.8
1140430 2861.8
1140440 2873.2
1140450 2884.0
1140460 2884.0
1140470 2892.8
1140480 2899.4
1140490 2899.4
1140500 2896.1
1140510 2886.9
1140520 2886.9
1140530 2876.9
1140540 2867.1
1140550 2867.1
1140560 2855.9
1140570 2844.4
1140580 2844.4
1140590 2834.7
1140600 2826.3
1140610 2818.1
1140620 2818.1
1140630 2810.8
1140640 2802.9
1140650 2802.9
1140660 2795.7
1140670 2785.0
1140680 2785.0
1140690 2773.4
1140700 2765.6
1140710 2765.6
1140720 2757.5
1140730 2753.8
1140740 2753.8
1140750 2749.4
1140760 2740.5
1140770 2740.5
1140780 2731.1
1140790 2719.6
1140800 2710.8
1140810 2710.8
1140820 2706.4
1140830 2702.0
1140840 2702.0
1140850 2694.0
1140860 2682.6
1140870 2682.6
1140880 2668.3
1140890 2657.9
1140900 2657.9
1140910 2650.8
1140920 2643.6
1140930 2643.6
1140940 2636.7
1140950 2629.9
1140960 2629.9
1140970 2623.3
1140980 2616.9
1140990 2616.9
1141000 2610.8
1141010 2604.6
1141020 2598.7
1141030 2597.9
1141040 2592.0
1141050 2586.2
1141060 2586.2
1141070 2580.7
1141080 2575.3
1141090 2575.3
1141100 2569.5
1141110 2563.9
1141120 2563.9
1141130 2558.6
1141140 2553.2
1141150 2553.2
1141160 2548.1
1141170 2543.4
1141180 2543.4
1141190 2538.9
1141200 2533.3
1141210 2526.6
1141220 2526.6
1141230 2520.4
1141240 2514.0
1141250 2514.0
1141260 2507.2
1141270 2500.7
1141280 2500.7
1141290 2494.7
1141300 2488.8
1141310 2488.8
1141320 2482.8
1141330 2476.5
1141340 2476.5
1141350 2470.4
1141360 2464.5
1141370 2464.5
1141380 2458.8
1141390 2453.5
1141400 2446.6
1141410 2446.6
1141420 2441.6
1141430 2436.9
1141440 2436.9
1141450 2432.1
1141460 2426.8
1141470 2426.8
1141480 2421.2
1141490 2415.5
1141500 2415.5
1141510 2409.7
1141520 2404.1
1141530 2404.1
1141540 2399.7
1141550 2395.9
1141560 2395.9
1141570 2392.1
1141580 2388.2
1141590 2388.2
1141600 2384.6
1141610 2380.7
1141620 2376.5
1141630 2376.5
1141640 2371.9
1141650 2367.1
1141660 2367.1
1141670 2361.5
1141680 2355.7
1141690 2355.7
1141700 2349.9
1141710 2344.4
1141720 2344.4
1141730 2339.6
1141740 2335.2
1141750 2335.2
1141760 2329.8
1141770 2321.2
1141780 2321.2
1141790 2315.5
1141800 2310.4
1141810 2305.8
1141820 2305.8
1141830 2301.6
1141840 2297.1
1141850 2297.1
1141860 2292.4
1141870 2287.2
1141880 2287.2
1141890 2281.7
1141900 2276.4
1141910 2276.4
1141920 2271.6
1141930 2267.1
1141940 2267.1
1141950 2262.5
1141960 2257.7
1141970 2257.7
1141980 2252.7
1141990 2247.6
1142000 2247.6
1142010 2242.7
1142020 2237.5
1142030 2232.7
1142040 2232.7
1142050 2228.5
1142060 2224.6
1142070 2224.6
1142080 2220.8
1142090 2217.2
1142100 2217.2
1142110 2213.8
1142120 2210.6
1142130 2210.6
1142140 2207.4
1142150 2204.0
1142160 2204.0
1142170 2201.1
1142180 2198.5
1142190 2198.5
1142200 2195.4
1142210 2192.2
1142220 2189.2
1142230 2189.2
1142240 2186.6
1142250 2181.8
1142260 2181.8
1142270 2175.0
1142280 2168.4
1142290 2168.4
1142300 2162.2
1142310 2156.1
1142320 2156.1
1142330 2150.1
1142340 2145.0
1142350 2145.0
1142360 2141.8
1142370 2138.9
1142380 2138.9
1142390 2136.2
1142400 2133.3
1142410 2130.8
1142420 2130.8
1142430 2128.3
1142440 2125.8
1142450 2125.8
1142460 2123.8
1142470 2122.3
1142480 2122.3
1142490 2120.9
1142500 2119.8
1142510 2120.4
1142520 2119.5
1142530 2118.3
1142540 2118.3
1142550 2116.5
1142560 2114.6
1142570 2114.6
1142580 2112.5
1142590 2110.6
1142600 2110.6
1142610 2108.5
1142620 2106.3
1142630 2104.2
1142640 2104.2
1142650 2102.8
1142660 2102.0
1142670 2102.0
1142680 2101.3
1142690 2100.6
1142700 2100.6
1142710 2099.5
1142720 2098.3
1142730 2098.3
1142740 2097.3
1142750 2096.4
1142760 2096.4
1142770 2096.1
1142780 2095.8
1142790 2095.8
1142800 2094.9
1142810 2093.5
1142820 2091.9
1142830 2091.9
1142840 2087.0
1142850 2085.2
1142860 2085.2
1142870 2090.8
1142880 2098.4
1142890 2098.4
1142900 2103.0
1142910 2106.6
1142920 2106.6
1142930 2108.1
1142940 2109.7
1142950 2109.7
1142960 2111.9
1142970 2114.9
1142980 2114.9
1142990 2118.3
1143000 2122.1
1143010 2125.2
1143020 2125.2
1143030 2127.0
1143040 2128.7
1143050 2128.7
1143060 2130.9
1143070 2134.4
1143080 2134.4
1143090 2137.6
1143100 2140.1
1143110 2140.1
1143120 2142.2
1143130 2144.2
1143140 2144.2
1143150 2146.3
1143160 2149.1
1143170 2149.1
1143180 2151.6
1143190 2152.7
1143200 2152.7
1143210 2154.0
1143220 2156.2
1143230 2159.4
1143240 2159.4
1143250 2163.3
1143260 2166.2
1143270 2166.2
1143280 2170.5
1143290 2172.7
1143300 2172.7
1143310 2174.9
1143320 2177.0
1143330 2177.0
1143340 2179.8
1143350 2180.7
1143360 2180.7
1143370 2181.9
1143380 2184.9
1143390 2184.9
1143400 2188.7
1143410 2191.6
1143420 2194.0
1143430 2194.0
1143440 2197.3
1143450 2201.4
1143460 2201.4
1143470 2204.4
1143480 2207.4
1143490 2207.4
1143500 2211.2
1143510 2216.4
1143520 2216.4
1143530 2221.5
1143540 2224.2
1143550 2224.2
1143560 2225.9
1143570 2227.0
1143580 2227.0
1143590 2229.7
1143600 2233.3
1143610 2237.3
1143620 2237.5
1143630 2240.9
1143640 2245.5
1143650 2245.5
1143660 2249.6
1143670 2250.9
1143680 2250.9
1143690 2252.7
1143700 2254.3
1143710 2254.3
1143720 2255.0
1143730 2255.7
1143740 2255.7
1143750 2256.6
1143760 2259.2
1143770 2259.2
1143780 2263.3
1143790 2266.8
1143800 2266.8
1143810 2268.7
1143820 2270.0
1143830 2272.9
1143840 2272.9
1143850 2276.8
1143860 2280.3
1143870 2280.3
1143880 2282.5
1143890 2284.8
1143900 2284.8
1143910 2286.8
1143920 2289.3
1143930 2289.3
1143940 2293.0
1143950 2296.0
1143960 2296.0
1143970 2298.2
1143980 2300.3
1143990 2300.8
1144000 2302.4
1144010 2304.7
1144020 2308.3
1144030 2308.3
1144040 2312.3
1144050 2315.7
1144060 2315.7
1144070 2318.2
1144080 2320.8
1144090 2320.8
1144100 2323.5
1144110 2325.3
1144120 2325.3
1144130 2326.7
1144140 2327.9
1144150 2327.9
1144160 2330.0
1144170 2333.1
1144180 2333.1
1144190 2336.7
1144200 2340.9
1144210 2345.6
1144220 2345.6
1144230 2349.6
1144240 2353.1
1144250 2353.1
1144260 2357.1
1144270 2362.1
1144280 2362.1
1144290 2366.8
1144300 2372.0
1144310 2372.0
1144320 2377.7
1144330 2382.9
1144340 2382.9
1144350 2387.4
1144360 2391.7
1144370 2392.5
1144380 2397.0
1144390 2401.4
1144400 2401.4
1144410 2405.8
1144420 2410.2
1144430 2414.3
1144440 2414.3
1144450 2417.4
1144460 2418.6
1144470 2418.6
1144480 2419.6
1144490 2421.5
1144500 2421.5
1144510 2423.0
1144520 2425.7
1144530 2425.7
1144540 2429.9
1144550 2432.7
1144560 2432.7
1144570 2435.6
1144580 2437.6
1144590 2437.6
1144600 2438.8
1144610 2440.4
1144620 2442.3
1144630 2442.3
1144640 2444.3
1144650 2446.6
1144660 2446.6
1144670 2449.0
1144680 2451.4
1144690 2451.4
1144700 2453.8
1144710 2456.1
1144720 2456.1
1144730 2458.1
1144740 2459.8
1144750 2459.8
1144760 2461.0
1144770 2462.6
1144780 2462.6
1144790 2462.7
1144800 2463.7
1144810 2465.6
1144820 2465.6
1144830 2468.3
1144840 2473.4
1144850 2473.4
1144860 2477.8
1144870 2481.4
1144880 2481.4
1144890 2484.6
1144900 2488.2
1144910 2488.2
1144920 2491.6
1144930 2495.2
1144940 2495.2
1144950 2498.9
1144960 2502.6
1144970 2502.6
1144980 2506.0
1144990 2510.2
1145000 2510.2
1145010 2514.3
1145020 2518.6
1145030 2524.0
1145040 2524.0
1145050 2529.3
1145060 2535.0
1145070 2535.0
1145080 2541.4
1145090 2548.2
1145100 2548.2
1145110 2557.1
1145120 2565.6
1145130 2565.6
1145140 2574.3
1145150 2583.1
1145160 2583.1
1145170 2591.2
1145180 2599.1
1145190 2599.1
1145200 2606.7
1145210 2614.3
1145220 2621.3
1145230 2621.3
1145240 2627.2
1145250 2627.5
1145260 2627.5
1145270 2622.9
1145280 2616.9
1145290 2616.9
1145300 2610.7
1145310 2604.4
1145320 2604.4
1145330 2597.3
1145340 2589.3
1145350 2589.3
1145360 2582.9
1145370 2578.8
1145380 2578.8
1145390 2575.6
1145400 2572.4
1145410 2567.9
1145420 2567.9
1145430 2562.3
1145440 2557.3
1145450 2557.3
1145460 2552.4
1145470 2547.3
1145480 2552.3
1145490 2545.9
1145500 2538.5
1145510 2538.5
1145520 2531.1
1145530 2523.9
1145540 2523.9
1145550 2518.2
1145560 2513.5
1145570 2513.5
1145580 2508.8
1145590 2504.4
1145600 2504.4
1145610 2500.1
1145620 2496.2
1145630 2493.2
1145640 2493.2
1145650 2490.9
1145660 2488.0
1145670 2488.0
1145680 2484.8
1145690 2481.0
1145700 2481.0
1145710 2477.3
1145720 2473.1
1145730 2473.1
1145740 2468.7
1145750 2465.0
1145760 2465.0
1145770 2461.0
1145780 2456.8
1145790 2456.8
1145800 2452.8
1145810 2448.9
1145820 2444.5
1145830 2444.5
1145840 2440.6
1145850 2436.5
1145860 2437.5
1145870 2432.7
1145880 2429.0
1145890 2429.0
1145900 2426.3
1145910 2425.4
1145920 2425.4
1145930 2425.1
1145940 2422.5
1145950 2422.5
1145960 2419.4
1145970 2417.6
1145980 2417.6
1145990 2415.0
1146000 2411.6
1146010 2408.3
1146020 2408.3
1146030 2406.8
1146040 2404.2
1146050 2404.2
1146060 2400.4
1146070 2397.7
1146080 2397.7
1146090 2395.0
1146100 2394.9
1146110 2394.9
1146120 2394.7
1146130 2394.1
1146140 2394.1
1146150 2393.0
1146160 2391.6
1146170 2391.6
1146180 2389.9
1146190 2388.5
1146200 2388.5
1146210 2387.2
1146220 2386.1
1146230 2385.6
1146240 2385.6
1146250 2384.5
1146260 2383.7
1146270 2383.7
1146280 2383.3
1146290 2382.8
1146300 2382.8
1146310 2381.7
1146320 2380.3
1146330 2380.3
1146340 2379.8
1146350 2379.2
1146360 2379.2
1146370 2378.5
1146380 2377.9
1146390 2377.9
1146400 2377.1
1146410 2376.4
1146420 2376.3
1146430 2376.3
1146440 2375.4
1146450 2374.9
1146460 2374.9
1146470 2374.4
1146480 2373.7
1146490 2373.7
1146500 2372.3
1146510 2369.8
1146520 2369.8
1146530 2370.3
1146540 2372.9
1146550 2372.9
1146560 2376.7
1146570 2379.2
1146580 2379.2
1146590 2377.9
1146600 2375.1
1146610 2373.3
1146620 2373.3
1146630 2373.2
1146640 2373.2
1146650 2373.2
1146660 2373.3
1146670 2374.4
1146680 2374.4
1146690 2376.5
1146700 2379.0
1146710 2379.0
1146720 2382.4
1146730 2385.6
1146740 2385.6
1146750 2387.9
1146760 2389.0
1146770 2389.0
1146780 2390.8
1146790 2393.0
1146800 2393.0
1146810 2396.6
1146820 2401.1
1146830 2403.9
1146840 2403.9
1146850 2405.7
1146860 2407.8
1146870 2407.8
1146880 2410.2
1146890 2413.3
1146900 2413.3
1146910 2416.4
1146920 2419.3
1146930 2419.3
1146940 2421.6
1146950 2423.8
1146960 2423.8
1146970 2425.8
1146980 2425.9
1146990 2425.9
1147000 2428.1
1147010 2431.1
1147020 2433.1
1147030 2433.1
1147040 2434.7
1147050 2436.2
1147060 2436.2
1147070 2438.1
1147080 2440.0
1147090 2440.0
1147100 2441.9
1147110 2444.1
1147120 2444.1
1147130 2446.4
1147140 2448.7
1147150 2448.7
1147160 2450.8
1147170 2452.4
1147180 2452.4
1147190 2454.3
1147200 2457.2
1147210 2460.0
1147220 2460.0
1147230 2462.2
1147240 2464.4
1147250 2464.4
1147260 2466.7
1147270 2470.0
1147280 2470.0
1147290 2473.8
1147300 2477.4
1147310 2477.4
1147320 2480.6
1147330 2483.7
1147340 2483.7
1147350 2485.9
1147360 2488.6
1147370 2488.6
1147380 2490.5
1147390 2491.9
1147400 2491.9
1147410 2493.5
1147420 2494.7
1147430 2495.3
1147440 2495.3
1147450 2495.9
1147460 2496.9
1147470 2496.9
1147480 2498.1
1147490 2500.2
1147500 2500.2
1147510 2504.3
1147520 2509.4
1147530 2509.4
1147540 2514.4
1147550 2520.4
1147560 2520.4
1147570 2527.3
1147580 2534.7
1147590 2534.7
1147600 2542.0
1147610 2549.1
1147620 2556.3
1147630 2556.3
1147640 2563.5
1147650 2571.4
1147660 2571.4
1147670 2579.7
1147680 2587.7
1147690 2587.7
1147700 2596.1
1147710 2605.0
1147720 2605.0
1147730 2614.1
1147740 2622.8
1147750 2622.8
1147760 2631.2
1147770 2637.8
1147780 2637.8
1147790 2637.4
1147800 2631.6
1147810 2623.5
1147820 2623.5
1147830 2619.7
1147840 2615.6
1147850 2615.6
1147860 2612.0
1147870 2608.7
1147880 2608.7
1147890 2606.5
1147900 2604.8
1147910 2604.8
1147920 2600.2
1147930 2596.2
1147940 2596.2
1147950 2594.2
1147960 2593.0
1147970 2593.0
1147980 2591.9
1147990 2590.5
1148000 2590.5
1148010 2588.8
1148020 2585.7
1148030 2585.0
1148040 2585.0
1148050 2583.4
1148060 2582.0
1148070 2582.0
1148080 2581.6
1148090 2582.5
1148100 2587.2
1148110 2590.0
1148120 2592.6
1148130 2592.6
1148140 2594.4
1148150 2597.1
1148160 2597.1
1148170 2599.7
1148180 2601.6
1148190 2601.6
1148200 2603.2
1148210 2605.2
1148220 2607.6
1148230 2607.6
1148240 2609.7
1148250 2610.7
1148260 2610.7
1148270 2610.8
1148280 2610.4
1148290 2610.4
1148300 2609.5
1148310 2609.4
1148320 2609.4
1148330 2612.8
1148340 2616.7
1148350 2616.7
1148360 2619.0
1148370 2622.9
1148380 2622.9
1148390 2628.3
1148400 2632.6
1148410 2635.9
1148420 2635.9
1148430 2640.8
1148440 2647.1
1148450 2647.1
1148460 2653.8
1148470 2661.5
1148480 2664.8
1148490 2680.5
1148500 2697.2
1148510 2697.2
1148520 2707.4
1148530 2711.4
1148540 2711.4
1148550 2687.4
1148560 2666.6
1148570 2666.6
1148580 2649.4
1148590 2637.3
1148600 2637.3
1148610 2625.1
1148620 2611.9
1148630 2604.8
1148640 2604.8
1148650 2599.1
1148660 2592.7
1148670 2592.7
1148680 2585.7
1148690 2578.8
1148700 2578.8
1148710 2571.6
1148720 2564.6
1148730 2564.6
1148740 2559.6
1148750 2555.4
1148760 2555.4
1148770 2553.5
1148780 2556.4
1148790 2556.4
1148800 2558.1
1148810 2559.7
1148820 2559.7
1148830 2559.7
1148840 2559.8
1148850 2561.7
1148860 2564.0
1148870 2566.8
