1140000 2548.0
1140010 2548.0
1140020 2553.1
1140030 2556.2
1140040 2556.2
1140050 2556.2
1140060 2557.5
1140070 2554.7
1140080 2554.7
1140090 2551.5
1140100 2550.0
1140110 2550.0
1140120 2551.3
1140130 2555.8
1140140 2555.8
1140150 2559.7
1140160 2563.0
1140170 2563.0
1140180 2566.2
1140190 2568.9
1140200 2568.9
1140210 2572.4
1140220 2576.0
1140230 2576.0
1140240 2577.4
1140250 2579.5
1140260 2583.7
1140270 2583.7
1140280 2587.8
1140290 2590.9
1140300 2590.9
1140310 2594.2
1140320 2597.8
1140330 2597.8
1140340 2602.2
1140350 2607.1
1140360 2607.1
1140370 2612.2
1140380 2618.0
1140390 2618.0
1140400 2623.3
1140410 2627.7
1140420 2627.7
1140430 2629.2
1140440 2631.4
1140450 2633.6
1140460 2633.6
1140470 2635.8
1140480 2638.7
1140490 2638.7
1140500 2641.5
1140510 2644.3
1140520 2644.3
1140530 2646.8
1140540 2649.0
1140550 2649.0
1140560 2652.4
1140570 2656.8
1140580 2656.8
1140590 2661.9
1140600 2667.4
1140610 2667.4
1140620 2672.8
1140630 2678.1
1140640 2678.1
1140650 2683.7
1140660 2688.7
1140670 2695.0
1140680 2695.0
1140690 2702.5
1140700 2711.8
1140710 2711.8
1140720 2720.1
1140730 2727.4
1140740 2727.4
1140750 2735.1
1140760 2742.3
1140770 2742.3
1140780 2750.0
1140790 2751.2
1140800 2751.4
1140810 2740.7
1140820 2727.5
1140830 2727.5
1140840 2716.4
1140850 2707.7
1140860 2699.3
1140870 2699.3
1140880 2690.9
1140890 2682.0
1140900 2682.0
1140910 2673.8
1140920 2665.8
1140930 2665.8
1140940 2658.1
1140950 2650.8
1140960 2650.8
1140970 2644.0
1140980 2637.4
1140990 2637.4
1141000 2630.9
1141010 2624.5
1141020 2624.5
1141030 2618.2
1141040 2611.7
1141050 2605.6
1141060 2605.6
1141070 2599.5
1141080 2593.5
1141090 2593.5
1141100 2587.8
1141110 2582.3
1141120 2582.3
1141130 2577.1
1141140 2572.3
1141150 2572.3
1141160 2568.1
1141170 2562.9
1141180 2562.9
1141190 2559.4
1141200 2557.1
1141210 2557.1
1141220 2553.4
1141230 2549.9
1141240 2549.9
1141250 2547.9
1141260 2546.4
1141270 2545.7
1141280 2545.7
1141290 2546.6
1141300 2547.4
1141310 2547.4
1141320 2547.9
1141330 2547.7
1141340 2547.7
1141350 2548.1
1141360 2549.4
1141370 2549.4
1141380 2551.4
1141390 2553.4
1141400 2553.4
1141410 2554.6
1141420 2554.0
1141430 2554.0
1141440 2551.2
1141450 2546.7
1141460 2541.6
1141470 2541.6
1141480 2536.9
1141490 2530.9
1141500 2530.9
1141510 2523.7
1141520 2515.6
1141530 2515.6
1141540 2507.4
1141550 2499.6
1141560 2499.6
1141570 2491.6
1141580 2483.9
1141590 2483.9
1141600 2476.2
1141610 2468.1
1141620 2468.1
1141630 2460.5
1141640 2453.5
1141650 2446.9
1141660 2446.9
1141670 2441.0
1141680 2435.5
1141690 2435.5
1141700 2430.2
1141710 2425.0
1141720 2425.0
1141730 2419.2
1141740 2413.1
1141750 2413.1
1141760 2407.1
1141770 2400.7
1141780 2400.7
1141790 2395.2
1141800 2389.4
1141810 2389.4
1141820 2384.3
1141830 2378.9
1141840 2378.9
1141850 2372.8
1141860 2366.9
1141870 2360.7
1141880 2360.7
1141890 2353.2
1141900 2345.4
1141910 2340.4
1141920 2331.3
1141930 2322.9
1141940 2322.9
1141950 2315.0
1141960 2306.6
1141970 2306.6
1141980 2298.9
1141990 2291.7
1142000 2291.7
1142010 2285.5
1142020 2281.0
1142030 2281.0
1142040 2277.1
1142050 2272.7
1142060 2268.2
1142070 2268.2
1142080 2264.0
1142090 2260.3
1142100 2260.3
1142110 2256.6
1142120 2253.1
1142130 2253.1
1142140 2249.7
1142150 2246.5
1142160 2246.5
1142170 2243.4
1142180 2240.5
1142190 2240.5
1142200 2237.8
1142210 2233.6
1142220 2233.6
1142230 2228.6
1142240 2224.5
1142250 2224.5
1142260 2219.7
1142270 2214.0
1142280 2209.6
1142290 2209.6
1142300 2204.2
1142310 2198.3
1142320 2198.3
1142330 2192.5
1142340 2186.8
1142350 2186.8
1142360 2181.2
1142370 2175.3
1142380 2175.3
1142390 2168.7
1142400 2161.8
1142410 2161.8
1142420 2155.3
1142430 2148.8
1142440 2148.8
1142450 2142.4
1142460 2136.7
1142470 2131.7
1142480 2131.7
1142490 2126.5
1142500 2120.9
1142510 2120.9
1142520 2116.2
1142530 2111.6
1142540 2111.6
1142550 2107.2
1142560 2103.3
1142570 2103.3
1142580 2100.7
1142590 2098.3
1142600 2098.3
1142610 2094.9
1142620 2091.3
1142630 2091.3
1142640 2089.0
1142650 2088.0
1142660 2087.3
1142670 2087.3
1142680 2086.6
1142690 2085.7
1142700 2085.7
1142710 2084.6
1142720 2083.4
1142730 2083.4
1142740 2082.5
1142750 2081.9
1142760 2081.9
1142770 2080.8
1142780 2080.5
1142790 2080.5
1142800 2079.3
1142810 2077.3
1142820 2077.3
1142830 2075.6
1142840 2074.2
1142850 2074.2
1142860 2073.4
1142870 2073.2
1142880 2073.2
1142890 2073.2
1142900 2072.1
1142910 2071.4
1142920 2071.4
1142930 2069.4
1142940 2067.2
1142950 2067.2
1142960 2066.6
1142970 2065.8
1142980 2065.8
1142990 2064.6
1143000 2063.1
1143010 2063.8
1143020 2062.3
1143030 2061.5
1143040 2061.5
1143050 2060.8
1143060 2060.7
1143070 2061.4
1143080 2061.4
1143090 2058.4
1143100 2056.9
1143110 2056.9
1143120 2059.0
1143130 2063.2
1143140 2063.2
1143150 2066.9
1143160 2072.0
1143170 2072.0
1143180 2076.1
1143190 2079.4
1143200 2079.4
1143210 2084.0
1143220 2088.4
1143230 2088.4
1143240 2091.4
1143250 2092.9
1143260 2094.2
1143270 2094.2
1143280 2097.7
1143290 2100.5
1143300 2100.5
1143310 2104.8
1143320 2109.6
1143330 2109.6
1143340 2112.4
1143350 2114.8
1143360 2114.8
1143370 2117.1
1143380 2120.2
1143390 2125.0
1143400 2129.1
1143410 2133.0
1143420 2133.0
1143430 2136.2
1143440 2138.9
1143450 2138.9
1143460 2141.7
1143470 2144.2
1143480 2147.3
1143490 2147.3
1143500 2150.1
1143510 2152.8
1143520 2152.8
1143530 2155.1
1143540 2157.8
1143550 2157.8
1143560 2160.8
1143570 2164.3
1143580 2164.3
1143590 2167.6
1143600 2171.9
1143610 2171.9
1143620 2175.2
1143630 2177.5
1143640 2177.5
1143650 2179.3
1143660 2183.4
1143670 2188.5
1143680 2188.5
1143690 2192.5
1143700 2195.3
1143710 2195.3
1143720 2198.2
1143730 2200.1
1143740 2200.1
1143750 2201.2
1143760 2206.7
1143770 2206.7
1143780 2209.8
1143790 2211.5
1143800 2211.5
1143810 2212.5
1143820 2213.2
1143830 2213.2
1143840 2216.4
1143850 2221.6
1143860 2221.6
1143870 2225.1
1143880 2227.7
1143890 2230.2
1143900 2230.2
1143910 2232.4
1143920 2234.3
1143930 2234.3
1143940 2235.6
1143950 2237.5
1143960 2237.5
1143970 2240.5
1143980 2243.8
1143990 2243.8
1144000 2247.5
1144010 2251.4
1144020 2251.4
1144030 2254.4
1144040 2256.6
1144050 2256.6
1144060 2258.7
1144070 2260.7
1144080 2263.6
1144090 2263.6
1144100 2264.8
1144110 2267.4
1144120 2267.4
1144130 2270.2
1144140 2269.8
1144150 2269.8
1144160 2269.2
1144170 2268.6
1144180 2268.6
1144190 2269.2
1144200 2272.7
1144210 2272.7
1144220 2276.1
1144230 2278.9
1144240 2278.9
1144250 2281.0
1144260 2283.5
1144270 2286.9
1144280 2286.9
1144290 2290.2
1144300 2293.5
1144310 2293.5
1144320 2297.3
1144330 2301.4
1144340 2301.4
1144350 2305.4
1144360 2307.1
1144370 2307.1
1144380 2307.1
1144390 2307.5
1144400 2307.5
1144410 2309.1
1144420 2311.5
1144430 2311.5
1144440 2315.1
1144450 2320.2
1144460 2320.2
1144470 2324.5
1144480 2327.8
1144490 2332.2
1144500 2331.2
1144510 2336.9
1144520 2342.0
1144530 2342.0
1144540 2344.8
1144550 2347.3
1144560 2347.3
1144570 2351.5
1144580 2355.5
1144590 2355.5
1144600 2361.7
1144610 2369.3
1144620 2369.3
1144630 2375.7
1144640 2378.9
1144650 2378.9
1144660 2380.9
1144670 2383.1
1144680 2386.1
1144690 2386.1
1144700 2388.3
1144710 2390.6
1144720 2390.6
1144730 2392.8
1144740 2396.2
1144750 2396.2
1144760 2400.0
1144770 2404.1
1144780 2404.1
1144790 2407.8
1144800 2411.6
1144810 2411.6
1144820 2415.0
1144830 2417.5
1144840 2417.5
1144850 2421.3
1144860 2426.4
1144870 2430.6
1144880 2430.6
1144890 2436.1
1144900 2441.9
1144910 2441.9
1144920 2448.9
1144930 2454.1
1144940 2454.1
1144950 2458.3
1144960 2463.7
1144970 2463.7
1144980 2469.6
1144990 2476.0
1145000 2476.0
1145010 2483.3
1145020 2491.1
1145030 2491.1
1145040 2498.8
1145050 2506.5
1145060 2506.5
1145070 2514.2
1145080 2521.5
1145090 2529.5
1145100 2529.5
1145110 2538.3
1145120 2545.0
1145130 2545.0
1145140 2551.3
1145150 2557.0
1145160 2557.0
1145170 2562.4
1145180 2567.6
1145190 2567.6
1145200 2572.2
1145210 2570.4
1145220 2570.4
1145230 2563.9
1145240 2555.8
1145250 2560.9
1145260 2552.8
1145270 2541.8
1145280 2533.0
1145290 2533.0
1145300 2526.1
1145310 2522.6
1145320 2522.6
1145330 2519.5
1145340 2515.8
1145350 2515.8
1145360 2511.7
1145370 2504.6
1145380 2504.6
1145390 2500.8
1145400 2497.6
1145410 2497.6
1145420 2492.6
1145430 2486.2
1145440 2486.2
1145450 2480.2
1145460 2474.4
1145470 2467.7
1145480 2467.7
1145490 2461.0
1145500 2455.7
1145510 2455.7
1145520 2450.2
1145530 2445.0
1145540 2445.0
1145550 2439.7
1145560 2434.1
1145570 2434.1
1145580 2426.6
1145590 2418.3
1145600 2418.3
1145610 2410.2
1145620 2402.4
1145630 2402.4
1145640 2394.5
1145650 2389.7
1145660 2389.7
1145670 2385.7
1145680 2382.1
1145690 2378.4
1145700 2378.4
1145710 2374.6
1145720 2371.0
1145730 2371.0
1145740 2367.5
1145750 2363.7
1145760 2363.7
1145770 2358.2
1145780 2353.8
1145790 2353.8
1145800 2349.5
1145810 2345.3
1145820 2345.3
1145830 2342.3
1145840 2338.7
1145850 2338.7
1145860 2336.2
1145870 2334.8
1145880 2334.2
1145890 2334.2
1145900 2337.6
1145910 2340.6
1145920 2340.6
1145930 2343.1
1145940 2343.9
1145950 2343.9
1145960 2343.3
1145970 2343.5
1145980 2343.5
1145990 2346.8
1146000 2348.7
1146010 2348.7
1146020 2348.7
1146030 2347.6
1146040 2347.6
1146050 2346.2
1146060 2344.5
1146070 2342.9
1146080 2342.9
1146090 2341.1
1146100 2338.4
1146110 2338.4
1146120 2335.3
1146130 2330.5
1146140 2330.5
1146150 2325.5
1146160 2321.6
1146170 2321.6
1146180 2323.6
1146190 2327.0
1146200 2327.0
1146210 2329.6
1146220 2331.1
1146230 2331.1
1146240 2332.7
1146250 2334.8
1146260 2334.8
1146270 2337.2
1146280 2339.0
1146290 2340.8
1146300 2340.8
1146310 2343.5
1146320 2347.2
1146330 2347.2
1146340 2351.4
1146350 2356.4
1146360 2355.9
1146370 2361.6
1146380 2367.8
1146390 2367.8
1146400 2372.5
1146410 2376.8
1146420 2376.8
1146430 2381.1
1146440 2385.0
1146450 2385.0
1146460 2388.8
1146470 2392.4
1146480 2396.4
1146490 2396.4
1146500 2401.7
1146510 2405.1
1146520 2405.1
1146530 2407.8
1146540 2410.9
1146550 2410.9
1146560 2415.0
1146570 2419.9
1146580 2419.9
1146590 2425.2
1146600 2430.3
1146610 2430.3
1146620 2434.4
1146630 2437.3
1146640 2437.3
1146650 2441.1
1146660 2445.4
1146670 2445.4
1146680 2449.1
1146690 2452.6
1146700 2456.0
1146710 2456.0
1146720 2458.8
1146730 2461.7
1146740 2458.6
1146750 2461.9
1146760 2465.0
1146770 2465.0
1146780 2467.8
1146790 2471.1
1146800 2471.1
1146810 2474.4
1146820 2477.4
1146830 2477.4
1146840 2480.1
1146850 2482.5
1146860 2482.5
1146870 2485.0
1146880 2487.3
1146890 2489.8
1146900 2489.8
1146910 2492.1
1146920 2494.5
1146930 2494.5
1146940 2497.1
1146950 2500.3
1146960 2500.3
1146970 2504.3
1146980 2508.4
1146990 2508.4
1147000 2512.4
1147010 2515.6
1147020 2515.6
1147030 2518.7
1147040 2522.4
1147050 2522.4
1147060 2527.5
1147070 2531.8
1147080 2536.2
1147090 2536.2
1147100 2540.5
1147110 2540.4
1147120 2540.4
1147130 2545.0
1147140 2549.1
1147150 2549.1
1147160 2552.9
1147170 2557.2
1147180 2557.2
1147190 2561.9
1147200 2567.3
1147210 2567.3
1147220 2573.1
1147230 2578.8
1147240 2578.8
1147250 2584.7
1147260 2589.5
1147270 2589.5
1147280 2591.4
1147290 2592.2
1147300 2592.9
1147310 2592.9
1147320 2593.4
1147330 2593.2
1147340 2593.2
1147350 2592.1
1147360 2589.7
1147370 2589.7
1147380 2588.2
1147390 2587.1
1147400 2587.1
1147410 2586.0
1147420 2584.4
1147430 2584.4
1147440 2582.4
1147450 2579.4
1147460 2579.4
1147470 2574.7
1147480 2570.6
1147490 2568.4
1147500 2568.4
1147510 2566.6
1147520 2563.8
1147530 2563.8
1147540 2559.9
1147550 2556.1
1147560 2556.1
1147570 2553.9
1147580 2552.2
1147590 2552.2
1147600 2549.8
1147610 2547.1
1147620 2547.1
1147630 2545.0
1147640 2543.1
1147650 2543.1
1147660 2540.7
1147670 2537.8
1147680 2534.7
1147690 2534.7
1147700 2531.4
1147710 2528.5
1147720 2528.5
1147730 2526.2
1147740 2523.7
1147750 2523.7
1147760 2522.5
1147770 2521.3
1147780 2521.3
1147790 2519.9
1147800 2517.9
1147810 2517.9
1147820 2515.1
1147830 2513.2
1147840 2513.2
1147850 2512.4
1147860 2506.6
1147870 2506.6
1147880 2503.6
1147890 2499.3
1147900 2497.1
1147910 2497.1
1147920 2495.2
1147930 2492.3
1147940 2492.3
1147950 2489.5
1147960 2488.4
1147970 2488.4
1147980 2487.3
1147990 2484.6
1148000 2484.6
1148010 2481.7
1148020 2480.8
1148030 2480.8
1148040 2479.5
1148050 2478.0
1148060 2478.0
1148070 2477.4
1148080 2477.2
1148090 2476.8
1148100 2476.8
1148110 2475.3
1148120 2474.2
1148130 2474.2
1148140 2474.6
1148150 2474.6
1148160 2474.6
1148170 2474.3
1148180 2473.8
1148190 2473.8
1148200 2472.5
1148210 2472.4
1148220 2472.4
1148230 2472.5
1148240 2473.1
1148250 2473.1
1148260 2473.7
1148270 2475.1
1148280 2476.0
1148290 2476.0
1148300 2476.4
1148310 2476.7
1148320 2476.7
1148330 2477.4
1148340 2478.3
1148350 2478.3
1148360 2479.6
