1140000 2648.8
1140010 2648.8
1140020 2653.6
1140030 2659.2
1140040 2659.2
1140050 2663.9
1140060 2667.9
1140070 2667.9
1140080 2673.4
1140090 2677.6
1140100 2684.0
1140110 2684.0
1140120 2690.8
1140130 2690.4
1140140 2690.4
1140150 2688.0
1140160 2685.8
1140170 2685.8
1140180 2685.7
1140190 2687.5
1140200 2687.5
1140210 2689.7
1140220 2693.2
1140230 2693.2
1140240 2696.6
1140250 2699.5
1140260 2699.5
1140270 2709.7
1140280 2715.8
1140290 2718.8
1140300 2718.8
1140310 2720.8
1140320 2723.0
1140330 2723.0
1140340 2727.2
1140350 2738.5
1140360 2738.5
1140370 2749.1
1140380 2746.7
1140390 2746.7
1140400 2746.3
1140410 2749.4
1140420 2749.4
1140430 2755.2
1140440 2758.5
1140450 2758.5
1140460 2761.6
1140470 2764.2
1140480 2764.2
1140490 2766.9
1140500 2770.4
1140510 2775.1
1140520 2775.1
1140530 2780.1
1140540 2781.3
1140550 2781.3
1140560 2776.1
1140570 2774.9
1140580 2774.9
1140590 2778.9
1140600 2779.2
1140610 2779.2
1140620 2774.1
1140630 2768.4
1140640 2772.7
1140650 2768.9
1140660 2765.2
1140670 2765.2
1140680 2761.4
1140690 2756.5
1140700 2751.3
1140710 2751.3
1140720 2746.1
1140730 2744.2
1140740 2744.2
1140750 2743.4
1140760 2740.5
1140770 2740.5
1140780 2738.3
1140790 2736.7
1140800 2736.7
1140810 2734.3
1140820 2732.0
1140830 2732.0
1140840 2729.6
1140850 2727.2
1140860 2727.2
1140870 2716.3
1140880 2699.1
1140890 2699.1
1140900 2686.0
1140910 2676.1
1140920 2670.9
1140930 2670.9
1140940 2667.7
1140950 2664.2
1140960 2664.2
1140970 2661.0
1140980 2658.0
1140990 2658.0
1141000 2659.8
1141010 2656.1
1141020 2656.1
1141030 2652.4
1141040 2648.5
1141050 2648.5
1141060 2644.3
1141070 2640.5
1141080 2640.5
1141090 2636.6
1141100 2632.8
1141110 2628.9
1141120 2628.9
1141130 2625.7
1141140 2622.8
1141150 2622.8
1141160 2620.0
1141170 2617.0
1141180 2617.0
1141190 2614.1
1141200 2611.2
1141210 2611.2
1141220 2607.8
1141230 2604.9
1141240 2604.9
1141250 2602.8
1141260 2601.1
1141270 2601.1
1141280 2597.3
1141290 2595.3
1141300 2593.0
1141310 2593.0
1141320 2589.6
1141330 2586.1
1141340 2586.1
1141350 2581.5
1141360 2575.7
1141370 2576.7
1141380 2576.0
1141390 2575.9
1141400 2575.9
1141410 2576.4
1141420 2577.3
1141430 2577.3
1141440 2577.1
1141450 2576.4
1141460 2576.4
1141470 2575.8
1141480 2574.0
1141490 2574.0
1141500 2571.4
1141510 2568.5
1141520 2564.7
1141530 2564.7
1141540 2559.7
1141550 2552.7
1141560 2552.7
1141570 2545.3
1141580 2538.0
1141590 2538.0
1141600 2531.1
1141610 2524.7
1141620 2524.7
1141630 2518.7
1141640 2513.9
1141650 2513.9
1141660 2509.9
1141670 2507.4
1141680 2507.4
1141690 2505.2
1141700 2503.2
1141710 2502.4
1141720 2502.4
1141730 2502.3
1141740 2502.7
1141750 2502.7
1141760 2501.1
1141770 2498.7
1141780 2498.7
1141790 2496.3
1141800 2492.5
1141810 2492.5
1141820 2487.3
1141830 2483.5
1141840 2483.5
1141850 2483.2
1141860 2484.5
1141870 2484.5
1141880 2486.4
1141890 2483.9
1141900 2483.9
1141910 2481.1
1141920 2477.7
1141930 2473.3
1141940 2473.3
1141950 2469.7
1141960 2468.7
1141970 2468.7
1141980 2463.4
1141990 2455.9
1142000 2455.9
1142010 2447.3
1142020 2438.6
1142030 2438.6
1142040 2431.8
1142050 2421.3
1142060 2421.3
1142070 2409.4
1142080 2403.4
1142090 2403.4
1142100 2396.9
1142110 2388.0
1142120 2381.8
1142130 2381.8
1142140 2376.7
1142150 2372.5
1142160 2372.5
1142170 2368.7
1142180 2364.8
1142190 2364.8
1142200 2361.0
1142210 2356.7
1142220 2356.7
1142230 2352.3
1142240 2348.5
1142250 2348.5
1142260 2345.3
1142270 2342.8
1142280 2342.8
1142290 2340.6
1142300 2339.3
1142310 2339.8
1142320 2339.8
1142330 2340.2
1142340 2340.8
1142350 2340.8
1142360 2340.8
1142370 2339.7
1142380 2339.7
1142390 2338.2
1142400 2337.8
1142410 2337.8
1142420 2336.7
1142430 2334.6
1142440 2334.6
1142450 2333.1
1142460 2332.6
1142470 2332.6
1142480 2329.5
1142490 2324.0
1142500 2324.0
1142510 2318.1
1142520 2313.0
1142530 2308.7
1142540 2308.7
1142550 2304.0
1142560 2298.2
1142570 2298.2
1142580 2292.3
1142590 2286.0
1142600 2286.0
1142610 2280.5
1142620 2274.7
1142630 2274.7
1142640 2268.0
1142650 2258.5
1142660 2258.5
1142670 2249.8
1142680 2243.3
1142690 2243.3
1142700 2236.7
1142710 2227.8
1142720 2219.3
1142730 2219.3
1142740 2212.8
1142750 2207.1
1142760 2207.1
1142770 2201.9
1142780 2196.9
1142790 2196.9
1142800 2191.2
1142810 2184.6
1142820 2184.6
1142830 2178.0
1142840 2171.7
1142850 2169.6
1142860 2162.9
1142870 2156.2
1142880 2156.2
1142890 2149.5
1142900 2142.4
1142910 2142.4
1142920 2136.0
1142930 2129.5
1142940 2123.3
1142950 2123.3
1142960 2117.3
1142970 2111.9
1142980 2111.9
1142990 2106.5
1143000 2101.1
1143010 2101.1
1143020 2095.9
1143030 2091.3
1143040 2091.3
1143050 2086.8
1143060 2083.0
1143070 2083.0
1143080 2079.6
1143090 2075.8
1143100 2075.8
1143110 2072.0
1143120 2068.3
1143130 2064.6
1143140 2064.6
1143150 2061.8
1143160 2059.1
1143170 2059.1
1143180 2056.2
1143190 2053.1
1143200 2053.1
1143210 2049.9
1143220 2046.4
1143230 2046.4
1143240 2043.8
1143250 2041.4
1143260 2041.4
1143270 2039.3
1143280 2037.9
1143290 2037.9
1143300 2036.5
1143310 2035.0
1143320 2033.1
1143330 2033.1
1143340 2030.5
1143350 2029.3
1143360 2029.3
1143370 2027.9
1143380 2026.4
1143390 2026.4
1143400 2025.5
1143410 2024.9
1143420 2024.9
1143430 2023.7
1143440 2022.5
1143450 2022.5
1143460 2021.4
1143470 2019.4
1143480 2019.4
1143490 2017.5
1143500 2015.9
1143510 2015.9
1143520 2016.4
1143530 2018.9
1143540 2022.6
1143550 2022.6
1143560 2026.3
1143570 2029.4
1143580 2029.4
1143590 2035.9
1143600 2040.0
1143610 2040.0
1143620 2043.6
1143630 2046.3
1143640 2046.3
1143650 2049.0
1143660 2051.5
1143670 2051.5
1143680 2055.1
1143690 2059.1
1143700 2059.1
1143710 2061.8
1143720 2063.9
1143730 2065.6
1143740 2065.6
1143750 2067.4
1143760 2070.8
1143770 2070.8
1143780 2074.3
1143790 2076.0
1143800 2076.0
1143810 2077.0
1143820 2077.6
1143830 2077.6
1143840 2078.2
1143850 2079.7
1143860 2079.7
1143870 2080.4
1143880 2081.0
1143890 2081.0
1143900 2082.9
1143910 2085.3
1143920 2085.3
1143930 2087.4
1143940 2089.1
1143950 2090.4
1143960 2091.9
1143970 2093.2
1143980 2094.7
1143990 2094.7
1144000 2095.9
1144010 2098.0
1144020 2098.0
1144030 2102.1
1144040 2106.0
1144050 2106.0
1144060 2109.7
1144070 2114.1
1144080 2114.1
1144090 2117.6
1144100 2118.7
1144110 2118.7
1144120 2118.2
1144130 2121.5
1144140 2125.8
1144150 2125.8
1144160 2130.1
1144170 2134.1
1144180 2134.1
1144190 2137.8
1144200 2140.0
1144210 2140.0
1144220 2142.3
1144230 2144.5
1144240 2144.5
1144250 2146.7
1144260 2148.3
1144270 2148.3
1144280 2150.7
1144290 2154.6
1144300 2154.6
1144310 2158.0
1144320 2161.8
1144330 2164.5
1144340 2164.5
1144350 2169.3
1144360 2173.5
1144370 2173.5
1144380 2176.9
1144390 2180.6
1144400 2180.6
1144410 2184.1
1144420 2188.6
1144430 2188.6
1144440 2192.5
1144450 2195.3
1144460 2195.3
1144470 2196.9
1144480 2199.0
1144490 2199.0
1144500 2200.9
1144510 2202.5
1144520 2202.5
1144530 2202.0
1144540 2200.8
1144550 2203.0
1144560 2203.0
1144570 2206.8
1144580 2209.7
1144590 2209.7
1144600 2213.4
1144610 2216.8
1144620 2216.8
1144630 2218.7
1144640 2217.1
1144650 2217.1
1144660 2213.4
1144670 2215.5
1144680 2215.5
1144690 2222.3
1144700 2228.0
1144710 2226.2
1144720 2231.4
1144730 2235.2
1144740 2237.2
1144750 2237.2
1144760 2238.3
1144770 2238.9
1144780 2238.9
1144790 2240.3
1144800 2243.2
1144810 2243.2
1144820 2245.4
1144830 2248.4
1144840 2248.4
1144850 2251.7
1144860 2254.0
1144870 2254.0
1144880 2256.6
1144890 2260.0
1144900 2260.0
1144910 2263.3
1144920 2266.2
1144930 2266.2
1144940 2269.0
1144950 2272.5
1144960 2275.9
1144970 2275.9
1144980 2278.4
1144990 2282.1
1145000 2282.1
1145010 2286.5
1145020 2290.2
1145030 2290.2
1145040 2292.2
1145050 2294.0
1145060 2294.0
1145070 2296.1
1145080 2302.0
1145090 2302.0
1145100 2304.4
1145110 2308.5
1145120 2308.5
1145130 2314.3
1145140 2322.1
1145150 2329.4
1145160 2329.4
1145170 2336.1
1145180 2341.4
1145190 2341.4
1145200 2345.1
1145210 2347.7
1145220 2347.7
1145230 2349.9
1145240 2349.8
1145250 2349.8
1145260 2347.0
1145270 2343.4
1145280 2343.4
1145290 2341.4
1145300 2340.9
1145310 2340.9
1145320 2342.4
1145330 2345.1
1145340 2347.5
1145350 2347.5
1145360 2348.2
1145370 2345.7
1145380 2345.7
1145390 2342.2
1145400 2339.6
1145410 2339.6
1145420 2337.7
1145430 2335.5
1145440 2335.5
1145450 2334.9
1145460 2330.2
1145470 2330.2
1145480 2324.2
1145490 2318.6
1145500 2318.6
1145510 2313.7
1145520 2309.5
1145530 2309.5
1145540 2306.0
1145550 2302.6
1145560 2298.8
1145570 2298.8
1145580 2294.8
1145590 2291.6
1145600 2291.6
1145610 2289.2
1145620 2286.9
1145630 2286.9
1145640 2284.9
1145650 2283.2
1145660 2283.2
1145670 2281.9
1145680 2280.6
1145690 2280.6
1145700 2277.9
1145710 2274.3
1145720 2274.3
1145730 2270.3
1145740 2266.9
1145750 2271.4
1145760 2271.4
1145770 2277.8
1145780 2283.0
1145790 2283.0
1145800 2286.0
1145810 2285.6
1145820 2285.6
1145830 2285.3
1145840 2285.1
1145850 2285.1
1145860 2285.4
1145870 2285.3
1145880 2285.3
1145890 2284.6
1145900 2285.2
1145910 2285.2
1145920 2286.2
1145930 2287.4
1145940 2287.4
1145950 2289.2
1145960 2291.5
1145970 2294.0
1145980 2294.0
1145990 2296.2
1146000 2298.9
1146010 2298.9
1146020 2302.0
1146030 2305.5
1146040 2305.5
1146050 2309.6
1146060 2314.0
1146070 2314.0
1146080 2318.7
1146090 2323.0
1146100 2323.0
1146110 2326.2
1146120 2328.9
1146130 2328.9
1146140 2332.4
1146150 2335.3
1146160 2338.9
1146170 2338.9
1146180 2344.2
1146190 2350.1
1146200 2350.5
1146210 2353.2
1146220 2355.9
1146230 2355.9
1146240 2358.1
1146250 2360.5
1146260 2360.5
1146270 2362.9
1146280 2365.3
1146290 2365.3
1146300 2367.5
1146310 2369.3
1146320 2369.3
1146330 2371.3
1146340 2373.0
1146350 2374.9
1146360 2374.9
1146370 2377.0
1146380 2378.6
1146390 2378.6
1146400 2380.1
1146410 2381.6
1146420 2381.6
1146430 2382.4
1146440 2383.8
1146450 2383.8
1146460 2385.4
1146470 2388.1
1146480 2388.1
1146490 2392.3
1146500 2396.9
1146510 2396.9
1146520 2400.7
1146530 2404.7
1146540 2404.7
1146550 2409.2
1146560 2413.5
1146570 2421.7
1146580 2421.7
1146590 2425.8
1146600 2429.7
1146610 2429.7
1146620 2433.9
1146630 2436.5
1146640 2436.5
1146650 2437.1
1146660 2437.8
1146670 2437.8
1146680 2438.5
1146690 2444.8
1146700 2444.8
1146710 2450.1
1146720 2453.7
1146730 2453.7
1146740 2456.8
1146750 2459.9
1146760 2463.0
1146770 2463.0
1146780 2466.0
1146790 2468.9
1146800 2468.9
1146810 2473.0
1146820 2477.0
1146830 2477.0
1146840 2479.6
1146850 2481.8
1146860 2481.8
1146870 2484.2
1146880 2487.1
1146890 2487.1
1146900 2490.4
1146910 2493.4
1146920 2493.4
1146930 2495.5
1146940 2498.3
1146950 2498.9
1146960 2502.2
1146970 2505.9
1146980 2510.2
1146990 2510.2
1147000 2515.7
1147010 2520.9
1147020 2520.9
1147030 2525.9
1147040 2530.9
1147050 2530.9
1147060 2535.6
1147070 2540.0
1147080 2540.0
1147090 2544.4
1147100 2549.8
1147110 2549.8
1147120 2556.1
1147130 2562.7
1147140 2562.7
1147150 2569.3
1147160 2575.8
1147170 2582.2
1147180 2582.2
1147190 2588.5
1147200 2594.8
1147210 2594.8
1147220 2601.0
1147230 2607.2
1147240 2607.2
1147250 2613.3
1147260 2619.4
1147270 2619.4
1147280 2625.7
1147290 2632.9
1147300 2632.9
1147310 2641.5
1147320 2644.4
1147330 2644.4
1147340 2651.8
1147350 2659.1
1147360 2667.3
1147370 2667.3
1147380 2674.4
1147390 2681.9
1147400 2681.9
1147410 2691.3
1147420 2699.1
1147430 2699.1
1147440 2706.6
1147450 2709.8
1147460 2709.8
1147470 2710.4
1147480 2704.4
1147490 2704.4
1147500 2697.4
1147510 2690.9
1147520 2690.9
1147530 2685.3
1147540 2680.4
1147550 2680.4
1147560 2676.7
1147570 2671.3
1147580 2666.7
1147590 2666.7
1147600 2663.6
1147610 2660.8
1147620 2660.8
1147630 2658.1
1147640 2655.1
1147650 2655.1
1147660 2652.1
1147670 2648.9
1147680 2648.9
1147690 2645.4
1147700 2639.0
1147710 2639.0
1147720 2634.7
1147730 2631.0
1147740 2631.0
1147750 2627.5
1147760 2624.8
1147770 2623.5
1147780 2623.5
1147790 2622.4
1147800 2621.1
1147810 2621.1
1147820 2619.5
1147830 2617.7
1147840 2617.7
1147850 2615.9
1147860 2614.1
1147870 2614.1
1147880 2612.4
1147890 2610.8
1147900 2610.8
1147910 2609.3
1147920 2607.9
1147930 2607.9
1147940 2606.4
1147950 2604.6
1147960 2602.3
1147970 2602.3
1147980 2599.7
1147990 2596.8
1148000 2596.8
1148010 2593.5
1148020 2589.7
1148030 2589.7
1148040 2585.5
1148050 2581.4
1148060 2581.4
1148070 2574.9
1148080 2571.2
1148090 2571.2
1148100 2568.9
1148110 2566.8
1148120 2566.8
1148130 2564.9
1148140 2562.7
1148150 2562.7
1148160 2559.8
1148170 2557.0
1148180 2554.2
1148190 2554.2
1148200 2551.4
1148210 2548.2
1148220 2548.2
1148230 2545.1
1148240 2542.0
1148250 2542.0
1148260 2538.0
1148270 2532.5
1148280 2532.5
1148290 2527.5
1148300 2521.9
1148310 2521.9
1148320 2518.5
1148330 2516.2
1148340 2516.2
1148350 2513.1
1148360 2510.1
1148370 2507.0
1148380 2507.0
1148390 2503.1
1148400 2500.1
1148410 2500.1
1148420 2498.0
1148430 2495.6
1148440 2495.6
1148450 2489.5
1148460 2486.4
1148470 2486.4
1148480 2482.0
1148490 2479.2
1148500 2479.2
1148510 2478.7
1148520 2476.7
1148530 2476.7
1148540 2475.4
1148550 2476.2
1148560 2476.2
1148570 2476.6
1148580 2476.6
1148590 2475.4
1148600 2475.4
1148610 2474.7
1148620 2474.1
1148630 2474.1
1148640 2473.3
1148650 2473.9
1148660 2473.9
1148670 2475.1
1148680 2476.2
1148690 2476.2
1148700 2476.3
1148710 2475.8
1148720 2475.8
1148730 2474.4
1148740 2474.8
1148750 2474.8
1148760 2475.7
1148770 2475.9
1148780 2474.8
1148790 2474.8
1148800 2472.5
1148810 2471.8
1148820 2471.8
1148830 2468.2
1148840 2468.8
1148850 2468.8
1148860 2469.6
1148870 2468.3
1148880 2468.3
1148890 2465.0
1148900 2462.2
1148910 2462.2
1148920 2463.6
1148930 2467.0
1148940 2467.0
1148950 2468.9
1148960 2474.8
1148970 2479.9
1148980 2479.9
1148990 2484.0
1149000 2486.3
1149010 2486.3
1149020 2486.7
1149030 2486.9
1149040 2486.9
1149050 2487.3
1149060 2488.2
1149070 2488.2
1149080 2492.1
1149090 2495.0
1149100 2495.0
1149110 2497.6
1149120 2499.4
1149130 2499.4
1149140 2500.9
1149150 2504.3
1149160 2504.3
1149170 2510.5
1149180 2516.8
1149190 2522.7
1149200 2524.7
1149210 2531.1
1149220 2536.1
1149230 2536.1
1149240 2539.1
1149250 2539.7
1149260 2539.7
1149270 2538.4
1149280 2536.2
1149290 2536.2
1149300 2531.5
1149310 2526.3
1149320 2526.3
1149330 2520.0
1149340 2512.7
1149350 2512.7
1149360 2505.5
1149370 2497.7
1149380 2488.0
1149390 2488.0
1149400 2478.6
1149410 2469.4
1149420 2469.4
1149430 2460.3
1149440 2451.3
1149450 2451.3
1149460 2444.0
1149470 2441.5
1149480 2441.5
1149490 2437.4
1149500 2431.6
1149510 2431.6
1149520 2426.6
1149530 2422.3
1149540 2422.3
1149550 2418.0
1149560 2413.6
1149570 2413.6
1149580 2403.1
1149590 2405.2
1149600 2410.4
1149610 2410.4
1149620 2415.6
1149630 2421.2
1149640 2421.2
1149650 2427.6
1149660 2434.4
1149670 2434.4
1149680 2441.5
1149690 2448.9
1149700 2448.9
1149710 2456.6
1149720 2464.5
1149730 2464.5
1149740 2472.2
1149750 2479.9
1149760 2479.9
1149770 2487.2
1149780 2494.6
1149790 2502.0
1149800 2502.0
1149810 2509.1
1149820 2516.3
1149830 2516.3
1149840 2523.3
1149850 2529.1
1149860 2529.1
1149870 2527.5
1149880 2519.8
1149890 2519.8
1149900 2512.6
1149910 2506.0
1149920 2506.0
1149930 2499.7
1149940 2493.4
1149950 2493.4
1149960 2483.5
1149970 2481.8
1149980 2477.5
1149990 2477.5
1150000 2477.3
1150010 2484.0
1150020 2484.0
1150030 2488.7
1150040 2485.1
1150050 2485.1
1150060 2479.8
1150070 2476.7
1150080 2476.7
1150090 2471.0
1150100 2478.2
1150110 2478.2
1150120 2486.1
1150130 2493.3
1150140 2493.3
1150150 2504.2
1150160 2516.1
1150170 2516.1
1150180 2528.2
1150190 2546.7
1150200 2559.3
1150210 2559.3
1150220 2554.9
1150230 2547.6
1150240 2547.6
1150250 2545.6
1150260 2537.0
1150270 2537.0
