1140000 2521.6
1140010 2526.8
1140020 2532.6
1140030 2532.6
1140040 2538.3
1140050 2543.7
1140060 2543.7
1140070 2548.7
1140080 2553.8
1140090 2559.6
1140100 2559.6
1140110 2567.3
1140120 2574.1
1140130 2574.1
1140140 2581.2
1140150 2587.7
1140160 2587.7
1140170 2594.1
1140180 2602.6
1140190 2602.6
1140200 2610.0
1140210 2618.7
1140220 2618.7
1140230 2625.6
1140240 2630.1
1140250 2630.1
1140260 2636.7
1140270 2640.8
1140280 2648.2
1140290 2648.2
1140300 2654.0
1140310 2659.5
1140320 2659.5
1140330 2666.7
1140340 2681.7
1140350 2671.6
1140360 2688.5
1140370 2700.6
1140380 2700.6
1140390 2705.8
1140400 2706.3
1140410 2706.3
1140420 2711.1
1140430 2715.0
1140440 2715.0
1140450 2719.8
1140460 2725.0
1140470 2725.0
1140480 2730.4
1140490 2736.2
1140500 2741.0
1140510 2741.0
1140520 2747.9
1140530 2758.5
1140540 2758.5
1140550 2766.0
1140560 2771.5
1140570 2771.5
1140580 2777.9
1140590 2786.3
1140600 2786.3
1140610 2794.6
1140620 2802.7
1140630 2802.7
1140640 2811.0
1140650 2819.6
1140660 2819.6
1140670 2827.9
1140680 2837.5
1140690 2845.9
1140700 2845.9
1140710 2853.3
1140720 2862.4
1140730 2862.4
1140740 2870.8
1140750 2871.4
1140760 2871.4
1140770 2870.4
1140780 2873.8
1140790 2873.8
1140800 2877.9
1140810 2882.2
1140820 2882.2
1140830 2883.9
1140840 2886.1
1140850 2886.1
1140860 2886.5
1140870 2880.0
1140880 2880.0
1140890 2870.4
1140900 2862.3
1140910 2856.1
1140920 2856.1
1140930 2850.4
1140940 2844.9
1140950 2844.9
1140960 2840.1
1140970 2836.9
1140980 2836.9
1140990 2832.9
1141000 2831.4
1141010 2831.4
1141020 2832.2
1141030 2835.0
1141040 2835.0
1141050 2839.5
1141060 2845.2
1141070 2845.2
1141080 2847.6
1141090 2820.2
1141100 2811.9
1141110 2811.9
1141120 2803.8
1141130 2795.9
1141140 2795.9
1141150 2788.7
1141160 2782.3
1141170 2782.3
1141180 2777.6
1141190 2775.0
1141200 2775.0
1141210 2775.7
1141220 2775.8
1141230 2775.8
1141240 2776.0
1141250 2776.3
1141260 2776.3
1141270 2770.6
1141280 2763.1
1141290 2759.3
1141300 2759.3
1141310 2758.0
1141320 2755.2
1141330 2755.2
1141340 2751.2
1141350 2752.7
1141360 2752.7
1141370 2770.8
1141380 2770.7
1141390 2770.7
1141400 2758.0
1141410 2764.5
1141420 2764.5
1141430 2772.3
1141440 2771.6
1141450 2759.5
1141460 2761.3
1141470 2751.9
1141480 2751.9
1141490 2738.3
1141500 2726.4
1141510 2717.8
1141520 2717.8
1141530 2715.3
1141540 2708.9
1141550 2708.9
1141560 2694.5
1141570 2685.5
1141580 2685.5
1141590 2675.3
1141600 2658.3
1141610 2658.3
1141620 2647.5
1141630 2638.9
1141640 2638.9
1141650 2635.7
1141660 2639.6
1141670 2639.6
1141680 2644.8
1141690 2649.0
1141700 2651.5
1141710 2651.5
1141720 2644.4
1141730 2636.0
1141740 2636.0
1141750 2626.8
1141760 2614.4
1141770 2614.4
1141780 2603.9
1141790 2594.2
1141800 2594.2
1141810 2585.8
1141820 2567.6
1141830 2567.6
1141840 2563.9
1141850 2561.0
1141860 2561.0
1141870 2555.9
1141880 2554.1
1141890 2554.1
1141900 2552.4
1141910 2549.9
1141920 2547.5
1141930 2547.5
1141940 2544.6
1141950 2542.0
1141960 2542.0
1141970 2541.1
1141980 2542.0
1141990 2542.0
1142000 2543.8
1142010 2544.4
1142020 2544.4
1142030 2547.5
1142040 2553.7
1142050 2553.7
1142060 2560.6
1142070 2568.0
1142080 2568.0
1142090 2575.1
1142100 2579.8
1142110 2583.4
1142120 2583.4
1142130 2582.2
1142140 2568.2
1142150 2568.2
1142160 2552.6
1142170 2551.9
1142180 2551.9
1142190 2534.3
1142200 2529.2
1142210 2529.2
1142220 2527.2
1142230 2516.4
1142240 2516.4
1142250 2506.0
1142260 2499.0
1142270 2499.0
1142280 2493.4
1142290 2488.6
1142300 2488.6
1142310 2484.5
1142320 2481.0
1142330 2477.6
1142340 2477.6
1142350 2474.7
1142360 2469.8
1142370 2469.8
1142380 2464.4
1142390 2458.1
1142400 2458.1
1142410 2450.9
1142420 2444.6
1142430 2444.6
1142440 2439.9
1142450 2434.8
1142460 2434.8
1142470 2432.9
1142480 2430.7
1142490 2430.7
1142500 2422.4
1142510 2414.8
1142520 2404.8
1142530 2404.8
1142540 2397.1
1142550 2391.6
1142560 2385.8
1142570 2380.1
1142580 2375.9
1142590 2375.9
1142600 2372.3
1142610 2366.2
1142620 2366.2
1142630 2361.3
1142640 2355.4
1142650 2355.4
1142660 2345.7
1142670 2334.3
1142680 2334.3
1142690 2325.3
1142700 2317.2
1142710 2311.3
1142720 2311.3
1142730 2305.1
1142740 2299.7
1142750 2299.7
1142760 2294.7
1142770 2289.4
1142780 2289.4
1142790 2282.0
1142800 2274.4
1142810 2274.4
1142820 2267.8
1142830 2261.6
1142840 2261.6
1142850 2254.9
1142860 2246.0
1142870 2246.0
1142880 2236.7
1142890 2227.3
1142900 2227.3
1142910 2218.1
1142920 2211.0
1142930 2201.8
1142940 2201.8
1142950 2196.2
1142960 2190.7
1142970 2190.7
1142980 2185.4
1142990 2180.5
1143000 2180.5
1143010 2176.4
1143020 2173.0
1143030 2173.0
1143040 2169.8
1143050 2166.2
1143060 2166.2
1143070 2161.9
1143080 2158.2
1143090 2158.2
1143100 2153.8
1143110 2149.4
1143120 2145.1
1143130 2145.1
1143140 2140.9
1143150 2136.6
1143160 2136.6
1143170 2132.3
1143180 2128.0
1143190 2128.0
1143200 2123.9
1143210 2119.8
1143220 2119.8
1143230 2115.5
1143240 2111.1
1143250 2111.1
1143260 2106.6
1143270 2101.9
1143280 2101.9
1143290 2097.3
1143300 2090.2
1143310 2090.2
1143320 2085.7
1143330 2081.1
1143340 2076.3
1143350 2076.3
1143360 2071.9
1143370 2067.4
1143380 2067.4
1143390 2063.0
1143400 2058.6
1143410 2058.6
1143420 2054.3
1143430 2050.0
1143440 2050.0
1143450 2045.8
1143460 2041.6
1143470 2041.6
1143480 2037.5
1143490 2033.5
1143500 2033.5
1143510 2029.6
1143520 2025.5
1143530 2021.0
1143540 2021.0
1143550 2016.3
1143560 2012.0
1143570 2012.0
1143580 2007.8
1143590 2003.5
1143600 2003.5
1143610 1999.8
1143620 1996.2
1143630 1996.2
1143640 1992.6
1143650 1989.6
1143660 1989.6
1143670 1986.0
1143680 1984.4
1143690 1984.4
1143700 1982.1
1143710 1979.6
1143720 1979.6
1143730 1977.0
1143740 1974.3
1143750 1972.6
1143760 1972.6
1143770 1972.7
1143780 1973.9
1143790 1973.9
1143800 1975.5
1143810 1975.7
1143820 1975.7
1143830 1975.6
1143840 1975.6
1143850 1975.6
1143860 1975.5
1143870 1975.4
1143880 1975.4
1143890 1975.7
1143900 1976.8
1143910 1976.8
1143920 1978.4
1143930 1980.7
1143940 1985.0
1143950 1985.0
1143960 1989.1
1143970 1993.4
1143980 1993.4
1143990 1998.9
1144000 2003.8
1144010 2003.8
1144020 2008.3
1144030 2013.3
1144040 2013.3
1144050 2020.7
1144060 2027.0
1144070 2027.0
1144080 2032.3
1144090 2036.1
1144100 2036.1
1144110 2038.7
1144120 2039.9
1144130 2041.2
1144140 2041.2
1144150 2044.1
1144160 2045.8
1144170 2045.8
1144180 2048.3
1144190 2053.0
1144200 2053.0
1144210 2060.1
1144220 2065.2
1144230 2065.2
1144240 2065.5
1144250 2065.0
1144260 2065.0
1144270 2063.7
1144280 2064.0
1144290 2064.0
1144300 2064.8
1144310 2066.0
1144320 2066.0
1144330 2067.8
1144340 2070.9
1144350 2075.7
1144360 2075.7
1144370 2077.4
1144380 2076.7
1144390 2076.7
1144400 2074.9
1144410 2073.4
1144420 2077.5
1144430 2078.4
1144440 2079.7
1144450 2079.7
1144460 2080.5
1144470 2081.6
1144480 2081.6
1144490 2082.8
1144500 2084.0
1144510 2084.0
1144520 2084.8
1144530 2085.9
1144540 2086.7
1144550 2086.7
1144560 2087.5
1144570 2088.0
1144580 2088.0
1144590 2089.2
1144600 2089.1
1144610 2089.1
1144620 2087.8
1144630 2085.5
1144640 2085.5
1144650 2086.1
1144660 2088.9
1144670 2088.9
1144680 2091.2
1144690 2093.3
1144700 2093.3
1144710 2095.9
1144720 2098.3
1144730 2098.3
1144740 2100.8
1144750 2103.3
1144760 2106.5
1144770 2106.5
1144780 2109.7
1144790 2114.4
1144800 2114.4
1144810 2118.6
1144820 2121.3
1144830 2121.3
1144840 2124.4
1144850 2127.0
1144860 2127.0
1144870 2129.5
1144880 2131.6
1144890 2131.6
1144900 2134.6
1144910 2137.2
1144920 2137.2
1144930 2139.6
1144940 2142.1
1144950 2144.5
1144960 2144.5
1144970 2146.0
1144980 2147.4
1144990 2147.4
1145000 2149.3
1145010 2151.3
1145020 2151.3
1145030 2153.0
1145040 2153.4
1145050 2153.4
1145060 2151.9
1145070 2149.8
1145080 2149.8
1145090 2147.2
1145100 2144.8
1145110 2144.8
1145120 2142.8
1145130 2140.8
1145140 2139.8
1145150 2139.8
1145160 2143.8
1145170 2144.1
1145180 2144.1
1145190 2144.5
1145200 2144.1
1145210 2144.1
1145220 2145.1
1145230 2146.8
1145240 2146.8
1145250 2148.9
1145260 2151.5
1145270 2151.5
1145280 2153.9
1145290 2156.7
1145300 2156.7
1145310 2158.8
1145320 2160.7
1145330 2160.7
1145340 2162.3
1145350 2163.8
1145360 2164.4
1145370 2164.4
1145380 2164.6
1145390 2164.8
1145400 2164.8
1145410 2164.7
1145420 2165.2
1145430 2165.2
1145440 2166.9
1145450 2170.8
1145460 2170.8
1145470 2175.6
1145480 2178.8
1145490 2178.8
1145500 2180.3
1145510 2181.0
1145520 2181.0
1145530 2181.7
1145540 2184.5
1145550 2186.0
1145560 2186.0
1145570 2186.7
1145580 2184.8
1145590 2184.8
1145600 2180.5
1145610 2174.7
1145620 2174.7
1145630 2171.7
1145640 2171.7
1145650 2171.7
1145660 2174.9
1145670 2178.4
1145680 2178.4
1145690 2182.6
1145700 2187.0
1145710 2187.0
1145720 2190.1
1145730 2191.9
1145740 2191.9
1145750 2194.8
1145760 2196.9
1145770 2198.6
1145780 2198.6
1145790 2200.2
1145800 2201.5
1145810 2201.5
1145820 2203.8
1145830 2206.4
1145840 2206.4
1145850 2209.0
1145860 2211.6
1145870 2211.6
1145880 2214.8
1145890 2217.9
1145900 2217.9
1145910 2218.5
1145920 2220.9
1145930 2220.9
1145940 2224.0
1145950 2228.1
1145960 2232.5
1145970 2232.5
1145980 2237.6
1145990 2241.3
1146000 2241.3
1146010 2244.4
1146020 2248.0
1146030 2248.0
1146040 2252.7
1146050 2257.1
1146060 2257.1
1146070 2262.3
1146080 2266.8
1146090 2266.8
1146100 2271.0
1146110 2275.2
1146120 2275.2
1146130 2279.8
1146140 2285.2
1146150 2285.2
1146160 2289.6
1146170 2294.0
1146180 2298.3
1146190 2298.3
1146200 2304.1
1146210 2310.2
1146220 2310.2
1146230 2316.4
1146240 2320.9
1146250 2320.9
1146260 2324.3
1146270 2330.0
1146280 2329.6
1146290 2335.4
1146300 2342.3
1146310 2342.3
1146320 2348.5
1146330 2355.1
1146340 2355.1
1146350 2361.4
1146360 2366.4
1146370 2370.6
1146380 2370.6
1146390 2375.3
1146400 2380.4
1146410 2380.4
1146420 2386.7
1146430 2393.0
1146440 2393.0
1146450 2398.8
1146460 2404.8
1146470 2404.8
1146480 2413.0
1146490 2421.6
1146500 2421.6
1146510 2430.3
1146520 2438.7
1146530 2438.7
1146540 2447.6
1146550 2456.6
1146560 2466.0
1146570 2466.0
1146580 2474.0
1146590 2481.4
1146600 2481.4
1146610 2489.6
1146620 2497.4
1146630 2497.4
1146640 2504.4
1146650 2512.0
1146660 2504.6
1146670 2511.7
1146680 2518.5
1146690 2518.5
1146700 2524.8
1146710 2530.0
1146720 2530.0
1146730 2535.2
1146740 2540.1
1146750 2540.1
1146760 2543.8
1146770 2546.1
1146780 2548.8
1146790 2548.8
1146800 2553.4
1146810 2559.1
1146820 2559.1
1146830 2564.7
1146840 2569.8
1146850 2569.8
1146860 2575.8
1146870 2581.7
1146880 2581.7
1146890 2587.7
1146900 2593.8
1146910 2593.8
1146920 2601.0
1146930 2608.7
1146940 2608.7
1146950 2615.6
1146960 2622.5
1146970 2630.2
1146980 2630.2
1146990 2638.8
1147000 2646.2
1147010 2646.2
1147020 2652.7
1147030 2660.2
1147040 2660.2
1147050 2666.5
1147060 2672.8
1147070 2672.8
1147080 2679.5
1147090 2686.5
1147100 2686.5
1147110 2690.2
1147120 2692.3
1147130 2692.3
1147140 2694.5
1147150 2697.0
1147160 2697.0
1147170 2700.2
1147180 2704.3
1147190 2709.1
1147200 2709.1
1147210 2714.3
1147220 2719.5
1147230 2719.5
1147240 2724.6
1147250 2730.3
1147260 2730.3
1147270 2735.5
1147280 2741.4
1147290 2741.4
1147300 2747.2
1147310 2752.6
1147320 2752.6
1147330 2758.9
1147340 2765.2
1147350 2765.2
1147360 2768.9
1147370 2770.7
1147380 2776.5
1147390 2776.5
1147400 2782.8
1147410 2788.5
1147420 2788.5
1147430 2794.9
1147440 2801.9
1147450 2801.9
1147460 2808.1
1147470 2813.9
1147480 2813.9
1147490 2819.5
1147500 2825.8
1147510 2825.8
1147520 2832.9
1147530 2837.1
1147540 2837.1
1147550 2839.4
1147560 2843.7
1147570 2850.0
1147580 2850.0
1147590 2854.2
1147600 2857.6
1147610 2857.6
1147620 2860.7
1147630 2862.9
1147640 2862.9
1147650 2862.4
1147660 2860.1
1147670 2860.1
1147680 2856.4
1147690 2850.8
1147700 2850.8
1147710 2844.5
1147720 2839.1
1147730 2839.1
1147740 2833.5
1147750 2827.4
1147760 2827.4
1147770 2821.3
1147780 2812.0
1147790 2805.7
1147800 2805.7
1147810 2798.9
1147820 2792.0
1147830 2792.0
1147840 2785.2
1147850 2778.5
1147860 2778.5
1147870 2772.0
1147880 2765.9
1147890 2765.9
1147900 2759.8
1147910 2753.4
1147920 2753.4
1147930 2746.7
1147940 2739.7
1147950 2739.7
1147960 2735.5
1147970 2729.9
1147980 2724.0
1147990 2724.0
1148000 2719.0
1148010 2714.3
1148020 2714.3
1148030 2709.8
1148040 2705.5
1148050 2705.5
1148060 2701.5
1148070 2699.0
1148080 2699.0
1148090 2696.7
1148100 2693.2
1148110 2693.2
1148120 2689.9
1148130 2688.6
1148140 2688.6
1148150 2687.4
1148160 2680.8
1148170 2680.8
1148180 2678.2
1148190 2675.9
1148200 2674.1
1148210 2674.1
1148220 2673.6
1148230 2673.9
1148240 2673.9
1148250 2673.8
1148260 2672.8
1148270 2672.8
1148280 2670.7
1148290 2668.0
1148300 2668.0
1148310 2664.9
1148320 2662.4
1148330 2662.4
1148340 2661.1
1148350 2658.5
1148360 2658.5
1148370 2656.6
1148380 2656.1
1148390 2652.8
1148400 2652.8
1148410 2651.2
1148420 2650.0
1148430 2650.0
1148440 2648.5
1148450 2648.2
1148460 2648.2
1148470 2648.1
1148480 2648.4
1148490 2648.4
1148500 2649.1
1148510 2649.5
1148520 2649.5
1148530 2644.1
1148540 2642.8
1148550 2642.8
1148560 2640.7
1148570 2640.3
1148580 2640.3
1148590 2639.0
1148600 2638.9
1148610 2639.1
1148620 2639.1
1148630 2640.0
1148640 2641.6
1148650 2641.6
1148660 2642.6
1148670 2643.8
1148680 2643.8
1148690 2644.9
1148700 2645.8
1148710 2645.8
1148720 2646.9
1148730 2648.0
1148740 2648.0
1148750 2649.4
1148760 2653.3
1148770 2653.3
1148780 2657.0
1148790 2659.7
1148800 2662.3
1148810 2662.3
1148820 2664.9
1148830 2666.5
1148840 2666.5
1148850 2667.6
1148860 2670.6
1148870 2670.6
1148880 2674.1
1148890 2674.5
1148900 2674.5
1148910 2674.1
1148920 2676.4
1148930 2676.4
1148940 2678.5
1148950 2681.1
1148960 2681.1
1148970 2681.8
1148980 2680.5
1148990 2677.4
1149000 2677.4
1149010 2674.4
1149020 2674.4
1149030 2674.4
1149040 2674.9
1149050 2674.4
1149060 2674.4
1149070 2668.6
1149080 2661.8
1149090 2661.8
1149100 2655.1
1149110 2647.4
1149120 2647.4
1149130 2640.0
1149140 2636.2
1149150 2636.2
1149160 2633.7
1149170 2631.1
1149180 2631.1
1149190 2627.0
1149200 2622.5
1149210 2619.2
1149220 2619.2
1149230 2617.2
1149240 2617.0
1149250 2617.0
1149260 2615.2
1149270 2611.5
1149280 2611.5
1149290 2606.1
1149300 2603.7
1149310 2603.7
1149320 2600.7
1149330 2598.5
1149340 2598.5
1149350 2594.6
1149360 2591.8
1149370 2591.8
1149380 2595.0
1149390 2598.2
1149400 2601.7
1149410 2601.7
1149420 2604.9
1149430 2607.6
1149440 2607.6
1149450 2610.0
1149460 2611.9
1149470 2611.9
1149480 2613.9
1149490 2616.0
1149500 2616.0
1149510 2613.3
1149520 2608.8
1149530 2608.8
1149540 2606.6
1149550 2606.8
1149560 2606.8
1149570 2606.7
1149580 2606.0
1149590 2606.0
1149600 2606.6
1149610 2601.4
1149620 2593.2
1149630 2593.2
1149640 2590.1
1149650 2589.8
1149660 2589.8
1149670 2593.6
1149680 2591.8
1149690 2591.8
1149700 2589.0
1149710 2586.8
1149720 2586.8
1149730 2585.6
1149740 2586.5
1149750 2586.5
1149760 2588.7
1149770 2592.2
1149780 2592.2
1149790 2595.2
1149800 2597.2
1149810 2600.0
1149820 2600.0
1149830 2603.4
1149840 2607.0
1149850 2607.0
1149860 2611.7
1149870 2615.7
1149880 2615.7
1149890 2618.9
1149900 2621.5
1149910 2621.5
1149920 2624.4
1149930 2628.1
1149940 2628.1
1149950 2632.4
1149960 2637.5
1149970 2637.5
1149980 2643.0
1149990 2648.9
1150000 2654.8
1150010 2654.8
1150020 2660.6
1150030 2666.3
1150040 2666.5
1150050 2673.0
1150060 2679.2
1150070 2679.2
1150080 2685.4
1150090 2691.6
1150100 2691.6
1150110 2696.9
1150120 2701.3
1150130 2701.3
1150140 2704.2
1150150 2701.1
1150160 2701.1
1150170 2695.4
1150180 2690.8
1150190 2690.8
1150200 2686.5
1150210 2682.7
1150220 2680.0
1150230 2680.0
1150240 2677.4
1150250 2675.1
1150260 2675.1
1150270 2672.7
