1140000 2494.9
1140010 2503.6
1140020 2503.6
1140030 2507.8
1140040 2512.4
1140050 2516.2
1140060 2516.2
1140070 2521.5
1140080 2529.5
1140090 2529.5
1140100 2536.1
1140110 2542.9
1140120 2542.9
1140130 2549.6
1140140 2557.6
1140150 2557.6
1140160 2574.5
1140170 2584.7
1140180 2584.7
1140190 2593.6
1140200 2605.9
1140210 2605.9
1140220 2621.8
1140230 2629.8
1140240 2641.6
1140250 2641.6
1140260 2651.3
1140270 2665.6
1140280 2665.6
1140290 2668.0
1140300 2668.4
1140310 2668.4
1140320 2668.3
1140330 2669.4
1140340 2669.4
1140350 2671.0
1140360 2672.7
1140370 2672.7
1140380 2673.0
1140390 2674.0
1140400 2674.0
1140410 2677.8
1140420 2683.7
1140430 2683.7
1140440 2688.6
1140450 2692.1
1140460 2696.2
1140470 2696.2
1140480 2699.3
1140490 2703.2
1140500 2703.2
1140510 2694.6
1140520 2680.4
1140530 2680.4
1140540 2669.3
1140550 2668.0
1140560 2668.0
1140570 2663.6
1140580 2652.8
1140590 2652.8
1140600 2642.8
1140610 2628.6
1140620 2628.6
1140630 2620.6
1140640 2600.3
1140650 2591.6
1140660 2591.6
1140670 2585.3
1140680 2578.8
1140690 2578.8
1140700 2573.7
1140710 2565.9
1140720 2565.9
1140730 2560.1
1140740 2557.1
1140750 2557.1
1140760 2554.6
1140770 2552.3
1140780 2552.3
1140790 2550.2
1140800 2546.8
1140810 2546.8
1140820 2542.2
1140830 2538.9
1140840 2538.9
1140850 2536.8
1140860 2537.0
1140870 2540.0
1140880 2540.0
1140890 2545.1
1140900 2550.0
1140910 2550.0
1140920 2551.4
1140930 2552.7
1140940 2552.7
1140950 2553.9
1140960 2554.3
1140970 2554.3
1140980 2554.2
1140990 2555.0
1141000 2554.8
1141010 2554.9
1141020 2555.4
1141030 2555.4
1141040 2555.9
1141050 2556.2
1141060 2556.5
1141070 2556.5
1141080 2556.7
1141090 2558.1
1141100 2558.1
1141110 2558.6
1141120 2558.6
1141130 2558.6
1141140 2558.3
1141150 2560.1
1141160 2560.1
1141170 2558.6
1141180 2558.7
1141190 2558.7
1141200 2557.9
1141210 2554.2
1141220 2554.2
1141230 2550.5
1141240 2549.2
1141250 2549.2
1141260 2548.1
1141270 2548.4
1141280 2548.8
1141290 2548.8
1141300 2550.3
1141310 2550.9
1141320 2550.9
1141330 2551.5
1141340 2553.1
1141350 2553.1
1141360 2554.2
1141370 2553.9
1141380 2553.9
1141390 2553.8
1141400 2555.3
1141410 2555.3
1141420 2559.5
1141430 2561.7
1141440 2561.7
1141450 2561.9
1141460 2562.2
1141470 2565.4
1141480 2565.4
1141490 2570.6
1141500 2575.8
1141510 2575.8
1141520 2580.9
1141530 2586.0
1141540 2586.0
1141550 2591.4
1141560 2596.8
1141570 2596.8
1141580 2602.4
1141590 2608.2
1141600 2608.2
1141610 2614.1
1141620 2619.9
1141630 2619.9
1141640 2625.5
1141650 2631.1
1141660 2636.9
1141670 2636.9
1141680 2643.6
1141690 2652.2
1141700 2652.2
1141710 2661.7
1141720 2671.7
1141730 2671.7
1141740 2686.5
1141750 2695.4
1141760 2695.4
1141770 2704.5
1141780 2711.0
1141790 2711.0
1141800 2719.3
1141810 2727.4
1141820 2727.4
1141830 2736.0
1141840 2745.0
1141850 2745.0
1141860 2758.0
1141870 2769.8
1141880 2782.8
1141890 2782.8
1141900 2790.6
1141910 2800.1
1141920 2800.1
1141930 2809.7
1141940 2819.7
1141950 2819.7
1141960 2829.7
1141970 2840.3
1141980 2840.3
1141990 2851.7
1142000 2864.5
1142010 2864.5
1142020 2866.7
1142030 2853.9
1142040 2853.9
1142050 2842.1
1142060 2833.0
1142070 2827.0
1142080 2827.0
1142090 2824.9
1142100 2817.6
1142110 2807.9
1142120 2800.8
1142130 2791.9
1142140 2791.9
1142150 2781.8
1142160 2772.1
1142170 2772.1
1142180 2764.3
1142190 2758.6
1142200 2758.6
1142210 2752.2
1142220 2745.6
1142230 2745.6
1142240 2739.4
1142250 2735.3
1142260 2735.3
1142270 2732.4
1142280 2730.9
1142290 2728.6
1142300 2728.6
1142310 2722.2
1142320 2713.8
1142330 2713.8
1142340 2706.1
1142350 2701.1
1142360 2701.1
1142370 2699.2
1142380 2695.7
1142390 2695.7
1142400 2687.6
1142410 2677.2
1142420 2677.2
1142430 2665.8
1142440 2655.2
1142450 2655.2
1142460 2643.4
1142470 2638.0
1142480 2627.9
1142490 2627.9
1142500 2628.3
1142510 2624.5
1142520 2624.5
1142530 2619.0
1142540 2615.9
1142550 2615.9
1142560 2616.6
1142570 2612.1
1142580 2612.1
1142590 2603.0
1142600 2599.8
1142610 2599.8
1142620 2595.5
1142630 2594.8
1142640 2594.8
1142650 2590.1
1142660 2576.8
1142670 2576.8
1142680 2565.2
1142690 2556.8
1142700 2548.8
1142710 2548.8
1142720 2541.0
1142730 2535.4
1142740 2535.4
1142750 2530.3
1142760 2524.7
1142770 2524.7
1142780 2519.8
1142790 2515.2
1142800 2515.2
1142810 2506.8
1142820 2498.4
1142830 2498.4
1142840 2493.0
1142850 2484.9
1142860 2484.9
1142870 2481.6
1142880 2476.8
1142890 2470.8
1142900 2470.8
1142910 2463.6
1142920 2456.6
1142930 2456.6
1142940 2448.7
1142950 2440.4
1142960 2440.4
1142970 2433.5
1142980 2426.8
1142990 2426.8
1143000 2420.4
1143010 2414.4
1143020 2414.4
1143030 2409.3
1143040 2404.4
1143050 2404.4
1143060 2398.8
1143070 2392.9
1143080 2392.9
1143090 2387.1
1143100 2381.3
1143110 2375.3
1143120 2375.3
1143130 2369.3
1143140 2362.9
1143150 2362.9
1143160 2356.3
1143170 2349.6
1143180 2349.6
1143190 2343.8
1143200 2338.1
1143210 2338.1
1143220 2330.5
1143230 2326.7
1143240 2326.7
1143250 2322.3
1143260 2316.0
1143270 2316.0
1143280 2308.9
1143290 2302.0
1143300 2295.2
1143310 2295.2
1143320 2288.2
1143330 2280.5
1143340 2280.5
1143350 2272.4
1143360 2265.9
1143370 2265.9
1143380 2259.9
1143390 2254.2
1143400 2254.2
1143410 2248.3
1143420 2242.5
1143430 2242.5
1143440 2236.8
1143450 2231.1
1143460 2231.1
1143470 2225.5
1143480 2220.0
1143490 2214.5
1143500 2214.5
1143510 2209.0
1143520 2203.6
1143530 2203.6
1143540 2198.4
1143550 2193.0
1143560 2193.0
1143570 2187.5
1143580 2181.8
1143590 2180.4
1143600 2175.4
1143610 2170.6
1143620 2170.6
1143630 2166.0
1143640 2161.0
1143650 2161.0
1143660 2155.4
1143670 2149.8
1143680 2149.8
1143690 2143.7
1143700 2138.5
1143710 2132.4
1143720 2132.4
1143730 2124.7
1143740 2118.0
1143750 2118.0
1143760 2111.2
1143770 2105.3
1143780 2105.3
1143790 2100.3
1143800 2094.9
1143810 2094.9
1143820 2088.8
1143830 2082.6
1143840 2082.6
1143850 2076.8
1143860 2071.8
1143870 2071.8
1143880 2066.9
1143890 2062.1
1143900 2057.4
1143910 2057.4
1143920 2052.6
1143930 2047.6
1143940 2047.6
1143950 2042.9
1143960 2036.5
1143970 2036.5
1143980 2032.2
1143990 2027.8
1144000 2027.8
1144010 2023.1
1144020 2018.2
1144030 2018.2
1144040 2013.2
1144050 2008.3
1144060 2008.3
1144070 2003.3
1144080 1998.3
1144090 1998.3
1144100 1993.2
1144110 1988.3
1144120 1983.8
1144130 1983.8
1144140 1979.2
1144150 1974.9
1144160 1974.9
1144170 1970.2
1144180 1965.8
1144190 1965.8
1144200 1961.7
1144210 1957.2
1144220 1957.2
1144230 1952.9
1144240 1948.7
1144250 1948.7
1144260 1944.5
1144270 1940.1
1144280 1940.1
1144290 1934.7
1144300 1927.9
1144310 1920.3
1144320 1920.3
1144330 1915.7
1144340 1917.0
1144350 1917.0
1144360 1917.7
1144370 1917.0
1144380 1917.0
1144390 1917.3
1144400 1918.3
1144410 1918.3
1144420 1919.0
1144430 1919.7
1144440 1919.7
1144450 1920.2
1144460 1920.4
1144470 1920.4
1144480 1920.2
1144490 1921.6
1144500 1921.6
1144510 1922.2
1144520 1922.7
1144530 1923.9
1144540 1923.9
1144550 1925.8
1144560 1927.9
1144570 1927.9
1144580 1931.0
1144590 1933.5
1144600 1933.5
1144610 1935.9
1144620 1938.5
1144630 1938.5
1144640 1941.0
1144650 1944.5
1144660 1944.5
1144670 1949.0
1144680 1953.1
1144690 1953.1
1144700 1957.9
1144710 1964.0
1144720 1968.5
1144730 1968.5
1144740 1973.7
1144750 1979.7
1144760 1979.7
1144770 1986.2
1144780 1992.1
1144790 1992.1
1144800 1998.9
1144810 2005.6
1144820 2005.6
1144830 2013.4
1144840 2023.6
1144850 2023.6
1144860 2033.1
1144870 2037.6
1144880 2037.6
1144890 2042.1
1144900 2042.4
1144910 2042.4
1144920 2040.6
1144930 2043.7
1144940 2047.5
1144950 2047.5
1144960 2051.0
1144970 2055.0
1144980 2055.0
1144990 2055.0
1145000 2056.9
1145010 2056.9
1145020 2060.7
1145030 2065.0
1145040 2065.0
1145050 2069.8
1145060 2075.4
1145070 2075.4
1145080 2075.4
1145090 2079.1
1145100 2079.1
1145110 2081.3
1145120 2082.5
1145130 2084.9
1145140 2084.9
1145150 2088.5
1145160 2092.3
1145170 2092.3
1145180 2096.0
1145190 2099.4
1145200 2099.4
1145210 2102.8
1145220 2106.1
1145230 2106.1
1145240 2109.1
1145250 2112.1
1145260 2112.1
1145270 2116.1
1145280 2120.3
1145290 2120.3
1145300 2124.4
1145310 2129.7
1145320 2129.7
1145330 2135.9
1145340 2140.3
1145350 2140.7
1145360 2140.7
1145370 2140.7
1145380 2142.6
1145390 2142.6
1145400 2144.6
1145410 2149.1
1145420 2149.1
1145430 2156.2
1145440 2162.6
1145450 2164.5
1145460 2168.3
1145470 2173.9
1145480 2173.9
1145490 2178.4
1145500 2181.6
1145510 2181.6
1145520 2184.1
1145530 2185.7
1145540 2187.2
1145550 2187.2
1145560 2188.3
1145570 2189.1
1145580 2189.1
1145590 2190.7
1145600 2193.1
1145610 2193.1
1145620 2195.9
1145630 2199.1
1145640 2199.1
1145650 2202.2
1145660 2205.2
1145670 2205.2
1145680 2208.1
1145690 2211.3
1145700 2211.3
1145710 2214.7
1145720 2217.5
1145730 2219.2
1145740 2219.2
1145750 2219.0
1145760 2221.9
1145770 2221.9
1145780 2224.2
1145790 2226.4
1145800 2226.4
1145810 2228.6
1145820 2232.9
1145830 2231.2
1145840 2238.1
1145850 2243.8
1145860 2243.8
1145870 2250.7
1145880 2251.8
1145890 2251.8
1145900 2253.7
1145910 2256.7
1145920 2256.7
1145930 2258.8
1145940 2262.6
1145950 2265.9
1145960 2265.9
1145970 2267.9
1145980 2271.1
1145990 2271.1
1146000 2273.3
1146010 2274.8
1146020 2274.8
1146030 2275.1
1146040 2275.0
1146050 2275.0
1146060 2275.4
1146070 2276.7
1146080 2276.7
1146090 2280.4
1146100 2286.5
1146110 2286.5
1146120 2292.8
1146130 2299.3
1146140 2306.2
1146150 2306.2
1146160 2313.8
1146170 2320.7
1146180 2320.7
1146190 2328.5
1146200 2338.7
1146210 2338.7
1146220 2345.7
1146230 2352.6
1146240 2352.6
1146250 2358.9
1146260 2364.0
1146270 2364.0
1146280 2368.4
1146290 2372.2
1146300 2372.2
1146310 2375.5
1146320 2378.8
1146330 2378.8
1146340 2381.8
1146350 2384.1
1146360 2385.9
1146370 2385.9
1146380 2387.2
1146390 2388.8
1146400 2388.8
1146410 2391.0
1146420 2393.3
1146430 2393.3
1146440 2395.7
1146450 2397.7
1146460 2397.7
1146470 2399.2
1146480 2400.6
1146490 2400.6
1146500 2400.5
1146510 2400.1
1146520 2400.1
1146530 2401.6
1146540 2404.8
1146550 2408.7
1146560 2408.7
1146570 2416.6
1146580 2421.9
1146590 2421.9
1146600 2427.4
1146610 2433.5
1146620 2433.5
1146630 2439.9
1146640 2445.5
1146650 2445.5
1146660 2451.4
1146670 2457.7
1146680 2457.7
1146690 2464.4
1146700 2469.2
1146710 2469.2
1146720 2472.9
1146730 2477.7
1146740 2477.7
1146750 2482.6
1146760 2487.5
1146770 2491.6
1146780 2491.6
1146790 2494.9
1146800 2498.8
1146810 2498.8
1146820 2503.4
1146830 2509.3
1146840 2509.3
1146850 2512.6
1146860 2515.6
1146870 2515.6
1146880 2519.2
1146890 2523.6
1146900 2523.6
1146910 2528.3
1146920 2534.0
1146930 2534.0
1146940 2540.3
1146950 2546.9
1146960 2553.9
1146970 2553.9
1146980 2559.8
1146990 2564.7
1147000 2564.7
1147010 2569.8
1147020 2576.5
1147030 2576.5
1147040 2584.2
1147050 2592.4
1147060 2592.4
1147070 2596.2
1147080 2598.3
1147090 2598.3
1147100 2601.6
1147110 2605.3
1147120 2605.3
1147130 2608.8
1147140 2612.2
1147150 2612.2
1147160 2615.9
1147170 2620.9
1147180 2626.7
1147190 2626.7
1147200 2631.2
1147210 2636.1
1147220 2636.1
1147230 2640.1
1147240 2645.3
1147250 2645.3
1147260 2650.8
1147270 2656.5
1147280 2656.5
1147290 2662.1
1147300 2667.8
1147310 2667.8
1147320 2672.0
1147330 2677.7
1147340 2677.7
1147350 2683.4
1147360 2689.1
1147370 2694.9
1147380 2694.9
1147390 2701.0
1147400 2707.4
1147410 2707.4
1147420 2713.2
1147430 2718.3
1147440 2718.3
1147450 2723.4
1147460 2728.7
1147470 2728.7
1147480 2734.4
1147490 2740.2
1147500 2740.2
1147510 2748.0
1147520 2754.8
1147530 2754.8
1147540 2758.6
1147550 2763.5
1147560 2768.2
1147570 2768.2
1147580 2771.9
1147590 2775.4
1147600 2775.4
1147610 2775.1
1147620 2769.4
1147630 2769.4
1147640 2758.6
1147650 2745.4
1147660 2745.4
1147670 2730.5
1147680 2718.3
1147690 2718.3
1147700 2712.6
1147710 2704.0
1147720 2704.0
1147730 2695.4
1147740 2686.7
1147750 2686.7
1147760 2676.2
1147770 2662.8
1147780 2653.6
1147790 2653.6
1147800 2646.9
1147810 2640.6
1147820 2640.6
1147830 2634.4
1147840 2627.9
1147850 2627.9
1147860 2621.7
1147870 2615.8
1147880 2615.8
1147890 2610.4
1147900 2605.5
1147910 2605.5
1147920 2601.1
1147930 2597.0
1147940 2597.0
1147950 2593.2
1147960 2589.6
1147970 2586.2
1147980 2586.2
1147990 2582.9
1148000 2579.8
1148010 2579.8
1148020 2577.3
1148030 2575.4
1148040 2575.4
1148050 2574.1
1148060 2572.6
1148070 2574.0
1148080 2575.7
1148090 2578.7
1148100 2578.7
1148110 2580.8
1148120 2582.0
1148130 2582.0
1148140 2582.3
1148150 2583.0
1148160 2583.0
1148170 2583.5
1148180 2584.3
1148190 2585.0
1148200 2585.0
1148210 2586.6
1148220 2589.9
1148230 2589.9
1148240 2592.1
1148250 2594.6
1148260 2594.6
1148270 2598.6
1148280 2602.2
1148290 2602.2
1148300 2604.1
1148310 2602.3
1148320 2602.3
1148330 2600.8
1148340 2598.2
1148350 2598.2
1148360 2593.7
1148370 2587.3
1148380 2581.1
1148390 2581.1
1148400 2575.9
1148410 2571.3
1148420 2571.3
1148430 2567.1
1148440 2564.0
1148450 2563.5
1148460 2561.8
1148470 2559.8
1148480 2559.8
1148490 2558.7
1148500 2557.2
1148510 2557.2
1148520 2553.7
1148530 2551.8
1148540 2551.8
1148550 2552.0
1148560 2553.2
1148570 2553.2
1148580 2555.0
1148590 2556.2
1148600 2555.0
1148610 2555.0
1148620 2552.3
1148630 2550.1
1148640 2550.1
1148650 2550.6
1148660 2553.5
1148670 2553.5
1148680 2555.2
1148690 2555.7
1148700 2555.7
1148710 2556.7
1148720 2559.2
1148730 2559.2
1148740 2562.7
1148750 2564.3
1148760 2564.3
1148770 2565.4
1148780 2567.4
1148790 2569.6
1148800 2569.6
1148810 2571.5
1148820 2573.6
1148830 2573.2
1148840 2574.8
1148850 2577.2
1148860 2577.2
1148870 2579.6
1148880 2581.6
1148890 2581.6
1148900 2584.0
1148910 2586.1
1148920 2586.1
1148930 2585.0
1148940 2579.5
1148950 2579.5
1148960 2574.0
1148970 2569.9
1148980 2569.9
1148990 2568.3
1149000 2567.6
1149010 2567.6
1149020 2567.6
1149030 2568.0
1149040 2568.3
1149050 2568.3
1149060 2568.8
1149070 2569.8
1149080 2569.8
1149090 2572.3
1149100 2574.7
1149110 2574.7
1149120 2576.3
1149130 2577.9
1149140 2577.9
1149150 2579.4
1149160 2581.0
1149170 2581.0
1149180 2583.8
1149190 2586.6
1149200 2590.3
1149210 2590.3
1149220 2586.4
1149230 2583.8
1149240 2583.8
1149250 2583.2
1149260 2582.0
1149270 2582.0
1149280 2583.0
1149290 2586.4
1149300 2586.4
1149310 2588.6
1149320 2587.9
1149330 2587.9
1149340 2588.7
1149350 2590.9
1149360 2590.9
1149370 2593.9
1149380 2595.2
1149390 2595.2
1149400 2598.2
1149410 2602.0
1149420 2605.5
1149430 2605.5
1149440 2608.8
1149450 2612.1
1149460 2612.1
1149470 2615.8
1149480 2620.2
1149490 2620.2
1149500 2625.5
1149510 2631.2
1149520 2631.2
1149530 2637.1
1149540 2642.8
1149550 2642.8
1149560 2649.1
1149570 2653.9
1149580 2656.4
1149590 2662.9
1149600 2668.0
1149610 2672.1
1149620 2672.1
1149630 2676.7
1149640 2681.3
1149650 2681.3
1149660 2685.6
1149670 2690.0
1149680 2690.0
1149690 2694.4
1149700 2698.8
1149710 2698.8
1149720 2702.6
1149730 2705.7
1149740 2705.7
1149750 2707.5
1149760 2704.7
1149770 2704.7
1149780 2698.8
1149790 2692.9
1149800 2687.3
1149810 2687.3
1149820 2680.3
1149830 2673.1
1149840 2673.1
1149850 2666.9
1149860 2661.1
1149870 2661.1
1149880 2656.1
1149890 2651.1
1149900 2651.1
1149910 2646.6
1149920 2643.2
1149930 2643.2
1149940 2640.5
1149950 2638.6
1149960 2640.3
1149970 2639.7
1149980 2640.1
1149990 2640.1
1150000 2641.0
1150010 2643.3
1150020 2646.6
1150030 2646.6
1150040 2647.9
1150050 2645.8
1150060 2645.8
1150070 2640.0
1150080 2632.7
1150090 2632.7
1150100 2627.1
1150110 2625.1
1150120 2625.1
1150130 2627.7
1150140 2629.6
1150150 2629.6
1150160 2625.3
1150170 2621.4
1150180 2621.4
1150190 2617.9
1150200 2615.4
1150210 2614.0
1150220 2614.0
1150230 2612.5
1150240 2611.0
1150250 2611.0
1150260 2609.3
1150270 2606.4
1150280 2606.4
1150290 2605.5
1150300 2601.7
1150310 2601.7
1150320 2597.3
1150330 2595.6
1150340 2598.5
1150350 2596.6
1150360 2594.6
1150370 2594.6
1150380 2594.5
1150390 2593.3
1150400 2593.3
1150410 2591.1
1150420 2591.4
1150430 2590.1
1150440 2590.1
1150450 2587.8
1150460 2584.6
1150470 2584.6
1159770 1829.5
1159780 1829.5
1159790 1822.1
1159800 1817.4
1159810 1817.4
1159820 1815.1
1159830 1810.1
1159840 1810.1
1159850 1803.5
1159860 1798.0
1159870 1798.0
1159880 1793.4
1159890 1789.1
1159900 1789.1
1159910 1785.4
1159920 1781.6
1159930 1781.6
1159940 1786.6
1159950 1779.9
1159960 1779.9
1159970 1771.7
1159980 1771.0
1159990 1771.2
