1140000 2515.6
1140010 2522.4
1140020 2531.2
1140030 2531.2
1140040 2539.2
1140050 2547.7
1140060 2547.7
1140070 2555.6
1140080 2564.1
1140090 2564.1
1140100 2573.6
1140110 2581.1
1140120 2589.6
1140130 2589.6
1140140 2597.7
1140150 2606.1
1140160 2606.1
1140170 2614.2
1140180 2622.8
1140190 2622.8
1140200 2631.4
1140210 2639.7
1140220 2639.7
1140230 2647.8
1140240 2655.8
1140250 2655.8
1140260 2663.5
1140270 2671.1
1140280 2671.1
1140290 2678.8
1140300 2686.5
1140310 2686.5
1140320 2694.2
1140330 2702.1
1140340 2711.4
1140350 2711.4
1140360 2722.4
1140370 2738.8
1140380 2738.8
1140390 2753.2
1140400 2764.5
1140410 2764.5
1140420 2779.7
1140430 2795.8
1140440 2795.8
1140450 2805.6
1140460 2814.4
1140470 2814.4
1140480 2806.8
1140490 2811.1
1140500 2811.1
1140510 2800.4
1140520 2783.2
1140530 2770.9
1140540 2770.9
1140550 2761.8
1140560 2754.2
1140570 2754.2
1140580 2747.0
1140590 2740.9
1140600 2740.9
1140610 2739.7
1140620 2739.7
1140630 2739.7
1140640 2738.5
1140650 2736.4
1140660 2736.4
1140670 2738.6
1140680 2740.6
1140690 2740.6
1140700 2741.6
1140710 2730.1
1140720 2730.1
1140730 2716.7
1140740 2709.4
1140750 2696.0
1140760 2696.0
1140770 2666.9
1140780 2653.1
1140790 2653.1
1140800 2645.9
1140810 2640.9
1140820 2640.9
1140830 2637.8
1140840 2630.4
1140850 2640.3
1140860 2632.3
1140870 2618.5
1140880 2618.5
1140890 2611.3
1140900 2603.0
1140910 2603.0
1140920 2600.1
1140930 2598.7
1140940 2597.4
1140950 2597.4
1140960 2596.2
1140970 2594.5
1140980 2594.5
1140990 2591.6
1141000 2589.7
1141010 2589.7
1141020 2588.3
1141030 2587.9
1141040 2587.9
1141050 2587.5
1141060 2588.3
1141070 2588.3
1141080 2588.1
1141090 2587.9
1141100 2587.9
1141110 2587.4
1141120 2586.5
1141130 2586.5
1141140 2584.5
1141150 2584.2
1141160 2583.2
1141170 2583.2
1141180 2584.9
1141190 2586.8
1141200 2586.8
1141210 2590.1
1141220 2587.6
1141230 2587.6
1141240 2584.0
1141250 2579.6
1141260 2579.6
1141270 2576.5
1141280 2573.9
1141290 2573.9
1141300 2573.1
1141310 2573.5
1141320 2573.5
1141330 2573.2
1141340 2573.0
1141350 2573.1
1141360 2573.1
1141370 2574.3
1141380 2575.9
1141390 2575.9
1141400 2577.5
1141410 2579.4
1141420 2579.4
1141430 2583.5
1141440 2587.9
1141450 2587.9
1141460 2600.4
1141470 2614.6
1141480 2614.6
1141490 2622.8
1141500 2631.6
1141510 2631.6
1141520 2643.7
1141530 2653.8
1141540 2653.8
1141550 2664.1
1141560 2672.5
1141570 2678.4
1141580 2689.4
1141590 2693.5
1141600 2693.8
1141610 2693.8
1141620 2693.8
1141630 2692.4
1141640 2692.4
1141650 2692.0
1141660 2698.9
1141670 2698.9
1141680 2716.0
1141690 2741.4
1141700 2741.4
1141710 2761.9
1141720 2771.9
1141730 2771.9
1141740 2785.7
1141750 2795.6
1141760 2810.8
1141770 2810.8
1141780 2828.1
1141790 2841.0
1141800 2841.0
1141810 2857.1
1141820 2884.3
1141830 2884.3
1141840 2903.8
1141850 2917.8
1141860 2917.8
1141870 2923.7
1141880 2916.4
1141890 2916.4
1141900 2906.8
1141910 2899.9
1141920 2899.9
1141930 2890.9
1141940 2873.2
1141950 2842.4
1141960 2842.4
1141970 2831.6
1141980 2828.9
1141990 2828.9
1142000 2818.8
1142010 2812.2
1142020 2812.2
1142030 2805.7
1142040 2791.6
1142050 2791.6
1142060 2776.7
1142070 2761.4
1142080 2761.4
1142090 2748.7
1142100 2736.7
1142110 2736.7
1142120 2722.5
1142130 2707.6
1142140 2707.6
1142150 2697.8
1142160 2690.9
1142170 2685.1
1142180 2685.1
1142190 2682.7
1142200 2680.2
1142210 2680.2
1142220 2678.7
1142230 2678.0
1142240 2678.0
1142250 2680.9
1142260 2681.0
1142270 2681.0
1142280 2677.5
1142290 2673.8
1142300 2673.8
1142310 2674.2
1142320 2666.0
1142330 2666.0
1142340 2662.5
1142350 2661.9
1142360 2655.2
1142370 2655.2
1142380 2645.5
1142390 2636.4
1142400 2636.4
1142410 2628.3
1142420 2620.8
1142430 2620.8
1142440 2613.1
1142450 2606.8
1142460 2606.8
1142470 2601.5
1142480 2592.6
1142490 2592.6
1142500 2586.4
1142510 2582.3
1142520 2582.3
1142530 2575.6
1142540 2567.7
1142550 2567.7
1142560 2557.6
1142570 2545.8
1142580 2535.0
1142590 2535.0
1142600 2527.7
1142610 2517.3
1142620 2517.3
1142630 2507.3
1142640 2498.2
1142650 2498.2
1142660 2490.1
1142670 2484.1
1142680 2484.1
1142690 2472.0
1142700 2465.9
1142710 2465.9
1142720 2464.8
1142730 2459.7
1142740 2459.7
1142750 2454.7
1142760 2453.1
1142770 2448.6
1142780 2448.6
1142790 2437.1
1142800 2427.5
1142810 2427.5
1142820 2419.3
1142830 2411.9
1142840 2411.9
1142850 2406.0
1142860 2402.2
1142870 2402.2
1142880 2396.9
1142890 2387.3
1142900 2387.3
1142910 2376.5
1142920 2369.6
1142930 2369.6
1142940 2366.4
1142950 2360.3
1142960 2360.3
1142970 2353.6
1142980 2349.5
1142990 2344.7
1143000 2344.7
1143010 2339.0
1143020 2334.2
1143030 2334.2
1143040 2329.3
1143050 2323.8
1143060 2321.2
1143070 2316.0
1143080 2310.7
1143090 2310.7
1143100 2305.2
1143110 2299.8
1143120 2299.8
1143130 2294.5
1143140 2289.3
1143150 2289.3
1143160 2283.9
1143170 2279.9
1143180 2274.4
1143190 2274.4
1143200 2267.6
1143210 2262.7
1143220 2262.7
1143230 2259.0
1143240 2255.2
1143250 2255.2
1143260 2251.5
1143270 2247.7
1143280 2247.7
1143290 2243.5
1143300 2239.1
1143310 2239.1
1143320 2235.2
1143330 2231.9
1143340 2231.9
1143350 2227.1
1143360 2220.8
1143370 2220.8
1143380 2216.1
1143390 2213.8
1143400 2211.8
1143410 2211.8
1143420 2209.2
1143430 2201.3
1143440 2201.3
1143450 2196.6
1143460 2193.8
1143470 2193.8
1143480 2192.0
1143490 2189.3
1143500 2189.3
1143510 2185.8
1143520 2182.0
1143530 2182.0
1143540 2178.2
1143550 2174.9
1143560 2174.9
1143570 2172.0
1143580 2169.2
1143590 2165.5
1143600 2165.5
1143610 2159.1
1143620 2151.0
1143630 2151.0
1143640 2143.0
1143650 2136.6
1143660 2136.6
1143670 2130.2
1143680 2124.4
1143690 2124.4
1143700 2120.1
1143710 2113.7
1143720 2113.7
1143730 2106.1
1143740 2098.9
1143750 2098.9
1143760 2092.1
1143770 2083.5
1143780 2076.5
1143790 2076.5
1143800 2068.4
1143810 2062.9
1143820 2062.9
1143830 2057.4
1143840 2053.1
1143850 2053.1
1143860 2049.3
1143870 2045.9
1143880 2045.9
1143890 2042.7
1143900 2039.3
1143910 2039.3
1143920 2035.5
1143930 2030.7
1143940 2030.7
1143950 2025.2
1143960 2018.5
1143970 2018.5
1143980 2012.0
1143990 2006.0
1144000 1999.8
1144010 1999.8
1144020 1994.0
1144030 1988.5
1144040 1988.5
1144050 1983.7
1144060 1979.1
1144070 1979.1
1144080 1974.3
1144090 1969.3
1144100 1969.3
1144110 1965.0
1144120 1962.0
1144130 1962.0
1144140 1958.4
1144150 1954.4
1144160 1954.4
1144170 1951.1
1144180 1946.5
1144190 1943.1
1144200 1943.1
1144210 1939.5
1144220 1935.1
1144230 1935.1
1144240 1929.7
1144250 1928.4
1144260 1928.4
1144270 1927.7
1144280 1927.4
1144290 1927.4
1144300 1927.1
1144310 1926.7
1144320 1926.7
1144330 1926.8
1144340 1927.6
1144350 1927.6
1144360 1929.7
1144370 1932.7
1144380 1932.7
1144390 1935.0
1144400 1935.5
1144410 1935.4
1144420 1935.4
1144430 1935.8
1144440 1936.4
1144450 1936.4
1144460 1937.0
1144470 1938.3
1144480 1938.3
1144490 1942.0
1144500 1945.6
1144510 1945.6
1144520 1947.2
1144530 1948.1
1144540 1948.1
1144550 1955.9
1144560 1958.2
1144570 1958.2
1144580 1961.8
1144590 1961.7
1144600 1957.0
1144610 1957.0
1144620 1955.0
1144630 1955.6
1144640 1955.6
1144650 1955.4
1144660 1957.5
1144670 1957.5
1144680 1962.1
1144690 1964.6
1144700 1964.6
1144710 1966.9
1144720 1970.6
1144730 1970.6
1144740 1974.5
1144750 1976.7
1144760 1976.7
1144770 1978.7
1144780 1980.6
1144790 1980.6
1144800 1982.6
1144810 1984.7
1144820 1987.0
1144830 1987.0
1144840 1989.9
1144850 1993.1
1144860 1993.1
1144870 1996.6
1144880 2001.8
1144890 2001.8
1144900 2008.0
1144910 2014.8
1144920 2015.0
1144930 2021.7
1144940 2028.5
1144950 2028.5
1144960 2034.6
1144970 2039.5
1144980 2039.5
1144990 2044.0
1145000 2047.7
1145010 2051.6
1145020 2051.6
1145030 2055.5
1145040 2059.5
1145050 2059.5
1145060 2063.8
1145070 2067.8
1145080 2067.8
1145090 2070.7
1145100 2074.6
1145110 2074.6
1145120 2078.7
1145130 2082.3
1145140 2082.3
1145150 2085.8
1145160 2089.9
1145170 2089.9
1145180 2094.6
1145190 2098.6
1145200 2098.6
1145210 2103.0
1145220 2107.2
1145230 2110.4
1145240 2110.4
1145250 2114.9
1145260 2117.8
1145270 2117.8
1145280 2119.5
1145290 2121.7
1145300 2121.7
1145310 2124.2
1145320 2127.4
1145330 2127.4
1145340 2130.9
1145350 2134.4
1145360 2134.4
1145370 2137.7
1145380 2140.6
1145390 2140.6
1145400 2143.1
1145410 2145.8
1145420 2148.7
1145430 2148.7
1145440 2152.2
1145450 2156.7
1145460 2156.7
1145470 2160.3
1145480 2164.8
1145490 2164.8
1145500 2170.2
1145510 2176.0
1145520 2176.0
1145530 2182.3
1145540 2188.0
1145550 2188.0
1145560 2193.7
1145570 2199.5
1145580 2199.5
1145590 2204.9
1145600 2210.9
1145610 2214.9
1145620 2214.9
1145630 2216.9
1145640 2218.6
1145650 2218.6
1145660 2222.1
1145670 2227.6
1145680 2227.6
1145690 2234.8
1145700 2240.4
1145710 2240.4
1145720 2243.5
1145730 2246.4
1145740 2246.4
1145750 2250.1
1145760 2252.7
1145770 2252.7
1145780 2254.7
1145790 2257.6
1145800 2257.6
1145810 2260.8
1145820 2264.7
1145830 2268.3
1145840 2268.3
1145850 2271.8
1145860 2274.0
1145870 2274.0
1145880 2274.9
1145890 2275.3
1145900 2275.3
1145910 2278.5
1145920 2282.6
1145930 2282.6
1145940 2285.4
1145950 2287.8
1145960 2287.8
1145970 2290.4
1145980 2293.4
1145990 2293.4
1146000 2296.3
1146010 2298.9
1146020 2303.5
1146030 2303.5
1146040 2312.6
1146050 2316.3
1146060 2316.3
1146070 2320.1
1146080 2324.6
1146090 2324.6
1146100 2329.8
1146110 2335.7
1146120 2335.7
1146130 2341.7
1146140 2347.1
1146150 2347.1
1146160 2349.7
1146170 2352.1
1146180 2352.1
1146190 2355.5
1146200 2360.2
1146210 2360.2
1146220 2366.6
1146230 2373.5
1146240 2379.2
1146250 2379.2
1146260 2386.4
1146270 2392.3
1146280 2392.3
1146290 2397.0
1146300 2402.0
1146310 2402.0
1146320 2406.8
1146330 2411.8
1146340 2411.8
1146350 2416.2
1146360 2419.8
1146370 2419.8
1146380 2421.9
1146390 2423.3
1146400 2423.3
1146410 2426.2
1146420 2427.9
1146430 2429.6
1146440 2429.6
1146450 2430.5
1146460 2432.0
1146470 2432.0
1146480 2433.5
1146490 2435.0
1146500 2435.0
1146510 2436.0
1146520 2436.9
1146530 2436.9
1146540 2437.7
1146550 2438.6
1146560 2438.6
1146570 2438.4
1146580 2437.1
1146590 2437.1
1146600 2437.2
1146610 2438.4
1146620 2438.4
1146630 2438.4
1146640 2439.0
1146650 2441.4
1146660 2441.4
1146670 2444.5
1146680 2447.9
1146690 2447.9
1146700 2451.4
1146710 2454.9
1146720 2454.9
1146730 2458.1
1146740 2461.0
1146750 2461.0
1146760 2463.8
1146770 2466.4
1146780 2466.4
1146790 2469.4
1146800 2472.6
1146810 2472.6
1146820 2476.0
1146830 2479.7
1146840 2483.7
1146850 2483.7
1146860 2487.8
1146870 2493.8
1146880 2493.8
1146890 2499.8
1146900 2505.4
1146910 2505.4
1146920 2510.4
1146930 2515.1
1146940 2515.1
1146950 2520.0
1146960 2524.3
1146970 2524.3
1146980 2527.4
1146990 2530.5
1147000 2530.5
1147010 2533.9
1147020 2539.0
1147030 2544.3
1147040 2544.3
1147050 2549.4
1147060 2554.6
1147070 2554.6
1147080 2560.3
1147090 2566.2
1147100 2566.2
1147110 2571.9
1147120 2576.6
1147130 2576.6
1147140 2581.6
1147150 2585.8
1147160 2582.3
1147170 2585.8
1147180 2588.6
1147190 2588.6
1147200 2591.4
1147210 2594.7
1147220 2594.7
1147230 2598.8
1147240 2603.1
1147250 2607.8
1147260 2607.8
1147270 2612.7
1147280 2617.7
1147290 2617.7
1147300 2622.8
1147310 2628.2
1147320 2628.2
1147330 2633.6
1147340 2638.8
1147350 2638.8
1147360 2644.0
1147370 2649.5
1147380 2649.5
1147390 2655.1
1147400 2660.9
1147410 2660.9
1147420 2667.6
1147430 2674.6
1147440 2680.5
1147450 2680.5
1147460 2687.3
1147470 2694.0
1147480 2694.0
1147490 2700.8
1147500 2708.2
1147510 2708.2
1147520 2715.9
1147530 2723.7
1147540 2721.4
1147550 2728.6
1147560 2734.6
1147570 2734.6
1147580 2743.5
1147590 2750.7
1147600 2750.7
1147610 2754.8
1147620 2746.8
1147630 2746.8
1147640 2735.6
1147650 2726.3
1147660 2718.3
1147670 2718.3
1147680 2710.8
1147690 2703.1
1147700 2703.1
1147710 2696.4
1147720 2690.4
1147730 2690.4
1147740 2684.8
1147750 2679.4
1147760 2679.4
1147770 2673.9
1147780 2668.2
1147790 2668.2
1147800 2663.0
1147810 2658.8
1147820 2658.8
1147830 2654.8
1147840 2650.5
1147850 2645.7
1147860 2645.7
1147870 2640.8
1147880 2636.0
1147890 2636.0
1147900 2631.3
1147910 2627.7
1147920 2627.7
1147930 2622.0
1147940 2618.6
1147950 2618.6
1147960 2616.3
1147970 2615.0
1147980 2615.0
1147990 2614.3
1148000 2613.6
1148010 2613.6
1148020 2613.1
1148030 2611.2
1148040 2611.2
1148050 2607.8
1148060 2606.1
1148070 2604.8
1148080 2604.8
1148090 2603.7
1148100 2603.4
1148110 2603.4
1148120 2602.8
1148130 2602.2
1148140 2602.2
1148150 2601.7
1148160 2601.2
1148170 2601.2
1148180 2601.1
1148190 2601.1
1148200 2601.1
1148210 2600.6
1148220 2600.2
1148230 2600.2
1148240 2599.9
1148250 2600.1
1148260 2601.3
1148270 2601.3
1148280 2602.7
1148290 2605.3
1148300 2605.3
1148310 2606.1
1148320 2607.2
1148330 2607.2
1148340 2608.9
1148350 2609.8
1148360 2609.8
1148370 2610.5
1148380 2612.9
1148390 2612.9
1148400 2616.2
1148410 2619.2
1148420 2619.2
1148430 2622.5
1148440 2623.2
1148450 2623.2
1148460 2624.1
1148470 2625.1
1148480 2626.0
1148490 2626.0
1148500 2626.8
1148510 2627.0
1148520 2627.0
1148530 2626.6
1148540 2626.1
1148550 2626.1
1148560 2625.7
1148570 2625.1
1148580 2625.1
1148590 2622.7
1148600 2620.7
1148610 2620.7
1148620 2620.2
1148630 2619.6
1148640 2619.6
1148650 2619.5
1148660 2619.1
1148670 2622.9
1148680 2622.9
1148690 2622.4
1148700 2621.5
1148710 2621.5
1148720 2620.9
1148730 2620.6
1148740 2620.6
1148750 2619.3
1148760 2617.7
1148770 2617.7
1148780 2616.9
1148790 2616.4
1148800 2616.4
1148810 2615.8
1148820 2616.1
1148830 2616.1
1148840 2616.7
1148850 2616.0
1148860 2615.2
1148870 2615.2
1148880 2612.9
1148890 2609.6
1148900 2609.6
1148910 2606.8
1148920 2605.4
1148930 2605.4
1148940 2604.2
1148950 2603.6
1148960 2603.6
1148970 2602.7
1148980 2602.8
1148990 2602.8
1149000 2603.1
1149010 2603.4
1149020 2603.4
1149030 2604.5
1149040 2607.0
1149050 2607.0
1149060 2608.8
1149070 2610.1
1149080 2611.4
1149090 2611.4
1149100 2613.2
1149110 2615.2
1149120 2615.2
1149130 2617.1
1149140 2618.7
1149150 2618.7
1149160 2620.2
1149170 2621.7
1149180 2621.7
1149190 2623.2
1149200 2624.9
1149210 2624.9
1149220 2626.8
1149230 2629.0
1149240 2629.0
1149250 2631.4
1149260 2635.9
1149270 2639.7
1149280 2639.7
1149290 2643.7
1149300 2646.9
1149310 2646.9
1149320 2648.9
1149330 2653.7
1149340 2653.7
1149350 2658.8
1149360 2664.1
1149370 2664.1
1149380 2668.5
1149390 2671.8
1149400 2671.8
1149410 2675.1
1149420 2681.5
1149430 2681.5
1149440 2684.8
1149450 2687.6
1149460 2687.6
1149470 2690.4
1149480 2693.3
1149490 2696.6
1149500 2696.6
1149510 2700.3
1149520 2703.6
1149530 2703.6
1149540 2706.3
1149550 2709.0
1149560 2709.0
1149570 2712.4
1149580 2715.5
1149590 2715.5
1149600 2718.0
1149610 2720.6
1149620 2720.6
1149630 2723.5
1149640 2727.0
1149650 2727.0
1149660 2730.6
1149670 2733.6
1149680 2735.3
1149690 2735.3
1149700 2735.1
1149710 2731.8
1149720 2731.8
1149730 2726.3
1149740 2720.4
1149750 2720.4
1149760 2715.2
1149770 2710.4
1149780 2710.4
1149790 2704.5
1149800 2700.3
1149810 2700.3
1149820 2695.6
1149830 2691.6
1149840 2691.6
1149850 2688.4
1149860 2686.0
1149870 2686.0
1149880 2683.7
1149890 2681.8
1149900 2680.7
1149910 2680.7
1149920 2679.5
1149930 2675.9
1149940 2675.9
1149950 2671.1
1149960 2667.6
1149970 2667.6
1149980 2663.6
1149990 2657.9
1150000 2657.9
1150010 2652.2
1150020 2647.7
1150030 2647.7
1150040 2645.7
1150050 2646.6
1150060 2646.6
1150070 2647.2
1150080 2646.0
1150090 2643.7
1150100 2643.7
1150110 2641.1
1150120 2637.9
1150130 2637.9
1150140 2636.8
1150150 2636.2
1150160 2636.2
1150170 2635.8
1150180 2632.7
1150190 2632.7
1150200 2629.2
1150210 2626.5
1150220 2626.5
1150230 2623.7
1150240 2624.4
1150250 2624.4
1150260 2622.9
1150270 2617.4
1150280 2609.6
1150290 2609.6
1150300 2602.2
1150310 2594.4
1150320 2594.4
1150330 2587.6
1150340 2582.6
1150350 2582.6
1150360 2578.2
1150370 2574.2
1150380 2574.2
1150390 2570.3
1150400 2567.2
1150410 2567.2
1150420 2565.5
1150430 2564.8
1150440 2564.8
