1140000 2456.3
1140010 2468.1
1140020 2478.7
1140030 2487.3
1140040 2487.3
1140050 2497.9
1140060 2507.3
1140070 2507.3
1140080 2519.4
1140090 2527.6
1140100 2527.6
1140110 2537.2
1140120 2545.3
1140130 2545.3
1140140 2550.9
1140150 2557.0
1140160 2557.0
1140170 2559.9
1140180 2560.6
1140190 2560.6
1140200 2561.0
1140210 2569.0
1140220 2569.0
1140230 2572.7
1140240 2577.9
1140250 2585.5
1140260 2585.5
1140270 2591.2
1140280 2592.8
1140290 2592.8
1140300 2591.4
1140310 2593.9
1140320 2593.9
1140330 2597.6
1140340 2598.1
1140350 2598.1
1140360 2597.0
1140370 2603.3
1140380 2603.3
1140390 2608.9
1140400 2613.2
1140410 2613.2
1140420 2618.7
1140430 2624.4
1140440 2631.0
1140450 2631.0
1140460 2641.5
1140470 2645.9
1140480 2645.9
1140490 2651.5
1140500 2656.6
1140510 2656.6
1140520 2648.9
1140530 2639.7
1140540 2639.7
1140550 2631.0
1140560 2622.7
1140570 2622.7
1140580 2615.4
1140590 2607.5
1140600 2607.5
1140610 2598.9
1140620 2590.1
1140630 2582.4
1140640 2582.4
1140650 2575.1
1140660 2568.0
1140670 2568.0
1140680 2560.9
1140690 2553.7
1140700 2553.7
1140710 2545.8
1140720 2537.5
1140730 2537.5
1140740 2529.2
1140750 2521.7
1140760 2521.7
1140770 2516.1
1140780 2514.0
1140790 2514.0
1140800 2514.0
1140810 2514.0
1140820 2514.0
1140830 2517.1
1140840 2522.1
1140850 2522.9
1140860 2522.9
1140870 2524.5
1140880 2526.4
1140890 2526.4
1140900 2530.2
1140910 2535.4
1140920 2535.4
1140930 2540.4
1140940 2540.6
1140950 2541.5
1140960 2540.7
1140970 2541.7
1140980 2541.7
1140990 2542.0
1141000 2541.7
1141010 2541.7
1141020 2541.1
1141030 2541.9
1141040 2545.1
1141050 2545.1
1141060 2546.7
1141070 2543.1
1141080 2543.1
1141090 2538.9
1141100 2536.7
1141110 2536.7
1141120 2534.2
1141130 2533.0
1141140 2533.0
1141150 2533.0
1141160 2533.4
1141170 2533.4
1141180 2534.5
1141190 2536.0
1141200 2536.0
1141210 2536.6
1141220 2539.1
1141230 2539.1
1141240 2542.1
1141250 2544.3
1141260 2546.1
1141270 2546.1
1141280 2547.2
1141290 2547.1
1141300 2547.1
1141310 2546.7
1141320 2549.4
1141330 2549.4
1141340 2553.8
1141350 2557.1
1141360 2557.1
1141370 2557.9
1141380 2557.1
1141390 2557.1
1141400 2553.8
1141410 2549.4
1141420 2549.4
1141430 2550.2
1141440 2556.6
1141450 2564.1
1141460 2564.1
1141470 2571.4
1141480 2577.1
1141490 2577.1
1141500 2582.1
1141510 2588.4
1141520 2588.4
1141530 2591.9
1141540 2594.0
1141550 2594.0
1141560 2596.7
1141570 2600.6
1141580 2600.6
1141590 2605.1
1141600 2609.8
1141610 2609.8
1141620 2615.0
1141630 2620.2
1141640 2620.2
1141650 2625.2
1141660 2629.5
1141670 2633.8
1141680 2633.8
1141690 2642.9
1141700 2648.2
1141710 2648.2
1141720 2659.1
1141730 2671.9
1141740 2671.9
1141750 2682.8
1141760 2696.1
1141770 2696.1
1141780 2713.6
1141790 2729.1
1141800 2729.1
1141810 2743.5
1141820 2752.0
1141830 2752.0
1141840 2763.5
1141850 2775.3
1141860 2787.6
1141870 2787.6
1141880 2795.5
1141890 2803.6
1141900 2803.6
1141910 2813.7
1141920 2824.1
1141930 2824.1
1141940 2832.3
1141950 2840.6
1141960 2840.6
1141970 2843.3
1141980 2848.1
1141990 2848.1
1142000 2859.1
1142010 2869.0
1142020 2869.0
1142030 2878.5
1142040 2879.5
1142050 2881.8
1142060 2876.2
1142070 2874.7
1142080 2872.8
1142090 2872.8
1142100 2862.9
1142110 2849.4
1142120 2849.4
1142130 2837.5
1142140 2826.3
1142150 2826.3
1142160 2818.2
1142170 2817.0
1142180 2817.0
1142190 2813.1
1142200 2807.5
1142210 2807.5
1142220 2798.3
1142230 2787.7
1142240 2787.7
1142250 2777.9
1142260 2768.7
1142270 2761.0
1142280 2761.0
1142290 2754.2
1142300 2746.3
1142310 2746.3
1142320 2740.2
1142330 2736.4
1142340 2736.4
1142350 2732.3
1142360 2730.0
1142370 2730.0
1142380 2728.5
1142390 2727.0
1142400 2727.0
1142410 2726.3
1142420 2721.5
1142430 2721.5
1142440 2718.8
1142450 2712.2
1142460 2712.2
1142470 2709.1
1142480 2705.9
1142490 2701.2
1142500 2701.2
1142510 2696.6
1142520 2690.1
1142530 2690.1
1142540 2683.5
1142550 2677.1
1142560 2677.1
1142570 2669.1
1142580 2658.3
1142590 2658.3
1142600 2642.9
1142610 2633.7
1142620 2633.7
1142630 2628.9
1142640 2622.9
1142650 2622.9
1142660 2614.9
1142670 2605.9
1142680 2598.1
1142690 2598.1
1142700 2592.6
1142710 2588.0
1142720 2588.0
1142730 2580.1
1142740 2568.9
1142750 2568.9
1142760 2559.2
1142770 2552.0
1142780 2552.0
1142790 2538.2
1142800 2531.3
1142810 2531.3
1142820 2524.4
1142830 2521.2
1142840 2521.2
1142850 2516.6
1142860 2509.3
1142870 2502.4
1142880 2502.4
1142890 2495.0
1142900 2488.2
1142910 2488.2
1142920 2482.0
1142930 2475.0
1142940 2475.0
1142950 2467.8
1142960 2460.9
1142970 2460.9
1142980 2454.6
1142990 2448.6
1143000 2448.6
1143010 2443.6
1143020 2438.9
1143030 2438.9
1143040 2433.9
1143050 2428.5
1143060 2428.5
1143070 2422.6
1143080 2416.8
1143090 2411.1
1143100 2411.1
1143110 2404.5
1143120 2397.1
1143130 2397.1
1143140 2391.6
1143150 2386.0
1143160 2386.0
1143170 2374.6
1143180 2368.2
1143190 2368.2
1143200 2361.9
1143210 2355.7
1143220 2355.7
1143230 2349.8
1143240 2344.0
1143250 2344.0
1143260 2339.0
1143270 2334.6
1143280 2332.2
1143290 2332.2
1143300 2325.2
1143310 2316.5
1143320 2316.5
1143330 2310.0
1143340 2306.4
1143350 2306.4
1143360 2301.8
1143370 2294.6
1143380 2294.6
1143390 2287.4
1143400 2282.4
1143410 2282.4
1143420 2277.5
1143430 2273.1
1143440 2273.1
1143450 2267.7
1143460 2259.3
1143470 2259.3
1143480 2252.9
1143490 2248.7
1143500 2240.1
1143510 2240.1
1143520 2231.5
1143530 2226.2
1143540 2219.5
1143550 2214.2
1143560 2208.7
1143570 2208.7
1143580 2203.0
1143590 2197.5
1143600 2197.5
1143610 2191.5
1143620 2185.3
1143630 2185.3
1143640 2178.8
1143650 2172.2
1143660 2172.2
1143670 2166.2
1143680 2160.6
1143690 2155.0
1143700 2155.0
1143710 2149.3
1143720 2143.2
1143730 2143.2
1143740 2136.9
1143750 2130.8
1143760 2130.8
1143770 2124.2
1143780 2117.8
1143790 2117.8
1143800 2112.6
1143810 2108.3
1143820 2108.3
1143830 2103.7
1143840 2098.5
1143850 2098.5
1143860 2093.0
1143870 2087.5
1143880 2087.5
1143890 2082.0
1143900 2076.6
1143910 2069.1
1143920 2069.1
1143930 2063.7
1143940 2058.5
1143950 2058.5
1143960 2053.2
1143970 2048.1
1143980 2048.1
1143990 2042.8
1144000 2037.1
1144010 2037.1
1144020 2031.3
1144030 2026.3
1144040 2026.3
1144050 2021.3
1144060 2016.2
1144070 2016.2
1144080 2011.1
1144090 2005.9
1144100 2000.6
1144110 2000.6
1144120 1995.7
1144130 1990.5
1144140 1990.5
1144150 1984.9
1144160 1980.0
1144170 1980.0
1144180 1974.7
1144190 1970.2
1144200 1970.2
1144210 1965.4
1144220 1960.5
1144230 1960.5
1144240 1955.8
1144250 1951.0
1144260 1951.0
1144270 1946.8
1144280 1942.1
1144290 1942.1
1144300 1938.3
1144310 1933.9
1144320 1928.9
1144330 1928.9
1144340 1925.1
1144350 1921.1
1144360 1921.1
1144370 1916.3
1144380 1912.9
1144390 1912.9
1144400 1909.0
1144410 1906.3
1144420 1906.3
1144430 1905.6
1144440 1906.7
1144450 1906.7
1144460 1908.0
1144470 1909.3
1144480 1909.3
1144490 1913.3
1144500 1915.6
1144510 1915.8
1144520 1915.8
1144530 1916.2
1144540 1916.3
1144550 1916.3
1144560 1916.9
1144570 1918.0
1144580 1918.0
1144590 1919.1
1144600 1920.3
1144610 1920.3
1144620 1922.4
1144630 1925.2
1144640 1925.2
1144650 1930.5
1144660 1934.3
1144670 1934.3
1144680 1938.9
1144690 1945.6
1144700 1945.6
1144710 1953.2
1144720 1960.9
1144730 1969.5
1144740 1969.5
1144750 1978.4
1144760 1984.7
1144770 1984.7
1144780 1990.7
1144790 1997.0
1144800 1997.0
1144810 2003.6
1144820 2011.0
1144830 2011.0
1144840 2018.6
1144850 2027.5
1144860 2027.5
1144870 2036.3
1144880 2042.1
1144890 2042.1
1144900 2046.5
1144910 2050.7
1144920 2056.7
1144930 2056.7
1144940 2062.7
1144950 2065.2
1144960 2065.2
1144970 2063.8
1144980 2061.1
1144990 2061.1
1145000 2061.9
1145010 2065.0
1145020 2063.3
1145030 2067.6
1145040 2070.8
1145050 2070.8
1145060 2072.4
1145070 2075.8
1145080 2075.8
1145090 2081.5
1145100 2085.4
1145110 2087.2
1145120 2087.2
1145130 2091.0
1145140 2098.7
1145150 2098.7
1145160 2105.6
1145170 2111.6
1145180 2111.6
1145190 2116.3
1145200 2118.9
1145210 2118.9
1145220 2120.0
1145230 2122.3
1145240 2122.3
1145250 2123.7
1145260 2123.2
1145270 2123.2
1145280 2124.8
1145290 2128.5
1145300 2128.5
1145310 2129.9
1145320 2128.8
1145330 2126.7
1145340 2126.7
1145350 2126.0
1145360 2127.6
1145370 2127.6
1145380 2130.4
1145390 2132.2
1145400 2132.8
1145410 2132.4
1145420 2134.0
1145430 2134.0
1145440 2137.6
1145450 2141.9
1145460 2141.9
1145470 2147.3
1145480 2151.9
1145490 2151.9
1145500 2155.1
1145510 2157.8
1145520 2159.7
1145530 2159.7
1145540 2160.6
1145550 2156.3
1145560 2156.3
1145570 2154.0
1145580 2160.0
1145590 2160.0
1145600 2168.0
1145610 2173.8
1145620 2173.8
1145630 2179.0
1145640 2185.5
1145650 2185.5
1145660 2190.9
1145670 2194.8
1145680 2194.8
1145690 2197.6
1145700 2200.6
1145710 2200.6
1145720 2203.7
1145730 2207.0
1145740 2211.4
1145750 2211.4
1145760 2216.0
1145770 2221.9
1145780 2221.9
1145790 2226.1
1145800 2231.0
1145810 2231.0
1145820 2235.5
1145830 2238.8
1145840 2238.8
1145850 2241.1
1145860 2244.7
1145870 2244.7
1145880 2247.5
1145890 2249.6
1145900 2249.6
1145910 2251.2
1145920 2252.0
1145930 2254.5
1145940 2254.5
1145950 2257.2
1145960 2260.3
1145970 2260.3
1145980 2262.7
1145990 2265.8
1146000 2265.8
1146010 2268.3
1146020 2270.2
1146030 2270.2
1146040 2271.5
1146050 2272.8
1146060 2272.8
1146070 2273.1
1146080 2273.2
1146090 2273.2
1146100 2276.7
1146110 2283.5
1146120 2283.5
1146130 2291.9
1146140 2301.4
1146150 2307.5
1146160 2307.5
1146170 2312.3
1146180 2317.2
1146190 2317.2
1146200 2323.0
1146210 2330.0
1146220 2330.0
1146230 2335.2
1146240 2337.4
1146250 2337.4
1146260 2339.4
1146270 2341.6
1146280 2341.6
1146290 2343.8
1146300 2345.9
1146310 2345.9
1146320 2348.0
1146330 2350.6
1146340 2354.3
1146350 2354.3
1146360 2358.7
1146370 2362.7
1146380 2362.7
1146390 2367.0
1146400 2371.5
1146410 2371.5
1146420 2375.3
1146430 2378.7
1146440 2378.7
1146450 2383.0
1146460 2386.4
1146470 2386.4
1146480 2390.2
1146490 2393.8
1146500 2393.8
1146510 2398.2
1146520 2400.8
1146530 2400.8
1146540 2405.6
1146550 2411.4
1146560 2417.4
1146570 2417.4
1146580 2423.0
1146590 2428.7
1146600 2428.7
1146610 2434.8
1146620 2440.5
1146630 2440.5
1146640 2446.1
1146650 2452.0
1146660 2452.0
1146670 2457.9
1146680 2463.8
1146690 2463.8
1146700 2469.8
1146710 2475.7
1146720 2475.7
1146730 2481.9
1146740 2488.4
1146750 2495.1
1146760 2495.1
1146770 2501.7
1146780 2507.8
1146790 2507.8
1146800 2512.8
1146810 2516.9
1146820 2516.9
1146830 2520.0
1146840 2522.4
1146850 2522.4
1146860 2525.2
1146870 2528.5
1146880 2528.5
1146890 2532.2
1146900 2534.2
1146910 2534.2
1146920 2536.1
1146930 2538.6
1146940 2538.6
1146950 2542.0
1146960 2545.3
1146970 2548.5
1146980 2548.5
1146990 2551.2
1147000 2553.5
1147010 2553.5
1147020 2558.3
1147030 2566.2
1147040 2566.2
1147050 2572.6
1147060 2578.5
1147070 2578.5
1147080 2584.4
1147090 2589.9
1147100 2589.9
1147110 2595.2
1147120 2600.7
1147130 2600.7
1147140 2606.0
1147150 2610.9
1147160 2616.1
1147170 2616.1
1147180 2621.2
1147190 2626.5
1147200 2626.5
1147210 2632.1
1147220 2638.4
1147230 2638.4
1147240 2644.7
1147250 2651.3
1147260 2651.3
1147270 2662.2
1147280 2668.4
1147290 2668.4
1147300 2673.6
1147310 2679.1
1147320 2679.1
1147330 2685.5
1147340 2692.1
1147350 2699.1
1147360 2699.1
1147370 2706.1
1147380 2713.6
1147390 2713.6
1147400 2720.9
1147410 2727.6
1147420 2727.6
1147430 2734.4
1147440 2741.0
1147450 2741.0
1147460 2747.1
1147470 2753.3
1147480 2753.3
1147490 2759.5
1147500 2765.3
1147510 2765.3
1147520 2768.6
1147530 2769.1
1147540 2769.1
1147550 2769.8
1147560 2771.6
1147570 2774.6
1147580 2774.6
1147590 2778.2
1147600 2781.4
1147610 2781.4
1147620 2783.7
1147630 2779.9
1147640 2773.8
1147650 2763.6
1147660 2754.8
1147670 2754.8
1147680 2745.7
1147690 2734.1
1147700 2734.1
1147710 2722.5
1147720 2710.2
1147730 2710.2
1147740 2698.9
1147750 2685.3
1147760 2673.2
1147770 2673.2
1147780 2666.7
1147790 2660.3
1147800 2660.3
1147810 2653.7
1147820 2647.2
1147830 2647.2
1147840 2640.9
1147850 2634.6
1147860 2634.6
1147870 2628.4
1147880 2622.6
1147890 2622.6
1147900 2616.7
1147910 2610.5
1147920 2610.5
1147930 2604.9
1147940 2599.8
1147950 2599.8
1147960 2594.2
1147970 2589.4
1147980 2585.6
1147990 2585.6
1148000 2582.4
1148010 2579.3
1148020 2578.0
1148030 2575.2
1148040 2572.5
1148050 2572.5
1148060 2569.9
1148070 2567.5
1148080 2567.5
1148090 2565.4
1148100 2563.6
1148110 2563.6
1148120 2561.9
1148130 2560.6
1148140 2560.6
1148150 2559.7
1148160 2559.5
1148170 2559.9
1148180 2559.9
1148190 2561.3
1148200 2563.1
1148210 2563.1
1148220 2564.9
1148230 2566.4
1148240 2566.4
1148250 2568.1
1148260 2569.8
1148270 2569.8
1148280 2573.3
1148290 2579.1
1148300 2579.1
1148310 2580.3
1148320 2577.0
1148330 2577.0
1148340 2572.0
1148350 2567.9
1148360 2567.9
1148370 2563.7
1148380 2559.5
1148390 2558.7
1148400 2558.7
1148410 2554.1
1148420 2551.1
1148430 2551.1
1148440 2548.9
1148450 2546.8
1148460 2546.8
1148470 2545.6
1148480 2546.2
1148490 2546.2
1148500 2546.7
1148510 2546.5
1148520 2546.5
1148530 2544.9
1148540 2542.1
1148550 2542.1
1148560 2540.4
1148570 2537.3
1148580 2534.8
1148590 2534.8
1148600 2533.9
1148610 2532.9
1148620 2532.9
1148630 2532.4
1148640 2531.9
1148650 2531.9
1148660 2531.6
1148670 2531.7
1148680 2531.7
1148690 2532.2
1148700 2532.3
1148710 2532.3
1148720 2534.0
1148730 2538.4
1148740 2538.4
1148750 2543.5
1148760 2548.5
1148770 2548.2
1148780 2553.9
1148790 2560.0
1148800 2567.2
1148810 2567.2
1148820 2574.2
1148830 2576.1
1148840 2576.1
1148850 2572.1
1148860 2567.3
1148870 2567.3
1148880 2561.9
1148890 2557.1
1148900 2557.1
1148910 2552.4
1148920 2549.1
1148930 2549.1
1148940 2547.0
1148950 2545.4
1148960 2545.4
1148970 2545.3
1148980 2545.0
1148990 2544.8
1149000 2544.8
1149010 2545.4
1149020 2545.2
1149030 2545.2
1149040 2544.6
1149050 2545.1
1149060 2545.1
1149070 2545.7
1149080 2544.5
1149090 2544.5
1149100 2543.0
1149110 2541.7
1149120 2541.7
1149130 2540.5
1149140 2539.1
1149150 2541.9
1149160 2541.2
1149170 2541.1
1149180 2541.1
1149190 2541.6
1149200 2542.0
1149210 2542.7
1149220 2542.7
1149230 2543.3
1149240 2544.1
1149250 2544.1
1149260 2544.5
1149270 2547.1
1149280 2547.1
1149290 2549.5
1149300 2551.7
1149310 2551.7
1149320 2553.3
1149330 2554.9
1149340 2554.9
1149350 2557.6
1149360 2559.2
1149370 2559.2
1149380 2560.8
1149390 2563.3
1149400 2567.3
1149410 2567.3
1149420 2573.2
1149430 2574.9
1149440 2574.9
1149450 2577.4
1149460 2583.0
1149470 2583.0
1149480 2587.8
1149490 2592.5
1149500 2592.5
1149510 2598.5
1149520 2605.1
1149530 2608.0
1149540 2614.2
1149550 2620.5
1149560 2620.5
1149570 2627.3
1149580 2634.1
1149590 2640.9
1149600 2640.9
1149610 2647.6
1149620 2654.2
1149630 2654.2
1149640 2659.5
1149650 2662.0
1149660 2662.0
1149670 2664.3
1149680 2667.3
1149690 2667.3
1149700 2670.0
1149710 2672.3
1149720 2672.3
1149730 2674.4
1149740 2676.9
1149750 2676.9
1149760 2679.3
1149770 2682.2
1149780 2682.2
1149790 2685.1
1149800 2687.6
1149810 2690.1
1149820 2690.1
1149830 2690.4
1149840 2686.7
1149850 2686.7
1149860 2680.2
1149870 2672.4
1149880 2672.4
1149890 2664.4
1149900 2657.3
1149910 2657.3
1149920 2652.1
1149930 2647.5
1149940 2647.5
1149950 2642.5
1149960 2638.6
1149970 2638.6
1149980 2636.3
1149990 2634.9
1150000 2633.2
1150010 2633.2
1150020 2630.1
1150030 2627.3
1150040 2627.3
1150050 2626.0
1150060 2625.3
1150070 2625.3
1150080 2624.5
1150090 2623.3
1150100 2623.3
1150110 2621.6
1150120 2619.8
1150130 2619.8
1150140 2618.0
1150150 2616.1
1150160 2616.1
1150170 2613.6
1150180 2610.8
1150190 2610.8
1150200 2607.7
1150210 2605.1
1150220 2603.2
1150230 2603.2
1150240 2601.7
1150250 2601.9
1150260 2601.9
1150270 2603.7
1150280 2599.3
1150290 2599.3
1150300 2595.6
1150310 2591.1
1150320 2591.1
1150330 2587.4
1150340 2587.1
1150350 2587.1
1150360 2593.7
1150370 2600.4
1150380 2600.4
1150390 2604.2
1150400 2603.1
1150410 2598.2
1150420 2598.2
1150430 2591.8
1150440 2589.0
1150450 2589.0
1150460 2587.3
1150470 2580.6
1150480 2580.6
1159710 1830.7
1159720 1830.7
1159730 1831.2
1159740 1831.2
1159750 1831.2
1159760 1830.7
1159770 1828.5
1159780 1824.5
1159790 1824.5
1159800 1817.9
1159810 1810.5
1159820 1810.5
1159830 1804.9
1159840 1799.4
1159850 1799.4
1159860 1791.7
1159870 1782.8
1159880 1787.9
1159890 1779.6
1159900 1771.0
1159910 1771.0
1159920 1763.2
1159930 1756.9
1159940 1756.9
1159950 1750.7
1159960 1744.5
1159970 1738.7
1159980 1738.7
1159990 1734.1
