1140000 1934.1
1140010 1941.8
1140020 1950.3
1140030 1950.3
1140040 1958.6
1140050 1965.4
1140060 1965.4
1140070 1969.5
1140080 1971.9
1140090 1971.9
1140100 1974.8
1140110 1978.2
1140120 1978.2
1140130 1983.8
1140140 1991.2
1140150 1991.2
1140160 1997.6
1140170 2003.7
1140180 2009.6
1140190 2009.6
1140200 2015.1
1140210 2020.4
1140220 2020.4
1140230 2024.8
1140240 2029.6
1140250 2029.6
1140260 2035.9
1140270 2042.6
1140280 2042.6
1140290 2049.5
1140300 2056.8
1140310 2056.8
1140320 2064.1
1140330 2071.7
1140340 2071.7
1140350 2079.5
1140360 2086.9
1140370 2086.9
1140380 2092.5
1140390 2095.2
1140400 2095.6
1140410 2095.6
1140420 2096.7
1140430 2097.3
1140440 2097.3
1140450 2098.1
1140460 2099.9
1140470 2099.9
1140480 2101.7
1140490 2101.3
1140500 2101.3
1140510 2100.5
1140520 2100.7
1140530 2100.7
1140540 2101.3
1140550 2101.2
1140560 2101.2
1140570 2099.9
1140580 2097.9
1140590 2098.2
1140600 2098.2
1140610 2100.3
1140620 2103.4
1140630 2103.4
1140640 2105.4
1140650 2106.5
1140660 2106.5
1140670 2105.6
1140680 2102.7
1140690 2102.7
1140700 2106.2
1140710 2103.5
1140720 2103.5
1140730 2102.1
1140740 2104.7
1140750 2104.7
1140760 2110.3
1140770 2112.4
1140780 2112.4
1140790 2113.0
1140800 2112.3
1140810 2110.3
1140820 2110.3
1140830 2110.4
1140840 2110.5
1140850 2110.5
1140860 2109.6
1140870 2109.2
1140880 2109.2
1140890 2110.6
1140900 2111.5
1140910 2111.5
1140920 2112.0
1140930 2112.7
1140940 2112.7
1140950 2113.6
1140960 2114.8
1140970 2114.8
1140980 2116.3
1140990 2117.6
1141000 2118.7
1141010 2118.7
1141020 2120.0
1141030 2122.3
1141040 2122.3
1141050 2124.2
1141060 2126.7
1141070 2126.7
1141080 2129.5
1141090 2132.9
1141100 2132.9
1141110 2137.3
1141120 2143.3
1141130 2143.3
1141140 2150.5
1141150 2157.7
1141160 2157.7
1141170 2161.4
1141180 2159.8
1141190 2159.8
1141200 2159.1
1141210 2159.8
1141220 2162.4
1141230 2162.4
1141240 2166.5
1141250 2171.7
1141260 2171.7
1141270 2177.2
1141280 2183.5
1141290 2183.5
1141300 2190.8
1141310 2199.2
1141320 2199.2
1141330 2208.3
1141340 2215.8
1141350 2215.8
1141360 2221.8
1141370 2227.7
1141380 2227.7
1141390 2233.6
1141400 2239.9
1141410 2246.5
1141420 2246.5
1141430 2254.0
1141440 2259.7
1141450 2259.7
1141460 2267.7
1141470 2274.4
1141480 2274.4
1141490 2279.2
1141500 2283.7
1141510 2283.7
1141520 2288.3
1141530 2292.6
1141540 2292.6
1141550 2296.5
1141560 2300.6
1141570 2300.6
1141580 2303.5
1141590 2305.8
1141600 2305.8
1141610 2307.4
1141620 2307.2
1141630 2303.9
1141640 2303.9
1141650 2299.7
1141660 2296.8
1141670 2296.8
1141680 2294.1
1141690 2293.7
1141700 2293.7
1141710 2290.1
1141720 2286.6
1141730 2286.6
1141740 2288.3
1141750 2288.2
1141760 2288.2
1141770 2289.5
1141780 2291.0
1141790 2291.0
1141800 2292.3
1141810 2294.8
1141820 2294.9
1141830 2294.9
1141840 2294.5
1141850 2294.3
1141860 2294.3
1141870 2295.7
1141880 2298.0
1141890 2298.0
1141900 2299.5
1141910 2298.7
1141920 2298.7
1141930 2297.4
1141940 2298.2
1141950 2298.2
1141960 2298.3
1141970 2298.8
1141980 2298.8
1141990 2298.4
1142000 2297.6
1142010 2297.6
1142020 2299.7
1142030 2303.6
1142040 2307.5
1142050 2307.5
1142060 2310.5
1142070 2312.3
1142080 2312.3
1142090 2312.4
1142100 2311.3
1142110 2311.3
1142120 2312.0
1142130 2313.4
1142140 2313.4
1142150 2314.0
1142160 2314.4
1142170 2314.4
1142180 2318.9
1142190 2317.9
1142200 2317.9
1142210 2315.6
1142220 2312.2
1142230 2308.6
1142240 2308.6
1142250 2306.3
1142260 2307.0
1142270 2307.0
1142280 2308.5
1142290 2309.6
1142300 2309.6
1142310 2311.8
1142320 2314.2
1142330 2314.2
1142340 2317.6
1142350 2323.7
1142360 2323.7
1142370 2330.7
1142380 2338.4
1142390 2338.4
1142400 2342.9
1142410 2346.1
1142420 2346.1
1142430 2347.3
1142440 2349.4
1142450 2351.3
1142460 2351.3
1142470 2351.8
1142480 2349.3
1142490 2349.3
1142500 2345.1
1142510 2346.0
1142520 2346.0
1142530 2350.3
1142540 2355.0
1142550 2354.1
1142560 2359.1
1142570 2364.4
1142580 2364.4
1142590 2369.8
1142600 2375.2
1142610 2375.2
1142620 2380.8
1142630 2386.5
1142640 2392.5
1142650 2392.5
1142660 2398.5
1142670 2404.7
1142680 2404.7
1142690 2411.0
1142700 2417.3
1142710 2417.3
1142720 2423.9
1142730 2430.9
1142740 2430.9
1142750 2438.2
1142760 2445.4
1142770 2445.4
1142780 2455.4
1142790 2466.4
1142800 2466.4
1142810 2474.8
1142820 2481.9
1142830 2481.9
1142840 2489.9
1142850 2497.4
1142860 2504.4
1142870 2504.4
1142880 2512.0
1142890 2520.4
1142900 2520.4
1142910 2529.6
1142920 2543.9
1142930 2543.9
1142940 2553.0
1142950 2560.9
1142960 2560.9
1142970 2567.9
1142980 2574.5
1142990 2574.5
1143000 2581.1
1143010 2589.3
1143020 2589.3
1143030 2598.0
1143040 2607.3
1143050 2607.3
1143060 2617.3
1143070 2626.8
1143080 2636.0
1143090 2636.0
1143100 2644.9
1143110 2652.5
1143120 2652.5
1143130 2660.7
1143140 2668.8
1143150 2668.8
1143160 2676.1
1143170 2682.1
1143180 2682.1
1143190 2687.2
1143200 2688.6
1143210 2688.6
1143220 2685.8
1143230 2684.4
1143240 2684.4
1143250 2686.9
1143260 2689.7
1143270 2689.6
1143280 2689.6
1143290 2697.2
1143300 2686.7
1143310 2686.7
1143320 2670.7
1143330 2648.8
1143340 2648.8
1143350 2627.8
1143360 2619.2
1143370 2619.2
1143380 2616.5
1143390 2616.1
1143400 2616.1
1143410 2616.4
1143420 2616.0
1143430 2616.0
1143440 2612.9
1143450 2609.5
1143460 2609.5
1143470 2608.6
1143480 2605.2
1143490 2601.3
1143500 2601.3
1143510 2592.8
1143520 2580.4
1143530 2580.4
1143540 2571.4
1143550 2570.2
1143560 2570.2
1143570 2571.8
1143580 2572.1
1143590 2572.1
1143600 2576.4
1143610 2578.3
1143620 2578.3
1143630 2572.6
1143640 2558.2
1143650 2558.2
1143660 2538.7
1143670 2524.2
1143680 2513.2
1143690 2513.2
1143700 2500.3
1143710 2484.0
1143720 2484.0
1143730 2466.5
1143740 2457.0
1143750 2457.0
1143760 2447.1
1143770 2436.5
1143780 2436.5
1143790 2426.2
1143800 2416.3
1143810 2416.3
1143820 2407.2
1143830 2395.3
1143840 2395.3
1143850 2385.6
1143860 2376.1
1143870 2376.1
1143880 2363.8
1143890 2352.2
1143900 2340.9
1143910 2340.9
1143920 2328.4
1143930 2316.3
1143940 2316.3
1143950 2302.6
1143960 2298.9
1143970 2298.9
1143980 2302.0
1143990 2300.1
1144000 2300.1
1144010 2300.1
1144020 2303.8
1144030 2294.9
1144040 2299.8
1144050 2300.2
1144060 2300.2
1144070 2297.3
1144080 2294.0
1144090 2290.0
1144100 2290.0
1144110 2285.2
1144120 2275.4
1144130 2275.4
1144140 2267.0
1144150 2241.6
1144160 2241.6
1144170 2210.2
1144180 2192.0
1144190 2192.0
1144200 2178.9
1144210 2169.3
1144220 2169.3
1144230 2157.2
1144240 2135.4
1144250 2135.4
1144260 2115.0
1144270 2091.2
1144280 2091.2
1144290 2071.8
1144300 2061.0
1144310 2052.7
1144320 2052.7
1144330 2043.3
1144340 2024.1
1144350 2024.1
1144360 2006.5
1144370 1996.4
1144380 1996.4
1144390 1988.4
1144400 1977.8
1144410 1977.8
1144420 1970.0
1144430 1962.1
1144440 1962.1
1144450 1954.3
1144460 1947.0
1144470 1947.0
1144480 1939.6
1144490 1932.1
1144500 1924.6
1144510 1924.6
1144520 1917.1
1144530 1909.5
1144540 1909.5
1144550 1902.0
1144560 1895.2
1144570 1895.2
1144580 1888.7
1144590 1882.5
1144600 1882.5
1144610 1876.3
1144620 1870.4
1144630 1870.4
1144640 1864.8
1144650 1859.2
1144660 1859.2
1144670 1853.9
1144680 1847.9
1144690 1847.9
1144700 1842.6
1144710 1837.8
1144720 1833.5
1144730 1833.5
1144740 1829.2
1144750 1824.9
1144760 1824.9
1144770 1822.9
1144780 1822.7
1144790 1822.7
1144800 1822.4
1144810 1822.2
1144820 1822.2
1144830 1822.1
1144840 1822.0
1144850 1822.0
1144860 1821.7
1144870 1821.4
1144880 1821.4
1144890 1821.0
1144900 1820.9
1144910 1820.8
1144920 1820.8
1144930 1820.4
1144940 1820.3
1144950 1820.3
1144960 1820.1
1144970 1819.9
1144980 1819.9
1144990 1819.9
1145000 1820.2
1145010 1820.2
1145020 1819.6
1145030 1819.3
1145040 1819.3
1145050 1818.9
1145060 1818.9
1145070 1818.9
1145080 1820.1
1145090 1820.3
1145100 1820.3
1145110 1820.9
1145120 1821.9
1145130 1824.1
1145140 1824.1
1145150 1826.8
1145160 1829.4
1145170 1829.4
1145180 1832.7
1145190 1837.0
1145200 1837.0
1145210 1842.0
1145220 1845.7
1145230 1845.7
1145240 1849.2
1145250 1853.0
1145260 1853.0
1145270 1857.2
1145280 1861.0
1145290 1861.0
1145300 1864.8
1145310 1868.7
1145320 1873.3
1145330 1873.3
1145340 1878.3
1145350 1881.6
1145360 1881.6
1145370 1884.5
1145380 1887.9
1145390 1887.9
1145400 1891.3
1145410 1894.8
1145420 1894.8
1145430 1898.2
1145440 1901.1
1145450 1901.1
1145460 1904.4
1145470 1908.1
1145480 1908.1
1145490 1912.2
1145500 1916.0
1145510 1916.0
1145520 1915.0
1145530 1918.2
1145540 1922.1
1145550 1922.1
1145560 1925.2
1145570 1929.2
1145580 1929.2
1145590 1934.5
1145600 1939.8
1145610 1939.8
1145620 1944.2
1145630 1947.1
1145640 1947.1
1145650 1952.1
1145660 1957.6
1145670 1957.6
1145680 1962.6
1145690 1967.0
1145700 1967.0
1145710 1971.2
1145720 1975.1
1145730 1979.1
1145740 1979.1
1145750 1983.2
1145760 1986.8
1145770 1986.8
1145780 1990.1
1145790 1993.0
1145800 1993.0
1145810 1995.7
1145820 1997.8
1145830 1997.8
1145840 1998.1
1145850 1998.0
1145860 1998.0
1145870 1999.2
1145880 2000.3
1145890 2003.0
1145900 2004.1
1145910 2005.8
1145920 2005.8
1145930 2008.4
1145940 2011.6
1145950 2013.0
1145960 2013.0
1145970 2016.0
1145980 2021.3
1145990 2021.3
1146000 2027.6
1146010 2033.0
1146020 2033.0
1146030 2038.5
1146040 2042.5
1146050 2042.5
1146060 2045.8
1146070 2047.8
1146080 2047.8
1146090 2049.7
1146100 2051.4
1146110 2051.4
1146120 2053.2
1146130 2055.8
1146140 2058.6
1146150 2058.6
1146160 2062.3
1146170 2065.8
1146180 2065.8
1146190 2069.1
1146200 2071.7
1146210 2071.7
1146220 2074.3
1146230 2077.2
1146240 2077.2
1146250 2081.3
1146260 2084.6
1146270 2084.7
1146280 2087.1
1146290 2089.8
1146300 2089.8
1146310 2092.0
1146320 2094.1
1146330 2094.1
1146340 2096.6
1146350 2099.6
1146360 2102.4
1146370 2102.4
1146380 2104.8
1146390 2107.3
1146400 2107.3
1146410 2110.2
1146420 2112.5
1146430 2112.5
1146440 2115.2
1146450 2118.8
1146460 2118.8
1146470 2121.8
1146480 2122.9
1146490 2122.9
1146500 2123.2
1146510 2124.4
1146520 2124.4
1146530 2125.9
1146540 2127.9
1146550 2130.1
1146560 2130.1
1146570 2132.0
1146580 2133.5
1146590 2133.5
1146600 2135.7
1146610 2137.7
1146620 2137.7
1146630 2139.1
1146640 2143.8
1146650 2143.8
1146660 2145.3
1146670 2147.1
1146680 2147.1
1146690 2147.6
1146700 2146.7
1146710 2146.7
1146720 2146.4
1146730 2146.5
1146740 2146.5
1146750 2145.6
1146760 2144.6
1146770 2149.1
1146780 2149.1
1146790 2149.5
1146800 2150.8
1146810 2150.8
1146820 2154.0
1146830 2156.6
1146840 2156.6
1146850 2159.3
1146860 2162.2
1146870 2162.2
1146880 2165.9
1146890 2170.0
1146900 2170.0
1146910 2175.2
1146920 2180.1
1146930 2180.1
1146940 2184.1
1146950 2187.4
1146960 2187.4
1146970 2190.3
1146980 2193.6
1146990 2197.2
1147000 2197.2
1147010 2201.3
1147020 2205.4
1147030 2205.4
1147040 2210.8
1147050 2216.7
1147060 2216.7
1147070 2222.1
1147080 2227.1
1147090 2227.1
1147100 2232.0
1147110 2236.7
1147120 2236.7
1147130 2241.6
1147140 2247.4
1147150 2247.4
1147160 2251.6
1147170 2253.9
1147180 2258.0
1147190 2258.0
1147200 2262.3
1147210 2266.7
1147220 2266.7
1147230 2270.8
1147240 2274.7
1147250 2274.7
1147260 2279.0
1147270 2282.2
1147280 2282.2
1147290 2287.6
1147300 2292.7
1147310 2292.7
1147320 2296.0
1147330 2296.0
1147340 2296.0
1147350 2299.3
1147360 2303.5
1147370 2303.5
1147380 2307.9
1147390 2316.1
1147400 2320.3
1147410 2320.3
1147420 2325.7
1147430 2331.0
1147440 2331.0
1147450 2336.3
1147460 2341.4
1147470 2341.4
1147480 2345.4
1147490 2350.8
1147500 2350.8
1147510 2358.0
1147520 2364.3
1147530 2364.3
1147540 2369.9
1147550 2371.0
1147560 2371.0
1147570 2367.5
1147580 2363.1
1147590 2359.0
1147600 2359.0
1147610 2355.4
1147620 2351.7
1147630 2351.7
1147640 2346.8
1147650 2341.0
1147660 2341.0
1147670 2336.4
1147680 2332.1
1147690 2332.1
1147700 2328.0
1147710 2323.3
1147720 2323.3
1147730 2318.5
1147740 2314.0
1147750 2314.0
1147760 2309.5
1147770 2308.9
1147780 2308.9
1147790 2303.5
1147800 2298.8
1147810 2294.3
1147820 2294.3
1147830 2289.1
1147840 2283.0
1147850 2283.0
1147860 2276.6
1147870 2271.3
1147880 2271.3
1147890 2266.6
1147900 2262.2
1147910 2262.2
1147920 2258.1
1147930 2253.8
1147940 2253.8
1147950 2249.4
1147960 2245.1
1147970 2245.1
1147980 2241.3
1147990 2237.6
1148000 2236.1
1148010 2236.1
1148020 2235.5
1148030 2234.4
1148040 2234.4
1148050 2233.2
1148060 2232.1
1148070 2232.1
1148080 2231.4
1148090 2231.2
1148100 2231.2
1148110 2231.3
1148120 2231.6
1148130 2231.6
1148140 2233.6
1148150 2229.3
1148160 2229.3
1148170 2227.8
1148180 2228.7
1148190 2228.7
1148200 2229.1
1148210 2229.8
1148220 2230.9
1148230 2230.9
1148240 2232.3
1148250 2233.6
1148260 2233.6
1148270 2233.8
1148280 2234.5
1148290 2234.5
1148300 2236.1
1148310 2238.0
1148320 2238.0
1148330 2239.6
1148340 2240.8
1148350 2240.8
1148360 2242.6
1148370 2244.7
1148380 2244.7
1148390 2247.5
1148400 2250.9
1148410 2253.4
1148420 2253.4
1148430 2255.5
1148440 2258.1
1148450 2258.1
1148460 2261.2
1148470 2263.9
1148480 2263.9
1148490 2265.8
1148500 2267.7
1148510 2267.7
1148520 2269.5
1148530 2272.5
1148540 2272.5
1148550 2275.7
1148560 2278.9
1148570 2278.9
1148580 2282.9
1148590 2287.6
1148600 2287.6
1148610 2293.0
1148620 2298.0
1148630 2302.4
1148640 2302.4
1148650 2307.0
1148660 2311.3
1148670 2311.3
1148680 2315.8
1148690 2321.8
1148700 2321.8
1148710 2328.5
1148720 2335.8
1148730 2335.8
1148740 2342.6
1148750 2349.0
1148760 2349.0
1148770 2354.4
1148780 2359.9
1148790 2359.9
1148800 2367.1
1148810 2371.6
1148820 2371.2
1148830 2371.2
1148840 2372.3
1148850 2374.8
1148860 2374.8
1148870 2376.1
1148880 2379.0
1148890 2379.0
1148900 2382.6
1148910 2389.7
1148920 2389.7
1148930 2395.9
1148940 2401.9
1148950 2401.9
1148960 2407.6
1148970 2413.2
1148980 2413.2
1148990 2418.8
1149000 2424.2
1149010 2424.2
1149020 2429.5
1149030 2434.3
1149040 2438.9
1149050 2438.9
1149060 2443.9
1149070 2448.8
1149080 2448.8
1149090 2453.3
1149100 2458.5
1149110 2458.5
1149120 2463.0
1149130 2467.8
1149140 2467.8
1149150 2472.3
1149160 2475.8
1149170 2475.8
1149180 2478.9
1149190 2481.9
1149200 2481.9
1149210 2484.6
1149220 2487.9
1149230 2493.2
1149240 2493.2
1149250 2499.0
1149260 2504.5
1149270 2504.5
1149280 2508.2
1149290 2512.6
1149300 2512.6
1149310 2516.7
1149320 2520.9
1149330 2520.9
1149340 2525.4
1149350 2530.7
1149360 2530.7
1149370 2537.5
1149380 2545.3
1149390 2545.3
1149400 2551.1
1149410 2556.3
1149420 2556.3
1149430 2561.2
1149440 2565.6
1149450 2570.3
1149460 2570.3
1149470 2575.0
1149480 2578.1
1149490 2578.1
1149500 2582.6
1149510 2587.2
1149520 2587.2
1149530 2591.2
1149540 2595.8
1149550 2595.8
1149560 2601.4
1149570 2606.3
1149580 2606.3
1149590 2611.1
1149600 2616.3
1149610 2616.3
1149620 2621.4
1149630 2627.0
1149640 2633.3
1149650 2630.4
1149660 2634.3
1149670 2638.1
1149680 2638.1
1149690 2642.6
1149700 2647.2
1149710 2647.2
1149720 2651.5
1149730 2655.9
1149740 2655.9
1149750 2660.1
1149760 2665.4
1149770 2665.4
1149780 2670.7
1149790 2676.0
1149800 2676.0
1149810 2681.5
1149820 2687.3
1149830 2687.3
1149840 2693.5
1149850 2700.0
1149860 2706.4
1149870 2706.4
1149880 2712.8
1149890 2718.8
1149900 2718.8
1149910 2724.0
1149920 2729.7
1149930 2729.7
1149940 2736.2
1149950 2743.5
1149960 2743.5
1149970 2751.3
1149980 2758.6
1149990 2758.6
1150000 2765.9
1150010 2771.2
1150020 2771.2
1150030 2773.9
1150040 2778.1
1150050 2781.1
1150060 2781.1
1150070 2786.9
1150080 2793.0
1150090 2793.0
1150100 2795.7
1150110 2795.6
1150120 2795.6
1150130 2793.8
1150140 2795.1
1150150 2795.1
1150160 2798.0
1150170 2798.1
1150180 2798.1
1150190 2800.1
1150200 2804.1
1150210 2804.1
1150220 2808.1
1150230 2812.2
1150240 2812.2
1150250 2816.4
1150260 2821.7
1150270 2826.2
1150280 2826.2
1150290 2833.3
1150300 2841.0
1150310 2841.0
1150320 2849.2
1150330 2856.8
1150340 2856.8
1150350 2861.7
1150360 2865.1
1150370 2865.1
1150380 2867.0
1150390 2867.3
1150400 2867.3
1150410 2867.5
1150420 2864.2
1150430 2864.2
1150440 2860.1
1150450 2854.5
1150460 2848.5
1150470 2848.5
1150480 2843.4
1150490 2839.8
1150500 2839.8
1150510 2836.2
1150520 2833.8
1150530 2833.8
1150540 2832.8
1150550 2831.0
1150560 2831.0
1150570 2827.7
1150580 2824.0
1150590 2824.0
1150600 2821.5
1150610 2819.7
1150620 2819.7
1150630 2817.7
1150640 2816.3
1150650 2816.3
1150660 2814.9
1150670 2812.2
1150680 2808.5
1150690 2808.5
1150700 2804.1
1150710 2800.4
1150720 2800.4
1150730 2798.2
1150740 2796.8
1150750 2796.8
1150760 2795.6
1150770 2794.7
1150780 2794.7
1150790 2789.7
1150800 2789.2
1150810 2789.2
1150820 2788.8
1150830 2786.6
1150840 2786.6
1150850 2782.1
1150860 2777.2
1150870 2768.9
1150880 2768.9
1150890 2762.3
1150900 2757.5
1150910 2757.5
1150920 2753.3
1150930 2749.9
1150940 2749.9
1150950 2747.7
1150960 2746.0
1150970 2746.0
1150980 2744.6
1150990 2742.0
1151000 2742.0
1151010 2738.4
1151020 2733.3
1151030 2733.3
1151040 2726.1
1151050 2718.6
1151060 2718.6
1151070 2711.5
1151080 2704.6
1151090 2697.8
1151100 2697.8
1151110 2691.8
1151120 2687.1
1151130 2687.1
1151140 2683.5
1151150 2678.8
1151160 2678.8
1151170 2668.5
1151180 2662.8
1151190 2662.8
1151200 2658.6
1151210 2655.6
1151220 2655.6
1151230 2649.7
1151240 2642.6
1151250 2642.6
1151260 2637.6
1151270 2632.9
1151280 2627.4
1151290 2627.4
1151300 2622.7
1151310 2619.3
1151320 2619.3
1151330 2615.6
1151340 2611.9
1151350 2611.9
1151360 2608.0
1151370 2604.2
1151380 2604.2
1151390 2600.3
1151400 2596.4
1151410 2596.4
1151420 2594.3
1151430 2592.0
1151440 2592.0
1151450 2588.8
1151460 2585.9
1151470 2585.9
1151480 2583.5
1151490 2580.5
1151500 2577.0
1151510 2577.0
1151520 2573.3
1151530 2570.7
1151540 2570.7
1151550 2564.0
1151560 2562.5
1151570 2562.5
1151580 2559.9
1151590 2557.2
1151600 2557.2
1151610 2554.8
1151620 2551.8
1151630 2551.8
1151640 2549.2
1151650 2547.5
1151660 2547.5
1151670 2546.0
1151680 2543.8
1151690 2543.8
1151700 2540.4
1151710 2536.1
1151720 2531.2
1151730 2531.2
1151740 2525.2
1151750 2518.9
1151760 2518.9
1151770 2513.1
1151780 2508.6
1151790 2508.6
1151800 2505.1
1151810 2501.5
1151820 2501.5
1151830 2497.8
1151840 2495.8
1151850 2495.8
1151860 2495.9
1151870 2496.6
1151880 2496.6
1151890 2497.2
1151900 2496.7
1151910 2495.3
1151920 2495.3
1151930 2496.9
1151940 2494.3
1151950 2494.3
1159850 1880.7
1159860 1880.7
1159870 1875.0
1159880 1868.0
1159890 1868.0
1159900 1860.6
1159910 1853.7
1159920 1846.9
1159930 1846.9
1159940 1838.7
1159950 1831.0
1159960 1831.0
1159970 1825.1
1159980 1818.8
1159990 1818.8
