1140000 1965.4
1140010 1972.6
1140020 1972.6
1140030 1979.3
1140040 1985.3
1140050 1985.3
1140060 1991.2
1140070 1997.2
1140080 1997.2
1140090 2003.1
1140100 2008.5
1140110 2008.5
1140120 2013.7
1140130 2018.7
1140140 2018.7
1140150 2027.3
1140160 2032.8
1140170 2037.7
1140180 2037.7
1140190 2042.0
1140200 2046.6
1140210 2046.6
1140220 2051.3
1140230 2056.2
1140240 2056.2
1140250 2060.4
1140260 2064.3
1140270 2064.3
1140280 2068.3
1140290 2071.9
1140300 2071.9
1140310 2075.2
1140320 2078.3
1140330 2078.3
1140340 2081.4
1140350 2084.4
1140360 2087.4
1140370 2087.4
1140380 2090.7
1140390 2095.8
1140400 2095.8
1140410 2101.6
1140420 2107.9
1140430 2107.9
1140440 2115.0
1140450 2121.6
1140460 2121.6
1140470 2124.2
1140480 2123.5
1140490 2123.5
1140500 2122.7
1140510 2119.7
1140520 2124.6
1140530 2120.8
1140540 2116.8
1140550 2116.8
1140560 2113.8
1140570 2111.8
1140580 2110.7
1140590 2110.7
1140600 2108.2
1140610 2108.5
1140620 2108.5
1140630 2107.4
1140640 2108.0
1140650 2108.0
1140660 2110.2
1140670 2111.6
1140680 2111.6
1140690 2114.3
1140700 2114.2
1140710 2114.2
1140720 2113.0
1140730 2112.5
1140740 2112.5
1140750 2112.6
1140760 2113.1
1140770 2115.2
1140780 2115.2
1140790 2115.1
1140800 2113.4
1140810 2113.4
1140820 2111.2
1140830 2110.6
1140840 2110.6
1140850 2113.6
1140860 2120.0
1140870 2120.0
1140880 2124.6
1140890 2123.7
1140900 2123.7
1140910 2124.5
1140920 2122.6
1140930 2122.6
1140940 2120.4
1140950 2120.4
1140960 2120.4
1140970 2120.6
1140980 2120.6
1140990 2120.2
1141000 2120.2
1141010 2119.8
1141020 2121.1
1141030 2121.1
1141040 2123.0
1141050 2126.5
1141060 2126.5
1141070 2129.4
1141080 2133.3
1141090 2133.3
1141100 2137.2
1141110 2140.5
1141120 2140.5
1141130 2143.6
1141140 2147.6
1141150 2147.6
1141160 2152.7
1141170 2159.6
1141180 2166.8
1141190 2166.8
1141200 2172.6
1141210 2175.4
1141220 2175.4
1141230 2174.7
1141240 2172.8
1141250 2172.8
1141260 2175.9
1141270 2178.6
1141280 2178.6
1141290 2182.7
1141300 2187.0
1141310 2187.0
1141320 2192.9
1141330 2199.4
1141340 2199.4
1141350 2206.1
1141360 2213.0
1141370 2213.0
1141380 2220.3
1141390 2227.5
1141400 2235.2
1141410 2235.2
1141420 2243.2
1141430 2250.8
1141440 2250.8
1141450 2257.3
1141460 2263.5
1141470 2263.5
1141480 2270.2
1141490 2277.1
1141500 2277.1
1141510 2284.5
1141520 2292.7
1141530 2292.7
1141540 2300.9
1141550 2309.1
1141560 2309.1
1141570 2316.6
1141580 2323.5
1141590 2330.8
1141600 2330.8
1141610 2338.4
1141620 2345.4
1141630 2351.5
1141640 2358.0
1141650 2358.8
1141660 2358.8
1141670 2353.2
1141680 2345.6
1141690 2345.6
1141700 2340.0
1141710 2334.0
1141720 2334.0
1141730 2327.4
1141740 2320.6
1141750 2320.6
1141760 2317.1
1141770 2313.7
1141780 2313.7
1141790 2310.8
1141800 2309.8
1141810 2309.3
1141820 2309.3
1141830 2308.8
1141840 2309.5
1141850 2309.5
1141860 2310.4
1141870 2310.6
1141880 2310.6
1141890 2311.9
1141900 2312.5
1141910 2312.5
1141920 2312.6
1141930 2314.3
1141940 2314.3
1141950 2315.8
1141960 2317.0
1141970 2317.0
1141980 2318.0
1141990 2318.4
1142000 2321.4
1142010 2321.4
1142020 2323.7
1142030 2327.2
1142040 2327.2
1142050 2329.2
1142060 2332.0
1142070 2332.0
1142080 2335.8
1142090 2339.3
1142100 2339.3
1142110 2342.2
1142120 2344.0
1142130 2344.0
1142140 2345.4
1142150 2346.7
1142160 2346.7
1142170 2346.9
1142180 2345.5
1142190 2345.5
1142200 2341.8
1142210 2337.6
1142220 2333.6
1142230 2333.6
1142240 2331.1
1142250 2331.0
1142260 2331.0
1142270 2330.6
1142280 2326.1
1142290 2326.1
1142300 2326.7
1142310 2329.2
1142320 2329.2
1142330 2332.2
1142340 2338.2
1142350 2338.2
1142360 2346.4
1142370 2356.9
1142380 2356.9
1142390 2363.4
1142400 2365.9
1142410 2365.9
1142420 2366.7
1142430 2366.4
1142440 2366.7
1142450 2366.7
1142460 2367.9
1142470 2368.6
1142480 2368.6
1142490 2368.8
1142500 2369.0
1142510 2369.0
1142520 2369.6
1142530 2370.8
1142540 2370.8
1142550 2371.1
1142560 2371.3
1142570 2371.3
1142580 2367.8
1142590 2367.9
1142600 2367.9
1142610 2372.8
1142620 2378.1
1142630 2383.6
1142640 2383.6
1142650 2389.1
1142660 2394.9
1142670 2394.9
1142680 2400.6
1142690 2406.5
1142700 2406.5
1142710 2412.6
1142720 2419.1
1142730 2419.1
1142740 2427.1
1142750 2433.0
1142760 2433.0
1142770 2439.3
1142780 2448.4
1142790 2448.4
1142800 2456.8
1142810 2467.6
1142820 2467.6
1142830 2480.0
1142840 2492.2
1142850 2504.5
1142860 2504.5
1142870 2515.2
1142880 2528.5
1142890 2528.5
1142900 2536.6
1142910 2539.6
1142920 2539.6
1142930 2543.7
1142940 2547.9
1142950 2547.9
1142960 2553.6
1142970 2562.5
1142980 2562.5
1142990 2565.5
1143000 2571.6
1143010 2571.6
1143020 2580.3
1143030 2589.8
1143040 2600.0
1143050 2600.0
1143060 2607.5
1143070 2620.9
1143080 2620.9
1143090 2631.2
1143100 2638.3
1143110 2626.7
1143120 2635.4
1143130 2643.3
1143140 2643.3
1143150 2650.3
1143160 2660.1
1143170 2660.1
1143180 2672.6
1143190 2684.6
1143200 2684.6
1143210 2694.6
1143220 2707.4
1143230 2707.4
1143240 2716.9
1143250 2722.1
1143260 2725.6
1143270 2725.6
1143280 2719.6
1143290 2708.9
1143300 2708.9
1143310 2696.5
1143320 2683.4
1143330 2683.4
1143340 2679.6
1143350 2680.7
1143360 2680.7
1143370 2682.9
1143380 2680.7
1143390 2680.7
1143400 2680.5
1143410 2679.6
1143420 2679.6
1143430 2676.0
1143440 2663.7
1143450 2654.1
1143460 2654.1
1143470 2643.6
1143480 2624.3
1143490 2624.3
1143500 2624.0
1143510 2616.9
1143520 2616.9
1143530 2604.1
1143540 2585.8
1143550 2585.8
1143560 2568.7
1143570 2553.0
1143580 2553.0
1143590 2538.1
1143600 2515.7
1143610 2515.7
1143620 2505.9
1143630 2498.3
1143640 2498.3
1143650 2490.2
1143660 2483.4
1143670 2472.7
1143680 2472.7
1143690 2457.8
1143700 2446.3
1143710 2446.3
1143720 2441.3
1143730 2437.3
1143740 2437.3
1143750 2426.2
1143760 2417.5
1143770 2417.5
1143780 2409.2
1143790 2402.4
1143800 2402.4
1143810 2394.4
1143820 2382.7
1143830 2382.7
1143840 2365.4
1143850 2343.4
1143860 2333.7
1143870 2333.7
1143880 2326.4
1143890 2319.3
1143900 2319.3
1143910 2312.2
1143920 2301.9
1143930 2301.9
1143940 2291.5
1143950 2285.3
1143960 2285.3
1143970 2279.8
1143980 2274.6
1143990 2274.6
1144000 2269.7
1144010 2263.9
1144020 2263.9
1144030 2255.3
1144040 2245.6
1144050 2245.6
1144060 2235.1
1144070 2219.8
1144080 2203.7
1144090 2203.7
1144100 2197.6
1144110 2200.3
1144120 2200.3
1144130 2201.5
1144140 2197.6
1144150 2197.6
1144160 2188.5
1144170 2181.0
1144180 2181.0
1144190 2164.3
1144200 2152.3
1144210 2152.3
1144220 2133.9
1144230 2117.1
1144240 2117.1
1144250 2099.6
1144260 2083.5
1144270 2058.9
1144280 2058.9
1144290 2031.2
1144300 2024.0
1144310 2024.0
1144320 2015.8
1144330 2003.1
1144340 2003.1
1144350 1995.8
1144360 1989.2
1144370 1989.2
1144380 1982.6
1144390 1975.3
1144400 1975.3
1144410 1967.9
1144420 1960.5
1144430 1960.5
1144440 1953.1
1144450 1945.5
1144460 1945.5
1144470 1937.9
1144480 1930.6
1144490 1923.4
1144500 1923.4
1144510 1916.4
1144520 1909.5
1144530 1909.5
1144540 1902.5
1144550 1895.8
1144560 1895.8
1144570 1889.5
1144580 1882.9
1144590 1883.1
1144600 1877.7
1144610 1872.8
1144620 1872.8
1144630 1867.4
1144640 1862.8
1144650 1862.8
1144660 1858.0
1144670 1853.8
1144680 1849.7
1144690 1849.7
1144700 1845.7
1144710 1842.2
1144720 1842.2
1144730 1838.6
1144740 1835.2
1144750 1835.2
1144760 1833.0
1144770 1831.4
1144780 1831.4
1144790 1829.7
1144800 1828.0
1144810 1828.0
1144820 1826.5
1144830 1825.2
1144840 1825.2
1144850 1824.5
1144860 1824.3
1144870 1824.3
1144880 1824.1
1144890 1823.6
1144900 1823.0
1144910 1823.0
1144920 1822.5
1144930 1822.5
1144940 1822.5
1144950 1822.3
1144960 1822.1
1144970 1822.5
1144980 1822.3
1144990 1822.6
1145000 1822.6
1145010 1822.6
1145020 1822.1
1145030 1822.1
1145040 1821.8
1145050 1820.5
1145060 1820.5
1145070 1821.9
1145080 1821.9
1145090 1821.8
1145100 1821.8
1145110 1825.7
1145120 1831.1
1145130 1831.1
1145140 1835.8
1145150 1838.8
1145160 1838.8
1145170 1840.6
1145180 1842.5
1145190 1842.5
1145200 1844.5
1145210 1846.8
1145220 1846.8
1145230 1849.6
1145240 1852.5
1145250 1852.5
1145260 1856.7
1145270 1862.3
1145280 1862.3
1145290 1868.0
1145300 1873.4
1145310 1877.7
1145320 1877.7
1145330 1881.7
1145340 1890.1
1145350 1890.1
1145360 1892.9
1145370 1895.8
1145380 1895.8
1145390 1899.7
1145400 1903.5
1145410 1903.5
1145420 1908.1
1145430 1913.5
1145440 1913.5
1145450 1919.0
1145460 1923.0
1145470 1923.0
1145480 1926.3
1145490 1930.3
1145500 1932.8
1145510 1932.8
1145520 1933.7
1145530 1935.4
1145540 1935.4
1145550 1937.2
1145560 1937.4
1145570 1937.4
1145580 1938.1
1145590 1940.6
1145600 1940.6
1145610 1944.2
1145620 1950.0
1145630 1950.0
1145640 1954.6
1145650 1958.1
1145660 1958.1
1145670 1962.6
1145680 1967.7
1145690 1967.7
1145700 1972.3
1145710 1980.9
1145720 1983.4
1145730 1983.4
1145740 1985.1
1145750 1989.5
1145760 1989.5
1145770 1993.8
1145780 1996.5
1145790 1996.5
1145800 1998.9
1145810 2002.4
1145820 2002.4
1145830 2007.2
1145840 2012.7
1145850 2012.7
1145860 2015.8
1145870 2016.0
1145880 2016.0
1145890 2017.6
1145900 2021.5
1145910 2024.2
1145920 2024.2
1145930 2026.2
1145940 2028.1
1145950 2028.1
1145960 2030.4
1145970 2034.2
1145980 2034.2
1145990 2038.6
1146000 2044.1
1146010 2044.1
1146020 2049.5
1146030 2053.3
1146040 2053.3
1146050 2056.4
1146060 2058.1
1146070 2058.1
1146080 2059.0
1146090 2063.2
1146100 2063.2
1146110 2062.5
1146120 2061.5
1146130 2062.2
1146140 2062.2
1146150 2064.3
1146160 2067.6
1146170 2067.6
1146180 2072.0
1146190 2076.5
1146200 2076.5
1146210 2080.4
1146220 2084.4
1146230 2084.4
1146240 2087.6
1146250 2090.9
1146260 2090.9
1146270 2094.3
1146280 2098.4
1146290 2098.4
1146300 2102.3
1146310 2106.2
1146320 2109.9
1146330 2109.9
1146340 2113.4
1146350 2116.2
1146360 2116.2
1146370 2118.7
1146380 2120.3
1146390 2120.3
1146400 2121.5
1146410 2123.8
1146420 2123.8
1146430 2127.2
1146440 2130.2
1146450 2130.2
1146460 2134.7
1146470 2137.8
1146480 2137.8
1146490 2140.9
1146500 2144.9
1146510 2144.9
1146520 2147.2
1146530 2149.4
1146540 2152.0
1146550 2152.0
1146560 2153.6
1146570 2154.5
1146580 2154.5
1146590 2155.8
1146600 2157.3
1146610 2157.3
1146620 2159.0
1146630 2161.1
1146640 2161.1
1146650 2163.0
1146660 2164.6
1146670 2164.6
1146680 2166.6
1146690 2168.1
1146700 2168.1
1146710 2169.4
1146720 2170.4
1146730 2171.2
1146740 2171.2
1146750 2172.6
1146760 2172.0
1146770 2172.0
1146780 2166.4
1146790 2165.5
1146800 2165.5
1146810 2170.9
1146820 2177.3
1146830 2177.8
1146840 2183.7
1146850 2188.5
1146860 2188.5
1146870 2191.1
1146880 2193.5
1146890 2193.5
1146900 2196.0
1146910 2198.1
1146920 2198.1
1146930 2200.7
1146940 2203.9
1146950 2206.4
1146960 2206.4
1146970 2209.0
1146980 2212.0
1146990 2212.0
1147000 2215.2
1147010 2218.1
1147020 2218.1
1147030 2220.4
1147040 2222.8
1147050 2222.8
1147060 2225.9
1147070 2232.1
1147080 2232.1
1147090 2239.0
1147100 2245.4
1147110 2245.4
1147120 2251.7
1147130 2257.6
1147140 2257.6
1147150 2263.2
1147160 2268.5
1147170 2273.4
1147180 2273.4
1147190 2278.0
1147200 2281.7
1147210 2288.8
1147220 2292.6
1147230 2296.4
1147240 2296.4
1147250 2299.4
1147260 2301.9
1147270 2301.9
1147280 2305.7
1147290 2311.7
1147300 2311.7
1147310 2317.6
1147320 2321.4
1147330 2321.4
1147340 2325.0
1147350 2328.6
1147360 2334.1
1147370 2334.1
1147380 2340.8
1147390 2348.8
1147400 2348.8
1147410 2356.0
1147420 2360.2
1147430 2360.2
1147440 2364.3
1147450 2368.8
1147460 2368.8
1147470 2372.7
1147480 2376.1
1147490 2376.1
1147500 2379.5
1147510 2383.5
1147520 2383.5
1147530 2388.2
1147540 2392.6
1147550 2392.6
1147560 2395.1
1147570 2394.8
1147580 2397.3
1147590 2397.3
1147600 2392.8
1147610 2388.4
1147620 2388.4
1147630 2384.0
1147640 2379.7
1147650 2379.7
1147660 2375.2
1147670 2370.4
1147680 2370.4
1147690 2365.7
1147700 2361.3
1147710 2361.3
1147720 2356.6
1147730 2351.5
1147740 2351.5
1147750 2346.4
1147760 2340.7
1147770 2334.9
1147780 2334.9
1147790 2329.9
1147800 2326.2
1147810 2326.2
1147820 2322.5
1147830 2318.3
1147840 2318.3
1147850 2314.5
1147860 2310.8
1147870 2310.8
1147880 2305.8
1147890 2300.8
1147900 2300.8
1147910 2295.3
1147920 2290.0
1147930 2290.0
1147940 2285.1
1147950 2280.4
1147960 2284.8
1147970 2279.7
1147980 2274.3
1147990 2270.5
1148000 2270.5
1148010 2268.9
1148020 2268.0
1148030 2268.0
1148040 2267.6
1148050 2268.2
1148060 2268.2
1148070 2267.2
1148080 2264.2
1148090 2264.2
1148100 2261.7
1148110 2259.4
1148120 2259.4
1148130 2256.7
1148140 2252.3
1148150 2252.3
1148160 2249.1
1148170 2245.7
1148180 2242.2
1148190 2242.2
1148200 2239.0
1148210 2238.9
1148220 2238.9
1148230 2240.2
1148240 2241.1
1148250 2241.1
1148260 2242.1
1148270 2243.2
1148280 2243.2
1148290 2244.0
1148300 2244.8
1148310 2244.8
1148320 2246.2
1148330 2248.1
1148340 2249.1
1148350 2250.8
1148360 2252.3
1148370 2252.3
1148380 2253.6
1148390 2254.9
1148400 2256.2
1148410 2256.2
1148420 2257.3
1148430 2259.6
1148440 2259.6
1148450 2261.5
1148460 2263.5
1148470 2263.5
1148480 2265.2
1148490 2267.1
1148500 2267.1
1148510 2269.0
1148520 2271.0
1148530 2271.0
1148540 2273.4
1148550 2275.6
1148560 2275.6
1148570 2277.9
1148580 2280.4
1148590 2282.6
1148600 2282.6
1148610 2285.2
1148620 2287.7
1148630 2287.7
1148640 2290.4
1148650 2293.5
1148660 2293.5
1148670 2297.1
1148680 2300.9
1148690 2300.9
1148700 2304.6
1148710 2307.7
1148720 2307.7
1148730 2311.6
1148740 2315.5
1148750 2315.5
1148760 2320.0
1148770 2324.6
1148780 2324.6
1148790 2329.6
1148800 2335.0
1148810 2339.7
1148820 2339.7
1148830 2345.0
1148840 2350.3
1148850 2350.3
1148860 2356.5
1148870 2361.1
1148880 2361.1
1148890 2365.0
1148900 2368.4
1148910 2368.4
1148920 2373.1
1148930 2378.1
1148940 2378.1
1148950 2383.5
1148960 2388.6
1148970 2388.6
1148980 2393.6
1148990 2401.8
1149000 2411.4
1149010 2411.4
1149020 2418.5
1149030 2423.9
1149040 2423.9
1149050 2429.9
1149060 2435.9
1149070 2435.9
1149080 2442.0
1149090 2445.8
1149100 2445.8
1149110 2451.7
1149120 2457.8
1149130 2457.8
1149140 2463.7
1149150 2469.0
1149160 2469.0
1149170 2474.5
1149180 2480.3
1149190 2480.3
1149200 2485.8
1149210 2490.2
1149220 2493.7
1149230 2493.7
1149240 2496.4
1149250 2498.6
1149260 2498.6
1149270 2500.4
1149280 2502.9
1149290 2502.9
1149300 2507.3
1149310 2512.6
1149320 2512.6
1149330 2517.6
1149340 2522.7
1149350 2522.7
1149360 2526.7
1149370 2530.0
1149380 2530.0
1149390 2533.6
1149400 2537.9
1149410 2542.4
1149420 2542.4
1149430 2547.0
1149440 2551.7
1149450 2551.7
1149460 2556.3
1149470 2561.0
1149480 2561.0
1149490 2565.3
1149500 2569.8
1149510 2569.8
1149520 2574.8
1149530 2580.0
1149540 2580.0
1149550 2585.3
1149560 2590.6
1149570 2590.6
1149580 2595.6
1149590 2600.1
1149600 2600.1
1149610 2604.4
1149620 2608.7
1149630 2613.0
1149640 2613.0
1149650 2617.3
1149660 2621.2
1149670 2621.2
1149680 2625.3
1149690 2629.6
1149700 2629.6
1149710 2633.7
1149720 2637.6
1149730 2637.6
1149740 2641.6
1149750 2645.7
1149760 2645.7
1149770 2650.1
1149780 2654.4
1149790 2654.4
1149800 2659.5
1149810 2664.4
1149820 2669.9
1149830 2669.9
1149840 2690.3
1149850 2696.8
1149860 2696.8
1149870 2707.8
1149880 2706.9
1149890 2706.9
1149900 2704.1
1149910 2702.8
1149920 2702.8
1149930 2704.1
1149940 2707.2
1149950 2707.2
1149960 2711.3
1149970 2716.0
1149980 2716.0
1149990 2721.1
1150000 2725.7
1150010 2725.7
1150020 2730.3
1150030 2734.9
1150040 2738.7
1150050 2738.7
1150060 2742.2
1150070 2746.1
1150080 2746.1
1150090 2750.5
1150100 2755.2
1150110 2755.2
1150120 2760.3
1150130 2765.1
1150140 2765.1
1150150 2770.5
1150160 2776.0
1150170 2776.0
1150180 2781.5
1150190 2787.9
1150200 2787.9
1150210 2794.2
1150220 2801.3
1150230 2807.1
1150240 2807.1
1150250 2813.1
1150260 2818.5
1150270 2818.5
1150280 2822.3
1150290 2825.7
1150300 2825.7
1150310 2830.1
1150320 2835.3
1150330 2835.3
1150340 2838.9
1150350 2844.4
1150360 2844.4
1150370 2848.1
1150380 2849.6
1150390 2849.6
1150400 2848.0
1150410 2843.3
1150420 2843.3
1150430 2839.3
1150440 2836.1
1150450 2832.6
1150460 2832.6
1150470 2827.6
1150480 2823.0
1150490 2823.0
1150500 2819.6
1150510 2816.3
1150520 2816.3
1150530 2812.3
1150540 2809.3
1150550 2809.3
1150560 2806.2
1150570 2802.4
1150580 2802.4
1150590 2798.4
1150600 2793.6
1150610 2793.6
1150620 2790.8
1150630 2788.4
1150640 2786.0
1150650 2786.0
1150660 2783.5
1150670 2780.7
1150680 2780.7
1150690 2777.5
1150700 2774.5
1150710 2774.5
1150720 2772.6
1150730 2771.0
1150740 2771.0
1150750 2769.3
1150760 2767.3
1150770 2767.3
1150780 2764.9
1150790 2762.3
1150800 2762.3
1150810 2760.1
1150820 2758.1
1150830 2758.1
1150840 2755.9
1150850 2753.7
1150860 2751.7
1150870 2751.7
1150880 2749.9
1150890 2747.3
1150900 2747.3
1150910 2744.8
1150920 2742.2
1150930 2742.2
1150940 2738.6
1150950 2735.2
1150960 2735.2
1150970 2732.3
1150980 2729.4
1150990 2729.4
1151000 2727.0
1151010 2723.6
1151020 2723.6
1151030 2720.1
1151040 2716.5
1151050 2709.5
1151060 2709.5
1151070 2698.9
1151080 2689.7
1151090 2689.7
1151100 2682.5
1151110 2677.4
1151120 2677.4
1151130 2672.0
1151140 2666.5
1151150 2666.5
1151160 2662.5
1151170 2658.0
1151180 2658.0
1151190 2652.1
1151200 2647.3
1151210 2647.3
1151220 2642.8
1151230 2637.6
1151240 2637.6
1151250 2630.8
1151260 2622.9
1151270 2614.7
1151280 2614.7
1151290 2607.3
1151300 2600.5
1151310 2600.5
1151320 2594.3
1151330 2590.1
1151340 2590.1
1151350 2586.8
1151360 2580.7
1151370 2580.7
1151380 2577.4
1151390 2574.3
1151400 2574.3
1151410 2571.2
1151420 2568.7
1151430 2568.7
1151440 2566.5
1151450 2564.6
1151460 2562.3
1151470 2562.3
1151480 2559.8
1151490 2557.1
1151500 2557.1
1151510 2554.9
1151520 2552.4
1151530 2552.4
1151540 2549.5
1151550 2546.6
1151560 2546.6
1151570 2543.9
1151580 2541.4
1151590 2541.4
1151600 2538.7
1151610 2536.6
1151620 2536.6
1151630 2533.8
1151640 2530.6
1151650 2530.6
1151660 2529.0
1151670 2529.0
1151680 2526.3
1151690 2526.3
1151700 2522.5
1151710 2518.4
1151720 2518.4
1151730 2514.6
1151740 2512.7
1151750 2512.7
1151760 2510.7
1151770 2511.2
1151780 2511.2
1151790 2513.9
1151800 2515.4
1151810 2515.4
1151820 2515.6
1151830 2515.2
1151840 2515.2
1151850 2515.6
1151860 2516.9
1151870 2517.2
1151880 2517.2
1151890 2516.6
1159840 1899.7
1159850 1899.7
1159860 1892.5
1159870 1884.2
1159880 1876.6
1159890 1876.6
1159900 1868.8
1159910 1861.2
1159920 1861.2
1159930 1854.8
1159940 1847.8
1159950 1847.8
1159960 1838.6
1159970 1830.5
1159980 1830.5
1159990 1822.4
