1140000 1824.9
1140010 1832.5
1140020 1840.3
1140030 1840.3
1140040 1847.4
1140050 1853.9
1140060 1853.9
1140070 1859.9
1140080 1865.4
1140090 1865.4
1140100 1869.7
1140110 1873.5
1140120 1873.5
1140130 1875.9
1140140 1872.8
1140150 1872.8
1140160 1864.5
1140170 1857.7
1140180 1857.7
1140190 1853.5
1140200 1854.8
1140210 1859.8
1140220 1859.8
1140230 1858.0
1140240 1855.8
1140250 1855.8
1140260 1851.3
1140270 1850.6
1140280 1850.6
1140290 1852.0
1140300 1853.6
1140310 1853.6
1140320 1856.2
1140330 1856.8
1140340 1866.3
1140350 1867.5
1140360 1868.2
1140370 1868.2
1140380 1870.1
1140390 1874.2
1140400 1874.2
1140410 1881.1
1140420 1890.2
1140430 1899.3
1140440 1899.3
1140450 1907.4
1140460 1915.5
1140470 1915.5
1140480 1923.7
1140490 1931.5
1140500 1931.5
1140510 1939.0
1140520 1946.5
1140530 1946.5
1140540 1955.0
1140550 1963.4
1140560 1963.4
1140570 1971.8
1140580 1978.4
1140590 1978.4
1140600 1981.9
1140610 1984.4
1140620 1988.6
1140630 1988.6
1140640 1994.0
1140650 1997.7
1140660 1997.7
1140670 2000.5
1140680 2002.8
1140690 2002.8
1140700 2005.1
1140710 2010.8
1140720 2010.8
1140730 2012.7
1140740 2014.8
1140750 2014.8
1140760 2016.0
1140770 2016.3
1140780 2016.3
1140790 2016.8
1140800 2017.3
1140810 2017.3
1140820 2016.7
1140830 2015.6
1140840 2015.7
1140850 2015.7
1140860 2017.7
1140870 2020.1
1140880 2020.1
1140890 2022.4
1140900 2024.5
1140910 2024.5
1140920 2025.7
1140930 2026.1
1140940 2026.1
1140950 2027.7
1140960 2029.5
1140970 2029.5
1140980 2031.5
1140990 2033.9
1141000 2033.9
1141010 2035.7
1141020 2038.1
1141030 2040.3
1141040 2040.3
1141050 2042.6
1141060 2044.2
1141070 2046.1
1141080 2048.3
1141090 2051.0
1141100 2051.0
1141110 2053.4
1141120 2055.5
1141130 2055.5
1141140 2058.0
1141150 2060.4
1141160 2060.4
1141170 2062.0
1141180 2063.9
1141190 2063.9
1141200 2065.8
1141210 2068.0
1141220 2068.0
1141230 2071.0
1141240 2074.5
1141250 2079.3
1141260 2079.3
1141270 2082.6
1141280 2086.6
1141290 2086.6
1141300 2092.6
1141310 2099.6
1141320 2099.6
1141330 2107.4
1141340 2114.7
1141350 2114.7
1141360 2118.6
1141370 2118.6
1141380 2118.6
1141390 2119.8
1141400 2119.6
1141410 2119.6
1141420 2120.0
1141430 2121.5
1141440 2124.7
1141450 2124.7
1141460 2124.9
1141470 2125.3
1141480 2125.3
1141490 2127.3
1141500 2131.1
1141510 2131.1
1141520 2135.1
1141530 2139.8
1141540 2139.8
1141550 2144.1
1141560 2148.2
1141570 2148.2
1141580 2149.3
1141590 2148.4
1141600 2148.4
1141610 2147.7
1141620 2147.6
1141630 2147.6
1141640 2148.3
1141650 2150.2
1141660 2151.8
1141670 2151.8
1141680 2153.2
1141690 2154.5
1141700 2154.5
1141710 2155.6
1141720 2157.2
1141730 2157.2
1141740 2159.4
1141750 2161.4
1141760 2161.4
1141770 2163.4
1141780 2165.7
1141790 2165.7
1141800 2167.7
1141810 2170.4
1141820 2170.4
1141830 2172.7
1141840 2174.7
1141850 2174.7
1141860 2178.1
1141870 2181.6
1141880 2185.2
1141890 2185.2
1141900 2189.8
1141910 2194.6
1141920 2194.6
1141930 2198.3
1141940 2201.6
1141950 2201.6
1141960 2203.9
1141970 2206.5
1141980 2206.5
1141990 2209.6
1142000 2214.4
1142010 2214.4
1142020 2220.1
1142030 2225.1
1142040 2225.1
1142050 2230.1
1142060 2235.2
1142070 2239.3
1142080 2239.3
1142090 2243.1
1142100 2246.8
1142110 2246.8
1142120 2251.2
1142130 2256.3
1142140 2256.3
1142150 2261.7
1142160 2266.7
1142170 2266.7
1142180 2273.4
1142190 2279.4
1142200 2279.4
1142210 2285.6
1142220 2292.0
1142230 2292.0
1142240 2297.8
1142250 2303.6
1142260 2303.6
1142270 2310.0
1142280 2316.0
1142290 2322.3
1142300 2322.3
1142310 2328.8
1142320 2335.6
1142330 2335.6
1142340 2342.4
1142350 2349.1
1142360 2349.1
1142370 2356.3
1142380 2363.8
1142390 2363.8
1142400 2371.4
1142410 2378.9
1142420 2378.9
1142430 2386.5
1142440 2393.7
1142450 2393.7
1142460 2399.9
1142470 2405.3
1142480 2408.9
1142490 2408.9
1142500 2411.4
1142510 2413.0
1142520 2413.0
1142530 2414.3
1142540 2415.4
1142550 2418.8
1142560 2419.8
1142570 2421.4
1142580 2421.4
1142590 2423.2
1142600 2424.8
1142610 2424.8
1142620 2426.4
1142630 2428.1
1142640 2428.1
1142650 2430.4
1142660 2431.8
1142670 2431.8
1142680 2432.7
1142690 2435.9
1142700 2438.6
1142710 2438.6
1142720 2441.5
1142730 2446.8
1142740 2446.8
1142750 2453.7
1142760 2461.0
1142770 2461.0
1142780 2465.8
1142790 2470.3
1142800 2470.3
1142810 2475.1
1142820 2481.0
1142830 2481.0
1142840 2487.6
1142850 2494.7
1142860 2494.7
1142870 2501.7
1142880 2507.8
1142890 2513.4
1142900 2513.4
1142910 2518.7
1142920 2528.4
1142930 2528.4
1142940 2533.6
1142950 2536.4
1142960 2536.4
1142970 2541.6
1142980 2548.0
1142990 2548.0
1143000 2556.2
1143010 2563.6
1143020 2563.6
1143030 2566.8
1143040 2572.0
1143050 2572.0
1143060 2578.4
1143070 2585.7
1143080 2585.7
1143090 2594.6
1143100 2603.8
1143110 2610.2
1143120 2610.2
1143130 2603.7
1143140 2598.3
1143150 2598.3
1143160 2597.4
1143170 2592.9
1143180 2592.9
1143190 2583.3
1143200 2573.2
1143210 2573.2
1143220 2564.0
1143230 2556.1
1143240 2556.1
1143250 2549.5
1143260 2543.8
1143270 2543.8
1143280 2538.2
1143290 2526.2
1143300 2520.1
1143310 2520.1
1143320 2514.4
1143330 2508.4
1143340 2508.4
1143350 2502.6
1143360 2499.5
1143370 2499.5
1143380 2496.8
1143390 2491.9
1143400 2491.9
1143410 2486.2
1143420 2483.6
1143430 2483.6
1143440 2480.5
1143450 2477.2
1143460 2477.2
1143470 2473.9
1143480 2473.0
1143490 2473.0
1143500 2472.0
1143510 2470.5
1143520 2466.6
1143530 2466.6
1143540 2462.9
1143550 2457.6
1143560 2457.6
1143570 2451.5
1143580 2444.3
1143590 2444.3
1143600 2435.0
1143610 2422.1
1143620 2422.1
1143630 2411.1
1143640 2399.7
1143650 2399.7
1143660 2384.4
1143670 2375.7
1143680 2375.7
1143690 2369.0
1143700 2363.2
1143710 2363.2
1143720 2358.8
1143730 2356.0
1143740 2353.3
1143750 2353.3
1143760 2350.9
1143770 2346.9
1143780 2346.9
1143790 2342.0
1143800 2337.8
1143810 2337.8
1143820 2334.0
1143830 2329.9
1143840 2329.9
1143850 2323.6
1143860 2318.0
1143870 2318.0
1143880 2312.6
1143890 2307.3
1143900 2307.3
1143910 2304.9
1143920 2302.9
1143930 2301.6
1143940 2301.6
1143950 2295.6
1143960 2289.2
1143970 2289.2
1143980 2290.3
1143990 2287.6
1144000 2287.6
1144010 2282.0
1144020 2277.6
1144030 2269.2
1144040 2266.0
1144050 2262.3
1144060 2262.3
1144070 2258.1
1144080 2251.4
1144090 2251.4
1144100 2246.2
1144110 2241.2
1144120 2241.2
1144130 2232.4
1144140 2211.8
1144150 2179.5
1144160 2179.5
1144170 2168.3
1144180 2168.5
1144190 2168.5
1144200 2169.9
1144210 2162.9
1144220 2162.9
1144230 2149.5
1144240 2135.5
1144250 2135.5
1144260 2121.0
1144270 2113.7
1144280 2113.7
1144290 2106.8
1144300 2098.4
1144310 2098.4
1144320 2090.3
1144330 2083.1
1144340 2076.6
1144350 2076.6
1144360 2069.7
1144370 2062.5
1144380 2062.5
1144390 2055.6
1144400 2048.7
1144410 2044.5
1144420 2037.6
1144430 2030.9
1144440 2030.9
1144450 2023.8
1144460 2016.5
1144470 2016.5
1144480 2009.5
1144490 2003.1
1144500 2003.1
1144510 1995.6
1144520 1988.0
1144530 1988.0
1144540 1981.1
1144550 1974.0
1144560 1967.1
1144570 1967.1
1144580 1960.1
1144590 1953.1
1144600 1953.1
1144610 1946.3
1144620 1939.6
1144630 1939.6
1144640 1933.0
1144650 1926.6
1144660 1926.6
1144670 1920.0
1144680 1913.6
1144690 1913.6
1144700 1907.6
1144710 1901.8
1144720 1901.8
1144730 1896.2
1144740 1891.1
1144750 1886.0
1144760 1886.0
1144770 1881.2
1144780 1873.6
1144790 1873.6
1144800 1869.5
1144810 1865.8
1144820 1865.8
1144830 1862.1
1144840 1858.3
1144850 1858.3
1144860 1854.9
1144870 1851.7
1144880 1851.7
1144890 1848.8
1144900 1846.3
1144910 1846.3
1144920 1844.0
1144930 1841.6
1144940 1841.6
1144950 1839.5
1144960 1837.2
1144970 1834.9
1144980 1834.9
1144990 1832.0
1145000 1826.0
1145010 1826.0
1145020 1817.3
1145030 1808.7
1145040 1808.7
1145050 1804.8
1145060 1805.2
1145070 1805.2
1145080 1807.3
1145090 1811.5
1145100 1811.5
1145110 1817.3
1145120 1820.7
1145130 1820.7
1145140 1825.2
1145150 1829.1
1145160 1834.8
1145170 1834.8
1145180 1840.4
1145190 1844.8
1145200 1844.8
1145210 1849.1
1145220 1853.6
1145230 1853.6
1145240 1857.7
1145250 1862.4
1145260 1862.4
1145270 1866.9
1145280 1872.1
1145290 1872.1
1145300 1878.3
1145310 1883.8
1145320 1883.8
1145330 1889.5
1145340 1894.3
1145350 1894.3
1145360 1899.1
1145370 1903.1
1145380 1907.0
1145390 1907.0
1145400 1910.4
1145410 1913.8
1145420 1913.8
1145430 1915.2
1145440 1917.3
1145450 1917.3
1145460 1920.0
1145470 1921.5
1145480 1921.5
1145490 1923.8
1145500 1926.3
1145510 1926.3
1145520 1927.5
1145530 1928.6
1145540 1928.6
1145550 1931.0
1145560 1932.6
1145570 1933.4
1145580 1933.4
1145590 1935.1
1145600 1936.6
1145610 1936.6
1145620 1936.2
1145630 1936.5
1145640 1936.5
1145650 1938.1
1145660 1940.2
1145670 1940.2
1145680 1942.1
1145690 1943.1
1145700 1943.1
1145710 1943.4
1145720 1942.5
1145730 1942.5
1145740 1940.5
1145750 1940.1
1145760 1940.1
1145770 1941.0
1145780 1942.2
1145790 1941.7
1145800 1941.7
1145810 1942.7
1145820 1943.8
1145830 1943.8
1145840 1944.5
1145850 1944.9
1145860 1944.9
1145870 1945.5
1145880 1946.0
1145890 1946.0
1145900 1949.9
1145910 1951.1
1145920 1951.1
1145930 1952.5
1145940 1955.4
1145950 1955.4
1145960 1958.9
1145970 1962.2
1145980 1962.2
1145990 1965.1
1146000 1967.3
1146010 1968.7
1146020 1968.7
1146030 1967.7
1146040 1965.8
1146050 1965.8
1146060 1964.9
1146070 1964.1
1146080 1964.1
1146090 1963.4
1146100 1963.4
1146110 1963.4
1146120 1963.6
1146130 1963.0
1146140 1963.0
1146150 1962.4
1146160 1963.2
1146170 1963.2
1146180 1964.9
1146190 1966.5
1146200 1968.6
1146210 1968.6
1146220 1969.7
1146230 1969.0
1146240 1969.0
1146250 1967.3
1146260 1965.9
1146270 1972.2
1146280 1971.6
1146290 1968.7
1146300 1968.7
1146310 1969.5
1146320 1975.7
1146330 1975.7
1146340 1981.9
1146350 1987.7
1146360 1987.7
1146370 1993.7
1146380 1998.8
1146390 1998.8
1146400 2004.4
1146410 2010.0
1146420 2014.0
1146430 2014.0
1146440 2017.4
1146450 2021.1
1146460 2021.1
1146470 2023.0
1146480 2025.4
1146490 2025.4
1146500 2031.2
1146510 2037.1
1146520 2037.1
1146530 2041.6
1146540 2045.6
1146550 2045.6
1146560 2049.2
1146570 2051.9
1146580 2051.9
1146590 2055.1
1146600 2059.5
1146610 2063.2
1146620 2063.2
1146630 2068.5
1146640 2075.2
1146650 2074.9
1146660 2081.3
1146670 2087.5
1146680 2087.5
1146690 2093.0
1146700 2096.1
1146710 2096.1
1146720 2099.6
1146730 2104.4
1146740 2104.4
1146750 2109.7
1146760 2113.3
1146770 2113.3
1146780 2109.7
1146790 2104.3
1146800 2104.3
1146810 2099.6
1146820 2094.7
1146830 2091.0
1146840 2091.0
1146850 2087.3
1146860 2084.3
1146870 2084.3
1146880 2081.9
1146890 2080.7
1146900 2080.7
1146910 2080.8
1146920 2080.0
1146930 2080.0
1146940 2079.5
1146950 2081.6
1146960 2081.6
1146970 2086.0
1146980 2086.8
1146990 2086.8
1147000 2087.9
1147010 2091.1
1147020 2101.1
1147030 2101.1
1147040 2106.0
1147050 2108.7
1147060 2108.7
1147070 2109.2
1147080 2110.8
1147090 2110.8
1147100 2113.6
1147110 2116.1
1147120 2116.1
1147130 2117.9
1147140 2119.2
1147150 2119.2
1147160 2120.9
1147170 2123.0
1147180 2123.0
1147190 2127.1
1147200 2131.8
1147210 2131.8
1147220 2137.8
1147230 2144.3
1147240 2148.5
1147250 2148.5
1147260 2152.3
1147270 2152.8
1147280 2152.8
1147290 2151.0
1147300 2150.6
1147310 2150.6
1147320 2151.7
1147330 2153.2
1147340 2153.2
1147350 2154.0
1147360 2156.0
1147370 2156.0
1147380 2158.5
1147390 2161.1
1147400 2167.0
1147410 2168.6
1147420 2168.4
1147430 2167.2
1147440 2167.2
1147450 2164.8
1147460 2163.7
1147470 2163.7
1147480 2162.6
1147490 2162.5
1147500 2162.5
1147510 2162.5
1147520 2161.8
1147530 2161.8
1147540 2161.3
1147550 2159.5
1147560 2159.5
1147570 2157.5
1147580 2155.4
1147590 2155.4
1147600 2153.2
1147610 2152.0
1147620 2152.0
1147630 2150.8
1147640 2149.4
1147650 2148.0
1147660 2148.0
1147670 2146.2
1147680 2144.5
1147690 2144.5
1147700 2142.6
1147710 2140.8
1147720 2140.8
1147730 2139.2
1147740 2136.4
1147750 2136.4
1147760 2132.2
1147770 2132.1
1147780 2132.1
1147790 2130.1
1147800 2130.3
1147810 2130.3
1147820 2133.3
1147830 2136.7
1147840 2137.8
1147850 2137.8
1147860 2138.1
1147870 2139.6
1147880 2139.6
1147890 2141.0
1147900 2141.6
1147910 2141.6
1147920 2141.3
1147930 2144.6
1147940 2144.6
1147950 2145.6
1147960 2147.2
1147970 2147.2
1147980 2150.8
1147990 2154.9
1148000 2154.9
1148010 2158.6
1148020 2162.0
1148030 2162.0
1148040 2165.0
1148050 2168.0
1148060 2170.6
1148070 2170.6
1148080 2173.4
1148090 2176.7
1148100 2176.7
1148110 2181.4
1148120 2186.4
1148130 2186.4
1148140 2192.0
1148150 2195.9
1148160 2195.9
1148170 2200.3
1148180 2205.3
1148190 2205.3
1148200 2210.2
1148210 2214.8
1148220 2214.8
1148230 2219.2
1148240 2223.5
1148250 2223.5
1148260 2228.5
1148270 2233.5
1148280 2238.5
1148290 2238.5
1148300 2243.4
1148310 2247.9
1148320 2247.9
1148330 2252.2
1148340 2256.3
1148350 2256.3
1148360 2261.4
1148370 2269.0
1148380 2269.0
1148390 2276.9
1148400 2288.6
1148410 2288.6
1148420 2295.8
1148430 2296.1
1148440 2296.1
1148450 2295.1
1148460 2297.9
1148470 2299.5
1148480 2299.5
1148490 2302.4
1148500 2304.7
1148510 2304.7
1148520 2307.5
1148530 2311.4
1148540 2311.4
1148550 2315.4
1148560 2319.6
1148570 2319.6
1148580 2323.8
1148590 2327.5
1148600 2327.5
1148610 2331.0
1148620 2334.1
1148630 2334.1
1148640 2336.5
1148650 2337.9
1148660 2337.9
1148670 2339.3
1148680 2341.8
1148690 2344.4
1148700 2344.4
1148710 2345.0
1148720 2344.6
1148730 2344.6
1148740 2344.6
1148750 2346.5
1148760 2346.5
1148770 2349.5
1148780 2352.2
1148790 2352.2
1148800 2354.9
1148810 2356.3
1148820 2356.3
1148830 2358.0
1148840 2360.9
1148850 2360.9
1148860 2364.1
1148870 2367.3
1148880 2370.5
1148890 2370.5
1148900 2374.4
1148910 2378.3
1148920 2378.3
1148930 2382.2
1148940 2386.3
1148950 2386.3
1148960 2391.2
1148970 2396.0
1148980 2396.0
1148990 2400.7
1149000 2405.6
1149010 2405.6
1149020 2410.0
1149030 2413.3
1149040 2413.3
1149050 2416.0
1149060 2418.9
1149070 2418.9
1149080 2422.5
1149090 2426.9
1149100 2431.5
1149110 2431.5
1149120 2435.7
1149130 2439.3
1149140 2439.3
1149150 2442.7
1149160 2445.2
1149170 2445.2
1149180 2446.7
1149190 2447.7
1149200 2447.7
1149210 2448.8
1149220 2451.1
1149230 2451.1
1149240 2455.4
1149250 2459.5
1149260 2459.5
1149270 2462.9
1149280 2464.0
1149290 2467.8
1149300 2467.8
1149310 2471.2
1149320 2474.1
1149330 2474.1
1149340 2478.0
1149350 2482.2
1149360 2482.2
1149370 2485.7
1149380 2490.8
1149390 2490.8
1149400 2496.4
1149410 2501.0
1149420 2501.0
1149430 2505.5
1149440 2510.7
1149450 2510.7
1149460 2514.3
1149470 2515.0
1149480 2515.0
1149490 2516.3
1149500 2518.7
1149510 2521.8
1149520 2521.8
1149530 2524.7
1149540 2526.9
1149550 2526.9
1149560 2529.9
1149570 2534.4
1149580 2534.4
1149590 2538.4
1149600 2542.1
1149610 2542.1
1149620 2545.7
1149630 2548.5
1149640 2548.5
1149650 2548.2
1149660 2552.1
1149670 2552.1
1149680 2553.0
1149690 2553.7
1149700 2552.5
1149710 2552.5
1149720 2551.8
1149730 2552.8
1149740 2552.8
1149750 2553.4
1149760 2553.1
1149770 2553.1
1149780 2553.3
1149790 2555.2
1149800 2555.2
1149810 2556.7
1149820 2561.6
1149830 2561.6
1149840 2565.4
1149850 2569.8
1149860 2569.8
1149870 2574.5
1149880 2579.5
1149890 2579.5
1149900 2583.7
1149910 2588.4
1149920 2595.6
1149930 2595.6
1149940 2605.8
1149950 2610.7
1149960 2610.7
1149970 2608.4
1149980 2605.0
1149990 2605.0
1150000 2605.1
1150010 2605.5
1150020 2605.5
1150030 2606.1
1150040 2611.4
1150050 2611.4
1150060 2613.5
1150070 2616.4
1150080 2616.4
1150090 2619.4
1150100 2621.5
1150110 2623.2
1150120 2623.2
1150130 2625.7
1150140 2630.2
1150150 2630.2
1150160 2635.9
1150170 2641.3
1150180 2641.3
1150190 2646.4
1150200 2651.5
1150210 2651.5
1150220 2655.7
1150230 2659.6
1150240 2659.6
1150250 2663.1
1150260 2666.3
1150270 2666.3
1150280 2670.0
1150290 2673.8
1150300 2673.8
1150310 2678.3
1150320 2682.9
1150330 2687.1
1150340 2687.1
1150350 2691.5
1150360 2695.2
1150370 2695.2
1150380 2699.1
1150390 2704.0
1150400 2704.0
1150410 2712.2
1150420 2716.6
1150430 2716.6
1150440 2721.5
1150450 2727.2
1150460 2727.2
1150470 2733.7
1150480 2738.7
1150490 2738.7
1150500 2745.6
1150510 2749.8
1150520 2749.8
1150530 2752.2
1150540 2755.1
1150550 2756.1
1150560 2756.1
1150570 2756.5
1150580 2755.7
1150590 2755.7
1150600 2754.9
1150610 2755.3
1150620 2755.3
1150630 2755.3
1150640 2754.4
1150650 2754.4
1150660 2753.4
1150670 2752.9
1150680 2752.9
1150690 2752.4
1150700 2751.5
1150710 2751.5
1150720 2750.3
1150730 2747.2
1150740 2742.8
1150750 2742.8
1150760 2737.9
1150770 2734.5
1150780 2734.5
1150790 2727.2
1150800 2723.2
1150810 2723.2
1150820 2719.3
1150830 2715.2
1150840 2715.2
1150850 2711.3
1150860 2708.0
1150870 2708.0
1150880 2705.2
1150890 2702.3
1150900 2702.3
1150910 2699.6
1150920 2696.7
1150930 2696.7
1150940 2693.5
1150950 2689.5
1150960 2684.6
1150970 2684.6
1150980 2679.9
1150990 2674.0
1151000 2674.0
1151010 2669.9
1151020 2669.1
1151030 2669.1
1151040 2668.2
1151050 2666.8
1151060 2666.8
1151070 2665.0
1151080 2662.8
1151090 2662.8
1151100 2660.5
1151110 2657.1
1151120 2657.1
1151130 2653.6
1151140 2650.2
1151150 2646.2
1151160 2646.2
1151170 2639.7
1151180 2637.6
1151190 2637.6
1151200 2636.0
1151210 2634.3
1151220 2634.3
1151230 2631.8
1151240 2630.5
1151250 2630.5
1151260 2629.3
1151270 2627.9
1151280 2627.9
1151290 2626.4
1151300 2624.0
1151310 2624.0
1151320 2622.6
1151330 2623.1
1151340 2623.1
1151350 2623.0
1151360 2623.0
1151370 2623.1
1151380 2623.1
1151390 2621.8
1151400 2620.3
1151410 2620.3
1151420 2619.3
1151430 2618.6
1151440 2618.6
1151450 2618.1
1151460 2617.3
1151470 2617.3
1151480 2616.6
1151490 2615.9
1151500 2615.9
1151510 2616.9
1151520 2619.6
1151530 2619.6
1151540 2621.5
1151550 2619.2
1151560 2622.1
1151570 2622.1
1151580 2625.3
1151590 2628.2
1151600 2628.2
1151610 2630.3
1151620 2632.1
1151630 2632.1
1151640 2633.6
1151650 2636.8
1151660 2636.8
1151670 2640.6
1151680 2646.8
1151690 2646.8
1151700 2650.6
1151710 2649.7
1151720 2649.7
1151730 2645.8
1151740 2641.0
1151750 2641.0
1151760 2635.8
1151770 2633.0
1151780 2632.3
1151790 2632.3
1151800 2631.4
1151810 2631.1
1151820 2631.1
1151830 2629.8
1151840 2626.9
1151850 2626.9
1151860 2621.2
1151870 2614.6
1151880 2614.6
1151890 2608.7
1151900 2604.0
1151910 2604.0
1151920 2599.9
1151930 2590.3
1151940 2590.3
1151950 2586.7
1151960 2582.5
1151970 2579.0
1151980 2579.0
1151990 2576.5
1152000 2573.3
1152010 2573.3
1152020 2570.4
1152030 2566.7
1152040 2566.7
1152050 2563.9
1152060 2562.5
1152070 2562.5
1152080 2560.9
1152090 2559.6
1152100 2559.6
1152110 2558.1
1152120 2556.8
1152130 2556.8
1152140 2555.7
1152150 2556.4
1152160 2556.4
1152170 2558.7
1152180 2561.1
1152190 2562.8
1152200 2562.8
1152210 2562.8
1152220 2563.5
1152230 2563.5
1152240 2565.0
1152250 2565.9
1152260 2565.9
1152270 2564.9
1152280 2562.3
1152290 2562.3
1152300 2561.7
1152310 2557.8
1152320 2557.8
1152330 2557.3
1152340 2556.1
1152350 2556.1
1152360 2556.2
1152370 2556.6
1152380 2557.2
1152390 2557.2
1152400 2557.4
1152410 2557.5
1152420 2557.5
1152430 2558.1
1152440 2559.1
1152450 2559.1
1159710 1980.8
1159720 1979.1
1159730 1979.1
1159740 1977.4
1159750 1973.3
1159760 1973.3
1159770 1966.8
1159780 1960.7
1159790 1960.7
1159800 1955.1
1159810 1950.8
1159820 1948.5
1159830 1948.5
1159840 1946.0
1159850 1942.9
1159860 1942.9
1159870 1939.7
1159880 1940.5
1159890 1940.5
1159900 1944.2
1159910 1943.9
1159920 1943.9
1159930 1941.4
1159940 1940.2
1159950 1940.2
1159960 1939.2
1159970 1938.0
1159980 1938.0
1159990 1936.7
