1140000 1979.2
1140010 1979.2
1140020 1986.6
1140030 1993.4
1140040 1993.4
1140050 1999.4
1140060 2005.8
1140070 2012.0
1140080 2012.0
1140090 2017.4
1140100 2022.9
1140110 2022.9
1140120 2031.2
1140130 2035.9
1140140 2035.9
1140150 2040.9
1140160 2045.7
1140170 2045.7
1140180 2050.3
1140190 2055.5
1140200 2055.5
1140210 2060.8
1140220 2065.8
1140230 2065.8
1140240 2070.4
1140250 2074.5
1140260 2078.7
1140270 2078.7
1140280 2082.5
1140290 2086.5
1140300 2086.5
1140310 2091.2
1140320 2094.9
1140330 2094.9
1140340 2098.2
1140350 2100.8
1140360 2100.8
1140370 2102.7
1140380 2104.8
1140390 2104.8
1140400 2107.2
1140410 2109.8
1140420 2109.8
1140430 2112.8
1140440 2117.3
1140450 2117.3
1140460 2124.3
1140470 2131.2
1140480 2136.4
1140490 2138.1
1140500 2139.8
1140510 2138.1
1140520 2138.1
1140530 2133.9
1140540 2128.6
1140550 2128.6
1140560 2124.8
1140570 2122.7
1140580 2122.7
1140590 2120.3
1140600 2117.6
1140610 2117.6
1140620 2115.8
1140630 2114.9
1140640 2114.9
1140650 2114.3
1140660 2113.8
1140670 2113.3
1140680 2113.3
1140690 2114.3
1140700 2114.7
1140710 2114.7
1140720 2114.3
1140730 2114.6
1140740 2114.6
1140750 2114.9
1140760 2115.7
1140770 2115.7
1140780 2115.4
1140790 2115.9
1140800 2115.9
1140810 2117.3
1140820 2116.7
1140830 2116.7
1140840 2116.5
1140850 2116.0
1140860 2117.0
1140870 2117.0
1140880 2117.0
1140890 2117.2
1140900 2117.2
1140910 2117.7
1140920 2118.6
1140930 2118.6
1140940 2119.9
1140950 2120.4
1140960 2120.4
1140970 2120.4
1140980 2120.6
1140990 2120.6
1141000 2123.2
1141010 2122.9
1141020 2122.9
1141030 2122.9
1141040 2124.3
1141050 2124.3
1141060 2126.4
1141070 2129.8
1141080 2132.9
1141090 2132.9
1141100 2136.5
1141110 2141.3
1141120 2141.3
1141130 2146.4
1141140 2151.5
1141150 2151.5
1141160 2157.1
1141170 2162.1
1141180 2162.1
1141190 2167.5
1141200 2171.7
1141210 2171.7
1141220 2175.3
1141230 2179.9
1141240 2179.9
1141250 2183.1
1141260 2184.0
1141270 2184.0
1141280 2186.5
1141290 2190.1
1141300 2194.0
1141310 2194.0
1141320 2198.7
1141330 2203.6
1141340 2203.6
1141350 2208.7
1141360 2215.0
1141370 2215.0
1141380 2222.0
1141390 2229.0
1141400 2229.0
1141410 2235.8
1141420 2242.8
1141430 2242.8
1141440 2249.8
1141450 2257.7
1141460 2257.7
1141470 2265.1
1141480 2272.5
1141490 2279.6
1141500 2279.6
1141510 2286.3
1141520 2293.1
1141530 2293.1
1141540 2301.5
1141550 2311.0
1141560 2311.0
1141570 2322.6
1141580 2334.9
1141590 2334.9
1141600 2351.2
1141610 2362.8
1141620 2362.8
1141630 2370.4
1141640 2379.5
1141650 2379.5
1141660 2386.3
1141670 2389.8
1141680 2389.8
1141690 2389.4
1141700 2384.2
1141710 2374.0
1141720 2374.0
1141730 2363.4
1141740 2357.4
1141750 2357.4
1141760 2348.6
1141770 2336.4
1141780 2336.4
1141790 2329.4
1141800 2327.0
1141810 2327.0
1141820 2325.3
1141830 2323.5
1141840 2323.5
1141850 2322.1
1141860 2321.6
1141870 2321.6
1141880 2321.0
1141890 2320.2
1141900 2320.6
1141910 2320.6
1141920 2321.5
1141930 2322.7
1141940 2322.7
1141950 2324.7
1141960 2326.8
1141970 2329.2
1141980 2331.2
1141990 2333.2
1142000 2333.2
1142010 2334.8
1142020 2336.7
1142030 2336.7
1142040 2339.4
1142050 2342.1
1142060 2342.1
1142070 2344.5
1142080 2347.3
1142090 2347.3
1142100 2350.4
1142110 2351.0
1142120 2349.5
1142130 2349.5
1142140 2348.1
1142150 2347.8
1142160 2347.8
1142170 2348.1
1142180 2347.9
1142190 2347.9
1142200 2346.9
1142210 2346.1
1142220 2346.1
1142230 2344.3
1142240 2342.0
1142250 2342.0
1142260 2340.3
1142270 2340.9
1142280 2340.9
1142290 2340.3
1142300 2337.9
1142310 2337.8
1142320 2337.8
1142330 2340.4
1142340 2344.6
1142350 2344.6
1142360 2347.7
1142370 2354.7
1142380 2354.7
1142390 2363.0
1142400 2368.6
1142410 2368.6
1142420 2372.8
1142430 2375.3
1142440 2375.3
1142450 2378.0
1142460 2378.5
1142470 2378.5
1142480 2378.7
1142490 2378.8
1142500 2378.8
1142510 2376.2
1142520 2376.8
1142530 2380.0
1142540 2380.0
1142550 2381.4
1142560 2381.5
1142570 2381.5
1142580 2381.0
1142590 2379.5
1142600 2379.5
1142610 2379.9
1142620 2384.8
1142630 2384.8
1142640 2390.0
1142650 2395.3
1142660 2395.3
1142670 2401.0
1142680 2406.9
1142690 2406.9
1142700 2412.8
1142710 2418.3
1142720 2424.3
1142730 2424.3
1142740 2430.3
1142750 2436.4
1142760 2436.4
1142770 2442.4
1142780 2448.4
1142790 2448.4
1142800 2455.0
1142810 2464.3
1142820 2464.3
1142830 2473.2
1142840 2481.7
1142850 2481.7
1142860 2490.5
1142870 2500.5
1142880 2500.5
1142890 2510.0
1142900 2517.5
1142910 2517.5
1142920 2527.2
1142930 2536.6
1142940 2544.0
1142950 2544.0
1142960 2550.8
1142970 2558.7
1142980 2558.7
1142990 2568.3
1143000 2576.0
1143010 2576.0
1143020 2584.5
1143030 2593.9
1143040 2593.9
1143050 2602.7
1143060 2607.8
1143070 2607.8
1143080 2619.8
1143090 2629.5
1143100 2629.5
1143110 2640.1
1143120 2650.8
1143130 2658.2
1143140 2658.2
1143150 2665.3
1143160 2671.7
1143170 2671.7
1143180 2679.6
1143190 2691.9
1143200 2691.9
1143210 2700.4
1143220 2705.5
1143230 2705.5
1143240 2708.8
1143250 2709.6
1143260 2709.6
1143270 2710.7
1143280 2713.6
1143290 2713.6
1143300 2712.3
1143310 2708.9
1143320 2708.9
1143330 2706.2
1143340 2702.4
1143350 2700.3
1143360 2700.3
1143370 2699.0
1143380 2687.7
1143390 2687.7
1143400 2670.6
1143410 2656.0
1143420 2656.0
1143430 2641.1
1143440 2627.7
1143450 2618.1
1143460 2605.8
1143470 2596.0
1143480 2596.0
1143490 2586.5
1143500 2578.0
1143510 2578.0
1143520 2570.2
1143530 2558.5
1143540 2535.1
1143550 2535.1
1143560 2517.9
1143570 2503.8
1143580 2503.8
1143590 2490.4
1143600 2481.3
1143610 2481.3
1143620 2474.7
1143630 2467.2
1143640 2467.2
1143650 2461.2
1143660 2455.0
1143670 2455.0
1143680 2447.3
1143690 2439.9
1143700 2439.9
1143710 2429.0
1143720 2418.8
1143730 2418.8
1143740 2410.9
1143750 2400.0
1143760 2389.5
1143770 2389.5
1143780 2381.1
1143790 2372.8
1143800 2372.8
1143810 2364.2
1143820 2357.1
1143830 2357.1
1143840 2349.9
1143850 2341.8
1143860 2341.8
1143870 2327.6
1143880 2310.6
1143890 2310.6
1143900 2297.2
1143910 2288.5
1143920 2288.5
1143930 2281.1
1143940 2273.4
1143950 2273.4
1143960 2265.2
1143970 2256.0
1143980 2253.8
1143990 2253.8
1144000 2252.9
1144010 2248.8
1144020 2248.8
1144030 2240.7
1144040 2231.2
1144050 2231.2
1144060 2220.1
1144070 2209.2
1144080 2209.2
1144090 2194.7
1144100 2179.9
1144110 2179.9
1144120 2154.8
1144130 2147.8
1144140 2147.8
1144150 2143.5
1144160 2145.9
1144170 2145.3
1144180 2145.3
1144190 2131.0
1144200 2126.5
1144210 2126.5
1144220 2115.4
1144230 2102.3
1144240 2102.3
1144250 2078.0
1144260 2051.4
1144270 2051.4
1144280 2026.9
1144290 2015.1
1144300 2015.1
1144310 2009.1
1144320 2002.9
1144330 2002.9
1144340 1996.8
1144350 1989.9
1144360 1989.9
1144370 1982.6
1144380 1975.3
1144390 1968.1
1144400 1968.1
1144410 1960.9
1144420 1954.3
1144430 1954.3
1144440 1947.8
1144450 1940.7
1144460 1940.7
1144470 1934.9
1144480 1928.4
1144490 1928.4
1144500 1921.7
1144510 1915.5
1144520 1915.5
1144530 1909.3
1144540 1903.3
1144550 1903.3
1144560 1898.4
1144570 1892.7
1144580 1887.3
1144590 1887.3
1144600 1882.1
1144610 1877.0
1144620 1877.0
1144630 1871.9
1144640 1867.1
1144650 1867.1
1144660 1862.0
1144670 1857.8
1144680 1857.8
1144690 1854.6
1144700 1852.0
1144710 1852.0
1144720 1848.9
1144730 1845.8
1144740 1845.8
1144750 1842.8
1144760 1839.6
1144770 1839.6
1144780 1837.0
1144790 1834.7
1144800 1832.6
1144810 1832.6
1144820 1831.6
1144830 1829.8
1144840 1829.8
1144850 1828.0
1144860 1826.7
1144870 1826.7
1144880 1825.4
1144890 1824.2
1144900 1824.2
1144910 1823.6
1144920 1823.5
1144930 1823.7
1144940 1824.0
1144950 1823.7
1144960 1823.7
1144970 1823.7
1144980 1823.7
1144990 1823.7
1145000 1823.7
1145010 1823.6
1145020 1823.2
1145030 1823.2
1145040 1823.3
1145050 1822.3
1145060 1822.3
1145070 1822.2
1145080 1823.1
1145090 1823.1
1145100 1823.2
1145110 1823.2
1145120 1823.2
1145130 1824.0
1145140 1826.3
1145150 1826.3
1145160 1829.1
1145170 1833.8
1145180 1833.8
1145190 1838.7
1145200 1844.7
1145210 1848.6
1145220 1848.6
1145230 1852.6
1145240 1856.2
1145250 1856.2
1145260 1859.7
1145270 1864.1
1145280 1864.1
1145290 1868.2
1145300 1872.6
1145310 1873.0
1145320 1878.4
1145330 1883.6
1145340 1883.6
1145350 1889.6
1145360 1896.4
1145370 1896.4
1145380 1903.9
1145390 1909.9
1145400 1914.9
1145410 1914.9
1145420 1919.8
1145430 1923.6
1145440 1923.6
1145450 1926.8
1145460 1930.0
1145470 1930.0
1145480 1934.1
1145490 1937.5
1145500 1937.5
1145510 1939.7
1145520 1941.6
1145530 1941.6
1145540 1944.5
1145550 1946.6
1145560 1946.6
1145570 1947.9
1145580 1949.4
1145590 1949.4
1145600 1951.3
1145610 1954.9
1145620 1961.8
1145630 1961.8
1145640 1971.9
1145650 1980.8
1145660 1980.8
1145670 1987.1
1145680 1995.2
1145690 1995.2
1145700 1999.2
1145710 2002.4
1145720 2002.4
1145730 2005.1
1145740 2008.1
1145750 2008.1
1145760 2011.3
1145770 2014.2
1145780 2014.2
1145790 2016.6
1145800 2018.6
1145810 2021.1
1145820 2021.1
1145830 2024.2
1145840 2027.4
1145850 2027.4
1145860 2029.2
1145870 2029.9
1145880 2029.9
1145890 2031.3
1145900 2034.6
1145910 2034.6
1145920 2037.1
1145930 2038.2
1145940 2038.2
1145950 2040.1
1145960 2042.0
1145970 2042.0
1145980 2044.4
1145990 2047.1
1146000 2047.1
1146010 2049.7
1146020 2051.6
1146030 2054.0
1146040 2054.0
1146050 2058.3
1146060 2063.0
1146070 2063.0
1146080 2068.8
1146090 2074.7
1146100 2074.7
1146110 2078.7
1146120 2081.2
1146130 2081.2
1146140 2081.4
1146150 2080.7
1146160 2080.7
1146170 2080.2
1146180 2080.2
1146190 2080.2
1146200 2081.5
1146210 2084.1
1146220 2087.4
1146230 2087.4
1146240 2090.7
1146250 2094.6
1146260 2094.6
1146270 2099.4
1146280 2104.9
1146290 2104.9
1146300 2110.6
1146310 2115.7
1146320 2115.7
1146330 2120.4
1146340 2124.5
1146350 2124.5
1146360 2128.0
1146370 2130.9
1146380 2130.9
1146390 2133.5
1146400 2136.2
1146410 2136.2
1146420 2138.5
1146430 2143.7
1146440 2144.8
1146450 2144.8
1146460 2146.0
1146470 2147.9
1146480 2147.9
1146490 2149.3
1146500 2152.1
1146510 2152.1
1146520 2154.9
1146530 2157.4
1146540 2157.4
1146550 2159.4
1146560 2161.5
1146570 2161.5
1146580 2162.5
1146590 2163.6
1146600 2163.6
1146610 2164.9
1146620 2166.0
1146630 2167.2
1146640 2167.2
1146650 2168.8
1146660 2169.9
1146670 2169.9
1146680 2171.1
1146690 2172.6
1146700 2172.6
1146710 2173.6
1146720 2174.9
1146730 2174.9
1146740 2176.2
1146750 2177.5
1146760 2177.5
1146770 2178.2
1146780 2174.6
1146790 2174.6
1146800 2178.0
1146810 2181.3
1146820 2181.3
1146830 2184.2
1146840 2188.7
1146850 2192.2
1146860 2192.2
1146870 2195.7
1146880 2199.7
1146890 2199.7
1146900 2203.4
1146910 2205.9
1146920 2205.9
1146930 2208.0
1146940 2209.8
1146950 2209.8
1146960 2211.1
1146970 2213.9
1146980 2213.9
1146990 2217.0
1147000 2219.3
1147010 2219.3
1147020 2221.7
1147030 2225.2
1147040 2229.3
1147050 2229.3
1147060 2232.7
1147070 2236.2
1147080 2236.2
1147090 2239.1
1147100 2241.8
1147110 2241.8
1147120 2244.7
1147130 2250.2
1147140 2250.2
1147150 2257.2
1147160 2265.0
1147170 2265.0
1147180 2266.8
1147190 2274.3
1147200 2274.3
1147210 2281.1
1147220 2287.7
1147230 2287.7
1147240 2294.4
1147250 2301.2
1147260 2307.2
1147270 2307.2
1147280 2313.1
1147290 2319.9
1147300 2319.9
1147310 2327.2
1147320 2334.0
1147330 2334.0
1147340 2340.1
1147350 2344.2
1147360 2344.2
1147370 2347.6
1147380 2350.6
1147390 2350.6
1147400 2353.2
1147410 2356.6
1147420 2356.6
1147430 2360.8
1147440 2365.9
1147450 2372.2
1147460 2372.2
1147470 2378.8
1147480 2385.6
1147490 2385.6
1147500 2392.4
1147510 2399.3
1147520 2399.3
1147530 2406.0
1147540 2411.6
1147550 2416.2
1147560 2420.6
1147570 2420.9
1147580 2420.9
1147590 2417.7
1147600 2413.5
1147610 2413.5
1147620 2409.0
1147630 2404.2
1147640 2404.2
1147650 2399.6
1147660 2394.2
1147670 2389.0
1147680 2389.0
1147690 2384.0
1147700 2378.8
1147710 2378.8
1147720 2373.0
1147730 2367.0
1147740 2367.0
1147750 2360.9
1147760 2355.7
1147770 2355.7
1147780 2350.6
1147790 2345.0
1147800 2345.0
1147810 2339.7
1147820 2334.7
1147830 2334.7
1147840 2331.0
1147850 2329.0
1147860 2327.1
1147870 2327.1
1147880 2324.1
1147890 2319.2
1147900 2319.2
1147910 2313.1
1147920 2306.9
1147930 2309.7
1147940 2304.6
1147950 2299.6
1147960 2299.6
1147970 2295.1
1147980 2291.9
1147990 2291.9
1148000 2290.1
1148010 2287.5
1148020 2287.5
1148030 2284.0
1148040 2281.6
1148050 2281.6
1148060 2279.6
1148070 2277.8
1148080 2276.8
1148090 2276.8
1148100 2275.9
1148110 2272.5
1148120 2272.5
1148130 2266.4
1148140 2262.1
1148150 2262.1
1148160 2260.2
1148170 2259.5
1148180 2259.5
1148190 2257.6
1148200 2253.8
1148210 2253.8
1148220 2251.7
1148230 2247.1
1148240 2247.1
1148250 2245.1
1148260 2246.7
1148270 2248.2
1148280 2248.2
1148290 2249.8
1148300 2251.5
1148310 2252.5
1148320 2254.2
1148330 2255.5
1148340 2255.5
1148350 2256.3
1148360 2257.2
1148370 2257.2
1148380 2258.6
1148390 2260.0
1148400 2260.0
1148410 2261.7
1148420 2263.5
1148430 2263.5
1148440 2265.1
1148450 2265.9
1148460 2265.9
1148470 2267.1
1148480 2268.6
1148490 2270.7
1148500 2270.7
1148510 2272.7
1148520 2274.7
1148530 2274.7
1148540 2276.7
1148550 2278.6
1148560 2278.6
1148570 2280.7
1148580 2282.8
1148590 2282.8
1148600 2284.9
1148610 2287.0
1148620 2287.0
1148630 2289.4
1148640 2292.1
1148650 2292.1
1148660 2294.8
1148670 2296.5
1148680 2299.2
1148690 2299.2
1148700 2302.2
1148710 2307.4
1148720 2307.4
1148730 2314.3
1148740 2321.3
1148750 2321.3
1148760 2328.5
1148770 2336.7
1148780 2336.7
1148790 2347.3
1148800 2355.9
1148810 2355.9
1148820 2364.3
1148830 2374.7
1148840 2374.7
1148850 2384.1
1148860 2388.9
1148870 2388.9
1148880 2392.8
1148890 2397.4
1148900 2402.1
1148910 2402.1
1148920 2406.2
1148930 2411.0
1148940 2411.0
1148950 2415.1
1148960 2417.0
1148970 2417.0
1148980 2414.7
1148990 2412.8
1149000 2412.8
1149010 2413.9
1149020 2416.2
1149030 2416.2
1149040 2417.4
1149050 2420.4
1149060 2425.6
1149070 2428.6
1149080 2432.6
1149090 2437.4
1149100 2437.4
1149110 2442.5
1149120 2447.6
1149130 2447.6
1149140 2453.8
1149150 2461.3
1149160 2461.3
1149170 2468.4
1149180 2473.9
1149190 2473.9
1149200 2478.8
1149210 2484.5
1149220 2484.5
1149230 2489.6
1149240 2493.8
1149250 2493.8
1149260 2498.3
1149270 2503.0
1149280 2503.0
1149290 2506.9
1149300 2510.1
1149310 2513.0
1149320 2513.0
1149330 2516.3
1149340 2520.6
1149350 2520.6
1149360 2526.2
1149370 2531.5
1149380 2531.5
1149390 2535.5
1149400 2539.1
1149410 2539.1
1149420 2541.8
1149430 2544.2
1149440 2542.7
1149450 2547.7
1149460 2554.6
1149470 2554.6
1149480 2560.9
1149490 2565.7
1149500 2569.8
1149510 2569.8
1149520 2574.0
1149530 2578.4
1149540 2578.4
1149550 2582.8
1149560 2587.0
1149570 2587.0
1149580 2591.1
1149590 2595.8
1149600 2595.8
1149610 2601.9
1149620 2607.0
1149630 2607.0
1149640 2612.2
1149650 2617.6
1149660 2617.6
1149670 2622.7
1149680 2627.1
1149690 2627.1
1149700 2631.8
1149710 2637.0
1149720 2642.0
1149730 2642.0
1149740 2646.4
1149750 2650.2
1149760 2650.2
1149770 2653.2
1149780 2656.1
1149790 2656.1
1149800 2659.4
1149810 2663.6
1149820 2663.6
1149830 2669.1
1149840 2673.9
1149850 2673.9
1149860 2677.9
1149870 2681.5
1149880 2681.5
1149890 2684.8
1149900 2688.2
1149910 2688.2
1149920 2691.9
1149930 2695.9
1149940 2700.3
1149950 2700.3
1149960 2704.7
1149970 2708.7
1149980 2708.7
1149990 2713.0
1150000 2717.3
1150010 2717.3
1150020 2721.1
1150030 2724.6
1150040 2724.6
1150050 2728.2
1150060 2733.4
1150070 2733.4
1150080 2741.0
1150090 2749.3
1150100 2749.3
1150110 2756.8
1150120 2763.7
1150130 2770.3
1150140 2770.3
1150150 2777.1
1150160 2783.5
1150170 2783.5
1150180 2790.1
1150190 2799.5
1150200 2799.5
1150210 2806.0
1150220 2812.2
1150230 2812.2
1150240 2817.8
1150250 2822.6
1150260 2822.6
1150270 2827.0
1150280 2830.6
1150290 2830.6
1150300 2833.8
1150310 2837.2
1150320 2837.2
1150330 2839.7
1150340 2841.9
1150350 2842.5
1150360 2842.5
1150370 2838.5
1150380 2833.1
1150390 2833.1
1150400 2828.5
1150410 2824.8
1150420 2824.8
1150430 2821.7
1150440 2817.8
1150450 2817.8
1150460 2813.7
1150470 2810.5
1150480 2810.5
1150490 2807.1
1150500 2803.8
1150510 2803.8
1150520 2802.4
1150530 2802.3
1150540 2800.6
1150550 2800.6
1150560 2797.9
1150570 2789.5
1150580 2789.5
1150590 2785.3
1150600 2783.1
1150610 2783.1
1150620 2781.9
1150630 2779.1
1150640 2779.1
1150650 2775.6
1150660 2773.5
1150670 2773.5
1150680 2773.6
1150690 2773.7
1150700 2773.7
1150710 2772.0
1150720 2769.1
1150730 2769.1
1150740 2766.3
1150750 2763.1
1150760 2760.3
1150770 2760.3
1150780 2758.3
1150790 2756.5
1150800 2756.5
1150810 2754.5
1150820 2753.1
1150830 2753.1
1150840 2751.9
1150850 2751.4
1150860 2751.4
1150870 2751.6
1150880 2751.1
1150890 2751.1
1150900 2747.3
1150910 2739.3
1150920 2739.3
1150930 2731.3
1150940 2724.3
1150950 2713.8
1150960 2713.8
1150970 2711.0
1150980 2710.6
1150990 2710.6
1151000 2706.1
1151010 2699.4
1151020 2699.4
1151030 2693.1
1151040 2689.1
1151050 2689.1
1151060 2684.9
1151070 2678.4
1151080 2678.4
1151090 2670.9
1151100 2663.9
1151110 2663.9
1151120 2656.5
1151130 2651.1
1151140 2651.1
1151150 2646.9
1151160 2642.0
1151170 2635.9
1151180 2635.9
1151190 2629.4
1151200 2622.6
1151210 2622.6
1151220 2616.8
1151230 2610.9
1151240 2610.9
1151250 2605.5
1151260 2600.1
1151270 2600.1
1151280 2594.8
1151290 2589.6
1151300 2589.6
1151310 2584.7
1151320 2579.1
1151330 2575.4
1151340 2572.6
1151350 2571.0
1151360 2569.5
1151370 2569.5
1151380 2567.7
1151390 2565.8
1151400 2565.8
1151410 2564.0
1151420 2562.6
1151430 2562.6
1151440 2560.8
1151450 2558.8
1151460 2558.8
1151470 2556.7
1151480 2554.5
1151490 2554.5
1151500 2552.7
1151510 2552.0
1151520 2552.0
1151530 2550.8
1151540 2549.2
1151550 2549.2
1151560 2548.2
1151570 2547.2
1151580 2544.8
1151590 2544.8
1151600 2541.3
1151610 2537.2
1151620 2537.2
1151630 2533.8
1151640 2531.4
1151650 2531.4
1151660 2529.2
1151670 2526.9
1151680 2526.9
1151690 2524.5
1151700 2522.0
1151710 2524.4
1151720 2524.4
1151730 2525.4
1151740 2525.4
1151750 2527.9
1151760 2529.2
1151770 2529.4
1151780 2529.4
1151790 2528.8
1151800 2527.7
1151810 2527.7
1151820 2526.3
1151830 2524.6
1151840 2524.6
1151850 2523.2
1151860 2522.3
1151870 2522.3
1151880 2520.9
1159830 1902.1
1159840 1898.6
1159850 1898.6
1159860 1887.3
1159870 1876.6
1159880 1876.6
1159890 1866.4
1159900 1856.5
1159910 1856.5
1159920 1847.3
1159930 1839.4
1159940 1839.4
1159950 1832.7
1159960 1826.5
1159970 1826.5
1159980 1820.2
1159990 1813.9
