1140000 1597.4
1140010 1598.1
1140020 1598.1
1140030 1593.5
1140040 1590.9
1140050 1590.9
1140060 1596.8
1140070 1602.8
1140080 1602.8
1140090 1605.9
1140100 1606.6
1140110 1606.6
1140120 1606.4
1140130 1605.9
1140140 1605.9
1140150 1605.5
1140160 1605.7
1140170 1607.3
1140180 1607.3
1140190 1609.1
1140200 1611.3
1140210 1611.3
1140220 1612.6
1140230 1613.1
1140240 1618.1
1140250 1619.2
1140260 1622.0
1140270 1622.0
1140280 1624.0
1140290 1625.0
1140300 1625.0
1140310 1625.4
1140320 1625.6
1140330 1625.6
1140340 1624.6
1140350 1626.3
1140360 1626.3
1140370 1630.7
1140380 1632.4
1140390 1633.7
1140400 1633.7
1140410 1633.8
1140420 1630.9
1140430 1630.9
1140440 1630.8
1140450 1632.5
1140460 1632.5
1140470 1635.8
1140480 1635.0
1140490 1635.0
1140500 1634.1
1140510 1639.2
1140520 1639.2
1140530 1645.5
1140540 1650.6
1140550 1650.6
1140560 1653.2
1140570 1653.4
1140580 1654.2
1140590 1654.2
1140600 1655.8
1140610 1665.0
1140620 1665.0
1140630 1669.7
1140640 1672.7
1140650 1672.7
1140660 1674.6
1140670 1675.7
1140680 1675.7
1140690 1676.7
1140700 1677.9
1140710 1677.9
1140720 1681.1
1140730 1686.1
1140740 1686.1
1140750 1690.5
1140760 1693.4
1140770 1693.4
1140780 1696.1
1140790 1698.1
1140800 1699.9
1140810 1699.9
1140820 1701.6
1140830 1702.9
1140840 1702.9
1140850 1705.0
1140860 1707.2
1140870 1707.2
1140880 1709.1
1140890 1708.2
1140900 1708.2
1140910 1709.5
1140920 1714.1
1140930 1714.1
1140940 1719.3
1140950 1725.6
1140960 1725.6
1140970 1732.3
1140980 1738.9
1140990 1745.2
1141000 1745.2
1141010 1751.0
1141020 1755.3
1141030 1755.3
1141040 1754.7
1141050 1750.0
1141060 1750.0
1141070 1743.4
1141080 1735.7
1141090 1735.7
1141100 1729.3
1141110 1723.6
1141120 1723.6
1141130 1723.6
1141140 1729.5
1141150 1729.5
1141160 1734.9
1141170 1740.7
1141180 1740.7
1141190 1746.7
1141200 1753.6
1141210 1760.9
1141220 1760.9
1141230 1769.5
1141240 1776.6
1141250 1776.6
1141260 1781.7
1141270 1785.6
1141280 1785.6
1141290 1788.9
1141300 1793.3
1141310 1793.3
1141320 1798.8
1141330 1804.4
1141340 1804.4
1141350 1816.2
1141360 1819.3
1141370 1819.3
1141380 1823.9
1141390 1829.4
1141400 1834.3
1141410 1834.3
1141420 1838.7
1141430 1843.6
1141440 1843.6
1141450 1849.0
1141460 1857.1
1141470 1857.1
1141480 1862.6
1141490 1865.0
1141500 1865.0
1141510 1869.4
1141520 1870.5
1141530 1870.5
1141540 1874.9
1141550 1881.5
1141560 1881.5
1141570 1886.4
1141580 1890.2
1141590 1890.2
1141600 1894.4
1141610 1897.6
1141620 1902.4
1141630 1902.4
1141640 1909.7
1141650 1914.9
1141660 1914.9
1141670 1907.9
1141680 1900.1
1141690 1900.1
1141700 1911.5
1141710 1922.8
1141720 1928.7
1141730 1936.8
1141740 1932.7
1141750 1932.7
1141760 1936.0
1141770 1945.7
1141780 1945.7
1141790 1954.8
1141800 1960.8
1141810 1960.8
1141820 1965.1
1141830 1969.8
1141840 1973.8
1141850 1973.8
1141860 1977.9
1141870 1983.3
1141880 1983.3
1141890 1987.5
1141900 1990.6
1141910 1990.6
1141920 1992.6
1141930 1994.2
1141940 1994.2
1141950 1996.3
1141960 1998.9
1141970 1998.9
1141980 2002.3
1141990 2006.1
1142000 2006.1
1142010 2009.9
1142020 2013.5
1142030 2017.3
1142040 2017.3
1142050 2021.7
1142060 2025.2
1142070 2025.2
1142080 2028.6
1142090 2038.1
1142100 2038.1
1142110 2042.4
1142120 2046.9
1142130 2046.9
1142140 2051.6
1142150 2055.8
1142160 2055.8
1142170 2059.0
1142180 2061.1
1142190 2061.1
1142200 2062.0
1142210 2061.9
1142220 2061.9
1142230 2061.0
1142240 2060.2
1142250 2057.8
1142260 2057.8
1142270 2055.4
1142280 2058.8
1142290 2058.8
1142300 2062.8
1142310 2068.3
1142320 2068.3
1142330 2072.2
1142340 2075.4
1142350 2075.4
1142360 2078.8
1142370 2083.3
1142380 2083.3
1142390 2089.1
1142400 2095.1
1142410 2095.1
1142420 2100.8
1142430 2106.2
1142440 2111.8
1142450 2111.8
1142460 2121.9
1142470 2126.5
1142480 2126.5
1142490 2130.4
1142500 2133.2
1142510 2133.2
1142520 2134.5
1142530 2134.4
1142540 2134.4
1142550 2134.4
1142560 2134.5
1142570 2134.5
1142580 2135.3
1142590 2136.4
1142600 2136.4
1142610 2137.9
1142620 2139.8
1142630 2139.8
1142640 2142.8
1142650 2145.8
1142660 2144.6
1142670 2144.6
1142680 2144.0
1142690 2145.0
1142700 2145.0
1142710 2147.2
1142720 2152.9
1142730 2152.9
1142740 2158.1
1142750 2159.8
1142760 2159.8
1142770 2159.6
1142780 2159.9
1142790 2159.9
1142800 2161.2
1142810 2163.4
1142820 2163.4
1142830 2168.8
1142840 2171.1
1142850 2171.1
1142860 2174.1
1142870 2176.2
1142880 2177.7
1142890 2177.7
1142900 2180.2
1142910 2181.5
1142920 2181.5
1142930 2182.3
1142940 2183.9
1142950 2183.9
1142960 2185.5
1142970 2186.5
1142980 2186.5
1142990 2187.4
1143000 2189.1
1143010 2189.1
1143020 2191.6
1143030 2194.1
1143040 2194.1
1143050 2196.6
1143060 2199.9
1143070 2203.8
1143080 2203.8
1143090 2208.2
1143100 2212.8
1143110 2212.8
1143120 2218.0
1143130 2223.0
1143140 2223.0
1143150 2225.7
1143160 2230.7
1143170 2230.7
1143180 2236.8
1143190 2241.7
1143200 2246.4
1143210 2251.4
1143220 2257.1
1143230 2257.1
1143240 2261.8
1143250 2266.7
1143260 2266.7
1143270 2270.9
1143280 2274.5
1143290 2278.8
1143300 2278.8
1143310 2283.8
1143320 2289.3
1143330 2289.3
1143340 2294.2
1143350 2298.8
1143360 2298.8
1143370 2304.3
1143380 2310.0
1143390 2310.0
1143400 2316.2
1143410 2321.3
1143420 2321.3
1143430 2326.8
1143440 2331.9
1143450 2331.9
1143460 2336.8
1143470 2341.8
1143480 2346.7
1143490 2346.7
1143500 2352.3
1143510 2358.8
1143520 2358.8
1143530 2365.0
1143540 2371.1
1143550 2371.1
1143560 2380.3
1143570 2397.7
1143580 2397.7
1143590 2404.7
1143600 2411.2
1143610 2411.2
1143620 2417.0
1143630 2422.1
1143640 2422.1
1143650 2430.1
1143660 2437.1
1143670 2437.1
1143680 2443.8
1143690 2450.1
1143700 2457.1
1143710 2457.1
1143720 2461.7
1143730 2466.2
1143740 2466.2
1143750 2470.0
1143760 2472.8
1143770 2472.8
1143780 2476.6
1143790 2480.6
1143800 2480.6
1143810 2484.7
1143820 2487.8
1143830 2487.8
1143840 2486.1
1143850 2477.8
1143860 2477.8
1143870 2469.5
1143880 2458.2
1143890 2458.2
1143900 2449.6
1143910 2442.7
1143920 2436.6
1143930 2436.6
1143940 2431.8
1143950 2425.2
1143960 2425.2
1143970 2418.2
1143980 2410.8
1143990 2410.8
1144000 2402.6
1144010 2394.8
1144020 2394.8
1144030 2387.8
1144040 2380.9
1144050 2380.9
1144060 2374.3
1144070 2368.1
1144080 2368.1
1144090 2362.1
1144100 2356.5
1144110 2351.0
1144120 2351.0
1144130 2344.7
1144140 2338.2
1144150 2338.2
1144160 2332.7
1144170 2327.4
1144180 2327.4
1144190 2322.4
1144200 2317.1
1144210 2317.1
1144220 2311.0
1144230 2303.9
1144240 2303.9
1144250 2296.3
1144260 2288.4
1144270 2288.4
1144280 2280.6
1144290 2272.3
1144300 2272.3
1144310 2265.7
1144320 2257.7
1144330 2250.7
1144340 2250.7
1144350 2243.9
1144360 2237.2
1144370 2237.2
1144380 2232.9
1144390 2225.8
1144400 2225.8
1144410 2218.3
1144420 2212.5
1144430 2212.5
1144440 2205.9
1144450 2199.9
1144460 2199.9
1144470 2194.1
1144480 2188.3
1144490 2188.3
1144500 2181.0
1144510 2175.6
1144520 2168.1
1144530 2168.1
1144540 2159.8
1144550 2151.8
1144560 2151.8
1144570 2144.3
1144580 2136.1
1144590 2136.1
1144600 2128.7
1144610 2121.3
1144620 2121.3
1144630 2113.9
1144640 2107.3
1144650 2107.3
1144660 2101.9
1144670 2094.4
1144680 2086.5
1144690 2079.0
1144700 2072.2
1144710 2072.2
1144720 2064.5
1144730 2056.9
1144740 2048.4
1144750 2048.4
1144760 2040.3
1144770 2032.4
1144780 2032.4
1144790 2025.1
1144800 2018.5
1144810 2018.5
1144820 2011.7
1144830 2005.0
1144840 2005.0
1144850 1998.6
1144860 1992.3
1144870 1992.3
1144880 1986.1
1144890 1979.3
1144900 1979.3
1144910 1971.8
1144920 1964.6
1144930 1956.7
1144940 1956.7
1144950 1948.6
1144960 1941.5
1144970 1941.5
1144980 1934.4
1144990 1927.1
1145000 1927.1
1145010 1919.8
1145020 1914.1
1145030 1914.1
1145040 1907.8
1145050 1900.1
1145060 1899.9
1145070 1895.9
1145080 1890.4
1145090 1890.4
1145100 1882.1
1145110 1874.4
1145120 1874.4
1145130 1868.6
1145140 1862.1
1145150 1855.7
1145160 1855.7
1145170 1849.2
1145180 1843.3
1145190 1843.3
1145200 1837.1
1145210 1827.3
1145220 1827.3
1145230 1820.0
1145240 1816.9
1145250 1816.9
1145260 1813.6
1145270 1810.6
1145280 1810.6
1145290 1806.8
1145300 1804.3
1145310 1804.3
1145320 1803.5
1145330 1800.4
1145340 1800.4
1145350 1795.1
1145360 1790.9
1145370 1787.6
1145380 1787.6
1145390 1783.6
1145400 1779.9
1145410 1779.9
1145420 1777.0
1145430 1772.2
1145440 1772.2
1145450 1771.4
1145460 1770.9
1145470 1770.9
1145480 1767.6
1145490 1764.3
1145500 1764.3
1145510 1762.4
1145520 1760.2
1145530 1760.2
1145540 1757.6
1145550 1756.3
1145560 1755.6
1145570 1755.6
1145580 1755.2
1145590 1754.2
1145600 1754.2
1145610 1753.3
1145620 1752.2
1145630 1752.2
1145640 1750.5
1145650 1748.3
1145660 1748.3
1145670 1746.0
1145680 1743.9
1145690 1743.9
1145700 1742.1
1145710 1740.4
1145720 1740.4
1145730 1738.7
1145740 1737.0
1145750 1737.0
1145760 1735.1
1145770 1733.1
1145780 1734.4
1145790 1734.4
1145800 1735.9
1145810 1734.8
1145820 1734.8
1145830 1734.4
1145840 1733.7
1145850 1733.7
1145860 1732.9
1145870 1732.0
1145880 1732.0
1145890 1731.3
1145900 1730.7
1145910 1730.7
1145920 1730.1
1145930 1729.6
1145940 1729.6
1145950 1729.4
1145960 1729.8
1145970 1730.7
1145980 1730.7
1145990 1731.4
1146000 1731.5
1146010 1731.5
1146020 1732.8
1146030 1735.0
1146040 1735.0
1146050 1736.3
1146060 1737.6
1146070 1737.6
1146080 1738.7
1146090 1739.8
1146100 1739.8
1146110 1741.2
1146120 1742.3
1146130 1742.3
1146140 1742.9
1146150 1743.3
1146160 1743.3
1146170 1744.0
1146180 1746.7
1146190 1746.9
1146200 1746.9
1146210 1747.6
1146220 1749.4
1146230 1749.4
1146240 1751.9
1146250 1753.9
1146260 1753.9
1146270 1755.7
1146280 1756.3
1146290 1756.3
1146300 1757.2
1146310 1758.9
1146320 1758.9
1146330 1760.0
1146340 1761.3
1146350 1761.3
1146360 1760.6
1146370 1762.6
1146380 1762.6
1146390 1765.0
1146400 1770.2
1146410 1775.3
1146420 1775.3
1146430 1780.4
1146440 1786.4
1146450 1786.4
1146460 1793.3
1146470 1799.9
1146480 1799.9
1146490 1806.5
1146500 1813.5
1146510 1813.5
1146520 1820.0
1146530 1826.8
1146540 1826.8
1146550 1837.3
1146560 1845.5
1146570 1845.5
1146580 1854.6
1146590 1863.9
1146600 1871.0
1146610 1871.0
1146620 1877.0
1146630 1883.7
1146640 1883.7
1146650 1890.1
1146660 1894.9
1146670 1894.9
1146680 1899.0
1146690 1903.8
1146700 1903.8
1146710 1907.9
1146720 1912.2
1146730 1912.2
1146740 1917.8
1146750 1922.9
1146760 1922.9
1146770 1927.0
1146780 1930.7
1146790 1930.7
1146800 1934.7
1146810 1938.9
1146820 1942.9
1146830 1942.9
1146840 1947.3
1146850 1951.9
1146860 1951.9
1146870 1956.5
1146880 1961.2
1146890 1961.2
1146900 1966.4
1146910 1971.4
1146920 1971.4
1146930 1975.7
1146940 1982.7
1146950 1982.7
1146960 1990.4
1146970 1998.7
1146980 1998.7
1146990 2007.5
1147000 2015.3
1147010 2022.2
1147020 2022.2
1147030 2029.1
1147040 2036.0
1147050 2036.0
1147060 2043.2
1147070 2051.6
1147080 2051.6
1147090 2061.2
1147100 2071.5
1147110 2071.5
1147120 2080.9
1147130 2088.1
1147140 2088.1
1147150 2093.5
1147160 2093.5
1147170 2093.5
1147180 2093.4
1147190 2094.5
1147200 2094.5
1147210 2095.5
1147220 2097.0
1147230 2099.2
1147240 2099.2
1147250 2100.5
1147260 2101.8
1147270 2101.8
1147280 2103.2
1147290 2104.4
1147300 2099.0
1147310 2102.7
1147320 2106.8
1147330 2106.8
1147340 2110.2
1147350 2112.5
1147360 2112.5
1147370 2115.2
1147380 2117.5
1147390 2117.5
1147400 2118.6
1147410 2119.1
1147420 2120.6
1147430 2120.6
1147440 2122.5
1147450 2123.5
1147460 2123.5
1147470 2124.5
1147480 2127.0
1147490 2127.0
1147500 2130.1
1147510 2132.6
1147520 2132.6
1147530 2134.6
1147540 2137.4
1147550 2137.4
1147560 2140.4
1147570 2143.0
1147580 2143.0
1147590 2144.2
1147600 2146.5
1147610 2146.5
1147620 2149.1
1147630 2150.2
1147640 2152.2
1147650 2152.2
1147660 2153.9
1147670 2153.7
1147680 2155.5
1147690 2155.4
1147700 2155.3
1147710 2155.3
1147720 2155.0
1147730 2154.3
1147740 2154.3
1147750 2154.3
1147760 2154.5
1147770 2154.5
1147780 2155.8
1147790 2159.7
1147800 2159.7
1147810 2165.7
1147820 2172.0
1147830 2172.0
1147840 2177.2
1147850 2180.2
1147860 2183.9
1147870 2183.9
1147880 2188.0
1147890 2193.9
1147900 2193.9
1147910 2200.2
1147920 2206.2
1147930 2206.2
1147940 2211.5
1147950 2217.3
1147960 2217.3
1147970 2223.7
1147980 2230.6
1147990 2230.6
1148000 2236.5
1148010 2241.3
1148020 2241.3
1148030 2245.5
1148040 2249.3
1148050 2255.6
1148060 2255.6
1148070 2257.3
1148080 2261.3
1148090 2261.3
1148100 2265.1
1148110 2267.8
1148120 2267.8
1148130 2268.6
1148140 2268.8
1148150 2268.8
1148160 2268.9
1148170 2269.2
1148180 2269.2
1148190 2270.6
1148200 2271.9
1148210 2271.9
1148220 2273.7
1148230 2276.4
1148240 2276.4
1148250 2278.8
1148260 2280.4
1148270 2281.6
1148280 2281.6
1148290 2283.2
1148300 2285.1
1148310 2285.1
1148320 2286.5
1148330 2287.7
1148340 2287.7
1148350 2290.0
1148360 2290.8
1148370 2290.8
1148380 2288.8
1148390 2287.3
1148400 2287.3
1148410 2287.4
1148420 2288.9
1148430 2290.3
1148440 2292.3
1148450 2292.3
1148460 2293.4
1148470 2293.4
1148480 2294.4
1148490 2295.2
1148500 2295.2
1148510 2295.8
1148520 2296.8
1148530 2296.8
1148540 2298.0
1148550 2299.9
1148560 2299.9
1148570 2302.3
1148580 2304.7
1148590 2304.7
1148600 2307.1
1148610 2308.8
1148620 2308.8
1148630 2310.2
1148640 2311.4
1148650 2311.4
1148660 2312.5
1148670 2313.3
1148680 2313.2
1148690 2313.2
1148700 2312.9
1148710 2313.0
1148720 2313.0
1148730 2313.4
1148740 2313.7
1148750 2313.7
1148760 2314.6
1148770 2315.8
1148780 2315.8
1148790 2316.8
1148800 2318.3
1148810 2318.5
1148820 2319.9
1148830 2321.0
1148840 2321.0
1148850 2322.3
1148860 2324.0
1148870 2325.9
1148880 2325.9
1148890 2327.8
1148900 2329.8
1148910 2329.8
1148920 2331.8
1148930 2333.7
1148940 2333.7
1148950 2335.0
1148960 2335.8
1148970 2335.8
1148980 2336.5
1148990 2336.4
1149000 2336.4
1149010 2335.9
1149020 2336.4
1149030 2336.4
1149040 2338.6
1149050 2339.8
1149060 2339.8
1149070 2340.3
1149080 2340.6
1149090 2341.1
1149100 2341.1
1149110 2341.8
1149120 2342.6
1149130 2342.6
1149140 2343.4
1149150 2344.4
1149160 2344.4
1149170 2345.6
1149180 2346.9
1149190 2346.9
1149200 2348.7
1149210 2350.9
1149220 2350.9
1149230 2353.4
1149240 2355.9
1149250 2355.9
1149260 2358.1
1149270 2360.5
1149280 2360.5
1149290 2362.8
1149300 2365.3
1149310 2367.7
1149320 2367.7
1149330 2370.9
1149340 2375.3
1149350 2375.3
1149360 2380.5
1149370 2386.0
1149380 2386.0
1149390 2390.8
1149400 2394.2
1149410 2394.2
1149420 2396.8
1149430 2398.7
1149440 2398.7
1149450 2400.7
1149460 2402.5
1149470 2402.5
1149480 2404.0
1149490 2405.2
1149500 2405.8
1149510 2405.8
1149520 2408.0
1149530 2414.8
1149540 2414.8
1149550 2422.0
1149560 2425.3
1149570 2425.3
1149580 2429.4
1149590 2432.2
1149600 2432.2
1149610 2435.6
1149620 2438.7
1149630 2438.7
1149640 2442.1
1149650 2446.9
1149660 2446.9
1149670 2452.8
1149680 2458.4
1149690 2458.4
1149700 2462.9
1149710 2467.5
1149720 2472.3
1149730 2472.3
1149740 2477.2
1149750 2483.1
1149760 2483.1
1149770 2488.8
1149780 2494.1
1149790 2494.1
1149800 2497.7
1149810 2502.0
1149820 2502.0
1149830 2505.2
1149840 2508.1
1149850 2508.1
1149860 2509.5
1149870 2510.4
1149880 2510.4
1149890 2512.1
1149900 2515.0
1149910 2517.4
1149920 2517.4
1149930 2519.1
1149940 2518.9
1149950 2518.9
1149960 2520.6
1149970 2523.2
1149980 2523.2
1149990 2524.8
1150000 2523.8
1150010 2523.8
1150020 2521.0
1150030 2518.8
1150040 2518.8
1150050 2519.5
1150060 2520.1
1150070 2520.1
1150080 2522.0
1150090 2524.6
1150100 2524.6
1150110 2526.7
1150120 2531.4
1150130 2535.9
1150140 2535.9
1150150 2540.4
1150160 2545.1
1150170 2545.1
1150180 2548.7
1150190 2551.3
1150200 2551.3
1150210 2555.0
1150220 2559.6
1150230 2559.6
1150240 2564.5
1150250 2568.5
1150260 2568.5
1150270 2570.5
1150280 2573.4
1150290 2573.4
1150300 2579.4
1150310 2586.4
1150320 2585.6
1150330 2591.8
1150340 2596.1
1150350 2597.8
1150360 2597.8
1150370 2600.8
1150380 2604.1
1150390 2604.1
1150400 2603.8
1150410 2603.7
1150420 2603.7
1150430 2603.9
1150440 2607.6
1150450 2607.6
1150460 2612.4
1150470 2617.6
1150480 2617.6
1150490 2621.7
1150500 2624.7
1150510 2624.7
1150520 2628.0
1150530 2632.3
1150540 2636.4
1150550 2636.4
1150560 2640.2
1150570 2643.4
1150580 2643.4
1150590 2646.3
1150600 2649.0
1150610 2649.0
1150620 2652.0
1150630 2655.2
1150640 2655.2
1150650 2658.2
1150660 2661.3
1150670 2661.3
1150680 2664.3
1150690 2667.8
1150700 2668.5
1150710 2671.7
1150720 2675.0
1150730 2675.0
1150740 2678.2
1150750 2681.8
1150760 2685.8
1150770 2685.8
1150780 2689.9
1150790 2694.2
1150800 2694.2
1150810 2699.1
1150820 2704.4
1150830 2704.4
1150840 2710.3
1150850 2716.1
1150860 2716.1
1150870 2721.9
1150880 2727.4
1150890 2727.4
1150900 2732.2
1150910 2735.7
1150920 2735.7
1150930 2738.4
1150940 2741.1
1150950 2743.3
1150960 2743.3
1150970 2746.0
1150980 2749.6
1150990 2749.6
1151000 2755.4
1151010 2760.4
1151020 2760.4
1151030 2762.7
1151040 2763.3
1151050 2763.3
1151060 2759.6
1151070 2757.1
1151080 2756.5
1151090 2757.7
1151100 2759.4
1151110 2759.4
1151120 2759.9
1151130 2758.8
1151140 2758.8
1151150 2758.5
1151160 2760.0
1151170 2761.9
1151180 2761.9
1151190 2762.7
1151200 2763.1
1151210 2763.1
1151220 2763.8
1151230 2763.3
1151240 2763.3
1151250 2763.0
1151260 2762.6
1151270 2762.6
1151280 2761.8
1151290 2761.5
1151300 2761.5
1151310 2761.8
1151320 2762.2
1151330 2762.2
1151340 2763.4
1151350 2764.4
1151360 2763.9
1151370 2763.9
1151380 2763.8
1151390 2763.1
1151400 2763.1
1151410 2761.9
1151420 2760.5
1151430 2760.5
1151440 2758.6
1151450 2758.7
1151460 2751.5
1151470 2751.3
1151480 2750.4
1151490 2750.4
1151500 2750.2
1151510 2753.4
1151520 2753.4
1151530 2756.1
1151540 2757.6
1151550 2757.6
1151560 2758.0
1151570 2756.4
1151580 2752.8
1151590 2752.8
1151600 2751.8
1151610 2755.1
1151620 2755.1
1151630 2758.1
1151640 2760.2
1151650 2760.2
1151660 2762.1
1151670 2762.7
1151680 2762.7
1151690 2760.4
1151700 2757.4
1151710 2757.4
1151720 2755.5
1151730 2755.8
1151740 2755.8
1151750 2756.0
1151760 2754.4
1151770 2754.4
1151780 2753.1
1151790 2751.9
1151800 2748.6
1151810 2748.6
1151820 2747.7
1151830 2746.5
1151840 2741.3
1151850 2739.8
1151860 2738.2
1151870 2738.2
1151880 2736.9
1151890 2736.4
1151900 2736.4
1151910 2734.6
1151920 2733.0
1151930 2733.0
1151940 2731.6
1151950 2730.3
1151960 2730.3
1151970 2730.0
1151980 2730.7
1151990 2731.4
1152000 2731.4
1152010 2731.9
1152020 2732.7
1152030 2732.7
1152040 2733.7
1152050 2733.8
1152060 2733.8
1152070 2733.7
1152080 2733.9
1152090 2733.9
1152100 2734.1
1152110 2734.2
1152120 2734.2
1152130 2734.1
1152140 2734.4
1152150 2734.4
1152160 2734.3
1152170 2733.0
1152180 2733.0
1152190 2731.9
1152200 2731.1
1152210 2730.0
1152220 2726.7
1152230 2725.1
1152240 2724.4
1152250 2724.4
1152260 2723.4
1152270 2721.8
1152280 2721.8
1152290 2719.0
1152300 2715.8
1152310 2715.8
1152320 2713.3
1152330 2710.5
1152340 2710.5
1152350 2707.9
1152360 2704.0
1152370 2704.0
1152380 2701.5
1152390 2700.3
1152400 2698.8
1152410 2698.8
1152420 2698.9
1152430 2700.8
1152440 2700.8
1152450 2703.2
1152460 2705.3
1152470 2705.3
1152480 2705.4
1152490 2705.4
1152500 2705.4
1152510 2706.3
1152520 2708.3
1152530 2708.3
1152540 2709.5
1152550 2709.2
1152560 2709.2
1152570 2707.7
1152580 2706.9
1152590 2706.9
1152600 2700.4
1152610 2701.0
1152620 2702.5
1152630 2702.5
1152640 2703.1
1152650 2702.5
1152660 2702.5
1152670 2698.4
1152680 2691.3
1152690 2691.3
1152700 2688.5
1152710 2689.0
1152720 2689.0
1152730 2681.1
1152740 2669.2
1152750 2669.2
1152760 2657.9
1152770 2650.2
1152780 2650.2
1152790 2644.5
1152800 2638.8
1152810 2630.8
1152820 2630.8
1152830 2623.6
1152840 2616.8
1152850 2616.8
1152860 2610.0
1152870 2603.2
1152880 2603.2
1152890 2596.3
1152900 2589.7
1152910 2589.7
1152920 2583.8
1152930 2577.6
1152940 2577.6
1152950 2572.2
1152960 2565.3
1152970 2565.3
1152980 2554.7
1152990 2548.2
1153000 2548.2
1158440 2310.7
1158450 2308.8
1158460 2308.8
1158470 2304.7
1158480 2299.0
1158490 2299.0
1158500 2291.9
1158510 2286.0
1158520 2286.0
1158530 2281.3
1158540 2279.2
1158550 2279.2
1158560 2277.3
1158570 2275.4
1158580 2275.4
1158590 2274.8
1158600 2272.9
1158610 2272.9
1158620 2270.0
1158630 2267.0
1158640 2262.3
1158650 2262.3
1158660 2257.3
1158670 2247.0
1158680 2247.0
1158690 2238.8
1158700 2234.4
1158710 2234.4
1158720 2223.2
1158730 2211.7
1158740 2211.7
1158750 2203.5
1158760 2200.9
1158770 2200.9
1158780 2190.7
1158790 2182.5
1158800 2182.5
1158810 2176.8
1158820 2170.9
1158830 2164.9
1158840 2164.9
1158850 2158.7
1158860 2152.1
1158870 2152.1
1158880 2145.8
1158890 2140.2
1158900 2140.2
1158910 2134.9
1158920 2130.2
1158930 2130.2
1158940 2128.4
1158950 2128.1
1158960 2128.1
1158970 2127.4
1158980 2126.8
1158990 2126.8
1159000 2123.0
1159010 2119.6
1159020 2119.6
1159030 2114.4
1159040 2110.6
1159050 2106.4
1159060 2106.4
1159070 2102.5
1159080 2098.0
1159090 2098.0
1159100 2092.9
1159110 2087.5
1159120 2087.5
1159130 2082.6
1159140 2077.7
1159150 2083.6
1159160 2078.0
1159170 2073.5
1159180 2073.5
1159190 2070.6
1159200 2066.4
1159210 2066.4
1159220 2062.5
1159230 2060.1
1159240 2057.4
1159250 2057.4
1159260 2055.0
1159270 2053.2
1159280 2053.2
1159290 2050.9
1159300 2046.7
1159310 2046.7
1159320 2041.5
1159330 2036.9
1159340 2036.9
1159350 2032.2
1159360 2027.5
1159370 2027.5
1159380 2023.1
1159390 2018.2
1159400 2018.2
1159410 2011.6
1159420 2003.3
1159430 2003.3
1159440 1996.9
1159450 1991.8
1159460 1986.0
1159470 1986.0
1159480 1978.4
1159490 1972.5
1159500 1972.5
1159510 1967.1
1159520 1962.2
1159530 1965.2
1159540 1961.4
1159550 1957.5
1159560 1957.5
1159570 1953.4
1159580 1948.8
1159590 1948.8
1159600 1944.9
1159610 1942.8
1159620 1942.8
1159630 1941.3
1159640 1938.3
1159650 1935.6
1159660 1935.6
1159670 1932.6
1159680 1929.2
1159690 1929.2
1159700 1925.2
1159710 1924.2
1159720 1924.2
1159730 1922.7
1159740 1919.0
1159750 1919.0
1159760 1915.6
1159770 1911.4
1159780 1911.4
1159790 1905.9
1159800 1901.2
1159810 1901.2
1159820 1898.3
1159830 1897.8
1159840 1897.8
1159850 1899.6
1159860 1902.4
1159870 1904.1
1159880 1904.1
1159890 1904.2
1159900 1903.7
1159910 1903.7
1159920 1900.0
1159930 1899.5
1159940 1899.5
1159950 1899.8
1159960 1900.6
1159970 1900.6
1159980 1902.5
1159990 1902.1
