1140000 1639.9
1140010 1649.3
1140020 1649.3
1140030 1658.0
1140040 1666.4
1140050 1666.4
1140060 1675.1
1140070 1683.8
1140080 1690.1
1140090 1690.1
1140100 1686.4
1140110 1683.5
1140120 1683.5
1140130 1689.4
1140140 1695.1
1140150 1695.1
1140160 1699.1
1140170 1701.7
1140180 1701.7
1140190 1702.4
1140200 1701.0
1140210 1701.0
1140220 1700.4
1140230 1705.0
1140240 1705.0
1140250 1710.7
1140260 1714.7
1140270 1714.7
1140280 1719.1
1140290 1722.7
1140300 1724.6
1140310 1724.6
1140320 1731.5
1140330 1733.4
1140340 1733.4
1140350 1735.6
1140360 1737.6
1140370 1737.6
1140380 1740.2
1140390 1742.7
1140400 1742.7
1140410 1745.9
1140420 1748.8
1140430 1748.8
1140440 1751.7
1140450 1755.2
1140460 1755.2
1140470 1758.9
1140480 1762.2
1140490 1763.7
1140500 1763.7
1140510 1764.2
1140520 1765.1
1140530 1765.1
1140540 1766.7
1140550 1768.9
1140560 1768.9
1140570 1769.4
1140580 1774.1
1140590 1774.1
1140600 1776.3
1140610 1776.8
1140620 1776.8
1140630 1777.8
1140640 1782.9
1140650 1782.9
1140660 1788.5
1140670 1793.1
1140680 1793.1
1140690 1803.2
1140700 1806.2
1140710 1811.3
1140720 1811.3
1140730 1816.9
1140740 1821.6
1140750 1821.6
1140760 1825.0
1140770 1827.7
1140780 1827.7
1140790 1829.4
1140800 1829.5
1140810 1829.5
1140820 1831.3
1140830 1836.6
1140840 1836.6
1140850 1841.5
1140860 1844.4
1140870 1844.4
1140880 1847.0
1140890 1849.0
1140900 1849.0
1140910 1850.7
1140920 1852.9
1140930 1855.7
1140940 1855.7
1140950 1858.1
1140960 1859.1
1140970 1859.1
1140980 1854.5
1140990 1846.6
1141000 1846.6
1141010 1840.7
1141020 1840.6
1141030 1840.6
1141040 1843.6
1141050 1845.7
1141060 1851.7
1141070 1851.3
1141080 1850.0
1141090 1850.0
1141100 1850.2
1141110 1853.9
1141120 1858.3
1141130 1858.3
1141140 1863.9
1141150 1869.9
1141160 1869.9
1141170 1874.1
1141180 1872.2
1141190 1872.2
1141200 1867.4
1141210 1862.8
1141220 1862.8
1141230 1858.8
1141240 1857.7
1141250 1857.7
1141260 1857.6
1141270 1861.4
1141280 1861.4
1141290 1868.1
1141300 1875.3
1141310 1875.3
1141320 1882.1
1141330 1889.1
1141340 1896.4
1141350 1896.4
1141360 1904.0
1141370 1912.0
1141380 1912.0
1141390 1920.3
1141400 1928.9
1141410 1928.9
1141420 1937.9
1141430 1947.1
1141440 1947.1
1141450 1956.4
1141460 1964.5
1141470 1964.5
1141480 1972.3
1141490 1980.9
1141500 1980.9
1141510 1989.4
1141520 1995.3
1141530 2000.2
1141540 2000.2
1141550 2004.1
1141560 2007.4
1141570 2007.4
1141580 2010.6
1141590 2013.4
1141600 2013.4
1141610 2016.5
1141620 2019.5
1141630 2019.5
1141640 2022.1
1141650 2024.6
1141660 2024.6
1141670 2027.6
1141680 2031.1
1141690 2031.1
1141700 2033.6
1141710 2035.5
1141720 2035.5
1141730 2037.9
1141740 2040.7
1141750 2043.1
1141760 2043.1
1141770 2046.2
1141780 2049.6
1141790 2049.6
1141800 2057.7
1141810 2061.3
1141820 2061.3
1141830 2064.5
1141840 2067.5
1141850 2067.5
1141860 2071.1
1141870 2075.2
1141880 2075.2
1141890 2079.3
1141900 2082.7
1141910 2082.7
1141920 2085.9
1141930 2089.2
1141940 2092.4
1141950 2092.4
1141960 2095.1
1141970 2096.8
1141980 2096.8
1141990 2094.7
1142000 2089.9
1142010 2089.9
1142020 2095.6
1142030 2104.2
1142040 2104.2
1142050 2112.0
1142060 2118.6
1142070 2118.6
1142080 2123.2
1142090 2127.2
1142100 2127.2
1142110 2131.1
1142120 2134.6
1142130 2134.6
1142140 2138.0
1142150 2141.9
1142160 2145.7
1142170 2149.0
1142180 2152.3
1142190 2156.1
1142200 2156.1
1142210 2160.1
1142220 2164.2
1142230 2164.2
1142240 2168.8
1142250 2173.8
1142260 2173.8
1142270 2179.2
1142280 2184.2
1142290 2184.2
1142300 2189.5
1142310 2195.7
1142320 2195.7
1142330 2200.9
1142340 2203.5
1142350 2203.5
1142360 2204.6
1142370 2207.6
1142380 2210.5
1142390 2210.5
1142400 2213.8
1142410 2217.3
1142420 2217.3
1142430 2221.0
1142440 2224.7
1142450 2224.7
1142460 2227.5
1142470 2229.9
1142480 2229.9
1142490 2231.7
1142500 2232.8
1142510 2232.8
1142520 2235.0
1142530 2236.9
1142540 2243.0
1142550 2246.0
1142560 2247.3
1142570 2248.3
1142580 2248.3
1142590 2249.8
1142600 2252.5
1142610 2252.5
1142620 2256.7
1142630 2261.6
1142640 2261.6
1142650 2264.6
1142660 2262.8
1142670 2262.8
1142680 2259.8
1142690 2255.3
1142700 2255.3
1142710 2248.2
1142720 2240.3
1142730 2240.3
1142740 2235.8
1142750 2233.5
1142760 2233.5
1142770 2232.8
1142780 2233.1
1142790 2235.1
1142800 2235.1
1142810 2237.5
1142820 2240.3
1142830 2240.3
1142840 2243.0
1142850 2246.3
1142860 2246.3
1142870 2249.9
1142880 2252.3
1142890 2252.3
1142900 2254.5
1142910 2260.7
1142920 2260.7
1142930 2262.6
1142940 2264.7
1142950 2264.7
1142960 2266.7
1142970 2268.9
1142980 2271.2
1142990 2271.2
1143000 2273.5
1143010 2276.0
1143020 2276.0
1143030 2279.1
1143040 2283.2
1143050 2283.2
1143060 2287.6
1143070 2291.8
1143080 2291.8
1143090 2297.7
1143100 2304.2
1143110 2304.2
1143120 2311.6
1143130 2321.5
1143140 2321.5
1143150 2335.9
1143160 2349.1
1143170 2349.1
1143180 2360.0
1143190 2369.5
1143200 2375.0
1143210 2375.0
1143220 2377.7
1143230 2382.5
1143240 2382.5
1143250 2389.5
1143260 2394.9
1143270 2394.9
1143280 2405.6
1143290 2408.5
1143300 2408.5
1143310 2409.3
1143320 2407.1
1143330 2407.1
1143340 2405.6
1143350 2405.6
1143360 2405.6
1143370 2407.7
1143380 2411.3
1143390 2414.3
1143400 2414.3
1143410 2416.4
1143420 2418.0
1143430 2418.0
1143440 2420.5
1143450 2422.6
1143460 2422.6
1143470 2425.4
1143480 2429.1
1143490 2429.1
1143500 2433.9
1143510 2438.7
1143520 2438.7
1143530 2446.7
1143540 2454.8
1143550 2454.8
1143560 2461.4
1143570 2466.9
1143580 2466.9
1143590 2471.5
1143600 2474.9
1143610 2480.6
1143620 2480.6
1143630 2485.9
1143640 2489.8
1143650 2495.6
1143660 2501.0
1143670 2505.4
1143680 2505.4
1143690 2506.3
1143700 2504.8
1143710 2504.8
1143720 2501.7
1143730 2496.7
1143740 2496.7
1143750 2489.5
1143760 2481.8
1143770 2481.8
1143780 2475.5
1143790 2469.5
1143800 2469.5
1143810 2462.7
1143820 2456.1
1143830 2450.6
1143840 2450.6
1143850 2445.4
1143860 2439.5
1143870 2439.5
1143880 2434.0
1143890 2428.9
1143900 2428.9
1143910 2423.2
1143920 2416.5
1143930 2416.5
1143940 2411.3
1143950 2405.9
1143960 2405.9
1143970 2400.4
1143980 2395.1
1143990 2395.1
1144000 2389.5
1144010 2384.1
1144020 2374.9
1144030 2374.9
1144040 2370.2
1144050 2365.7
1144060 2365.7
1144070 2361.2
1144080 2356.4
1144090 2356.4
1144100 2350.9
1144110 2345.4
1144120 2345.4
1144130 2340.1
1144140 2334.4
1144150 2334.4
1144160 2328.8
1144170 2322.5
1144180 2322.5
1144190 2316.1
1144200 2310.0
1144210 2310.0
1144220 2303.7
1144230 2297.7
1144240 2290.9
1144250 2290.9
1144260 2285.8
1144270 2280.5
1144280 2280.5
1144290 2274.7
1144300 2269.2
1144310 2269.2
1144320 2260.8
1144330 2254.1
1144340 2254.1
1144350 2249.1
1144360 2242.4
1144370 2242.4
1144380 2235.0
1144390 2220.6
1144400 2220.6
1144410 2210.2
1144420 2202.6
1144430 2196.9
1144440 2196.9
1144450 2189.3
1144460 2181.9
1144470 2181.9
1144480 2172.0
1144490 2159.6
1144500 2159.6
1144510 2142.8
1144520 2125.3
1144530 2125.3
1144540 2117.6
1144550 2107.7
1144560 2107.7
1144570 2096.0
1144580 2087.5
1144590 2087.5
1144600 2078.2
1144610 2065.5
1144620 2065.5
1144630 2056.3
1144640 2047.7
1144650 2042.4
1144660 2042.4
1144670 2039.2
1144680 2034.9
1144690 2034.9
1144700 2029.7
1144710 2022.9
1144720 2022.9
1144730 2016.9
1144740 2002.0
1144750 2002.0
1144760 1989.7
1144770 1974.7
1144780 1974.7
1144790 1969.9
1144800 1965.5
1144810 1965.5
1144820 1956.1
1144830 1947.3
1144840 1939.0
1144850 1939.0
1144860 1930.5
1144870 1923.7
1144880 1923.7
1144890 1917.9
1144900 1912.4
1144910 1912.4
1144920 1906.1
1144930 1899.7
1144940 1899.7
1144950 1892.9
1144960 1886.4
1144970 1886.4
1144980 1880.0
1144990 1873.4
1145000 1873.4
1145010 1866.9
1145020 1860.0
1145030 1860.0
1145040 1854.3
1145050 1850.1
1145060 1844.8
1145070 1844.8
1145080 1838.4
1145090 1831.3
1145100 1831.3
1145110 1823.0
1145120 1815.4
1145130 1815.4
1145140 1803.6
1145150 1795.9
1145160 1795.9
1145170 1789.8
1145180 1784.5
1145190 1784.5
1145200 1779.4
1145210 1774.8
1145220 1774.8
1145230 1770.3
1145240 1766.3
1145250 1766.3
1145260 1764.3
1145270 1765.2
1145280 1766.1
1145290 1766.1
1145300 1766.7
1145310 1770.8
1145320 1770.8
1145330 1775.6
1145340 1779.0
1145350 1779.0
1145360 1779.4
1145370 1780.4
1145380 1780.4
1145390 1781.5
1145400 1781.1
1145410 1781.1
1145420 1781.9
1145430 1783.7
1145440 1783.7
1145450 1783.7
1145460 1782.9
1145470 1782.3
1145480 1782.3
1145490 1781.5
1145500 1780.2
1145510 1784.0
1145520 1783.3
1145530 1781.6
1145540 1781.6
1145550 1779.2
1145560 1778.0
1145570 1778.0
1145580 1778.0
1145590 1777.0
1145600 1777.0
1145610 1775.7
1145620 1773.6
1145630 1773.6
1145640 1771.8
1145650 1771.4
1145660 1771.4
1145670 1769.5
1145680 1768.6
1145690 1774.0
1145700 1774.0
1145710 1779.7
1145720 1785.3
1145730 1785.3
1145740 1790.1
1145750 1794.6
1145760 1794.6
1145770 1798.1
1145780 1801.1
1145790 1801.1
1145800 1802.9
1145810 1803.1
1145820 1803.1
1145830 1801.6
1145840 1801.7
1145850 1801.7
1145860 1801.4
1145870 1799.3
1145880 1800.8
1145890 1807.4
1145900 1810.0
1145910 1809.8
1145920 1809.8
1145930 1808.9
1145940 1805.8
1145950 1805.8
1145960 1803.4
1145970 1803.0
1145980 1803.0
1145990 1803.1
1146000 1804.0
1146010 1804.0
1146020 1804.9
1146030 1805.6
1146040 1805.6
1146050 1804.6
1146060 1803.4
1146070 1803.4
1146080 1802.6
1146090 1801.8
1146100 1801.0
1146110 1801.0
1146120 1799.9
1146130 1797.2
1146140 1797.2
1146150 1793.7
1146160 1795.3
1146170 1795.3
1146180 1799.3
1146190 1802.8
1146200 1802.8
1146210 1806.4
1146220 1809.5
1146230 1809.5
1146240 1813.0
1146250 1817.5
1146260 1822.1
1146270 1826.1
1146280 1830.5
1146290 1835.1
1146300 1835.1
1146310 1839.5
1146320 1843.8
1146330 1843.8
1146340 1848.4
1146350 1853.2
1146360 1853.2
1146370 1858.9
1146380 1864.9
1146390 1864.9
1146400 1869.8
1146410 1871.8
1146420 1871.8
1146430 1873.8
1146440 1874.9
1146450 1874.9
1146460 1872.9
1146470 1869.1
1146480 1869.1
1146490 1861.7
1146500 1856.7
1146510 1854.3
1146520 1854.3
1146530 1855.1
1146540 1851.5
1146550 1851.5
1146560 1844.0
1146570 1843.0
1146580 1843.0
1146590 1845.0
1146600 1844.2
1146610 1844.2
1146620 1844.7
1146630 1853.0
1146640 1853.0
1146650 1855.1
1146660 1855.5
1146670 1855.5
1146680 1855.9
1146690 1857.1
1146700 1857.1
1146710 1858.7
1146720 1861.1
1146730 1863.2
1146740 1863.2
1146750 1864.3
1146760 1866.6
1146770 1866.6
1146780 1875.6
1146790 1887.2
1146800 1887.2
1146810 1899.8
1146820 1912.1
1146830 1912.1
1146840 1919.8
1146850 1924.4
1146860 1924.4
1146870 1927.5
1146880 1937.0
1146890 1937.0
1146900 1952.5
1146910 1965.7
1146920 1973.6
1146930 1973.6
1146940 1978.6
1146950 1983.0
1146960 1983.0
1146970 1987.6
1146980 1992.2
1146990 1992.2
1147000 1996.3
1147010 2001.0
1147020 2001.0
1147030 2003.0
1147040 2006.7
1147050 2006.7
1147060 2010.1
1147070 2012.9
1147080 2012.9
1147090 2017.3
1147100 2019.4
1147110 2019.4
1147120 2020.2
1147130 2024.1
1147140 2028.9
1147150 2028.9
1147160 2034.1
1147170 2039.7
1147180 2039.7
1147190 2044.5
1147200 2047.2
1147210 2047.2
1147220 2050.1
1147230 2053.3
1147240 2053.3
1147250 2056.6
1147260 2060.2
1147270 2060.2
1147280 2063.2
1147290 2066.5
1147300 2066.5
1147310 2069.5
1147320 2072.6
1147330 2075.8
1147340 2075.8
1147350 2079.7
1147360 2083.5
1147370 2083.5
1147380 2080.4
1147390 2083.8
1147400 2083.8
1147410 2087.3
1147420 2089.2
1147430 2089.2
1147440 2092.9
1147450 2096.1
1147460 2096.1
1147470 2099.1
1147480 2102.5
1147490 2102.5
1147500 2104.6
1147510 2105.7
1147520 2105.7
1147530 2106.1
1147540 2106.8
1147550 2107.0
1147560 2107.0
1147570 2109.4
1147580 2112.9
1147590 2112.9
1147600 2116.5
1147610 2121.3
1147620 2121.3
1147630 2125.8
1147640 2129.4
1147650 2129.4
1147660 2133.3
1147670 2137.6
1147680 2137.6
1147690 2140.4
1147700 2143.2
1147710 2143.2
1147720 2147.3
1147730 2150.0
1147740 2152.2
1147750 2152.2
1147760 2149.6
1147770 2150.9
1147780 2150.9
1147790 2153.2
1147800 2154.5
1147810 2154.5
1147820 2156.2
1147830 2157.6
1147840 2157.6
1147850 2158.7
1147860 2161.1
1147870 2161.1
1147880 2163.7
1147890 2166.5
1147900 2166.5
1147910 2169.5
1147920 2172.4
1147930 2172.4
1147940 2175.0
1147950 2178.1
1147960 2181.4
1147970 2181.4
1147980 2184.1
1147990 2187.9
1148000 2187.9
1148010 2190.2
1148020 2190.6
1148030 2190.6
1148040 2196.6
1148050 2203.3
1148060 2203.3
1148070 2210.0
1148080 2215.5
1148090 2215.5
1148100 2218.2
1148110 2221.2
1148120 2221.2
1148130 2222.3
1148140 2222.5
1148150 2222.5
1148160 2224.3
1148170 2226.3
1148180 2229.0
1148190 2229.0
1148200 2233.5
1148210 2238.6
1148220 2238.6
1148230 2243.3
1148240 2247.8
1148250 2247.8
1148260 2250.7
1148270 2253.7
1148280 2253.7
1148290 2256.2
1148300 2257.7
1148310 2257.7
1148320 2259.0
1148330 2260.4
1148340 2260.4
1148350 2261.7
1148360 2262.9
1148370 2263.2
1148380 2263.2
1148390 2263.6
1148400 2264.2
1148410 2264.2
1148420 2265.0
1148430 2266.4
1148440 2266.4
1148450 2268.4
1148460 2271.0
1148470 2271.0
1148480 2273.8
1148490 2276.6
1148500 2276.6
1148510 2280.2
1148520 2282.7
1148530 2282.7
1148540 2284.7
1148550 2287.0
1148560 2287.0
1148570 2289.6
1148580 2291.7
1148590 2293.2
1148600 2293.2
1148610 2294.6
1148620 2297.0
1148630 2297.0
1148640 2300.4
1148650 2304.8
1148660 2304.8
1148670 2308.2
1148680 2310.4
1148690 2310.4
1148700 2312.3
1148710 2314.2
1148720 2314.2
1148730 2316.1
1148740 2318.3
1148750 2318.3
1148760 2320.2
1148770 2321.9
1148780 2323.5
1148790 2323.5
1148800 2325.0
1148810 2326.0
1148820 2326.0
1148830 2326.6
1148840 2326.3
1148850 2326.3
1148860 2326.1
1148870 2325.9
1148880 2325.9
1148890 2327.7
1148900 2328.0
1148910 2328.0
1148920 2328.9
1148930 2330.4
1148940 2330.4
1148950 2331.7
1148960 2332.7
1148970 2332.7
1148980 2333.6
1148990 2334.4
1149000 2335.3
1149010 2335.3
1149020 2337.0
1149030 2339.6
1149040 2339.6
1149050 2342.7
1149060 2345.9
1149070 2345.9
1149080 2349.2
1149090 2352.8
1149100 2352.8
1149110 2356.3
1149120 2359.8
1149130 2359.8
1149140 2363.2
1149150 2366.7
1149160 2366.7
1149170 2370.3
1149180 2374.0
1149190 2377.8
1149200 2377.8
1149210 2381.7
1149220 2385.7
1149230 2385.7
1149240 2389.6
1149250 2393.5
1149260 2393.5
1149270 2395.8
1149280 2400.5
1149290 2400.5
1149300 2405.3
1149310 2410.6
1149320 2410.6
1149330 2415.7
1149340 2420.9
1149350 2420.9
1149360 2425.5
1149370 2428.6
1149380 2428.6
1149390 2430.5
1149400 2431.8
1149410 2432.9
1149420 2432.9
1149430 2433.3
1149440 2432.6
1149450 2432.6
1149460 2432.1
1149470 2431.8
1149480 2431.8
1149490 2432.6
1149500 2434.3
1149510 2434.3
1149520 2436.7
1149530 2439.5
1149540 2439.5
1149550 2442.1
1149560 2444.8
1149570 2444.8
1149580 2448.9
1149590 2453.1
1149600 2453.1
1149610 2457.0
1149620 2460.9
1149630 2465.0
1149640 2467.4
1149650 2470.7
1149660 2474.3
1149670 2474.3
1149680 2478.2
1149690 2481.7
1149700 2481.7
1149710 2486.5
1149720 2492.4
1149730 2492.4
1149740 2499.9
1149750 2504.8
1149760 2504.8
1149770 2509.2
1149780 2511.7
1149790 2511.7
1149800 2512.4
1149810 2509.7
1149820 2506.9
1149830 2506.9
1149840 2502.6
1149850 2500.1
1149860 2500.1
1149870 2499.0
1149880 2499.1
1149890 2499.1
1149900 2499.0
1149910 2499.0
1149920 2499.0
1149930 2499.5
1149940 2500.5
1149950 2500.5
1149960 2502.5
1149970 2505.6
1149980 2505.6
1149990 2508.9
1150000 2510.8
1150010 2510.8
1150020 2509.2
1150030 2511.0
1150040 2512.1
1150050 2512.1
1150060 2513.2
1150070 2514.8
1150080 2514.8
1150090 2515.9
1150100 2516.6
1150110 2516.6
1150120 2517.8
1150130 2519.8
1150140 2519.8
1150150 2523.9
1150160 2529.0
1150170 2529.0
1150180 2534.1
1150190 2538.9
1150200 2538.9
1150210 2543.1
1150220 2547.1
1150230 2551.1
1150240 2551.1
1150250 2555.1
1150260 2558.6
1150270 2558.6
1150280 2561.8
1150290 2564.7
1150300 2564.7
1150310 2567.9
1150320 2571.3
1150330 2571.3
1150340 2574.3
1150350 2576.9
1150360 2576.9
1150370 2579.5
1150380 2581.9
1150390 2581.9
1150400 2585.9
1150410 2588.1
1150420 2588.1
1150430 2590.3
1150440 2593.5
1150450 2597.4
1150460 2597.4
1150470 2601.1
1150480 2604.4
1150490 2604.4
1150500 2607.5
1150510 2610.6
1150520 2610.6
1150530 2615.6
1150540 2620.1
1150550 2620.1
1150560 2623.2
1150570 2625.2
1150580 2625.2
1150590 2625.9
1150600 2627.9
1150610 2627.9
1150620 2630.2
1150630 2632.8
1150640 2635.7
1150650 2635.7
1150660 2638.9
1150670 2642.6
1150680 2642.6
1150690 2645.5
1150700 2648.4
1150710 2648.4
1150720 2651.7
1150730 2655.1
1150740 2655.1
1150750 2658.3
1150760 2661.3
1150770 2661.3
1150780 2664.9
1150790 2668.3
1150800 2668.3
1150810 2671.6
1150820 2674.7
1150830 2674.7
1150840 2677.7
1150850 2680.4
1150860 2683.3
1150870 2683.3
1150880 2686.2
1150890 2689.2
1150900 2689.2
1150910 2693.2
1150920 2698.6
1150930 2698.6
1150940 2703.5
1150950 2708.3
1150960 2708.3
1150970 2712.6
1150980 2716.3
1150990 2716.3
1151000 2719.7
1151010 2723.6
1151020 2723.6
1151030 2726.4
1151040 2727.9
1151050 2727.9
1151060 2728.8
1151070 2729.3
1151080 2730.4
1151090 2730.4
1151100 2731.1
1151110 2731.4
1151120 2731.4
1151130 2731.7
1151140 2731.3
1151150 2731.3
1151160 2730.2
1151170 2728.2
1151180 2728.2
1151190 2726.0
1151200 2723.6
1151210 2723.6
1151220 2720.9
1151230 2718.5
1151240 2718.5
1151250 2717.1
1151260 2715.2
1151270 2713.2
1151280 2713.2
1151290 2712.1
1151300 2713.0
1151310 2713.0
1151320 2714.4
1151330 2715.5
1151340 2715.5
1151350 2716.1
1151360 2716.7
1151370 2716.7
1151380 2717.4
1151390 2717.6
1151400 2717.6
1151410 2717.5
1151420 2718.1
1151430 2718.1
1151440 2718.5
1151450 2718.2
1151460 2718.2
1151470 2717.0
1151480 2718.0
1151490 2719.1
1151500 2719.1
1151510 2719.1
1151520 2719.1
1151530 2719.1
1151540 2716.6
1151550 2714.7
1151560 2714.7
1151570 2709.2
1151580 2704.4
1151590 2704.4
1151600 2700.7
1151610 2697.2
1151620 2697.2
1151630 2694.7
1151640 2692.5
1151650 2692.5
1151660 2690.2
1151670 2687.4
1151680 2683.8
1151690 2683.8
1151700 2680.0
1151710 2675.1
1151720 2675.1
1151730 2669.9
1151740 2666.1
1151750 2666.1
1151760 2663.8
1151770 2662.1
1151780 2662.1
1151790 2661.5
1151800 2662.1
1151810 2662.1
1151820 2662.2
1151830 2663.0
1151840 2663.0
1151850 2662.8
1151860 2661.8
1151870 2661.8
1151880 2660.9
1151890 2659.7
1151900 2657.6
1151910 2657.6
1151920 2654.7
1151930 2654.9
1151940 2654.9
1151950 2655.4
1151960 2654.9
1151970 2654.9
1151980 2654.5
1151990 2656.8
1152000 2656.8
1152010 2659.0
1152020 2659.6
1152030 2659.6
1152040 2659.8
1152050 2659.8
1152060 2659.8
1152070 2659.7
1152080 2659.3
1152090 2658.2
1152100 2658.2
1152110 2655.9
1152120 2653.1
1152130 2653.1
1152140 2652.1
1152150 2650.6
1152160 2650.6
1152170 2648.1
1152180 2645.9
1152190 2645.9
1152200 2643.2
1152210 2640.8
1152220 2640.8
1152230 2638.2
1152240 2636.4
1152250 2636.4
1152260 2633.9
1152270 2630.4
1152280 2630.4
1152290 2627.4
1152300 2619.8
1152310 2615.8
1152320 2615.8
1152330 2611.3
1152340 2609.9
1152350 2609.9
1152360 2606.7
1152370 2604.4
1152380 2604.4
1152390 2604.0
1152400 2603.0
1152410 2603.0
1152420 2603.9
1152430 2604.8
1152440 2604.8
1152450 2606.1
1152460 2608.4
1152470 2608.4
1152480 2610.1
1152490 2611.0
1152500 2611.0
1152510 2612.6
1152520 2613.7
1152530 2614.1
1152540 2614.1
1152550 2613.1
1152560 2609.8
1152570 2609.8
1152580 2605.9
1152590 2601.8
1152600 2601.8
1152610 2598.0
1152620 2594.0
1152630 2594.0
1152640 2590.1
1152650 2586.7
1152660 2586.7
1152670 2583.0
1152680 2574.9
1152690 2574.9
1152700 2571.9
1152710 2570.6
1152720 2569.5
1152730 2569.5
1152740 2567.1
1152750 2564.9
1152760 2564.9
1152770 2563.1
1152780 2561.7
1152790 2561.7
1152800 2561.4
1152810 2562.0
1152820 2562.0
1152830 2561.7
1152840 2561.2
1152850 2561.2
1152860 2559.8
1158730 2273.0
1158740 2266.6
1158750 2266.6
1158760 2260.4
1158770 2256.0
1158780 2256.0
1158790 2251.0
1158800 2243.7
1158810 2243.7
1158820 2236.9
1158830 2232.9
1158840 2235.8
1158850 2230.6
1158860 2224.1
1158870 2224.1
1158880 2216.9
1158890 2211.2
1158900 2211.2
1158910 2205.8
1158920 2197.8
1158930 2191.3
1158940 2191.3
1158950 2184.5
1158960 2177.9
1158970 2177.9
1158980 2171.5
1158990 2163.4
1159000 2163.4
1159010 2153.4
1159020 2145.2
1159030 2145.2
1159040 2139.4
1159050 2134.2
1159060 2134.2
1159070 2126.7
1159080 2118.9
1159090 2118.9
1159100 2114.1
1159110 2110.7
1159120 2108.2
1159130 2108.2
1159140 2106.7
1159150 2104.7
1159160 2104.7
1159170 2101.9
1159180 2098.4
1159190 2098.4
1159200 2094.4
1159210 2091.7
1159220 2091.7
1159230 2090.1
1159240 2089.1
1159250 2089.1
1159260 2088.9
1159270 2088.7
1159280 2088.7
1159290 2086.5
1159300 2083.1
1159310 2083.1
1159320 2078.3
1159330 2074.6
1159340 2071.9
1159350 2071.9
1159360 2069.3
1159370 2065.5
1159380 2065.5
1159390 2061.0
1159400 2055.6
1159410 2055.6
1159420 2051.6
1159430 2047.7
1159440 2047.7
1159450 2042.8
1159460 2039.1
1159470 2039.1
1159480 2035.6
1159490 2032.3
1159500 2032.3
1159510 2028.7
1159520 2025.4
1159530 2025.4
1159540 2021.4
1159550 2016.3
1159560 2010.4
1159570 2010.4
1159580 2004.6
1159590 1999.1
1159600 1999.1
1159610 1995.3
1159620 1997.8
1159630 1997.8
1159640 1994.7
1159650 1991.2
1159660 1991.2
1159670 1987.8
1159680 1986.2
1159690 1986.2
1159700 1982.1
1159710 1975.6
1159720 1975.6
1159730 1971.0
1159740 1966.7
1159750 1961.8
1159760 1961.8
1159770 1957.0
1159780 1952.5
1159790 1952.5
1159800 1948.3
1159810 1944.3
1159820 1944.3
1159830 1939.9
1159840 1935.4
1159850 1935.4
1159860 1931.4
1159870 1927.6
1159880 1927.6
1159890 1923.3
1159900 1919.2
1159910 1919.2
1159920 1914.8
1159930 1910.5
1159940 1910.5
1159950 1905.6
1159960 1900.4
1159970 1895.2
1159980 1895.2
1159990 1889.7
