1140000 1457.7
1140010 1457.4
1140020 1456.5
1140030 1456.5
1140040 1455.3
1140050 1455.1
1140060 1455.1
1140070 1454.6
1140080 1451.3
1140090 1451.3
1140100 1450.6
1140110 1449.8
1140120 1448.9
1140130 1448.9
1140140 1447.9
1140150 1446.7
1140160 1446.7
1140170 1445.2
1140180 1443.8
1140190 1443.8
1140200 1442.1
1140210 1440.1
1140220 1440.1
1140230 1438.8
1140240 1438.4
1140250 1438.4
1140260 1437.8
1140270 1437.3
1140280 1437.3
1140290 1436.4
1140300 1435.2
1140310 1435.2
1140320 1434.3
1140330 1434.1
1140340 1435.0
1140350 1435.0
1140360 1435.6
1140370 1435.6
1140380 1435.6
1140390 1435.4
1140400 1435.2
1140410 1435.2
1140420 1434.9
1140430 1436.1
1140440 1436.1
1140450 1443.7
1140460 1449.1
1140470 1449.1
1140480 1450.8
1140490 1451.5
1140500 1451.5
1140510 1452.7
1140520 1454.0
1140530 1455.4
1140540 1455.4
1140550 1456.6
1140560 1457.5
1140570 1457.5
1140580 1458.6
1140590 1459.7
1140600 1459.7
1140610 1460.7
1140620 1461.9
1140630 1461.9
1140640 1462.7
1140650 1463.6
1140660 1463.6
1140670 1464.4
1140680 1463.5
1140690 1463.5
1140700 1462.6
1140710 1464.3
1140720 1464.3
1140730 1465.1
1140740 1465.4
1140750 1465.1
1140760 1465.1
1140770 1464.8
1140780 1465.1
1140790 1465.1
1140800 1465.3
1140810 1465.2
1140820 1468.0
1140830 1468.3
1140840 1468.5
1140850 1468.5
1140860 1469.1
1140870 1470.7
1140880 1470.7
1140890 1472.1
1140900 1473.5
1140910 1473.5
1140920 1475.0
1140930 1477.0
1140940 1479.2
1140950 1479.2
1140960 1481.7
1140970 1484.0
1140980 1484.0
1140990 1486.8
1141000 1490.0
1141010 1490.0
1141020 1492.7
1141030 1494.5
1141040 1494.5
1141050 1495.5
1141060 1496.7
1141070 1496.7
1141080 1499.5
1141090 1502.5
1141100 1502.5
1141110 1504.0
1141120 1505.3
1141130 1505.3
1141140 1508.3
1141150 1512.3
1141160 1516.5
1141170 1516.5
1141180 1520.4
1141190 1530.8
1141200 1530.8
1141210 1533.1
1141220 1536.7
1141230 1536.7
1141240 1539.3
1141250 1541.1
1141260 1541.1
1141270 1543.9
1141280 1546.8
1141290 1546.8
1141300 1550.5
1141310 1555.9
1141320 1555.9
1141330 1561.2
1141340 1564.6
1141350 1564.6
1141360 1563.1
1141370 1564.5
1141380 1568.6
1141390 1568.6
1141400 1573.5
1141410 1577.4
1141420 1577.4
1141430 1581.4
1141440 1585.3
1141450 1585.3
1141460 1588.4
1141470 1591.4
1141480 1591.4
1141490 1593.9
1141500 1597.1
1141510 1597.1
1141520 1598.7
1141530 1601.1
1141540 1601.1
1141550 1600.8
1141560 1598.6
1141570 1590.5
1141580 1590.5
1141590 1587.2
1141600 1593.2
1141610 1593.2
1141620 1604.1
1141630 1619.3
1141640 1619.3
1141650 1627.0
1141660 1632.7
1141670 1632.7
1141680 1635.8
1141690 1637.3
1141700 1637.3
1141710 1640.6
1141720 1644.6
1141730 1644.6
1141740 1647.8
1141750 1649.8
1141760 1649.8
1141770 1651.1
1141780 1654.0
1141790 1658.3
1141800 1658.3
1141810 1661.8
1141820 1665.6
1141830 1665.6
1141840 1668.5
1141850 1669.6
1141860 1669.6
1141870 1670.6
1141880 1671.8
1141890 1671.8
1141900 1674.9
1141910 1679.5
1141920 1679.5
1141930 1687.5
1141940 1692.7
1141950 1692.7
1141960 1697.5
1141970 1701.6
1141980 1701.6
1141990 1704.7
1142000 1708.6
1142010 1713.7
1142020 1713.7
1142030 1718.3
1142040 1721.1
1142050 1721.1
1142060 1722.0
1142070 1723.2
1142080 1723.2
1142090 1724.7
1142100 1726.9
1142110 1726.9
1142120 1731.2
1142130 1737.0
1142140 1737.0
1142150 1742.9
1142160 1745.9
1142170 1745.9
1142180 1742.0
1142190 1738.8
1142200 1739.0
1142210 1739.0
1142220 1741.4
1142230 1743.8
1142240 1743.8
1142250 1744.5
1142260 1744.5
1142270 1744.5
1142280 1749.7
1142290 1758.5
1142300 1756.6
1142310 1765.7
1142320 1772.9
1142330 1772.9
1142340 1780.6
1142350 1788.2
1142360 1788.2
1142370 1795.0
1142380 1802.3
1142390 1802.3
1142400 1809.7
1142410 1817.8
1142420 1826.1
1142430 1826.1
1142440 1835.2
1142450 1844.3
1142460 1844.3
1142470 1853.9
1142480 1862.7
1142490 1862.7
1142500 1870.3
1142510 1878.0
1142520 1878.0
1142530 1885.4
1142540 1892.6
1142550 1892.6
1142560 1899.8
1142570 1906.6
1142580 1906.6
1142590 1912.4
1142600 1918.6
1142610 1925.6
1142620 1925.6
1142630 1932.6
1142640 1939.2
1142650 1939.2
1142660 1945.9
1142670 1954.4
1142680 1954.4
1142690 1961.1
1142700 1967.3
1142710 1967.3
1142720 1973.9
1142730 1980.8
1142740 1980.8
1142750 1988.2
1142760 1995.3
1142770 1995.3
1142780 2002.7
1142790 2009.7
1142800 2009.7
1142810 2016.3
1142820 2022.6
1142830 2027.8
1142840 2027.8
1142850 2032.1
1142860 2036.6
1142870 2036.6
1142880 2041.7
1142890 2046.5
1142900 2046.5
1142910 2050.8
1142920 2054.3
1142930 2054.3
1142940 2057.4
1142950 2061.0
1142960 2061.0
1142970 2063.8
1142980 2064.7
1142990 2064.7
1143000 2064.6
1143010 2065.0
1143020 2065.0
1143030 2064.1
1143040 2064.5
1143050 2060.0
1143060 2060.0
1143070 2056.7
1143080 2056.6
1143090 2056.6
1143100 2057.3
1143110 2057.2
1143120 2057.2
1143130 2059.0
1143140 2062.9
1143150 2062.9
1143160 2065.3
1143170 2067.5
1143180 2067.5
1143190 2071.1
1143200 2074.2
1143210 2074.2
1143220 2077.8
1143230 2082.1
1143240 2086.3
1143250 2086.3
1143260 2091.0
1143270 2094.6
1143280 2094.6
1143290 2098.2
1143300 2102.6
1143310 2102.6
1143320 2108.7
1143330 2113.5
1143340 2113.5
1143350 2118.1
1143360 2122.0
1143370 2122.0
1143380 2126.6
1143390 2130.4
1143400 2130.4
1143410 2138.9
1143420 2141.5
1143430 2141.5
1143440 2145.2
1143450 2148.6
1143460 2150.5
1143470 2150.5
1143480 2153.3
1143490 2156.5
1143500 2156.5
1143510 2159.9
1143520 2163.0
1143530 2163.0
1143540 2165.0
1143550 2167.6
1143560 2167.6
1143570 2171.7
1143580 2177.0
1143590 2177.0
1143600 2183.7
1143610 2188.2
1143620 2188.2
1143630 2191.7
1143640 2196.9
1143650 2202.2
1143660 2202.2
1143670 2206.3
1143680 2210.6
1143690 2210.6
1143700 2215.8
1143710 2220.5
1143720 2220.5
1143730 2223.3
1143740 2223.8
1143750 2223.8
1143760 2223.5
1143770 2223.6
1143780 2227.1
1143790 2227.6
1143800 2228.6
1143810 2228.6
1143820 2230.1
1143830 2232.3
1143840 2232.3
1143850 2234.8
1143860 2238.2
1143870 2241.0
1143880 2241.0
1143890 2243.0
1143900 2244.3
1143910 2244.3
1143920 2245.6
1143930 2247.3
1143940 2247.3
1143950 2249.5
1143960 2252.0
1143970 2252.0
1143980 2254.4
1143990 2257.1
1144000 2257.1
1144010 2261.8
1144020 2267.3
1144030 2267.3
1144040 2271.8
1144050 2275.6
1144060 2275.6
1144070 2278.4
1144080 2281.3
1144090 2284.9
1144100 2284.9
1144110 2288.9
1144120 2293.9
1144130 2293.9
1144140 2300.1
1144150 2309.9
1144160 2309.9
1144170 2316.4
1144180 2323.2
1144190 2323.2
1144200 2330.4
1144210 2337.8
1144220 2337.8
1144230 2345.1
1144240 2352.9
1144250 2352.9
1144260 2360.4
1144270 2368.3
1144280 2375.8
1144290 2375.8
1144300 2383.2
1144310 2390.6
1144320 2390.6
1144330 2398.7
1144340 2406.2
1144350 2406.2
1144360 2408.8
1144370 2409.1
1144380 2409.1
1144390 2408.2
1144400 2406.8
1144410 2406.8
1144420 2404.4
1144430 2402.1
1144440 2402.1
1144450 2399.0
1144460 2392.7
1144470 2392.7
1144480 2382.9
1144490 2374.8
1144500 2366.3
1144510 2366.3
1144520 2356.1
1144530 2346.7
1144540 2346.7
1144550 2339.6
1144560 2333.2
1144570 2333.2
1144580 2327.0
1144590 2321.0
1144600 2321.0
1144610 2315.3
1144620 2309.5
1144630 2309.5
1144640 2304.9
1144650 2300.3
1144660 2300.3
1144670 2292.8
1144680 2285.8
1144690 2285.8
1144700 2280.5
1144710 2275.9
1144720 2273.8
1144730 2273.8
1144740 2271.2
1144750 2266.3
1144760 2266.3
1144770 2261.2
1144780 2256.7
1144790 2256.7
1144800 2253.0
1144810 2249.5
1144820 2249.5
1144830 2245.6
1144840 2241.5
1144850 2241.5
1144860 2236.2
1144870 2231.7
1144880 2231.7
1144890 2227.5
1144900 2217.4
1144910 2213.5
1144920 2213.5
1144930 2208.7
1144940 2204.2
1144950 2204.2
1144960 2200.1
1144970 2196.0
1144980 2196.0
1144990 2191.3
1145000 2185.3
1145010 2185.3
1145020 2180.5
1145030 2175.9
1145040 2175.9
1145050 2171.6
1145060 2169.4
1145070 2169.4
1145080 2167.3
1145090 2164.1
1145100 2164.1
1145110 2161.1
1145120 2152.0
1145130 2139.6
1145140 2139.6
1145150 2130.5
1145160 2121.7
1145170 2121.7
1145180 2114.2
1145190 2109.0
1145200 2109.0
1145210 2105.8
1145220 2107.3
1145230 2107.3
1145240 2116.3
1145250 2121.3
1145260 2121.3
1145270 2111.4
1145280 2107.7
1145290 2107.7
1145300 2102.8
1145310 2096.1
1145320 2089.1
1145330 2089.1
1145340 2083.4
1145350 2078.4
1145360 2078.4
1145370 2074.0
1145380 2069.2
1145390 2069.2
1145400 2059.6
1145410 2049.0
1145420 2049.0
1145430 2041.4
1145440 2036.1
1145450 2036.1
1145460 2029.7
1145470 2018.2
1145480 2018.2
1145490 2007.0
1145500 1998.8
1145510 1998.8
1145520 1991.4
1145530 1986.1
1145540 1985.3
1145550 1985.3
1145560 1979.8
1145570 1973.4
1145580 1973.4
1145590 1960.7
1145600 1947.2
1145610 1947.2
1145620 1934.0
1145630 1917.7
1145640 1910.6
1145650 1900.7
1145660 1891.8
1145670 1891.8
1145680 1884.8
1145690 1873.5
1145700 1873.5
1145710 1865.3
1145720 1858.1
1145730 1858.1
1145740 1851.6
1145750 1844.8
1145760 1838.0
1145770 1838.0
1145780 1832.4
1145790 1827.0
1145800 1827.0
1145810 1821.2
1145820 1815.0
1145830 1815.0
1145840 1808.8
1145850 1802.9
1145860 1802.9
1145870 1797.3
1145880 1791.3
1145890 1791.3
1145900 1785.2
1145910 1778.7
1145920 1778.7
1145930 1773.0
1145940 1768.2
1145950 1763.9
1145960 1763.9
1145970 1759.8
1145980 1755.1
1145990 1755.1
1146000 1750.3
1146010 1744.8
1146020 1744.0
1146030 1739.3
1146040 1735.7
1146050 1735.7
1146060 1732.9
1146070 1729.6
1146080 1729.6
1146090 1725.0
1146100 1720.0
1146110 1720.0
1146120 1716.2
1146130 1712.9
1146140 1712.9
1146150 1711.0
1146160 1709.8
1146170 1708.4
1146180 1708.4
1146190 1707.3
1146200 1706.6
1146210 1706.6
1146220 1705.6
1146230 1704.0
1146240 1704.0
1146250 1701.4
1146260 1699.3
1146270 1699.3
1146280 1697.4
1146290 1694.9
1146300 1694.9
1146310 1690.9
1146320 1688.0
1146330 1688.0
1146340 1688.1
1146350 1687.8
1146360 1687.1
1146370 1687.1
1146380 1687.2
1146390 1686.0
1146400 1686.0
1146410 1687.3
1146420 1688.2
1146430 1688.2
1146440 1690.6
1146450 1692.6
1146460 1692.6
1146470 1694.3
1146480 1696.3
1146490 1696.3
1146500 1698.1
1146510 1700.4
1146520 1700.4
1146530 1703.6
1146540 1707.0
1146550 1707.0
1146560 1711.1
1146570 1716.1
1146580 1721.8
1146590 1721.8
1146600 1729.2
1146610 1737.8
1146620 1737.8
1146630 1745.3
1146640 1750.7
1146650 1750.7
1146660 1755.2
1146670 1759.5
1146680 1759.5
1146690 1764.3
1146700 1770.0
1146710 1770.0
1146720 1775.8
1146730 1782.1
1146740 1782.1
1146750 1789.0
1146760 1799.6
1146770 1799.6
1146780 1806.6
1146790 1812.3
1146800 1819.0
1146810 1819.0
1146820 1826.2
1146830 1831.4
1146840 1831.4
1146850 1836.5
1146860 1842.1
1146870 1842.1
1146880 1849.5
1146890 1857.9
1146900 1857.9
1146910 1866.7
1146920 1875.1
1146930 1875.1
1146940 1882.4
1146950 1888.9
1146960 1888.9
1146970 1895.3
1146980 1901.2
1146990 1906.9
1147000 1906.9
1147010 1912.6
1147020 1919.6
1147030 1919.6
1147040 1926.3
1147050 1932.6
1147060 1932.6
1147070 1937.7
1147080 1944.5
1147090 1944.5
1147100 1951.3
1147110 1958.2
1147120 1958.2
1147130 1964.9
1147140 1977.4
1147150 1977.4
1147160 1981.9
1147170 1985.9
1147180 1985.9
1147190 1990.2
1147200 1994.3
1147210 1998.9
1147220 1998.9
1147230 2003.1
1147240 2007.4
1147250 2007.4
1147260 2011.5
1147270 2016.2
1147280 2016.2
1147290 2021.2
1147300 2027.6
1147310 2027.6
1147320 2034.6
1147330 2041.6
1147340 2041.6
1147350 2048.4
1147360 2055.5
1147370 2055.5
1147380 2062.9
1147390 2070.1
1147400 2070.1
1147410 2078.5
1147420 2088.7
1147430 2095.3
1147440 2095.3
1147450 2102.6
1147460 2110.5
1147470 2110.5
1147480 2116.5
1147490 2124.3
1147500 2124.3
1147510 2133.7
1147520 2143.1
1147530 2143.1
1147540 2151.9
1147550 2159.8
1147560 2159.8
1147570 2167.5
1147580 2173.1
1147590 2173.1
1147600 2174.4
1147610 2172.1
1147620 2168.4
1147630 2168.4
1147640 2166.5
1147650 2167.6
1147660 2167.6
1147670 2172.1
1147680 2177.7
1147690 2177.7
1147700 2182.6
1147710 2188.1
1147720 2188.1
1147730 2189.4
1147740 2194.2
1147750 2194.2
1147760 2199.3
1147770 2204.9
1147780 2204.9
1147790 2209.9
1147800 2213.9
1147810 2213.9
1147820 2217.3
1147830 2220.5
1147840 2224.1
1147850 2224.1
1147860 2227.5
1147870 2230.5
1147880 2230.5
1147890 2234.7
1147900 2239.2
1147910 2239.2
1147920 2244.8
1147930 2250.1
1147940 2250.1
1147950 2254.5
1147960 2259.6
1147970 2259.6
1147980 2265.3
1147990 2270.3
1148000 2270.3
1148010 2274.0
1148020 2276.5
1148030 2283.4
1148040 2283.4
1148050 2290.6
1148060 2297.4
1148070 2297.4
1148080 2302.9
1148090 2311.5
1148100 2311.5
1148110 2320.9
1148120 2330.0
1148130 2330.0
1148140 2338.6
1148150 2344.9
1148160 2344.9
1148170 2351.5
1148180 2359.0
1148190 2359.0
1148200 2365.5
1148210 2372.0
1148220 2372.0
1148230 2379.7
1148240 2387.7
1148250 2394.2
1148260 2394.2
1148270 2398.1
1148280 2403.8
1148290 2403.8
1148300 2409.3
1148310 2415.1
1148320 2415.1
1148330 2420.9
1148340 2425.7
1148350 2425.7
1148360 2428.1
1148370 2428.6
1148380 2428.6
1148390 2431.3
1148400 2434.5
1148410 2434.5
1148420 2440.5
1148430 2444.2
1148440 2444.2
1148450 2445.4
1148460 2445.9
1148470 2445.4
1148480 2445.4
1148490 2446.6
1148500 2449.0
1148510 2449.0
1148520 2452.4
1148530 2456.4
1148540 2456.4
1148550 2459.1
1148560 2461.2
1148570 2461.2
1148580 2463.8
1148590 2468.9
1148600 2468.9
1148610 2475.6
1148620 2478.3
1148630 2478.3
1148640 2465.1
1148650 2467.1
1148660 2466.2
1148670 2466.2
1148680 2465.5
1148690 2463.2
1148700 2463.2
1148710 2460.5
1148720 2459.6
1148730 2459.6
1148740 2457.2
1148750 2452.4
1148760 2452.4
1148770 2447.2
1148780 2443.0
1148790 2443.0
1148800 2443.2
1148810 2444.4
1148820 2444.4
1148830 2442.3
1148840 2435.8
1148850 2435.8
1148860 2436.1
1148870 2439.0
1148880 2438.2
1148890 2438.2
1148900 2440.4
1148910 2443.8
1148920 2443.8
1148930 2443.7
1148940 2444.8
1148950 2444.8
1148960 2447.3
1148970 2444.3
1148980 2444.3
1148990 2441.7
1149000 2445.0
1149010 2445.0
1149020 2435.6
1149030 2436.5
1149040 2436.5
1149050 2439.9
1149060 2441.6
1149070 2443.5
1149080 2443.5
1149090 2445.8
1149100 2446.7
1149110 2446.7
1149120 2446.2
1149130 2445.3
1149140 2445.3
1149150 2445.5
1149160 2445.5
1149170 2445.5
1149180 2445.0
1149190 2444.9
1149200 2444.9
1149210 2445.2
1149220 2445.2
1149230 2445.2
1149240 2445.3
1149250 2445.3
1149260 2445.3
1149270 2445.8
1149280 2447.2
1149290 2447.8
1149300 2447.8
1149310 2447.6
1149320 2447.7
1149330 2447.7
1149340 2447.7
1149350 2447.6
1149360 2447.6
1149370 2447.2
1149380 2447.9
1149390 2447.9
1149400 2443.4
1149410 2445.2
1149420 2445.2
1149430 2446.5
1149440 2447.7
1149450 2447.7
1149460 2448.1
1149470 2448.4
1149480 2448.4
1149490 2449.0
1149500 2450.4
1149510 2452.5
1149520 2452.5
1149530 2454.8
1149540 2456.9
1149550 2456.9
1149560 2458.7
1149570 2460.9
1149580 2460.9
1149590 2463.0
1149600 2465.1
1149610 2465.1
1149620 2467.1
1149630 2468.7
1149640 2468.7
1149650 2469.5
1149660 2470.2
1149670 2470.2
1149680 2471.2
1149690 2472.9
1149700 2475.2
1149710 2475.2
1149720 2476.6
1149730 2477.7
1149740 2477.7
1149750 2478.5
1149760 2478.7
1149770 2478.7
1149780 2475.2
1149790 2476.1
1149800 2476.1
1149810 2475.7
1149820 2475.6
1149830 2475.6
1149840 2476.3
1149850 2477.2
1149860 2477.2
1149870 2478.0
1149880 2479.3
1149890 2479.3
1149900 2480.4
1149910 2481.3
1149920 2482.0
1149930 2482.0
1149940 2482.4
1149950 2483.5
1149960 2483.5
1149970 2485.2
1149980 2486.7
1149990 2486.7
1150000 2488.0
1150010 2489.3
1150020 2489.3
1150030 2490.6
1150040 2491.8
1150050 2491.8
1150060 2493.1
1150070 2494.4
1150080 2494.4
1150090 2495.6
1150100 2496.9
1150110 2498.5
1150120 2498.5
1150130 2500.2
1150140 2502.0
1150150 2502.0
1150160 2502.1
1150170 2503.1
1150180 2503.1
1150190 2504.5
1150200 2505.6
1150210 2505.6
1150220 2505.7
1150230 2506.4
1150240 2506.4
1150250 2508.0
1150260 2509.8
1150270 2509.8
1150280 2511.2
1150290 2512.8
1150300 2512.8
1150310 2514.4
1150320 2515.7
1150330 2517.1
1150340 2517.1
1150350 2519.1
1150360 2521.0
1150370 2521.0
1150380 2523.7
1150390 2527.1
1150400 2527.1
1150410 2531.4
1150420 2536.0
1150430 2536.0
1150440 2541.4
1150450 2546.5
1150460 2546.5
1150470 2551.8
1150480 2557.6
1150490 2557.6
1150500 2561.1
1150510 2562.8
1150520 2562.8
1150530 2568.0
1150540 2571.0
1150550 2574.1
1150560 2574.1
1150570 2577.3
1150580 2580.6
1150590 2580.6
1150600 2583.2
1150610 2584.5
1150620 2584.5
1150630 2584.7
1150640 2584.2
1150650 2584.2
1150660 2584.1
1150670 2588.8
1150680 2588.8
1150690 2594.5
1150700 2598.3
1150710 2598.3
1150720 2601.7
1150730 2604.3
1150740 2607.5
1150750 2607.5
1150760 2610.5
1150770 2611.1
1150780 2611.1
1150790 2610.2
1150800 2609.2
1150810 2609.2
1150820 2608.2
1150830 2608.4
1150840 2608.4
1150850 2609.4
1150860 2609.5
1150870 2609.5
1150880 2608.8
1150890 2606.6
1150900 2606.6
1150910 2609.1
1150920 2607.4
1150930 2607.4
1150940 2606.5
1150950 2604.6
1150960 2600.3
1150970 2600.3
1150980 2597.1
1150990 2598.1
1151000 2598.1
1151010 2599.8
1151020 2604.7
1151030 2604.7
1151040 2610.7
1151050 2617.5
1151060 2617.5
1151070 2624.6
1151080 2629.8
1151090 2629.8
1151100 2634.0
1151110 2639.1
1151120 2639.1
1151130 2643.8
1151140 2647.2
1151150 2651.0
1151160 2651.0
1151170 2653.5
1151180 2656.3
1151190 2656.3
1151200 2660.1
1151210 2663.0
1151220 2663.0
1151230 2665.2
1151240 2667.5
1151250 2667.5
1151260 2668.5
1151270 2669.1
1151280 2669.1
1151290 2670.0
1151300 2671.4
1151310 2671.4
1151320 2673.1
1151330 2675.3
1151340 2675.3
1151350 2677.1
1151360 2678.8
1151370 2681.5
1151380 2681.5
1151390 2684.1
1151400 2686.5
1151410 2686.5
1151420 2689.4
1151430 2692.0
1151440 2692.0
1151450 2694.1
1151460 2695.8
1151470 2695.8
1151480 2698.2
1151490 2700.8
1151500 2700.8
1151510 2702.6
1151520 2704.6
1151530 2704.6
1151540 2708.1
1151550 2712.4
1151560 2712.4
1151570 2715.5
1151580 2718.0
1151590 2721.3
1151600 2721.3
1151610 2723.0
1151620 2726.7
1151630 2726.7
1151640 2732.3
1151650 2737.9
1151660 2737.9
1151670 2743.8
1151680 2748.9
1151690 2748.9
1151700 2754.5
1151710 2759.8
1151720 2759.8
1151730 2764.7
1151740 2766.0
1151750 2766.0
1151760 2762.7
1151770 2757.7
1151780 2751.8
1151790 2751.8
1151800 2746.3
1151810 2741.5
1151820 2741.5
1151830 2736.6
1151840 2731.9
1151850 2731.9
1151860 2725.7
1151870 2720.0
1151880 2720.0
1151890 2715.4
1151900 2711.4
1151910 2711.4
1151920 2707.4
1151930 2702.4
1151940 2702.4
1151950 2697.9
1151960 2695.7
1151970 2695.7
1151980 2693.9
1151990 2690.8
1152000 2686.4
1152010 2686.4
1152020 2681.0
1152030 2674.4
1152040 2674.4
1152050 2669.0
1152060 2660.2
1152070 2660.2
1152080 2651.1
1152090 2643.3
1152100 2643.3
1152110 2636.4
1152120 2630.7
1152130 2630.7
1152140 2627.0
1152150 2624.1
1152160 2624.1
1152170 2621.3
1152180 2618.6
1152190 2618.6
1152200 2616.5
1152210 2614.7
1152220 2613.4
1152230 2613.4
1152240 2611.8
1152250 2610.7
1152260 2610.7
1152270 2609.8
1152280 2608.6
1152290 2608.6
1152300 2607.0
1152310 2605.2
1152320 2605.2
1152330 2603.3
1152340 2601.4
1152350 2601.4
1152360 2599.0
1152370 2596.5
1152380 2596.5
1152390 2594.1
1152400 2592.4
1152410 2590.7
1152420 2590.7
1152430 2588.1
1152440 2587.0
1152450 2587.0
1152460 2585.8
1152470 2583.6
1152480 2583.6
1152490 2581.4
1152500 2580.3
1152510 2580.3
1152520 2578.8
1152530 2577.6
1152540 2577.6
1152550 2575.8
1152560 2574.4
1152570 2574.4
1152580 2573.3
1152590 2572.3
1152600 2572.3
1152610 2570.8
1152620 2568.5
1152630 2565.9
1152640 2565.9
1152650 2563.7
1152660 2561.3
1152670 2561.3
1152680 2558.7
1152690 2557.2
1152700 2557.2
1152710 2555.2
1152720 2552.9
1152730 2552.9
1152740 2551.7
1152750 2550.5
1152760 2550.5
1152770 2547.9
1152780 2546.7
1152790 2546.7
1152800 2546.4
1152810 2545.6
1152820 2546.5
1152830 2546.5
1152840 2545.7
1152850 2545.6
1152860 2545.6
1152870 2545.5
1152880 2545.0
1152890 2545.0
1152900 2544.9
1152910 2544.5
1152920 2544.5
1152930 2544.2
1152940 2544.1
1152950 2544.1
1152960 2543.8
1152970 2543.9
1152980 2543.9
1152990 2543.9
1153000 2543.5
1153010 2543.5
1153020 2543.6
1153030 2543.7
1153040 2544.1
1153050 2544.1
1153060 2544.7
1153070 2544.9
1153080 2544.9
1153090 2545.1
1153100 2545.8
1153110 2545.8
1153120 2546.8
1153130 2547.8
1153140 2547.8
1153150 2548.4
1153160 2547.8
1153170 2547.8
1153180 2546.3
1153190 2544.3
1153200 2544.0
1153210 2541.7
1153220 2539.7
1153230 2539.7
1153240 2537.9
1153250 2536.4
1153260 2535.7
1153270 2535.7
1153280 2535.8
1153290 2536.2
1153300 2536.2
1153310 2535.9
1153320 2534.5
1153330 2534.5
1153340 2532.6
1153350 2530.1
1153360 2530.1
1153370 2527.4
1153380 2524.8
1153390 2524.8
1153400 2522.2
1153410 2520.2
1153420 2520.2
1153430 2518.7
1153440 2517.6
1153450 2516.7
1153460 2516.7
1153470 2515.9
1153480 2514.7
1153490 2514.7
1153500 2513.7
1153510 2513.0
1153520 2513.0
1153530 2512.5
1153540 2512.4
1153550 2512.4
1153560 2512.4
1153570 2512.5
1153580 2512.1
1153590 2511.7
1153600 2511.5
1153610 2511.5
1153620 2511.6
1153630 2511.5
1153640 2511.5
1153650 2511.4
1153660 2511.9
1153670 2513.4
1153680 2513.4
1153690 2515.0
1153700 2513.4
1153710 2513.4
1153720 2511.3
1153730 2511.5
1153740 2511.5
1153750 2512.4
1153760 2510.8
1153770 2510.8
1153780 2508.7
1153790 2507.0
1153800 2507.0
1153810 2504.6
1153820 2500.8
1153830 2500.8
1153840 2495.8
1153850 2491.6
1153860 2487.5
1153870 2487.5
1153880 2483.4
1153890 2479.2
1153900 2479.2
1153910 2475.4
1153920 2472.8
1153930 2472.8
1153940 2470.8
1153950 2469.1
1153960 2469.2
1153970 2467.3
1153980 2465.9
1153990 2465.9
1154000 2465.2
1154010 2465.3
1154020 2465.3
1154030 2467.4
1154040 2469.4
1154050 2469.4
1154060 2470.8
1154070 2472.2
1154080 2473.6
1154090 2473.6
1154100 2472.3
1154110 2469.1
1154120 2469.1
1154130 2468.0
1154140 2469.0
1154150 2469.0
1154160 2470.6
1154170 2471.9
1154180 2471.9
1154190 2472.8
1154200 2475.2
1154210 2475.2
1154220 2476.9
1154230 2477.6
1154240 2477.6
1154250 2479.3
1154260 2480.8
1154270 2480.8
1154280 2482.9
1154290 2486.7
1154300 2490.7
1154310 2490.7
1154320 2495.4
1154330 2499.2
1154340 2499.2
1154350 2497.0
1154360 2499.9
1154370 2499.9
1154380 2503.1
1154390 2506.6
1154400 2506.6
1154410 2511.5
1154420 2516.9
1154430 2516.9
1154440 2522.1
1154450 2526.2
1154460 2526.2
1154470 2528.0
1154480 2528.4
1154490 2527.0
1154500 2527.0
1154510 2524.4
1154520 2522.2
1154530 2522.2
1154540 2518.6
1154550 2512.5
1154560 2512.5
1154570 2509.6
1154580 2508.4
1154590 2508.4
1154600 2508.6
1154610 2510.7
1154620 2510.7
1154630 2513.1
1154640 2516.0
1154650 2516.0
1154660 2517.5
1154670 2518.8
1154680 2518.8
1154690 2521.6
1154700 2524.6
1154710 2526.8
1154720 2526.8
1154730 2525.8
1154740 2531.2
1154750 2531.2
1154760 2536.2
1154770 2538.5
1154780 2538.5
1154790 2539.7
1154800 2541.2
1154810 2541.2
1154820 2542.7
1154830 2544.4
1154840 2544.4
1154850 2545.8
1154860 2546.9
1154870 2546.9
1154880 2547.8
1154890 2548.2
1154900 2547.8
1154910 2547.8
1154920 2546.4
1154930 2543.8
1154940 2543.8
1154950 2540.0
1154960 2537.1
1154970 2537.1
1154980 2534.2
1154990 2531.0
1155000 2531.0
1155010 2527.7
1155020 2525.0
1155030 2525.0
1155040 2522.8
1155050 2521.2
1155060 2521.2
1155070 2519.2
1155080 2516.4
1155090 2516.4
1155100 2514.0
1155110 2515.9
1155120 2512.9
1155130 2512.9
1155140 2508.8
1155150 2504.9
1155160 2504.9
1155170 2499.9
1155180 2494.4
1155190 2494.4
1155200 2490.3
1155210 2487.3
1155220 2487.3
1155230 2485.4
1155240 2484.1
1155250 2484.1
1155260 2483.0
1155270 2481.5
1155280 2481.5
1155290 2479.8
1155300 2477.8
1155310 2477.8
1155320 2475.5
1155330 2473.3
1155340 2471.6
1155350 2471.6
1155360 2469.3
1155370 2466.5
1155380 2466.5
1155390 2464.7
1155400 2463.5
1155410 2463.5
1155420 2461.2
1155430 2459.7
1155440 2459.7
1155450 2458.3
1155460 2456.8
1155470 2456.8
1155480 2456.3
1155490 2455.4
1155500 2456.9
1155510 2456.5
1155520 2455.9
1155530 2455.3
1155540 2455.3
1155550 2454.6
1155560 2453.3
1155570 2453.3
1155580 2451.3
1155590 2449.0
1155600 2449.0
1155610 2446.5
1155620 2442.7
1155630 2442.7
1155640 2438.4
1155650 2438.0
1155660 2438.0
1155670 2439.1
1155680 2441.5
1155690 2441.5
1155700 2442.2
1155710 2441.7
1155720 2441.7
1155730 2441.8
1155740 2441.7
1155750 2442.3
1155760 2442.3
1155770 2442.4
1155780 2440.4
1155790 2440.4
1155800 2438.1
1155810 2436.3
1155820 2436.3
1155830 2435.0
1155840 2433.0
1155850 2433.0
1155860 2429.7
1155870 2423.4
1155880 2421.1
1156810 2460.1
1156820 2464.9
1156830 2464.9
1156840 2470.3
1156850 2475.8
1156860 2475.8
1156870 2480.8
1156880 2485.2
1156890 2485.2
1156900 2489.8
1156910 2494.4
1156920 2494.4
1156930 2498.4
1156940 2502.0
1156950 2502.0
1156960 2505.3
1156970 2508.4
1156980 2511.4
1156990 2511.4
1157000 2514.7
1157010 2518.1
1157020 2518.1
1157030 2521.4
1157040 2522.5
1157050 2522.5
1157060 2525.5
1157070 2528.5
1157080 2528.5
1157090 2531.2
1157100 2534.0
1157110 2534.0
1157120 2536.8
1157130 2539.2
1157140 2539.2
1157150 2541.4
1157160 2544.4
1157170 2544.4
1157180 2547.6
1157190 2547.2
1157200 2543.7
1157210 2543.7
1157220 2540.4
1157230 2537.1
1157240 2537.1
1157250 2533.0
1157260 2529.5
1157270 2529.5
1157280 2526.5
1157290 2523.7
1157300 2523.7
1157310 2520.8
1157320 2519.1
1157330 2519.1
1157340 2518.0
1157350 2514.4
1157360 2514.4
1157370 2511.3
1157380 2509.1
1157390 2509.1
1157400 2504.9
1157410 2503.2
1157420 2502.4
1157430 2503.9
1157440 2502.0
1157450 2500.7
1157460 2500.7
1157470 2498.8
1157480 2497.0
1157490 2497.0
1157500 2495.9
1157510 2495.5
1157520 2495.5
1157530 2496.1
1157540 2496.0
1157550 2496.0
1157560 2495.8
1157570 2494.7
1157580 2494.7
1157590 2493.2
1157600 2492.6
1157610 2492.1
1157620 2492.1
1157630 2492.7
1157640 2492.5
1157650 2492.5
1157660 2494.5
1157670 2495.1
1157680 2495.1
1157690 2494.3
1157700 2495.8
1157710 2495.8
1157720 2496.7
1157730 2494.7
1157740 2494.7
1157750 2494.7
1157760 2495.3
1157770 2495.3
1157780 2496.6
1157790 2496.5
1157800 2496.5
1157810 2496.7
1157820 2503.1
1157830 2501.4
1157840 2501.4
1157850 2502.2
1157860 2502.1
1157870 2502.1
1157880 2503.7
1157890 2506.4
1157900 2506.4
1157910 2509.6
1157920 2513.5
1157930 2513.5
1157940 2518.0
1157950 2520.9
1157960 2520.9
1157970 2521.2
1157980 2517.8
1157990 2517.8
1158000 2513.0
1158010 2507.7
1158020 2502.3
1158030 2502.3
1158040 2496.4
1158050 2490.2
1158060 2490.2
1158070 2484.1
1158080 2477.1
1158090 2477.1
1158100 2468.9
1158110 2460.6
1158120 2460.6
1158130 2452.5
1158140 2445.3
1158150 2445.3
1158160 2438.2
1158170 2431.7
1158180 2431.7
1158190 2425.6
1158200 2424.7
1158210 2424.7
1158220 2417.6
1158230 2409.7
1158240 2403.7
1158250 2403.7
1158260 2398.6
1158270 2394.3
1158280 2394.3
1158290 2388.5
1158300 2382.7
1158310 2382.7
1158320 2376.8
1158330 2370.3
1158340 2370.3
1158350 2363.5
1158360 2356.4
1158370 2356.4
1158380 2349.0
1158390 2342.3
1158400 2342.3
1158410 2335.8
1158420 2329.4
1158430 2329.4
1158440 2324.1
1158450 2319.4
1158460 2314.1
1158470 2314.1
1158480 2308.8
1158490 2302.6
1158500 2302.6
1158510 2296.4
1158520 2289.7
1158530 2289.7
1158540 2282.2
1158550 2273.1
1158560 2273.1
1158570 2263.6
1158580 2253.7
1158590 2245.5
1158600 2237.2
1158610 2229.9
1158620 2229.9
1158630 2222.8
1158640 2217.0
1158650 2210.6
1158660 2210.6
1158670 2200.6
1158680 2191.0
1158690 2191.0
1158700 2179.9
1158710 2166.3
1158720 2166.3
1158730 2165.4
1158740 2170.2
1158750 2170.2
1158760 2172.5
1158770 2175.3
1158780 2175.3
1158790 2179.2
1158800 2183.6
1158810 2183.6
1158820 2187.8
1158830 2192.7
1158840 2192.7
1158850 2197.5
1158860 2202.4
1158870 2206.2
1158880 2206.2
1158890 2209.2
1158900 2209.2
1158910 2209.2
1158920 2206.3
1158930 2204.1
1158940 2204.1
1158950 2201.7
1158960 2199.0
1158970 2199.0
1158980 2187.9
1158990 2185.0
1159000 2185.0
1159010 2183.7
1159020 2184.5
1159030 2184.5
1159040 2183.5
1159050 2181.0
1159060 2180.5
1159070 2180.5
1159080 2180.6
1159090 2179.8
1159100 2179.8
1159110 2180.0
1159120 2180.2
1159130 2180.2
1159140 2174.1
1159150 2169.2
1159160 2169.2
1159170 2166.8
1159180 2165.1
1159190 2165.1
1159200 2166.0
1159210 2164.9
1159220 2164.9
1159230 2163.8
1159240 2163.7
1159250 2163.7
1159260 2163.2
1159270 2161.5
1159280 2158.8
1159290 2158.8
1159300 2155.7
1159310 2152.6
1159320 2152.6
1159330 2150.2
1159340 2147.9
1159350 2147.9
1159360 2145.6
1159370 2138.6
1159380 2138.6
1159390 2137.1
1159400 2135.5
1159410 2135.5
1159420 2128.9
1159430 2130.8
1159440 2130.8
1159450 2136.9
1159460 2137.9
1159470 2137.9
1159480 2138.6
1159490 2139.8
1159500 2141.3
1159510 2141.3
1159520 2142.9
1159530 2144.8
1159540 2144.8
1159550 2146.8
1159560 2149.0
1159570 2149.0
1159580 2151.3
1159590 2154.3
1159600 2154.3
1159610 2156.3
1159620 2157.6
1159630 2157.6
1159640 2160.1
1159650 2162.7
1159660 2162.7
1159670 2166.2
1159680 2168.6
1159690 2168.7
1159700 2168.7
1159710 2170.6
1159720 2172.4
1159730 2172.4
1159740 2173.1
1159750 2174.6
1159760 2167.3
1159770 2166.8
1159780 2166.0
1159790 2166.0
1159800 2166.5
1159810 2167.8
1159820 2167.8
1159830 2168.6
1159840 2169.4
1159850 2169.4
1159860 2171.9
1159870 2175.2
1159880 2175.2
1159890 2177.7
1159900 2179.2
1159910 2179.7
1159920 2179.7
1159930 2179.4
1159940 2179.0
1159950 2179.0
1159960 2178.8
1159970 2178.5
1159980 2178.5
1159990 2178.4
