1140000 1440.8
1140010 1440.8
1140020 1440.9
1140030 1441.0
1140040 1440.9
1140050 1440.9
1140060 1440.8
1140070 1440.7
1140080 1440.7
1140090 1440.6
1140100 1440.4
1140110 1440.4
1140120 1440.2
1140130 1440.3
1140140 1440.3
1140150 1440.1
1140160 1439.9
1140170 1439.9
1140180 1439.8
1140190 1439.9
1140200 1439.9
1140210 1440.4
1140220 1441.4
1140230 1441.5
1140240 1443.6
1140250 1444.7
1140260 1446.1
1140270 1446.1
1140280 1447.3
1140290 1449.4
1140300 1449.4
1140310 1451.9
1140320 1454.6
1140330 1454.6
1140340 1457.0
1140350 1457.9
1140360 1457.9
1140370 1458.8
1140380 1460.0
1140390 1460.0
1140400 1461.4
1140410 1463.2
1140420 1463.2
1140430 1465.2
1140440 1467.0
1140450 1468.9
1140460 1468.9
1140470 1470.9
1140480 1472.5
1140490 1472.5
1140500 1474.1
1140510 1475.7
1140520 1475.7
1140530 1477.5
1140540 1479.3
1140550 1479.3
1140560 1481.2
1140570 1483.4
1140580 1483.4
1140590 1485.9
1140600 1490.5
1140610 1490.5
1140620 1492.5
1140630 1495.2
1140640 1495.2
1140650 1498.2
1140660 1500.9
1140670 1503.4
1140680 1503.4
1140690 1504.2
1140700 1505.7
1140710 1505.7
1140720 1509.6
1140730 1513.9
1140740 1513.9
1140750 1517.1
1140760 1518.8
1140770 1518.8
1140780 1519.2
1140790 1518.6
1140800 1518.6
1140810 1516.9
1140820 1513.9
1140830 1513.9
1140840 1512.7
1140850 1516.5
1140860 1520.2
1140870 1520.2
1140880 1522.7
1140890 1526.4
1140900 1526.4
1140910 1529.8
1140920 1531.5
1140930 1531.5
1140940 1531.8
1140950 1532.2
1140960 1537.1
1140970 1537.1
1140980 1537.8
1140990 1537.8
1141000 1540.5
1141010 1543.8
1141020 1543.8
1141030 1545.2
1141040 1545.2
1141050 1545.2
1141060 1546.1
1141070 1547.4
1141080 1545.7
1141090 1545.7
1141100 1548.4
1141110 1552.2
1141120 1552.2
1141130 1556.0
1141140 1557.7
1141150 1557.7
1141160 1556.0
1141170 1553.9
1141180 1553.9
1141190 1554.9
1141200 1560.9
1141210 1560.9
1141220 1567.9
1141230 1573.6
1141240 1573.6
1141250 1578.8
1141260 1584.3
1141270 1584.3
1141280 1588.9
1141290 1592.2
1141300 1596.3
1141310 1596.3
1141320 1602.4
1141330 1607.1
1141340 1607.1
1141350 1608.8
1141360 1609.9
1141370 1609.9
1141380 1610.8
1141390 1611.9
1141400 1611.9
1141410 1613.4
1141420 1614.5
1141430 1614.5
1141440 1615.9
1141450 1617.7
1141460 1617.7
1141470 1619.8
1141480 1622.0
1141490 1623.9
1141500 1623.9
1141510 1625.9
1141520 1628.5
1141530 1628.5
1141540 1630.5
1141550 1632.4
1141560 1632.4
1141570 1634.4
1141580 1636.1
1141590 1636.1
1141600 1638.1
1141610 1640.3
1141620 1640.3
1141630 1642.6
1141640 1646.4
1141650 1646.4
1141660 1650.6
1141670 1654.7
1141680 1654.7
1141690 1658.5
1141700 1664.2
1141710 1666.7
1141720 1666.7
1141730 1670.7
1141740 1673.8
1141750 1673.8
1141760 1670.5
1141770 1666.4
1141780 1666.4
1141790 1665.6
1141800 1667.6
1141810 1667.6
1141820 1672.3
1141830 1680.2
1141840 1680.2
1141850 1687.6
1141860 1692.3
1141870 1692.3
1141880 1696.3
1141890 1701.5
1141900 1701.5
1141910 1707.7
1141920 1714.3
1141930 1721.0
1141940 1721.0
1141950 1726.4
1141960 1731.1
1141970 1731.1
1141980 1736.5
1141990 1742.1
1142000 1742.1
1142010 1748.2
1142020 1754.4
1142030 1754.4
1142040 1760.5
1142050 1766.6
1142060 1766.6
1142070 1773.8
1142080 1779.1
1142090 1779.1
1142100 1783.4
1142110 1787.4
1142120 1791.7
1142130 1791.7
1142140 1796.1
1142150 1800.6
1142160 1800.6
1142170 1805.1
1142180 1810.0
1142190 1810.0
1142200 1815.0
1142210 1819.7
1142220 1819.7
1142230 1824.4
1142240 1829.4
1142250 1829.4
1142260 1834.6
1142270 1840.1
1142280 1840.1
1142290 1846.3
1142300 1853.4
1142310 1853.4
1142320 1858.3
1142330 1861.2
1142340 1862.0
1142350 1862.0
1142360 1857.7
1142370 1858.0
1142380 1858.0
1142390 1860.7
1142400 1859.4
1142410 1859.4
1142420 1851.0
1142430 1847.1
1142440 1857.8
1142450 1853.8
1142460 1850.3
1142470 1850.3
1142480 1842.5
1142490 1848.1
1142500 1848.1
1142510 1856.1
1142520 1862.5
1142530 1868.4
1142540 1868.4
1142550 1875.7
1142560 1885.3
1142570 1885.3
1142580 1895.3
1142590 1907.3
1142600 1907.3
1142610 1918.1
1142620 1925.5
1142630 1925.5
1142640 1928.7
1142650 1932.7
1142660 1932.7
1142670 1939.1
1142680 1947.0
1142690 1947.0
1142700 1955.2
1142710 1962.5
1142720 1962.5
1142730 1969.8
1142740 1979.2
1142750 1988.1
1142760 1988.1
1142770 1997.7
1142780 2006.3
1142790 2006.3
1142800 2012.7
1142810 2015.5
1142820 2015.5
1142830 2024.1
1142840 2033.6
1142850 2033.6
1142860 2041.3
1142870 2047.8
1142880 2047.8
1142890 2053.9
1142900 2060.1
1142910 2060.1
1142920 2066.3
1142930 2072.5
1142940 2072.5
1142950 2078.5
1142960 2083.8
1142970 2087.8
1142980 2087.8
1142990 2091.2
1143000 2094.9
1143010 2094.9
1143020 2097.7
1143030 2100.2
1143040 2100.2
1143050 2102.0
1143060 2103.8
1143070 2103.8
1143080 2106.0
1143090 2109.4
1143100 2109.4
1143110 2113.0
1143120 2116.0
1143130 2116.0
1143140 2118.8
1143150 2121.4
1143160 2124.3
1143170 2124.3
1143180 2132.3
1143190 2136.9
1143200 2136.9
1143210 2141.6
1143220 2145.6
1143230 2145.6
1143240 2148.9
1143250 2152.5
1143260 2152.5
1143270 2158.0
1143280 2163.8
1143290 2163.8
1143300 2169.1
1143310 2173.7
1143320 2173.7
1143330 2177.5
1143340 2180.5
1143350 2180.5
1143360 2185.4
1143370 2191.0
1143380 2195.4
1143390 2195.4
1143400 2198.9
1143410 2202.2
1143420 2202.2
1143430 2206.5
1143440 2211.7
1143450 2211.7
1143460 2218.2
1143470 2225.2
1143480 2225.2
1143490 2231.1
1143500 2237.8
1143510 2237.8
1143520 2244.3
1143530 2249.6
1143540 2249.6
1143550 2256.2
1143560 2258.5
1143570 2261.8
1143580 2261.8
1143590 2264.9
1143600 2268.7
1143610 2268.7
1143620 2270.5
1143630 2272.3
1143640 2272.3
1143650 2274.3
1143660 2277.0
1143670 2277.0
1143680 2279.5
1143690 2281.3
1143700 2281.3
1143710 2282.7
1143720 2282.0
1143730 2282.0
1143740 2279.5
1143750 2278.6
1143760 2278.6
1143770 2278.5
1143780 2278.9
1143790 2279.4
1143800 2279.4
1143810 2280.9
1143820 2280.3
1143830 2280.3
1143840 2280.2
1143850 2283.5
1143860 2283.5
1143870 2287.2
1143880 2290.0
1143890 2290.0
1143900 2292.8
1143910 2295.1
1143920 2300.7
1143930 2303.2
1143940 2305.8
1143950 2305.8
1143960 2308.9
1143970 2311.1
1143980 2311.1
1143990 2312.7
1144000 2314.8
1144010 2317.5
1144020 2317.5
1144030 2320.7
1144040 2323.9
1144050 2323.9
1144060 2326.1
1144070 2330.4
1144080 2330.4
1144090 2334.6
1144100 2338.1
1144110 2338.1
1144120 2342.3
1144130 2348.2
1144140 2348.2
1144150 2354.0
1144160 2361.4
1144170 2361.4
1144180 2367.7
1144190 2372.7
1144200 2376.3
1144210 2376.3
1144220 2380.3
1144230 2385.1
1144240 2385.1
1144250 2387.1
1144260 2387.1
1144270 2387.1
1144280 2387.2
1144290 2383.9
1144300 2380.7
1144310 2377.5
1144320 2374.0
1144330 2374.0
1144340 2370.2
1144350 2366.5
1144360 2366.5
1144370 2362.7
1144380 2358.7
1144390 2358.7
1144400 2355.0
1144410 2351.0
1144420 2347.3
1144430 2347.3
1144440 2344.3
1144450 2341.9
1144460 2341.9
1144470 2339.9
1144480 2338.2
1144490 2338.2
1144500 2336.3
1144510 2333.7
1144520 2333.7
1144530 2328.5
1144540 2321.3
1144550 2321.3
1144560 2313.9
1144570 2308.3
1144580 2308.3
1144590 2304.7
1144600 2300.6
1144610 2296.1
1144620 2296.1
1144630 2291.7
1144640 2286.5
1144650 2286.5
1144660 2281.3
1144670 2272.8
1144680 2272.8
1144690 2268.5
1144700 2264.5
1144710 2264.5
1144720 2259.7
1144730 2252.3
1144740 2252.3
1144750 2245.2
1144760 2239.2
1144770 2239.2
1144780 2232.6
1144790 2225.8
1144800 2225.8
1144810 2220.0
1144820 2213.5
1144830 2207.6
1144840 2207.6
1144850 2201.2
1144860 2195.8
1144870 2195.8
1144880 2188.3
1144890 2180.2
1144900 2180.2
1144910 2172.7
1144920 2164.3
1144930 2164.3
1144940 2155.5
1144950 2148.4
1144960 2148.4
1144970 2143.0
1144980 2138.6
1144990 2138.6
1145000 2133.3
1145010 2127.6
1145020 2127.6
1145030 2121.9
1145040 2112.0
1145050 2102.2
1145060 2102.2
1145070 2087.2
1145080 2077.1
1145090 2077.1
1145100 2073.3
1145110 2074.2
1145120 2074.2
1145130 2077.1
1145140 2073.4
1145150 2073.4
1145160 2067.1
1145170 2058.3
1145180 2058.3
1145190 2052.0
1145200 2048.1
1145210 2048.1
1145220 2043.5
1145230 2036.9
1145240 2030.3
1145250 2030.3
1145260 2026.7
1145270 2022.4
1145280 2022.4
1145290 2015.5
1145300 2005.9
1145310 2005.9
1145320 1997.2
1145330 1990.2
1145340 1990.2
1145350 1985.5
1145360 1981.1
1145370 1981.1
1145380 1977.1
1145390 1975.4
1145400 1975.4
1145410 1972.4
1145420 1978.9
1145430 1978.9
1145440 1980.0
1145450 1977.2
1145460 1973.3
1145470 1973.3
1145480 1969.0
1145490 1964.2
1145500 1964.2
1145510 1958.0
1145520 1951.7
1145530 1951.7
1145540 1946.1
1145550 1940.5
1145560 1940.5
1145570 1933.8
1145580 1925.6
1145590 1925.6
1145600 1918.4
1145610 1912.1
1145620 1912.1
1145630 1905.4
1145640 1897.0
1145650 1885.9
1145660 1885.9
1145670 1875.9
1145680 1865.5
1145690 1865.5
1145700 1855.1
1145710 1844.9
1145720 1844.9
1145730 1836.0
1145740 1828.6
1145750 1828.6
1145760 1822.0
1145770 1816.5
1145780 1816.5
1145790 1808.0
1145800 1803.7
1145810 1803.7
1145820 1799.5
1145830 1795.0
1145840 1795.0
1145850 1790.4
1145860 1785.7
1145870 1781.0
1145880 1781.0
1145890 1776.3
1145900 1771.7
1145910 1771.7
1145920 1766.9
1145930 1762.1
1145940 1762.1
1145950 1757.5
1145960 1753.3
1145970 1753.3
1145980 1749.4
1145990 1745.3
1146000 1745.3
1146010 1741.1
1146020 1737.2
1146030 1737.2
1146040 1733.5
1146050 1729.9
1146060 1729.9
1146070 1726.9
1146080 1723.9
1146090 1721.2
1146100 1721.2
1146110 1718.9
1146120 1716.7
1146130 1716.7
1146140 1715.0
1146150 1712.7
1146160 1710.5
1146170 1705.7
1146180 1701.4
1146190 1701.4
1146200 1697.7
1146210 1695.7
1146220 1695.7
1146230 1694.6
1146240 1693.8
1146250 1693.8
1146260 1694.9
1146270 1695.4
1146280 1695.5
1146290 1695.5
1146300 1695.6
1146310 1695.3
1146320 1695.3
1146330 1695.4
1146340 1696.3
1146350 1696.3
1146360 1697.3
1146370 1699.0
1146380 1699.0
1146390 1702.0
1146400 1704.1
1146410 1704.1
1146420 1705.3
1146430 1706.9
1146440 1706.9
1146450 1710.0
1146460 1712.4
1146470 1712.4
1146480 1714.5
1146490 1716.4
1146500 1718.5
1146510 1718.5
1146520 1720.4
1146530 1721.2
1146540 1724.5
1146550 1727.5
1146560 1735.3
1146570 1735.3
1146580 1743.7
1146590 1752.4
1146600 1752.4
1146610 1760.6
1146620 1767.1
1146630 1767.1
1146640 1775.0
1146650 1783.5
1146660 1783.5
1146670 1791.3
1146680 1798.1
1146690 1798.1
1146700 1805.3
1146710 1811.9
1146720 1817.7
1146730 1817.7
1146740 1824.7
1146750 1831.2
1146760 1831.2
1146770 1838.0
1146780 1845.8
1146790 1845.8
1146800 1853.1
1146810 1860.8
1146820 1860.8
1146830 1869.1
1146840 1876.3
1146850 1876.3
1146860 1882.6
1146870 1886.9
1146880 1886.9
1146890 1890.3
1146900 1895.4
1146910 1906.2
1146920 1906.2
1146930 1912.3
1146940 1919.5
1146950 1919.5
1146960 1926.7
1146970 1934.1
1146980 1934.1
1146990 1941.3
1147000 1948.2
1147010 1948.2
1147020 1954.8
1147030 1961.4
1147040 1961.4
1147050 1968.4
1147060 1975.6
1147070 1975.6
1147080 1982.8
1147090 1990.7
1147100 1990.7
1147110 1999.6
1147120 2009.1
1147130 2016.5
1147140 2016.5
1147150 2022.9
1147160 2029.9
1147170 2029.9
1147180 2035.9
1147190 2042.7
1147200 2042.7
1147210 2050.1
1147220 2057.1
1147230 2057.1
1147240 2064.0
1147250 2068.8
1147260 2068.8
1147270 2072.0
1147280 2074.4
1147290 2076.0
1147300 2080.0
1147310 2084.9
1147320 2089.9
1147330 2089.9
1147340 2094.9
1147350 2098.5
1147360 2098.5
1147370 2101.5
1147380 2103.3
1147390 2103.3
1147400 2105.4
1147410 2108.9
1147420 2108.9
1147430 2113.8
1147440 2119.2
1147450 2119.2
1147460 2124.8
1147470 2130.3
1147480 2130.3
1147490 2135.4
1147500 2139.8
1147510 2139.8
1147520 2144.4
1147530 2148.8
1147540 2153.6
1147550 2153.6
1147560 2158.5
1147570 2162.9
1147580 2162.9
1147590 2166.6
1147600 2169.7
1147610 2169.7
1147620 2172.1
1147630 2174.7
1147640 2174.7
1147650 2177.3
1147660 2183.5
1147670 2183.5
1147680 2186.6
1147690 2190.6
1147700 2190.6
1147710 2195.6
1147720 2200.5
1147730 2200.5
1147740 2204.2
1147750 2209.1
1147760 2211.6
1147770 2211.6
1147780 2214.1
1147790 2219.1
1147800 2219.1
1147810 2225.2
1147820 2231.5
1147830 2231.5
1147840 2237.3
1147850 2242.1
1147860 2242.1
1147870 2246.6
1147880 2249.1
1147890 2249.1
1147900 2251.8
1147910 2255.3
1147920 2255.3
1147930 2256.4
1147940 2256.4
1147950 2255.7
1147960 2255.7
1147970 2255.2
1147980 2256.4
1147990 2256.4
1148000 2258.9
1148010 2262.1
1148020 2262.1
1148030 2266.0
1148040 2265.8
1148050 2265.8
1148060 2270.1
1148070 2273.2
1148080 2273.2
1148090 2275.2
1148100 2278.0
1148110 2278.0
1148120 2280.3
1148130 2281.0
1148140 2281.0
1148150 2281.7
1148160 2282.4
1148170 2284.1
1148180 2284.1
1148190 2286.5
1148200 2289.3
1148210 2289.3
1148220 2292.0
1148230 2294.3
1148240 2294.3
1148250 2297.3
1148260 2300.1
1148270 2300.1
1148280 2302.8
1148290 2306.6
1148300 2306.6
1148310 2310.7
1148320 2313.7
1148330 2313.7
1148340 2316.0
1148350 2320.2
1148360 2325.9
1148370 2325.9
1148380 2329.2
1148390 2333.2
1148400 2333.2
1148410 2328.6
1148420 2329.8
1148430 2329.8
1148440 2333.2
1148450 2336.0
1148460 2336.0
1148470 2338.8
1148480 2341.5
1148490 2341.5
1148500 2344.4
1148510 2347.3
1148520 2347.3
1148530 2351.1
1148540 2355.0
1148550 2355.0
1148560 2358.2
1148570 2360.2
1148580 2362.3
1148590 2362.3
1148600 2364.5
1148610 2366.8
1148620 2366.8
1148630 2369.1
1148640 2370.5
1148650 2370.5
1148660 2370.9
1148670 2370.8
1148680 2370.8
1148690 2370.0
1148700 2369.6
1148710 2369.6
1148720 2369.6
1148730 2369.6
1148740 2369.6
1148750 2369.6
1148760 2369.1
1148770 2369.1
1148780 2367.6
1148790 2363.7
1148800 2364.9
1148810 2364.9
1148820 2366.3
1148830 2366.4
1148840 2366.4
1148850 2368.1
1148860 2370.9
1148870 2370.9
1148880 2372.7
1148890 2373.6
1148900 2373.6
1148910 2374.7
1148920 2376.9
1148930 2376.9
1148940 2377.8
1148950 2378.9
1148960 2378.9
1148970 2380.2
1148980 2381.8
1148990 2381.6
1149000 2381.6
1149010 2380.6
1149020 2379.6
1149030 2379.6
1149040 2378.9
1149050 2379.6
1149060 2379.6
1149070 2381.0
1149080 2382.7
1149090 2382.7
1149100 2384.8
1149110 2386.8
1149120 2386.8
1149130 2388.8
1149140 2390.8
1149150 2390.8
1149160 2392.9
1149170 2395.4
1149180 2395.4
1149190 2398.3
1149200 2400.9
1149210 2403.0
1149220 2403.0
1149230 2405.1
1149240 2406.9
1149250 2406.9
1149260 2407.8
1149270 2407.8
1149280 2407.8
1149290 2407.1
1149300 2407.6
1149310 2407.6
1149320 2409.2
1149330 2411.0
1149340 2411.0
1149350 2413.1
1149360 2414.9
1149370 2414.9
1149380 2416.3
1149390 2417.3
1149400 2418.1
1149410 2418.1
1149420 2418.5
1149430 2418.9
1149440 2418.9
1149450 2419.4
1149460 2419.7
1149470 2419.7
1149480 2419.9
1149490 2420.0
1149500 2420.0
1149510 2420.2
1149520 2420.5
1149530 2420.5
1149540 2420.7
1149550 2419.1
1149560 2419.1
1149570 2418.6
1149580 2418.5
1149590 2418.5
1149600 2418.8
1149610 2419.2
1149620 2419.5
1149630 2419.5
1149640 2420.2
1149650 2421.5
1149660 2421.5
1149670 2424.2
1149680 2427.5
1149690 2427.5
1149700 2430.9
1149710 2434.2
1149720 2434.2
1149730 2437.3
1149740 2439.6
1149750 2439.6
1149760 2441.6
1149770 2444.5
1149780 2444.5
1149790 2450.9
1149800 2457.2
1149810 2457.2
1149820 2461.2
1149830 2464.8
1149840 2467.7
1149850 2467.7
1149860 2470.1
1149870 2472.3
1149880 2472.3
1149890 2473.0
1149900 2475.1
1149910 2475.1
1149920 2476.7
1149930 2477.5
1149940 2477.5
1149950 2479.3
1149960 2484.0
1149970 2484.0
1149980 2490.3
1149990 2494.9
1150000 2494.9
1150010 2496.9
1150020 2498.2
1150030 2498.8
1150040 2498.8
1150050 2500.6
1150060 2501.7
1150070 2501.7
1150080 2502.1
1150090 2502.1
1150100 2502.1
1150110 2502.7
1150120 2505.0
1150130 2505.0
1150140 2506.5
1150150 2507.3
1150160 2507.3
1150170 2507.4
1150180 2507.9
1150190 2507.9
1150200 2508.0
1150210 2508.5
1150220 2508.5
1150230 2509.1
1150240 2508.5
1150250 2509.8
1150260 2509.8
1150270 2511.3
1150280 2513.4
1150290 2513.4
1150300 2516.5
1150310 2519.7
1150320 2519.7
1150330 2521.3
1150340 2522.8
1150350 2522.8
1150360 2524.9
1150370 2528.7
1150380 2528.7
1150390 2531.6
1150400 2533.6
1150410 2533.6
1150420 2534.7
1150430 2535.6
1150440 2538.7
1150450 2538.7
1150460 2544.9
1150470 2550.6
1150480 2550.6
1150490 2554.6
1150500 2558.8
1150510 2558.8
1150520 2561.3
1150530 2561.7
1150540 2561.7
1150550 2561.2
1150560 2561.0
1150570 2561.0
1150580 2562.8
1150590 2565.9
1150600 2565.9
1150610 2569.6
1150620 2574.2
1150630 2574.2
1150640 2579.5
1150650 2584.8
1150660 2589.4
1150670 2589.4
1150680 2593.1
1150690 2599.2
1150700 2599.2
1150710 2606.6
1150720 2614.3
1150730 2614.3
1150740 2620.1
1150750 2620.4
1150760 2620.4
1150770 2619.4
1150780 2619.6
1150790 2619.6
1150800 2618.9
1150810 2618.8
1150820 2618.8
1150830 2618.8
1150840 2622.3
1150850 2622.3
1150860 2622.3
1150870 2624.0
1150880 2625.1
1150890 2625.1
1150900 2625.7
1150910 2627.8
1150920 2627.8
1150930 2630.2
1150940 2631.3
1150950 2631.3
1150960 2631.5
1150970 2631.9
1150980 2631.9
1150990 2634.0
1151000 2636.0
1151010 2636.0
1151020 2636.1
1151030 2634.8
1151040 2634.8
1151050 2632.2
1151060 2635.2
1151070 2636.0
1151080 2636.0
1151090 2635.1
1151100 2633.2
1151110 2633.2
1151120 2628.6
1151130 2628.6
1151140 2628.6
1151150 2631.2
1151160 2634.8
1151170 2634.8
1151180 2636.1
1151190 2636.3
1151200 2636.3
1151210 2638.9
1151220 2642.0
1151230 2642.0
1151240 2646.1
1151250 2649.3
1151260 2649.3
1151270 2651.5
1151280 2655.7
1151290 2661.5
1151300 2661.5
1151310 2668.4
1151320 2673.9
1151330 2673.9
1151340 2679.1
1151350 2684.7
1151360 2684.7
1151370 2686.6
1151380 2687.3
1151390 2687.3
1151400 2688.0
1151410 2687.3
1151420 2687.3
1151430 2690.0
1151440 2701.5
1151450 2701.5
1151460 2705.8
1151470 2710.7
1151480 2717.2
1151490 2717.2
1151500 2723.4
1151510 2728.9
1151520 2728.9
1151530 2735.7
1151540 2739.9
1151550 2739.9
1151560 2745.7
1151570 2753.8
1151580 2753.8
1151590 2758.8
1151600 2762.2
1151610 2762.2
1151620 2765.4
1151630 2769.2
1151640 2769.2
1151650 2773.9
1151660 2777.1
1151670 2777.1
1151680 2771.6
1151690 2753.3
1151700 2741.3
1151710 2741.3
1151720 2735.7
1151730 2729.7
1151740 2729.7
1151750 2723.5
1151760 2718.5
1151770 2718.5
1151780 2716.5
1151790 2715.9
1151800 2715.9
1151810 2714.6
1151820 2709.4
1151830 2709.4
1151840 2709.4
1151850 2709.8
1151860 2709.8
1151870 2710.9
1151880 2711.0
1151890 2711.0
1151900 2711.1
1151910 2710.1
1151920 2707.6
1151930 2707.6
1151940 2704.7
1151950 2701.2
1151960 2701.2
1151970 2697.0
1151980 2691.0
1151990 2691.0
1152000 2684.5
1152010 2677.3
1152020 2677.3
1152030 2668.2
1152040 2658.6
1152050 2658.6
1152060 2650.5
1152070 2644.4
1152080 2644.4
1152090 2639.1
1152100 2633.7
1152110 2628.8
1152120 2628.8
1152130 2623.7
1152140 2618.8
1152150 2618.8
1152160 2615.3
1152170 2614.0
1152180 2614.0
1152190 2613.8
1152200 2617.0
1152210 2617.0
1152220 2615.0
1152230 2612.1
1152240 2612.1
1152250 2608.8
1152260 2606.0
1152270 2606.0
1152280 2602.8
1152290 2598.6
1152300 2598.6
1152310 2598.2
1152320 2597.9
1152330 2595.0
1152340 2595.0
1152350 2592.6
1152360 2591.9
1152370 2591.9
1152380 2590.1
1152390 2588.7
1152400 2588.7
1152410 2590.1
1152420 2591.1
1152430 2591.1
1152440 2590.9
1152450 2587.6
1152460 2587.6
1152470 2585.2
1152480 2585.6
1152490 2585.6
1152500 2588.8
1152510 2589.5
1152520 2587.7
1152530 2587.7
1152540 2583.9
1152550 2579.6
1152560 2579.6
1152570 2576.3
1152580 2568.8
1152590 2568.8
1152600 2566.4
1152610 2563.9
1152620 2563.9
1152630 2561.4
1152640 2559.0
1152650 2559.0
1152660 2556.8
1152670 2554.8
1152680 2554.8
1152690 2552.6
1152700 2551.1
1152710 2551.1
1152720 2549.7
1152730 2547.9
1152740 2546.2
1152750 2546.2
1152760 2544.3
1152770 2542.0
1152780 2542.0
1152790 2540.1
1152800 2538.8
1152810 2538.8
1152820 2537.6
1152830 2535.7
1152840 2535.7
1152850 2534.6
1152860 2534.3
1152870 2534.3
1152880 2534.2
1152890 2534.1
1152900 2534.1
1152910 2534.1
1152920 2534.0
1152930 2534.0
1152940 2534.0
1152950 2534.0
1152960 2534.3
1152970 2534.3
1152980 2534.2
1152990 2533.8
1153000 2533.8
1153010 2533.0
1153020 2532.5
1153030 2532.5
1153040 2532.2
1153050 2531.9
1153060 2531.9
1153070 2531.1
1153080 2530.3
1153090 2530.3
1153100 2529.9
1153110 2529.9
1153120 2529.9
1153130 2529.9
1153140 2529.9
1153150 2529.9
1153160 2529.9
1153170 2529.9
1153180 2529.9
1153190 2529.9
1153200 2530.2
1153210 2530.7
1153220 2530.7
1153230 2531.2
1153240 2532.4
1153250 2532.4
1153260 2533.4
1153270 2533.9
1153280 2533.9
1153290 2534.1
1153300 2533.9
1153310 2533.9
1153320 2533.9
1153330 2534.1
1153340 2534.1
1153350 2535.0
1153360 2535.8
1153370 2536.5
1153380 2536.5
1153390 2537.2
1153400 2538.2
1153410 2538.2
1153420 2538.6
1153430 2537.6
1153440 2537.6
1153450 2535.0
1153460 2530.4
1153470 2530.4
1153480 2525.1
1153490 2519.9
1153500 2519.9
1153510 2516.1
1153520 2513.6
1153530 2513.6
1153540 2510.7
1153550 2507.6
1153560 2504.8
1153570 2504.8
1153580 2502.2
1153590 2499.8
1153600 2499.8
1153610 2497.4
1153620 2495.2
1153630 2495.2
1153640 2493.6
1153650 2491.4
1153660 2491.4
1153670 2488.3
1153680 2486.1
1153690 2486.1
1153700 2484.4
1153710 2483.1
1153720 2483.1
1153730 2476.1
1153740 2471.5
1153750 2471.5
1153760 2467.3
1153770 2463.3
1153780 2459.6
1153790 2459.6
1153800 2456.7
1153810 2454.1
1153820 2454.1
1153830 2452.1
1153840 2451.2
1153850 2451.2
1153860 2450.6
1153870 2450.0
1153880 2450.0
1153890 2449.6
1153900 2449.8
1153910 2449.8
1153920 2450.7
1153930 2449.7
1153940 2449.7
1153950 2448.8
1153960 2448.7
1153970 2448.7
1153980 2448.8
1153990 2450.8
1154000 2451.6
1154010 2451.6
1154020 2451.5
1154030 2452.7
1154040 2452.7
1154050 2453.6
1154060 2453.1
1154070 2453.1
1154080 2452.6
1154090 2452.7
1154100 2452.7
1154110 2453.7
1154120 2455.4
1154130 2455.4
1154140 2456.7
1154150 2457.3
1154160 2457.3
1154170 2459.0
1154180 2458.4
1154190 2456.7
1154200 2456.7
1154210 2455.6
1154220 2454.6
1154230 2454.6
1154240 2453.9
1154250 2453.9
1154260 2453.9
1154270 2454.0
1154280 2454.2
1154290 2454.2
1154300 2454.0
1154310 2453.6
1154320 2453.6
1154330 2453.0
1154340 2452.7
1154350 2452.7
1154360 2452.8
1154370 2453.6
1154380 2453.6
1154390 2456.0
1154400 2459.1
1154410 2460.8
1154420 2460.8
1154430 2463.0
1154440 2465.4
1154450 2465.4
1154460 2467.0
1154470 2468.0
1154480 2468.0
1154490 2469.2
1154500 2470.8
1154510 2470.8
1154520 2473.5
1154530 2475.3
1154540 2475.3
1154550 2476.2
1154560 2477.5
1154570 2477.5
1154580 2478.0
1154590 2477.5
1154600 2476.0
1154610 2476.0
1154620 2475.4
1154630 2475.2
1154640 2475.2
1154650 2475.7
1154660 2475.4
1154670 2475.4
1154680 2476.9
1154690 2479.3
1154700 2479.3
1154710 2481.0
1154720 2483.6
1154730 2483.6
1154740 2487.0
1154750 2490.2
1154760 2490.2
1154770 2493.4
1154780 2497.9
1154790 2497.9
1154800 2502.1
1154810 2505.2
1154820 2508.1
1154830 2508.1
1154840 2511.6
1154850 2514.9
1154860 2514.9
1154870 2518.2
1154880 2518.4
1154890 2518.4
1154900 2520.9
1154910 2523.0
1154920 2523.0
1154930 2525.3
1154940 2528.0
1154950 2528.0
1154960 2530.6
1154970 2532.4
1154980 2532.4
1154990 2535.3
1155000 2541.1
1155010 2541.1
1155020 2547.6
1155030 2554.1
1155040 2560.0
1155050 2560.0
1155060 2564.1
1155070 2567.3
1155080 2567.3
1155090 2569.0
1155100 2571.0
1155110 2571.0
1155120 2574.1
1155130 2577.3
1155140 2577.3
1155150 2579.8
1155160 2580.7
1155170 2580.7
1155180 2578.5
1155190 2576.0
1155200 2576.0
1155210 2573.0
1155220 2571.0
1155230 2568.6
1155240 2568.6
1155250 2567.0
1155260 2560.2
1155270 2560.2
1155280 2560.3
1155290 2559.8
1155300 2559.8
1155310 2558.0
1155320 2556.1
1155330 2556.1
1155340 2552.3
1155350 2548.6
1155360 2548.6
1155370 2542.3
1155380 2520.4
1155390 2520.4
1155400 2489.6
1155410 2476.9
1155420 2476.9
1155430 2468.9
1155440 2461.9
1155450 2454.6
1155460 2454.6
1155470 2448.2
1155480 2443.4
1155490 2443.4
1155500 2439.6
1155510 2436.7
1155520 2436.7
1155530 2435.7
1155540 2435.6
1155550 2435.6
1155560 2435.6
1155570 2435.0
1155580 2435.0
1155590 2434.2
1155600 2433.9
1155610 2433.9
1155620 2433.7
1155630 2432.8
1155640 2431.0
1155650 2431.8
1155660 2430.4
1155670 2429.5
1155680 2429.5
1155690 2429.4
1155700 2430.7
1155710 2430.7
1156980 2477.6
1156990 2480.8
1157000 2480.8
1157010 2484.7
1157020 2489.0
1157030 2489.0
1157040 2493.4
1157050 2497.2
1157060 2497.2
1157070 2500.4
1157080 2503.2
1157090 2503.2
1157100 2506.1
1157110 2509.6
1157120 2512.5
1157130 2512.5
1157140 2516.3
1157150 2521.0
1157160 2521.0
1157170 2525.3
1157180 2529.6
1157190 2528.7
1157200 2533.1
1157210 2537.2
1157220 2537.2
1157230 2541.3
1157240 2545.3
1157250 2545.3
1157260 2549.1
1157270 2553.2
1157280 2553.2
1157290 2557.3
1157300 2560.7
1157310 2561.2
1157320 2561.2
1157330 2557.1
1157340 2553.9
1157350 2553.9
1157360 2553.4
1157370 2553.3
1157380 2553.3
1157390 2555.0
1157400 2557.5
1157410 2557.5
1157420 2560.0
1157430 2562.0
1157440 2562.0
1157450 2563.5
1157460 2564.9
1157470 2564.9
1157480 2566.6
1157490 2568.3
1157500 2568.3
1157510 2569.5
1157520 2570.9
1157530 2571.9
1157540 2571.9
1157550 2573.1
1157560 2574.4
1157570 2574.4
1157580 2585.4
1157590 2588.7
1157600 2588.7
1157610 2594.6
1157620 2597.2
1157630 2597.2
1157640 2599.3
1157650 2600.1
1157660 2600.1
1157670 2600.5
1157680 2601.2
1157690 2601.2
1157700 2603.2
1157710 2605.4
1157720 2607.1
1157730 2607.1
1157740 2608.9
1157750 2610.6
1157760 2610.6
1157770 2609.3
1157780 2605.7
1157790 2605.7
1157800 2605.6
1157810 2603.9
1157820 2603.9
1157830 2595.5
1157840 2588.0
1157850 2588.0
1157860 2579.6
1157870 2571.6
1157880 2571.6
1157890 2564.0
1157900 2555.4
1157910 2555.4
1157920 2546.8
1157930 2538.9
1157940 2533.7
1157950 2533.7
1157960 2527.9
1157970 2516.1
1157980 2516.1
1157990 2508.5
1158000 2501.8
1158010 2501.8
1158020 2496.4
1158030 2490.2
1158040 2490.2
1158050 2482.6
1158060 2472.9
1158070 2472.9
1158080 2460.1
1158090 2450.0
1158100 2450.0
1158110 2442.1
1158120 2434.4
1158130 2428.1
1158140 2428.1
1158150 2422.3
1158160 2415.5
1158170 2415.5
1158180 2405.2
1158190 2394.4
1158200 2394.4
1158210 2385.0
1158220 2376.7
1158230 2376.7
1158240 2368.7
1158250 2361.6
1158260 2361.6
1158270 2354.6
1158280 2346.5
1158290 2346.5
1158300 2338.7
1158310 2331.1
1158320 2331.1
1158330 2323.5
1158340 2318.0
1158350 2318.9
1158360 2318.9
1158370 2313.4
1158380 2307.9
1158390 2307.9
1158400 2302.8
1158410 2297.8
1158420 2297.8
1158430 2293.0
1158440 2287.9
1158450 2287.9
1158460 2282.9
1158470 2277.4
1158480 2277.4
1158490 2271.2
1158500 2265.1
1158510 2265.1
1158520 2260.3
1158530 2256.7
1158540 2256.7
1158550 2251.9
1158560 2246.6
1158570 2241.0
1158580 2241.0
1158590 2235.5
1158600 2230.3
1158610 2230.3
1158620 2224.6
1158630 2218.7
1158640 2218.7
1158650 2212.7
1158660 2206.5
1158670 2206.5
1158680 2201.5
1158690 2197.0
1158700 2197.0
1158710 2191.9
1158720 2186.0
1158730 2186.0
1158740 2177.9
1158750 2168.8
1158760 2160.7
1158770 2160.7
1158780 2151.6
1158790 2141.1
1158800 2141.1
1158810 2126.2
1158820 2113.8
1158830 2113.8
1158840 2103.6
1158850 2096.4
1158860 2096.4
1158870 2093.4
1158880 2096.3
1158890 2096.3
1158900 2101.8
1158910 2108.6
1158920 2108.6
1158930 2111.3
1158940 2111.4
1158950 2111.4
1158960 2110.4
1158970 2108.8
1158980 2106.6
1158990 2106.6
1159000 2104.4
1159010 2103.4
1159020 2103.4
1159030 2102.7
1159040 2101.7
1159050 2101.7
1159060 2100.6
1159070 2099.1
1159080 2099.1
1159090 2097.9
1159100 2096.6
1159110 2096.6
1159120 2094.9
1159130 2087.4
1159140 2087.4
1159150 2086.1
1159160 2084.2
1159170 2081.9
1159180 2081.9
1159190 2080.7
1159200 2080.0
1159210 2080.0
1159220 2079.0
1159230 2078.0
1159240 2078.0
1159250 2076.4
1159260 2074.7
1159270 2074.7
1159280 2073.1
1159290 2072.1
1159300 2072.1
1159310 2072.4
1159320 2074.0
1159330 2074.0
1159340 2075.5
1159350 2076.7
1159360 2076.7
1159370 2077.1
1159380 2079.0
1159390 2079.8
1159400 2079.8
1159410 2079.8
1159420 2079.8
1159430 2079.8
1159440 2079.8
1159450 2079.1
1159460 2079.1
1159470 2078.1
1159480 2077.2
1159490 2077.2
1159500 2076.3
1159510 2075.2
1159520 2071.3
1159530 2070.0
1159540 2068.7
1159550 2068.7
1159560 2068.2
1159570 2068.8
1159580 2068.8
1159590 2069.8
1159600 2070.3
1159610 2070.5
1159620 2070.5
1159630 2071.5
1159640 2073.2
1159650 2073.2
1159660 2075.3
1159670 2077.7
1159680 2077.7
1159690 2080.2
1159700 2082.9
1159710 2082.9
1159720 2086.0
1159730 2088.7
1159740 2088.7
1159750 2090.9
1159760 2092.9
1159770 2092.9
1159780 2094.7
1159790 2095.9
1159800 2095.5
1159810 2095.5
1159820 2099.6
1159830 2103.6
1159840 2103.6
1159850 2108.0
1159860 2111.5
1159870 2111.5
1159880 2112.5
1159890 2112.4
1159900 2112.4
1159910 2106.7
1159920 2104.1
1159930 2104.1
1159940 2102.8
1159950 2102.1
1159960 2102.1
1159970 2101.6
1159980 2101.3
1159990 2101.3
