1140000 1451.8
1140010 1451.8
1140020 1452.2
1140030 1453.0
1140040 1453.0
1140050 1453.8
1140060 1457.4
1140070 1457.4
1140080 1457.6
1140090 1457.6
1140100 1457.6
1140110 1457.4
1140120 1457.3
1140130 1457.3
1140140 1457.1
1140150 1457.5
1140160 1457.5
1140170 1458.3
1140180 1459.7
1140190 1461.3
1140200 1461.3
1140210 1462.3
1140220 1462.9
1140230 1462.9
1140240 1463.7
1140250 1464.6
1140260 1464.6
1140270 1465.3
1140280 1466.0
1140290 1466.0
1140300 1466.8
1140310 1467.6
1140320 1467.6
1140330 1467.7
1140340 1467.0
1140350 1467.0
1140360 1469.1
1140370 1471.3
1140380 1471.9
1140390 1471.9
1140400 1473.0
1140410 1474.5
1140420 1474.5
1140430 1478.8
1140440 1481.0
1140450 1481.0
1140460 1481.7
1140470 1482.8
1140480 1482.8
1140490 1484.5
1140500 1486.9
1140510 1486.9
1140520 1488.0
1140530 1488.6
1140540 1488.6
1140550 1490.1
1140560 1491.4
1140570 1491.4
1140580 1493.4
1140590 1495.7
1140600 1498.8
1140610 1498.8
1140620 1501.3
1140630 1503.6
1140640 1503.6
1140650 1506.5
1140660 1509.9
1140670 1509.9
1140680 1513.7
1140690 1517.5
1140700 1517.5
1140710 1520.0
1140720 1521.9
1140730 1521.9
1140740 1525.2
1140750 1529.8
1140760 1529.8
1140770 1533.6
1140780 1535.8
1140790 1537.4
1140800 1540.4
1140810 1541.8
1140820 1542.7
1140830 1542.7
1140840 1542.1
1140850 1540.2
1140860 1540.2
1140870 1542.6
1140880 1544.0
1140890 1544.0
1140900 1544.6
1140910 1545.9
1140920 1545.9
1140930 1547.3
1140940 1549.3
1140950 1549.3
1140960 1552.8
1140970 1555.9
1140980 1555.9
1140990 1558.8
1141000 1561.2
1141010 1562.9
1141020 1562.9
1141030 1563.4
1141040 1563.1
1141050 1563.1
1141060 1563.4
1141070 1563.9
1141080 1563.9
1141090 1564.2
1141100 1565.9
1141110 1565.9
1141120 1568.3
1141130 1570.4
1141140 1570.4
1141150 1573.3
1141160 1576.4
1141170 1579.6
1141180 1583.3
1141190 1585.9
1141200 1585.9
1141210 1587.0
1141220 1589.1
1141230 1590.5
1141240 1590.5
1141250 1590.1
1141260 1588.2
1141270 1588.2
1141280 1587.7
1141290 1589.5
1141300 1589.5
1141310 1593.5
1141320 1599.2
1141330 1599.2
1141340 1606.7
1141350 1612.9
1141360 1612.9
1141370 1616.7
1141380 1619.7
1141390 1619.7
1141400 1622.3
1141410 1624.7
1141420 1627.4
1141430 1627.4
1141440 1629.4
1141450 1630.8
1141460 1630.8
1141470 1633.0
1141480 1635.7
1141490 1635.7
1141500 1638.6
1141510 1641.3
1141520 1641.3
1141530 1643.9
1141540 1649.8
1141550 1649.8
1141560 1653.2
1141570 1657.1
1141580 1657.1
1141590 1660.4
1141600 1662.7
1141610 1662.7
1141620 1665.2
1141630 1667.9
1141640 1670.6
1141650 1670.6
1141660 1673.5
1141670 1677.7
1141680 1677.7
1141690 1682.7
1141700 1685.4
1141710 1685.4
1141720 1686.8
1141730 1689.8
1141740 1689.8
1141750 1693.6
1141760 1698.0
1141770 1698.0
1141780 1702.1
1141790 1700.5
1141800 1700.5
1141810 1696.3
1141820 1695.5
1141830 1697.6
1141840 1697.6
1141850 1699.0
1141860 1699.5
1141870 1699.5
1141880 1701.3
1141890 1704.5
1141900 1704.5
1141910 1711.6
1141920 1715.4
1141930 1715.4
1141940 1721.6
1141950 1727.9
1141960 1727.9
1141970 1733.2
1141980 1740.0
1141990 1740.0
1142000 1745.4
1142010 1751.2
1142020 1751.2
1142030 1758.2
1142040 1765.8
1142050 1773.1
1142060 1773.1
1142070 1780.3
1142080 1787.7
1142090 1787.7
1142100 1795.1
1142110 1802.3
1142120 1802.3
1142130 1809.1
1142140 1815.7
1142150 1815.7
1142160 1822.2
1142170 1828.7
1142180 1828.7
1142190 1835.1
1142200 1841.0
1142210 1841.0
1142220 1845.8
1142230 1851.7
1142240 1851.7
1142250 1858.2
1142260 1864.3
1142270 1869.1
1142280 1876.5
1142290 1881.3
1142300 1888.1
1142310 1888.1
1142320 1895.3
1142330 1902.8
1142340 1902.8
1142350 1910.0
1142360 1913.6
1142370 1913.6
1142380 1913.7
1142390 1912.2
1142400 1912.2
1142410 1913.7
1142420 1911.7
1142430 1911.7
1142440 1905.9
1142450 1895.2
1142460 1885.4
1142470 1885.4
1142480 1877.0
1142490 1871.3
1142500 1871.3
1142510 1879.3
1142520 1889.4
1142530 1889.4
1142540 1892.6
1142550 1890.4
1142560 1890.4
1142570 1890.5
1142580 1892.3
1142590 1892.3
1142600 1895.6
1142610 1899.9
1142620 1899.9
1142630 1904.4
1142640 1908.6
1142650 1909.8
1142660 1913.9
1142670 1917.6
1142680 1922.1
1142690 1922.1
1142700 1928.6
1142710 1935.6
1142720 1935.6
1142730 1945.0
1142740 1955.7
1142750 1955.7
1142760 1966.5
1142770 1978.8
1142780 1978.8
1142790 1987.6
1142800 1993.4
1142810 1993.4
1142820 1999.9
1142830 2007.9
1142840 2007.9
1142850 2016.2
1142860 2025.4
1142870 2033.6
1142880 2033.6
1142890 2040.0
1142900 2048.4
1142910 2048.4
1142920 2059.1
1142930 2067.5
1142940 2067.5
1142950 2072.8
1142960 2077.7
1142970 2077.7
1142980 2083.7
1142990 2089.8
1143000 2089.8
1143010 2096.8
1143020 2102.9
1143030 2102.9
1143040 2107.2
1143050 2111.3
1143060 2111.3
1143070 2115.3
1143080 2119.5
1143090 2123.8
1143100 2123.8
1143110 2127.9
1143120 2132.1
1143130 2132.1
1143140 2136.4
1143150 2141.4
1143160 2141.4
1143170 2146.5
1143180 2151.5
1143190 2151.5
1143200 2156.4
1143210 2161.2
1143220 2161.2
1143230 2165.6
1143240 2169.9
1143250 2169.9
1143260 2174.4
1143270 2180.0
1143280 2180.0
1143290 2186.1
1143300 2192.0
1143310 2197.3
1143320 2197.3
1143330 2202.9
1143340 2208.1
1143350 2208.1
1143360 2212.8
1143370 2217.5
1143380 2217.5
1143390 2226.6
1143400 2231.6
1143410 2231.6
1143420 2237.3
1143430 2243.0
1143440 2243.0
1143450 2248.5
1143460 2253.8
1143470 2253.8
1143480 2258.9
1143490 2263.2
1143500 2268.5
1143510 2268.5
1143520 2274.4
1143530 2280.5
1143540 2280.5
1143550 2284.9
1143560 2287.8
1143570 2287.8
1143580 2289.6
1143590 2292.7
1143600 2292.7
1143610 2296.2
1143620 2299.2
1143630 2299.2
1143640 2301.3
1143650 2303.1
1143660 2303.1
1143670 2305.3
1143680 2308.1
1143690 2308.1
1143700 2309.8
1143710 2310.5
1143720 2311.0
1143730 2311.0
1143740 2311.4
1143750 2311.7
1143760 2319.2
1143770 2319.8
1143780 2319.8
1143790 2319.8
1143800 2320.9
1143810 2323.7
1143820 2323.7
1143830 2326.5
1143840 2330.3
1143850 2330.3
1143860 2336.4
1143870 2336.3
1143880 2336.3
1143890 2332.4
1143900 2333.1
1143910 2335.0
1143920 2335.0
1143930 2337.8
1143940 2341.6
1143950 2341.6
1143960 2345.2
1143970 2349.9
1143980 2349.9
1143990 2354.9
1144000 2355.2
1144010 2355.2
1144020 2354.3
1144030 2354.0
1144040 2354.0
1144050 2353.6
1144060 2354.0
1144070 2354.0
1144080 2356.5
1144090 2359.7
1144100 2359.7
1144110 2364.1
1144120 2369.5
1144130 2382.2
1144140 2382.2
1144150 2388.1
1144160 2392.5
1144170 2392.5
1144180 2393.0
1144190 2390.2
1144200 2390.2
1144210 2385.1
1144220 2378.8
1144230 2378.8
1144240 2371.7
1144250 2365.3
1144260 2365.3
1144270 2360.4
1144280 2356.2
1144290 2356.2
1144300 2352.5
1144310 2349.3
1144320 2349.3
1144330 2345.5
1144340 2342.3
1144350 2339.2
1144360 2339.2
1144370 2335.8
1144380 2333.6
1144390 2333.6
1144400 2332.8
1144410 2332.3
1144420 2332.3
1144430 2330.1
1144440 2326.4
1144450 2326.4
1144460 2320.5
1144470 2313.5
1144480 2313.5
1144490 2309.5
1144500 2300.9
1144510 2300.9
1144520 2298.7
1144530 2296.6
1144540 2293.7
1144550 2293.7
1144560 2289.3
1144570 2284.5
1144580 2284.5
1144590 2278.6
1144600 2272.9
1144610 2272.9
1144620 2267.8
1144630 2262.6
1144640 2262.6
1144650 2257.7
1144660 2251.9
1144670 2251.9
1144680 2245.7
1144690 2239.9
1144700 2239.9
1144710 2234.4
1144720 2229.8
1144730 2229.8
1144740 2226.0
1144750 2221.8
1144760 2216.4
1144770 2216.4
1144780 2211.0
1144790 2205.3
1144800 2205.3
1144810 2200.4
1144820 2195.6
1144830 2195.6
1144840 2189.9
1144850 2183.3
1144860 2183.3
1144870 2178.4
1144880 2166.5
1144890 2166.5
1144900 2157.9
1144910 2149.4
1144920 2149.4
1144930 2140.3
1144940 2132.8
1144950 2132.8
1144960 2128.2
1144970 2122.3
1144980 2116.7
1144990 2116.7
1145000 2110.6
1145010 2104.0
1145020 2104.0
1145030 2097.8
1145040 2091.7
1145050 2091.7
1145060 2085.0
1145070 2079.4
1145080 2079.4
1145090 2075.1
1145100 2067.2
1145110 2067.2
1145120 2053.3
1145130 2040.2
1145140 2040.2
1145150 2037.0
1145160 2038.8
1145170 2038.1
1145180 2038.1
1145190 2034.3
1145200 2023.6
1145210 2023.6
1145220 2012.8
1145230 2009.9
1145240 2009.9
1145250 1997.7
1145260 1992.3
1145270 1992.3
1145280 1986.8
1145290 1981.8
1145300 1981.8
1145310 1976.8
1145320 1973.8
1145330 1973.8
1145340 1970.9
1145350 1967.0
1145360 1967.0
1145370 1962.3
1145380 1954.7
1145390 1945.0
1145400 1945.0
1145410 1937.0
1145420 1932.4
1145430 1932.4
1145440 1932.2
1145450 1934.2
1145460 1934.2
1145470 1929.8
1145480 1925.2
1145490 1925.2
1145500 1922.0
1145510 1918.2
1145520 1918.2
1145530 1914.5
1145540 1911.1
1145550 1911.1
1145560 1907.8
1145570 1903.7
1145580 1899.5
1145590 1899.5
1145600 1890.0
1145610 1883.9
1145620 1875.9
1145630 1869.0
1145640 1863.4
1145650 1863.4
1145660 1858.1
1145670 1851.8
1145680 1851.8
1145690 1843.2
1145700 1835.8
1145710 1835.8
1145720 1829.8
1145730 1823.5
1145740 1823.5
1145750 1815.3
1145760 1808.9
1145770 1808.9
1145780 1803.9
1145790 1798.9
1145800 1793.0
1145810 1793.0
1145820 1785.8
1145830 1779.8
1145840 1779.8
1145850 1773.8
1145860 1768.5
1145870 1768.5
1145880 1764.2
1145890 1761.1
1145900 1761.1
1145910 1758.2
1145920 1755.1
1145930 1755.1
1145940 1752.1
1145950 1748.8
1145960 1748.8
1145970 1745.5
1145980 1742.0
1145990 1742.0
1146000 1737.1
1146010 1733.4
1146020 1729.9
1146030 1729.9
1146040 1726.4
1146050 1723.4
1146060 1723.4
1146070 1720.9
1146080 1718.5
1146090 1718.5
1146100 1715.3
1146110 1711.4
1146120 1711.4
1146130 1707.3
1146140 1702.7
1146150 1702.7
1146160 1699.1
1146170 1698.9
1146180 1698.9
1146190 1698.5
1146200 1698.7
1146210 1699.8
1146220 1699.8
1146230 1699.9
1146240 1699.7
1146250 1699.7
1146260 1699.9
1146270 1700.5
1146280 1700.5
1146290 1700.7
1146300 1701.0
1146310 1701.0
1146320 1700.6
1146330 1700.2
1146340 1700.2
1146350 1702.5
1146360 1707.3
1146370 1709.0
1146380 1711.0
1146390 1713.1
1146400 1713.1
1146410 1715.5
1146420 1717.9
1146430 1720.5
1146440 1720.5
1146450 1723.4
1146460 1727.0
1146470 1727.0
1146480 1730.4
1146490 1734.4
1146500 1734.4
1146510 1739.0
1146520 1742.7
1146530 1742.7
1146540 1745.4
1146550 1748.7
1146560 1748.7
1146570 1755.1
1146580 1760.5
1146590 1760.5
1146600 1766.7
1146610 1774.9
1146620 1782.5
1146630 1782.5
1146640 1790.3
1146650 1798.2
1146660 1798.2
1146670 1805.5
1146680 1814.4
1146690 1814.4
1146700 1823.1
1146710 1838.6
1146720 1838.6
1146730 1853.8
1146740 1862.2
1146750 1862.2
1146760 1868.9
1146770 1874.6
1146780 1874.6
1146790 1879.5
1146800 1883.2
1146810 1883.2
1146820 1887.4
1146830 1894.0
1146840 1899.7
1146850 1899.7
1146860 1903.5
1146870 1908.3
1146880 1908.3
1146890 1913.7
1146900 1921.2
1146910 1921.2
1146920 1928.1
1146930 1936.5
1146940 1936.5
1146950 1945.5
1146960 1954.0
1146970 1954.0
1146980 1962.8
1146990 1970.7
1147000 1970.7
1147010 1977.1
1147020 1983.4
1147030 1983.4
1147040 1989.4
1147050 1994.9
1147060 2001.9
1147070 2001.9
1147080 2008.9
1147090 2015.3
1147100 2015.3
1147110 2022.1
1147120 2035.6
1147130 2035.6
1147140 2039.9
1147150 2045.3
1147160 2045.3
1147170 2051.3
1147180 2057.7
1147190 2057.7
1147200 2062.9
1147210 2067.5
1147220 2067.5
1147230 2071.4
1147240 2077.3
1147250 2083.3
1147260 2083.3
1147270 2089.9
1147280 2094.7
1147290 2094.7
1147300 2098.0
1147310 2100.9
1147320 2100.9
1147330 2104.0
1147340 2107.1
1147350 2107.1
1147360 2110.9
1147370 2114.8
1147380 2114.8
1147390 2118.4
1147400 2121.5
1147410 2121.5
1147420 2124.4
1147430 2127.7
1147440 2127.7
1147450 2131.9
1147460 2136.6
1147470 2142.4
1147480 2142.4
1147490 2151.6
1147500 2158.0
1147510 2158.0
1147520 2164.0
1147530 2169.3
1147540 2169.3
1147550 2173.3
1147560 2176.6
1147570 2176.6
1147580 2179.7
1147590 2183.3
1147600 2183.3
1147610 2187.4
1147620 2190.2
1147630 2190.2
1147640 2192.4
1147650 2194.5
1147660 2196.2
1147670 2196.2
1147680 2197.9
1147690 2199.8
1147700 2199.8
1147710 2202.8
1147720 2206.1
1147730 2206.1
1147740 2208.8
1147750 2211.4
1147760 2211.4
1147770 2214.4
1147780 2217.8
1147790 2217.8
1147800 2219.2
1147810 2220.3
1147820 2220.3
1147830 2221.4
1147840 2222.5
1147850 2222.5
1147860 2223.2
1147870 2222.8
1147880 2224.0
1147890 2224.0
1147900 2225.0
1147910 2225.9
1147920 2225.9
1147930 2227.0
1147940 2228.4
1147950 2228.4
1147960 2230.6
1147970 2233.1
1147980 2233.1
1147990 2236.3
1148000 2238.4
1148010 2238.4
1148020 2240.8
1148030 2243.5
1148040 2243.5
1148050 2248.8
1148060 2251.3
1148070 2251.3
1148080 2255.1
1148090 2258.4
1148100 2261.9
1148110 2261.9
1148120 2264.7
1148130 2268.1
1148140 2268.1
1148150 2271.9
1148160 2274.6
1148170 2274.6
1148180 2273.2
1148190 2271.2
1148200 2271.2
1148210 2272.1
1148220 2273.8
1148230 2273.8
1148240 2275.0
1148250 2273.8
1148260 2273.8
1148270 2275.1
1148280 2275.5
1148290 2276.0
1148300 2276.0
1148310 2277.7
1148320 2282.9
1148330 2282.9
1148340 2288.3
1148350 2292.1
1148360 2292.1
1148370 2295.8
1148380 2300.8
1148390 2300.8
1148400 2306.1
1148410 2310.7
1148420 2310.7
1148430 2313.0
1148440 2316.0
1148450 2316.0
1148460 2320.1
1148470 2323.0
1148480 2323.0
1148490 2325.1
1148500 2326.7
1148510 2328.5
1148520 2328.5
1148530 2329.3
1148540 2329.4
1148550 2329.4
1148560 2330.2
1148570 2332.5
1148580 2332.5
1148590 2335.4
1148600 2338.0
1148610 2338.0
1148620 2342.6
1148630 2346.2
1148640 2346.2
1148650 2345.1
1148660 2343.3
1148670 2343.3
1148680 2343.8
1148690 2347.9
1148700 2351.3
1148710 2351.3
1148720 2353.4
1148730 2355.2
1148740 2355.2
1148750 2356.0
1148760 2355.9
1148770 2355.9
1148780 2355.3
1148790 2355.1
1148800 2355.1
1148810 2356.5
1148820 2358.0
1148830 2358.0
1148840 2359.4
1148850 2360.5
1148860 2360.5
1148870 2360.9
1148880 2361.1
1148890 2361.1
1148900 2361.6
1148910 2362.4
1148920 2363.3
1148930 2363.3
1148940 2364.5
1148950 2366.0
1148960 2366.0
1148970 2367.7
1148980 2369.3
1148990 2369.3
1149000 2370.2
1149010 2372.0
1149020 2372.0
1149030 2373.8
1149040 2375.6
1149050 2375.6
1149060 2377.6
1149070 2379.2
1149080 2379.2
1149090 2379.8
1149100 2379.4
1149110 2379.4
1149120 2378.4
1149130 2376.7
1149140 2373.3
1149150 2373.3
1149160 2371.7
1149170 2371.8
1149180 2371.8
1149190 2372.9
1149200 2374.2
1149210 2374.2
1149220 2376.3
1149230 2378.9
1149240 2378.9
1149250 2381.9
1149260 2385.1
1149270 2385.1
1149280 2389.3
1149290 2393.7
1149300 2393.7
1149310 2398.2
1149320 2402.1
1149330 2404.8
1149340 2404.8
1149350 2407.3
1149360 2409.5
1149370 2409.5
1149380 2410.1
1149390 2411.1
1149400 2411.1
1149410 2412.2
1149420 2413.1
1149430 2413.1
1149440 2414.4
1149450 2415.7
1149460 2415.7
1149470 2416.4
1149480 2416.4
1149490 2416.4
1149500 2417.5
1149510 2418.7
1149520 2418.7
1149530 2419.3
1149540 2419.6
1149550 2419.8
1149560 2419.8
1149570 2419.1
1149580 2418.0
1149590 2418.0
1149600 2417.8
1149610 2418.9
1149620 2418.9
1149630 2421.2
1149640 2423.6
1149650 2423.6
1149660 2425.3
1149670 2426.0
1149680 2426.0
1149690 2426.6
1149700 2430.0
1149710 2430.0
1149720 2433.7
1149730 2439.8
1149740 2444.4
1149750 2444.4
1149760 2446.6
1149770 2447.3
1149780 2447.3
1149790 2447.9
1149800 2448.9
1149810 2448.9
1149820 2454.5
1149830 2462.8
1149840 2462.8
1149850 2469.6
1149860 2471.7
1149870 2471.7
1149880 2474.8
1149890 2480.6
1149900 2480.6
1149910 2484.8
1149920 2485.8
1149930 2485.8
1149940 2486.6
1149950 2488.2
1149960 2489.0
1149970 2489.0
1149980 2489.8
1149990 2492.1
1150000 2492.1
1150010 2493.6
1150020 2494.2
1150030 2494.2
1150040 2496.4
1150050 2499.0
1150060 2499.0
1150070 2500.8
1150080 2501.8
1150090 2501.8
1150100 2502.2
1150110 2502.3
1150120 2502.3
1150130 2501.6
1150140 2501.0
1150150 2501.0
1150160 2502.2
1150170 2504.1
1150180 2505.7
1150190 2505.7
1150200 2506.8
1150210 2507.3
1150220 2507.3
1150230 2507.4
1150240 2506.9
1150250 2506.9
1150260 2506.8
1150270 2510.1
1150280 2510.1
1150290 2514.1
1150300 2515.1
1150310 2515.1
1150320 2517.6
1150330 2522.7
1150340 2522.7
1150350 2526.9
1150360 2531.7
1150370 2537.4
1150380 2537.4
1150390 2542.9
1150400 2548.0
1150410 2548.0
1150420 2551.8
1150430 2555.5
1150440 2555.5
1150450 2557.6
1150460 2558.5
1150470 2558.5
1150480 2558.5
1150490 2558.2
1150500 2558.2
1150510 2563.4
1150520 2564.1
1150530 2564.1
1150540 2564.5
1150550 2566.6
1150560 2566.6
1150570 2569.4
1150580 2573.3
1150590 2578.1
1150600 2578.1
1150610 2583.0
1150620 2588.5
1150630 2588.5
1150640 2593.3
1150650 2597.9
1150660 2597.9
1150670 2601.7
1150680 2607.9
1150690 2607.9
1150700 2616.0
1150710 2620.7
1150720 2620.7
1150730 2621.8
1150740 2621.3
1150750 2621.3
1150760 2621.7
1150770 2623.9
1150780 2626.4
1150790 2626.4
1150800 2628.7
1150810 2629.7
1150820 2629.7
1150830 2629.5
1150840 2628.4
1150850 2628.4
1150860 2626.4
1150870 2628.1
1150880 2628.1
1150890 2630.9
1150900 2631.7
1150910 2631.7
1150920 2632.9
1150930 2634.4
1150940 2634.4
1150950 2636.2
1150960 2639.1
1150970 2639.1
1150980 2643.4
1150990 2645.6
1151000 2646.5
1151010 2646.5
1151020 2647.4
1151030 2647.9
1151040 2647.9
1151050 2649.1
1151060 2648.7
1151070 2648.7
1151080 2648.3
1151090 2651.7
1151100 2651.7
1151110 2655.4
1151120 2658.1
1151130 2658.1
1151140 2661.1
1151150 2663.1
1151160 2663.1
1151170 2664.6
1151180 2666.7
1151190 2666.7
1151200 2668.5
1151210 2670.2
1151220 2673.5
1151230 2673.5
1151240 2676.4
1151250 2678.8
1151260 2678.8
1151270 2688.8
1151280 2691.4
1151290 2691.4
1151300 2698.2
1151310 2706.3
1151320 2706.3
1151330 2708.9
1151340 2707.2
1151350 2707.2
1151360 2708.5
1151370 2712.8
1151380 2712.8
1151390 2715.0
1151400 2718.3
1151410 2722.5
1151420 2722.5
1151430 2727.6
1151440 2732.4
1151450 2732.4
1151460 2736.5
1151470 2741.3
1151480 2741.3
1151490 2746.9
1151500 2752.0
1151510 2752.0
1151520 2757.7
1151530 2764.3
1151540 2764.3
1151550 2768.7
1151560 2772.8
1151570 2772.8
1151580 2779.7
1151590 2785.1
1151600 2785.1
1151610 2788.9
1151620 2792.5
1151630 2794.8
1151640 2794.8
1151650 2790.7
1151660 2778.1
1151670 2778.1
1151680 2762.6
1151690 2751.4
1151700 2751.4
1151710 2741.6
1151720 2733.9
1151730 2733.9
1151740 2728.7
1151750 2725.8
1151760 2725.8
1151770 2723.1
1151780 2721.0
1151790 2721.0
1151800 2719.4
1151810 2718.4
1151820 2718.6
1151830 2718.6
1151840 2719.4
1151850 2721.6
1151860 2721.6
1151870 2720.8
1151880 2717.7
1151890 2717.7
1151900 2714.1
1151910 2709.0
1151920 2709.0
1151930 2702.6
1151940 2695.1
1151950 2695.1
1151960 2687.6
1151970 2680.6
1151980 2680.6
1151990 2674.0
1152000 2667.8
1152010 2667.8
1152020 2661.9
1152030 2655.7
1152040 2651.3
1152050 2651.3
1152060 2647.1
1152070 2643.0
1152080 2643.0
1152090 2639.7
1152100 2637.7
1152110 2637.7
1152120 2636.5
1152130 2635.5
1152140 2635.5
1152150 2634.3
1152160 2632.6
1152170 2632.6
1152180 2629.6
1152190 2626.0
1152200 2626.0
1152210 2622.3
1152220 2618.2
1152230 2618.2
1152240 2614.1
1152250 2610.3
1152260 2606.8
1152270 2606.8
1152280 2604.7
1152290 2600.6
1152300 2600.6
1152310 2597.3
1152320 2593.2
1152330 2593.2
1152340 2588.3
1152350 2584.6
1152360 2584.6
1152370 2582.5
1152380 2581.4
1152390 2581.4
1152400 2581.0
1152410 2578.7
1152420 2578.7
1152430 2578.5
1152440 2578.8
1152450 2578.5
1152460 2578.5
1152470 2577.3
1152480 2575.7
1152490 2575.7
1152500 2574.4
1152510 2573.7
1152520 2573.7
1152530 2573.6
1152540 2572.8
1152550 2572.8
1152560 2571.1
1152570 2569.2
1152580 2569.2
1152590 2567.5
1152600 2565.8
1152610 2565.8
1152620 2564.2
1152630 2562.7
1152640 2562.7
1152650 2560.9
1152660 2559.0
1152670 2557.0
1152680 2557.0
1152690 2555.2
1152700 2553.7
1152710 2553.7
1152720 2551.7
1152730 2548.9
1152740 2548.9
1152750 2546.2
1152760 2544.1
1152770 2544.1
1152780 2542.6
1152790 2541.2
1152800 2544.7
1152810 2545.1
1152820 2544.8
1152830 2544.8
1152840 2544.2
1152850 2542.4
1152860 2540.6
1152870 2540.6
1152880 2539.8
1152890 2539.1
1152900 2539.1
1152910 2538.9
1152920 2539.1
1152930 2539.1
1152940 2539.9
1152950 2540.0
1152960 2540.0
1152970 2540.2
1152980 2540.4
1152990 2540.4
1153000 2540.9
1153010 2541.8
1153020 2541.8
1153030 2542.3
1153040 2542.3
1153050 2542.3
1153060 2541.2
1153070 2538.9
1153080 2536.7
1153090 2536.7
1153100 2535.2
1153110 2533.2
1153120 2533.2
1153130 2530.1
1153140 2528.4
1153150 2528.4
1153160 2526.1
1153170 2526.4
1153180 2521.3
1153190 2521.8
1153200 2522.4
1153210 2522.4
1153220 2525.8
1153230 2528.7
1153240 2528.7
1153250 2530.3
1153260 2531.1
1153270 2531.1
1153280 2531.2
1153290 2531.2
1153300 2531.0
1153310 2531.0
1153320 2530.5
1153330 2530.8
1153340 2530.8
1153350 2533.0
1153360 2534.5
1153370 2534.5
1153380 2532.8
1153390 2530.5
1153400 2530.5
1153410 2527.7
1153420 2524.2
1153430 2524.2
1153440 2520.6
1153450 2515.1
1153460 2515.1
1153470 2510.3
1153480 2505.6
1153490 2500.8
1153500 2500.8
1153510 2496.5
1153520 2491.5
1153530 2491.5
1153540 2487.1
1153550 2484.4
1153560 2482.3
1153570 2482.5
1153580 2486.7
1153590 2486.7
1153600 2489.7
1153610 2490.7
1153620 2490.7
1153630 2490.9
1153640 2490.9
1153650 2490.9
1153660 2489.2
1153670 2486.2
1153680 2486.2
1153690 2482.9
1153700 2480.7
1153710 2480.7
1153720 2480.7
1153730 2478.6
1153740 2475.9
1153750 2475.9
1153760 2473.0
1153770 2470.0
1153780 2470.0
1153790 2465.7
1153800 2461.5
1153810 2461.5
1153820 2457.5
1153830 2453.8
1153840 2453.8
1153850 2451.4
1153860 2449.0
1153870 2449.0
1153880 2449.3
1153890 2450.3
1153900 2450.8
1153910 2450.8
1153920 2452.7
1153930 2453.9
1153940 2453.4
1153950 2452.2
1153960 2451.6
1153970 2451.6
1153980 2452.3
1153990 2453.5
1154000 2453.5
1154010 2453.4
1154020 2452.5
1154030 2452.5
1154040 2451.0
1154050 2451.2
1154060 2451.2
1154070 2450.8
1154080 2449.5
1154090 2449.5
1154100 2448.6
1154110 2447.9
1154120 2446.4
1154130 2446.4
1154140 2445.4
1154150 2445.4
1154160 2445.4
1154170 2448.9
1154180 2452.8
1154190 2452.8
1154200 2454.1
1154210 2454.0
1154220 2454.0
1154230 2452.9
1154240 2450.4
1154250 2450.4
1154260 2448.9
1154270 2447.6
1154280 2447.6
1154290 2446.0
1154300 2445.4
1154310 2444.9
1154320 2442.9
1154330 2442.3
1154340 2440.3
1154350 2440.3
1154360 2439.0
1154370 2439.7
1154380 2439.7
1154390 2441.4
1154400 2442.6
1154410 2442.6
1154420 2443.5
1154430 2445.6
1154440 2445.6
1154450 2449.0
1154460 2452.2
1154470 2452.2
1154480 2455.1
1154490 2457.4
1154500 2457.4
1154510 2459.6
1154520 2461.5
1154530 2461.9
1154540 2461.9
1154550 2462.8
1154560 2464.4
1154570 2464.4
1154580 2466.0
1154590 2467.9
1154600 2467.9
1154610 2467.4
1154620 2465.6
1154630 2465.6
1154640 2465.1
1154650 2465.7
1154660 2465.7
1154670 2469.1
1154680 2472.0
1154690 2472.0
1154700 2473.9
1154710 2474.0
1154720 2474.0
1154730 2473.5
1154740 2473.2
1154750 2475.0
1154760 2475.0
1154770 2477.4
1154780 2480.0
1154790 2480.0
1154800 2482.8
1154810 2485.7
1154820 2485.7
1154830 2488.7
1154840 2491.5
1154850 2491.5
1154860 2494.9
1154870 2498.6
1154880 2498.6
1154890 2500.9
1154900 2502.5
1154910 2502.5
1154920 2505.1
1154930 2507.6
1154940 2513.9
1154950 2513.9
1154960 2520.5
1154970 2524.5
1154980 2524.5
1154990 2527.9
1155000 2532.0
1155010 2532.0
1155020 2536.4
1155030 2538.6
1155040 2538.6
1155050 2539.8
1155060 2542.6
1155070 2542.6
1155080 2547.2
1155090 2535.2
1155100 2535.2
1155110 2537.7
1155120 2539.6
1155130 2539.6
1155140 2539.1
1155150 2537.0
1155160 2533.8
1155170 2533.8
1155180 2529.8
1155190 2526.5
1155200 2526.5
1155210 2523.9
1155220 2520.5
1155230 2520.5
1155240 2517.0
1155250 2514.4
1155260 2514.4
1155270 2512.4
1155280 2509.7
1155290 2509.7
1155300 2506.1
1155310 2503.8
1155320 2503.8
1155330 2501.7
1155340 2498.5
1155350 2494.5
1155360 2494.5
1155370 2489.6
1155380 2484.5
1155390 2484.5
1155400 2479.6
1155410 2474.6
1155420 2474.6
1155430 2467.5
1155440 2461.5
1155450 2461.5
1155460 2456.8
1155470 2454.2
1155480 2457.4
1155490 2456.9
1155500 2455.5
1155510 2455.5
1155520 2452.0
1155530 2447.8
1155540 2447.8
1155550 2446.0
1155560 2446.7
1155570 2449.3
1155580 2449.3
1155590 2450.3
1155600 2446.2
1155610 2446.2
1155620 2442.2
1155630 2438.7
1155640 2438.7
1157070 2493.2
1157080 2497.0
1157090 2497.0
1157100 2500.5
1157110 2504.8
1157120 2504.8
1157130 2509.2
1157140 2513.7
1157150 2513.7
1157160 2517.9
1157170 2521.9
1157180 2521.9
1157190 2526.1
1157200 2530.4
1157210 2530.4
1157220 2535.0
1157230 2539.4
1157240 2543.7
1157250 2543.7
1157260 2548.0
1157270 2552.4
1157280 2552.4
1157290 2556.6
1157300 2560.9
1157310 2560.9
1157320 2562.1
1157330 2566.0
1157340 2566.0
1157350 2572.3
1157360 2576.9
1157370 2576.9
1157380 2580.4
1157390 2583.9
1157400 2583.9
1157410 2592.8
1157420 2596.7
1157430 2600.0
1157440 2600.0
1157450 2603.2
1157460 2606.5
1157470 2606.5
1157480 2608.8
1157490 2608.9
1157500 2608.9
1157510 2608.6
1157520 2609.8
1157530 2609.8
1157540 2614.3
1157550 2618.4
1157560 2618.4
1157570 2622.0
1157580 2625.6
1157590 2625.6
1157600 2627.1
1157610 2626.7
1157620 2626.7
1157630 2627.5
1157640 2628.3
1157650 2629.2
1157660 2629.2
1157670 2630.2
1157680 2631.4
1157690 2631.4
1157700 2632.4
1157710 2632.6
1157720 2632.6
1157730 2629.9
1157740 2623.4
1157750 2623.4
1157760 2616.9
1157770 2610.9
1157780 2610.9
1157790 2601.9
1157800 2594.8
1157810 2594.8
1157820 2585.0
1157830 2576.3
1157840 2576.3
1157850 2569.2
1157860 2562.2
1157870 2553.7
1157880 2553.7
1157890 2543.9
1157900 2531.7
1157910 2531.7
1157920 2522.3
1157930 2516.5
1157940 2516.5
1157950 2512.0
1157960 2504.8
1157970 2504.8
1157980 2497.3
1157990 2490.2
1158000 2490.2
1158010 2483.0
1158020 2476.1
1158030 2476.1
1158040 2469.5
1158050 2463.0
1158060 2455.9
1158070 2455.9
1158080 2448.8
1158090 2440.0
1158100 2440.0
1158110 2429.8
1158120 2421.7
1158130 2421.7
1158140 2413.6
1158150 2405.8
1158160 2405.8
1158170 2399.4
1158180 2400.2
1158190 2400.2
1158200 2393.8
1158210 2386.8
1158220 2386.8
1158230 2381.1
1158240 2378.8
1158250 2378.8
1158260 2376.4
1158270 2373.0
1158280 2369.1
1158290 2369.1
1158300 2364.2
1158310 2359.6
1158320 2359.6
1158330 2355.4
1158340 2350.7
1158350 2350.7
1158360 2345.2
1158370 2339.0
1158380 2339.0
1158390 2333.9
1158400 2329.4
1158410 2329.4
1158420 2324.3
1158430 2320.2
1158440 2320.2
1158450 2315.4
1158460 2309.8
1158470 2303.2
1158480 2303.2
1158490 2293.9
1158500 2287.6
1158510 2287.6
1158520 2281.4
1158530 2275.7
1158540 2275.7
1158550 2271.5
1158560 2267.8
1158570 2266.5
1158580 2261.6
1158590 2256.1
1158600 2256.1
1158610 2250.2
1158620 2244.3
1158630 2244.3
1158640 2238.7
1158650 2232.3
1158660 2232.3
1158670 2224.5
1158680 2215.5
1158690 2206.9
1158700 2206.9
1158710 2194.1
1158720 2180.0
1158730 2180.0
1158740 2163.9
1158750 2154.4
1158760 2154.4
1158770 2145.6
1158780 2136.0
1158790 2136.0
1158800 2127.4
1158810 2119.5
1158820 2119.5
1158830 2111.7
1158840 2105.5
1158850 2105.5
1158860 2099.9
1158870 2093.7
1158880 2093.7
1158890 2085.7
1158900 2077.3
1158910 2075.4
1158920 2075.4
1158930 2083.9
1158940 2088.3
1158950 2088.3
1158960 2077.4
1158970 2072.8
1158980 2072.8
1158990 2070.6
1159000 2069.0
1159010 2069.0
1159020 2069.3
1159030 2070.1
1159040 2070.1
1159050 2070.0
1159060 2069.4
1159070 2069.4
1159080 2068.1
1159090 2066.7
1159100 2065.3
1159110 2065.3
1159120 2063.6
1159130 2061.8
1159140 2061.8
1159150 2060.6
1159160 2059.3
1159170 2059.3
1159180 2058.2
1159190 2057.1
1159200 2057.1
1159210 2055.9
1159220 2054.9
1159230 2054.9
1159240 2053.5
1159250 2052.9
1159260 2052.9
1159270 2052.8
1159280 2053.2
1159290 2053.2
1159300 2054.0
1159310 2055.2
1159320 2057.5
1159330 2057.5
1159340 2059.4
1159350 2055.1
1159360 2055.1
1159370 2057.4
1159380 2057.8
1159390 2057.8
1159400 2058.1
1159410 2058.2
1159420 2058.2
1159430 2058.4
1159440 2058.4
1159450 2058.4
1159460 2058.6
1159470 2058.3
1159480 2058.3
1159490 2057.3
1159500 2055.9
1159510 2054.7
1159520 2054.7
1159530 2053.8
1159540 2052.8
1159550 2052.8
1159560 2051.8
1159570 2050.9
1159580 2050.9
1159590 2050.0
1159600 2049.0
1159610 2049.0
1159620 2048.3
1159630 2049.2
1159640 2049.2
1159650 2051.0
1159660 2053.5
1159670 2053.5
1159680 2056.1
1159690 2058.6
1159700 2058.6
1159710 2061.2
1159720 2063.6
1159730 2065.4
1159740 2060.6
1159750 2062.1
1159760 2063.3
1159770 2063.3
1159780 2064.7
1159790 2063.2
1159800 2063.2
1159810 2063.4
1159820 2067.1
1159830 2067.1
1159840 2071.0
1159850 2074.5
1159860 2074.5
1159870 2077.8
1159880 2080.0
1159890 2080.0
1159900 2080.1
1159910 2079.4
1159920 2077.8
1159930 2077.8
1159940 2076.8
1159950 2076.2
1159960 2076.2
1159970 2076.3
1159980 2076.7
1159990 2076.7
