1140000 1464.4
1140010 1462.8
1140020 1462.3
1140030 1462.3
1140040 1462.3
1140050 1462.2
1140060 1462.0
1140070 1462.0
1140080 1461.3
1140090 1460.7
1140100 1460.7
1140110 1460.1
1140120 1458.6
1140130 1458.6
1140140 1456.6
1140150 1456.5
1140160 1456.5
1140170 1456.5
1140180 1456.2
1140190 1455.5
1140200 1455.5
1140210 1454.6
1140220 1453.5
1140230 1453.5
1140240 1449.9
1140250 1445.3
1140260 1445.3
1140270 1442.0
1140280 1438.0
1140290 1438.0
1140300 1435.9
1140310 1435.4
1140320 1435.4
1140330 1435.1
1140340 1435.0
1140350 1435.0
1140360 1434.9
1140370 1434.7
1140380 1434.8
1140390 1434.8
1140400 1434.7
1140410 1434.5
1140420 1434.5
1140430 1434.1
1140440 1433.4
1140450 1433.4
1140460 1432.7
1140470 1431.8
1140480 1431.8
1140490 1431.1
1140500 1430.8
1140510 1430.8
1140520 1431.2
1140530 1431.9
1140540 1431.9
1140550 1432.4
1140560 1433.7
1140570 1435.6
1140580 1435.6
1140590 1438.1
1140600 1441.4
1140610 1441.4
1140620 1444.3
1140630 1445.4
1140640 1445.4
1140650 1445.7
1140660 1445.5
1140670 1445.5
1140680 1443.6
1140690 1445.5
1140700 1445.5
1140710 1447.3
1140720 1447.9
1140730 1447.9
1140740 1448.1
1140750 1450.5
1140760 1450.5
1140770 1450.6
1140780 1451.0
1140790 1452.0
1140800 1452.0
1140810 1452.7
1140820 1453.5
1140830 1453.5
1140840 1454.5
1140850 1456.3
1140860 1456.3
1140870 1457.6
1140880 1459.0
1140890 1459.0
1140900 1460.2
1140910 1461.1
1140920 1461.1
1140930 1462.7
1140940 1464.8
1140950 1464.8
1140960 1467.2
1140970 1469.7
1140980 1470.0
1140990 1470.0
1141000 1469.0
1141010 1468.5
1141020 1468.5
1141030 1468.9
1141040 1468.8
1141050 1468.8
1141060 1468.4
1141070 1468.1
1141080 1468.1
1141090 1467.9
1141100 1470.3
1141110 1470.3
1141120 1478.6
1141130 1481.3
1141140 1481.3
1141150 1483.5
1141160 1484.3
1141170 1484.3
1141180 1486.6
1141190 1489.1
1141200 1493.2
1141210 1493.2
1141220 1497.3
1141230 1501.5
1141240 1501.5
1141250 1506.4
1141260 1512.5
1141270 1512.5
1141280 1516.2
1141290 1514.7
1141300 1514.7
1141310 1515.3
1141320 1523.2
1141330 1523.2
1141340 1532.5
1141350 1538.7
1141360 1538.7
1141370 1542.9
1141380 1547.0
1141390 1547.0
1141400 1550.9
1141410 1553.9
1141420 1557.4
1141430 1557.4
1141440 1560.7
1141450 1563.7
1141460 1563.7
1141470 1567.4
1141480 1571.4
1141490 1575.0
1141500 1576.9
1141510 1574.1
1141520 1574.1
1141530 1569.6
1141540 1562.8
1141550 1562.8
1141560 1564.9
1141570 1575.7
1141580 1575.7
1141590 1584.1
1141600 1591.8
1141610 1599.0
1141620 1599.0
1141630 1606.3
1141640 1610.0
1141650 1610.0
1141660 1610.3
1141670 1614.1
1141680 1614.1
1141690 1617.0
1141700 1618.9
1141710 1618.9
1141720 1620.7
1141730 1623.0
1141740 1623.0
1141750 1625.5
1141760 1628.0
1141770 1628.0
1141780 1630.2
1141790 1633.9
1141800 1633.9
1141810 1638.3
1141820 1642.6
1141830 1646.1
1141840 1646.1
1141850 1649.6
1141860 1654.5
1141870 1654.5
1141880 1657.5
1141890 1661.0
1141900 1661.0
1141910 1664.0
1141920 1667.7
1141930 1667.7
1141940 1672.8
1141950 1677.7
1141960 1677.7
1141970 1682.2
1141980 1686.2
1141990 1686.2
1142000 1689.7
1142010 1693.2
1142020 1696.8
1142030 1696.8
1142040 1700.2
1142050 1703.0
1142060 1703.0
1142070 1706.7
1142080 1710.7
1142090 1710.7
1142100 1713.5
1142110 1716.6
1142120 1716.6
1142130 1721.6
1142140 1725.3
1142150 1725.3
1142160 1723.5
1142170 1719.7
1142180 1719.7
1142190 1716.4
1142200 1711.7
1142210 1711.7
1142220 1713.6
1142230 1723.7
1142240 1727.7
1142250 1727.7
1142260 1732.4
1142270 1738.7
1142280 1738.7
1142290 1745.3
1142300 1752.3
1142310 1752.3
1142320 1759.7
1142330 1765.5
1142340 1765.5
1142350 1772.0
1142360 1779.5
1142370 1779.5
1142380 1785.4
1142390 1790.5
1142400 1790.5
1142410 1795.9
1142420 1803.8
1142430 1803.8
1142440 1812.6
1142450 1822.0
1142460 1830.8
1142470 1830.8
1142480 1839.0
1142490 1845.9
1142500 1845.9
1142510 1853.6
1142520 1861.4
1142530 1861.4
1142540 1870.1
1142550 1879.6
1142560 1879.6
1142570 1887.7
1142580 1894.5
1142590 1894.5
1142600 1905.7
1142610 1912.3
1142620 1912.3
1142630 1918.5
1142640 1924.9
1142650 1931.8
1142660 1931.8
1142670 1939.2
1142680 1946.2
1142690 1946.2
1142700 1952.7
1142710 1958.5
1142720 1958.5
1142730 1964.8
1142740 1971.3
1142750 1971.3
1142760 1977.5
1142770 1983.7
1142780 1983.7
1142790 1988.6
1142800 1992.9
1142810 1992.9
1142820 1996.4
1142830 1999.3
1142840 1999.3
1142850 2001.3
1142860 2002.1
1142870 2003.0
1142880 2003.0
1142890 2003.4
1142900 2003.8
1142910 2003.8
1142920 2004.3
1142930 2005.4
1142940 2005.4
1142950 2005.7
1142960 2005.9
1142970 2012.1
1142980 2012.5
1142990 2012.3
1143000 2012.3
1143010 2012.4
1143020 2012.6
1143030 2012.6
1143040 2012.3
1143050 2011.2
1143060 2011.2
1143070 2012.1
1143080 2015.3
1143090 2016.4
1143100 2016.4
1143110 2016.5
1143120 2016.4
1143130 2016.4
1143140 2018.3
1143150 2020.6
1143160 2020.6
1143170 2024.8
1143180 2029.4
1143190 2029.4
1143200 2035.0
1143210 2041.5
1143220 2041.5
1143230 2048.7
1143240 2055.3
1143250 2055.3
1143260 2061.4
1143270 2065.6
1143280 2069.3
1143290 2069.3
1143300 2072.9
1143310 2076.1
1143320 2076.1
1143330 2078.9
1143340 2084.2
1143350 2084.2
1143360 2086.7
1143370 2090.1
1143380 2090.1
1143390 2094.2
1143400 2097.4
1143410 2097.4
1143420 2100.9
1143430 2104.7
1143440 2104.7
1143450 2108.6
1143460 2111.6
1143470 2111.6
1143480 2114.2
1143490 2117.1
1143500 2120.8
1143510 2120.8
1143520 2125.2
1143530 2129.4
1143540 2129.4
1143550 2132.8
1143560 2136.8
1143570 2136.8
1143580 2141.4
1143590 2147.3
1143600 2147.3
1143610 2152.7
1143620 2157.3
1143630 2157.3
1143640 2162.8
1143650 2169.2
1143660 2169.2
1143670 2175.3
1143680 2180.4
1143690 2186.7
1143700 2186.7
1143710 2197.6
1143720 2199.5
1143730 2199.5
1143740 2199.6
1143750 2200.5
1143760 2200.5
1143770 2200.5
1143780 2201.2
1143790 2201.2
1143800 2203.3
1143810 2206.4
1143820 2206.4
1143830 2210.3
1143840 2213.8
1143850 2213.8
1143860 2218.8
1143870 2222.7
1143880 2222.7
1143890 2225.4
1143900 2228.0
1143910 2230.9
1143920 2230.9
1143930 2234.4
1143940 2239.7
1143950 2239.7
1143960 2245.5
1143970 2248.5
1143980 2248.5
1143990 2250.4
1144000 2252.5
1144010 2252.5
1144020 2251.2
1144030 2251.9
1144040 2251.9
1144050 2254.4
1144060 2257.2
1144070 2257.2
1144080 2263.1
1144090 2268.5
1144100 2268.5
1144110 2274.9
1144120 2282.4
1144130 2290.6
1144140 2290.6
1144150 2299.3
1144160 2308.9
1144170 2308.9
1144180 2318.1
1144190 2327.3
1144200 2327.3
1144210 2338.8
1144220 2347.2
1144230 2347.2
1144240 2355.7
1144250 2364.7
1144260 2364.7
1144270 2368.9
1144280 2372.3
1144290 2372.3
1144300 2376.9
1144310 2382.3
1144320 2388.5
1144330 2388.5
1144340 2395.1
1144350 2400.2
1144360 2400.2
1144370 2401.8
1144380 2401.8
1144390 2401.8
1144400 2404.5
1144410 2406.6
1144420 2406.6
1144430 2407.6
1144440 2407.2
1144450 2406.4
1144460 2404.2
1144470 2399.7
1144480 2399.7
1144490 2392.7
1144500 2382.7
1144510 2382.7
1144520 2372.6
1144530 2363.6
1144540 2356.6
1144550 2356.6
1144560 2350.5
1144570 2345.9
1144580 2345.9
1144590 2341.4
1144600 2336.7
1144610 2336.7
1144620 2332.1
1144630 2327.5
1144640 2327.5
1144650 2323.6
1144660 2319.4
1144670 2319.4
1144680 2315.2
1144690 2311.3
1144700 2311.3
1144710 2307.1
1144720 2303.0
1144730 2303.0
1144740 2300.0
1144750 2296.9
1144760 2293.4
1144770 2293.4
1144780 2289.9
1144790 2287.2
1144800 2287.2
1144810 2284.8
1144820 2278.3
1144830 2278.3
1144840 2274.9
1144850 2270.8
1144860 2270.8
1144870 2264.9
1144880 2259.3
1144890 2259.3
1144900 2253.9
1144910 2249.0
1144920 2249.0
1144930 2243.4
1144940 2237.7
1144950 2232.4
1144960 2232.4
1144970 2227.9
1144980 2224.9
1144990 2224.9
1145000 2222.2
1145010 2219.7
1145020 2219.7
1145030 2214.0
1145040 2206.9
1145050 2206.9
1145060 2200.4
1145070 2194.5
1145080 2194.5
1145090 2189.4
1145100 2188.6
1145110 2188.6
1145120 2185.5
1145130 2179.8
1145140 2179.8
1145150 2176.0
1145160 2176.1
1145170 2176.8
1145180 2176.8
1145190 2174.4
1145200 2166.5
1145210 2166.5
1145220 2162.7
1145230 2156.3
1145240 2156.3
1145250 2149.4
1145260 2143.5
1145270 2143.5
1145280 2137.9
1145290 2132.5
1145300 2132.5
1145310 2126.5
1145320 2119.3
1145330 2119.3
1145340 2111.9
1145350 2103.6
1145360 2095.7
1145370 2095.7
1145380 2090.1
1145390 2086.5
1145400 2086.5
1145410 2084.6
1145420 2082.5
1145430 2082.5
1145440 2078.1
1145450 2072.2
1145460 2072.2
1145470 2064.9
1145480 2056.4
1145490 2056.4
1145500 2046.0
1145510 2037.8
1145520 2037.8
1145530 2031.7
1145540 2025.7
1145550 2025.7
1145560 2019.1
1145570 2002.6
1145580 1986.7
1145590 1986.7
1145600 1978.8
1145610 1971.5
1145620 1971.5
1145630 1964.7
1145640 1958.9
1145650 1958.9
1145660 1953.7
1145670 1948.2
1145680 1948.2
1145690 1939.3
1145700 1936.5
1145710 1936.5
1145720 1923.5
1145730 1903.4
1145740 1903.4
1145750 1883.4
1145760 1866.6
1145770 1866.6
1145780 1845.3
1145790 1836.9
1145800 1830.3
1145810 1830.3
1145820 1823.6
1145830 1817.4
1145840 1817.4
1145850 1812.1
1145860 1806.6
1145870 1806.6
1145880 1801.2
1145890 1795.7
1145900 1795.7
1145910 1790.0
1145920 1784.2
1145930 1784.2
1145940 1775.8
1145950 1769.8
1145960 1769.8
1145970 1763.7
1145980 1757.5
1145990 1751.5
1146000 1751.5
1146010 1746.3
1146020 1741.9
1146030 1741.9
1146040 1736.9
1146050 1731.4
1146060 1731.4
1146070 1726.5
1146080 1723.0
1146090 1723.0
1146100 1720.2
1146110 1718.0
1146120 1718.0
1146130 1715.2
1146140 1712.6
1146150 1712.6
1146160 1710.5
1146170 1708.4
1146180 1708.4
1146190 1706.3
1146200 1705.7
1146210 1704.8
1146220 1704.8
1146230 1703.1
1146240 1701.3
1146250 1701.3
1146260 1699.8
1146270 1699.0
1146280 1699.0
1146290 1698.5
1146300 1697.4
1146310 1697.4
1146320 1694.4
1146330 1689.0
1146340 1689.0
1146350 1686.2
1146360 1685.6
1146370 1685.6
1146380 1685.3
1146390 1684.7
1146400 1684.7
1146410 1684.8
1146420 1684.0
1146430 1684.2
1146440 1684.2
1146450 1688.0
1146460 1690.4
1146470 1690.4
1146480 1691.0
1146490 1691.0
1146500 1691.0
1146510 1692.5
1146520 1694.9
1146530 1694.9
1146540 1696.4
1146550 1697.8
1146560 1697.8
1146570 1699.3
1146580 1701.3
1146590 1701.3
1146600 1704.5
1146610 1709.4
1146620 1714.9
1146630 1714.9
1146640 1721.4
1146650 1728.0
1146660 1728.0
1146670 1734.3
1146680 1740.0
1146690 1744.3
1146700 1750.7
1146710 1757.2
1146720 1757.2
1146730 1763.6
1146740 1770.5
1146750 1770.5
1146760 1779.1
1146770 1787.3
1146780 1787.3
1146790 1793.7
1146800 1800.7
1146810 1800.7
1146820 1808.0
1146830 1814.4
1146840 1820.2
1146850 1820.2
1146860 1826.0
1146870 1831.7
1146880 1831.7
1146890 1838.2
1146900 1844.5
1146910 1844.5
1146920 1850.8
1146930 1858.4
1146940 1858.4
1146950 1866.6
1146960 1873.5
1146970 1873.5
1146980 1880.1
1146990 1886.0
1147000 1886.0
1147010 1891.7
1147020 1898.0
1147030 1903.8
1147040 1903.8
1147050 1908.5
1147060 1912.7
1147070 1916.4
1147080 1921.9
1147090 1928.2
1147100 1928.2
1147110 1933.5
1147120 1938.0
1147130 1938.0
1147140 1943.0
1147150 1948.4
1147160 1948.4
1147170 1954.5
1147180 1962.5
1147190 1962.5
1147200 1969.2
1147210 1975.0
1147220 1975.0
1147230 1979.5
1147240 1984.2
1147250 1989.5
1147260 1989.5
1147270 1993.4
1147280 1998.8
1147290 1998.8
1147300 2004.3
1147310 2010.3
1147320 2010.3
1147330 2015.3
1147340 2021.3
1147350 2021.3
1147360 2028.0
1147370 2033.7
1147380 2033.7
1147390 2038.3
1147400 2043.8
1147410 2043.8
1147420 2050.7
1147430 2058.1
1147440 2063.0
1147450 2070.9
1147460 2079.3
1147470 2087.4
1147480 2087.4
1147490 2095.7
1147500 2105.6
1147510 2105.6
1147520 2115.2
1147530 2122.0
1147540 2122.0
1147550 2128.6
1147560 2137.0
1147570 2137.0
1147580 2147.9
1147590 2156.1
1147600 2156.1
1147610 2160.6
1147620 2165.4
1147630 2165.4
1147640 2171.2
1147650 2176.6
1147660 2181.8
1147670 2181.8
1147680 2183.3
1147690 2183.2
1147700 2183.2
1147710 2184.0
1147720 2189.3
1147730 2189.3
1147740 2194.2
1147750 2198.2
1147760 2198.2
1147770 2202.2
1147780 2206.0
1147790 2206.0
1147800 2208.3
1147810 2210.9
1147820 2212.0
1147830 2213.7
1147840 2217.1
1147850 2217.1
1147860 2220.3
1147870 2223.8
1147880 2227.5
1147890 2227.5
1147900 2232.0
1147910 2237.6
1147920 2237.6
1147930 2242.6
1147940 2248.2
1147950 2248.2
1147960 2254.0
1147970 2259.6
1147980 2259.6
1147990 2265.8
1148000 2270.7
1148010 2270.7
1148020 2274.5
1148030 2280.6
1148040 2280.6
1148050 2287.7
1148060 2293.7
1148070 2299.8
1148080 2299.8
1148090 2306.9
1148100 2314.4
1148110 2314.4
1148120 2320.7
1148130 2326.3
1148140 2326.3
1148150 2332.1
1148160 2338.4
1148170 2338.4
1148180 2345.1
1148190 2353.0
1148200 2353.0
1148210 2360.6
1148220 2369.5
1148230 2369.5
1148240 2376.9
1148250 2383.7
1148260 2383.7
1148270 2392.5
1148280 2397.5
1148290 2402.9
1148300 2402.9
1148310 2407.7
1148320 2413.2
1148330 2413.2
1148340 2419.0
1148350 2423.8
1148360 2423.8
1148370 2428.7
1148380 2433.7
1148390 2433.7
1148400 2438.3
1148410 2443.2
1148420 2443.2
1148430 2447.9
1148440 2453.4
1148450 2453.4
1148460 2457.3
1148470 2463.2
1148480 2463.2
1148490 2469.1
1148500 2474.0
1148510 2477.3
1148520 2477.3
1148530 2480.0
1148540 2481.6
1148550 2481.6
1148560 2482.5
1148570 2477.9
1148580 2477.9
1148590 2476.2
1148600 2475.9
1148610 2475.9
1148620 2475.9
1148630 2475.9
1148640 2475.9
1148650 2477.8
1148660 2481.6
1148670 2481.6
1148680 2486.5
1148690 2489.8
1148700 2491.6
1148710 2491.6
1148720 2493.4
1148730 2495.4
1148740 2495.4
1148750 2493.6
1148760 2492.4
1148770 2492.4
1148780 2491.1
1148790 2487.3
1148800 2487.3
1148810 2485.4
1148820 2486.2
1148830 2486.2
1148840 2488.3
1148850 2490.0
1148860 2490.0
1148870 2490.4
1148880 2491.8
1148890 2491.8
1148900 2493.5
1148910 2494.0
1148920 2495.5
1148930 2495.5
1148940 2498.5
1148950 2493.0
1148960 2493.0
1148970 2493.6
1148980 2491.8
1148990 2491.8
1149000 2489.6
1149010 2489.3
1149020 2489.3
1149030 2489.7
1149040 2490.0
1149050 2490.0
1149060 2488.7
1149070 2484.4
1149080 2484.4
1149090 2483.2
1149100 2482.5
1149110 2479.0
1149120 2479.0
1149130 2478.6
1149140 2481.0
1149150 2481.0
1149160 2481.5
1149170 2481.5
1149180 2481.5
1149190 2485.1
1149200 2493.0
1149210 2493.0
1149220 2496.5
1149230 2496.6
1149240 2496.6
1149250 2495.8
1149260 2491.7
1149270 2491.7
1149280 2489.1
1149290 2488.9
1149300 2488.9
1149310 2489.3
1149320 2489.2
1149330 2482.0
1149340 2482.0
1149350 2481.9
1149360 2482.8
1149370 2482.8
1149380 2483.2
1149390 2483.3
1149400 2483.3
1149410 2483.2
1149420 2483.0
1149430 2483.0
1149440 2482.3
1149450 2482.1
1149460 2482.1
1149470 2481.6
1149480 2481.2
1149490 2481.2
1149500 2480.8
1149510 2480.7
1149520 2480.7
1149530 2481.8
1149540 2483.7
1149550 2485.0
1149560 2485.0
1149570 2485.6
1149580 2485.8
1149590 2485.8
1149600 2485.4
1149610 2485.9
1149620 2485.9
1149630 2486.1
1149640 2486.6
1149650 2486.6
1149660 2488.1
1149670 2489.4
1149680 2489.4
1149690 2490.6
1149700 2490.1
1149710 2490.1
1149720 2491.3
1149730 2492.1
1149740 2492.1
1149750 2492.1
1149760 2492.1
1149770 2491.9
1149780 2491.9
1149790 2491.9
1149800 2492.1
1149810 2492.1
1149820 2492.4
1149830 2492.8
1149840 2492.8
1149850 2493.5
1149860 2493.8
1149870 2493.8
1149880 2494.1
1149890 2494.0
1149900 2494.0
1149910 2493.6
1149920 2494.4
1149930 2494.4
1149940 2495.2
1149950 2495.8
1149960 2496.0
1149970 2496.0
1149980 2495.8
1149990 2495.6
1150000 2495.6
1150010 2495.8
1150020 2496.2
1150030 2496.2
1150040 2497.4
1150050 2498.9
1150060 2498.9
1150070 2499.9
1150080 2500.4
1150090 2500.4
1150100 2501.6
1150110 2503.6
1150120 2503.6
1150130 2506.6
1150140 2509.7
1150150 2509.7
1150160 2512.5
1150170 2515.0
1150180 2517.3
1150190 2517.3
1150200 2519.7
1150210 2522.2
1150220 2522.2
1150230 2524.8
1150240 2527.5
1150250 2527.5
1150260 2529.9
1150270 2531.8
1150280 2531.8
1150290 2533.4
1150300 2535.1
1150310 2535.1
1150320 2536.8
1150330 2538.3
1150340 2538.3
1150350 2539.8
1150360 2541.4
1150370 2543.1
1150380 2543.1
1150390 2544.9
1150400 2547.2
1150410 2547.2
1150420 2550.6
1150430 2554.0
1150440 2554.0
1150450 2556.8
1150460 2561.2
1150470 2561.2
1150480 2563.7
1150490 2564.9
1150500 2564.9
1150510 2565.2
1150520 2565.5
1150530 2565.5
1150540 2566.5
1150550 2567.2
1150560 2567.2
1150570 2568.7
1150580 2571.0
1150590 2573.7
1150600 2573.7
1150610 2575.2
1150620 2575.7
1150630 2575.7
1150640 2575.9
1150650 2576.5
1150660 2576.5
1150670 2578.1
1150680 2581.1
1150690 2581.1
1150700 2585.2
1150710 2589.0
1150720 2589.0
1150730 2590.3
1150740 2590.4
1150750 2590.4
1150760 2589.5
1150770 2588.5
1150780 2586.5
1150790 2586.5
1150800 2584.1
1150810 2583.3
1150820 2583.3
1150830 2584.4
1150840 2586.8
1150850 2586.8
1150860 2588.5
1150870 2590.2
1150880 2590.2
1150890 2591.8
1150900 2594.1
1150910 2594.1
1150920 2596.9
1150930 2601.1
1150940 2601.1
1150950 2607.7
1150960 2614.4
1150970 2614.4
1150980 2620.7
1150990 2626.2
1151000 2631.0
1151010 2631.0
1151020 2634.5
1151030 2637.1
1151040 2637.1
1151050 2639.7
1151060 2642.3
1151070 2642.3
1151080 2644.6
1151090 2646.6
1151100 2646.6
1151110 2648.9
1151120 2652.2
1151130 2652.2
1151140 2656.4
1151150 2659.6
1151160 2659.6
1151170 2662.9
1151180 2667.0
1151190 2667.0
1151200 2669.4
1151210 2670.4
1151220 2668.0
1151230 2668.0
1151240 2669.0
1151250 2669.7
1151260 2669.7
1151270 2670.8
1151280 2672.4
1151290 2672.4
1151300 2674.0
1151310 2674.9
1151320 2674.9
1151330 2677.3
1151340 2680.6
1151350 2680.6
1151360 2683.2
1151370 2687.2
1151380 2687.2
1151390 2692.1
1151400 2697.4
1151410 2702.6
1151420 2702.6
1151430 2707.5
1151440 2711.8
1151450 2711.8
1151460 2715.3
1151470 2717.7
1151480 2717.7
1151490 2718.6
1151500 2721.0
1151510 2721.0
1151520 2726.4
1151530 2731.9
1151540 2731.9
1151550 2736.1
1151560 2739.2
1151570 2739.2
1151580 2741.8
1151590 2745.4
1151600 2741.8
1151610 2745.5
1151620 2748.8
1151630 2751.2
1151640 2751.2
1151650 2753.9
1151660 2757.0
1151670 2757.0
1151680 2759.3
1151690 2761.9
1151700 2761.9
1151710 2764.3
1151720 2764.9
1151730 2764.9
1151740 2761.7
1151750 2756.6
1151760 2756.6
1151770 2751.5
1151780 2747.2
1151790 2747.2
1151800 2743.2
1151810 2739.4
1151820 2735.7
1151830 2735.7
1151840 2731.5
1151850 2726.9
1151860 2726.9
1151870 2722.4
1151880 2717.9
1151890 2717.9
1151900 2713.0
1151910 2708.3
1151920 2708.3
1151930 2703.6
1151940 2699.3
1151950 2699.3
1151960 2695.4
1151970 2692.3
1151980 2688.6
1151990 2685.4
1152000 2682.3
1152010 2682.3
1152020 2679.5
1152030 2676.8
1152040 2673.9
1152050 2673.9
1152060 2670.5
1152070 2666.9
1152080 2666.9
1152090 2663.8
1152100 2660.6
1152110 2660.6
1152120 2657.5
1152130 2653.9
1152140 2653.9
1152150 2650.6
1152160 2648.1
1152170 2648.1
1152180 2645.8
1152190 2642.8
1152200 2642.8
1152210 2640.2
1152220 2637.2
1152230 2637.2
1152240 2633.9
1152250 2630.2
1152260 2627.0
1152270 2627.0
1152280 2624.9
1152290 2622.7
1152300 2622.7
1152310 2619.9
1152320 2617.1
1152330 2617.1
1152340 2614.0
1152350 2611.0
1152360 2607.4
1152370 2603.5
1152380 2601.1
1152390 2601.1
1152400 2598.4
1152410 2596.9
1152420 2596.9
1152430 2594.6
1152440 2592.5
1152450 2590.2
1152460 2590.2
1152470 2586.0
1152480 2584.4
1152490 2584.4
1152500 2582.1
1152510 2580.0
1152520 2580.0
1152530 2578.6
1152540 2577.4
1152550 2577.4
1152560 2575.1
1152570 2573.6
1152580 2573.6
1152590 2571.7
1152600 2569.8
1152610 2569.8
1152620 2567.8
1152630 2565.9
1152640 2565.9
1152650 2563.8
1152660 2561.8
1152670 2559.6
1152680 2559.6
1152690 2557.8
1152700 2555.7
1152710 2555.7
1152720 2553.1
1152730 2550.8
1152740 2551.1
1152750 2549.2
1152760 2547.6
1152770 2547.6
1152780 2546.5
1152790 2545.5
1152800 2545.5
1152810 2544.6
1152820 2544.1
1152830 2544.1
1152840 2544.1
1152850 2544.1
1152860 2544.1
1152870 2544.3
1152880 2544.7
1152890 2545.8
1152900 2545.8
1152910 2547.5
1152920 2548.6
1152930 2548.6
1152940 2549.8
1152950 2551.1
1152960 2551.1
1152970 2552.2
1152980 2553.4
1152990 2553.4
1153000 2554.8
1153010 2556.2
1153020 2556.2
1153030 2557.5
1153040 2558.1
1153050 2558.1
1153060 2558.5
1153070 2558.7
1153080 2558.7
1153090 2558.7
1153100 2558.2
1153110 2557.3
1153120 2555.3
1153130 2554.3
1153140 2552.7
1153150 2552.7
1153160 2550.5
1153170 2548.1
1153180 2548.1
1153190 2545.9
1153200 2543.6
1153210 2543.6
1153220 2540.9
1153230 2538.4
1153240 2538.4
1153250 2535.8
1153260 2532.8
1153270 2532.8
1153280 2529.8
1153290 2527.1
1153300 2525.2
1153310 2525.2
1153320 2523.0
1153330 2520.8
1153340 2520.8
1153350 2519.3
1153360 2518.3
1153370 2518.3
1153380 2517.8
1153390 2517.4
1153400 2517.4
1153410 2517.2
1153420 2516.9
1153430 2516.9
1153440 2516.7
1153450 2516.2
1153460 2516.2
1153470 2515.6
1153480 2515.3
1153490 2515.6
1153500 2515.6
1153510 2515.4
1153520 2517.6
1153530 2517.6
1153540 2521.2
1153550 2525.6
1153560 2525.6
1153570 2528.6
1153580 2530.8
1153590 2530.8
1153600 2533.7
1153610 2536.5
1153620 2536.5
1153630 2539.0
1153640 2540.1
1153650 2540.1
1153660 2540.0
1153670 2539.4
1153680 2539.4
1153690 2539.4
1153700 2537.5
1153710 2536.9
1153720 2536.9
1153730 2536.6
1153740 2536.1
1153750 2536.1
1153760 2535.0
1153770 2532.7
1153780 2532.7
1153790 2529.0
1153800 2524.7
1153810 2524.7
1153820 2519.6
1153830 2512.6
1153840 2512.6
1153850 2505.2
1153860 2498.2
1153870 2498.2
1153880 2492.4
1153890 2486.0
1153900 2486.0
1153910 2481.6
1153920 2478.1
1153930 2476.7
1153940 2476.7
1153950 2475.6
1153960 2475.5
1153970 2475.5
1153980 2478.4
1153990 2481.4
1154000 2481.4
1154010 2483.7
1154020 2485.5
1154030 2485.5
1154040 2485.5
1154050 2485.5
1154060 2485.5
1154070 2484.9
1154080 2483.4
1154090 2483.4
1154100 2484.9
1154110 2488.1
1154120 2490.3
1154130 2490.3
1154140 2491.6
1154150 2492.6
1154160 2492.6
1154170 2493.9
1154180 2495.9
1154190 2495.9
1154200 2498.2
1154210 2500.6
1154220 2500.6
1154230 2503.6
1154240 2507.2
1154250 2507.2
1154260 2511.7
1154270 2512.7
1154280 2512.7
1154290 2516.3
1154300 2519.9
1154310 2519.9
1154320 2523.4
1154330 2527.1
1154340 2530.7
1154350 2530.7
1154360 2533.7
1154370 2536.3
1154380 2536.3
1154390 2538.9
1154400 2541.6
1154410 2541.6
1154420 2544.1
1154430 2545.4
1154440 2545.4
1154450 2544.8
1154460 2543.4
1154470 2543.4
1154480 2542.9
1154490 2542.3
1154500 2542.3
1154510 2541.3
1154520 2540.8
1154530 2540.3
1154540 2540.3
1154550 2540.0
1154560 2541.3
1154570 2541.3
1154580 2541.9
1154590 2542.6
1154600 2542.6
1154610 2542.9
1154620 2544.8
1154630 2544.8
1154640 2548.0
1154650 2551.4
1154660 2546.5
1154670 2549.6
1154680 2553.0
1154690 2553.0
1154700 2556.7
1154710 2560.6
1154720 2560.6
1154730 2564.0
1154740 2566.2
1154750 2567.9
1154760 2567.9
1154770 2569.7
1154780 2570.8
1154790 2570.8
1154800 2571.8
1154810 2573.2
1154820 2573.2
1154830 2573.9
1154840 2573.6
1154850 2573.6
1154860 2572.5
1154870 2570.9
1154880 2570.9
1154890 2569.3
1154900 2567.2
1154910 2567.2
1154920 2564.0
1154930 2560.0
1154940 2560.0
1154950 2554.8
1154960 2551.0
1154970 2546.6
1154980 2546.6
1154990 2540.6
1155000 2534.7
1155010 2534.7
1155020 2529.4
1155030 2524.7
1155040 2521.3
1155050 2519.4
1155060 2518.5
1155070 2518.5
1155080 2516.7
1155090 2515.1
1155100 2515.1
1155110 2515.5
1155120 2514.3
1155130 2514.3
1155140 2512.5
1155150 2511.3
1155160 2509.8
1155170 2509.8
1155180 2507.7
1155190 2505.0
1155200 2505.0
1155210 2500.5
1155220 2493.7
1155230 2493.7
1155240 2487.9
1155250 2483.0
1155260 2483.0
1155270 2478.8
1155280 2475.5
1155290 2475.5
1155300 2472.7
1155310 2470.5
1155320 2470.5
1155330 2468.6
1155340 2466.9
1155350 2466.9
1155360 2465.4
1155370 2463.9
1155380 2462.1
1155390 2462.1
1155400 2459.8
1155410 2457.4
1155420 2456.9
1155430 2455.6
1155440 2454.9
1155450 2454.9
1155460 2454.5
1155470 2454.2
1155480 2454.2
1155490 2453.5
1155500 2453.2
1155510 2453.2
1155520 2453.3
1155530 2454.1
1155540 2454.1
1155550 2455.8
1155560 2457.9
1155570 2459.6
1155580 2459.6
1155590 2461.5
1155600 2462.7
1155610 2462.7
1155620 2463.5
1155630 2463.8
1155640 2463.8
1155650 2463.7
1155660 2463.3
1155670 2463.3
1155680 2462.9
1155690 2462.4
1155700 2462.4
1155710 2461.0
1155720 2459.4
1155730 2459.4
1155740 2457.5
1155750 2453.8
1155760 2453.8
1155770 2451.5
1155780 2450.2
1155790 2448.5
1155800 2448.5
1155810 2447.6
1155820 2444.1
1155830 2444.1
1155840 2439.3
1155850 2433.9
1155860 2433.9
1155870 2428.8
1155880 2424.2
1155890 2424.2
1155900 2419.0
1155910 2413.1
1155920 2413.1
1155930 2407.9
1155940 2403.3
1155950 2403.3
1155960 2399.5
1155970 2396.0
1155980 2396.0
1155990 2393.6
1156730 2461.5
1156740 2461.5
1156750 2465.1
1156760 2469.4
1156770 2469.4
1156780 2473.2
1156790 2477.2
1156800 2477.2
1156810 2481.9
1156820 2486.6
1156830 2491.3
1156840 2491.3
1156850 2496.6
1156860 2502.4
1156870 2502.4
1156880 2508.5
1156890 2513.4
1156900 2513.4
1156910 2517.9
1156920 2521.9
1156930 2521.9
1156940 2525.7
1156950 2529.2
1156960 2529.2
1156970 2529.1
1156980 2532.4
1156990 2532.4
1157000 2535.6
1157010 2539.0
1157020 2539.0
1157030 2542.5
1157040 2546.0
1157050 2549.6
1157060 2549.6
1157070 2553.4
1157080 2556.8
1157090 2556.8
1157100 2559.1
1157110 2559.9
1157120 2559.9
1157130 2559.0
1157140 2558.5
1157150 2558.5
1157160 2554.8
1157170 2550.4
1157180 2550.4
1157190 2547.2
1157200 2544.0
1157210 2544.0
1157220 2540.1
1157230 2537.3
1157240 2534.5
1157250 2534.5
1157260 2530.8
1157270 2528.0
1157280 2528.0
1157290 2525.4
1157300 2522.6
1157310 2522.6
1157320 2517.5
1157330 2512.3
1157340 2512.3
1157350 2511.2
1157360 2507.8
1157370 2507.8
1157380 2505.2
1157390 2501.8
1157400 2501.8
1157410 2498.2
1157420 2494.6
1157430 2494.6
1157440 2490.9
1157450 2487.3
1157460 2484.1
1157470 2484.1
1157480 2481.7
1157490 2479.0
1157500 2479.0
1157510 2477.0
1157520 2475.4
1157530 2475.4
1157540 2473.4
1157550 2471.9
1157560 2471.9
1157570 2470.3
1157580 2468.9
1157590 2468.9
1157600 2467.6
1157610 2466.4
1157620 2466.4
1157630 2465.2
1157640 2463.9
1157650 2461.9
1157660 2461.9
1157670 2459.7
1157680 2457.2
1157690 2457.2
1157700 2455.0
1157710 2453.8
1157720 2453.8
1157730 2453.3
1157740 2456.8
1157750 2456.8
1157760 2457.5
1157770 2458.1
1157780 2458.1
1157790 2458.1
1157800 2457.7
1157810 2457.7
1157820 2457.9
1157830 2458.0
1157840 2458.0
1157850 2458.5
1157860 2459.7
1157870 2461.6
1157880 2461.6
1157890 2466.5
1157900 2472.6
1157910 2472.6
1157920 2477.8
1157930 2482.3
1157940 2482.3
1157950 2485.7
1157960 2487.7
1157970 2487.7
1157980 2489.4
1157990 2491.9
1158000 2491.9
1158010 2493.8
1158020 2495.8
1158030 2495.8
1158040 2502.1
1158050 2505.4
1158060 2505.4
1158070 2506.1
1158080 2503.2
1158090 2496.5
1158100 2496.5
1158110 2489.3
1158120 2482.0
1158130 2477.9
1158140 2468.1
1158150 2460.0
1158160 2460.0
1158170 2453.9
1158180 2445.6
1158190 2445.6
1158200 2434.7
1158210 2428.8
1158220 2428.8
1158230 2425.2
1158240 2418.8
1158250 2418.8
1158260 2408.4
1158270 2402.4
1158280 2395.3
1158290 2395.3
1158300 2384.3
1158310 2370.1
1158320 2370.1
1158330 2357.8
1158340 2346.8
1158350 2346.8
1158360 2337.0
1158370 2328.8
1158380 2328.8
1158390 2321.7
1158400 2315.1
1158410 2315.1
1158420 2307.9
1158430 2300.5
1158440 2300.5
1158450 2294.1
1158460 2287.6
1158470 2287.6
1158480 2281.3
1158490 2275.2
1158500 2269.1
1158510 2269.1
1158520 2264.2
1158530 2258.7
1158540 2258.7
1158550 2254.0
1158560 2249.1
1158570 2249.1
1158580 2242.8
1158590 2234.6
1158600 2234.6
1158610 2226.9
1158620 2220.3
1158630 2220.3
1158640 2213.5
1158650 2206.2
1158660 2206.2
1158670 2195.4
1158680 2189.3
1158690 2192.3
1158700 2192.3
1158710 2197.9
1158720 2202.3
1158730 2202.3
1158740 2207.0
1158750 2211.2
1158760 2211.2
1158770 2216.6
1158780 2222.2
1158790 2222.2
1158800 2226.5
1158810 2230.6
1158820 2230.6
1158830 2233.4
1158840 2236.4
1158850 2236.4
1158860 2239.5
1158870 2242.9
1158880 2242.9
1158890 2246.1
1158900 2245.0
1158910 2246.0
1158920 2246.0
1158930 2247.6
1158940 2250.6
1158950 2250.6
1158960 2254.0
1158970 2254.6
1158980 2254.6
1158990 2252.8
1159000 2252.4
1159010 2252.4
1159020 2251.2
1159030 2246.6
1159040 2246.6
1159050 2250.1
1159060 2251.4
1159070 2251.4
1159080 2250.1
1159090 2247.5
1159100 2247.5
1159110 2242.8
1159120 2238.3
1159130 2232.6
1159140 2232.6
1159150 2229.4
1159160 2229.4
1159170 2229.4
1159180 2229.7
1159190 2226.6
1159200 2226.6
1159210 2220.8
1159220 2214.6
1159230 2214.6
1159240 2208.1
1159250 2202.0
1159260 2202.0
1159270 2197.6
1159280 2194.8
1159290 2189.4
1159300 2186.7
1159310 2183.4
1159320 2179.5
1159330 2179.5
1159340 2175.7
1159350 2172.5
1159360 2172.5
1159370 2171.1
1159380 2168.5
1159390 2168.5
1159400 2161.1
1159410 2165.7
1159420 2165.7
1159430 2171.6
1159440 2174.1
1159450 2174.1
1159460 2175.9
1159470 2177.3
1159480 2177.3
1159490 2177.8
1159500 2179.4
1159510 2179.4
1159520 2180.9
1159530 2183.3
1159540 2186.9
1159550 2186.9
1159560 2190.5
1159570 2194.2
1159580 2194.2
1159590 2198.0
1159600 2202.0
1159610 2202.0
1159620 2205.7
1159630 2209.0
1159640 2209.0
1159650 2211.3
1159660 2213.4
1159670 2213.4
1159680 2208.4
1159690 2210.3
1159700 2210.3
1159710 2211.8
1159720 2212.8
1159730 2213.5
1159740 2213.5
1159750 2214.3
1159760 2213.5
1159770 2213.5
1159780 2212.3
1159790 2211.1
1159800 2211.1
1159810 2209.0
1159820 2209.1
1159830 2209.1
1159840 2210.7
1159850 2213.3
1159860 2213.3
1159870 2215.7
1159880 2218.2
1159890 2218.2
1159900 2220.1
1159910 2221.2
1159920 2221.2
1159930 2221.9
1159940 2221.9
1159950 2221.6
1159960 2221.6
1159970 2221.6
1159980 2222.0
1159990 2222.0
