1140000 1607.0
1140010 1604.4
1140020 1602.3
1140030 1602.3
1140040 1598.3
1140050 1595.7
1140060 1595.7
1140070 1594.6
1140080 1593.9
1140090 1593.9
1140100 1593.5
1140110 1592.8
1140120 1591.6
1140130 1591.6
1140140 1590.3
1140150 1589.5
1140160 1589.5
1140170 1589.0
1140180 1587.8
1140190 1587.8
1140200 1586.7
1140210 1585.1
1140220 1585.1
1140230 1583.3
1140240 1582.0
1140250 1582.0
1140260 1581.4
1140270 1579.8
1140280 1579.8
1140290 1576.9
1140300 1578.0
1140310 1578.0
1140320 1579.9
1140330 1573.9
1140340 1572.9
1140350 1572.9
1140360 1570.9
1140370 1568.9
1140380 1568.9
1140390 1569.4
1140400 1567.1
1140410 1567.1
1140420 1566.2
1140430 1564.2
1140440 1564.2
1140450 1562.2
1140460 1558.9
1140470 1558.9
1140480 1555.6
1140490 1553.2
1140500 1553.2
1140510 1548.8
1140520 1543.5
1140530 1543.5
1140540 1537.3
1140550 1534.0
1140560 1530.4
1140570 1530.4
1140580 1527.3
1140590 1522.6
1140600 1522.6
1140610 1516.7
1140620 1510.8
1140630 1510.8
1140640 1506.0
1140650 1502.4
1140660 1502.4
1140670 1498.9
1140680 1494.8
1140690 1494.8
1140700 1486.2
1140710 1481.0
1140720 1481.0
1140730 1476.1
1140740 1473.2
1140750 1470.6
1140760 1470.6
1140770 1467.7
1140780 1466.2
1140790 1466.2
1140800 1464.7
1140810 1464.4
1140820 1464.4
1140830 1462.3
1140840 1459.8
1140850 1459.8
1140860 1456.9
1140870 1453.9
1140880 1453.9
1140890 1451.6
1140900 1449.8
1140910 1449.8
1140920 1447.7
1140930 1446.3
1140940 1446.3
1140950 1444.8
1140960 1443.3
1140970 1441.3
1140980 1441.3
1140990 1439.5
1141000 1439.4
1141010 1439.4
1141020 1439.1
1141030 1438.2
1141040 1438.2
1141050 1436.5
1141060 1435.0
1141070 1434.0
1141080 1433.0
1141090 1432.1
1141100 1432.1
1141110 1431.5
1141120 1430.9
1141130 1430.9
1141140 1429.9
1141150 1429.2
1141160 1429.2
1141170 1427.9
1141180 1425.8
1141190 1424.5
1141200 1424.5
1141210 1425.4
1141220 1425.6
1141230 1425.6
1141240 1425.1
1141250 1424.5
1141260 1424.5
1141270 1423.9
1141280 1423.0
1141290 1423.0
1141300 1422.0
1141310 1421.4
1141320 1421.4
1141330 1420.3
1141340 1418.0
1141350 1418.0
1141360 1416.4
1141370 1415.1
1141380 1416.0
1141390 1416.0
1141400 1416.7
1141410 1416.6
1141420 1416.6
1141430 1416.6
1141440 1416.8
1141450 1416.8
1141460 1416.6
1141470 1416.5
1141480 1416.5
1141490 1416.3
1141500 1416.0
1141510 1416.0
1141520 1415.7
1141530 1415.5
1141540 1415.5
1141550 1415.4
1141560 1415.1
1141570 1415.1
1141580 1414.8
1141590 1414.5
1141600 1414.3
1141610 1414.3
1141620 1415.9
1141630 1420.2
1141640 1420.2
1141650 1424.1
1141660 1427.9
1141670 1427.9
1141680 1432.4
1141690 1436.8
1141700 1436.8
1141710 1440.7
1141720 1444.2
1141730 1444.2
1141740 1447.3
1141750 1450.8
1141760 1450.8
1141770 1454.5
1141780 1458.4
1141790 1458.4
1141800 1462.3
1141810 1470.6
1141820 1474.1
1141830 1474.1
1141840 1477.6
1141850 1479.3
1141860 1479.3
1141870 1479.9
1141880 1481.5
1141890 1481.5
1141900 1484.1
1141910 1486.8
1141920 1486.8
1141930 1487.3
1141940 1487.7
1141950 1487.7
1141960 1490.1
1141970 1492.7
1141980 1492.7
1141990 1494.7
1142000 1495.2
1142010 1495.9
1142020 1495.9
1142030 1496.8
1142040 1497.5
1142050 1497.5
1142060 1498.1
1142070 1500.2
1142080 1500.2
1142090 1504.1
1142100 1508.5
1142110 1508.5
1142120 1512.6
1142130 1516.9
1142140 1516.9
1142150 1521.6
1142160 1526.5
1142170 1526.5
1142180 1536.9
1142190 1540.9
1142200 1540.9
1142210 1543.5
1142220 1542.6
1142230 1542.4
1142240 1542.4
1142250 1543.6
1142260 1545.4
1142270 1545.4
1142280 1547.8
1142290 1550.5
1142300 1550.5
1142310 1554.6
1142320 1557.9
1142330 1557.9
1142340 1559.9
1142350 1563.0
1142360 1563.0
1142370 1567.2
1142380 1572.5
1142390 1572.5
1142400 1578.5
1142410 1583.5
1142420 1588.5
1142430 1588.5
1142440 1593.8
1142450 1599.1
1142460 1599.1
1142470 1603.6
1142480 1605.5
1142490 1605.5
1142500 1600.4
1142510 1594.9
1142520 1594.9
1142530 1592.5
1142540 1591.7
1142550 1599.5
1142560 1596.5
1142570 1596.1
1142580 1596.1
1142590 1603.0
1142600 1611.9
1142610 1611.9
1142620 1619.0
1142630 1624.8
1142640 1630.9
1142650 1630.9
1142660 1637.6
1142670 1642.8
1142680 1642.8
1142690 1643.4
1142700 1646.5
1142710 1646.5
1142720 1651.3
1142730 1655.1
1142740 1655.1
1142750 1660.3
1142760 1665.4
1142770 1665.4
1142780 1669.8
1142790 1673.6
1142800 1673.6
1142810 1678.2
1142820 1684.6
1142830 1684.6
1142840 1691.3
1142850 1696.8
1142860 1703.5
1142870 1703.5
1142880 1709.7
1142890 1714.1
1142900 1714.1
1142910 1719.6
1142920 1732.1
1142930 1732.1
1142940 1736.9
1142950 1742.9
1142960 1742.9
1142970 1749.5
1142980 1754.5
1142990 1754.5
1143000 1761.0
1143010 1768.2
1143020 1768.2
1143030 1775.6
1143040 1782.6
1143050 1789.8
1143060 1789.8
1143070 1796.9
1143080 1807.1
1143090 1807.1
1143100 1812.7
1143110 1814.7
1143120 1814.7
1143130 1815.6
1143140 1817.0
1143150 1817.0
1143160 1819.1
1143170 1821.9
1143180 1821.9
1143190 1823.6
1143200 1825.4
1143210 1825.4
1143220 1826.8
1143230 1825.1
1143240 1825.1
1143250 1822.6
1143260 1813.4
1143270 1825.3
1143280 1825.3
1143290 1836.2
1143300 1841.4
1143310 1841.4
1143320 1845.4
1143330 1849.3
1143340 1849.3
1143350 1857.1
1143360 1865.0
1143370 1865.0
1143380 1869.2
1143390 1872.7
1143400 1872.7
1143410 1877.8
1143420 1884.0
1143430 1884.0
1143440 1890.6
1143450 1896.7
1143460 1896.7
1143470 1903.2
1143480 1910.0
1143490 1917.6
1143500 1917.6
1143510 1924.2
1143520 1929.7
1143530 1929.7
1143540 1933.8
1143550 1938.6
1143560 1938.6
1143570 1943.0
1143580 1946.2
1143590 1946.2
1143600 1949.8
1143610 1954.1
1143620 1954.1
1143630 1959.1
1143640 1961.5
1143650 1961.5
1143660 1971.5
1143670 1973.1
1143680 1976.1
1143690 1976.1
1143700 1982.7
1143710 1994.3
1143720 1994.3
1143730 2004.8
1143740 2008.9
1143750 2008.9
1143760 2012.9
1143770 2017.5
1143780 2017.5
1143790 2024.0
1143800 2034.4
1143810 2034.4
1143820 2044.0
1143830 2047.4
1143840 2047.4
1143850 2052.5
1143860 2054.9
1143870 2054.9
1143880 2057.5
1143890 2060.2
1143900 2063.7
1143910 2063.7
1143920 2071.0
1143930 2076.8
1143940 2076.8
1143950 2085.0
1143960 2090.5
1143970 2090.5
1143980 2093.0
1143990 2095.2
1144000 2095.2
1144010 2097.2
1144020 2102.4
1144030 2110.9
1144040 2120.6
1144050 2124.8
1144060 2124.8
1144070 2124.1
1144080 2126.1
1144090 2126.1
1144100 2130.7
1144110 2135.8
1144120 2141.3
1144130 2141.3
1144140 2148.8
1144150 2155.3
1144160 2155.3
1144170 2162.0
1144180 2169.2
1144190 2169.2
1144200 2175.2
1144210 2180.3
1144220 2180.3
1144230 2186.1
1144240 2191.6
1144250 2191.6
1144260 2198.8
1144270 2207.0
1144280 2207.0
1144290 2214.5
1144300 2222.0
1144310 2230.1
1144320 2230.1
1144330 2236.9
1144340 2243.7
1144350 2243.7
1144360 2251.3
1144370 2259.0
1144380 2259.0
1144390 2266.5
1144400 2277.4
1144410 2277.4
1144420 2284.5
1144430 2292.5
1144440 2292.5
1144450 2299.8
1144460 2307.5
1144470 2307.5
1144480 2315.0
1144490 2322.4
1144500 2322.4
1144510 2330.5
1144520 2339.4
1144530 2346.4
1144540 2346.4
1144550 2351.2
1144560 2354.1
1144570 2354.1
1144580 2353.8
1144590 2350.9
1144600 2350.9
1144610 2347.7
1144620 2343.5
1144630 2343.5
1144640 2338.2
1144650 2334.7
1144660 2334.7
1144670 2336.0
1144680 2337.9
1144690 2337.9
1144700 2340.4
1144710 2344.7
1144720 2351.6
1144730 2351.6
1144740 2359.8
1144750 2368.6
1144760 2368.6
1144770 2378.1
1144780 2390.1
1144790 2390.1
1144800 2398.9
1144810 2406.7
1144820 2406.7
1144830 2412.7
1144840 2418.3
1144850 2418.3
1144860 2424.3
1144870 2430.8
1144880 2430.8
1144890 2435.6
1144900 2438.0
1144910 2438.0
1144920 2433.0
1144930 2419.6
1144940 2406.3
1144950 2406.3
1144960 2397.6
1144970 2389.0
1144980 2389.0
1144990 2381.1
1145000 2373.8
1145010 2373.8
1145020 2366.9
1145030 2360.7
1145040 2360.7
1145050 2354.6
1145060 2348.4
1145070 2348.4
1145080 2340.4
1145090 2333.3
1145100 2333.3
1145110 2328.0
1145120 2322.8
1145130 2322.8
1145140 2316.4
1145150 2306.8
1145160 2301.3
1145170 2301.3
1145180 2297.0
1145190 2293.8
1145200 2293.8
1145210 2289.8
1145220 2284.9
1145230 2284.9
1145240 2279.8
1145250 2274.2
1145260 2274.2
1145270 2267.1
1145280 2259.1
1145290 2259.1
1145300 2251.8
1145310 2245.6
1145320 2245.6
1145330 2240.2
1145340 2235.6
1145350 2231.1
1145360 2231.1
1145370 2226.5
1145380 2222.5
1145390 2222.5
1145400 2219.5
1145410 2216.1
1145420 2216.1
1145430 2211.1
1145440 2203.3
1145450 2203.3
1145460 2194.3
1145470 2186.7
1145480 2186.7
1145490 2181.1
1145500 2173.6
1145510 2173.6
1145520 2167.2
1145530 2160.1
1145540 2160.1
1145550 2154.0
1145560 2147.6
1145570 2138.5
1145580 2138.5
1145590 2125.6
1145600 2114.3
1145610 2114.3
1145620 2099.7
1145630 2086.9
1145640 2086.9
1145650 2077.6
1145660 2069.1
1145670 2069.1
1145680 2061.6
1145690 2054.0
1145700 2054.0
1145710 2046.0
1145720 2038.9
1145730 2038.9
1145740 2031.5
1145750 2019.9
1145760 2019.9
1145770 2010.3
1145780 2002.7
1145790 1995.9
1145800 1995.9
1145810 1988.6
1145820 1979.8
1145830 1979.8
1145840 1971.2
1145850 1956.1
1145860 1956.1
1145870 1940.3
1145880 1928.6
1145890 1928.6
1145900 1916.0
1145910 1905.9
1145920 1905.9
1145930 1896.4
1145940 1884.7
1145950 1884.7
1145960 1871.3
1145970 1859.5
1145980 1849.2
1145990 1849.2
1146000 1840.8
1146010 1833.6
1146020 1833.6
1146030 1826.5
1146040 1818.9
1146050 1818.9
1146060 1810.5
1146070 1801.2
1146080 1801.2
1146090 1792.6
1146100 1783.8
1146110 1783.8
1146120 1776.8
1146130 1769.9
1146140 1769.9
1146150 1764.1
1146160 1758.7
1146170 1758.7
1146180 1750.7
1146190 1740.8
1146200 1731.4
1146210 1731.4
1146220 1723.8
1146230 1717.9
1146240 1717.9
1146250 1712.4
1146260 1706.5
1146270 1706.5
1146280 1700.9
1146290 1695.7
1146300 1695.7
1146310 1691.0
1146320 1686.3
1146330 1686.3
1146340 1682.2
1146350 1678.7
1146360 1678.7
1146370 1675.0
1146380 1671.0
1146390 1671.0
1146400 1668.5
1146410 1668.2
1146420 1670.1
1146430 1670.1
1146440 1672.5
1146450 1674.0
1146460 1674.0
1146470 1675.9
1146480 1679.1
1146490 1679.1
1146500 1682.4
1146510 1681.8
1146520 1681.8
1146530 1680.9
1146540 1681.1
1146550 1681.1
1146560 1682.5
1146570 1683.9
1146580 1683.9
1146590 1683.0
1146600 1680.1
1146610 1676.9
1146620 1676.9
1146630 1675.6
1146640 1675.8
1146650 1675.8
1146660 1676.1
1146670 1678.1
1146680 1678.1
1146690 1682.7
1146700 1688.3
1146710 1688.3
1146720 1692.1
1146730 1695.2
1146740 1695.2
1146750 1698.4
1146760 1701.3
1146770 1701.3
1146780 1705.2
1146790 1709.3
1146800 1709.3
1146810 1713.1
1146820 1719.6
1146830 1728.7
1146840 1728.7
1146850 1739.7
1146860 1751.7
1146870 1751.7
1146880 1763.0
1146890 1770.4
1146900 1770.4
1146910 1775.3
1146920 1779.2
1146930 1779.2
1146940 1783.6
1146950 1789.1
1146960 1789.1
1146970 1795.0
1146980 1800.8
1146990 1800.8
1147000 1805.8
1147010 1811.9
1147020 1814.5
1147030 1823.0
1147040 1830.3
1147050 1834.9
1147060 1834.9
1147070 1838.2
1147080 1843.3
1147090 1843.3
1147100 1848.8
1147110 1853.9
1147120 1853.9
1147130 1857.8
1147140 1861.2
1147150 1861.2
1147160 1864.1
1147170 1868.5
1147180 1868.5
1147190 1873.5
1147200 1879.4
1147210 1879.4
1147220 1885.1
1147230 1890.5
1147240 1896.6
1147250 1896.6
1147260 1902.8
1147270 1909.3
1147280 1909.3
1147290 1914.5
1147300 1918.7
1147310 1918.7
1147320 1922.6
1147330 1926.0
1147340 1926.0
1147350 1929.7
1147360 1933.1
1147370 1933.1
1147380 1936.8
1147390 1945.7
1147400 1945.7
1147410 1951.4
1147420 1957.5
1147430 1957.5
1147440 1963.8
1147450 1971.0
1147460 1978.4
1147470 1978.4
1147480 1985.7
1147490 1991.9
1147500 1991.9
1147510 1996.8
1147520 2000.1
1147530 2000.1
1147540 2002.4
1147550 2005.5
1147560 2005.5
1147570 2009.3
1147580 2012.2
1147590 2012.2
1147600 2016.1
1147610 2019.4
1147620 2019.4
1147630 2023.8
1147640 2029.5
1147650 2035.4
1147660 2035.4
1147670 2039.7
1147680 2040.0
1147690 2040.0
1147700 2041.9
1147710 2044.1
1147720 2044.1
1147730 2046.9
1147740 2052.2
1147750 2052.2
1147760 2057.3
1147770 2067.3
1147780 2067.3
1147790 2071.9
1147800 2077.1
1147810 2077.1
1147820 2082.3
1147830 2087.4
1147840 2087.4
1147850 2092.7
1147860 2099.9
1147870 2107.4
1147880 2107.4
1147890 2115.6
1147900 2124.4
1147910 2124.4
1147920 2132.1
1147930 2137.1
1147940 2137.1
1147950 2140.1
1147960 2143.7
1147970 2143.7
1147980 2150.5
1147990 2156.6
1148000 2156.6
1148010 2163.0
1148020 2170.1
1148030 2170.1
1148040 2178.1
1148050 2186.5
1148060 2186.5
1148070 2196.0
1148080 2206.0
1148090 2215.1
1148100 2215.1
1148110 2223.0
1148120 2230.9
1148130 2230.9
1148140 2238.1
1148150 2245.6
1148160 2245.6
1148170 2251.8
1148180 2258.0
1148190 2258.0
1148200 2266.0
1148210 2274.5
1148220 2274.5
1148230 2282.4
1148240 2290.1
1148250 2290.1
1148260 2297.0
1148270 2301.5
1148280 2306.3
1148290 2306.3
1148300 2314.7
1148310 2323.2
1148320 2323.2
1148330 2329.5
1148340 2335.9
1148350 2335.9
1148360 2341.2
1148370 2346.7
1148380 2346.7
1148390 2351.9
1148400 2356.1
1148410 2356.1
1148420 2360.5
1148430 2366.6
1148440 2366.6
1148450 2374.0
1148460 2381.8
1148470 2381.8
1148480 2388.0
1148490 2394.3
1148500 2401.2
1148510 2401.2
1148520 2411.8
1148530 2419.2
1148540 2419.2
1148550 2426.1
1148560 2431.1
1148570 2431.1
1148580 2428.1
1148590 2424.7
1148600 2424.7
1148610 2426.8
1148620 2428.3
1148630 2428.3
1148640 2428.5
1148650 2431.2
1148660 2431.2
1148670 2434.6
1148680 2438.2
1148690 2438.2
1148700 2443.4
1148710 2445.3
1148720 2446.8
1148730 2446.8
1148740 2450.6
1148750 2456.9
1148760 2456.9
1148770 2462.5
1148780 2469.0
1148790 2469.0
1148800 2476.6
1148810 2482.5
1148820 2482.5
1148830 2487.3
1148840 2494.0
1148850 2494.0
1148860 2501.3
1148870 2509.0
1148880 2509.0
1148890 2516.6
1148900 2523.2
1148910 2529.0
1148920 2529.0
1148930 2535.9
1148940 2544.0
1148950 2544.0
1148960 2552.7
1148970 2561.0
1148980 2561.0
1148990 2568.1
1149000 2574.5
1149010 2574.5
1149020 2581.2
1149030 2587.2
1149040 2587.2
1149050 2590.4
1149060 2592.0
1149070 2592.0
1149080 2592.6
1149090 2592.5
1149100 2592.5
1149110 2594.3
1149120 2597.9
1149130 2601.7
1149140 2601.7
1149150 2606.1
1149160 2609.4
1149170 2609.4
1149180 2610.2
1149190 2610.8
1149200 2610.8
1149210 2611.5
1149220 2612.4
1149230 2612.4
1149240 2613.3
1149250 2614.0
1149260 2614.0
1149270 2614.7
1149280 2613.7
1149290 2613.7
1149300 2614.4
1149310 2614.8
1149320 2614.8
1149330 2614.8
1149340 2613.8
1149350 2609.8
1149360 2609.8
1149370 2607.6
1149380 2609.1
1149390 2609.1
1149400 2609.4
1149410 2608.6
1149420 2608.6
1149430 2607.9
1149440 2606.8
1149450 2606.8
1149460 2603.2
1149470 2601.5
1149480 2601.5
1149490 2604.5
1149500 2604.0
1149510 2604.0
1149520 2600.3
1149530 2596.2
1149540 2587.6
1149550 2587.6
1149560 2581.2
1149570 2576.5
1149580 2576.5
1149590 2574.8
1149600 2572.9
1149610 2572.9
1149620 2570.8
1149630 2569.6
1149640 2569.6
1149650 2563.3
1149660 2559.9
1149670 2559.9
1149680 2556.3
1149690 2551.1
1149700 2551.1
1149710 2542.0
1149720 2529.8
1149730 2529.8
1149740 2523.0
1149750 2515.2
1149760 2508.4
1149770 2508.4
1149780 2501.0
1149790 2491.3
1149800 2491.3
1149810 2482.6
1149820 2475.5
1149830 2475.5
1149840 2470.6
1149850 2470.6
1149860 2470.6
1149870 2471.6
1149880 2471.7
1149890 2471.7
1149900 2470.7
1149910 2469.3
1149920 2469.3
1149930 2468.7
1149940 2468.6
1149950 2468.0
1149960 2468.0
1149970 2466.8
1149980 2464.1
1149990 2464.1
1150000 2462.0
1150010 2460.7
1150020 2460.7
1150030 2461.1
1150040 2459.0
1150050 2459.0
1150060 2457.2
1150070 2454.9
1150080 2454.9
1150090 2453.6
1150100 2454.0
1150110 2454.0
1150120 2451.6
1150130 2450.9
1150140 2450.9
1150150 2451.4
1150160 2452.6
1150170 2454.2
1150180 2454.2
1150190 2456.1
1150200 2457.3
1150210 2457.3
1150220 2457.9
1150230 2458.5
1150240 2458.5
1150250 2459.6
1150260 2461.1
1150270 2461.1
1150280 2462.8
1150290 2464.4
1150300 2464.4
1150310 2466.9
1150320 2471.2
1150330 2471.2
1150340 2474.9
1150350 2479.8
1150360 2479.8
1150370 2484.7
1150380 2486.2
1150390 2487.0
1150400 2487.0
1150410 2488.2
1150420 2490.3
1150430 2490.3
1150440 2493.5
1150450 2496.8
1150460 2496.8
1150470 2499.8
1150480 2502.6
1150490 2502.6
1150500 2506.1
1150510 2510.9
1150520 2510.9
1150530 2515.8
1150540 2522.8
1150550 2522.8
1150560 2529.3
1150570 2530.0
1150580 2530.4
1150590 2530.4
1150600 2529.6
1150610 2528.0
1150620 2528.0
1150630 2528.1
1150640 2525.1
1150650 2525.1
1150660 2520.9
1150670 2519.8
1150680 2519.8
1150690 2522.1
1150700 2522.7
1150710 2522.7
1150720 2524.6
1150730 2527.4
1150740 2527.4
1150750 2528.8
1150760 2531.4
1150770 2531.4
1150780 2535.2
1150790 2537.7
1150800 2542.4
1150810 2542.4
1150820 2548.9
1150830 2554.0
1150840 2554.0
1150850 2560.5
1150860 2564.7
1150870 2564.7
1150880 2567.2
1150890 2570.8
1150900 2570.8
1150910 2576.7
1150920 2583.3
1150930 2583.3
1150940 2590.3
1150950 2596.1
1150960 2596.1
1150970 2600.4
1150980 2604.4
1150990 2604.4
1151000 2607.9
1151010 2612.3
1151020 2617.8
1151030 2617.8
1151040 2623.7
1151050 2629.4
1151060 2629.4
1151070 2635.0
1151080 2639.9
1151090 2639.9
1151100 2646.1
1151110 2651.6
1151120 2651.6
1151130 2657.0
1151140 2662.9
1151150 2662.9
1151160 2668.2
1151170 2676.4
1151180 2676.4
1151190 2681.8
1151200 2687.7
1151210 2693.8
1151220 2693.8
1151230 2699.1
1151240 2703.8
1151250 2703.8
1151260 2708.7
1151270 2713.7
1151280 2713.7
1151290 2718.9
1151300 2723.8
1151310 2723.8
1151320 2728.3
1151330 2733.3
1151340 2733.3
1151350 2739.3
1151360 2746.3
1151370 2746.3
1151380 2753.0
1151390 2760.6
1151400 2760.6
1151410 2769.0
1151420 2777.5
1151430 2786.7
1151440 2786.7
1151450 2797.3
1151460 2809.8
1151470 2809.8
1151480 2824.7
1151490 2837.1
1151500 2837.1
1151510 2851.6
1151520 2866.7
1151530 2866.7
1151540 2883.6
1151550 2907.0
1151560 2907.0
1151570 2909.0
1151580 2907.1
1151590 2907.1
1151600 2905.0
1151610 2901.5
1151620 2901.5
1151630 2900.8
1151640 2899.3
1151650 2898.0
1151660 2898.0
1151670 2897.3
1151680 2898.6
1151690 2898.6
1151700 2901.5
1151710 2905.0
1151720 2905.0
1151730 2908.3
1151740 2910.3
1151750 2910.3
1151760 2909.9
1151770 2910.9
1151780 2910.9
1151790 2912.0
1151800 2912.3
1151810 2912.3
1151820 2911.3
1151830 2910.7
1151840 2912.8
1151850 2912.8
1151860 2917.5
1151870 2921.6
1151880 2921.6
1151890 2926.7
1151900 2932.2
1151910 2932.2
1151920 2938.6
1151930 2949.8
1151940 2949.8
1151950 2954.8
1151960 2961.4
1151970 2961.4
1151980 2968.4
1151990 2972.4
1152000 2972.4
1152010 2976.0
1152020 2981.8
1152030 2981.8
1152040 2988.1
1152050 2994.5
1152060 3001.9
1152070 3001.9
1152080 3009.5
1152090 3019.9
1152100 3019.9
1152110 3022.4
1152120 3015.5
1152130 3015.5
1152140 3007.2
1152150 2998.5
1152160 2998.5
1152170 2991.3
1152180 2984.3
1152190 2984.3
1152200 2977.5
1152210 2969.8
1152220 2969.8
1152230 2961.8
1152240 2954.6
1152250 2950.0
1152260 2950.0
1152270 2943.7
1152280 2939.5
1152290 2939.5
1152300 2934.5
1152310 2913.3
1152320 2913.3
1152330 2908.4
1152340 2901.1
1152350 2901.1
1152360 2891.8
1152370 2881.0
1152380 2881.0
1152390 2866.7
1152400 2855.4
1152410 2855.4
1152420 2841.5
1152430 2832.6
1152440 2832.6
1152450 2820.1
1152460 2811.5
1152470 2808.5
1152480 2808.5
1152490 2802.7
1152500 2800.9
1152510 2800.9
1152520 2805.8
1152530 2793.7
1152540 2793.7
1152550 2784.6
1152560 2781.9
1152570 2781.9
1152580 2784.2
1152590 2794.7
1152600 2794.7
1152610 2798.9
1152620 2784.5
1152630 2784.5
1152640 2764.1
1152650 2750.2
1152660 2750.2
1152670 2745.2
1152680 2742.4
1152690 2733.1
1152700 2733.1
1152710 2729.5
1152720 2727.2
1152730 2727.2
1152740 2725.2
1152750 2723.5
1152760 2723.5
1152770 2721.3
1152780 2719.3
1152790 2719.3
1152800 2716.7
1152810 2714.1
1152820 2714.1
1152830 2714.0
1152840 2714.0
1152850 2714.0
1152860 2713.2
1152870 2714.9
1152880 2720.1
1152890 2720.1
1152900 2726.2
1152910 2732.4
1152920 2732.4
1152930 2738.0
1152940 2743.1
1152950 2743.1
1152960 2747.8
1152970 2752.0
1152980 2752.0
1152990 2755.2
1153000 2757.0
1153010 2757.0
1153020 2768.7
1153030 2790.0
1153040 2790.0
1153050 2795.3
1153060 2803.8
1153070 2803.8
1153080 2792.4
1153090 2769.8
1153100 2777.1
1153110 2777.1
1153120 2796.1
1153130 2804.9
1153140 2804.9
1153150 2813.0
1153160 2818.5
1153170 2818.5
1153180 2824.8
1153190 2831.4
1153200 2831.4
1153210 2835.5
1153220 2819.6
1153230 2819.6
1153240 2783.3
1153250 2761.0
1153260 2761.0
1153270 2762.0
1153280 2758.5
1153290 2758.5
1153300 2748.5
1153310 2747.1
1153320 2752.1
1153330 2752.1
1153340 2762.5
1153350 2770.0
1153360 2770.0
1153370 2770.7
1153380 2770.8
1153390 2770.8
1153400 2773.2
1153410 2772.9
1153420 2772.9
1153430 2765.8
1153440 2755.8
1153450 2755.8
1153460 2733.6
1153470 2733.7
1153480 2733.7
1153490 2736.0
1153500 2741.4
1153510 2747.0
1153520 2747.0
1153530 2743.3
1153540 2742.0
1153550 2742.0
1153560 2746.2
1153570 2750.6
1153580 2750.6
1153590 2751.9
1153600 2751.7
1153610 2751.7
1153620 2749.7
1153630 2748.7
1153640 2748.7
1153650 2748.7
1153660 2748.7
1153670 2748.7
1153680 2747.9
1153690 2744.5
1153700 2744.5
1153710 2738.8
1153720 2734.9
1153730 2731.7
1153740 2731.7
1153750 2728.6
1153760 2723.3
1153770 2723.3
1153780 2719.1
1153790 2711.2
1153800 2711.2
1153810 2704.6
1153820 2702.9
1153830 2702.9
1153840 2688.2
1153850 2684.2
1153860 2684.2
1153870 2681.7
1153880 2679.2
1153890 2679.2
1153900 2677.6
1153910 2678.0
1153920 2678.0
1153930 2678.0
1153940 2674.9
1153950 2672.1
1153960 2672.1
1153970 2669.1
1153980 2667.2
1153990 2667.2
1154000 2666.5
1154010 2666.3
1154020 2666.3
1154030 2666.9
1154040 2667.5
1154050 2667.5
1154060 2670.7
1154070 2670.7
1154080 2670.7
1154090 2668.6
1154100 2669.7
1154110 2669.7
1154120 2671.0
1154130 2672.1
1154140 2673.2
1154150 2673.2
1154160 2675.1
1154170 2677.6
1154180 2677.6
1154190 2678.3
1154200 2678.9
1154210 2678.9
1154220 2669.7
1154230 2669.4
1154240 2669.4
1154250 2672.0
1154260 2675.2
1154270 2675.2
1154280 2676.4
1154290 2679.2
1154300 2679.2
1154310 2683.3
1154320 2688.2
1154330 2688.2
1154340 2691.1
1154350 2693.9
1154360 2696.5
1154370 2696.5
1154380 2699.8
1154390 2702.6
1154400 2702.6
1154410 2705.0
1154420 2708.0
1154430 2708.0
1154440 2711.1
1154450 2714.1
1154460 2714.1
1154470 2712.4
1154480 2711.0
1154490 2711.0
1154500 2713.8
1154510 2717.0
1154520 2717.0
1154530 2719.8
1154540 2723.1
1154550 2726.2
1154560 2726.2
1154570 2730.4
1154580 2734.5
1154590 2734.5
1154600 2738.2
1154610 2740.0
1154620 2740.0
1154630 2738.9
1154640 2728.9
1154650 2728.9
1154660 2717.7
1154670 2711.6
1154680 2711.6
1154690 2706.0
1154700 2700.1
1154710 2700.1
1154720 2694.2
1154730 2686.2
1154740 2686.2
1154750 2674.2
1154760 2661.7
1154770 2652.9
1154780 2652.9
1154790 2646.3
1154800 2640.7
1154810 2640.7
1154820 2634.8
1154830 2628.6
1154840 2628.6
1154850 2623.1
1154860 2618.1
1154870 2618.1
1154880 2612.7
1154890 2606.9
1154900 2606.9
1154910 2601.4
1154920 2596.2
1154930 2596.2
1154940 2591.3
1154950 2587.0
1154960 2587.0
1154970 2583.6
1154980 2581.1
1154990 2577.5
1155000 2577.5
1155010 2576.0
1155020 2575.2
1155030 2575.2
1155040 2574.7
1155050 2574.8
1155060 2574.8
1155070 2574.6
1155080 2574.1
1155090 2574.1
1155100 2573.7
1155110 2570.6
1155120 2570.6
1155130 2571.5
1155140 2574.6
1155150 2574.6
1155160 2575.6
1155170 2575.7
1155180 2577.5
1155190 2577.5
1155200 2580.8
1155210 2583.8
1155220 2583.8
1155230 2586.1
1155240 2586.8
1155250 2586.8
1155260 2586.9
1155270 2586.3
1155280 2586.3
1155290 2585.5
1155300 2584.2
1155310 2584.2
1155320 2582.5
1155330 2581.6
1155340 2581.6
1155350 2580.5
1155360 2579.4
1155370 2579.4
1155380 2571.3
1155390 2568.2
1155400 2564.6
1155410 2564.6
1155420 2561.0
1155430 2557.9
1155440 2557.9
1155450 2555.9
1155460 2553.7
1155470 2553.7
1155480 2552.2
1155490 2551.4
1155500 2551.4
1155510 2550.5
1155520 2548.5
1155530 2548.5
1155540 2545.4
1155550 2541.1
1155560 2541.1
1155570 2536.7
1155580 2533.1
1155590 2530.7
1155600 2530.7
1155610 2528.9
1155620 2527.9
1155630 2527.9
1155640 2527.2
1155650 2525.6
1155660 2525.6
1155670 2521.8
1155680 2517.4
1155690 2517.4
1155700 2519.7
1155710 2521.1
1155720 2521.1
1155730 2520.2
1155740 2519.2
1155750 2519.2
1155760 2515.2
1155770 2514.9
1155780 2514.9
1155790 2515.2
1155800 2515.0
1155810 2515.4
1155820 2515.4
1155830 2515.7
1155840 2516.0
1155850 2516.0
1155860 2517.3
1155870 2519.0
1155880 2519.0
1155890 2519.7
1155900 2519.3
1155910 2519.3
1155920 2517.3
1155930 2516.2
1155940 2516.2
1155950 2515.8
1155960 2515.1
1155970 2515.1
1155980 2514.7
1155990 2514.6
1156000 2514.6
1156010 2514.7
1156020 2515.1
1156030 2514.9
1156040 2514.9
1156050 2513.4
1156060 2511.9
1156070 2511.9
1156080 2510.6
1156090 2509.3
1156100 2509.3
1156110 2508.2
1156120 2507.0
1156130 2507.0
1156140 2504.8
1156150 2503.8
1156160 2503.8
1156170 2500.6
1156180 2497.9
1156190 2497.9
1156200 2495.5
1156210 2492.0
1156220 2489.3
1156230 2489.3
1156240 2487.7
1156250 2487.7
1156260 2487.7
1156270 2488.1
1156280 2488.8
1156290 2488.8
1156300 2489.6
1156310 2491.2
1156320 2491.2
1156330 2492.8
1156340 2495.9
1156350 2495.9
1156360 2501.4
1156370 2507.0
1156380 2507.0
1156390 2512.5
1156400 2518.1
1156410 2518.1
1156420 2523.1
1156430 2528.0
1156440 2534.1
1156450 2534.1
1156460 2540.4
1156470 2546.4
1156480 2546.4
1156490 2551.1
1156500 2554.4
1156510 2554.4
1156520 2557.4
1156530 2557.5
1156540 2557.5
1156550 2562.7
1156560 2568.8
1156570 2568.8
1156580 2575.4
1156590 2581.2
1156600 2581.2
1156610 2586.6
1156620 2592.1
1156630 2592.1
1156640 2597.6
1156650 2603.5
1156660 2611.0
1156670 2611.0
1156680 2619.6
1156690 2627.9
1156700 2627.9
1156710 2635.9
1156720 2643.9
1156730 2643.9
1156740 2652.1
1156750 2660.2
1156760 2660.2
1156770 2665.9
1156780 2669.0
1156790 2669.0
1156800 2673.2
1156810 2677.5
1156820 2677.5
1156830 2681.8
1156840 2686.2
1156850 2690.2
1156860 2690.2
1156870 2693.1
1156880 2695.2
1156890 2695.2
1156900 2698.6
1156910 2703.8
1156920 2702.5
1156930 2708.0
1156940 2711.5
1156950 2711.5
1156960 2711.5
1156970 2707.4
1156980 2707.4
1156990 2702.5
1157000 2697.2
1157010 2697.2
1157020 2688.8
1157030 2681.1
1157040 2681.1
1157050 2674.6
1157060 2667.9
1157070 2662.1
1157080 2662.1
1157090 2655.0
1157100 2646.7
1157110 2646.7
1157120 2638.6
1157130 2631.2
1157140 2631.2
1157150 2623.7
1157160 2616.8
1157170 2616.8
1157180 2609.7
1157190 2602.7
1157200 2602.7
1157210 2596.2
1157220 2590.3
1157230 2590.3
1157240 2584.3
1157250 2578.6
1157260 2572.9
1157270 2572.9
1157280 2567.1
1157290 2561.3
1157300 2560.2
1157310 2555.1
1157320 2550.8
1157330 2550.8
1157340 2547.1
1157350 2543.4
1157360 2543.4
1157370 2539.0
1157380 2533.8
1157390 2533.8
1157400 2528.3
1157410 2522.7
1157420 2522.7
1157430 2516.8
1157440 2511.1
1157450 2511.1
1157460 2505.3
1157470 2499.8
1157480 2494.6
1157490 2494.6
1157500 2489.2
1157510 2483.1
1157520 2483.1
1157530 2477.5
1157540 2472.0
1157550 2472.0
1157560 2466.0
1157570 2459.6
1157580 2459.6
1157590 2454.0
1157600 2448.4
1157610 2448.4
1157620 2442.0
1157630 2435.8
1157640 2435.8
1157650 2431.9
1157660 2429.6
1157670 2429.6
1157680 2427.9
1157690 2427.2
1157700 2422.7
1157710 2422.7
1157720 2418.5
1157730 2414.3
1157740 2414.3
1157750 2409.5
1157760 2405.7
1157770 2405.7
1157780 2402.5
1157790 2398.4
1157800 2398.4
1157810 2394.0
1157820 2390.6
1157830 2390.6
1157840 2387.5
1157850 2384.7
1157860 2384.7
1157870 2382.8
1157880 2380.9
1157890 2377.6
1157900 2377.6
1157910 2375.1
1157920 2373.6
1157930 2373.6
1157940 2370.8
1157950 2367.3
1157960 2367.3
1157970 2366.1
1157980 2366.1
1157990 2366.1
1158000 2366.1
1158010 2365.0
1158020 2365.0
1158030 2364.3
1158040 2364.0
1158050 2364.0
1158060 2363.7
1158070 2363.2
1158080 2361.7
1158090 2360.7
1158100 2360.4
1158110 2360.9
1158120 2360.9
1158130 2360.9
1158140 2360.6
1158150 2360.6
1158160 2360.7
1158170 2360.8
1158180 2360.8
1158190 2361.2
1158200 2361.6
1158210 2361.6
1158220 2361.5
1158230 2360.9
1158240 2360.9
1158250 2360.9
1158260 2360.4
1158270 2360.4
1158280 2361.1
1158290 2361.3
1158300 2361.3
1158310 2362.4
1158320 2364.1
1158330 2366.9
1158340 2366.9
1158350 2369.5
1158360 2370.9
1158370 2370.9
1158380 2372.4
1158390 2373.1
1158400 2373.1
1158410 2373.7
1158420 2375.3
1158430 2375.3
1158440 2377.3
1158450 2379.2
1158460 2379.2
1158470 2377.1
1158480 2378.8
1158490 2378.8
1158500 2380.7
1158510 2382.8
1158520 2384.2
1158530 2384.2
1158540 2386.4
1158550 2390.2
1158560 2390.2
1158570 2393.6
1158580 2397.0
1158590 2397.0
1158600 2400.0
1158610 2402.9
1158620 2402.9
1158630 2405.2
1158640 2408.5
1158650 2408.5
1158660 2411.2
1158670 2413.8
1158680 2413.8
1158690 2417.4
1158700 2423.3
1158710 2423.3
1158720 2430.5
1158730 2437.0
1158740 2443.2
1158750 2443.2
1158760 2449.6
1158770 2456.3
1158780 2456.3
1158790 2461.9
1158800 2465.9
1158810 2465.9
1158820 2470.2
1158830 2474.6
1158840 2474.6
1158850 2479.2
1158860 2478.1
1158870 2478.1
1158880 2482.1
1158890 2485.7
1158900 2485.7
1158910 2489.0
1158920 2492.3
1158930 2494.6
1158940 2494.6
1158950 2495.7
1158960 2494.5
1158970 2494.5
1158980 2492.2
1158990 2489.5
1159000 2489.5
1159010 2486.9
1159020 2485.0
1159030 2485.0
1159040 2482.9
1159050 2480.5
1159060 2480.5
1159070 2478.2
1159080 2475.1
1159090 2475.1
1159100 2472.1
1159110 2469.7
1159120 2469.7
1159130 2466.4
1159140 2462.1
1159150 2458.2
1159160 2458.2
1159170 2454.1
1159180 2449.8
1159190 2449.8
1159200 2445.6
1159210 2442.1
1159220 2442.1
1159230 2439.6
1159240 2429.5
1159250 2429.5
1159260 2426.6
1159270 2428.1
1159280 2428.1
1159290 2430.1
1159300 2429.6
1159310 2429.6
1159320 2432.6
1159330 2436.5
1159340 2436.5
1159350 2440.4
1159360 2443.2
1159370 2445.6
1159380 2445.6
1159390 2448.8
1159400 2451.6
1159410 2451.6
1159420 2454.9
1159430 2457.8
1159440 2457.8
1159450 2460.2
1159460 2463.6
1159470 2463.6
1159480 2467.8
1159490 2472.3
1159500 2472.3
1159510 2477.1
1159520 2481.9
1159530 2481.9
1159540 2485.5
1159550 2487.2
1159560 2487.1
1159570 2487.1
1159580 2485.9
1159590 2481.7
1159600 2481.7
1159610 2477.6
1159620 2474.4
1159630 2468.0
1159640 2466.5
1159650 2465.6
1159660 2465.6
1159670 2465.4
1159680 2464.8
1159690 2464.8
1159700 2464.4
1159710 2464.1
1159720 2464.1
1159730 2463.8
1159740 2465.2
1159750 2465.2
1159760 2467.1
1159770 2467.1
1159780 2467.5
1159790 2467.5
1159800 2468.8
1159810 2470.2
1159820 2470.2
1159830 2472.3
1159840 2473.9
1159850 2473.9
1159860 2473.9
1159870 2473.5
1159880 2473.5
1159890 2473.5
1159900 2473.2
1159910 2473.2
1159920 2471.4
1159930 2468.6
1159940 2468.6
1159950 2463.5
1159960 2456.9
1159970 2456.9
1159980 2448.7
1159990 2442.8
