1140000 1745.4
1140010 1749.7
1140020 1753.1
1140030 1753.1
1140040 1752.3
1140050 1750.3
1140060 1750.3
1140070 1751.4
1140080 1753.7
1140090 1753.7
1140100 1755.3
1140110 1755.5
1140120 1755.5
1140130 1756.1
1140140 1756.5
1140150 1756.5
1140160 1756.8
1140170 1757.1
1140180 1757.1
1140190 1757.1
1140200 1756.9
1140210 1756.5
1140220 1756.5
1140230 1755.7
1140240 1754.8
1140250 1747.6
1140260 1746.5
1140270 1744.7
1140280 1744.7
1140290 1742.3
1140300 1735.9
1140310 1735.9
1140320 1730.2
1140330 1733.4
1140340 1733.4
1140350 1733.4
1140360 1731.1
1140370 1731.1
1140380 1728.0
1140390 1724.8
1140400 1724.8
1140410 1721.3
1140420 1717.7
1140430 1713.3
1140440 1713.3
1140450 1708.6
1140460 1705.0
1140470 1705.0
1140480 1703.0
1140490 1700.8
1140500 1700.8
1140510 1697.2
1140520 1691.8
1140530 1691.8
1140540 1685.0
1140550 1676.0
1140560 1676.0
1140570 1667.5
1140580 1661.7
1140590 1661.7
1140600 1658.0
1140610 1657.2
1140620 1643.2
1140630 1643.2
1140640 1638.8
1140650 1630.0
1140660 1630.0
1140670 1620.9
1140680 1617.8
1140690 1617.8
1140700 1614.3
1140710 1608.4
1140720 1608.4
1140730 1602.4
1140740 1598.0
1140750 1598.0
1140760 1594.0
1140770 1589.2
1140780 1589.2
1140790 1586.5
1140800 1589.7
1140810 1589.7
1140820 1590.5
1140830 1590.4
1140840 1586.2
1140850 1586.2
1140860 1577.6
1140870 1564.3
1140880 1564.3
1140890 1555.2
1140900 1547.3
1140910 1547.3
1140920 1540.9
1140930 1533.7
1140940 1533.7
1140950 1526.9
1140960 1519.8
1140970 1519.8
1140980 1513.6
1140990 1503.7
1141000 1503.7
1141010 1498.3
1141020 1493.0
1141030 1493.0
1141040 1489.2
1141050 1485.6
1141060 1481.7
1141070 1481.7
1141080 1477.7
1141090 1473.8
1141100 1473.8
1141110 1469.8
1141120 1466.7
1141130 1466.7
1141140 1465.5
1141150 1465.9
1141160 1465.9
1141170 1467.1
1141180 1466.0
1141190 1466.0
1141200 1464.8
1141210 1464.1
1141220 1464.1
1141230 1463.4
1141240 1460.7
1141250 1458.2
1141260 1458.2
1141270 1456.7
1141280 1454.3
1141290 1454.3
1141300 1451.7
1141310 1449.4
1141320 1449.4
1141330 1448.3
1141340 1447.8
1141350 1444.6
1141360 1443.1
1141370 1441.3
1141380 1441.3
1141390 1440.2
1141400 1439.0
1141410 1439.0
1141420 1437.3
1141430 1435.4
1141440 1435.4
1141450 1433.7
1141460 1431.9
1141470 1430.1
1141480 1430.1
1141490 1425.9
1141500 1421.6
1141510 1421.6
1141520 1420.0
1141530 1419.4
1141540 1419.4
1141550 1419.6
1141560 1419.6
1141570 1419.6
1141580 1418.8
1141590 1417.1
1141600 1417.1
1141610 1414.6
1141620 1411.5
1141630 1411.5
1141640 1410.2
1141650 1409.3
1141660 1409.3
1141670 1408.9
1141680 1408.3
1141690 1407.8
1141700 1407.8
1141710 1407.5
1141720 1408.4
1141730 1408.4
1141740 1408.8
1141750 1409.2
1141760 1409.2
1141770 1409.2
1141780 1409.1
1141790 1409.1
1141800 1408.8
1141810 1408.7
1141820 1408.7
1141830 1408.6
1141840 1408.6
1141850 1408.6
1141860 1408.5
1141870 1408.6
1141880 1409.8
1141890 1409.8
1141900 1411.8
1141910 1413.1
1141920 1413.1
1141930 1414.2
1141940 1413.0
1141950 1413.0
1141960 1411.9
1141970 1411.9
1141980 1411.9
1141990 1412.2
1142000 1412.4
1142010 1412.4
1142020 1412.6
1142030 1412.5
1142040 1412.5
1142050 1412.7
1142060 1414.0
1142070 1414.0
1142080 1417.5
1142090 1423.0
1142100 1425.1
1142110 1425.1
1142120 1427.2
1142130 1429.5
1142140 1429.5
1142150 1431.3
1142160 1432.6
1142170 1432.6
1142180 1434.1
1142190 1436.1
1142200 1436.1
1142210 1438.0
1142220 1439.8
1142230 1439.8
1142240 1442.1
1142250 1445.1
1142260 1445.1
1142270 1448.6
1142280 1452.7
1142290 1452.7
1142300 1456.4
1142310 1459.9
1142320 1463.3
1142330 1463.3
1142340 1467.0
1142350 1470.9
1142360 1470.9
1142370 1474.4
1142380 1476.5
1142390 1476.5
1142400 1478.2
1142410 1479.6
1142420 1479.6
1142430 1479.3
1142440 1481.4
1142450 1481.4
1142460 1487.2
1142470 1489.1
1142480 1489.1
1142490 1489.1
1142500 1489.0
1142510 1490.4
1142520 1490.4
1142530 1493.6
1142540 1496.5
1142550 1496.5
1142560 1499.5
1142570 1501.6
1142580 1501.6
1142590 1505.3
1142600 1511.0
1142610 1511.0
1142620 1515.7
1142630 1517.2
1142640 1517.2
1142650 1516.9
1142660 1521.4
1142670 1521.4
1142680 1525.3
1142690 1527.1
1142700 1527.1
1142710 1528.8
1142720 1532.6
1142730 1536.6
1142740 1536.6
1142750 1539.8
1142760 1543.4
1142770 1543.4
1142780 1545.8
1142790 1550.6
1142800 1550.6
1142810 1556.0
1142820 1561.0
1142830 1565.3
1142840 1570.0
1142850 1573.5
1142860 1573.5
1142870 1575.7
1142880 1576.8
1142890 1576.8
1142900 1576.2
1142910 1577.6
1142920 1577.6
1142930 1580.6
1142940 1582.9
1142950 1586.2
1142960 1586.2
1142970 1588.6
1142980 1590.3
1142990 1590.3
1143000 1592.7
1143010 1596.2
1143020 1596.2
1143030 1601.1
1143040 1606.3
1143050 1606.3
1143060 1611.9
1143070 1616.9
1143080 1616.9
1143090 1620.7
1143100 1624.2
1143110 1624.2
1143120 1628.6
1143130 1633.9
1143140 1639.1
1143150 1639.1
1143160 1644.1
1143170 1650.7
1143180 1650.7
1143190 1658.2
1143200 1670.9
1143210 1670.9
1143220 1681.1
1143230 1690.6
1143240 1690.6
1143250 1698.2
1143260 1703.2
1143270 1703.2
1143280 1705.7
1143290 1706.3
1143300 1706.3
1143310 1709.1
1143320 1713.3
1143330 1713.3
1143340 1719.2
1143350 1725.7
1143360 1731.9
1143370 1731.9
1143380 1736.9
1143390 1739.5
1143400 1739.5
1143410 1741.3
1143420 1744.8
1143430 1744.8
1143440 1751.6
1143450 1759.6
1143460 1759.6
1143470 1764.5
1143480 1767.2
1143490 1767.2
1143500 1769.7
1143510 1774.4
1143520 1774.4
1143530 1779.1
1143540 1781.6
1143550 1781.6
1143560 1785.4
1143570 1791.4
1143580 1805.2
1143590 1805.2
1143600 1810.6
1143610 1816.3
1143620 1816.3
1143630 1820.8
1143640 1824.2
1143650 1824.2
1143660 1827.8
1143670 1831.0
1143680 1831.0
1143690 1834.3
1143700 1837.8
1143710 1837.8
1143720 1841.2
1143730 1845.0
1143740 1845.0
1143750 1849.4
1143760 1854.2
1143770 1859.1
1143780 1859.1
1143790 1863.0
1143800 1866.5
1143810 1866.5
1143820 1869.9
1143830 1873.6
1143840 1873.6
1143850 1876.7
1143860 1879.0
1143870 1879.0
1143880 1879.7
1143890 1881.1
1143900 1881.1
1143910 1881.7
1143920 1883.6
1143930 1883.6
1143940 1885.5
1143950 1892.3
1143960 1892.3
1143970 1893.6
1143980 1896.4
1143990 1900.8
1144000 1900.8
1144010 1906.1
1144020 1911.8
1144030 1911.8
1144040 1918.6
1144050 1925.9
1144060 1925.9
1144070 1932.2
1144080 1938.8
1144090 1938.8
1144100 1947.6
1144110 1955.2
1144120 1955.2
1144130 1962.2
1144140 1973.4
1144150 1973.4
1144160 1982.7
1144170 1991.3
1144180 1991.3
1144190 1997.9
1144200 2005.1
1144210 2013.6
1144220 2013.6
1144230 2023.7
1144240 2031.3
1144250 2031.3
1144260 2040.9
1144270 2054.9
1144280 2054.9
1144290 2073.8
1144300 2089.9
1144310 2089.9
1144320 2115.2
1144330 2121.4
1144340 2121.4
1144350 2129.1
1144360 2134.8
1144370 2134.8
1144380 2138.9
1144390 2140.7
1144400 2140.2
1144410 2140.2
1144420 2144.1
1144430 2145.2
1144440 2145.2
1144450 2142.6
1144460 2138.8
1144470 2138.8
1144480 2134.4
1144490 2130.1
1144500 2130.1
1144510 2133.3
1144520 2144.1
1144530 2144.1
1144540 2144.8
1144550 2144.2
1144560 2144.2
1144570 2145.1
1144580 2144.1
1144590 2144.1
1144600 2144.1
1144610 2143.0
1144620 2146.7
1144630 2146.7
1144640 2155.1
1144650 2163.0
1144660 2163.0
1144670 2170.9
1144680 2179.5
1144690 2183.1
1144700 2191.5
1144710 2200.6
1144720 2200.6
1144730 2209.0
1144740 2216.3
1144750 2216.3
1144760 2223.9
1144770 2230.9
1144780 2230.9
1144790 2237.1
1144800 2244.3
1144810 2244.3
1144820 2251.5
1144830 2260.4
1144840 2271.0
1144850 2271.0
1144860 2280.9
1144870 2289.9
1144880 2289.9
1144890 2297.7
1144900 2305.4
1144910 2305.4
1144920 2311.5
1144930 2314.5
1144940 2314.5
1144950 2313.9
1144960 2312.5
1144970 2312.5
1144980 2316.5
1144990 2322.7
1145000 2322.7
1145010 2325.8
1145020 2328.2
1145030 2330.1
1145040 2330.1
1145050 2330.7
1145060 2337.1
1145070 2337.1
1145080 2336.5
1145090 2331.2
1145100 2331.2
1145110 2327.8
1145120 2323.4
1145130 2323.4
1145140 2319.9
1145150 2322.9
1145160 2322.9
1145170 2322.4
1145180 2313.6
1145190 2313.6
1145200 2303.7
1145210 2298.2
1145220 2298.2
1145230 2297.7
1145240 2296.6
1145250 2292.8
1145260 2292.8
1145270 2290.0
1145280 2286.8
1145290 2286.8
1145300 2279.8
1145310 2271.1
1145320 2271.1
1145330 2263.1
1145340 2255.6
1145350 2255.6
1145360 2247.9
1145370 2240.1
1145380 2240.1
1145390 2233.8
1145400 2227.5
1145410 2227.5
1145420 2220.7
1145430 2216.5
1145440 2202.9
1145450 2202.9
1145460 2198.1
1145470 2192.6
1145480 2192.6
1145490 2188.2
1145500 2184.2
1145510 2184.2
1145520 2178.1
1145530 2172.0
1145540 2172.0
1145550 2165.7
1145560 2155.4
1145570 2155.4
1145580 2138.0
1145590 2122.0
1145600 2122.0
1145610 2119.3
1145620 2118.2
1145630 2118.2
1145640 2108.5
1145650 2095.0
1145660 2087.5
1145670 2087.5
1145680 2070.1
1145690 2052.0
1145700 2052.0
1145710 2047.4
1145720 2049.8
1145730 2049.8
1145740 2045.2
1145750 2030.8
1145760 2030.8
1145770 2020.9
1145780 2013.6
1145790 2013.6
1145800 2007.0
1145810 1995.5
1145820 1995.5
1145830 1998.2
1145840 1989.3
1145850 1989.3
1145860 1970.0
1145870 1952.1
1145880 1944.5
1145890 1944.5
1145900 1947.5
1145910 1934.4
1145920 1934.4
1145930 1917.6
1145940 1910.3
1145950 1910.3
1145960 1893.9
1145970 1881.2
1145980 1881.2
1145990 1873.2
1146000 1865.1
1146010 1865.1
1146020 1857.9
1146030 1850.6
1146040 1850.6
1146050 1843.9
1146060 1837.2
1146070 1830.4
1146080 1830.4
1146090 1823.7
1146100 1817.1
1146110 1817.1
1146120 1810.6
1146130 1804.3
1146140 1804.3
1146150 1798.1
1146160 1792.2
1146170 1792.2
1146180 1784.6
1146190 1778.5
1146200 1778.5
1146210 1772.6
1146220 1766.6
1146230 1766.6
1146240 1760.9
1146250 1755.0
1146260 1755.0
1146270 1749.2
1146280 1743.3
1146290 1737.6
1146300 1737.6
1146310 1731.9
1146320 1726.1
1146330 1726.1
1146340 1720.5
1146350 1715.1
1146360 1715.1
1146370 1709.7
1146380 1704.1
1146390 1704.1
1146400 1698.3
1146410 1690.8
1146420 1690.8
1146430 1681.8
1146440 1672.6
1146450 1672.6
1146460 1664.5
1146470 1658.4
1146480 1658.4
1146490 1658.4
1146500 1660.5
1146510 1665.0
1146520 1665.0
1146530 1668.5
1146540 1671.8
1146550 1671.8
1146560 1676.5
1146570 1674.5
1146580 1674.5
1146590 1673.0
1146600 1671.4
1146610 1671.4
1146620 1673.3
1146630 1676.3
1146640 1676.3
1146650 1676.7
1146660 1676.7
1146670 1676.7
1146680 1677.1
1146690 1677.4
1146700 1677.6
1146710 1677.6
1146720 1678.4
1146730 1679.4
1146740 1679.4
1146750 1680.9
1146760 1682.6
1146770 1682.6
1146780 1684.9
1146790 1688.1
1146800 1688.1
1146810 1691.7
1146820 1696.6
1146830 1696.6
1146840 1700.6
1146850 1701.8
1146860 1701.8
1146870 1703.9
1146880 1705.5
1146890 1705.5
1146900 1709.1
1146910 1715.8
1146920 1724.3
1146930 1728.7
1146940 1735.1
1146950 1741.5
1146960 1741.5
1146970 1749.4
1146980 1757.7
1146990 1757.7
1147000 1766.1
1147010 1774.2
1147020 1774.2
1147030 1781.0
1147040 1787.5
1147050 1787.5
1147060 1795.3
1147070 1803.8
1147080 1803.8
1147090 1811.6
1147100 1817.9
1147110 1817.9
1147120 1824.2
1147130 1830.8
1147140 1835.8
1147150 1835.8
1147160 1842.1
1147170 1847.0
1147180 1847.0
1147190 1851.2
1147200 1855.0
1147210 1855.0
1147220 1858.8
1147230 1862.7
1147240 1862.7
1147250 1866.1
1147260 1869.9
1147270 1869.9
1147280 1873.9
1147290 1878.5
1147300 1878.5
1147310 1887.3
1147320 1894.1
1147330 1901.0
1147340 1901.0
1147350 1907.7
1147360 1913.3
1147370 1913.3
1147380 1917.7
1147390 1920.9
1147400 1920.9
1147410 1923.5
1147420 1926.1
1147430 1926.1
1147440 1929.7
1147450 1933.0
1147460 1933.0
1147470 1936.9
1147480 1940.6
1147490 1940.6
1147500 1944.2
1147510 1947.6
1147520 1947.6
1147530 1950.8
1147540 1955.8
1147550 1958.4
1147560 1958.4
1147570 1959.3
1147580 1961.2
1147590 1961.2
1147600 1963.8
1147610 1966.5
1147620 1966.5
1147630 1968.7
1147640 1971.1
1147650 1971.1
1147660 1975.6
1147670 1981.4
1147680 1981.4
1147690 1988.7
1147700 1992.5
1147710 1992.5
1147720 1996.2
1147730 1999.8
1147740 1999.8
1147750 2003.0
1147760 2008.0
1147770 2013.0
1147780 2013.0
1147790 2018.8
1147800 2025.7
1147810 2025.7
1147820 2033.4
1147830 2042.3
1147840 2042.3
1147850 2051.0
1147860 2059.6
1147870 2059.6
1147880 2068.8
1147890 2076.8
1147900 2076.8
1147910 2083.4
1147920 2089.7
1147930 2089.7
1147940 2095.3
1147950 2100.7
1147960 2106.1
1147970 2106.1
1147980 2111.2
1147990 2117.6
1148000 2117.6
1148010 2124.7
1148020 2132.1
1148030 2132.1
1148040 2140.4
1148050 2148.1
1148060 2149.4
1148070 2156.9
1148080 2162.7
1148090 2162.7
1148100 2169.6
1148110 2176.8
1148120 2176.8
1148130 2183.3
1148140 2188.4
1148150 2188.4
1148160 2193.5
1148170 2198.4
1148180 2202.2
1148190 2202.2
1148200 2206.4
1148210 2212.2
1148220 2212.2
1148230 2217.4
1148240 2223.0
1148250 2223.0
1148260 2227.5
1148270 2231.7
1148280 2231.7
1148290 2237.2
1148300 2244.1
1148310 2244.1
1148320 2251.9
1148330 2260.7
1148340 2260.7
1148350 2269.5
1148360 2276.4
1148370 2276.4
1148380 2282.7
1148390 2289.4
1148400 2296.0
1148410 2296.0
1148420 2302.6
1148430 2308.4
1148440 2314.1
1148450 2320.5
1148460 2328.6
1148470 2328.6
1148480 2338.2
1148490 2346.7
1148500 2346.7
1148510 2353.3
1148520 2357.9
1148530 2357.9
1148540 2362.6
1148550 2368.1
1148560 2368.1
1148570 2373.6
1148580 2379.9
1148590 2386.0
1148600 2386.0
1148610 2388.4
1148620 2389.6
1148630 2389.6
1148640 2390.7
1148650 2393.5
1148660 2393.5
1148670 2398.4
1148680 2401.4
1148690 2401.4
1148700 2404.8
1148710 2408.5
1148720 2408.5
1148730 2412.8
1148740 2417.6
1148750 2417.6
1148760 2421.4
1148770 2424.3
1148780 2424.3
1148790 2427.5
1148800 2432.9
1148810 2440.7
1148820 2440.7
1148830 2449.0
1148840 2456.6
1148850 2456.6
1148860 2464.1
1148870 2467.9
1148880 2467.9
1148890 2471.5
1148900 2476.8
1148910 2476.8
1148920 2481.9
1148930 2486.9
1148940 2486.9
1148950 2491.4
1148960 2496.3
1148970 2496.3
1148980 2500.4
1148990 2503.8
1149000 2508.1
1149010 2508.1
1149020 2512.2
1149030 2517.3
1149040 2517.3
1149050 2523.5
1149060 2530.2
1149070 2530.2
1149080 2536.7
1149090 2541.7
1149100 2541.7
1149110 2546.6
1149120 2551.4
1149130 2551.4
1149140 2555.1
1149150 2557.7
1149160 2557.7
1149170 2559.0
1149180 2562.5
1149190 2565.1
1149200 2568.7
1149210 2572.2
1149220 2574.9
1149230 2574.9
1149240 2575.6
1149250 2576.7
1149260 2576.7
1149270 2577.9
1149280 2579.1
1149290 2579.1
1149300 2580.2
1149310 2581.5
1149320 2581.5
1149330 2585.3
1149340 2589.5
1149350 2589.5
1149360 2591.3
1149370 2591.8
1149380 2591.8
1149390 2589.8
1149400 2587.3
1149410 2587.3
1149420 2584.8
1149430 2583.0
1149440 2581.6
1149450 2581.6
1149460 2578.9
1149470 2575.5
1149480 2575.5
1149490 2568.5
1149500 2559.5
1149510 2559.5
1149520 2550.5
1149530 2541.2
1149540 2541.2
1149550 2532.2
1149560 2524.0
1149570 2524.6
1149580 2516.8
1149590 2509.7
1149600 2509.7
1149610 2504.3
1149620 2498.9
1149630 2493.9
1149640 2493.9
1149650 2486.5
1149660 2472.2
1149670 2472.2
1149680 2460.8
1149690 2451.2
1149700 2451.2
1149710 2443.7
1149720 2439.8
1149730 2439.8
1149740 2436.3
1149750 2433.0
1149760 2433.0
1149770 2429.9
1149780 2427.1
1149790 2427.1
1149800 2424.8
1149810 2422.8
1149820 2422.8
1149830 2421.0
1149840 2419.4
1149850 2418.3
1149860 2418.3
1149870 2417.7
1149880 2416.8
1149890 2416.8
1149900 2415.5
1149910 2414.0
1149920 2414.0
1149930 2413.4
1149940 2411.9
1149950 2413.5
1149960 2410.8
1149970 2407.9
1149980 2407.9
1149990 2405.4
1150000 2403.4
1150010 2403.4
1150020 2401.2
1150030 2395.6
1150040 2395.6
1150050 2389.2
1150060 2389.0
1150070 2390.2
1150080 2390.2
1150090 2390.9
1150100 2393.2
1150110 2393.2
1150120 2396.2
1150130 2398.1
1150140 2398.1
1150150 2400.3
1150160 2399.8
1150170 2399.8
1150180 2398.9
1150190 2399.1
1150200 2399.1
1150210 2400.5
1150220 2401.4
1150230 2401.4
1150240 2400.7
1150250 2401.1
1150260 2402.9
1150270 2402.9
1150280 2404.1
1150290 2407.4
1150300 2407.4
1150310 2411.9
1150320 2416.0
1150330 2416.1
1150340 2420.5
1150350 2424.6
1150360 2424.6
1150370 2431.0
1150380 2438.4
1150390 2438.4
1150400 2441.3
1150410 2443.3
1150420 2443.3
1150430 2445.2
1150440 2448.5
1150450 2448.5
1150460 2450.2
1150470 2450.1
1150480 2449.3
1150490 2449.3
1150500 2449.0
1150510 2449.7
1150520 2449.7
1150530 2450.9
1150540 2452.3
1150550 2452.3
1150560 2452.3
1150570 2452.5
1150580 2452.5
1150590 2452.9
1150600 2453.5
1150610 2453.5
1150620 2453.3
1150630 2453.1
1150640 2453.1
1150650 2455.2
1150660 2462.0
1150670 2462.0
1150680 2468.3
1150690 2469.9
1150700 2472.7
1150710 2476.8
1150720 2482.1
1150730 2487.1
1150740 2487.1
1150750 2493.2
1150760 2504.2
1150770 2504.2
1150780 2517.2
1150790 2522.9
1150800 2522.9
1150810 2527.0
1150820 2532.4
1150830 2532.4
1150840 2538.4
1150850 2544.2
1150860 2544.2
1150870 2549.8
1150880 2555.8
1150890 2559.4
1150900 2559.4
1150910 2564.5
1150920 2572.3
1150930 2572.3
1150940 2576.2
1150950 2576.8
1150960 2576.8
1150970 2575.8
1150980 2574.0
1150990 2574.0
1151000 2575.3
1151010 2576.5
1151020 2576.5
1151030 2579.3
1151040 2584.7
1151050 2584.7
1151060 2592.1
1151070 2598.7
1151080 2598.7
1151090 2602.6
1151100 2609.9
1151110 2617.3
1151120 2617.3
1151130 2624.3
1151140 2631.0
1151150 2631.0
1151160 2637.2
1151170 2641.7
1151180 2641.7
1151190 2644.7
1151200 2647.6
1151210 2647.6
1151220 2650.5
1151230 2653.9
1151240 2653.9
1151250 2658.1
1151260 2662.8
1151270 2662.8
1151280 2668.3
1151290 2675.0
1151300 2675.0
1151310 2681.9
1151320 2689.6
1151330 2698.1
1151340 2698.1
1151350 2705.6
1151360 2713.3
1151370 2713.3
1151380 2720.7
1151390 2728.6
1151400 2728.6
1151410 2735.3
1151420 2739.7
1151430 2739.7
1151440 2743.2
1151450 2746.2
1151460 2746.2
1151470 2743.9
1151480 2746.1
1151490 2746.1
1151500 2749.0
1151510 2751.6
1151520 2752.2
1151530 2752.2
1151540 2753.1
1151550 2755.7
1151560 2755.7
1151570 2758.9
1151580 2762.2
1151590 2762.2
1151600 2765.6
1151610 2768.4
1151620 2768.4
1151630 2771.2
1151640 2774.2
1151650 2774.2
1151660 2777.4
1151670 2780.8
1151680 2780.8
1151690 2784.9
1151700 2789.8
1151710 2789.8
1151720 2794.6
1151730 2799.9
1151740 2805.8
1151750 2805.8
1151760 2811.7
1151770 2817.8
1151780 2817.8
1151790 2824.4
1151800 2831.2
1151810 2831.2
1151820 2838.1
1151830 2844.9
1151840 2844.9
1151850 2852.1
1151860 2859.2
1151870 2859.2
1151880 2866.2
1151890 2875.0
1151900 2875.0
1151910 2885.7
1151920 2895.6
1151930 2895.6
1151940 2903.4
1151950 2913.2
1151960 2924.0
1151970 2924.0
1151980 2933.1
1151990 2932.0
1152000 2932.0
1152010 2919.4
1152020 2903.1
1152030 2903.1
1152040 2893.8
1152050 2887.5
1152060 2887.5
1152070 2881.0
1152080 2874.0
1152090 2874.0
1152100 2868.2
1152110 2863.9
1152120 2863.9
1152130 2860.5
1152140 2857.6
1152150 2855.4
1152160 2855.4
1152170 2853.3
1152180 2851.4
1152190 2851.4
1152200 2850.6
1152210 2847.3
1152220 2847.3
1152230 2846.5
1152240 2838.9
1152250 2838.9
1152260 2833.4
1152270 2828.7
1152280 2828.7
1152290 2825.0
1152300 2822.0
1152310 2822.0
1152320 2818.8
1152330 2816.2
1152340 2816.2
1152350 2814.4
1152360 2813.4
1152370 2812.8
1152380 2812.8
1152390 2813.0
1152400 2813.7
1152410 2813.7
1152420 2812.3
1152430 2812.4
1152440 2812.4
1152450 2813.3
1152460 2815.8
1152470 2815.8
1152480 2818.5
1152490 2819.7
1152500 2819.7
1152510 2819.2
1152520 2816.8
1152530 2816.8
1152540 2815.7
1152550 2816.2
1152560 2815.8
1152570 2815.8
1152580 2815.1
1152590 2819.1
1152600 2819.1
1152610 2826.7
1152620 2825.6
1152630 2825.6
1152640 2824.1
1152650 2824.0
1152660 2824.0
1152670 2825.1
1152680 2825.7
1152690 2825.7
1152700 2825.7
1152710 2827.9
1152720 2827.9
1152730 2836.7
1152740 2842.4
1152750 2842.4
1152760 2838.9
1152770 2845.0
1152780 2852.3
1152790 2852.3
1152800 2852.3
1152810 2848.3
1152820 2848.3
1152830 2844.3
1152840 2839.7
1152850 2839.7
1152860 2828.8
1152870 2821.1
1152880 2821.1
1152890 2815.1
1152900 2811.6
1152910 2811.6
1152920 2808.5
1152930 2805.6
1152940 2805.6
1152950 2803.3
1152960 2799.4
1152970 2799.4
1152980 2794.9
1152990 2794.1
1153000 2789.2
1153010 2789.2
1153020 2784.7
1153030 2776.6
1153040 2776.6
1153050 2768.6
1153060 2762.2
1153070 2762.2
1153080 2754.4
1153090 2747.1
1153100 2747.1
1153110 2744.1
1153120 2743.2
1153130 2743.2
1153140 2741.4
1153150 2740.4
1153160 2740.4
1153170 2738.8
1153180 2736.0
1153190 2732.8
1153200 2732.8
1153210 2728.2
1153220 2724.2
1153230 2724.2
1153240 2722.3
1153250 2721.2
1153260 2721.2
1153270 2721.3
1153280 2721.5
1153290 2721.5
1153300 2723.1
1153310 2724.1
1153320 2724.1
1153330 2721.6
1153340 2717.2
1153350 2717.2
1153360 2714.4
1153370 2720.4
1153380 2720.4
1153390 2718.2
1153400 2714.3
1153410 2707.3
1153420 2707.3
1153430 2699.9
1153440 2695.6
1153450 2695.6
1153460 2693.2
1153470 2689.4
1153480 2689.4
1153490 2684.7
1153500 2680.0
1153510 2680.0
1153520 2683.9
1153530 2695.0
1153540 2695.0
1153550 2697.3
1153560 2699.3
1153570 2699.3
1153580 2693.4
1153590 2689.0
1153600 2689.0
1153610 2689.8
1153620 2666.8
1153630 2661.8
1153640 2661.8
1153650 2659.2
1153660 2657.8
1153670 2657.8
1153680 2653.9
1153690 2651.3
1153700 2651.3
1153710 2650.4
1153720 2650.2
1153730 2650.2
1153740 2650.3
1153750 2654.5
1153760 2654.5
1153770 2640.8
1153780 2631.5
1153790 2631.5
1153800 2626.7
1153810 2621.9
1153820 2623.8
1153830 2623.8
1153840 2622.1
1153850 2615.5
1153860 2615.5
1153870 2611.5
1153880 2609.6
1153890 2609.6
1153900 2607.0
1153910 2603.7
1153920 2603.7
1153930 2601.3
1153940 2600.2
1153950 2600.2
1153960 2597.8
1153970 2595.9
1153980 2595.9
1153990 2594.2
1154000 2592.1
1154010 2592.1
1154020 2589.6
1154030 2587.8
1154040 2586.4
1154050 2586.4
1154060 2584.0
1154070 2582.7
1154080 2582.7
1154090 2583.1
1154100 2583.0
1154110 2583.0
1154120 2583.0
1154130 2585.3
1154140 2591.3
1154150 2593.7
1154160 2595.4
1154170 2595.4
1154180 2595.7
1154190 2595.0
1154200 2595.0
1154210 2592.8
1154220 2589.4
1154230 2589.4
1154240 2587.8
1154250 2588.5
1154260 2587.4
1154270 2587.4
1154280 2584.2
1154290 2583.2
1154300 2583.2
1154310 2585.8
1154320 2589.9
1154330 2589.9
1154340 2594.6
1154350 2599.4
1154360 2599.4
1154370 2604.6
1154380 2610.1
1154390 2610.1
1154400 2613.1
1154410 2614.1
1154420 2614.1
1154430 2616.3
1154440 2620.2
1154450 2624.1
1154460 2624.1
1154470 2628.5
1154480 2634.4
1154490 2634.4
1154500 2640.9
1154510 2645.9
1154520 2650.0
1154530 2655.3
1154540 2659.3
1154550 2659.3
1154560 2662.4
1154570 2665.7
1154580 2665.7
1154590 2669.5
1154600 2673.1
1154610 2673.1
1154620 2676.7
1154630 2679.7
1154640 2679.7
1154650 2682.4
1154660 2685.4
1154670 2688.8
1154680 2688.8
1154690 2692.0
1154700 2695.0
1154710 2695.0
1154720 2697.3
1154730 2699.5
1154740 2699.5
1154750 2702.2
1154760 2705.1
1154770 2705.1
1154780 2708.1
1154790 2709.6
1154800 2709.6
1154810 2710.8
1154820 2712.4
1154830 2712.4
1154840 2712.2
1154850 2710.8
1154860 2708.8
1154870 2708.8
1154880 2705.1
1154890 2701.6
1154900 2701.6
1154910 2689.6
1154920 2684.9
1154930 2684.9
1154940 2679.1
1154950 2673.6
1154960 2673.6
1154970 2668.5
1154980 2663.0
1154990 2663.0
1155000 2657.5
1155010 2655.1
1155020 2655.1
1155030 2653.4
1155040 2650.7
1155050 2650.7
1155060 2647.2
1155070 2643.6
1155080 2641.2
1155090 2641.2
1155100 2638.2
1155110 2635.7
1155120 2635.7
1155130 2633.8
1155140 2631.1
1155150 2631.1
1155160 2628.5
1155170 2627.7
1155180 2627.7
1155190 2626.4
1155200 2624.3
1155210 2624.3
1155220 2623.2
1155230 2621.4
1155240 2621.4
1155250 2618.9
1155260 2618.1
1155270 2618.1
1155280 2618.6
1155290 2618.6
1155300 2619.2
1155310 2619.2
1155320 2619.2
1155330 2618.6
1155340 2618.6
1155350 2618.5
1155360 2620.9
1155370 2620.9
1155380 2625.4
1155390 2630.3
1155400 2630.3
1155410 2632.5
1155420 2630.6
1155430 2630.6
1155440 2623.3
1155450 2616.4
1155460 2616.4
1155470 2611.6
1155480 2608.2
1155490 2604.8
1155500 2604.8
1155510 2601.7
1155520 2599.3
1155530 2599.3
1155540 2597.5
1155550 2597.3
1155560 2597.3
1155570 2597.1
1155580 2594.4
1155590 2594.4
1155600 2591.3
1155610 2588.4
1155620 2588.4
1155630 2587.9
1155640 2589.4
1155650 2589.4
1155660 2592.0
1155670 2592.8
1155680 2592.8
1155690 2593.0
1155700 2592.6
1155710 2590.8
1155720 2590.8
1155730 2589.3
1155740 2588.2
1155750 2588.2
1155760 2587.8
1155770 2588.7
1155780 2588.7
1155790 2589.5
1155800 2588.5
1155810 2588.5
1155820 2585.5
1155830 2582.6
1155840 2582.6
1155850 2580.5
1155860 2579.4
1155870 2579.4
1155880 2579.2
1155890 2578.3
1155900 2578.3
1155910 2577.1
1155920 2575.8
1155930 2575.1
1155940 2575.1
1155950 2574.4
1155960 2574.3
1155970 2574.3
1155980 2574.8
1155990 2576.1
1156000 2576.1
1156010 2577.0
1156020 2577.2
1156030 2577.2
1156040 2576.1
1156050 2573.9
1156060 2572.5
1156070 2569.8
1156080 2566.6
1156090 2566.6
1156100 2566.5
1156110 2565.2
1156120 2564.1
1156130 2564.1
1156140 2565.6
1156150 2567.7
1156160 2567.7
1156170 2569.8
1156180 2573.4
1156190 2573.4
1156200 2577.4
1156210 2580.7
1156220 2580.7
1156230 2584.8
1156240 2589.4
1156250 2589.4
1156260 2593.1
1156270 2596.7
1156280 2596.7
1156290 2600.7
1156300 2605.3
1156310 2605.3
1156320 2610.7
1156330 2616.9
1156340 2621.9
1156350 2621.9
1156360 2624.2
1156370 2623.3
1156380 2623.3
1156390 2620.9
1156400 2618.5
1156410 2618.5
1156420 2618.1
1156430 2619.8
1156440 2618.1
1156450 2623.5
1156460 2635.1
1156470 2635.1
1156480 2646.9
1156490 2653.8
1156500 2653.8
1156510 2659.2
1156520 2664.5
1156530 2664.5
1156540 2667.4
1156550 2667.6
1156560 2666.5
1156570 2666.5
1156580 2662.9
1156590 2660.2
1156600 2660.2
1156610 2653.1
1156620 2641.3
1156630 2641.3
1156640 2634.8
1156650 2632.9
1156660 2632.9
1156670 2633.9
1156680 2635.5
1156690 2635.5
1156700 2637.5
1156710 2639.8
1156720 2639.8
1156730 2642.5
1156740 2645.2
1156750 2648.7
1156760 2648.7
1156770 2651.4
1156780 2653.6
1156790 2653.6
1156800 2655.6
1156810 2657.5
1156820 2657.5
1156830 2663.2
1156840 2665.3
1156850 2665.3
1156860 2668.5
1156870 2670.9
1156880 2670.9
1156890 2673.2
1156900 2675.8
1156910 2675.8
1156920 2678.6
1156930 2681.4
1156940 2681.4
1156950 2682.3
1156960 2677.5
1156970 2671.9
1156980 2671.9
1156990 2666.7
1157000 2661.2
1157010 2661.2
1157020 2653.7
1157030 2637.2
1157040 2637.2
1157050 2631.1
1157060 2626.0
1157070 2626.0
1157080 2621.6
1157090 2618.3
1157100 2618.3
1157110 2615.0
1157120 2611.2
1157130 2611.2
1157140 2608.1
1157150 2604.9
1157160 2602.0
1157170 2602.0
1157180 2598.4
1157190 2596.4
1157200 2596.4
1157210 2593.7
1157220 2594.2
1157230 2594.2
1157240 2591.4
1157250 2589.6
1157260 2589.6
1157270 2587.7
1157280 2587.8
1157290 2587.8
1157300 2587.4
1157310 2585.5
1157320 2585.5
1157330 2581.7
1157340 2573.5
1157350 2573.5
1157360 2564.1
1157370 2556.1
1157380 2547.3
1157390 2547.3
1157400 2538.6
1157410 2531.3
1157420 2531.3
1157430 2524.7
1157440 2518.1
1157450 2518.1
1157460 2512.2
1157470 2506.2
1157480 2506.2
1157490 2499.8
1157500 2493.1
1157510 2493.1
1157520 2488.1
1157530 2483.8
1157540 2483.8
1157550 2479.3
1157560 2473.9
1157570 2473.9
1157580 2468.7
1157590 2463.4
1157600 2456.0
1157610 2456.0
1157620 2451.9
1157630 2447.2
1157640 2447.2
1157650 2442.3
1157660 2437.8
1157670 2437.8
1157680 2433.9
1157690 2429.9
1157700 2429.9
1157710 2425.8
1157720 2422.2
1157730 2422.2
1157740 2418.3
1157750 2413.9
1157760 2413.9
1157770 2410.2
1157780 2407.3
1157790 2404.5
1157800 2404.5
1157810 2402.7
1157820 2401.9
1157830 2401.9
1157840 2404.8
1157850 2408.5
1157860 2408.5
1157870 2409.2
1157880 2408.7
1157890 2408.7
1157900 2410.0
1157910 2411.8
1157920 2411.8
1157930 2413.1
1157940 2414.5
1157950 2414.5
1157960 2417.0
1157970 2418.0
1157980 2418.0
1157990 2415.6
1158000 2416.1
1158010 2416.7
1158020 2416.7
1158030 2417.5
1158040 2416.8
1158050 2416.8
1158060 2415.8
1158070 2414.3
1158080 2414.3
1158090 2414.2
1158100 2414.0
1158110 2414.0
1158120 2413.2
1158130 2413.7
1158140 2413.7
1158150 2415.2
1158160 2416.3
1158170 2416.3
1158180 2417.4
1158190 2418.9
1158200 2418.9
1158210 2419.8
1158220 2420.6
1158230 2421.9
1158240 2421.9
1158250 2423.1
1158260 2424.5
1158270 2424.5
1158280 2426.3
1158290 2428.6
1158300 2428.6
1158310 2431.9
1158320 2434.7
1158330 2434.7
1158340 2437.1
1158350 2438.9
1158360 2438.9
1158370 2441.1
1158380 2442.0
1158390 2442.0
1158400 2444.0
1158410 2445.7
1158420 2447.2
1158430 2447.2
1158440 2449.4
1158450 2453.2
1158460 2453.2
1158470 2456.4
1158480 2459.5
1158490 2459.5
1158500 2462.7
1158510 2465.5
1158520 2465.5
1158530 2470.0
1158540 2475.4
1158550 2475.4
1158560 2480.5
1158570 2484.6
1158580 2484.6
1158590 2488.6
1158600 2491.4
1158610 2491.4
1158620 2494.5
1158630 2499.3
1158640 2502.9
1158650 2502.9
1158660 2506.4
1158670 2510.2
1158680 2510.2
1158690 2514.2
1158700 2518.4
1158710 2518.4
1158720 2521.9
1158730 2524.9
1158740 2524.9
1158750 2528.3
1158760 2531.7
1158770 2529.7
1158780 2533.2
1158790 2536.9
1158800 2536.9
1158810 2541.0
1158820 2545.4
1158830 2545.4
1158840 2549.6
1158850 2553.5
1158860 2557.2
1158870 2557.2
1158880 2560.3
1158890 2562.9
1158900 2562.9
1158910 2564.5
1158920 2565.2
1158930 2565.2
1158940 2564.3
1158950 2561.3
1158960 2561.3
1158970 2556.9
1158980 2551.6
1158990 2551.6
1159000 2545.7
1159010 2539.1
1159020 2539.1
1159030 2532.1
1159040 2525.7
1159050 2519.7
1159060 2519.7
1159070 2515.5
1159080 2512.5
1159090 2512.5
1159100 2509.9
1159110 2507.2
1159120 2507.2
1159130 2503.6
1159140 2500.3
1159150 2500.3
1159160 2494.8
1159170 2491.3
1159180 2491.3
1159190 2489.0
1159200 2487.1
1159210 2487.1
1159220 2485.3
1159230 2483.5
1159240 2483.5
1159250 2482.6
1159260 2483.0
1159270 2483.2
1159280 2483.2
1159290 2482.2
1159300 2480.9
1159310 2480.9
1159320 2479.6
1159330 2478.4
1159340 2478.4
1159350 2477.3
1159360 2476.2
1159370 2476.2
1159380 2475.2
1159390 2474.2
1159400 2474.2
1159410 2473.3
1159420 2472.3
1159430 2472.3
1159440 2471.4
1159450 2470.5
1159460 2469.3
1159470 2469.3
1159480 2467.8
1159490 2466.2
1159500 2466.2
1159510 2464.5
1159520 2462.8
1159530 2462.8
1159540 2460.9
1159550 2458.4
1159560 2458.4
1159570 2455.1
1159580 2451.8
1159590 2451.8
1159600 2448.4
1159610 2445.3
1159620 2445.3
1159630 2442.5
1159640 2439.3
1159650 2439.3
1159660 2435.7
1159670 2433.3
1159680 2432.6
1159690 2432.6
1159700 2432.2
1159710 2429.8
1159720 2429.8
1159730 2427.4
1159740 2427.1
1159750 2427.1
1159760 2426.4
1159770 2426.6
1159780 2426.6
1159790 2427.7
1159800 2430.1
1159810 2430.1
1159820 2432.6
1159830 2435.8
1159840 2435.8
1159850 2438.7
1159860 2440.9
1159870 2440.9
1159880 2443.2
1159890 2445.8
1159900 2445.1
1159910 2445.1
1159920 2441.9
1159930 2437.5
1159940 2439.4
1159950 2431.9
1159960 2424.5
1159970 2424.5
1159980 2419.1
1159990 2412.2
