1140000 1749.6
1140010 1754.2
1140020 1757.2
1140030 1757.2
1140040 1754.9
1140050 1754.4
1140060 1754.4
1140070 1756.1
1140080 1758.5
1140090 1758.5
1140100 1760.3
1140110 1760.8
1140120 1760.8
1140130 1756.1
1140140 1756.5
1140150 1756.5
1140160 1756.8
1140170 1757.1
1140180 1757.1
1140190 1757.1
1140200 1756.9
1140210 1756.5
1140220 1756.5
1140230 1755.7
1140240 1754.8
1140250 1754.8
1140260 1753.8
1140270 1752.4
1140280 1752.4
1140290 1751.1
1140300 1746.3
1140310 1746.3
1140320 1737.9
1140330 1740.2
1140340 1740.2
1140350 1741.3
1140360 1739.5
1140370 1739.5
1140380 1737.0
1140390 1734.7
1140400 1731.4
1140410 1731.4
1140420 1728.1
1140430 1724.0
1140440 1724.0
1140450 1718.6
1140460 1713.8
1140470 1713.8
1140480 1711.3
1140490 1708.3
1140500 1700.8
1140510 1697.2
1140520 1691.8
1140530 1691.8
1140540 1685.0
1140550 1676.0
1140560 1676.0
1140570 1667.5
1140580 1661.7
1140590 1661.7
1140600 1658.0
1140610 1657.2
1140620 1656.5
1140630 1656.5
1140640 1650.0
1140650 1642.8
1140660 1642.8
1140670 1633.2
1140680 1626.3
1140690 1626.3
1140700 1620.5
1140710 1614.4
1140720 1614.4
1140730 1609.2
1140740 1605.1
1140750 1605.1
1140760 1601.0
1140770 1596.3
1140780 1596.3
1140790 1593.6
1140800 1597.5
1140810 1597.5
1140820 1600.5
1140830 1598.9
1140840 1596.0
1140850 1596.0
1140860 1590.1
1140870 1564.3
1140880 1564.3
1140890 1555.2
1140900 1547.3
1140910 1547.3
1140920 1540.9
1140930 1533.7
1140940 1533.7
1140950 1526.9
1140960 1519.8
1140970 1519.8
1140980 1513.6
1140990 1509.2
1141000 1509.2
1141010 1503.8
1141020 1498.6
1141030 1494.9
1141040 1494.9
1141050 1491.1
1141060 1486.9
1141070 1486.9
1141080 1482.6
1141090 1478.3
1141100 1478.3
1141110 1474.2
1141120 1470.8
1141130 1470.8
1141140 1469.7
1141150 1470.5
1141160 1470.5
1141170 1471.4
1141180 1470.0
1141190 1470.0
1141200 1469.5
1141210 1469.0
1141220 1469.0
1141230 1467.4
1141240 1460.7
1141250 1458.2
1141260 1458.2
1141270 1456.7
1141280 1454.3
1141290 1454.3
1141300 1451.7
1141310 1449.4
1141320 1449.4
1141330 1448.3
1141340 1447.8
1141350 1447.8
1141360 1446.1
1141370 1444.3
1141380 1444.3
1141390 1443.2
1141400 1441.9
1141410 1441.9
1141420 1440.1
1141430 1437.8
1141440 1436.0
1141450 1436.0
1141460 1434.6
1141470 1433.0
1141480 1433.0
1141490 1430.8
1141500 1426.7
1141510 1426.7
1141520 1421.7
1141530 1418.9
1141540 1418.9
1141550 1418.2
1141560 1418.7
1141570 1418.7
1141580 1419.1
1141590 1419.0
1141600 1419.0
1141610 1414.6
1141620 1411.5
1141630 1411.5
1141640 1410.2
1141650 1409.3
1141660 1408.9
1141670 1408.9
1141680 1408.3
1141690 1407.8
1141700 1407.8
1141710 1407.5
1141720 1407.3
1141730 1407.3
1141740 1407.3
1141750 1407.3
1141760 1407.3
1141770 1407.8
1141780 1408.0
1141790 1408.0
1141800 1408.2
1141810 1408.3
1141820 1408.3
1141830 1408.2
1141840 1408.2
1141850 1408.2
1141860 1408.2
1141870 1408.1
1141880 1408.0
1141890 1408.0
1141900 1408.4
1141910 1409.1
1141920 1409.1
1141930 1409.1
1141940 1409.1
1141950 1409.1
1141960 1409.5
1141970 1409.9
1141980 1411.9
1141990 1412.2
1142000 1412.4
1142010 1412.4
1142020 1412.6
1142030 1412.5
1142040 1412.5
1142050 1412.7
1142060 1414.0
1142070 1417.5
1142080 1417.5
1142090 1420.6
1142100 1422.5
1142110 1422.5
1142120 1424.8
1142130 1426.7
1142140 1426.7
1142150 1428.5
1142160 1430.0
1142170 1430.0
1142180 1431.7
1142190 1434.0
1142200 1434.0
1142210 1436.2
1142220 1438.2
1142230 1438.2
1142240 1440.9
1142250 1444.0
1142260 1444.0
1142270 1447.2
1142280 1450.8
1142290 1453.9
1142300 1453.9
1142310 1457.1
1142320 1460.7
1142330 1460.7
1142340 1464.1
1142350 1470.9
1142360 1470.9
1142370 1474.4
1142380 1476.5
1142390 1476.5
1142400 1478.2
1142410 1479.6
1142420 1479.6
1142430 1479.3
1142440 1481.4
1142450 1481.4
1142460 1483.9
1142470 1484.5
1142480 1484.5
1142490 1484.8
1142500 1485.3
1142510 1486.7
1142520 1486.7
1142530 1489.4
1142540 1492.5
1142550 1492.5
1142560 1494.9
1142570 1497.2
1142580 1497.2
1142590 1502.1
1142600 1506.9
1142610 1506.9
1142620 1510.6
1142630 1511.1
1142640 1511.1
1142650 1511.7
1142660 1516.6
1142670 1516.6
1142680 1519.0
1142690 1521.0
1142700 1524.0
1142710 1524.0
1142720 1532.6
1142730 1536.6
1142740 1536.6
1142750 1539.8
1142760 1543.4
1142770 1543.4
1142780 1545.8
1142790 1550.6
1142800 1550.6
1142810 1556.0
1142820 1561.0
1142830 1561.0
1142840 1564.6
1142850 1567.5
1142860 1567.5
1142870 1569.0
1142880 1569.7
1142890 1569.7
1142900 1569.7
1142910 1571.9
1142920 1573.8
1142930 1573.8
1142940 1575.9
1142950 1579.1
1142960 1579.1
1142970 1582.1
1142980 1585.3
1142990 1585.3
1143000 1588.5
1143010 1591.6
1143020 1591.6
1143030 1596.3
1143040 1602.2
1143050 1602.2
1143060 1607.2
1143070 1611.2
1143080 1611.2
1143090 1620.7
1143100 1624.2
1143110 1624.2
1143120 1628.6
1143130 1633.9
1143140 1639.1
1143150 1639.1
1143160 1644.1
1143170 1650.7
1143180 1650.7
1143190 1658.2
1143200 1665.9
1143210 1665.9
1143220 1673.5
1143230 1682.1
1143240 1682.1
1143250 1692.0
1143260 1697.9
1143270 1697.9
1143280 1699.2
1143290 1699.6
1143300 1699.6
1143310 1703.1
1143320 1709.4
1143330 1715.7
1143340 1715.7
1143350 1720.7
1143360 1726.2
1143370 1726.2
1143380 1730.6
1143390 1732.0
1143400 1732.0
1143410 1734.6
1143420 1739.1
1143430 1739.1
1143440 1745.3
1143450 1751.5
1143460 1759.6
1143470 1764.5
1143480 1767.2
1143490 1767.2
1143500 1769.7
1143510 1774.4
1143520 1774.4
1143530 1779.1
1143540 1781.6
1143550 1785.4
1143560 1785.4
1143570 1791.4
1143580 1798.4
1143590 1798.4
1143600 1805.4
1143610 1811.6
1143620 1811.6
1143630 1815.8
1143640 1819.2
1143650 1819.2
1143660 1822.8
1143670 1826.4
1143680 1826.4
1143690 1829.9
1143700 1833.2
1143710 1833.2
1143720 1836.4
1143730 1839.6
1143740 1839.6
1143750 1842.9
1143760 1846.7
1143770 1851.1
1143780 1851.1
1143790 1855.2
1143800 1858.6
1143810 1858.6
1143820 1861.4
1143830 1873.6
1143840 1873.6
1143850 1876.7
1143860 1879.0
1143870 1879.0
1143880 1879.7
1143890 1881.1
1143900 1881.1
1143910 1881.7
1143920 1883.6
1143930 1883.6
1143940 1885.5
1143950 1886.3
1143960 1888.3
1143970 1888.3
1143980 1892.1
1143990 1896.8
1144000 1896.8
1144010 1901.9
1144020 1908.0
1144030 1908.0
1144040 1914.5
1144050 1920.2
1144060 1920.2
1144070 1925.3
1144080 1932.2
1144090 1932.2
1144100 1938.8
1144110 1946.2
1144120 1946.2
1144130 1956.7
1144140 1967.3
1144150 1967.3
1144160 1977.7
1144170 1986.6
1144180 1992.5
1144190 1992.5
1144200 2005.1
1144210 2013.6
1144220 2013.6
1144230 2023.7
1144240 2031.3
1144250 2031.3
1144260 2040.9
1144270 2054.9
1144280 2054.9
1144290 2073.8
1144300 2089.9
1144310 2089.9
1144320 2102.0
1144330 2109.0
1144340 2109.0
1144350 2116.7
1144360 2122.8
1144370 2122.8
1144380 2128.3
1144390 2129.6
1144400 2127.6
1144410 2127.6
1144420 2129.1
1144430 2134.0
1144440 2134.0
1144450 2133.0
1144460 2130.8
1144470 2130.8
1144480 2126.6
1144490 2121.4
1144500 2121.4
1144510 2120.1
1144520 2125.3
1144530 2125.3
1144540 2130.1
1144550 2132.8
1144560 2132.8
1144570 2145.1
1144580 2144.1
1144590 2144.1
1144600 2144.1
1144610 2143.0
1144620 2146.7
1144630 2146.7
1144640 2155.1
1144650 2163.0
1144660 2163.0
1144670 2170.9
1144680 2179.5
1144690 2179.5
1144700 2189.6
1144710 2199.5
1144720 2199.5
1144730 2207.1
1144740 2213.8
1144750 2213.8
1144760 2219.8
1144770 2225.2
1144780 2225.2
1144790 2231.7
1144800 2238.1
1144810 2244.9
1144820 2244.9
1144830 2253.8
1144840 2263.7
1144850 2263.7
1144860 2273.2
1144870 2282.8
1144880 2282.8
1144890 2292.5
1144900 2300.5
1144910 2300.5
1144920 2305.8
1144930 2306.3
1144940 2306.3
1144950 2313.9
1144960 2312.5
1144970 2312.5
1144980 2316.5
1144990 2322.7
1145000 2322.7
1145010 2325.8
1145020 2328.2
1145030 2330.1
1145040 2330.1
1145050 2330.7
1145060 2331.2
1145070 2331.2
1145080 2328.2
1145090 2321.8
1145100 2321.8
1145110 2316.3
1145120 2310.9
1145130 2310.9
1145140 2307.4
1145150 2310.7
1145160 2310.7
1145170 2309.6
1145180 2302.7
1145190 2302.7
1145200 2297.3
1145210 2294.8
1145220 2295.5
1145230 2295.5
1145240 2294.3
1145250 2292.8
1145260 2292.8
1145270 2291.1
1145280 2289.9
1145290 2289.9
1145300 2286.6
1145310 2280.0
1145320 2271.1
1145330 2263.1
1145340 2255.6
1145350 2255.6
1145360 2247.9
1145370 2240.1
1145380 2240.1
1145390 2233.8
1145400 2227.5
1145410 2227.5
1145420 2220.7
1145430 2216.5
1145440 2211.4
1145450 2211.4
1145460 2207.4
1145470 2202.3
1145480 2202.3
1145490 2197.0
1145500 2191.2
1145510 2191.2
1145520 2184.0
1145530 2176.9
1145540 2176.9
1145550 2169.6
1145560 2159.8
1145570 2159.8
1145580 2144.3
1145590 2129.7
1145600 2129.7
1145610 2128.8
1145620 2131.4
1145630 2131.4
1145640 2118.9
1145650 2108.2
1145660 2100.3
1145670 2100.3
1145680 2087.0
1145690 2052.0
1145700 2052.0
1145710 2047.4
1145720 2049.8
1145730 2049.8
1145740 2045.2
1145750 2030.8
1145760 2030.8
1145770 2020.9
1145780 2013.6
1145790 2013.6
1145800 2007.0
1145810 2004.3
1145820 2004.3
1145830 2007.7
1145840 2010.2
1145850 1997.8
1145860 1997.8
1145870 1969.0
1145880 1966.6
1145890 1966.6
1145900 1969.3
1145910 1958.4
1145920 1958.4
1145930 1935.6
1145940 1926.2
1145950 1926.2
1145960 1909.2
1145970 1890.4
1145980 1890.4
1145990 1884.2
1146000 1875.2
1146010 1875.2
1146020 1865.1
1146030 1855.1
1146040 1855.1
1146050 1845.2
1146060 1837.3
1146070 1830.4
1146080 1830.4
1146090 1823.7
1146100 1817.1
1146110 1817.1
1146120 1810.6
1146130 1804.3
1146140 1804.3
1146150 1798.1
1146160 1792.2
1146170 1792.2
1146180 1786.2
1146190 1779.9
1146200 1779.9
1146210 1774.0
1146220 1767.9
1146230 1767.9
1146240 1762.0
1146250 1756.0
1146260 1756.0
1146270 1750.1
1146280 1744.1
1146290 1738.2
1146300 1738.2
1146310 1732.5
1146320 1726.7
1146330 1726.7
1146340 1720.9
1146350 1715.1
1146360 1715.1
1146370 1709.5
1146380 1704.0
1146390 1704.0
1146400 1698.6
1146410 1692.8
1146420 1692.8
1146430 1684.8
1146440 1672.6
1146450 1672.6
1146460 1664.5
1146470 1658.4
1146480 1658.4
1146490 1658.4
1146500 1660.5
1146510 1665.0
1146520 1665.0
1146530 1668.5
1146540 1671.8
1146550 1671.8
1146560 1674.4
1146570 1673.7
1146580 1673.7
1146590 1672.1
1146600 1670.7
1146610 1670.7
1146620 1672.8
1146630 1675.4
1146640 1675.4
1146650 1674.9
1146660 1674.8
1146670 1674.8
1146680 1675.0
1146690 1675.1
1146700 1675.3
1146710 1675.3
1146720 1676.0
1146730 1677.1
1146740 1677.1
1146750 1678.5
1146760 1680.0
1146770 1680.0
1146780 1682.1
1146790 1684.9
1146800 1684.9
1146810 1691.7
1146820 1696.6
1146830 1696.6
1146840 1700.6
1146850 1701.8
1146860 1701.8
1146870 1703.9
1146880 1705.5
1146890 1709.1
1146900 1709.1
1146910 1715.8
1146920 1724.3
1146930 1724.3
1146940 1731.2
1146950 1737.8
1146960 1737.8
1146970 1746.5
1146980 1755.6
1146990 1755.6
1147000 1764.5
1147010 1772.8
1147020 1772.8
1147030 1780.4
1147040 1787.5
1147050 1787.5
1147060 1795.5
1147070 1804.3
1147080 1804.3
1147090 1812.6
1147100 1819.1
1147110 1824.6
1147120 1824.6
1147130 1830.9
1147140 1835.5
1147150 1835.5
1147160 1841.1
1147170 1845.8
1147180 1845.8
1147190 1851.2
1147200 1855.0
1147210 1855.0
1147220 1858.8
1147230 1862.7
1147240 1862.7
1147250 1866.1
1147260 1869.9
1147270 1869.9
1147280 1873.9
1147290 1878.5
1147300 1878.5
1147310 1883.7
1147320 1890.6
1147330 1897.6
1147340 1897.6
1147350 1903.6
1147360 1909.0
1147370 1909.0
1147380 1913.4
1147390 1917.1
1147400 1917.1
1147410 1920.4
1147420 1923.7
1147430 1923.7
1147440 1927.5
1147450 1931.3
1147460 1931.3
1147470 1935.2
1147480 1938.9
1147490 1938.9
1147500 1942.1
1147510 1945.2
1147520 1948.7
1147530 1948.7
1147540 1954.1
1147550 1956.2
1147560 1956.2
1147570 1959.3
1147580 1961.2
1147590 1961.2
1147600 1963.8
1147610 1966.5
1147620 1966.5
1147630 1968.7
1147640 1971.1
1147650 1971.1
1147660 1975.6
1147670 1981.4
1147680 1981.4
1147690 1985.2
1147700 1988.8
1147710 1988.8
1147720 1992.4
1147730 1996.1
1147740 1999.8
1147750 1999.8
1147760 2004.1
1147770 2010.0
1147780 2010.0
1147790 2017.0
1147800 2023.8
1147810 2023.8
1147820 2031.0
1147830 2040.0
1147840 2040.0
1147850 2049.3
1147860 2057.1
1147870 2057.1
1147880 2065.3
1147890 2073.7
1147900 2073.7
1147910 2081.2
1147920 2087.4
1147930 2087.4
1147940 2095.3
1147950 2100.7
1147960 2106.1
1147970 2106.1
1147980 2111.2
1147990 2117.6
1148000 2117.6
1148010 2124.7
1148020 2132.1
1148030 2132.1
1148040 2140.4
1148050 2148.1
1148060 2148.1
1148070 2154.9
1148080 2160.9
1148090 2160.9
1148100 2167.4
1148110 2174.3
1148120 2174.3
1148130 2181.4
1148140 2186.9
1148150 2191.1
1148160 2191.1
1148170 2195.4
1148180 2199.6
1148190 2199.6
1148200 2204.2
1148210 2209.7
1148220 2209.7
1148230 2215.8
1148240 2220.6
1148250 2220.6
1148260 2224.1
1148270 2227.9
1148280 2227.9
1148290 2233.1
1148300 2240.5
1148310 2240.5
1148320 2251.9
1148330 2260.7
1148340 2260.7
1148350 2269.5
1148360 2276.4
1148370 2282.7
1148380 2282.7
1148390 2289.4
1148400 2296.0
1148410 2296.0
1148420 2302.6
1148430 2308.4
1148440 2308.4
1148450 2315.1
1148460 2322.2
1148470 2322.2
1148480 2330.0
1148490 2338.5
1148500 2338.5
1148510 2345.0
1148520 2350.7
1148530 2350.7
1148540 2356.7
1148550 2364.6
1148560 2364.6
1148570 2372.4
1148580 2379.8
1148590 2385.7
1148600 2385.7
1148610 2386.8
1148620 2386.9
1148630 2386.9
1148640 2387.3
1148650 2390.4
1148660 2390.4
1148670 2397.4
1148680 2401.4
1148690 2401.4
1148700 2404.8
1148710 2408.5
1148720 2408.5
1148730 2412.8
1148740 2417.6
1148750 2417.6
1148760 2421.4
1148770 2424.3
1148780 2427.5
1148790 2427.5
1148800 2432.9
1148810 2441.4
1148820 2441.4
1148830 2449.5
1148840 2456.8
1148850 2456.8
1148860 2464.4
1148870 2470.3
1148880 2470.3
1148890 2472.8
1148900 2477.0
1148910 2477.0
1148920 2481.4
1148930 2485.5
1148940 2485.5
1148950 2490.2
1148960 2495.7
1148970 2495.7
1148980 2500.9
1148990 2505.1
1149000 2509.0
1149010 2509.0
1149020 2512.8
1149030 2516.5
1149040 2516.5
1149050 2522.2
1149060 2529.5
1149070 2530.2
1149080 2536.7
1149090 2541.7
1149100 2541.7
1149110 2546.6
1149120 2551.4
1149130 2551.4
1149140 2555.1
1149150 2557.7
1149160 2557.7
1149170 2559.0
1149180 2562.5
1149190 2562.5
1149200 2566.9
1149210 2570.4
1149220 2571.5
1149230 2571.5
1149240 2572.0
1149250 2573.1
1149260 2573.1
1149270 2574.4
1149280 2575.8
1149290 2575.8
1149300 2577.2
1149310 2579.6
1149320 2579.6
1149330 2583.9
1149340 2585.8
1149350 2585.8
1149360 2585.7
1149370 2586.2
1149380 2586.2
1149390 2586.5
1149400 2585.0
1149410 2583.1
1149420 2583.1
1149430 2581.8
1149440 2580.2
1149450 2581.6
1149460 2578.9
1149470 2575.5
1149480 2575.5
1149490 2568.5
1149500 2559.5
1149510 2559.5
1149520 2550.5
1149530 2541.2
1149540 2541.2
1149550 2532.2
1149560 2524.0
1149570 2524.0
1149580 2516.1
1149590 2506.9
1149600 2506.9
1149610 2498.1
1149620 2490.8
1149630 2483.9
1149640 2483.9
1149650 2476.6
1149660 2465.7
1149670 2465.7
1149680 2454.1
1149690 2446.5
1149700 2446.5
1149710 2440.1
1149720 2434.8
1149730 2434.8
1149740 2431.3
1149750 2428.1
1149760 2428.1
1149770 2425.5
1149780 2423.6
1149790 2423.6
1149800 2421.6
1149810 2419.8
1149820 2419.8
1149830 2421.0
1149840 2419.4
1149850 2418.3
1149860 2418.3
1149870 2417.7
1149880 2416.8
1149890 2416.8
1149900 2415.5
1149910 2414.0
1149920 2414.0
1149930 2413.4
1149940 2411.9
1149950 2411.9
1149960 2409.5
1149970 2406.8
1149980 2406.8
1149990 2404.0
1150000 2402.3
1150010 2402.3
1150020 2399.4
1150030 2393.8
1150040 2385.9
1150050 2385.9
1150060 2384.0
1150070 2385.4
1150080 2385.4
1150090 2386.2
1150100 2387.8
1150110 2387.8
1150120 2389.9
1150130 2391.1
1150140 2391.1
1150150 2391.7
1150160 2392.0
1150170 2392.0
1150180 2392.0
1150190 2392.1
1150200 2392.1
1150210 2400.5
1150220 2401.4
1150230 2401.4
1150240 2400.7
1150250 2401.1
1150260 2402.9
1150270 2402.9
1150280 2404.1
1150290 2407.4
1150300 2407.4
1150310 2411.9
1150320 2416.0
1150330 2416.0
1150340 2423.1
1150350 2432.8
1150360 2432.8
1150370 2440.3
1150380 2443.4
1150390 2443.4
1150400 2444.1
1150410 2444.5
1150420 2444.5
1150430 2444.9
1150440 2446.4
1150450 2446.8
1150460 2446.8
1150470 2445.8
1150480 2444.8
1150490 2444.8
1150500 2444.8
1150510 2446.1
1150520 2446.1
1150530 2448.5
1150540 2450.9
1150550 2450.9
1150560 2451.5
1150570 2451.4
1150580 2452.5
1150590 2452.9
1150600 2453.5
1150610 2453.5
1150620 2453.3
1150630 2453.1
1150640 2453.1
1150650 2455.2
1150660 2462.0
1150670 2468.3
1150680 2468.3
1150690 2469.9
1150700 2472.7
1150710 2472.7
1150720 2478.6
1150730 2482.5
1150740 2482.5
1150750 2489.1
1150760 2502.5
1150770 2502.5
1150780 2514.1
1150790 2517.8
1150800 2517.8
1150810 2521.5
1150820 2526.9
1150830 2526.9
1150840 2531.7
1150850 2537.8
1150860 2537.8
1150870 2544.0
1150880 2549.6
1150890 2551.9
1150900 2551.9
1150910 2558.4
1150920 2564.7
1150930 2564.7
1150940 2567.5
1150950 2568.8
1150960 2576.8
1150970 2575.8
1150980 2574.0
1150990 2574.0
1151000 2575.3
1151010 2576.5
1151020 2576.5
1151030 2579.3
1151040 2584.7
1151050 2584.7
1151060 2592.1
1151070 2598.7
1151080 2604.4
1151090 2604.4
1151100 2610.6
1151110 2617.1
1151120 2617.1
1151130 2623.1
1151140 2629.2
1151150 2629.2
1151160 2635.2
1151170 2639.2
1151180 2639.2
1151190 2643.5
1151200 2646.9
1151210 2646.9
1151220 2648.9
1151230 2652.4
1151240 2652.4
1151250 2657.3
1151260 2663.0
1151270 2663.0
1151280 2669.3
1151290 2676.4
1151300 2683.7
1151310 2683.7
1151320 2691.7
1151330 2700.7
1151340 2698.1
1151350 2705.6
1151360 2713.3
1151370 2713.3
1151380 2720.7
1151390 2728.6
1151400 2728.6
1151410 2735.3
1151420 2739.7
1151430 2739.7
1151440 2743.2
1151450 2746.2
1151460 2746.2
1151470 2749.1
1151480 2751.2
1151490 2751.2
1151500 2753.7
1151510 2756.6
1151520 2756.9
1151530 2756.9
1151540 2756.2
1151550 2757.6
1151560 2757.6
1151570 2760.7
1151580 2763.8
1151590 2763.8
1151600 2766.7
1151610 2768.2
1151620 2768.2
1151630 2769.9
1151640 2772.5
1151650 2772.5
1151660 2775.3
1151670 2778.9
1151680 2778.9
1151690 2783.7
1151700 2789.0
1151710 2794.3
1151720 2794.6
1151730 2799.9
1151740 2805.8
1151750 2805.8
1151760 2811.7
1151770 2817.8
1151780 2817.8
1151790 2824.4
1151800 2831.2
1151810 2831.2
1151820 2838.1
1151830 2844.9
1151840 2844.9
1151850 2852.3
1151860 2859.4
1151870 2859.4
1151880 2867.4
1151890 2879.7
1151900 2879.7
1151910 2892.1
1151920 2901.4
1151930 2909.6
1151940 2909.6
1151950 2920.6
1151960 2930.7
1151970 2930.7
1151980 2936.8
1151990 2932.6
1152000 2932.6
1152010 2921.7
1152020 2906.2
1152030 2906.2
1152040 2896.4
1152050 2888.8
1152060 2888.8
1152070 2879.7
1152080 2871.7
1152090 2871.7
1152100 2864.2
1152110 2863.9
1152120 2863.9
1152130 2860.5
1152140 2857.6
1152150 2855.4
1152160 2855.4
1152170 2853.3
1152180 2851.4
1152190 2851.4
1152200 2850.6
1152210 2847.3
1152220 2847.3
1152230 2838.9
1152240 2831.3
1152250 2831.3
1152260 2826.3
1152270 2821.3
1152280 2821.3
1152290 2817.4
1152300 2814.8
1152310 2814.8
1152320 2812.2
1152330 2809.7
1152340 2808.1
1152350 2808.1
1152360 2807.3
1152370 2806.9
1152380 2806.9
1152390 2806.5
1152400 2806.3
1152410 2806.3
1152420 2806.4
1152430 2807.1
1152440 2807.1
1152450 2808.2
1152460 2810.8
1152470 2810.8
1152480 2814.0
1152490 2819.7
1152500 2819.7
1152510 2819.2
1152520 2816.8
1152530 2816.8
1152540 2815.7
1152550 2816.2
1152560 2815.8
1152570 2815.8
1152580 2815.1
1152590 2819.1
1152600 2819.1
1152610 2819.0
1152620 2815.5
1152630 2815.5
1152640 2814.4
1152650 2814.3
1152660 2814.3
1152670 2814.6
1152680 2814.4
1152690 2814.4
1152700 2814.7
1152710 2815.7
1152720 2815.7
1152730 2818.0
1152740 2821.1
1152750 2821.1
1152760 2824.3
1152770 2828.3
1152780 2835.7
1152790 2835.7
1152800 2839.0
1152810 2838.7
1152820 2838.7
1152830 2833.0
1152840 2824.0
1152850 2824.0
1152860 2816.4
1152870 2821.1
1152880 2821.1
1152890 2815.1
1152900 2811.6
1152910 2811.6
1152920 2808.5
1152930 2805.6
1152940 2805.6
1152950 2803.3
1152960 2799.4
1152970 2794.9
1152980 2794.9
1152990 2784.2
1153000 2776.7
1153010 2776.7
1153020 2769.9
1153030 2760.6
1153040 2760.6
1153050 2753.5
1153060 2747.0
1153070 2747.0
1153080 2740.5
1153090 2736.6
1153100 2736.6
1153110 2735.6
1153120 2735.4
1153130 2735.4
1153140 2734.3
1153150 2733.1
1153160 2733.1
1153170 2732.0
1153180 2729.4
1153190 2726.3
1153200 2726.3
1153210 2722.4
1153220 2717.2
1153230 2717.2
1153240 2713.8
1153250 2721.2
1153260 2721.2
1153270 2721.3
1153280 2721.5
1153290 2721.5
1153300 2723.1
1153310 2724.1
1153320 2724.1
1153330 2721.6
1153340 2717.2
1153350 2717.2
1153360 2714.4
1153370 2711.3
1153380 2705.0
1153390 2705.0
1153400 2696.0
1153410 2689.5
1153420 2689.5
1153430 2682.9
1153440 2682.3
1153450 2682.3
1153460 2682.4
1153470 2680.0
1153480 2680.0
1153490 2671.3
1153500 2668.8
1153510 2668.8
1153520 2673.6
1153530 2681.5
1153540 2681.5
1153550 2689.4
1153560 2690.7
1153570 2690.7
1153580 2676.7
1153590 2670.2
1153600 2664.2
1153610 2664.2
1153620 2655.5
1153630 2661.8
1153640 2661.8
1153650 2659.2
1153660 2657.8
1153670 2657.8
1153680 2653.9
1153690 2651.3
1153700 2651.3
1153710 2650.4
1153720 2650.2
1153730 2650.2
1153740 2650.3
1153750 2642.0
1153760 2642.0
1153770 2629.5
1153780 2624.2
1153790 2624.2
1153800 2619.7
1153810 2613.2
1153820 2612.6
1153830 2612.6
1153840 2612.6
1153850 2608.4
1153860 2608.4
1153870 2603.9
1153880 2602.3
1153890 2602.3
1153900 2599.9
1153910 2596.9
1153920 2596.9
1153930 2594.7
1153940 2593.5
1153950 2593.5
1153960 2591.2
1153970 2589.2
1153980 2589.2
1153990 2587.6
1154000 2585.9
1154010 2589.6
1154020 2589.6
1154030 2587.8
1154040 2586.4
1154050 2586.4
1154060 2584.0
1154070 2582.7
1154080 2582.7
1154090 2583.1
1154100 2583.0
1154110 2583.0
1154120 2583.0
1154130 2585.3
1154140 2585.3
1154150 2588.5
1154160 2590.2
1154170 2590.2
1154180 2591.9
1154190 2590.7
1154200 2590.7
1154210 2588.2
1154220 2584.6
1154230 2583.1
1154240 2583.1
1154250 2582.7
1154260 2580.9
1154270 2580.9
1154280 2578.0
1154290 2577.5
1154300 2577.5
1154310 2579.7
1154320 2583.9
1154330 2583.9
1154340 2588.1
1154350 2593.0
1154360 2593.0
1154370 2598.4
1154380 2603.1
1154390 2603.1
1154400 2613.1
1154410 2614.1
1154420 2614.1
1154430 2616.3
1154440 2620.2
1154450 2624.1
1154460 2624.1
1154470 2628.5
1154480 2634.4
1154490 2634.4
1154500 2640.9
1154510 2645.9
1154520 2645.9
1154530 2650.9
1154540 2655.2
1154550 2655.2
1154560 2658.5
1154570 2661.7
1154580 2661.7
1154590 2665.5
1154600 2669.1
1154610 2669.1
1154620 2672.1
1154630 2675.0
1154640 2677.9
1154650 2677.9
1154660 2680.9
1154670 2684.3
1154680 2684.3
1154690 2686.8
1154700 2689.5
1154710 2689.5
1154720 2692.4
1154730 2694.9
1154740 2694.9
1154750 2697.1
1154760 2700.0
1154770 2700.0
1154780 2708.1
1154790 2709.6
1154800 2709.6
1154810 2710.8
1154820 2712.4
1154830 2712.4
1154840 2712.2
1154850 2710.8
1154860 2708.8
1154870 2708.8
1154880 2705.1
1154890 2701.6
1154900 2701.6
1154910 2698.2
1154920 2693.0
1154930 2693.0
1154940 2685.9
1154950 2679.7
1154960 2679.7
1154970 2675.2
1154980 2668.6
1154990 2668.6
1155000 2663.8
1155010 2662.4
1155020 2662.4
1155030 2661.3
1155040 2658.6
1155050 2658.6
1155060 2654.5
1155070 2650.6
1155080 2647.4
1155090 2647.4
1155100 2644.0
1155110 2641.5
1155120 2641.5
1155130 2639.2
1155140 2635.9
1155150 2635.9
1155160 2633.3
1155170 2627.7
1155180 2627.7
1155190 2626.4
1155200 2624.3
1155210 2624.3
1155220 2623.2
1155230 2621.4
1155240 2621.4
1155250 2618.9
1155260 2618.1
1155270 2618.6
1155280 2618.6
1155290 2620.1
1155300 2620.8
1155310 2620.8
1155320 2621.0
1155330 2620.6
1155340 2620.6
1155350 2620.5
1155360 2622.8
1155370 2622.8
1155380 2627.3
1155390 2632.6
1155400 2632.6
1155410 2635.6
1155420 2634.8
1155430 2634.8
1155440 2629.5
1155450 2622.2
1155460 2622.2
1155470 2616.4
1155480 2612.5
1155490 2609.2
1155500 2609.2
1155510 2605.0
1155520 2601.2
1155530 2601.2
1155540 2598.4
1155550 2597.3
1155560 2597.3
1155570 2597.1
1155580 2594.4
1155590 2594.4
1155600 2591.3
1155610 2588.4
1155620 2588.4
1155630 2587.9
1155640 2589.4
1155650 2589.4
1155660 2592.0
1155670 2593.0
1155680 2593.4
1155690 2593.4
1155700 2593.0
1155710 2591.9
1155720 2591.9
1155730 2590.7
1155740 2590.2
1155750 2590.2
1155760 2590.4
1155770 2591.1
1155780 2591.1
1155790 2592.5
1155800 2591.8
1155810 2591.8
1155820 2588.9
1155830 2585.6
1155840 2585.6
1155850 2583.0
1155860 2581.6
1155870 2581.6
1155880 2580.9
1155890 2580.1
1155900 2578.8
1155910 2578.8
1155920 2577.1
1155930 2576.0
1155940 2575.1
1155950 2574.4
1155960 2574.3
1155970 2574.3
1155980 2574.8
1155990 2576.1
1156000 2576.1
1156010 2577.0
1156020 2577.2
1156030 2577.2
1156040 2576.1
1156050 2573.9
1156060 2573.9
1156070 2571.5
1156080 2570.2
1156090 2570.2
1156100 2571.1
1156110 2569.8
1156120 2568.3
1156130 2568.3
1156140 2569.5
1156150 2572.3
1156160 2572.3
1156170 2574.7
1156180 2577.2
1156190 2577.2
1156200 2580.5
1156210 2583.6
1156220 2583.6
1156230 2587.2
1156240 2591.3
1156250 2591.3
1156260 2594.8
1156270 2597.9
1156280 2597.9
1156290 2600.7
1156300 2605.1
1156310 2611.8
1156320 2610.7
1156330 2616.9
1156340 2621.9
1156350 2621.9
1156360 2624.2
1156370 2623.3
1156380 2623.3
1156390 2620.9
1156400 2618.5
1156410 2618.5
1156420 2618.1
1156430 2619.8
1156440 2619.8
1156450 2623.0
1156460 2633.1
1156470 2633.1
1156480 2646.1
1156490 2653.8
1156500 2653.8
1156510 2658.5
1156520 2663.4
1156530 2668.3
1156540 2668.3
1156550 2670.8
1156560 2671.6
1156570 2671.6
1156580 2670.4
1156590 2669.3
1156600 2669.3
1156610 2662.6
1156620 2651.4
1156630 2651.4
1156640 2644.9
1156650 2641.3
1156660 2641.3
1156670 2640.9
1156680 2641.3
1156690 2641.3
1156700 2642.6
1156710 2639.8
1156720 2639.8
1156730 2642.5
1156740 2645.2
1156750 2648.7
1156760 2648.7
1156770 2651.4
1156780 2653.6
1156790 2653.6
1156800 2655.6
1156810 2657.5
1156820 2657.5
1156830 2660.5
1156840 2664.4
1156850 2664.4
1156860 2668.3
1156870 2671.6
1156880 2671.6
1156890 2674.6
1156900 2677.8
1156910 2677.8
1156920 2681.0
1156930 2684.0
1156940 2684.8
1156950 2684.8
1156960 2680.9
1156970 2673.5
1156980 2673.5
1156990 2665.9
1157000 2660.4
1157010 2660.4
1157020 2651.8
1157030 2639.1
1157040 2639.1
1157050 2629.2
1157060 2622.8
1157070 2622.8
1157080 2617.7
1157090 2618.3
1157100 2618.3
1157110 2615.0
1157120 2611.2
1157130 2611.2
1157140 2608.1
1157150 2604.9
1157160 2602.0
1157170 2602.0
1157180 2598.4
1157190 2596.4
1157200 2596.4
1157210 2593.7
1157220 2590.0
1157230 2590.0
1157240 2587.5
1157250 2585.1
1157260 2585.1
1157270 2583.5
1157280 2582.9
1157290 2582.9
1157300 2582.0
1157310 2580.8
1157320 2580.8
1157330 2577.8
1157340 2573.2
1157350 2573.2
1157360 2568.2
1157370 2561.6
1157380 2552.0
1157390 2552.0
1157400 2542.7
1157410 2533.9
1157420 2533.9
1157430 2526.1
1157440 2519.9
1157450 2519.9
1157460 2513.9
1157470 2507.9
1157480 2506.2
1157490 2499.8
1157500 2493.1
1157510 2493.1
1157520 2488.1
1157530 2483.8
1157540 2483.8
1157550 2479.3
1157560 2473.9
1157570 2468.7
1157580 2468.7
1157590 2463.4
1157600 2458.9
1157610 2458.9
1157620 2455.0
1157630 2450.4
1157640 2450.4
1157650 2445.6
1157660 2441.1
1157670 2441.1
1157680 2436.3
1157690 2432.2
1157700 2432.2
1157710 2429.0
1157720 2425.7
1157730 2425.7
1157740 2421.9
1157750 2417.1
1157760 2417.1
1157770 2413.0
1157780 2409.4
1157790 2406.7
1157800 2406.7
1157810 2404.5
1157820 2404.0
1157830 2404.0
1157840 2407.2
1157850 2410.2
1157860 2410.2
1157870 2409.2
1157880 2408.7
1157890 2408.7
1157900 2410.0
1157910 2411.8
1157920 2411.8
1157930 2413.1
1157940 2414.5
1157950 2414.5
1157960 2417.0
1157970 2418.0
1157980 2418.7
1157990 2418.7
1158000 2419.1
1158010 2419.8
1158020 2419.8
1158030 2420.5
1158040 2419.6
1158050 2419.6
1158060 2418.6
1158070 2417.5
1158080 2417.5
1158090 2417.0
1158100 2416.6
1158110 2416.6
1158120 2415.6
1158130 2416.0
1158140 2416.0
1158150 2416.9
1158160 2418.0
1158170 2418.0
1158180 2419.2
1158190 2420.6
1158200 2421.7
1158210 2421.7
1158220 2422.8
1158230 2424.4
1158240 2424.4
1158250 2425.7
1158260 2424.5
1158270 2424.5
1158280 2426.3
1158290 2428.6
1158300 2428.6
1158310 2431.9
1158320 2434.7
1158330 2434.7
1158340 2437.1
1158350 2438.9
1158360 2438.9
1158370 2441.1
1158380 2444.5
1158390 2444.5
1158400 2446.7
1158410 2448.0
1158420 2449.4
1158430 2449.4
1158440 2451.5
1158450 2455.4
1158460 2455.4
1158470 2458.8
1158480 2462.0
1158490 2462.0
1158500 2465.7
1158510 2470.0
1158520 2470.0
1158530 2474.0
1158540 2478.8
1158550 2478.8
1158560 2483.5
1158570 2487.4
1158580 2487.4
1158590 2492.2
1158600 2496.7
1158610 2499.2
1158620 2499.2
1158630 2502.5
1158640 2502.9
1158650 2502.9
1158660 2506.4
1158670 2510.2
1158680 2510.2
1158690 2514.2
1158700 2518.4
1158710 2518.4
1158720 2521.9
1158730 2524.9
1158740 2524.9
1158750 2528.3
1158760 2531.7
1158770 2531.7
1158780 2535.3
1158790 2539.2
1158800 2539.2
1158810 2543.6
1158820 2548.0
1158830 2552.2
1158840 2552.2
1158850 2556.2
1158860 2560.0
1158870 2560.0
1158880 2563.5
1158890 2566.3
1158900 2566.3
1158910 2568.5
1158920 2570.1
1158930 2570.1
1158940 2568.3
1158950 2563.7
1158960 2563.7
1158970 2558.7
1158980 2553.0
1158990 2553.0
1159000 2546.5
1159010 2540.1
1159020 2540.1
1159030 2532.1
1159040 2525.7
1159050 2519.7
1159060 2519.7
1159070 2515.5
1159080 2512.5
1159090 2512.5
1159100 2509.9
1159110 2507.2
1159120 2507.2
1159130 2503.6
1159140 2500.3
1159150 2500.3
1159160 2496.4
1159170 2492.4
1159180 2492.4
1159190 2490.0
1159200 2487.6
1159210 2487.6
1159220 2484.7
1159230 2482.1
1159240 2480.9
1159250 2480.9
1159260 2481.7
1159270 2482.8
1159280 2482.8
1159290 2482.1
1159300 2480.7
1159310 2480.7
1159320 2479.1
1159330 2477.5
1159340 2477.5
1159350 2476.2
1159360 2474.9
1159370 2474.9
1159380 2473.9
1159390 2472.8
1159400 2472.8
1159410 2471.9
1159420 2472.3
1159430 2472.3
1159440 2471.4
1159450 2470.5
1159460 2469.3
1159470 2469.3
1159480 2467.8
1159490 2466.2
1159500 2466.2
1159510 2464.5
1159520 2462.8
1159530 2462.8
1159540 2460.9
1159550 2458.3
1159560 2458.3
1159570 2455.2
1159580 2451.9
1159590 2451.9
1159600 2448.5
1159610 2444.8
1159620 2444.8
1159630 2441.5
1159640 2438.3
1159650 2438.3
1159660 2434.9
1159670 2431.3
1159680 2428.3
1159690 2428.3
1159700 2427.0
1159710 2427.0
1159720 2427.0
1159730 2425.6
1159740 2423.9
1159750 2423.9
1159760 2422.0
1159770 2421.1
1159780 2421.1
1159790 2421.5
1159800 2423.4
1159810 2430.1
1159820 2432.6
1159830 2435.8
1159840 2435.8
1159850 2438.7
1159860 2440.9
1159870 2443.2
1159880 2443.2
1159890 2445.8
1159900 2445.1
1159910 2445.1
1159920 2441.9
1159930 2437.5
1159940 2437.5
1159950 2431.6
1159960 2423.2
1159970 2423.2
1159980 2417.3
1159990 2408.4
