1140000 1472.6
1140010 1471.9
1140020 1471.9
1140030 1470.4
1140040 1469.2
1140050 1469.2
1140060 1467.8
1140070 1466.6
1140080 1466.6
1140090 1465.7
1140100 1464.1
1140110 1464.1
1140120 1463.3
1140130 1462.1
1140140 1462.1
1140150 1460.6
1140160 1460.0
1140170 1460.0
1140180 1459.9
1140190 1459.0
1140200 1457.5
1140210 1457.5
1140220 1456.6
1140230 1456.1
1140240 1456.1
1140250 1455.6
1140260 1455.4
1140270 1455.4
1140280 1454.9
1140290 1454.0
1140300 1454.0
1140310 1451.4
1140320 1447.5
1140330 1447.5
1140340 1442.1
1140350 1437.4
1140360 1437.4
1140370 1435.2
1140380 1434.3
1140390 1433.9
1140400 1433.9
1140410 1433.6
1140420 1433.3
1140430 1433.3
1140440 1433.1
1140450 1432.8
1140460 1432.8
1140470 1432.6
1140480 1432.3
1140490 1432.3
1140500 1432.2
1140510 1432.0
1140520 1432.0
1140530 1431.8
1140540 1431.7
1140550 1431.7
1140560 1431.5
1140570 1431.4
1140580 1431.4
1140590 1431.2
1140600 1431.0
1140610 1430.8
1140620 1430.8
1140630 1430.6
1140640 1430.4
1140650 1430.4
1140660 1430.2
1140670 1429.9
1140680 1428.6
1140690 1427.9
1140700 1427.7
1140710 1427.7
1140720 1427.8
1140730 1428.1
1140740 1428.1
1140750 1428.3
1140760 1428.5
1140770 1428.5
1140780 1428.5
1140790 1428.4
1140800 1428.4
1140810 1428.3
1140820 1429.5
1140830 1432.7
1140840 1432.7
1140850 1435.5
1140860 1439.0
1140870 1439.0
1140880 1443.0
1140890 1444.2
1140900 1444.2
1140910 1444.7
1140920 1445.3
1140930 1445.3
1140940 1446.3
1140950 1447.3
1140960 1447.3
1140970 1448.3
1140980 1448.8
1140990 1448.8
1141000 1449.1
1141010 1449.9
1141020 1450.1
1141030 1450.1
1141040 1450.5
1141050 1449.6
1141060 1449.6
1141070 1448.9
1141080 1449.2
1141090 1449.2
1141100 1449.4
1141110 1449.9
1141120 1449.9
1141130 1450.7
1141140 1452.0
1141150 1452.0
1141160 1452.6
1141170 1453.0
1141180 1453.0
1141190 1454.9
1141200 1457.6
1141210 1457.6
1141220 1460.3
1141230 1462.9
1141240 1465.9
1141250 1465.9
1141260 1468.4
1141270 1470.9
1141280 1470.9
1141290 1474.3
1141300 1478.2
1141310 1478.2
1141320 1483.2
1141330 1488.7
1141340 1488.7
1141350 1493.9
1141360 1499.4
1141370 1499.4
1141380 1506.0
1141390 1511.9
1141400 1511.9
1141410 1522.9
1141420 1527.0
1141430 1527.0
1141440 1531.5
1141450 1535.8
1141460 1538.8
1141470 1538.8
1141480 1539.4
1141490 1534.3
1141500 1534.3
1141510 1531.9
1141520 1543.2
1141530 1543.2
1141540 1550.1
1141550 1554.1
1141560 1554.1
1141570 1556.9
1141580 1561.8
1141590 1561.8
1141600 1567.9
1141610 1573.9
1141620 1573.9
1141630 1578.9
1141640 1582.5
1141650 1584.1
1141660 1584.1
1141670 1586.0
1141680 1588.6
1141690 1588.6
1141700 1591.3
1141710 1594.4
1141720 1594.4
1141730 1596.6
1141740 1598.7
1141750 1598.7
1141760 1601.3
1141770 1604.4
1141780 1606.7
1141790 1610.2
1141800 1615.6
1141810 1615.6
1141820 1620.4
1141830 1622.4
1141840 1622.4
1141850 1624.1
1141860 1626.9
1141870 1631.5
1141880 1631.5
1141890 1636.6
1141900 1642.3
1141910 1642.3
1141920 1649.4
1141930 1654.1
1141940 1654.1
1141950 1657.6
1141960 1660.9
1141970 1660.9
1141980 1664.3
1141990 1668.3
1142000 1668.3
1142010 1671.7
1142020 1674.1
1142030 1674.1
1142040 1676.1
1142050 1677.2
1142060 1677.3
1142070 1677.3
1142080 1678.4
1142090 1679.5
1142100 1679.5
1142110 1677.7
1142120 1673.7
1142130 1673.7
1142140 1673.5
1142150 1680.3
1142160 1680.3
1142170 1683.1
1142180 1690.3
1142190 1690.3
1142200 1698.2
1142210 1705.9
1142220 1705.9
1142230 1711.1
1142240 1714.7
1142250 1714.7
1142260 1719.0
1142270 1724.2
1142280 1730.2
1142290 1730.2
1142300 1736.2
1142310 1741.8
1142320 1741.8
1142330 1746.9
1142340 1750.9
1142350 1750.9
1142360 1755.1
1142370 1759.7
1142380 1759.7
1142390 1764.3
1142400 1769.7
1142410 1769.7
1142420 1776.7
1142430 1783.3
1142440 1783.3
1142450 1789.7
1142460 1796.3
1142470 1796.3
1142480 1804.0
1142490 1812.5
1142500 1820.4
1142510 1820.4
1142520 1832.5
1142530 1840.9
1142540 1840.9
1142550 1849.1
1142560 1856.4
1142570 1856.4
1142580 1865.5
1142590 1876.6
1142600 1876.6
1142610 1884.9
1142620 1891.4
1142630 1891.4
1142640 1896.0
1142650 1900.1
1142660 1900.1
1142670 1904.7
1142680 1909.7
1142690 1914.8
1142700 1914.8
1142710 1920.1
1142720 1925.5
1142730 1925.5
1142740 1931.2
1142750 1937.9
1142760 1937.9
1142770 1945.5
1142780 1951.3
1142790 1951.3
1142800 1954.1
1142810 1956.0
1142820 1956.0
1142830 1957.9
1142840 1959.2
1142850 1959.2
1142860 1960.1
1142870 1961.2
1142880 1961.2
1142890 1967.5
1142900 1968.4
1142910 1969.7
1142920 1969.7
1142930 1971.6
1142940 1973.4
1142950 1973.4
1142960 1974.2
1142970 1972.2
1142980 1972.2
1142990 1971.5
1143000 1972.8
1143010 1972.8
1143020 1973.6
1143030 1973.5
1143040 1973.5
1143050 1973.3
1143060 1974.1
1143070 1974.1
1143080 1977.2
1143090 1980.7
1143100 1980.7
1143110 1984.0
1143120 1986.7
1143130 1988.9
1143140 1988.9
1143150 1991.5
1143160 1993.4
1143170 1993.4
1143180 1996.4
1143190 2000.2
1143200 2000.2
1143210 2004.7
1143220 2008.5
1143230 2008.5
1143240 2012.3
1143250 2016.6
1143260 2022.2
1143270 2028.2
1143280 2037.3
1143290 2037.3
1143300 2043.5
1143310 2051.4
1143320 2057.3
1143330 2057.3
1143340 2061.2
1143350 2063.7
1143360 2063.7
1143370 2065.7
1143380 2066.8
1143390 2066.8
1143400 2067.3
1143410 2069.6
1143420 2069.6
1143430 2072.3
1143440 2074.6
1143450 2074.6
1143460 2077.1
1143470 2081.0
1143480 2081.0
1143490 2085.4
1143500 2090.5
1143510 2090.5
1143520 2095.1
1143530 2098.7
1143540 2101.9
1143550 2101.9
1143560 2105.0
1143570 2109.4
1143580 2109.4
1143590 2116.1
1143600 2122.4
1143610 2122.4
1143620 2127.6
1143630 2137.4
1143640 2137.4
1143650 2141.3
1143660 2145.7
1143670 2145.7
1143680 2148.8
1143690 2151.1
1143700 2151.1
1143710 2153.9
1143720 2155.8
1143730 2158.3
1143740 2158.3
1143750 2163.4
1143760 2168.9
1143770 2168.9
1143780 2173.7
1143790 2180.3
1143800 2180.3
1143810 2187.6
1143820 2195.5
1143830 2195.5
1143840 2203.2
1143850 2209.7
1143860 2209.7
1143870 2214.9
1143880 2218.9
1143890 2218.9
1143900 2223.3
1143910 2226.7
1143920 2226.7
1143930 2229.2
1143940 2232.2
1143950 2235.2
1143960 2235.2
1143970 2237.2
1143980 2238.8
1143990 2238.8
1144000 2242.0
1144010 2248.2
1144020 2248.2
1144030 2253.5
1144040 2259.4
1144050 2259.4
1144060 2265.4
1144070 2272.6
1144080 2272.6
1144090 2279.5
1144100 2286.1
1144110 2286.1
1144120 2292.3
1144130 2298.9
1144140 2298.9
1144150 2306.1
1144160 2313.5
1144170 2320.6
1144180 2320.6
1144190 2327.1
1144200 2333.5
1144210 2333.5
1144220 2340.1
1144230 2346.7
1144240 2346.7
1144250 2353.3
1144260 2359.9
1144270 2359.9
1144280 2366.4
1144290 2372.8
1144300 2372.8
1144310 2379.3
1144320 2385.7
1144330 2385.7
1144340 2391.8
1144350 2397.4
1144360 2403.3
1144370 2403.3
1144380 2404.7
1144390 2409.0
1144400 2409.0
1144410 2412.6
1144420 2415.4
1144430 2415.4
1144440 2417.6
1144450 2416.8
1144460 2416.8
1144470 2416.7
1144480 2417.6
1144490 2417.6
1144500 2418.2
1144510 2413.6
1144520 2413.6
1144530 2411.0
1144540 2407.7
1144550 2407.7
1144560 2403.6
1144570 2404.5
1144580 2400.9
1144590 2400.9
1144600 2394.7
1144610 2389.6
1144620 2389.6
1144630 2383.8
1144640 2380.8
1144650 2380.8
1144660 2377.5
1144670 2370.6
1144680 2370.6
1144690 2366.6
1144700 2367.0
1144710 2367.0
1144720 2360.5
1144730 2350.5
1144740 2350.5
1144750 2332.8
1144760 2323.8
1144770 2323.8
1144780 2319.4
1144790 2314.7
1144800 2310.9
1144810 2310.9
1144820 2308.2
1144830 2305.4
1144840 2305.4
1144850 2302.1
1144860 2298.2
1144870 2298.2
1144880 2295.0
1144890 2292.8
1144900 2292.8
1144910 2290.9
1144920 2288.3
1144930 2288.3
1144940 2285.1
1144950 2282.5
1144960 2282.5
1144970 2280.1
1144980 2276.1
1144990 2272.9
1145000 2272.9
1145010 2267.4
1145020 2259.3
1145030 2259.3
1145040 2251.1
1145050 2245.4
1145060 2245.4
1145070 2241.5
1145080 2238.8
1145090 2238.8
1145100 2235.5
1145110 2231.2
1145120 2226.4
1145130 2220.8
1145140 2215.3
1145150 2215.3
1145160 2210.9
1145170 2206.4
1145180 2206.4
1145190 2201.3
1145200 2194.6
1145210 2186.3
1145220 2186.3
1145230 2179.1
1145240 2174.0
1145250 2174.0
1145260 2168.5
1145270 2162.5
1145280 2162.5
1145290 2153.7
1145300 2146.6
1145310 2146.6
1145320 2141.9
1145330 2137.1
1145340 2137.1
1145350 2132.7
1145360 2128.3
1145370 2128.3
1145380 2124.9
1145390 2120.7
1145400 2115.7
1145410 2115.7
1145420 2109.1
1145430 2102.5
1145440 2102.5
1145450 2096.1
1145460 2087.5
1145470 2087.5
1145480 2081.1
1145490 2076.2
1145500 2070.9
1145510 2066.2
1145520 2060.2
1145530 2060.2
1145540 2053.3
1145550 2044.3
1145560 2044.3
1145570 2035.5
1145580 2031.0
1145590 2031.0
1145600 2026.1
1145610 2018.7
1145620 2011.9
1145630 2011.9
1145640 2005.0
1145650 1995.5
1145660 1995.5
1145670 1985.1
1145680 1976.1
1145690 1976.1
1145700 1967.0
1145710 1947.9
1145720 1947.9
1145730 1927.8
1145740 1908.9
1145750 1908.9
1145760 1885.5
1145770 1877.1
1145780 1877.1
1145790 1867.0
1145800 1857.2
1145810 1857.2
1145820 1848.5
1145830 1840.2
1145840 1831.8
1145850 1831.8
1145860 1823.8
1145870 1815.5
1145880 1815.5
1145890 1808.0
1145900 1800.9
1145910 1800.9
1145920 1793.9
1145930 1787.2
1145940 1787.2
1145950 1781.3
1145960 1775.3
1145970 1775.3
1145980 1769.6
1145990 1763.6
1146000 1763.6
1146010 1757.6
1146020 1752.8
1146030 1747.8
1146040 1747.8
1146050 1742.7
1146060 1738.0
1146070 1738.0
1146080 1733.9
1146090 1729.9
1146100 1729.9
1146110 1725.6
1146120 1721.5
1146130 1721.5
1146140 1717.3
1146150 1713.6
1146160 1713.6
1146170 1710.8
1146180 1707.8
1146190 1707.8
1146200 1705.1
1146210 1702.6
1146220 1702.6
1146230 1699.3
1146240 1695.9
1146250 1694.9
1146260 1694.9
1146270 1694.2
1146280 1693.2
1146290 1693.2
1146300 1692.3
1146310 1691.5
1146320 1691.5
1146330 1690.5
1146340 1689.9
1146350 1689.9
1146360 1689.2
1146370 1686.2
1146380 1686.2
1146390 1682.3
1146400 1682.2
1146410 1682.2
1146420 1681.2
1146430 1681.3
1146440 1681.3
1146450 1682.3
1146460 1685.8
1146470 1687.8
1146480 1687.8
1146490 1688.2
1146500 1687.8
1146510 1687.8
1146520 1686.8
1146530 1688.1
1146540 1688.1
1146550 1689.8
1146560 1690.5
1146570 1690.5
1146580 1691.8
1146590 1693.6
1146600 1693.6
1146610 1696.3
1146620 1700.0
1146630 1700.0
1146640 1704.9
1146650 1711.4
1146660 1717.3
1146670 1717.3
1146680 1723.1
1146690 1728.1
1146700 1728.1
1146710 1732.1
1146720 1734.4
1146730 1734.4
1146740 1739.3
1146750 1745.7
1146760 1745.7
1146770 1752.0
1146780 1758.3
1146790 1758.3
1146800 1765.5
1146810 1774.3
1146820 1774.3
1146830 1782.2
1146840 1788.4
1146850 1788.4
1146860 1795.2
1146870 1804.1
1146880 1811.8
1146890 1811.8
1146900 1819.4
1146910 1827.6
1146920 1827.6
1146930 1835.8
1146940 1846.9
1146950 1846.9
1146960 1855.4
1146970 1862.3
1146980 1862.3
1146990 1870.3
1147000 1876.8
1147010 1876.8
1147020 1882.4
1147030 1887.1
1147040 1887.1
1147050 1891.6
1147060 1896.5
1147070 1902.4
1147080 1902.4
1147090 1908.7
1147100 1915.0
1147110 1915.0
1147120 1921.7
1147130 1927.7
1147140 1927.7
1147150 1933.4
1147160 1939.0
1147170 1939.0
1147180 1945.0
1147190 1951.0
1147200 1951.0
1147210 1955.3
1147220 1959.2
1147230 1959.2
1147240 1964.9
1147250 1969.9
1147260 1969.9
1147270 1974.1
1147280 1978.5
1147290 1982.3
1147300 1982.3
1147310 1986.9
1147320 1991.4
1147330 1991.4
1147340 1996.7
1147350 2002.5
1147360 2002.5
1147370 2010.6
1147380 2015.6
1147390 2015.6
1147400 2021.2
1147410 2027.8
1147420 2027.8
1147430 2035.7
1147440 2044.1
1147450 2044.1
1147460 2053.0
1147470 2062.7
1147480 2062.7
1147490 2072.6
1147500 2081.2
1147510 2089.7
1147520 2089.7
1147530 2098.7
1147540 2107.8
1147550 2107.8
1147560 2117.3
1147570 2126.3
1147580 2126.3
1147590 2133.7
1147600 2138.9
1147610 2138.9
1147620 2143.8
1147630 2149.9
1147640 2149.9
1147650 2156.5
1147660 2161.7
1147670 2161.7
1147680 2165.7
1147690 2169.1
1147700 2170.3
1147710 2170.3
1147720 2170.3
1147730 2171.5
1147740 2171.5
1147750 2179.4
1147760 2182.3
1147770 2182.3
1147780 2184.3
1147790 2187.5
1147800 2187.5
1147810 2192.5
1147820 2198.3
1147830 2198.3
1147840 2203.4
1147850 2208.5
1147860 2208.5
1147870 2214.4
1147880 2217.7
1147890 2217.7
1147900 2219.2
1147910 2220.9
1147920 2224.9
1147930 2224.9
1147940 2231.9
1147950 2239.6
1147960 2239.6
1147970 2246.9
1147980 2255.2
1147990 2255.2
1148000 2264.0
1148010 2271.3
1148020 2271.3
1148030 2278.2
1148040 2282.9
1148050 2282.9
1148060 2286.5
1148070 2292.5
1148080 2292.5
1148090 2298.6
1148100 2303.9
1148110 2303.9
1148120 2311.3
1148130 2316.9
1148140 2322.9
1148150 2322.9
1148160 2329.8
1148170 2337.6
1148180 2337.6
1148190 2344.6
1148200 2352.4
1148210 2352.4
1148220 2360.3
1148230 2367.7
1148240 2367.7
1148250 2370.2
1148260 2374.2
1148270 2374.2
1148280 2379.3
1148290 2384.1
1148300 2384.1
1148310 2389.8
1148320 2395.5
1148330 2401.9
1148340 2401.9
1148350 2407.8
1148360 2413.7
1148370 2413.7
1148380 2419.1
1148390 2425.9
1148400 2425.9
1148410 2432.4
1148420 2440.5
1148430 2440.5
1148440 2447.8
1148450 2453.4
1148460 2453.4
1148470 2459.3
1148480 2464.9
1148490 2464.9
1148500 2472.1
1148510 2478.5
1148520 2478.5
1148530 2483.2
1148540 2485.8
1148550 2487.2
1148560 2487.2
1148570 2488.6
1148580 2489.6
1148590 2489.6
1148600 2491.0
1148610 2493.2
1148620 2493.2
1148630 2494.8
1148640 2494.2
1148650 2494.2
1148660 2494.2
1148670 2495.1
1148680 2495.1
1148690 2496.2
1148700 2496.4
1148710 2496.4
1148720 2496.5
1148730 2496.4
1148740 2497.2
1148750 2497.2
1148760 2498.0
1148770 2496.3
1148780 2496.3
1148790 2494.1
1148800 2493.8
1148810 2493.8
1148820 2494.0
1148830 2494.5
1148840 2494.5
1148850 2495.3
1148860 2496.9
1148870 2498.7
1148880 2501.3
1148890 2504.3
1148900 2504.3
1148910 2507.8
1148920 2511.5
1148930 2511.5
1148940 2515.3
1148950 2518.8
1148960 2522.0
1148970 2522.0
1148980 2525.5
1148990 2531.5
1149000 2531.5
1149010 2536.6
1149020 2536.4
1149030 2536.4
1149040 2533.5
1149050 2532.0
1149060 2532.0
1149070 2531.5
1149080 2530.2
1149090 2530.2
1149100 2528.0
1149110 2526.4
1149120 2526.4
1149130 2525.3
1149140 2526.9
1149150 2526.9
1149160 2528.5
1149170 2530.3
1149180 2531.2
1149190 2531.2
1149200 2532.6
1149210 2536.4
1149220 2536.4
1149230 2541.8
1149240 2543.8
1149250 2540.4
1149260 2537.7
1149270 2534.5
1149280 2534.5
1149290 2535.5
1149300 2533.8
1149310 2533.8
1149320 2532.8
1149330 2532.8
1149340 2532.8
1149350 2529.7
1149360 2526.5
1149370 2523.8
1149380 2523.8
1149390 2522.0
1149400 2521.3
1149410 2521.3
1149420 2520.2
1149430 2519.8
1149440 2519.8
1149450 2519.2
1149460 2520.2
1149470 2520.2
1149480 2522.0
1149490 2522.4
1149500 2522.4
1149510 2522.1
1149520 2521.4
1149530 2521.4
1149540 2520.0
1149550 2518.6
1149560 2518.6
1149570 2517.1
1149580 2515.7
1149590 2514.4
1149600 2514.4
1149610 2513.5
1149620 2513.7
1149630 2510.6
1149640 2509.4
1149650 2508.7
1149660 2508.7
1149670 2508.9
1149680 2510.3
1149690 2510.3
1149700 2512.0
1149710 2512.9
1149720 2512.9
1149730 2512.5
1149740 2511.8
1149750 2511.8
1149760 2509.6
1149770 2506.4
1149780 2505.2
1149790 2505.2
1149800 2504.8
1149810 2505.0
1149820 2505.0
1149830 2506.6
1149840 2507.4
1149850 2507.4
1149860 2507.4
1149870 2506.7
1149880 2506.7
1149890 2506.8
1149900 2507.6
1149910 2507.6
1149920 2508.3
1149930 2508.6
1149940 2508.6
1149950 2508.7
1149960 2508.3
1149970 2508.3
1149980 2506.4
1149990 2504.8
1150000 2503.8
1150010 2502.0
1150020 2502.5
1150030 2499.5
1150040 2499.5
1150050 2498.5
1150060 2498.1
1150070 2498.1
1150080 2498.4
1150090 2499.0
1150100 2499.0
1150110 2500.4
1150120 2502.3
1150130 2502.3
1150140 2504.9
1150150 2507.3
1150160 2507.3
1150170 2509.7
1150180 2512.2
1150190 2512.2
1150200 2515.6
1150210 2518.9
1150220 2522.6
1150230 2522.6
1150240 2526.7
1150250 2529.0
1150260 2529.0
1150270 2530.1
1150280 2531.0
1150290 2531.0
1150300 2532.1
1150310 2533.2
1150320 2533.2
1150330 2534.6
1150340 2536.4
1150350 2536.4
1150360 2538.6
1150370 2540.8
1150380 2540.8
1150390 2541.9
1150400 2543.1
1150410 2544.6
1150420 2544.6
1150430 2546.5
1150440 2548.7
1150450 2548.7
1150460 2551.0
1150470 2553.3
1150480 2553.3
1150490 2555.5
1150500 2557.4
1150510 2557.4
1150520 2558.6
1150530 2559.4
1150540 2559.4
1150550 2560.2
1150560 2560.9
1150570 2560.9
1150580 2561.8
1150590 2562.9
1150600 2562.9
1150610 2564.1
1150620 2565.5
1150630 2566.7
1150640 2566.7
1150650 2568.0
1150660 2569.5
1150670 2569.5
1150680 2571.8
1150690 2575.1
1150700 2575.1
1150710 2578.1
1150720 2581.0
1150730 2581.0
1150740 2584.1
1150750 2586.5
1150760 2586.5
1150770 2585.3
1150780 2586.1
1150790 2586.1
1150800 2587.0
1150810 2588.9
1150820 2588.9
1150830 2592.6
1150840 2596.5
1150850 2601.6
1150860 2601.6
1150870 2611.0
1150880 2617.7
1150890 2617.7
1150900 2621.4
1150910 2625.1
1150920 2625.1
1150930 2628.7
1150940 2632.0
1150950 2632.0
1150960 2637.2
1150970 2643.0
1150980 2643.0
1150990 2648.9
1151000 2654.7
1151010 2654.7
1151020 2659.5
1151030 2663.2
1151040 2666.9
1151050 2666.9
1151060 2670.4
1151070 2675.2
1151080 2675.2
1151090 2679.2
1151100 2682.8
1151110 2682.8
1151120 2684.6
1151130 2686.4
1151140 2686.4
1151150 2685.1
1151160 2687.2
1151170 2687.2
1151180 2689.0
1151190 2690.9
1151200 2690.9
1151210 2692.1
1151220 2694.5
1151230 2694.5
1151240 2697.0
1151250 2699.4
1151260 2701.8
1151270 2701.8
1151280 2703.0
1151290 2704.6
1151300 2704.6
1151310 2706.9
1151320 2710.3
1151330 2710.3
1151340 2713.4
1151350 2715.7
1151360 2715.7
1151370 2716.6
1151380 2717.8
1151390 2717.8
1151400 2720.5
1151410 2724.4
1151420 2724.4
1151430 2729.0
1151440 2734.7
1151450 2740.9
1151460 2740.9
1151470 2747.0
1151480 2752.3
1151490 2752.3
1151500 2756.9
1151510 2760.8
1151520 2760.8
1151530 2759.0
1151540 2762.7
1151550 2762.7
1151560 2767.2
1151570 2772.2
1151580 2772.2
1151590 2776.3
1151600 2779.7
1151610 2779.7
1151620 2782.9
1151630 2786.4
1151640 2786.4
1151650 2789.8
1151660 2793.1
1151670 2796.1
1151680 2796.1
1151690 2798.7
1151700 2799.2
1151710 2799.2
1151720 2799.2
1151730 2797.5
1151740 2797.5
1151750 2794.1
1151760 2789.6
1151770 2789.6
1151780 2784.3
1151790 2779.5
1151800 2779.5
1151810 2774.8
1151820 2769.5
1151830 2769.5
1151840 2764.1
1151850 2758.9
1151860 2758.9
1151870 2753.9
1151880 2748.6
1151890 2743.5
1151900 2743.5
1151910 2733.7
1151920 2729.4
1151930 2729.4
1151940 2725.0
1151950 2722.4
1151960 2722.4
1151970 2721.7
1151980 2720.5
1151990 2720.5
1152000 2718.9
1152010 2716.7
1152020 2716.7
1152030 2713.8
1152040 2710.5
1152050 2710.5
1152060 2706.3
1152070 2702.0
1152080 2698.3
1152090 2698.3
1152100 2694.5
1152110 2691.0
1152120 2691.0
1152130 2687.8
1152140 2684.9
1152150 2684.9
1152160 2681.5
1152170 2679.6
1152180 2679.6
1152190 2677.6
1152200 2675.2
1152210 2675.2
1152220 2674.0
1152230 2672.8
1152240 2672.8
1152250 2670.0
1152260 2666.7
1152270 2666.7
1152280 2663.3
1152290 2654.9
1152300 2651.5
1152310 2651.5
1152320 2648.9
1152330 2644.5
1152340 2644.5
1152350 2639.7
1152360 2636.7
1152370 2636.7
1152380 2632.3
1152390 2628.4
1152400 2628.4
1152410 2624.7
1152420 2621.1
1152430 2621.1
1152440 2618.0
1152450 2615.3
1152460 2615.3
1152470 2612.3
1152480 2609.7
1152490 2606.7
1152500 2606.7
1152510 2604.3
1152520 2602.3
1152530 2602.3
1152540 2599.3
1152550 2596.1
1152560 2596.1
1152570 2593.1
1152580 2589.8
1152590 2589.8
1152600 2586.1
1152610 2582.5
1152620 2582.5
1152630 2578.8
1152640 2575.0
1152650 2575.0
1152660 2572.0
1152670 2566.6
1152680 2566.6
1152690 2564.6
1152700 2562.5
1152710 2561.4
1152720 2561.4
1152730 2560.7
1152740 2561.0
1152750 2561.0
1152760 2562.6
1152770 2564.2
1152780 2564.2
1152790 2565.5
1152800 2566.8
1152810 2566.8
1152820 2568.2
1152830 2569.8
1152840 2569.8
1152850 2571.0
1152860 2571.5
1152870 2571.5
1152880 2571.6
1152890 2571.2
1152900 2571.2
1152910 2570.5
1152920 2569.9
1152930 2568.6
1152940 2568.6
1152950 2567.0
1152960 2565.5
1152970 2565.5
1152980 2563.6
1152990 2561.4
1153000 2561.4
1153010 2559.6
1153020 2558.4
1153030 2558.4
1153040 2557.5
1153050 2554.5
1153060 2554.5
1153070 2553.5
1153080 2552.3
1153090 2552.3
1153100 2550.7
1153110 2548.6
1153120 2545.9
1153130 2545.9
1153140 2542.8
1153150 2540.2
1153160 2540.2
1153170 2537.7
1153180 2535.3
1153190 2535.3
1153200 2532.5
1153210 2530.0
1153220 2530.0
1153230 2527.3
1153240 2525.2
1153250 2525.2
1153260 2523.7
1153270 2521.9
1153280 2521.9
1153290 2520.5
1153300 2519.4
1153310 2519.4
1153320 2517.7
1153330 2517.1
1153340 2516.7
1153350 2516.7
1153360 2516.6
1153370 2516.7
1153380 2516.7
1153390 2518.6
1153400 2524.6
1153410 2524.6
1153420 2531.5
1153430 2530.5
1153440 2530.5
1153450 2533.5
1153460 2534.3
1153470 2534.3
1153480 2534.8
1153490 2534.0
1153500 2534.0
1153510 2532.9
1153520 2532.9
1153530 2532.9
1153540 2534.1
1153550 2534.9
1153560 2534.1
1153570 2534.1
1153580 2532.3
1153590 2530.4
1153600 2530.4
1153610 2529.6
1153620 2529.9
1153630 2529.9
1153640 2531.2
1153650 2532.8
1153660 2532.8
1153670 2534.4
1153680 2536.5
1153690 2536.5
1153700 2538.3
1153710 2538.2
1153720 2538.2
1153730 2536.6
1153740 2534.0
1153750 2531.6
1153760 2531.6
1153770 2528.9
1153780 2525.6
1153790 2525.6
1153800 2522.2
1153810 2517.8
1153820 2517.8
1153830 2513.4
1153840 2509.3
1153850 2509.3
1153860 2505.7
1153870 2502.8
1153880 2502.8
1153890 2501.0
1153900 2499.7
1153910 2499.7
1153920 2500.2
1153930 2501.9
1153940 2501.9
1153950 2502.4
1153960 2502.7
1153970 2504.6
1153980 2504.6
1153990 2506.7
1154000 2506.5
1154010 2506.5
1154020 2504.7
1154030 2501.4
1154040 2501.4
1154050 2500.3
1154060 2501.4
1154070 2501.4
1154080 2504.9
1154090 2507.4
1154100 2507.4
1154110 2508.2
1154120 2509.7
1154130 2509.7
1154140 2512.5
1154150 2515.4
1154160 2517.3
1154170 2517.3
1154180 2519.0
1154190 2520.9
1154200 2519.1
1154210 2522.1
1154220 2526.1
1154230 2526.1
1154240 2530.3
1154250 2534.2
1154260 2534.2
1154270 2537.8
1154280 2540.7
1154290 2540.7
1154300 2543.1
1154310 2545.7
1154320 2545.7
1154330 2548.4
1154340 2550.9
1154350 2550.9
1154360 2553.3
1154370 2555.4
1154380 2556.9
1154390 2556.9
1154400 2558.1
1154410 2559.8
1154420 2559.8
1154430 2561.7
1154440 2563.9
1154450 2563.9
1154460 2565.8
1154470 2567.3
1154480 2567.3
1154490 2568.3
1154500 2569.4
1154510 2569.4
1154520 2570.5
1154530 2571.4
1154540 2571.4
1154550 2572.3
1154560 2573.2
1154570 2573.2
1154580 2573.6
1154590 2574.6
1154600 2576.0
1154610 2576.0
1154620 2577.5
1154630 2579.1
1154640 2579.1
1154650 2581.5
1154660 2583.4
1154670 2583.4
1154680 2586.0
1154690 2589.6
1154700 2589.6
1154710 2593.1
1154720 2596.0
1154730 2596.0
1154740 2598.2
1154750 2599.7
1154760 2599.7
1154770 2600.3
1154780 2600.2
1154790 2599.2
1154800 2599.2
1154810 2597.8
1154820 2596.6
1154830 2596.6
1154840 2595.0
1154850 2593.0
1154860 2593.0
1154870 2588.5
1154880 2584.6
1154890 2584.6
1154900 2582.0
1154910 2578.7
1154920 2578.7
1154930 2574.6
1154940 2571.4
1154950 2571.4
1154960 2565.8
1154970 2563.2
1154980 2563.2
1154990 2558.8
1155000 2550.8
1155010 2545.9
1155020 2545.9
1155030 2545.4
1155040 2546.9
1155050 2546.9
1155060 2548.3
1155070 2546.6
1155080 2546.6
1155090 2544.1
1155100 2541.6
1155110 2541.6
1155120 2538.6
1155130 2536.4
1155140 2536.4
1155150 2535.3
1155160 2534.2
1155170 2534.2
1155180 2530.5
1155190 2525.4
1155200 2521.3
1155210 2521.3
1155220 2515.0
1155230 2503.5
1155240 2503.5
1155250 2496.6
1155260 2491.7
1155270 2491.7
1155280 2487.0
1155290 2483.7
1155300 2483.7
1155310 2481.5
1155320 2480.5
1155330 2480.5
1155340 2479.8
1155350 2474.4
1155360 2474.4
1155370 2471.4
1155380 2471.9
1155390 2471.9
1155400 2474.6
1155410 2476.5
1155420 2475.7
1155430 2475.7
1155440 2476.0
1155450 2477.8
1155460 2477.8
1155470 2478.4
1155480 2478.1
1155490 2478.1
1155500 2478.5
1155510 2478.3
1155520 2478.3
1155530 2478.3
1155540 2477.5
1155550 2477.5
1155560 2474.8
1155570 2471.2
1155580 2471.2
1155590 2467.9
1155600 2465.7
1155610 2465.7
1155620 2464.2
1155630 2462.8
1155640 2461.2
1155650 2461.2
1155660 2459.4
1155670 2457.5
1155680 2457.5
1155690 2455.5
1155700 2453.5
1155710 2453.5
1155720 2451.4
1155730 2446.6
1155740 2446.6
1155750 2444.6
1155760 2441.9
1155770 2441.9
1155780 2438.3
1155790 2435.0
1155800 2435.0
1155810 2432.2
1155820 2430.4
1155830 2428.8
1155840 2428.8
1155850 2426.9
1155860 2425.2
1155870 2425.2
1155880 2422.8
1155890 2418.7
1155900 2418.7
1155910 2414.1
1155920 2410.3
1155930 2410.3
1155940 2406.8
1155950 2402.3
1155960 2402.3
1155970 2399.7
1155980 2400.2
1155990 2400.2
1156000 2400.4
1156010 2401.4
1156020 2401.4
1156030 2402.8
1156040 2404.3
1156050 2406.3
1156060 2406.3
1156070 2410.1
1156080 2413.8
1156090 2413.8
1156100 2417.7
1156110 2421.5
1156670 2468.2
1156680 2471.7
1156690 2471.7
1156700 2476.2
1156710 2480.8
1156720 2480.8
1156730 2485.0
1156740 2489.3
1156750 2489.3
1156760 2493.4
1156770 2497.8
1156780 2497.8
1156790 2502.4
1156800 2506.8
1156810 2506.8
1156820 2511.3
1156830 2516.2
1156840 2516.2
1156850 2521.1
1156860 2525.9
1156870 2529.9
1156880 2529.9
1156890 2531.1
1156900 2537.0
1156910 2537.0
1156920 2542.7
1156930 2548.0
1156940 2548.0
1156950 2553.0
1156960 2557.9
1156970 2557.9
1156980 2561.5
1156990 2564.9
1157000 2564.9
1157010 2568.6
1157020 2572.2
1157030 2572.2
1157040 2575.7
1157050 2579.0
1157060 2579.0
1157070 2582.1
1157080 2584.9
1157090 2586.8
1157100 2586.8
1157110 2586.0
1157120 2581.7
1157130 2581.7
1157140 2576.2
1157150 2570.8
1157160 2570.8
1157170 2565.5
1157180 2560.2
1157190 2560.2
1157200 2555.1
1157210 2550.0
1157220 2550.0
1157230 2545.6
1157240 2541.3
1157250 2541.3
1157260 2536.9
1157270 2533.0
1157280 2526.9
1157290 2526.9
1157300 2523.7
1157310 2520.8
1157320 2520.8
1157330 2517.7
1157340 2513.3
1157350 2513.3
1157360 2508.8
1157370 2504.6
1157380 2504.6
1157390 2499.6
1157400 2496.0
1157410 2496.0
1157420 2493.8
1157430 2492.2
1157440 2492.2
1157450 2489.2
1157460 2486.1
1157470 2486.1
1157480 2483.8
1157490 2482.2
1157500 2481.1
1157510 2481.1
1157520 2479.3
1157530 2476.2
1157540 2476.2
1157550 2473.3
1157560 2471.3
1157570 2471.3
1157580 2469.7
1157590 2468.3
1157600 2468.3
1157610 2465.5
1157620 2461.6
1157630 2461.6
1157640 2458.3
1157650 2455.3
1157660 2455.2
1157670 2451.9
1157680 2448.4
1157690 2448.4
1157700 2445.3
1157710 2442.1
1157720 2439.5
1157730 2439.5
1157740 2437.4
1157750 2436.7
1157760 2436.7
1157770 2437.1
1157780 2438.2
1157790 2438.2
1157800 2439.2
1157810 2439.8
1157820 2439.8
1157830 2440.0
1157840 2440.3
1157850 2440.3
1157860 2440.3
1157870 2440.1
1157880 2440.1
1157890 2441.0
1157900 2441.0
1157910 2441.3
1157920 2441.3
1157930 2441.4
1157940 2440.5
1157950 2440.5
1157960 2439.8
1157970 2440.0
1157980 2440.0
1157990 2439.8
1158000 2440.1
1158010 2440.1
1158020 2440.7
1158030 2442.6
1158040 2442.6
1158050 2451.5
1158060 2452.5
1158070 2452.5
1158080 2453.6
1158090 2454.5
1158100 2454.5
1158110 2454.1
1158120 2453.0
1158130 2453.0
1158140 2453.0
1158150 2453.1
1158160 2452.0
1158170 2452.0
1158180 2449.0
1158190 2443.5
1158200 2443.5
1158210 2436.7
1158220 2427.4
1158230 2427.4
1158240 2418.4
1158250 2411.9
1158260 2411.9
1158270 2406.0
1158280 2399.5
1158290 2399.5
1158300 2391.8
1158310 2383.5
1158320 2376.6
1158330 2376.6
1158340 2369.7
1158350 2362.7
1158360 2362.7
1158370 2355.0
1158380 2346.3
1158390 2346.3
1158400 2335.1
1158410 2327.2
1158420 2327.2
1158430 2320.9
1158440 2317.7
1158450 2317.7
1158460 2309.8
1158470 2302.0
1158480 2302.0
1158490 2293.7
1158500 2284.8
1158510 2284.8
1158520 2275.9
1158530 2263.1
1158540 2252.7
1158550 2252.7
1158560 2246.4
1158570 2236.7
1158580 2236.7
1158590 2222.3
1158600 2217.3
1158610 2217.3
1158620 2223.4
1158630 2228.1
1158640 2228.1
1158650 2231.0
1158660 2232.7
1158670 2232.7
1158680 2234.8
1158690 2237.5
1158700 2237.5
1158710 2240.3
1158720 2243.2
1158730 2243.2
1158740 2246.0
1158750 2249.3
1158760 2252.7
1158770 2252.7
1158780 2256.2
1158790 2259.6
1158800 2259.6
1158810 2262.4
1158820 2266.4
1158830 2261.2
1158840 2265.5
1158850 2270.1
1158860 2270.1
1158870 2275.3
1158880 2279.6
1158890 2279.6
1158900 2282.4
1158910 2285.2
1158920 2285.2
1158930 2288.4
1158940 2294.6
1158950 2304.4
1158960 2304.4
1158970 2312.8
1158980 2322.3
1158990 2322.3
1159000 2326.0
1159010 2318.8
1159020 2318.8
1159030 2314.9
1159040 2318.7
1159050 2318.7
1159060 2325.5
1159070 2331.1
1159080 2331.1
1159090 2330.5
1159100 2324.9
1159110 2324.9
1159120 2316.1
1159130 2308.5
1159140 2308.5
1159150 2299.2
1159160 2289.6
1159170 2280.8
1159180 2280.8
1159190 2272.1
1159200 2261.7
1159210 2261.7
1159220 2245.7
1159230 2239.8
1159240 2239.8
1159250 2238.8
1159260 2235.1
1159270 2235.1
1159280 2229.6
1159290 2224.0
1159300 2224.0
1159310 2217.6
1159320 2212.9
1159330 2212.9
1159340 2209.3
1159350 2206.6
1159360 2206.6
1159370 2200.7
1159380 2197.9
1159390 2203.8
1159400 2203.8
1159410 2205.4
1159420 2206.0
1159430 2206.0
1159440 2207.9
1159450 2211.2
1159460 2211.2
1159470 2215.2
1159480 2218.4
1159490 2218.4
1159500 2220.9
1159510 2223.1
1159520 2223.1
1159530 2226.7
1159540 2232.0
1159550 2232.0
1159560 2236.7
1159570 2240.7
1159580 2244.7
1159590 2244.7
1159600 2248.6
1159610 2245.3
1159620 2245.3
1159630 2249.1
1159640 2253.9
1159650 2253.9
1159660 2259.3
1159670 2265.6
1159680 2265.6
1159690 2273.2
1159700 2277.4
1159710 2277.4
1159720 2275.9
1159730 2273.4
1159740 2273.4
1159750 2270.3
1159760 2263.1
1159770 2263.1
1159780 2257.3
1159790 2253.6
1159800 2252.2
1159810 2252.2
1159820 2253.8
1159830 2255.7
1159840 2255.7
1159850 2257.4
1159860 2259.3
1159870 2259.3
1159880 2260.8
1159890 2261.8
1159900 2261.8
1159910 2263.6
1159920 2264.7
1159930 2264.7
1159940 2265.8
1159950 2266.8
1159960 2266.8
1159970 2266.8
1159980 2267.7
1159990 2268.4
