1140000 1940.1
1140010 1940.1
1140020 1943.4
1140030 1947.0
1140040 1950.7
1140050 1950.7
1140060 1955.5
1140070 1959.0
1140080 1959.0
1140090 1961.3
1140100 1964.1
1140110 1964.1
1140120 1967.3
1140130 1970.7
1140140 1970.7
1140150 1974.3
1140160 1977.3
1140170 1977.3
1140180 1979.9
1140190 1982.3
1140200 1982.3
1140210 1984.8
1140220 1987.8
1140230 1987.8
1140240 1990.9
1140250 1993.3
1140260 1995.8
1140270 1995.8
1140280 1998.8
1140290 2003.0
1140300 1996.5
1140310 2001.1
1140320 2005.5
1140330 2005.5
1140340 2007.5
1140350 2010.4
1140360 2010.4
1140370 2014.4
1140380 2016.8
1140390 2016.8
1140400 2017.2
1140410 2017.8
1140420 2017.8
1140430 2015.7
1140440 2011.8
1140450 2011.8
1140460 2007.4
1140470 2004.3
1140480 2001.7
1140490 2001.7
1140500 1998.7
1140510 1995.0
1140520 1995.0
1140530 1991.6
1140540 1988.2
1140550 1988.2
1140560 1984.0
1140570 1980.1
1140580 1980.1
1140590 1975.7
1140600 1968.5
1140610 1968.5
1140620 1959.3
1140630 1952.7
1140640 1952.7
1140650 1946.3
1140660 1938.6
1140670 1931.4
1140680 1931.4
1140690 1924.3
1140700 1911.3
1140710 1911.3
1140720 1895.5
1140730 1886.2
1140740 1886.2
1140750 1881.6
1140760 1877.6
1140770 1877.6
1140780 1872.7
1140790 1868.5
1140800 1868.5
1140810 1864.8
1140820 1862.1
1140830 1862.1
1140840 1860.8
1140850 1857.7
1140860 1857.7
1140870 1851.6
1140880 1841.9
1140890 1831.6
1140900 1831.6
1140910 1818.8
1140920 1807.0
1140930 1807.0
1140940 1796.9
1140950 1783.1
1140960 1783.1
1140970 1772.4
1140980 1764.2
1140990 1764.2
1141000 1761.4
1141010 1756.2
1141020 1756.2
1141030 1746.7
1141040 1733.6
1141050 1733.6
1141060 1725.9
1141070 1722.3
1141080 1722.3
1141090 1719.4
1141100 1718.1
1141110 1718.4
1141120 1718.4
1141130 1715.3
1141140 1710.9
1141150 1710.9
1141160 1706.4
1141170 1700.9
1141180 1700.9
1141190 1695.6
1141200 1691.6
1141210 1691.6
1141220 1687.7
1141230 1684.7
1141240 1684.7
1141250 1681.1
1141260 1676.2
1141270 1676.2
1141280 1672.9
1141290 1671.8
1141300 1669.4
1141310 1669.4
1141320 1664.3
1141330 1658.0
1141340 1658.0
1141350 1652.8
1141360 1648.1
1141370 1648.1
1141380 1640.4
1141390 1633.5
1141400 1633.5
1141410 1620.3
1141420 1614.5
1141430 1614.5
1141440 1610.5
1141450 1607.6
1141460 1607.6
1141470 1606.0
1141480 1602.8
1141490 1602.8
1141500 1599.2
1141510 1595.1
1141520 1590.6
1141530 1590.6
1141540 1585.8
1141550 1580.2
1141560 1580.2
1141570 1574.3
1141580 1568.7
1141590 1568.7
1141600 1562.8
1141610 1556.9
1141620 1556.9
1141630 1551.3
1141640 1547.9
1141650 1547.9
1141660 1545.8
1141670 1543.0
1141680 1543.0
1141690 1538.8
1141700 1535.9
1141710 1535.9
1141720 1531.1
1141730 1526.0
1141740 1521.3
1141750 1521.3
1141760 1516.8
1141770 1512.3
1141780 1507.9
1141790 1503.4
1141800 1499.3
1141810 1499.3
1141820 1494.4
1141830 1490.0
1141840 1490.0
1141850 1486.1
1141860 1481.1
1141870 1481.1
1141880 1481.6
1141890 1486.8
1141900 1486.8
1141910 1492.4
1141920 1499.1
1141930 1501.1
1141940 1501.1
1141950 1496.2
1141960 1491.3
1141970 1491.3
1141980 1489.7
1141990 1488.3
1142000 1488.3
1142010 1486.6
1142020 1485.6
1142030 1485.6
1142040 1483.4
1142050 1481.2
1142060 1481.2
1142070 1479.9
1142080 1478.8
1142090 1478.8
1142100 1478.8
1142110 1478.6
1142120 1478.6
1142130 1477.3
1142140 1474.8
1142150 1469.7
1142160 1469.7
1142170 1467.1
1142180 1464.5
1142190 1464.5
1142200 1462.6
1142210 1461.2
1142220 1461.2
1142230 1459.1
1142240 1454.8
1142250 1454.8
1142260 1453.2
1142270 1454.1
1142280 1454.1
1142290 1449.4
1142300 1447.1
1142310 1447.1
1142320 1445.0
1142330 1443.3
1142340 1443.3
1142350 1439.3
1142360 1432.0
1142370 1425.5
1142380 1425.5
1142390 1423.5
1142400 1424.4
1142410 1424.4
1142420 1429.9
1142430 1435.9
1142440 1435.9
1142450 1431.1
1142460 1423.4
1142470 1423.4
1142480 1418.1
1142490 1415.4
1142500 1415.4
1142510 1412.2
1142520 1403.3
1142530 1403.3
1142540 1397.7
1142550 1396.2
1142560 1394.7
1142570 1394.7
1142580 1392.6
1142590 1393.3
1142600 1393.3
1142610 1395.8
1142620 1396.0
1142630 1396.0
1142640 1396.2
1142650 1396.5
1142660 1396.5
1142670 1396.7
1142680 1396.6
1142690 1396.6
1142700 1396.7
1142710 1398.3
1142720 1398.3
1142730 1400.4
1142740 1401.5
1142750 1401.5
1142760 1402.7
1142770 1403.4
1142780 1403.6
1142790 1403.6
1142800 1403.6
1142810 1403.8
1142820 1403.8
1142830 1404.1
1142840 1404.4
1142850 1404.4
1142860 1404.9
1142870 1405.7
1142880 1405.7
1142890 1408.7
1142900 1410.1
1142910 1410.1
1142920 1411.8
1142930 1413.9
1142940 1413.9
1142950 1415.9
1142960 1418.3
1142970 1418.3
1142980 1421.3
1142990 1424.6
1143000 1428.0
1143010 1428.0
1143020 1431.4
1143030 1434.1
1143040 1434.1
1143050 1436.0
1143060 1438.1
1143070 1438.1
1143080 1438.6
1143090 1439.3
1143100 1439.3
1143110 1442.6
1143120 1446.8
1143130 1446.8
1143140 1450.8
1143150 1454.6
1143160 1454.6
1143170 1458.2
1143180 1461.4
1143190 1464.3
1143200 1464.3
1143210 1467.5
1143220 1470.4
1143230 1470.4
1143240 1473.7
1143250 1477.6
1143260 1481.6
1143270 1485.1
1143280 1487.3
1143290 1487.3
1143300 1489.3
1143310 1491.9
1143320 1491.9
1143330 1495.7
1143340 1499.0
1143350 1499.0
1143360 1501.0
1143370 1502.5
1143380 1502.5
1143390 1504.2
1143400 1506.7
1143410 1510.3
1143420 1510.3
1143430 1514.2
1143440 1518.0
1143450 1518.0
1143460 1521.6
1143470 1524.6
1143480 1524.6
1143490 1527.9
1143500 1532.0
1143510 1532.0
1143520 1538.2
1143530 1544.3
1143540 1544.3
1143550 1549.9
1143560 1550.9
1143570 1550.9
1143580 1543.4
1143590 1540.8
1143600 1540.8
1143610 1546.2
1143620 1555.5
1143630 1567.4
1143640 1567.4
1143650 1579.7
1143660 1589.0
1143670 1589.0
1143680 1597.4
1143690 1606.0
1143700 1606.0
1143710 1615.9
1143720 1630.5
1143730 1630.5
1143740 1635.4
1143750 1638.7
1143760 1638.7
1143770 1641.8
1143780 1645.7
1143790 1645.7
1143800 1651.1
1143810 1656.1
1143820 1659.8
1143830 1659.8
1143840 1660.3
1143850 1660.6
1143860 1660.6
1143870 1664.5
1143880 1664.3
1143890 1664.3
1143900 1663.6
1143910 1669.5
1143920 1669.5
1143930 1673.9
1143940 1675.6
1143950 1675.6
1143960 1677.7
1143970 1678.8
1143980 1678.8
1143990 1680.6
1144000 1690.1
1144010 1690.1
1144020 1695.9
1144030 1700.4
1144040 1705.1
1144050 1705.1
1144060 1716.2
1144070 1730.2
1144080 1730.2
1144090 1739.2
1144100 1745.3
1144110 1745.3
1144120 1750.7
1144130 1756.3
1144140 1756.3
1144150 1760.9
1144160 1760.0
1144170 1760.0
1144180 1752.2
1144190 1751.4
1144200 1751.4
1144210 1761.8
1144220 1778.2
1144230 1778.2
1144240 1785.3
1144250 1792.3
1144260 1800.7
1144270 1800.7
1144280 1808.4
1144290 1816.3
1144300 1816.3
1144310 1821.9
1144320 1817.2
1144330 1817.2
1144340 1824.2
1144350 1837.2
1144360 1837.2
1144370 1852.4
1144380 1858.8
1144390 1858.8
1144400 1863.3
1144410 1867.3
1144420 1867.3
1144430 1871.0
1144440 1873.0
1144450 1873.8
1144460 1873.8
1144470 1879.8
1144480 1885.4
1144490 1885.4
1144500 1890.6
1144510 1896.2
1144520 1896.2
1144530 1902.6
1144540 1909.4
1144550 1909.4
1144560 1915.5
1144570 1922.2
1144580 1922.2
1144590 1928.7
1144600 1935.3
1144610 1935.3
1144620 1942.1
1144630 1948.6
1144640 1948.6
1144650 1954.9
1144660 1960.9
1144670 1966.0
1144680 1966.0
1144690 1970.5
1144700 1973.8
1144710 1973.8
1144720 1976.6
1144730 1982.4
1144740 1982.4
1144750 1996.0
1144760 2000.3
1144770 2000.3
1144780 2003.5
1144790 2006.7
1144800 2006.7
1144810 2008.7
1144820 2010.2
1144830 2010.2
1144840 2003.5
1144850 1995.5
1144860 1995.5
1144870 1997.8
1144880 1996.8
1144890 1975.4
1144900 1975.4
1144910 1958.8
1144920 1962.5
1144930 1962.5
1144940 1972.6
1144950 1981.4
1144960 1981.4
1144970 1989.0
1144980 1988.4
1144990 1988.4
1145000 1992.6
1145010 2001.6
1145020 2001.6
1145030 2006.6
1145040 2010.4
1145050 2010.4
1145060 2015.7
1145070 2020.9
1145080 2025.5
1145090 2025.5
1145100 2032.8
1145110 2032.1
1145120 2045.2
1145130 2029.9
1145140 2025.9
1145150 2025.9
1145160 2032.4
1145170 2041.0
1145180 2041.0
1145190 2049.8
1145200 2058.5
1145210 2058.5
1145220 2067.7
1145230 2075.7
1145240 2075.7
1145250 2078.7
1145260 2088.1
1145270 2088.1
1145280 2097.1
1145290 2100.5
1145300 2095.9
1145310 2095.9
1145320 2095.3
1145330 2099.5
1145340 2099.5
1145350 2106.7
1145360 2111.9
1145370 2111.9
1145380 2116.9
1145390 2121.6
1145400 2121.6
1145410 2125.3
1145420 2128.0
1145430 2128.0
1145440 2132.2
1145450 2136.8
1145460 2136.8
1145470 2140.0
1145480 2143.1
1145490 2145.4
1145500 2148.6
1145510 2152.0
1145520 2156.7
1145530 2156.7
1145540 2162.5
1145550 2170.0
1145560 2170.0
1145570 2177.6
1145580 2184.0
1145590 2184.0
1145600 2188.3
1145610 2190.4
1145620 2190.4
1145630 2190.4
1145640 2187.7
1145650 2187.7
1145660 2182.5
1145670 2174.1
1145680 2174.1
1145690 2167.5
1145700 2162.9
1145710 2158.7
1145720 2158.7
1145730 2152.9
1145740 2147.5
1145750 2147.5
1145760 2139.5
1145770 2127.6
1145780 2127.6
1145790 2120.1
1145800 2110.5
1145810 2110.5
1145820 2100.9
1145830 2093.0
1145840 2093.0
1145850 2080.1
1145860 2057.7
1145870 2068.8
1145880 2051.1
1145890 2029.6
1145900 2029.6
1145910 2010.4
1145920 2000.4
1145930 1992.3
1145940 1992.3
1145950 1983.6
1145960 1972.1
1145970 1972.1
1145980 1963.2
1145990 1955.6
1146000 1955.6
1146010 1948.7
1146020 1941.0
1146030 1941.0
1146040 1935.2
1146050 1936.0
1146060 1936.0
1146070 1933.7
1146080 1930.7
1146090 1930.7
1146100 1925.9
1146110 1912.9
1146120 1912.9
1146130 1897.8
1146140 1885.7
1146150 1875.2
1146160 1875.2
1146170 1866.8
1146180 1859.4
1146190 1859.4
1146200 1849.1
1146210 1837.8
1146220 1837.8
1146230 1826.2
1146240 1813.5
1146250 1813.5
1146260 1805.3
1146270 1796.3
1146280 1796.3
1146290 1786.4
1146300 1776.0
1146310 1776.0
1146320 1765.5
1146330 1756.0
1146340 1745.9
1146350 1745.9
1146360 1736.7
1146370 1727.6
1146380 1727.6
1146390 1719.7
1146400 1712.3
1146410 1712.3
1146420 1704.8
1146430 1697.9
1146440 1697.9
1146450 1691.4
1146460 1685.3
1146470 1685.3
1146480 1679.1
1146490 1675.8
1146500 1675.8
1146510 1671.5
1146520 1665.5
1146530 1665.5
1146540 1659.6
1146550 1652.8
1146560 1644.1
1146570 1644.1
1146580 1634.9
1146590 1628.8
1146600 1628.8
1146610 1630.8
1146620 1635.0
1146630 1635.0
1146640 1635.1
1146650 1635.4
1146660 1635.4
1146670 1640.5
1146680 1647.2
1146690 1647.2
1146700 1650.9
1146710 1653.0
1146720 1653.0
1146730 1656.2
1146740 1660.2
1146750 1660.2
1146760 1664.7
1146770 1670.3
1146780 1675.1
1146790 1675.1
1146800 1674.8
1146810 1674.9
1146820 1674.9
1146830 1676.5
1146840 1678.3
1146850 1678.3
1146860 1680.3
1146870 1680.3
1146880 1680.3
1146890 1680.2
1146900 1680.0
1146910 1680.0
1146920 1679.3
1146930 1679.4
1146940 1679.4
1146950 1681.7
1146960 1684.8
1146970 1686.3
1146980 1686.3
1146990 1687.1
1147000 1690.2
1147010 1690.2
1147020 1695.3
1147030 1701.2
1147040 1701.2
1147050 1707.1
1147060 1713.6
1147070 1713.6
1147080 1721.0
1147090 1728.5
1147100 1728.5
1147110 1736.1
1147120 1742.8
1147130 1742.8
1147140 1748.7
1147150 1754.4
1147160 1754.4
1147170 1759.8
1147180 1765.2
1147190 1771.0
1147200 1771.0
1147210 1775.9
1147220 1780.6
1147230 1780.6
1147240 1785.4
1147250 1790.4
1147260 1790.4
1147270 1795.2
1147280 1800.0
1147290 1800.0
1147300 1802.6
1147310 1806.7
1147320 1806.7
1147330 1811.0
1147340 1814.8
1147350 1814.8
1147360 1817.6
1147370 1820.7
1147380 1820.7
1147390 1824.2
1147400 1829.7
1147410 1835.0
1147420 1835.0
1147430 1840.1
1147440 1845.0
1147450 1845.0
1147460 1849.3
1147470 1854.2
1147480 1854.2
1147490 1859.8
1147500 1865.8
1147510 1865.8
1147520 1871.3
1147530 1876.1
1147540 1876.1
1147550 1880.8
1147560 1886.0
1147570 1886.0
1147580 1891.7
1147590 1896.9
1147600 1902.4
1147610 1902.4
1147620 1905.7
1147630 1912.1
1147640 1912.1
1147650 1917.4
1147660 1923.5
1147670 1923.5
1147680 1928.0
1147690 1934.6
1147700 1934.6
1147710 1940.9
1147720 1943.7
1147730 1943.7
1147740 1949.7
1147750 1954.2
1147760 1954.2
1147770 1958.6
1147780 1963.0
1147790 1963.0
1147800 1967.4
1147810 1972.1
1147820 1976.6
1147830 1976.6
1147840 1981.2
1147850 1985.6
1147860 1985.6
1147870 1989.7
1147880 1993.6
1147890 1993.6
1147900 1997.3
1147910 2000.8
1147920 2000.8
1147930 2004.5
1147940 2008.5
1147950 2008.5
1147960 2012.5
1147970 2016.6
1147980 2016.6
1147990 2020.7
1148000 2025.0
1148010 2025.0
1148020 2029.6
1148030 2033.9
1148040 2037.9
1148050 2037.9
1148060 2041.8
1148070 2045.7
1148080 2045.7
1148090 2049.4
1148100 2053.2
1148110 2053.2
1148120 2057.7
1148130 2062.0
1148140 2062.0
1148150 2066.7
1148160 2071.8
1148170 2071.8
1148180 2077.3
1148190 2083.0
1148200 2083.0
1148210 2089.0
1148220 2095.5
1148230 2102.4
1148240 2102.4
1148250 2109.5
1148260 2116.3
1148270 2116.3
1148280 2123.3
1148290 2130.6
1148300 2130.6
1148310 2138.3
1148320 2145.8
1148330 2145.8
1148340 2153.5
1148350 2161.7
1148360 2161.7
1148370 2171.0
1148380 2180.9
1148390 2180.9
1148400 2190.4
1148410 2198.2
1148420 2198.2
1148430 2206.1
1148440 2213.4
1148450 2219.9
1148460 2219.9
1148470 2226.7
1148480 2233.7
1148490 2236.5
1148500 2243.8
1148510 2252.1
1148520 2252.1
1148530 2258.2
1148540 2260.6
1148550 2260.6
1148560 2263.0
1148570 2269.1
1148580 2269.1
1148590 2274.4
1148600 2279.7
1148610 2279.7
1148620 2286.6
1148630 2292.9
1148640 2292.9
1148650 2298.1
1148660 2304.8
1148670 2312.5
1148680 2312.5
1148690 2320.0
1148700 2327.0
1148710 2327.0
1148720 2333.8
1148730 2339.7
1148740 2339.7
1148750 2344.9
1148760 2350.3
1148770 2350.3
1148780 2356.7
1148790 2362.5
1148800 2362.5
1148810 2368.5
1148820 2373.5
1148830 2373.5
1148840 2378.2
1148850 2382.5
1148860 2387.0
1148870 2389.5
1148880 2394.1
1148890 2399.5
1148900 2399.5
1148910 2405.4
1148920 2410.8
1148930 2410.8
1148940 2414.1
1148950 2417.4
1148960 2417.4
1148970 2420.3
1148980 2424.0
1148990 2424.0
1149000 2427.8
1149010 2430.4
1149020 2430.4
1149030 2432.3
1149040 2434.1
1149050 2434.1
1149060 2436.3
1149070 2435.1
1149080 2429.2
1149090 2429.2
1149100 2421.1
1149110 2412.7
1149120 2412.7
1149130 2405.7
1149140 2399.1
1149150 2399.1
1149160 2391.6
1149170 2385.3
1149180 2385.3
1149190 2378.9
1149200 2371.1
1149210 2371.1
1149220 2360.8
1149230 2351.5
1149240 2351.5
1149250 2351.5
1149260 2346.6
1149270 2346.6
1149280 2341.8
1149290 2336.7
1149300 2332.2
1149310 2332.2
1149320 2328.4
1149330 2326.0
1149340 2326.0
1149350 2324.5
1149360 2323.9
1149370 2323.9
1149380 2323.7
1149390 2322.4
1149400 2322.4
1149410 2320.7
1149420 2319.3
1149430 2319.3
1149440 2317.9
1149450 2316.5
1149460 2316.5
1149470 2315.4
1149480 2313.9
1149490 2312.5
1149500 2312.5
1149510 2311.8
1149520 2310.9
1149530 2310.9
1149540 2309.6
1149550 2308.4
1149560 2308.4
1149570 2307.5
1149580 2306.5
1149590 2306.5
1149600 2304.9
1149610 2303.4
1149620 2306.5
1149630 2304.3
1149640 2302.0
1149650 2302.0
1149660 2300.9
1149670 2300.6
1149680 2300.6
1149690 2301.0
1149700 2297.2
1149710 2298.0
1149720 2298.0
1149730 2300.6
1149740 2298.4
1149750 2298.4
1149760 2296.4
1149770 2295.7
1149780 2295.7
1149790 2296.2
1149800 2297.7
1149810 2297.7
1149820 2299.6
1149830 2300.7
1149840 2300.7
1149850 2301.8
1149860 2305.9
1149870 2305.9
1149880 2310.3
1149890 2313.1
1149900 2313.1
1149910 2315.5
1149920 2317.7
1149930 2319.8
1149940 2319.8
1149950 2322.4
1149960 2325.9
1149970 2325.9
1149980 2330.4
1149990 2335.8
1150000 2338.8
1150010 2344.1
1150020 2348.6
1150030 2348.6
1150040 2352.6
1150050 2357.6
1150060 2357.6
1150070 2363.1
1150080 2367.0
1150090 2367.0
1150100 2370.1
1150110 2373.6
1150120 2377.9
1150130 2377.9
1150140 2381.8
1150150 2384.0
1150160 2384.0
1150170 2384.5
1150180 2385.0
1150190 2385.0
1150200 2387.2
1150210 2389.2
1150220 2389.2
1150230 2390.2
1150240 2390.4
1150250 2390.4
1150260 2392.1
1150270 2391.6
1150280 2391.6
1150290 2391.7
1150300 2393.0
1150310 2393.0
1150320 2394.3
1150330 2395.6
1150340 2397.1
1150350 2397.1
1150360 2398.4
1150370 2400.4
1150380 2401.1
1150390 2403.7
1150400 2406.3
1150410 2406.3
1150420 2410.0
1150430 2414.4
1150440 2414.4
1150450 2418.4
1150460 2422.4
1150470 2422.4
1150480 2425.9
1150490 2429.8
1150500 2429.8
1150510 2433.0
1150520 2436.8
1150530 2436.8
1150540 2442.3
1150550 2448.9
1150560 2455.6
1150570 2455.6
1150580 2461.7
1150590 2467.3
1150600 2467.3
1150610 2473.0
1150620 2477.1
1150630 2477.1
1150640 2481.0
1150650 2487.2
1150660 2487.2
1150670 2493.8
1150680 2499.9
1150690 2499.9
1150700 2506.2
1150710 2512.3
1150720 2512.3
1150730 2518.4
1150740 2523.9
1150750 2528.9
1150760 2534.6
1150770 2540.0
1150780 2545.7
1150790 2545.7
1150800 2550.3
1150810 2554.0
1150820 2554.0
1150830 2557.5
1150840 2561.3
1150850 2561.3
1150860 2565.1
1150870 2569.3
1150880 2569.3
1150890 2573.4
1150900 2574.5
1150910 2574.5
1150920 2576.0
1150930 2577.1
1150940 2577.1
1150950 2580.5
1150960 2589.2
1150970 2590.1
1150980 2590.1
1150990 2588.8
1151000 2587.2
1151010 2587.2
1151020 2587.3
1151030 2590.3
1151040 2590.3
1151050 2592.8
1151060 2590.4
1151070 2590.4
1151080 2589.1
1151090 2592.9
1151100 2592.9
1151110 2599.6
1151120 2608.2
1151130 2608.2
1151140 2626.5
1151150 2629.4
1151160 2629.4
1151170 2636.3
1151180 2642.5
1151190 2646.4
1151200 2646.4
1151210 2648.6
1151220 2649.2
1151230 2649.2
1151240 2649.7
1151250 2651.1
1151260 2651.1
1151270 2650.7
1151280 2651.6
1151290 2651.6
1151300 2651.9
1151310 2651.0
1151320 2651.0
1151330 2650.8
1151340 2651.7
1151350 2651.7
1151360 2654.2
1151370 2656.8
1151380 2658.6
1151390 2658.6
1151400 2658.3
1151410 2656.9
1151420 2656.9
1151430 2655.5
1151440 2653.7
1151450 2653.7
1151460 2652.8
1151470 2654.6
1151480 2654.6
1151490 2657.7
1151500 2661.4
1151510 2661.4
1151520 2674.6
1151530 2678.6
1151540 2678.6
1151550 2681.3
1151560 2686.6
1151570 2686.6
1151580 2694.7
1151590 2699.7
1151600 2701.9
1151610 2701.9
1151620 2704.5
1151630 2707.5
1151640 2707.5
1151650 2711.6
1151660 2715.1
1151670 2715.1
1151680 2718.3
1151690 2722.4
1151700 2722.4
1151710 2727.5
1151720 2730.7
1151730 2730.7
1151740 2732.9
1151750 2735.2
1151760 2735.2
1151770 2737.5
1151780 2737.1
1151790 2737.1
1151800 2737.3
1151810 2739.9
1151820 2743.3
1151830 2743.3
1151840 2745.8
1151850 2747.6
1151860 2747.6
1151870 2749.1
1151880 2750.1
1151890 2750.1
1151900 2759.5
1151910 2760.4
1151920 2760.4
1151930 2762.4
1151940 2764.9
1151950 2764.9
1151960 2768.4
1151970 2773.4
1151980 2773.4
1151990 2778.8
1152000 2784.1
1152010 2789.4
1152020 2789.4
1152030 2794.7
1152040 2799.9
1152050 2799.9
1152060 2804.9
1152070 2809.1
1152080 2809.1
1152090 2813.2
1152100 2817.1
1152110 2817.1
1152120 2813.1
1152130 2802.0
1152140 2802.0
1152150 2791.0
1152160 2780.7
1152170 2780.7
1152180 2770.3
1152190 2763.6
1152200 2763.6
1152210 2757.4
1152220 2750.9
1152230 2745.0
1152240 2745.0
1152250 2739.6
1152260 2735.3
1152270 2735.3
1152280 2733.0
1152290 2729.5
1152300 2729.5
1152310 2725.5
1152320 2721.6
1152330 2721.6
1152340 2720.4
1152350 2719.4
1152360 2719.4
1152370 2717.8
1152380 2716.2
1152390 2716.2
1152400 2712.2
1152410 2708.7
1152420 2708.7
1152430 2706.8
1152440 2702.8
1152450 2700.1
1152460 2700.1
1152470 2697.7
1152480 2695.2
1152490 2695.2
1152500 2692.8
1152510 2690.9
1152520 2690.9
1152530 2689.2
1152540 2686.7
1152550 2686.7
1152560 2684.6
1152570 2682.6
1152580 2682.6
1152590 2681.0
1152600 2680.5
1152610 2680.5
1152620 2681.2
1152630 2683.0
1152640 2685.7
1152650 2685.7
1152660 2687.8
1152670 2688.7
1152680 2688.7
1152690 2689.2
1152700 2689.2
1152710 2689.2
1152720 2688.9
1152730 2687.0
1152740 2687.0
1152750 2683.9
1152760 2679.7
1152770 2679.7
1152780 2675.1
1152790 2671.3
1152800 2671.3
1152810 2668.4
1152820 2666.9
1152830 2666.9
1152840 2665.7
1152850 2664.1
1152860 2663.1
1152870 2663.1
1152880 2661.0
1152890 2659.6
1152900 2659.6
1152910 2657.3
1152920 2653.7
1152930 2653.7
1152940 2650.8
1152950 2648.0
1152960 2648.0
1152970 2646.6
1152980 2646.5
1152990 2646.5
1153000 2645.4
1153010 2645.0
1153020 2645.0
1153030 2645.8
1153040 2646.6
1153050 2642.0
1153060 2643.4
1153070 2645.2
1153080 2646.7
1153090 2646.7
1153100 2647.9
1153110 2649.4
1153120 2649.4
1153130 2651.0
1153140 2649.0
1153150 2649.0
1153160 2647.5
1153170 2648.4
1153180 2648.4
1153190 2647.7
1153200 2645.6
1153210 2645.6
1153220 2643.6
1153230 2642.7
1153240 2642.7
1153250 2642.1
1153260 2642.6
1153270 2643.8
1153280 2643.8
1153290 2644.9
1153300 2645.6
1153310 2645.6
1153320 2643.0
1153330 2641.4
1153340 2641.4
1153350 2638.6
1153360 2636.3
1153370 2636.3
1153380 2635.0
1153390 2636.0
1153400 2636.0
1153410 2633.2
1153420 2628.3
1153430 2618.2
1153440 2616.0
1153450 2614.5
1153460 2614.5
1153470 2613.9
1153480 2613.3
1153490 2613.9
1153500 2613.9
1153510 2611.1
1153520 2604.1
1153530 2604.1
1153540 2595.1
1153550 2582.2
1153560 2582.2
1153570 2573.8
1153580 2567.7
1153590 2567.7
1153600 2563.0
1153610 2558.6
1153620 2558.6
1153630 2554.5
1153640 2551.6
1153650 2551.6
1153660 2550.1
1153670 2549.8
1153680 2549.8
1153690 2550.3
1153700 2550.1
1153710 2548.9
1153720 2548.9
1153730 2548.5
1153740 2548.1
1153750 2548.1
1153760 2547.0
1153770 2545.5
1153780 2545.5
1153790 2543.7
1153800 2543.0
1153810 2544.8
1153820 2541.6
1153830 2536.8
1153840 2536.8
1153850 2531.9
1153860 2526.7
1153870 2526.7
1153880 2521.2
1153890 2514.7
1153900 2510.4
1153910 2510.4
1153920 2506.2
1153930 2500.8
1153940 2500.8
1153950 2494.1
1153960 2482.6
1153970 2482.6
1153980 2473.2
1153990 2467.6
1154000 2467.6
1154010 2463.1
1154020 2462.6
1154030 2462.6
1154040 2464.5
1154050 2465.6
1154060 2465.6
1154070 2464.7
1154080 2462.3
1154090 2462.3
1154100 2460.6
1154110 2459.3
1154120 2452.4
1154130 2452.4
1154140 2445.8
1154150 2442.5
1154160 2442.5
1154170 2438.5
1154180 2437.0
1154190 2441.9
1154200 2441.5
1154210 2441.4
1154220 2441.4
1154230 2442.5
1154240 2443.3
1154250 2443.3
1154260 2444.2
1154270 2443.7
1154280 2443.7
1154290 2438.6
1154300 2427.8
1154310 2427.8
1154320 2427.1
1154330 2430.6
1154340 2433.5
1154350 2433.5
1154360 2435.6
1154370 2438.1
1154380 2438.1
1154390 2440.5
1154400 2442.6
1154410 2442.6
1154420 2443.9
1154430 2445.0
1154440 2445.0
1154450 2448.0
1154460 2451.9
1154470 2451.9
1154480 2456.5
1154490 2460.3
1154500 2460.3
1154510 2463.1
1154520 2466.4
1154530 2470.4
1154540 2470.4
1154550 2476.1
1154560 2480.1
1154570 2480.1
1154580 2487.4
1154590 2489.4
1154600 2489.4
1154610 2490.7
1154620 2493.6
1154630 2493.6
1154640 2498.3
1154650 2502.5
1154660 2502.5
1154670 2506.0
1154680 2508.9
1154690 2508.9
1154700 2512.0
1154710 2515.2
1154720 2515.2
1154730 2517.9
1154740 2521.3
1154750 2525.0
1154760 2525.0
1154770 2529.6
1154780 2530.7
1154790 2530.7
1154800 2528.2
1154810 2528.5
1154820 2528.5
1154830 2529.9
1154840 2531.5
1154850 2531.5
1154860 2532.7
1154870 2535.5
1154880 2535.5
1154890 2541.7
1154900 2548.6
1154910 2548.6
1154920 2554.0
1154930 2559.1
1154940 2559.1
1154950 2563.4
1154960 2566.6
1154970 2570.7
1154980 2570.7
1154990 2574.7
1155000 2578.6
1155010 2578.6
1155020 2582.1
1155030 2585.4
1155040 2585.4
1155050 2589.6
1155060 2595.8
1155070 2595.8
1155080 2602.3
1155090 2607.6
1155100 2607.6
1155110 2612.5
1155120 2617.7
1155130 2617.7
1155140 2622.5
1155150 2627.6
1155160 2632.6
1155170 2632.6
1155180 2637.7
1155190 2643.0
1155200 2643.0
1155210 2647.6
1155220 2652.1
1155230 2652.1
1155240 2657.0
1155250 2661.4
1155260 2661.4
1155270 2665.5
1155280 2670.8
1155290 2670.8
1155300 2677.2
1155310 2683.8
1155320 2683.8
1155330 2689.5
1155340 2694.5
1155350 2699.5
1155360 2704.1
1155370 2708.6
1155380 2713.4
1155390 2713.4
1155400 2718.6
1155410 2723.4
1155420 2723.4
1155430 2724.3
1155440 2722.3
1155450 2722.3
1155460 2721.1
1155470 2719.3
1155480 2719.3
1155490 2716.2
1155500 2712.8
1155510 2712.8
1155520 2709.5
1155530 2705.9
1155540 2705.9
1155550 2701.1
1155560 2695.5
1155570 2695.5
1155580 2690.0
1155590 2684.3
1155600 2679.8
1155610 2679.8
1155620 2677.2
1155630 2674.3
1155640 2674.3
1155650 2669.1
1155660 2664.4
1155670 2664.4
1155680 2659.9
1155690 2655.3
1155700 2655.3
1155710 2651.0
1155720 2645.2
1155730 2641.7
1155740 2639.5
1155750 2639.5
1155760 2639.5
1155770 2639.6
1155780 2640.2
1155790 2641.9
1155800 2641.9
1155810 2644.1
1155820 2643.8
1155830 2643.8
1155840 2642.7
1155850 2641.5
1155860 2641.5
1155870 2641.0
1155880 2641.3
1155890 2641.3
1155900 2642.1
1155910 2643.8
1155920 2643.8
1155930 2646.2
1155940 2647.9
1155950 2647.9
1155960 2649.0
1155970 2650.5
1155980 2650.5
1155990 2651.7
1156000 2652.5
1156010 2653.3
1156020 2653.3
1156030 2653.3
1156040 2653.2
1156050 2653.2
1156060 2652.7
1156070 2651.9
1156080 2651.9
1156090 2651.1
1156100 2650.4
1156110 2650.4
1156120 2649.3
1156130 2650.4
1156140 2650.4
1156150 2652.0
1156160 2654.4
1156170 2654.4
1156180 2656.5
1156190 2659.3
1156200 2659.3
1156210 2661.6
1156220 2664.0
1156230 2666.6
1156240 2666.6
1156250 2667.7
1156260 2669.8
1156270 2669.8
1156280 2675.3
1156290 2680.3
1156300 2680.3
1156310 2682.3
1156320 2683.1
1156330 2683.1
1156340 2684.9
1156350 2689.9
1156360 2689.9
1156370 2695.5
1156380 2700.1
1156390 2700.1
1156400 2704.5
1156410 2708.7
1156420 2712.8
1156430 2712.8
1156440 2716.4
1156450 2720.2
1156460 2720.2
1156470 2723.9
1156480 2727.4
1156490 2727.4
1156500 2732.5
1156510 2736.1
1156520 2736.1
1156530 2740.2
1156540 2743.4
1156550 2743.4
1156560 2746.1
1156570 2746.2
1156580 2746.2
1156590 2739.9
1156600 2733.2
1156610 2733.2
1156620 2727.8
1156630 2723.0
1156640 2718.2
1156650 2718.2
1156660 2714.1
1156670 2710.5
1156680 2710.5
1156690 2707.6
1156700 2704.7
1156710 2704.7
1156720 2701.4
1156730 2696.9
1156740 2696.9
1156750 2692.0
1156760 2688.5
1156770 2688.5
1156780 2685.1
1156790 2680.9
1156800 2680.9
1156810 2676.9
1156820 2672.6
1156830 2672.6
1156840 2667.6
1156850 2663.0
1156860 2659.6
1156870 2659.6
1156880 2657.2
1156890 2656.4
1156900 2656.4
1156910 2654.0
1156920 2651.4
1156930 2651.4
1156940 2649.3
1156950 2648.0
1156960 2648.0
1156970 2644.7
1156980 2641.9
1156990 2641.9
1157000 2639.6
1157010 2637.1
1157020 2637.1
1157030 2634.8
1157040 2632.9
1157050 2630.4
1157060 2630.4
1157070 2628.4
1157080 2626.7
1157090 2626.7
1157100 2628.2
1157110 2628.8
1157120 2628.8
1157130 2625.7
1157140 2622.9
1157150 2622.9
1157160 2621.4
1157170 2621.2
1157180 2621.2
1157190 2622.1
1157200 2623.9
1157210 2623.9
1157220 2626.3
1157230 2629.7
1157240 2629.7
1157250 2633.8
1157260 2637.2
1157270 2634.9
1157280 2634.9
1157290 2630.7
1157300 2624.0
1157310 2624.0
1157320 2618.3
1157330 2613.2
1157340 2613.2
1157350 2609.8
1157360 2607.9
1157370 2607.9
1157380 2604.8
1157390 2601.6
1157400 2601.6
1157410 2597.5
1157420 2592.0
1157430 2592.0
1157440 2588.3
1157450 2584.4
1157460 2584.4
1157470 2580.9
1157480 2577.4
1157490 2572.4
1157500 2572.4
1157510 2567.1
1157520 2562.3
1157530 2562.3
1157540 2558.0
1157550 2553.5
1157560 2553.5
1157570 2548.8
1157580 2543.9
1157590 2543.9
1157600 2540.7
1157610 2539.3
1157620 2539.3
1157630 2541.7
1157640 2541.5
1157650 2541.5
1157660 2534.9
1157670 2532.7
1157680 2530.5
1157690 2530.5
1157700 2529.0
1157710 2528.4
1157720 2528.4
1157730 2527.3
1157740 2526.8
1157750 2526.8
1157760 2526.8
1157770 2527.1
1157780 2527.1
1157790 2527.0
1157800 2526.7
1157810 2526.7
1157820 2525.1
1157830 2524.1
1157840 2524.1
1157850 2524.0
1157860 2523.8
1157870 2523.8
1157880 2522.7
1157890 2521.4
1157900 2520.5
1157910 2520.5
1157920 2523.3
1157930 2526.3
1157940 2526.3
1157950 2529.1
1157960 2531.2
1157970 2531.2
1157980 2533.0
1157990 2534.9
1158000 2534.9
1158010 2537.6
1158020 2540.2
1158030 2540.2
1158040 2540.9
1158050 2537.9
1158060 2537.9
1158070 2539.0
1158080 2539.3
1158090 2539.3
1158100 2539.6
1158110 2540.6
1158120 2542.5
1158130 2542.5
1158140 2543.1
1158150 2543.8
1158160 2543.8
1158170 2546.5
1158180 2550.7
1158190 2550.7
1158200 2555.6
1158210 2559.7
1158220 2559.7
1158230 2562.2
1158240 2566.1
1158250 2566.1
1158260 2571.8
1158270 2578.2
1158280 2578.2
1158290 2584.3
1158300 2589.2
1158310 2593.4
1158320 2593.4
1158330 2597.2
1158340 2599.8
1158350 2599.8
1158360 2602.2
1158370 2604.9
1158380 2604.9
1158390 2608.9
1158400 2613.3
1158410 2613.3
1158420 2615.8
1158430 2614.1
1158440 2608.7
1158450 2609.9
1158460 2613.3
1158470 2613.3
1158480 2618.1
1158490 2623.0
1158500 2623.0
1158510 2627.9
1158520 2633.1
1158530 2635.4
1158540 2635.4
1158550 2634.3
1158560 2631.8
1158570 2631.8
1158580 2628.6
1158590 2625.5
1158600 2625.5
1158610 2622.5
1158620 2619.1
1158630 2619.1
1158640 2616.8
1158650 2615.4
1158660 2615.4
1158670 2614.8
1158680 2614.5
1158690 2614.5
1158700 2609.7
1158710 2603.8
1158720 2600.4
1158730 2600.4
1158740 2599.4
1158750 2599.5
1158760 2599.5
1158770 2599.1
1158780 2596.7
1158790 2596.7
1158800 2595.5
1158810 2593.4
1158820 2593.4
1158830 2590.2
1158840 2587.2
1158850 2587.2
1158860 2584.8
1158870 2582.9
1158880 2582.9
1158890 2581.7
1158900 2580.4
1158910 2580.4
1158920 2578.9
1158930 2577.0
1158940 2573.6
1158950 2573.6
1158960 2570.7
1158970 2568.0
1158980 2568.0
1158990 2564.2
1159000 2559.8
1159010 2559.8
1159020 2554.6
1159030 2550.1
1159040 2550.1
1159050 2546.5
1159060 2542.9
1159070 2542.9
1159080 2538.1
1159090 2532.6
1159100 2532.6
1159110 2528.2
1159120 2524.4
1159130 2524.4
1159140 2521.3
1159150 2518.5
1159160 2516.5
1159170 2516.5
1159180 2515.2
1159190 2513.8
1159200 2513.8
1159210 2511.5
1159220 2508.0
1159230 2508.0
1159240 2503.4
1159250 2499.3
1159260 2499.3
1159270 2495.8
1159280 2491.9
1159290 2491.9
1159300 2487.0
1159310 2482.1
1159320 2482.1
1159330 2476.5
1159340 2470.5
1159350 2464.6
1159360 2464.6
1159370 2459.3
1159380 2453.8
1159390 2453.8
1159400 2451.2
1159410 2449.1
1159420 2449.1
1159430 2446.6
1159440 2444.2
1159450 2444.2
1159460 2441.4
1159470 2437.4
1159480 2437.4
1159490 2434.0
1159500 2432.5
1159510 2432.5
1159520 2431.4
1159530 2431.5
1159540 2431.5
1159550 2430.7
1159560 2429.1
1159570 2427.4
1159580 2427.4
1159590 2426.6
1159600 2428.0
1159610 2428.0
1159620 2426.4
1159630 2423.3
1159640 2423.3
1159650 2419.3
1159660 2415.7
1159670 2415.7
1159680 2413.0
1159690 2411.0
1159700 2411.0
1159710 2408.1
1159720 2404.3
1159730 2404.3
1159740 2400.2
1159750 2395.7
1159760 2395.7
1159770 2390.7
1159780 2385.7
1159790 2381.0
1159800 2381.0
1159810 2377.9
1159820 2375.1
1159830 2375.1
1159840 2371.8
1159850 2369.0
1159860 2369.0
1159870 2366.3
1159880 2364.4
1159890 2364.4
1159900 2363.2
1159910 2360.8
1159920 2360.8
1159930 2358.4
1159940 2355.0
1159950 2355.0
1159960 2353.1
1159970 2353.5
1159980 2353.0
1159990 2356.3
