1140000 1824.7
1140010 1825.3
1140020 1825.3
1140030 1826.0
1140040 1826.4
1140050 1826.4
1140060 1827.0
1140070 1827.9
1140080 1827.9
1140090 1829.8
1140100 1832.4
1140110 1832.4
1140120 1835.5
1140130 1838.7
1140140 1838.7
1140150 1843.6
1140160 1848.6
1140170 1848.6
1140180 1852.8
1140190 1856.5
1140200 1859.5
1140210 1859.5
1140220 1862.8
1140230 1865.0
1140240 1865.0
1140250 1861.2
1140260 1862.3
1140270 1862.3
1140280 1863.0
1140290 1863.2
1140300 1863.2
1140310 1863.5
1140320 1863.7
1140330 1863.7
1140340 1863.6
1140350 1863.3
1140360 1863.3
1140370 1862.7
1140380 1861.6
1140390 1861.6
1140400 1859.8
1140410 1856.3
1140420 1852.1
1140430 1852.1
1140440 1848.8
1140450 1846.1
1140460 1846.1
1140470 1843.7
1140480 1841.1
1140490 1841.1
1140500 1839.0
1140510 1837.4
1140520 1837.4
1140530 1835.1
1140540 1833.0
1140550 1833.0
1140560 1830.5
1140570 1827.1
1140580 1827.1
1140590 1823.7
1140600 1821.0
1140610 1821.0
1140620 1809.3
1140630 1802.9
1140640 1796.4
1140650 1796.4
1140660 1791.7
1140670 1785.9
1140680 1785.9
1140690 1778.2
1140700 1766.0
1140710 1766.0
1140720 1746.1
1140730 1731.4
1140740 1731.4
1140750 1722.4
1140760 1719.3
1140770 1719.3
1140780 1716.7
1140790 1713.7
1140800 1713.7
1140810 1710.0
1140820 1707.1
1140830 1704.3
1140840 1704.3
1140850 1701.4
1140860 1698.9
1140870 1698.9
1140880 1696.4
1140890 1694.0
1140900 1694.0
1140910 1691.5
1140920 1689.4
1140930 1689.4
1140940 1685.9
1140950 1681.0
1140960 1681.0
1140970 1675.1
1140980 1663.4
1140990 1655.2
1141000 1645.6
1141010 1634.5
1141020 1634.5
1141030 1623.1
1141040 1609.2
1141050 1596.3
1141060 1596.3
1141070 1584.6
1141080 1574.8
1141090 1574.8
1141100 1569.1
1141110 1564.8
1141120 1564.8
1141130 1560.9
1141140 1557.6
1141150 1557.6
1141160 1555.4
1141170 1556.9
1141180 1556.9
1141190 1555.2
1141200 1553.1
1141210 1553.1
1141220 1551.8
1141230 1550.1
1141240 1550.1
1141250 1548.1
1141260 1545.9
1141270 1543.6
1141280 1543.6
1141290 1541.0
1141300 1538.0
1141310 1538.0
1141320 1535.1
1141330 1532.6
1141340 1532.6
1141350 1529.1
1141360 1520.5
1141370 1520.5
1141380 1516.5
1141390 1511.9
1141400 1511.9
1141410 1507.8
1141420 1503.4
1141430 1503.4
1141440 1498.7
1141450 1493.5
1141460 1488.1
1141470 1488.1
1141480 1483.1
1141490 1478.9
1141500 1478.9
1141510 1474.7
1141520 1470.3
1141530 1470.3
1141540 1466.7
1141550 1464.1
1141560 1464.1
1141570 1460.5
1141580 1457.0
1141590 1457.0
1141600 1453.7
1141610 1451.7
1141620 1451.7
1141630 1449.5
1141640 1445.8
1141650 1445.8
1141660 1443.1
1141670 1440.6
1141680 1436.2
1141690 1436.2
1141700 1433.1
1141710 1430.8
1141720 1430.8
1141730 1425.8
1141740 1423.4
1141750 1423.4
1141760 1420.0
1141770 1415.6
1141780 1415.6
1141790 1412.2
1141800 1411.6
1141810 1411.6
1141820 1412.0
1141830 1412.8
1141840 1412.8
1141850 1413.1
1141860 1413.0
1141870 1413.0
1141880 1413.0
1141890 1413.6
1141900 1414.4
1141910 1414.4
1141920 1415.0
1141930 1415.5
1141940 1415.5
1141950 1415.9
1141960 1416.9
1141970 1416.9
1141980 1418.0
1141990 1419.5
1142000 1419.5
1142010 1420.8
1142020 1421.7
1142030 1421.7
1142040 1422.3
1142050 1422.4
1142060 1422.4
1142070 1420.4
1142080 1418.1
1142090 1416.4
1142100 1414.0
1142110 1410.9
1142120 1408.0
1142130 1408.0
1142140 1406.4
1142150 1406.9
1142160 1406.9
1142170 1409.6
1142180 1411.9
1142190 1411.9
1142200 1412.7
1142210 1411.7
1142220 1411.7
1142230 1407.7
1142240 1404.7
1142250 1404.7
1142260 1402.7
1142270 1400.5
1142280 1400.5
1142290 1399.6
1142300 1400.8
1142310 1403.4
1142320 1403.4
1142330 1404.9
1142340 1406.9
1142350 1406.9
1142360 1411.4
1142370 1416.9
1142380 1416.9
1142390 1420.6
1142400 1420.8
1142410 1420.8
1142420 1420.9
1142430 1420.9
1142440 1420.9
1142450 1420.0
1142460 1419.1
1142470 1421.6
1142480 1421.6
1142490 1422.0
1142500 1422.0
1142510 1423.4
1142520 1425.1
1142530 1426.8
1142540 1426.8
1142550 1431.0
1142560 1433.6
1142570 1433.6
1142580 1436.9
1142590 1438.8
1142600 1438.8
1142610 1441.9
1142620 1445.7
1142630 1445.7
1142640 1446.6
1142650 1448.9
1142660 1448.9
1142670 1453.3
1142680 1458.9
1142690 1458.9
1142700 1463.8
1142710 1467.0
1142720 1469.9
1142730 1469.9
1142740 1472.5
1142750 1475.1
1142760 1475.1
1142770 1477.6
1142780 1480.5
1142790 1480.5
1142800 1486.4
1142810 1492.5
1142820 1492.5
1142830 1490.5
1142840 1493.4
1142850 1493.4
1142860 1493.3
1142870 1494.4
1142880 1494.4
1142890 1499.1
1142900 1505.3
1142910 1505.3
1142920 1509.5
1142930 1513.3
1142940 1517.1
1142950 1517.1
1142960 1520.9
1142970 1525.1
1142980 1525.1
1142990 1530.7
1143000 1536.8
1143010 1536.8
1143020 1542.4
1143030 1546.9
1143040 1546.9
1143050 1551.2
1143060 1555.1
1143070 1555.1
1143080 1558.9
1143090 1562.6
1143100 1562.6
1143110 1566.1
1143120 1570.4
1143130 1570.4
1143140 1573.7
1143150 1576.3
1143160 1578.6
1143170 1578.6
1143180 1579.2
1143190 1578.2
1143200 1578.2
1143210 1582.7
1143220 1581.7
1143230 1581.7
1143240 1583.0
1143250 1585.8
1143260 1585.8
1143270 1589.9
1143280 1596.2
1143290 1596.2
1143300 1601.5
1143310 1605.7
1143320 1605.7
1143330 1609.3
1143340 1614.8
1143350 1620.9
1143360 1620.9
1143370 1625.4
1143380 1628.4
1143390 1628.4
1143400 1630.8
1143410 1633.3
1143420 1633.3
1143430 1636.2
1143440 1639.6
1143450 1639.6
1143460 1644.4
1143470 1651.4
1143480 1651.4
1143490 1658.1
1143500 1663.8
1143510 1663.8
1143520 1668.1
1143530 1672.9
1143540 1672.9
1143550 1676.9
1143560 1681.4
1143570 1685.8
1143580 1693.4
1143590 1697.3
1143600 1702.2
1143610 1702.2
1143620 1706.8
1143630 1710.8
1143640 1710.8
1143650 1716.7
1143660 1723.8
1143670 1723.8
1143680 1729.7
1143690 1734.6
1143700 1734.6
1143710 1739.5
1143720 1745.0
1143730 1745.0
1143740 1750.1
1143750 1756.1
1143760 1762.0
1143770 1762.0
1143780 1766.1
1143790 1769.5
1143800 1769.5
1143810 1770.8
1143820 1768.3
1143830 1768.3
1143840 1769.4
1143850 1776.1
1143860 1776.1
1143870 1782.0
1143880 1786.7
1143890 1786.7
1143900 1791.2
1143910 1794.5
1143920 1794.5
1143930 1797.8
1143940 1802.0
1143950 1806.4
1143960 1810.4
1143970 1813.5
1143980 1816.3
1143990 1816.3
1144000 1820.4
1144010 1825.8
1144020 1825.8
1144030 1830.7
1144040 1835.5
1144050 1835.5
1144060 1840.5
1144070 1845.6
1144080 1845.6
1144090 1850.3
1144100 1855.7
1144110 1855.7
1144120 1860.9
1144130 1865.7
1144140 1865.7
1144150 1870.9
1144160 1877.1
1144170 1877.1
1144180 1882.6
1144190 1887.3
1144200 1893.3
1144210 1893.3
1144220 1899.0
1144230 1906.1
1144240 1906.1
1144250 1913.5
1144260 1921.3
1144270 1921.3
1144280 1928.1
1144290 1932.8
1144300 1932.8
1144310 1937.2
1144320 1950.5
1144330 1950.5
1144340 1954.8
1144350 1959.0
1144360 1959.0
1144370 1961.0
1144380 1964.6
1144390 1968.9
1144400 1968.9
1144410 1973.2
1144420 1976.5
1144430 1976.5
1144440 1978.8
1144450 1982.0
1144460 1982.0
1144470 1990.0
1144480 2001.1
1144490 2001.1
1144500 2008.2
1144510 2015.4
1144520 2015.4
1144530 2022.1
1144540 2028.8
1144550 2028.8
1144560 2035.7
1144570 2042.3
1144580 2042.3
1144590 2049.0
1144600 2056.3
1144610 2063.4
1144620 2063.4
1144630 2070.2
1144640 2076.7
1144650 2076.7
1144660 2083.3
1144670 2088.9
1144680 2088.9
1144690 2093.3
1144700 2110.5
1144710 2110.5
1144720 2119.5
1144730 2127.0
1144740 2127.0
1144750 2135.5
1144760 2139.8
1144770 2139.8
1144780 2146.8
1144790 2150.5
1144800 2150.5
1144810 2153.9
1144820 2157.4
1144830 2162.1
1144840 2162.1
1144850 2165.3
1144860 2163.6
1144870 2163.6
1144880 2161.9
1144890 2164.6
1144900 2164.6
1144910 2170.3
1144920 2174.9
1144930 2174.9
1144940 2177.5
1144950 2177.5
1144960 2177.5
1144970 2171.4
1144980 2166.2
1144990 2166.2
1145000 2164.6
1145010 2166.6
1145020 2164.4
1145030 2164.4
1145040 2165.3
1145050 2166.2
1145060 2166.2
1145070 2175.3
1145080 2183.6
1145090 2183.6
1145100 2193.5
1145110 2197.4
1145120 2197.4
1145130 2199.6
1145140 2204.5
1145150 2204.5
1145160 2210.2
1145170 2215.6
1145180 2215.6
1145190 2220.9
1145200 2227.5
1145210 2227.5
1145220 2235.1
1145230 2244.3
1145240 2251.7
1145250 2251.7
1145260 2253.8
1145270 2255.1
1145280 2255.1
1145290 2257.0
1145300 2261.2
1145310 2261.2
1145320 2264.9
1145330 2266.8
1145340 2266.8
1145350 2266.0
1145360 2264.8
1145370 2264.8
1145380 2261.0
1145390 2261.8
1145400 2261.8
1145410 2262.8
1145420 2262.5
1145430 2262.5
1145440 2263.8
1145450 2260.8
1145460 2257.1
1145470 2257.1
1145480 2253.8
1145490 2249.3
1145500 2249.3
1145510 2242.7
1145520 2234.9
1145530 2234.9
1145540 2228.6
1145550 2223.9
1145560 2223.9
1145570 2218.6
1145580 2212.3
1145590 2212.3
1145600 2205.0
1145610 2197.7
1145620 2197.7
1145630 2189.1
1145640 2179.4
1145650 2170.1
1145660 2170.1
1145670 2163.5
1145680 2159.3
1145690 2159.3
1145700 2156.4
1145710 2152.5
1145720 2152.5
1145730 2143.5
1145740 2136.0
1145750 2136.0
1145760 2127.7
1145770 2118.1
1145780 2118.1
1145790 2107.0
1145800 2091.3
1145810 2091.3
1145820 2071.9
1145830 2060.1
1145840 2060.1
1145850 2046.8
1145860 2031.8
1145870 2015.8
1145880 2015.8
1145890 1997.5
1145900 1984.7
1145910 1984.7
1145920 1970.2
1145930 1959.6
1145940 1959.6
1145950 1947.1
1145960 1937.7
1145970 1937.7
1145980 1929.6
1145990 1921.2
1146000 1921.2
1146010 1912.8
1146020 1904.6
1146030 1904.6
1146040 1898.0
1146050 1897.2
1146060 1897.2
1146070 1893.3
1146080 1881.5
1146090 1870.8
1146100 1870.8
1146110 1854.3
1146120 1836.0
1146130 1836.0
1146140 1822.1
1146150 1813.7
1146160 1813.7
1146170 1806.1
1146180 1798.6
1146190 1799.4
1146200 1791.9
1146210 1784.4
1146220 1784.4
1146230 1777.0
1146240 1769.7
1146250 1769.7
1146260 1762.7
1146270 1755.8
1146280 1749.3
1146290 1749.3
1146300 1743.1
1146310 1736.8
1146320 1736.8
1146330 1730.6
1146340 1724.2
1146350 1724.2
1146360 1718.5
1146370 1712.9
1146380 1712.9
1146390 1706.5
1146400 1700.3
1146410 1700.3
1146420 1693.5
1146430 1686.5
1146440 1686.5
1146450 1680.4
1146460 1674.0
1146470 1674.0
1146480 1666.5
1146490 1659.1
1146500 1651.4
1146510 1651.4
1146520 1647.6
1146530 1647.7
1146540 1647.7
1146550 1651.1
1146560 1655.3
1146570 1655.3
1146580 1661.0
1146590 1668.9
1146600 1668.9
1146610 1670.7
1146620 1666.8
1146630 1666.8
1146640 1665.8
1146650 1664.8
1146660 1664.8
1146670 1663.9
1146680 1663.5
1146690 1663.5
1146700 1663.3
1146710 1663.5
1146720 1663.6
1146730 1663.6
1146740 1664.0
1146750 1664.3
1146760 1664.3
1146770 1664.6
1146780 1665.1
1146790 1665.1
1146800 1666.2
1146810 1668.1
1146820 1668.1
1146830 1670.3
1146840 1672.8
1146850 1672.8
1146860 1675.0
1146870 1677.3
1146880 1677.3
1146890 1680.0
1146900 1683.9
1146910 1688.7
1146920 1688.7
1146930 1693.7
1146940 1701.0
1146950 1701.0
1146960 1706.8
1146970 1712.1
1146980 1712.1
1146990 1719.0
1147000 1727.4
1147010 1727.4
1147020 1736.4
1147030 1745.3
1147040 1745.3
1147050 1754.6
1147060 1764.0
1147070 1764.0
1147080 1773.0
1147090 1780.7
1147100 1780.7
1147110 1784.9
1147120 1791.2
1147130 1797.5
1147140 1797.5
1147150 1802.5
1147160 1806.7
1147170 1806.7
1147180 1811.3
1147190 1816.1
1147200 1816.1
1147210 1820.5
1147220 1824.2
1147230 1824.2
1147240 1828.9
1147250 1833.2
1147260 1833.2
1147270 1837.8
1147280 1842.7
1147290 1842.7
1147300 1846.9
1147310 1853.5
1147320 1853.5
1147330 1857.3
1147340 1860.9
1147350 1864.7
1147360 1864.7
1147370 1868.8
1147380 1873.8
1147390 1873.8
1147400 1878.9
1147410 1883.9
1147420 1883.9
1147430 1889.2
1147440 1895.2
1147450 1895.2
1147460 1901.1
1147470 1907.0
1147480 1907.0
1147490 1912.8
1147500 1918.2
1147510 1918.2
1147520 1922.0
1147530 1925.9
1147540 1931.1
1147550 1931.1
1147560 1935.2
1147570 1939.3
1147580 1939.3
1147590 1943.6
1147600 1947.7
1147610 1947.7
1147620 1951.9
1147630 1956.2
1147640 1956.2
1147650 1960.4
1147660 1964.5
1147670 1964.5
1147680 1969.3
1147690 1973.3
1147700 1973.3
1147710 1978.4
1147720 1983.6
1147730 1983.6
1147740 1988.5
1147750 1992.9
1147760 1996.8
1147770 1996.8
1147780 2000.8
1147790 2006.0
1147800 2006.0
1147810 2010.4
1147820 2014.0
1147830 2014.0
1147840 2018.3
1147850 2022.9
1147860 2022.9
1147870 2027.3
1147880 2031.8
1147890 2031.8
1147900 2036.1
1147910 2039.8
1147920 2039.8
1147930 2043.6
1147940 2047.2
1147950 2047.2
1147960 2050.8
1147970 2054.3
1147980 2058.0
1147990 2058.0
1148000 2061.9
1148010 2067.1
1148020 2067.1
1148030 2072.6
1148040 2077.6
1148050 2077.6
1148060 2083.3
1148070 2094.7
1148080 2094.7
1148090 2100.7
1148100 2109.5
1148110 2109.5
1148120 2116.2
1148130 2124.3
1148140 2124.3
1148150 2134.1
1148160 2140.6
1148170 2147.4
1148180 2147.4
1148190 2155.0
1148200 2160.3
1148210 2160.3
1148220 2164.9
1148230 2170.6
1148240 2170.6
1148250 2175.5
1148260 2181.7
1148270 2181.7
1148280 2188.2
1148290 2194.1
1148300 2194.1
1148310 2200.0
1148320 2205.5
1148330 2205.5
1148340 2209.7
1148350 2212.9
1148360 2212.9
1148370 2216.8
1148380 2222.5
1148390 2228.7
1148400 2228.7
1148410 2233.8
1148420 2239.0
1148430 2239.0
1148440 2244.3
1148450 2248.3
1148460 2248.3
1148470 2253.2
1148480 2259.9
1148490 2259.9
1148500 2267.1
1148510 2274.8
1148520 2274.8
1148530 2280.9
1148540 2285.8
1148550 2285.8
1148560 2293.1
1148570 2300.4
1148580 2300.4
1148590 2307.5
1148600 2313.3
1148610 2319.1
1148620 2319.1
1148630 2325.9
1148640 2331.8
1148650 2331.8
1148660 2336.7
1148670 2340.0
1148680 2340.0
1148690 2341.3
1148700 2342.9
1148710 2342.9
1148720 2345.1
1148730 2349.0
1148740 2349.0
1148750 2353.9
1148760 2359.9
1148770 2359.9
1148780 2367.0
1148790 2375.2
1148800 2387.5
1148810 2387.5
1148820 2395.3
1148830 2403.9
1148840 2403.9
1148850 2412.6
1148860 2420.8
1148870 2420.8
1148880 2428.6
1148890 2438.4
1148900 2438.4
1148910 2448.1
1148920 2455.2
1148930 2455.2
1148940 2461.7
1148950 2468.3
1148960 2468.3
1148970 2474.6
1148980 2480.4
1148990 2480.4
1149000 2486.0
1149010 2490.9
1149020 2496.7
1149030 2496.7
1149040 2503.9
1149050 2512.1
1149060 2512.1
1149070 2520.2
1149080 2526.2
1149090 2526.2
1149100 2523.3
1149110 2516.7
1149120 2516.7
1149130 2507.9
1149140 2503.9
1149150 2503.9
1149160 2504.1
1149170 2504.3
1149180 2504.3
1149190 2504.8
1149200 2507.3
1149210 2507.3
1149220 2505.8
1149230 2502.2
1149240 2501.9
1149250 2501.9
1149260 2500.9
1149270 2495.8
1149280 2495.8
1149290 2493.9
1149300 2491.8
1149310 2491.8
1149320 2487.5
1149330 2489.2
1149340 2489.2
1149350 2491.6
1149360 2490.5
1149370 2490.5
1149380 2486.4
1149390 2477.9
1149400 2477.9
1149410 2470.1
1149420 2463.2
1149430 2458.7
1149440 2458.7
1149450 2460.0
1149460 2458.2
1149470 2458.2
1149480 2454.5
1149490 2447.7
1149500 2447.7
1149510 2440.8
1149520 2438.1
1149530 2438.1
1149540 2433.6
1149550 2423.7
1149560 2423.7
1149570 2427.4
1149580 2418.5
1149590 2418.5
1149600 2411.2
1149610 2408.6
1149620 2408.6
1149630 2405.5
1149640 2403.2
1149650 2400.2
1149660 2400.2
1149670 2396.9
1149680 2393.7
1149690 2393.7
1149700 2391.1
1149710 2388.9
1149720 2388.9
1149730 2386.9
1149740 2384.8
1149750 2384.8
1149760 2382.6
1149770 2380.2
1149780 2380.2
1149790 2379.0
1149800 2378.7
1149810 2378.7
1149820 2377.8
1149830 2377.8
1149840 2377.8
1149850 2378.2
1149860 2378.6
1149870 2376.9
1149880 2376.9
1149890 2374.0
1149900 2372.7
1149910 2372.7
1149920 2372.0
1149930 2369.9
1149940 2369.9
1149950 2369.3
1149960 2367.1
1149970 2367.1
1149980 2366.2
1149990 2367.2
1150000 2367.2
1150010 2367.6
1150020 2363.9
1150030 2363.9
1150040 2363.4
1150050 2365.4
1150060 2368.3
1150070 2368.3
1150080 2371.1
1150090 2376.4
1150100 2376.4
1150110 2379.7
1150120 2382.4
1150130 2382.4
1150140 2385.5
1150150 2387.6
1150160 2387.6
1150170 2390.1
1150180 2393.2
1150190 2393.2
1150200 2396.1
1150210 2399.2
1150220 2399.2
1150230 2402.1
1150240 2405.5
1150250 2405.5
1150260 2410.1
1150270 2415.9
1150280 2421.8
1150290 2421.8
1150300 2428.0
1150310 2434.6
1150320 2434.6
1150330 2439.3
1150340 2444.7
1150350 2444.7
1150360 2450.3
1150370 2454.8
1150380 2454.8
1150390 2458.3
1150400 2460.7
1150410 2460.7
1150420 2463.4
1150430 2465.8
1150440 2465.8
1150450 2467.3
1150460 2467.8
1150470 2467.8
1150480 2468.5
1150490 2469.5
1150500 2471.0
1150510 2471.0
1150520 2472.5
1150530 2474.1
1150540 2474.1
1150550 2476.0
1150560 2478.1
1150570 2478.1
1150580 2480.7
1150590 2483.0
1150600 2483.0
1150610 2485.2
1150620 2487.5
1150630 2487.5
1150640 2489.8
1150650 2491.5
1150660 2491.5
1150670 2492.9
1150680 2494.7
1150690 2495.7
1150700 2495.7
1150710 2494.9
1150720 2495.0
1150730 2495.0
1150740 2494.7
1150750 2495.3
1150760 2495.3
1150770 2496.5
1150780 2498.5
1150790 2498.5
1150800 2500.9
1150810 2504.3
1150820 2504.3
1150830 2508.2
1150840 2512.2
1150850 2512.2
1150860 2515.7
1150870 2518.4
1150880 2518.4
1150890 2521.5
1150900 2524.6
1150910 2528.6
1150920 2528.6
1150930 2533.2
1150940 2536.4
1150950 2536.4
1150960 2539.9
1150970 2544.9
1150980 2544.9
1150990 2550.1
1151000 2554.3
1151010 2554.3
1151020 2557.7
1151030 2560.1
1151040 2560.1
1151050 2562.4
1151060 2564.5
1151070 2564.5
1151080 2567.8
1151090 2573.2
1151100 2578.7
1151110 2578.7
1151120 2583.9
1151130 2588.9
1151140 2588.9
1151150 2592.3
1151160 2595.0
1151170 2595.0
1151180 2597.9
1151190 2603.5
1151200 2603.5
1151210 2611.3
1151220 2617.9
1151230 2617.9
1151240 2623.4
1151250 2629.0
1151260 2629.0
1151270 2634.9
1151280 2640.6
1151290 2640.6
1151300 2646.1
1151310 2651.3
1151320 2657.1
1151330 2657.1
1151340 2663.1
1151350 2669.1
1151360 2669.1
1151370 2674.4
1151380 2678.8
1151390 2678.8
1151400 2685.0
1151410 2692.1
1151420 2692.1
1151430 2699.8
1151440 2706.9
1151450 2706.9
1151460 2714.6
1151470 2725.6
1151480 2725.6
1151490 2734.0
1151500 2745.8
1151510 2745.8
1151520 2753.6
1151530 2755.3
1151540 2757.7
1151550 2757.7
1151560 2760.1
1151570 2762.3
1151580 2762.3
1151590 2765.6
1151600 2770.1
1151610 2770.1
1151620 2775.3
1151630 2780.4
1151640 2780.4
1151650 2786.2
1151660 2791.4
1151670 2791.4
1151680 2794.4
1151690 2797.9
1151700 2797.9
1151710 2803.0
1151720 2808.1
1151730 2813.5
1151740 2813.5
1151750 2820.0
1151760 2827.1
1151770 2827.1
1151780 2834.3
1151790 2841.6
1151800 2841.6
1151810 2848.9
1151820 2858.2
1151830 2858.2
1151840 2876.1
1151850 2883.2
1151860 2883.2
1151870 2901.5
1151880 2920.7
1151890 2920.7
1151900 2930.1
1151910 2927.6
1151920 2927.6
1151930 2915.6
1151940 2905.7
1151950 2897.4
1151960 2897.4
1151970 2889.0
1151980 2880.7
1151990 2880.7
1152000 2872.4
1152010 2864.8
1152020 2864.8
1152030 2858.0
1152040 2850.6
1152050 2850.6
1152060 2845.2
1152070 2841.5
1152080 2841.5
1152090 2835.7
1152100 2828.2
1152110 2828.2
1152120 2820.3
1152130 2810.6
1152140 2810.6
1152150 2797.8
1152160 2788.8
1152170 2780.7
1152180 2780.7
1152190 2772.8
1152200 2767.5
1152210 2767.5
1152220 2763.1
1152230 2760.1
1152240 2760.1
1152250 2757.0
1152260 2755.1
1152270 2755.1
1152280 2754.1
1152290 2753.7
1152300 2753.7
1152310 2753.4
1152320 2752.0
1152330 2752.0
1152340 2750.0
1152350 2747.5
1152360 2744.1
1152370 2744.1
1152380 2739.7
1152390 2734.8
1152400 2734.8
1152410 2730.8
1152420 2727.2
1152430 2727.2
1152440 2723.7
1152450 2720.3
1152460 2720.3
1152470 2717.1
1152480 2714.4
1152490 2714.4
1152500 2712.5
1152510 2711.4
1152520 2711.4
1152530 2711.1
1152540 2707.5
1152550 2707.5
1152560 2703.5
1152570 2699.3
1152580 2695.2
1152590 2695.2
1152600 2692.2
1152610 2692.5
1152620 2692.5
1152630 2689.8
1152640 2687.9
1152650 2687.9
1152660 2686.5
1152670 2685.1
1152680 2685.1
1152690 2685.0
1152700 2686.1
1152710 2686.1
1152720 2687.4
1152730 2689.5
1152740 2689.5
1152750 2692.2
1152760 2695.5
1152770 2695.5
1152780 2698.2
1152790 2700.3
1152800 2702.2
1152810 2702.2
1152820 2702.7
1152830 2702.4
1152840 2702.4
1152850 2702.6
1152860 2704.0
1152870 2704.0
1152880 2708.1
1152890 2707.7
1152900 2707.7
1152910 2700.9
1152920 2698.0
1152930 2698.0
1152940 2685.1
1152950 2676.4
1152960 2676.4
1152970 2668.5
1152980 2661.6
1152990 2658.6
1153000 2658.6
1153010 2653.1
1153020 2648.9
1153030 2648.9
1153040 2647.0
1153050 2646.1
1153060 2646.1
1153070 2643.9
1153080 2641.1
1153090 2641.1
1153100 2639.6
1153110 2638.9
1153120 2638.9
1153130 2638.7
1153140 2637.5
1153150 2637.5
1153160 2636.2
1153170 2635.6
1153180 2635.6
1153190 2635.0
1153200 2633.4
1153210 2630.7
1153220 2630.7
1153230 2628.6
1153240 2626.6
1153250 2626.6
1153260 2625.1
1153270 2623.8
1153280 2623.8
1153290 2622.2
1153300 2619.2
1153310 2619.2
1153320 2614.4
1153330 2612.3
1153340 2612.3
1153350 2611.6
1153360 2607.1
1153370 2607.1
1153380 2606.3
1153390 2606.3
1153400 2606.3
1153410 2609.0
1153420 2609.9
1153430 2609.0
1153440 2609.0
1153450 2608.4
1153460 2607.2
1153470 2607.2
1153480 2605.5
1153490 2604.6
1153500 2604.6
1153510 2605.5
1153520 2607.1
1153530 2607.1
1153540 2608.6
1153550 2609.5
1153560 2609.5
1153570 2609.3
1153580 2608.7
1153590 2608.7
1153600 2607.4
1153610 2604.3
1153620 2597.4
1153630 2597.4
1153640 2590.8
1153650 2585.9
1153660 2585.9
1153670 2581.8
1153680 2578.2
1153690 2578.2
1153700 2575.7
1153710 2573.3
1153720 2573.3
1153730 2569.9
1153740 2565.7
1153750 2565.7
1153760 2568.3
1153770 2564.2
1153780 2564.2
1153790 2559.3
1153800 2555.4
1153810 2555.4
1153820 2549.8
1153830 2547.2
1153840 2544.4
1153850 2544.4
1153860 2545.3
1153870 2545.7
1153880 2545.7
1153890 2541.6
1153900 2537.5
1153910 2537.5
1153920 2536.8
1153930 2536.1
1153940 2536.1
1153950 2535.1
1153960 2532.8
1153970 2532.8
1153980 2531.1
1153990 2529.6
1154000 2529.6
1154010 2528.5
1154020 2527.1
1154030 2527.1
1154040 2525.9
1154050 2524.1
1154060 2522.0
1154070 2522.0
1154080 2521.7
1154090 2520.8
1154100 2520.8
1154110 2521.5
1154120 2520.5
1154130 2520.5
1154140 2518.9
1154150 2517.0
1154160 2517.0
1154170 2519.4
1154180 2523.6
1154190 2523.6
1154200 2523.9
1154210 2519.0
1154220 2519.0
1154230 2511.7
1154240 2508.4
1154250 2507.8
1154260 2507.8
1154270 2507.0
1154280 2506.7
1154290 2506.7
1154300 2507.8
1154310 2510.5
1154320 2510.5
1154330 2515.2
1154340 2520.6
1154350 2520.6
1154360 2525.8
1154370 2530.5
1154380 2530.5
1154390 2535.1
1154400 2540.3
1154410 2540.3
1154420 2545.8
1154430 2551.8
1154440 2551.8
1154450 2557.1
1154460 2561.3
1154470 2565.4
1154480 2565.4
1154490 2568.9
1154500 2572.1
1154510 2572.1
1154520 2575.1
1154530 2583.3
1154540 2583.3
1154550 2586.1
1154560 2588.8
1154570 2588.8
1154580 2591.5
1154590 2594.8
1154600 2594.8
1154610 2597.8
1154620 2600.7
1154630 2600.7
1154640 2603.7
1154650 2606.4
1154660 2606.4
1154670 2608.4
1154680 2611.2
1154690 2613.6
1154700 2613.6
1154710 2615.6
1154720 2617.2
1154730 2617.2
1154740 2618.7
1154750 2619.7
1154760 2619.7
1154770 2620.6
1154780 2621.0
1154790 2621.0
1154800 2620.6
1154810 2620.2
1154820 2620.2
1154830 2620.7
1154840 2621.3
1154850 2621.3
1154860 2622.5
1154870 2624.0
1154880 2626.6
1154890 2626.6
1154900 2628.9
1154910 2635.5
1154920 2635.5
1154930 2637.7
1154940 2640.1
1154950 2640.1
1154960 2642.5
1154970 2643.6
1154980 2643.6
1154990 2645.5
1155000 2647.8
1155010 2647.8
1155020 2652.6
1155030 2658.2
1155040 2658.2
1155050 2663.7
1155060 2669.1
1155070 2669.1
1155080 2674.4
1155090 2679.4
1155100 2684.8
1155110 2684.8
1155120 2690.3
1155130 2695.5
1155140 2695.5
1155150 2700.3
1155160 2704.4
1155170 2704.4
1155180 2708.4
1155190 2710.6
1155200 2710.6
1155210 2707.7
1155220 2702.1
1155230 2702.1
1155240 2697.4
1155250 2695.4
1155260 2695.4
1155270 2692.9
1155280 2690.6
1155290 2682.4
1155300 2682.4
1155310 2680.0
1155320 2675.6
1155330 2675.6
1155340 2670.3
1155350 2665.1
1155360 2665.1
1155370 2659.8
1155380 2653.3
1155390 2653.3
1155400 2650.1
1155410 2647.7
1155420 2647.7
1155430 2642.7
1155440 2638.0
1155450 2638.0
1155460 2634.0
1155470 2628.8
1155480 2628.8
1155490 2624.1
1155500 2619.9
1155510 2615.4
1155520 2615.4
1155530 2611.1
1155540 2607.0
1155550 2607.0
1155560 2603.3
1155570 2600.7
1155580 2600.7
1155590 2600.0
1155600 2600.2
1155610 2600.2
1155620 2598.6
1155630 2597.1
1155640 2597.1
1155650 2597.1
1155660 2596.4
1155670 2596.4
1155680 2594.2
1155690 2593.8
1155700 2593.8
1155710 2594.2
1155720 2595.0
1155730 2596.4
1155740 2596.4
1155750 2597.9
1155760 2599.7
1155770 2599.7
1155780 2601.3
1155790 2603.1
1155800 2603.1
1155810 2603.1
1155820 2601.5
1155830 2601.5
1155840 2601.2
1155850 2601.7
1155860 2601.7
1155870 2602.2
1155880 2603.3
1155890 2603.3
1155900 2604.4
1155910 2604.5
1155920 2605.2
1155930 2605.2
1155940 2606.5
1155950 2607.0
1155960 2607.0
1155970 2608.5
1155980 2610.2
1155990 2610.2
1156000 2609.7
1156010 2609.2
1156020 2609.2
1156030 2610.2
1156040 2613.8
1156050 2613.8
1156060 2615.8
1156070 2618.9
1156080 2618.9
1156090 2618.9
1156100 2618.8
1156110 2618.8
1156120 2622.1
1156130 2627.0
1156140 2630.8
1156150 2630.8
1156160 2634.1
1156170 2636.9
1156180 2636.9
1156190 2640.5
1156200 2644.9
1156210 2644.9
1156220 2650.0
1156230 2654.7
1156240 2654.7
1156250 2659.5
1156260 2664.1
1156270 2664.1
1156280 2668.1
1156290 2671.2
1156300 2671.2
1156310 2673.7
1156320 2674.7
1156330 2674.7
1156340 2674.8
1156350 2675.2
1156360 2675.8
1156370 2675.8
1156380 2676.3
1156390 2676.3
1156400 2676.3
1156410 2675.9
1156420 2675.2
1156430 2675.2
1156440 2674.6
1156450 2670.5
1156460 2670.5
1156470 2670.8
1156480 2671.3
1156490 2671.3
1156500 2672.7
1156510 2674.4
1156520 2674.4
1156530 2676.2
1156540 2677.4
1156550 2678.0
1156560 2678.0
1156570 2678.7
1156580 2679.8
1156590 2679.8
1156600 2681.5
1156610 2683.6
1156620 2683.6
1156630 2685.0
1156640 2685.0
1156650 2685.0
1156660 2684.6
1156670 2685.2
1156680 2685.2
1156690 2686.7
1156700 2688.4
1156710 2688.4
1156720 2690.3
1156730 2692.4
1156740 2692.4
1156750 2694.8
1156760 2697.3
1156770 2700.0
1156780 2700.0
1156790 2701.4
1156800 2702.0
1156810 2702.0
1156820 2701.3
1156830 2698.1
1156840 2687.0
1156850 2681.0
1156860 2675.7
1156870 2675.7
1156880 2668.6
1156890 2660.0
1156900 2660.0
1156910 2651.9
1156920 2645.0
1156930 2645.0
1156940 2638.8
1156950 2632.8
1156960 2632.8
1156970 2627.3
1156980 2622.0
1156990 2616.8
1157000 2616.8
1157010 2612.4
1157020 2608.9
1157030 2608.9
1157040 2606.9
1157050 2606.3
1157060 2606.3
1157070 2606.6
1157080 2604.8
1157090 2604.8
1157100 2599.8
1157110 2594.9
1157120 2594.9
1157130 2589.5
1157140 2583.2
1157150 2583.2
1157160 2576.9
1157170 2571.3
1157180 2565.8
1157190 2565.8
1157200 2560.5
1157210 2555.3
1157220 2552.6
1157230 2548.6
1157240 2544.1
1157250 2544.1
1157260 2539.3
1157270 2536.1
1157280 2536.1
1157290 2534.1
1157300 2531.1
1157310 2531.1
1157320 2527.3
1157330 2524.2
1157340 2524.2
1157350 2521.6
1157360 2518.5
1157370 2518.5
1157380 2515.8
1157390 2513.4
1157400 2512.6
1157410 2512.6
1157420 2511.3
1157430 2511.1
1157440 2511.1
1157450 2509.9
1157460 2508.3
1157470 2508.3
1157480 2506.6
1157490 2504.4
1157500 2504.4
1157510 2502.0
1157520 2499.1
1157530 2499.1
1157540 2494.6
1157550 2490.1
1157560 2490.1
1157570 2489.3
1157580 2489.7
1157590 2489.7
1157600 2490.6
1157610 2486.0
1157620 2484.9
1157630 2484.9
1157640 2484.4
1157650 2483.8
1157660 2483.8
1157670 2482.5
1157680 2480.1
1157690 2480.1
1157700 2475.6
1157710 2467.9
1157720 2467.9
1157730 2463.0
1157740 2463.1
1157750 2463.1
1157760 2464.3
1157770 2467.7
1157780 2467.7
1157790 2469.5
1157800 2468.7
1157810 2467.0
1157820 2467.0
1157830 2465.8
1157840 2466.2
1157850 2466.2
1157860 2467.5
1157870 2468.4
1157880 2468.4
1157890 2470.1
1157900 2471.0
1157910 2471.0
1157920 2469.7
1157930 2467.0
1157940 2467.0
1157950 2466.9
1157960 2468.9
1157970 2468.9
1157980 2470.0
1157990 2470.8
1158000 2467.9
1158010 2469.0
1158020 2470.1
1158030 2471.8
1158040 2471.8
1158050 2472.9
1158060 2475.5
1158070 2475.5
1158080 2477.7
1158090 2477.9
1158100 2477.9
1158110 2477.3
1158120 2476.4
1158130 2476.4
1158140 2476.8
1158150 2478.4
1158160 2478.4
1158170 2479.7
1158180 2480.9
1158190 2480.9
1158200 2481.9
1158210 2482.3
1158220 2482.3
1158230 2482.2
1158240 2482.8
1158250 2483.3
1158260 2483.3
1158270 2483.8
1158280 2484.6
1158290 2484.6
1158300 2487.3
1158310 2490.0
1158320 2490.0
1158330 2492.5
1158340 2495.2
1158350 2495.2
1158360 2498.5
1158370 2502.1
1158380 2498.2
1158390 2501.9
1158400 2505.2
1158410 2505.2
1158420 2508.1
1158430 2511.2
1158440 2515.5
1158450 2515.5
1158460 2519.8
1158470 2523.8
1158480 2523.8
1158490 2528.1
1158500 2532.1
1158510 2532.1
1158520 2537.7
1158530 2544.3
1158540 2544.3
1158550 2549.6
1158560 2551.4
1158570 2551.4
1158580 2555.2
1158590 2562.5
1158600 2562.5
1158610 2569.9
1158620 2576.4
1158630 2576.4
1158640 2582.2
1158650 2587.6
1158660 2592.7
1158670 2592.7
1158680 2597.9
1158690 2602.6
1158700 2602.6
1158710 2607.8
1158720 2611.4
1158730 2611.4
1158740 2612.7
1158750 2616.2
1158760 2616.2
1158770 2616.8
1158780 2620.7
1158790 2620.7
1158800 2616.5
1158810 2609.7
1158820 2609.7
1158830 2602.7
1158840 2596.1
1158850 2590.0
1158860 2590.0
1158870 2583.1
1158880 2576.2
1158890 2576.2
1158900 2569.3
1158910 2564.5
1158920 2564.5
1158930 2561.1
1158940 2558.0
1158950 2558.0
1158960 2555.9
1158970 2553.7
1158980 2553.7
1158990 2551.6
1159000 2549.9
1159010 2549.9
1159020 2548.0
1159030 2546.9
1159040 2546.9
1159050 2545.7
1159060 2544.2
1159070 2543.0
1159080 2543.0
1159090 2540.8
1159100 2537.2
1159110 2537.2
1159120 2533.8
1159130 2530.3
1159140 2530.3
1159150 2526.4
1159160 2517.7
1159170 2517.7
1159180 2512.1
1159190 2506.8
1159200 2506.8
1159210 2501.3
1159220 2496.2
1159230 2496.2
1159240 2491.4
1159250 2486.4
1159260 2486.4
1159270 2482.1
1159280 2478.6
1159290 2475.7
1159300 2475.7
1159310 2472.6
1159320 2469.4
1159330 2469.4
1159340 2466.7
1159350 2464.3
1159360 2464.3
1159370 2462.1
1159380 2459.3
1159390 2459.3
1159400 2457.1
1159410 2455.7
1159420 2455.7
1159430 2453.8
1159440 2451.9
1159450 2451.9
1159460 2450.8
1159470 2449.4
1159480 2447.5
1159490 2447.5
1159500 2445.1
1159510 2442.6
1159520 2442.6
1159530 2439.9
1159540 2437.3
1159550 2437.2
1159560 2434.7
1159570 2433.0
1159580 2433.0
1159590 2431.2
1159600 2430.0
1159610 2430.0
1159620 2429.1
1159630 2427.4
1159640 2427.4
1159650 2424.8
1159660 2422.7
1159670 2422.7
1159680 2421.1
1159690 2419.8
1159700 2418.5
1159710 2418.5
1159720 2417.0
1159730 2415.9
1159740 2415.9
1159750 2414.9
1159760 2413.4
1159770 2413.4
1159780 2411.7
1159790 2409.5
1159800 2409.5
1159810 2406.6
1159820 2403.2
1159830 2403.2
1159840 2399.4
1159850 2395.1
1159860 2395.1
1159870 2391.5
1159880 2388.8
1159890 2388.8
1159900 2386.4
1159910 2384.5
1159920 2382.3
1159930 2382.3
1159940 2379.9
1159950 2378.6
1159960 2378.6
1159970 2376.9
1159980 2373.6
1159990 2373.6
