1140000 2008.4
1140010 2014.0
1140020 2019.4
1140030 2019.4
1140040 2025.1
1140050 2031.2
1140060 2036.9
1140070 2036.9
1140080 2043.0
1140090 2048.6
1140100 2048.6
1140110 2055.2
1140120 2061.9
1140130 2061.9
1140140 2068.5
1140150 2074.7
1140160 2074.7
1140170 2081.2
1140180 2088.2
1140190 2088.2
1140200 2096.3
1140210 2105.7
1140220 2105.7
1140230 2114.3
1140240 2121.8
1140250 2128.7
1140260 2128.7
1140270 2136.2
1140280 2144.2
1140290 2144.2
1140300 2151.8
1140310 2159.6
1140320 2159.6
1140330 2169.0
1140340 2179.4
1140350 2179.4
1140360 2190.1
1140370 2198.5
1140380 2198.5
1140390 2205.2
1140400 2211.3
1140410 2211.3
1140420 2219.4
1140430 2227.3
1140440 2227.3
1140450 2234.1
1140460 2240.3
1140470 2244.9
1140480 2244.9
1140490 2248.1
1140500 2250.9
1140510 2250.9
1140520 2254.5
1140530 2259.1
1140540 2259.1
1140550 2261.3
1140560 2264.2
1140570 2264.2
1140580 2262.7
1140590 2261.0
1140600 2261.0
1140610 2260.7
1140620 2260.9
1140630 2260.9
1140640 2260.4
1140650 2260.6
1140660 2260.6
1140670 2261.7
1140680 2263.2
1140690 2264.3
1140700 2264.3
1140710 2265.9
1140720 2267.7
1140730 2267.7
1140740 2269.0
1140750 2269.7
1140760 2269.7
1140770 2269.4
1140780 2268.7
1140790 2268.7
1140800 2267.4
1140810 2265.7
1140820 2265.7
1140830 2263.8
1140840 2261.6
1140850 2261.6
1140860 2257.9
1140870 2252.8
1140880 2252.8
1140890 2246.4
1140900 2238.6
1140910 2230.8
1140920 2231.5
1140930 2225.7
1140940 2219.3
1140950 2219.3
1140960 2211.1
1140970 2201.2
1140980 2201.2
1140990 2190.7
1141000 2180.0
1141010 2180.0
1141020 2170.1
1141030 2159.5
1141040 2159.5
1141050 2147.9
1141060 2133.7
1141070 2133.7
1141080 2120.4
1141090 2107.1
1141100 2099.5
1141110 2099.5
1141120 2098.1
1141130 2098.6
1141140 2098.6
1141150 2097.6
1141160 2090.9
1141170 2090.9
1141180 2082.1
1141190 2078.0
1141200 2078.0
1141210 2061.7
1141220 2054.9
1141230 2054.9
1141240 2052.8
1141250 2047.0
1141260 2047.0
1141270 2042.7
1141280 2038.5
1141290 2021.7
1141300 2019.5
1141310 2011.9
1141320 1999.3
1141330 1999.3
1141340 2003.8
1141350 2000.4
1141360 2000.4
1141370 1992.6
1141380 1989.0
1141390 1989.0
1141400 1973.2
1141410 1969.1
1141420 1969.1
1141430 1962.6
1141440 1953.6
1141450 1953.6
1141460 1946.4
1141470 1942.8
1141480 1942.8
1141490 1941.5
1141500 1930.7
1141510 1930.7
1141520 1915.9
1141530 1909.4
1141540 1903.7
1141550 1903.7
1141560 1890.8
1141570 1878.6
1141580 1878.6
1141590 1866.4
1141600 1851.9
1141610 1851.9
1141620 1838.5
1141630 1828.4
1141640 1828.4
1141650 1833.4
1141660 1829.8
1141670 1829.8
1141680 1823.7
1141690 1825.7
1141700 1825.7
1141710 1828.3
1141720 1824.9
1141730 1819.0
1141740 1819.0
1141750 1815.1
1141760 1819.5
1141770 1819.5
1141780 1822.9
1141790 1823.5
1141800 1823.5
1141810 1824.8
1141820 1827.9
1141830 1827.9
1141840 1832.5
1141850 1838.2
1141860 1838.2
1141870 1843.7
1141880 1847.4
1141890 1847.4
1141900 1850.9
1141910 1850.3
1141920 1850.3
1141930 1848.2
1141940 1844.9
1141950 1842.2
1141960 1842.2
1141970 1838.6
1141980 1834.3
1141990 1834.3
1142000 1829.7
1142010 1825.3
1142020 1825.3
1142030 1813.7
1142040 1809.0
1142050 1809.0
1142060 1804.0
1142070 1799.7
1142080 1799.7
1142090 1796.2
1142100 1793.0
1142110 1793.0
1142120 1789.7
1142130 1786.5
1142140 1786.5
1142150 1783.5
1142160 1779.4
1142170 1773.5
1142180 1773.5
1142190 1767.3
1142200 1762.2
1142210 1762.2
1142220 1754.5
1142230 1752.2
1142240 1752.2
1142250 1751.8
1142260 1752.8
1142270 1752.8
1142280 1754.2
1142290 1752.9
1142300 1752.9
1142310 1749.6
1142320 1747.5
1142330 1747.5
1142340 1745.1
1142350 1741.6
1142360 1741.6
1142370 1736.4
1142380 1732.3
1142390 1729.4
1142400 1720.6
1142410 1708.0
1142420 1694.4
1142430 1694.4
1142440 1686.2
1142450 1679.2
1142460 1679.2
1142470 1672.3
1142480 1666.6
1142490 1666.6
1142500 1661.0
1142510 1654.7
1142520 1654.7
1142530 1648.7
1142540 1641.4
1142550 1641.4
1142560 1634.1
1142570 1627.2
1142580 1620.9
1142590 1620.9
1142600 1614.7
1142610 1608.7
1142620 1608.7
1142630 1603.0
1142640 1598.1
1142650 1598.1
1142660 1589.8
1142670 1581.6
1142680 1581.6
1142690 1576.6
1142700 1571.0
1142710 1571.0
1142720 1566.2
1142730 1560.3
1142740 1560.3
1142750 1554.7
1142760 1550.3
1142770 1546.1
1142780 1542.0
1142790 1538.1
1142800 1535.4
1142810 1535.4
1142820 1532.9
1142830 1531.0
1142840 1531.0
1142850 1529.3
1142860 1526.8
1142870 1526.8
1142880 1524.2
1142890 1521.4
1142900 1521.4
1142910 1518.3
1142920 1515.1
1142930 1515.1
1142940 1511.8
1142950 1508.1
1142960 1508.1
1142970 1504.2
1142980 1500.5
1142990 1500.5
1143000 1497.2
1143010 1494.5
1143020 1492.7
1143030 1492.7
1143040 1489.6
1143050 1485.6
1143060 1485.6
1143070 1481.6
1143080 1477.6
1143090 1477.6
1143100 1473.3
1143110 1468.8
1143120 1468.8
1143130 1464.4
1143140 1459.4
1143150 1459.4
1143160 1454.9
1143170 1450.6
1143180 1450.6
1143190 1446.6
1143200 1442.7
1143210 1438.8
1143220 1438.8
1143230 1435.2
1143240 1431.3
1143250 1431.3
1143260 1427.6
1143270 1423.8
1143280 1423.8
1143290 1419.7
1143300 1415.2
1143310 1415.2
1143320 1411.1
1143330 1407.5
1143340 1407.5
1143350 1403.5
1143360 1400.8
1143370 1400.8
1143380 1397.1
1143390 1391.5
1143400 1391.5
1143410 1385.9
1143420 1381.7
1143430 1379.5
1143440 1379.5
1143450 1378.1
1143460 1377.4
1143470 1377.4
1143480 1377.2
1143490 1377.1
1143500 1377.1
1143510 1375.5
1143520 1373.9
1143530 1373.9
1143540 1374.1
1143550 1374.8
1143560 1374.8
1143570 1375.0
1143580 1374.8
1143590 1374.8
1143600 1374.6
1143610 1374.5
1143620 1374.5
1143630 1374.4
1143640 1374.4
1143650 1374.3
1143660 1374.3
1143670 1374.1
1143680 1373.8
1143690 1373.8
1143700 1373.5
1143710 1373.1
1143720 1373.1
1143730 1372.7
1143740 1372.5
1143750 1372.5
1143760 1372.5
1143770 1372.5
1143780 1372.5
1143790 1372.6
1143800 1372.6
1143810 1372.6
1143820 1372.9
1143830 1373.7
1143840 1373.2
1143850 1373.2
1143860 1373.5
1143870 1377.7
1143880 1380.6
1143890 1384.7
1143900 1388.6
1143910 1388.6
1143920 1391.6
1143930 1393.9
1143940 1393.9
1143950 1395.9
1143960 1398.4
1143970 1398.4
1143980 1401.2
1143990 1403.5
1144000 1403.5
1144010 1405.7
1144020 1408.3
1144030 1408.3
1144040 1409.8
1144050 1411.2
1144060 1413.1
1144070 1413.1
1144080 1415.1
1144090 1417.0
1144100 1417.0
1144110 1418.6
1144120 1420.4
1144130 1420.4
1144140 1422.4
1144150 1424.8
1144160 1424.8
1144170 1427.2
1144180 1429.3
1144190 1429.3
1144200 1430.3
1144210 1432.1
1144220 1432.1
1144230 1434.0
1144240 1435.8
1144250 1439.5
1144260 1441.2
1144270 1443.0
1144280 1444.7
1144290 1444.7
1144300 1446.0
1144310 1447.8
1144320 1447.8
1144330 1449.1
1144340 1450.9
1144350 1450.9
1144360 1452.3
1144370 1453.2
1144380 1453.2
1144390 1454.4
1144400 1455.6
1144410 1455.6
1144420 1459.2
1144430 1463.6
1144440 1463.6
1144450 1467.9
1144460 1471.5
1144470 1471.5
1144480 1474.8
1144490 1481.1
1144500 1487.4
1144510 1487.4
1144520 1492.5
1144530 1495.9
1144540 1495.9
1144550 1500.3
1144560 1506.2
1144570 1506.2
1144580 1512.0
1144590 1517.0
1144600 1517.0
1144610 1522.5
1144620 1538.3
1144630 1538.3
1144640 1543.1
1144650 1548.3
1144660 1548.3
1144670 1553.5
1144680 1558.6
1144690 1561.9
1144700 1561.9
1144710 1556.9
1144720 1557.4
1144730 1557.4
1144740 1569.5
1144750 1581.3
1144760 1581.3
1144770 1586.6
1144780 1597.6
1144790 1597.6
1144800 1611.8
1144810 1620.1
1144820 1620.1
1144830 1628.6
1144840 1636.9
1144850 1636.9
1144860 1649.1
1144870 1658.6
1144880 1658.6
1144890 1654.7
1144900 1648.5
1144910 1636.7
1144920 1636.7
1144930 1633.4
1144940 1642.6
1144950 1642.6
1144960 1655.1
1144970 1658.6
1144980 1658.6
1144990 1657.1
1145000 1669.1
1145010 1669.1
1145020 1672.3
1145030 1678.4
1145040 1678.4
1145050 1683.7
1145060 1686.9
1145070 1686.9
1145080 1675.2
1145090 1670.9
1145100 1670.9
1145110 1679.2
1145120 1684.4
1145130 1686.7
1145140 1686.7
1145150 1688.7
1145160 1691.3
1145170 1691.3
1145180 1694.5
1145190 1697.8
1145200 1697.8
1145210 1700.9
1145220 1706.7
1145230 1706.7
1145240 1713.7
1145250 1719.9
1145260 1719.9
1145270 1724.3
1145280 1728.0
1145290 1728.0
1145300 1732.7
1145310 1737.0
1145320 1739.3
1145330 1739.3
1145340 1741.0
1145350 1746.1
1145360 1746.1
1145370 1774.9
1145380 1791.7
1145390 1791.7
1145400 1806.6
1145410 1806.2
1145420 1806.2
1145430 1810.2
1145440 1822.9
1145450 1822.9
1145460 1809.1
1145470 1783.5
1145480 1783.5
1145490 1784.1
1145500 1792.6
1145510 1792.6
1145520 1807.6
1145530 1818.2
1145540 1831.9
1145550 1831.9
1145560 1840.6
1145570 1845.8
1145580 1845.8
1145590 1849.4
1145600 1853.5
1145610 1853.5
1145620 1857.2
1145630 1858.1
1145640 1858.1
1145650 1858.8
1145660 1860.2
1145670 1860.2
1145680 1860.4
1145690 1860.1
1145700 1860.1
1145710 1864.6
1145720 1870.3
1145730 1870.3
1145740 1877.8
1145750 1877.8
1145760 1880.3
1145770 1880.3
1145780 1882.2
1145790 1882.5
1145800 1882.5
1145810 1881.8
1145820 1880.7
1145830 1880.7
1145840 1878.5
1145850 1874.8
1145860 1874.8
1145870 1870.2
1145880 1865.0
1145890 1865.0
1145900 1861.3
1145910 1856.5
1145920 1856.5
1145930 1850.9
1145940 1849.1
1145950 1849.1
1145960 1846.6
1145970 1842.2
1145980 1837.0
1145990 1837.0
1146000 1831.8
1146010 1826.4
1146020 1826.4
1146030 1820.6
1146040 1816.0
1146050 1816.0
1146060 1810.8
1146070 1804.2
1146080 1804.2
1146090 1799.2
1146100 1794.8
1146110 1794.8
1146120 1800.9
1146130 1802.2
1146140 1802.2
1146150 1803.1
1146160 1802.2
1146170 1800.4
1146180 1800.4
1146190 1800.2
1146200 1799.6
1146210 1799.6
1146220 1796.9
1146230 1792.6
1146240 1792.6
1146250 1785.9
1146260 1776.0
1146270 1776.0
1146280 1768.3
1146290 1762.0
1146300 1762.0
1146310 1749.2
1146320 1739.2
1146330 1739.2
1146340 1729.9
1146350 1719.5
1146360 1719.5
1146370 1711.2
1146380 1701.5
1146390 1687.3
1146400 1687.3
1146410 1662.7
1146420 1648.4
1146430 1648.4
1146440 1639.0
1146450 1628.8
1146460 1628.8
1146470 1620.6
1146480 1612.2
1146490 1618.3
1146500 1607.4
1146510 1599.1
1146520 1599.1
1146530 1592.3
1146540 1580.7
1146550 1580.7
1146560 1571.9
1146570 1564.7
1146580 1564.7
1146590 1559.2
1146600 1552.6
1146610 1548.5
1146620 1548.5
1146630 1545.1
1146640 1540.8
1146650 1540.8
1146660 1539.9
1146670 1544.7
1146680 1544.7
1146690 1552.2
1146700 1559.1
1146710 1559.1
1146720 1564.6
1146730 1570.6
1146740 1570.6
1146750 1574.0
1146760 1579.2
1146770 1579.2
1146780 1585.4
1146790 1591.1
1146800 1594.5
1146810 1594.5
1146820 1598.9
1146830 1604.8
1146840 1604.8
1146850 1611.1
1146860 1617.7
1146870 1620.4
1146880 1626.2
1146890 1629.7
1146900 1629.7
1146910 1631.7
1146920 1633.3
1146930 1633.3
1146940 1635.4
1146950 1637.5
1146960 1637.5
1146970 1639.7
1146980 1641.6
1146990 1641.6
1147000 1643.7
1147010 1646.9
1147020 1651.5
1147030 1651.5
1147040 1655.8
1147050 1659.7
1147060 1659.7
1147070 1664.5
1147080 1670.1
1147090 1670.1
1147100 1677.3
1147110 1685.6
1147120 1685.6
1147130 1693.6
1147140 1701.2
1147150 1701.2
1147160 1707.8
1147170 1714.7
1147180 1714.7
1147190 1722.5
1147200 1733.2
1147210 1733.2
1147220 1739.7
1147230 1746.3
1147240 1757.6
1147250 1757.6
1147260 1766.8
1147270 1784.5
1147280 1784.5
1147290 1791.3
1147300 1798.8
1147310 1798.8
1147320 1810.4
1147330 1819.3
1147340 1819.3
1147350 1826.4
1147360 1828.1
1147370 1828.1
1147380 1828.7
1147390 1836.5
1147400 1836.5
1147410 1846.7
1147420 1852.6
1147430 1852.6
1147440 1856.9
1147450 1861.0
1147460 1864.9
1147470 1864.9
1147480 1872.8
1147490 1882.1
1147500 1882.1
1147510 1890.1
1147520 1897.9
1147530 1897.9
1147540 1900.7
1147550 1899.0
1147560 1899.0
1147570 1900.5
1147580 1906.4
1147590 1906.4
1147600 1914.5
1147610 1921.0
1147620 1919.0
1147630 1921.5
1147640 1925.7
1147650 1931.7
1147660 1931.7
1147670 1937.6
1147680 1943.2
1147690 1943.2
1147700 1947.9
1147710 1953.6
1147720 1953.6
1147730 1958.4
1147740 1960.3
1147750 1960.3
1147760 1960.9
1147770 1961.8
1147780 1961.8
1147790 1966.1
1147800 1974.5
1147810 1974.5
1147820 1982.6
1147830 1989.3
1147840 1989.3
1147850 1993.2
1147860 1996.0
1147870 1999.4
1147880 1999.4
1147890 2002.8
1147900 2006.5
1147910 2006.5
1147920 2009.6
1147930 2013.7
1147940 2013.7
1147950 2018.1
1147960 2022.8
1147970 2022.8
1147980 2027.8
1147990 2034.4
1148000 2034.4
1148010 2038.6
1148020 2041.9
1148030 2041.9
1148040 2045.3
1148050 2049.0
1148060 2049.0
1148070 2052.4
1148080 2055.7
1148090 2059.0
1148100 2059.0
1148110 2061.7
1148120 2063.7
1148130 2063.7
1148140 2065.7
1148150 2068.2
1148160 2068.2
1148170 2071.4
1148180 2074.9
1148190 2074.9
1148200 2078.7
1148210 2084.1
1148220 2084.1
1148230 2090.3
1148240 2097.4
1148250 2097.4
1148260 2105.2
1148270 2109.0
1148280 2113.0
1148290 2113.0
1148300 2119.9
1148310 2127.4
1148320 2127.4
1148330 2133.9
1148340 2140.6
1148350 2140.6
1148360 2147.1
1148370 2147.5
1148380 2147.5
1148390 2151.9
1148400 2156.8
1148410 2156.8
1148420 2162.4
1148430 2168.7
1148440 2168.7
1148450 2175.5
1148460 2182.3
1148470 2182.3
1148480 2188.8
1148490 2193.2
1148500 2194.6
1148510 2194.6
1148520 2196.7
1148530 2199.0
1148540 2199.0
1148550 2200.6
1148560 2199.9
1148570 2199.9
1148580 2197.3
1148590 2194.2
1148600 2194.2
1148610 2190.7
1148620 2186.0
1148630 2186.0
1148640 2182.8
1148650 2179.9
1148660 2179.9
1148670 2176.9
1148680 2174.5
1148690 2174.5
1148700 2173.0
1148710 2173.8
1148720 2174.4
1148730 2174.4
1148740 2174.2
1148750 2179.0
1148760 2179.0
1148770 2177.7
1148780 2174.9
1148790 2174.9
1148800 2170.4
1148810 2162.1
1148820 2162.1
1148830 2148.4
1148840 2140.8
1148850 2140.8
1148860 2136.2
1148870 2132.1
1148880 2132.1
1148890 2128.6
1148900 2125.3
1148910 2122.0
1148920 2122.0
1148930 2119.2
1148940 2116.9
1148950 2116.9
1148960 2114.3
1148970 2112.4
1148980 2112.4
1148990 2111.5
1149000 2109.1
1149010 2109.1
1149020 2108.7
1149030 2109.0
1149040 2109.0
1149050 2108.7
1149060 2106.4
1149070 2106.4
1149080 2104.7
1149090 2106.5
1149100 2106.5
1149110 2108.8
1149120 2116.2
1149130 2116.8
1149140 2116.8
1149150 2117.3
1149160 2117.7
1149170 2117.7
1149180 2116.1
1149190 2113.2
1149200 2113.2
1149210 2111.9
1149220 2112.6
1149230 2112.6
1149240 2114.8
1149250 2117.6
1149260 2117.6
1149270 2120.5
1149280 2123.3
1149290 2123.3
1149300 2126.2
1149310 2129.0
1149320 2129.0
1149330 2131.9
1149340 2134.9
1149350 2138.0
1149360 2138.0
1149370 2141.2
1149380 2144.5
1149390 2144.5
1149400 2148.1
1149410 2151.8
1149420 2151.8
1149430 2155.7
1149440 2160.1
1149450 2160.1
1149460 2164.5
1149470 2168.6
1149480 2168.6
1149490 2172.5
1149500 2176.4
1149510 2176.4
1149520 2180.1
1149530 2183.7
1149540 2183.7
1149550 2187.2
1149560 2190.6
1149570 2194.0
1149580 2194.0
1149590 2197.5
1149600 2201.1
1149610 2201.1
1149620 2204.7
1149630 2208.6
1149640 2208.6
1149650 2213.0
1149660 2217.8
1149670 2217.8
1149680 2222.9
1149690 2228.2
1149700 2228.2
1149710 2233.4
1149720 2238.1
1149730 2238.1
1149740 2243.1
1149750 2248.1
1149760 2253.1
1149770 2253.1
1149780 2258.2
1149790 2263.3
1149800 2263.3
1149810 2268.4
1149820 2273.4
1149830 2273.4
1149840 2278.4
1149850 2283.5
1149860 2283.5
1149870 2288.7
1149880 2292.3
1149890 2292.3
1149900 2297.1
1149910 2301.6
1149920 2301.6
1149930 2306.4
1149940 2311.0
1149950 2311.0
1149960 2315.6
1149970 2320.1
1149980 2324.5
1149990 2324.5
1150000 2328.8
1150010 2333.2
1150020 2333.2
1150030 2337.5
1150040 2341.6
1150050 2341.6
1150060 2345.1
1150070 2348.4
1150080 2348.4
1150090 2351.2
1150100 2355.1
1150110 2355.1
1150120 2359.7
1150130 2365.2
1150140 2365.2
1150150 2371.2
1150160 2377.7
1150170 2377.7
1150180 2384.3
1150190 2391.0
1150200 2398.2
1150210 2398.2
1150220 2405.7
1150230 2412.5
1150240 2412.5
1150250 2417.6
1150260 2418.6
1150270 2418.6
1150280 2425.2
1150290 2431.8
1150300 2431.8
1150310 2436.8
1150320 2442.8
1150330 2442.8
1150340 2450.3
1150350 2458.3
1150360 2458.3
1150370 2466.8
1150380 2476.7
1150390 2485.9
1150400 2485.9
1150410 2495.3
1150420 2504.0
1150430 2504.0
1150440 2512.0
1150450 2520.9
1150460 2520.9
1150470 2528.6
1150480 2534.6
1150490 2534.6
1150500 2540.7
1150510 2547.6
1150520 2547.6
1150530 2554.5
1150540 2561.8
1150550 2561.8
1150560 2569.2
1150570 2576.6
1150580 2576.6
1150590 2584.0
1150600 2591.6
1150610 2599.6
1150620 2599.6
1150630 2607.5
1150640 2613.7
1150650 2613.7
1150660 2621.1
1150670 2627.3
1150680 2627.3
1150690 2634.3
1150700 2642.3
1150710 2642.3
1150720 2650.4
1150730 2657.3
1150740 2657.3
1150750 2664.4
1150760 2671.4
1150770 2671.4
1150780 2678.9
1150790 2687.0
1150800 2687.0
1150810 2695.5
1150820 2703.9
1150830 2712.7
1150840 2712.7
1150850 2721.7
1150860 2730.4
1150870 2730.4
1150880 2738.4
1150890 2746.6
1150900 2746.6
1150910 2755.0
1150920 2763.0
1150930 2763.0
1150940 2770.4
1150950 2778.8
1150960 2778.8
1150970 2786.2
1150980 2793.3
1150990 2793.3
1151000 2801.7
1151010 2809.2
1151020 2813.5
1151030 2813.5
1151040 2821.2
1151050 2829.6
1151060 2829.6
1151070 2837.5
1151080 2845.0
1151090 2845.0
1151100 2851.9
1151110 2856.1
1151120 2856.1
1151130 2853.6
1151140 2850.0
1151150 2850.0
1151160 2844.6
1151170 2842.3
1151180 2842.3
1151190 2843.2
1151200 2843.6
1151210 2843.6
1151220 2839.9
1151230 2834.4
1151240 2829.4
1151250 2829.4
1151260 2825.9
1151270 2821.5
1151280 2821.5
1151290 2817.6
1151300 2815.6
1151310 2815.6
1151320 2812.6
1151330 2810.7
1151340 2810.7
1151350 2810.3
1151360 2810.9
1151370 2810.9
1151380 2813.3
1151390 2817.2
1151400 2812.9
1151410 2818.2
1151420 2824.4
1151430 2824.4
1151440 2832.1
1151450 2840.2
1151460 2848.1
1151470 2848.1
1151480 2855.5
1151490 2861.8
1151500 2861.8
1151510 2865.4
1151520 2870.1
1151530 2870.1
1151540 2876.0
1151550 2881.3
1151560 2881.3
1151570 2886.9
1151580 2891.6
1151590 2891.6
1151600 2895.4
1151610 2902.9
1151620 2902.9
1151630 2911.0
1151640 2919.3
1151650 2919.3
1151660 2927.9
1151670 2932.9
1151680 2940.2
1151690 2940.2
1151700 2950.2
1151710 2958.4
1151720 2958.4
1151730 2959.6
1151740 2961.3
1151750 2961.3
1151760 2968.6
1151770 2965.5
1151780 2975.6
1151790 2977.8
1151800 2974.1
1151810 2974.1
1151820 2972.8
1151830 2968.6
1151840 2968.6
1151850 2969.9
1151860 2977.4
1151870 2981.5
1151880 2981.5
1151890 2966.5
1151900 2961.5
1151910 2961.5
1151920 2966.3
1151930 2968.4
1151940 2968.4
1151950 2963.7
1151960 2960.4
1151970 2960.4
1151980 2967.9
1151990 2974.1
1152000 2974.1
1152010 2977.1
1152020 2986.0
1152030 2986.0
1152040 2994.1
1152050 2993.4
1152060 2993.4
1152070 2980.5
1152080 2971.4
1152090 2973.6
1152100 2973.6
1152110 2981.1
1152120 2987.2
1152130 2987.2
1152140 2981.5
1152150 2966.2
1152160 2970.2
1152170 2955.9
1152180 2936.1
1152190 2936.1
1152200 2920.9
1152210 2911.9
1152220 2911.9
1152230 2906.4
1152240 2900.5
1152250 2900.5
1152260 2895.1
1152270 2889.2
1152280 2889.2
1152290 2883.0
1152300 2877.4
1152310 2871.9
1152320 2871.9
1152330 2866.3
1152340 2860.4
1152350 2860.4
1152360 2853.8
1152370 2846.5
1152380 2846.5
1152390 2837.9
1152400 2829.6
1152410 2829.6
1152420 2823.5
1152430 2816.8
1152440 2816.8
1152450 2811.5
1152460 2803.5
1152470 2803.5
1152480 2796.1
1152490 2790.7
1152500 2784.7
1152510 2784.7
1152520 2780.4
1152530 2775.4
1152540 2775.1
1152550 2767.5
1152560 2756.1
1152570 2756.1
1152580 2743.8
1152590 2735.9
1152600 2735.9
1152610 2731.6
1152620 2726.7
1152630 2726.7
1152640 2720.2
1152650 2714.9
1152660 2714.9
1152670 2710.9
1152680 2706.6
1152690 2706.6
1152700 2701.1
1152710 2694.8
1152720 2687.6
1152730 2687.6
1152740 2683.3
1152750 2674.5
1152760 2674.5
1152770 2663.1
1152780 2653.7
1152790 2653.7
1152800 2646.4
1152810 2639.9
1152820 2639.9
1152830 2636.6
1152840 2634.7
1152850 2634.7
1152860 2630.7
1152870 2623.8
1152880 2623.8
1152890 2616.1
1152900 2607.7
1152910 2607.7
1152920 2586.5
1152930 2578.9
1152940 2570.8
1152950 2570.8
1152960 2561.9
1152970 2554.1
1152980 2554.1
1152990 2548.9
1153000 2543.6
1153010 2543.6
1153020 2536.4
1153030 2530.4
1153040 2530.4
1153050 2527.1
1153060 2525.0
1153070 2525.0
1153080 2521.1
1153090 2518.9
1153100 2518.9
1153110 2517.3
1153120 2514.9
1153130 2513.2
1153140 2513.2
1153150 2511.3
1153160 2508.8
1153170 2508.8
1153180 2505.8
1153190 2502.4
1153200 2502.4
1153210 2495.6
1153220 2488.3
1153230 2488.3
1153240 2481.1
1153250 2474.7
1153260 2474.7
1153270 2470.9
1153280 2468.8
1153290 2468.8
1153300 2466.4
1153310 2466.4
1153320 2466.4
1153330 2467.0
1153340 2467.7
1153350 2467.0
1153360 2467.0
1153370 2466.1
1153380 2465.4
1153390 2465.4
1153400 2464.6
1153410 2463.9
1153420 2463.9
1153430 2463.3
1153440 2462.7
1153450 2462.7
1153460 2459.9
1153470 2455.4
1153480 2455.4
1153490 2453.7
1153500 2453.8
1153510 2453.8
1153520 2454.0
1153530 2453.1
1153540 2453.1
1153550 2452.1
1153560 2452.7
1153570 2451.9
1153580 2451.9
1153590 2449.9
1153600 2448.5
1153610 2448.5
1153620 2447.4
1153630 2446.1
1153640 2446.1
1153650 2444.9
1153660 2444.5
1153670 2444.5
1153680 2445.1
1153690 2447.6
1153700 2447.6
1153710 2447.5
1153720 2446.9
1153730 2446.9
1153740 2445.7
1153750 2444.6
1153760 2443.0
1153770 2443.0
1153780 2441.4
1153790 2439.3
1153800 2439.3
1153810 2435.9
1153820 2430.7
1153830 2430.7
1153840 2424.8
1153850 2419.9
1153860 2419.9
1153870 2416.0
1153880 2412.8
1153890 2412.8
1153900 2409.9
1153910 2407.7
1153920 2407.7
1153930 2406.4
1153940 2404.8
1153950 2404.8
1153960 2401.9
1153970 2398.0
1153980 2394.1
1153990 2394.1
1154000 2390.3
1154010 2385.7
1154020 2385.7
1154030 2380.3
1154040 2374.4
1154050 2374.4
1154060 2369.2
1154070 2367.9
1154080 2367.9
1154090 2364.1
1154100 2359.9
1154110 2359.9
1154120 2355.6
1154130 2349.1
1154140 2349.1
1154150 2341.4
1154160 2335.1
1154170 2335.1
1154180 2329.4
1154190 2326.0
1154200 2323.9
1154210 2323.9
1154220 2322.1
1154230 2319.5
1154240 2319.5
1154250 2316.9
1154260 2314.4
1154270 2314.4
1154280 2311.8
1154290 2309.4
1154300 2309.4
1154310 2307.4
1154320 2305.4
1154330 2305.4
1154340 2303.1
1154350 2300.8
1154360 2300.8
1154370 2298.5
1154380 2296.3
1154390 2296.3
1154400 2294.3
1154410 2292.0
1154420 2290.2
1154430 2290.2
1154440 2289.1
1154450 2291.0
1154460 2291.0
1154470 2292.6
1154480 2294.4
1154490 2294.4
1154500 2297.0
1154510 2300.3
1154520 2300.3
1154530 2304.3
1154540 2308.4
1154550 2308.4
1154560 2311.2
1154570 2313.8
1154580 2313.8
1154590 2316.3
1154600 2319.3
1154610 2322.8
1154620 2322.8
1154630 2326.6
1154640 2330.4
1154650 2330.4
1154660 2331.0
1154670 2330.6
1154680 2330.6
1154690 2331.7
1154700 2332.0
1154710 2332.0
1154720 2332.7
1154730 2332.6
1154740 2332.6
1154750 2332.6
1154760 2333.0
1154770 2333.0
1154780 2335.2
1154790 2337.1
1154800 2337.1
1154810 2338.7
1154820 2340.5
1154830 2342.5
1154840 2346.2
1154850 2350.4
1154860 2355.7
1154870 2355.7
1154880 2358.4
1154890 2357.3
1154900 2357.3
1154910 2361.0
1154920 2366.5
1154930 2366.5
1154940 2369.9
1154950 2373.9
1154960 2373.9
1154970 2376.8
1154980 2379.6
1154990 2379.6
1155000 2382.5
1155010 2384.3
1155020 2384.3
1155030 2385.8
1155040 2387.7
1155050 2390.6
1155060 2390.6
1155070 2393.7
1155080 2396.4
1155090 2396.4
1155100 2397.7
1155110 2399.8
1155120 2399.8
1155130 2401.7
1155140 2402.1
1155150 2402.1
1155160 2401.9
1155170 2402.3
1155180 2402.3
1155190 2404.2
1155200 2406.6
1155210 2406.6
1155220 2414.5
1155230 2416.8
1155240 2419.6
1155250 2419.6
1155260 2423.9
1155270 2425.6
1155280 2425.6
1155290 2426.9
1155300 2429.4
1155310 2429.4
1155320 2432.7
1155330 2435.7
1155340 2435.7
1155350 2438.5
1155360 2441.4
1155370 2441.4
1155380 2445.3
1155390 2450.4
1155400 2450.4
1155410 2456.4
1155420 2461.5
1155430 2461.5
1155440 2465.9
1155450 2470.1
1155460 2474.6
1155470 2474.6
1155480 2479.8
1155490 2485.5
1155500 2485.5
1155510 2491.3
1155520 2497.1
1155530 2497.1
1155540 2503.4
1155550 2510.3
1155560 2510.3
1155570 2518.9
1155580 2528.4
1155590 2528.4
1155600 2537.6
1155610 2542.2
1155620 2542.2
1155630 2550.9
1155640 2561.0
1155650 2561.0
1155660 2571.3
1155670 2581.0
1155680 2590.4
1155690 2590.4
1155700 2598.5
1155710 2605.5
1155720 2605.5
1155730 2609.2
1155740 2609.6
1155750 2609.6
1155760 2611.1
1155770 2610.4
1155780 2610.4
1155790 2610.0
1155800 2612.8
1155810 2612.8
1155820 2618.4
1155830 2621.4
1155840 2621.4
1155850 2622.5
1155860 2622.5
1155870 2624.8
1155880 2624.8
1155890 2628.7
1155900 2632.7
1155910 2632.7
1155920 2636.3
1155930 2639.6
1155940 2639.6
1155950 2643.4
1155960 2647.7
1155970 2647.7
1155980 2652.2
1155990 2655.4
1156000 2655.4
1156010 2660.3
1156020 2665.2
1156030 2665.2
1156040 2670.4
1156050 2675.5
1156060 2675.5
1156070 2680.7
1156080 2685.6
1156090 2690.3
1156100 2690.3
1156110 2695.1
1156120 2700.2
1156130 2700.2
1156140 2705.4
1156150 2710.7
1156160 2710.7
1156170 2716.2
1156180 2721.9
1156190 2721.9
1156200 2727.7
1156210 2733.3
1156220 2733.3
1156230 2738.8
1156240 2744.2
1156250 2744.2
1156260 2749.7
1156270 2755.4
1156280 2755.4
1156290 2761.5
1156300 2768.2
1156310 2774.9
1156320 2774.9
1156330 2781.4
1156340 2787.4
1156350 2787.4
1156360 2793.1
1156370 2798.9
1156380 2796.4
1156390 2803.4
1156400 2810.5
1156410 2810.5
1156420 2818.1
1156430 2825.7
1156440 2825.7
1156450 2834.0
1156460 2842.1
1156470 2842.1
1156480 2849.7
1156490 2859.5
1156500 2868.4
1156510 2868.4
1156520 2876.3
1156530 2884.9
1156540 2884.9
1156550 2893.3
1156560 2895.3
1156570 2895.3
1156580 2889.4
1156590 2883.1
1156600 2883.1
1156610 2876.3
1156620 2869.3
1156630 2869.3
1156640 2863.0
1156650 2857.0
1156660 2857.0
1156670 2850.2
1156680 2845.3
1156690 2845.3
1156700 2841.7
1156710 2836.2
1156720 2828.7
1156730 2828.7
1156740 2821.5
1156750 2817.6
1156760 2809.6
1156770 2803.0
1156780 2796.6
1156790 2796.6
1156800 2789.8
1156810 2783.6
1156820 2783.6
1156830 2778.1
1156840 2772.1
1156850 2772.1
1156860 2765.7
1156870 2759.6
1156880 2759.6
1156890 2753.2
1156900 2748.3
1156910 2748.3
1156920 2746.3
1156930 2743.0
1156940 2741.5
1156950 2741.5
1156960 2742.0
1156970 2741.4
1156980 2741.4
1156990 2739.3
1157000 2734.7
1157010 2734.7
1157020 2729.2
1157030 2722.8
1157040 2722.8
1157050 2717.9
1157060 2713.7
1157070 2713.7
1157080 2709.7
1157090 2705.8
1157100 2705.8
1157110 2702.2
1157120 2699.8
1157130 2699.8
1157140 2698.9
1157150 2695.8
1157160 2693.2
1157170 2693.2
1157180 2690.8
1157190 2689.0
1157200 2689.0
1157210 2687.1
1157220 2685.6
1157230 2685.6
1157240 2684.8
1157250 2683.1
1157260 2683.1
1157270 2683.1
1157280 2682.9
1157290 2682.9
1157300 2682.3
1157310 2681.0
1157320 2681.0
1157330 2679.5
1157340 2678.0
1157350 2675.9
1157360 2675.9
1157370 2675.9
1157380 2676.6
1157390 2676.6
1157400 2676.0
1157410 2673.9
1157420 2673.9
1157430 2671.5
1157440 2672.0
1157450 2672.0
1157460 2674.2
1157470 2678.5
1157480 2678.5
1157490 2681.6
1157500 2684.2
1157510 2684.2
1157520 2687.2
1157530 2690.3
1157540 2695.4
1157550 2697.7
1157560 2698.7
1157570 2699.8
1157580 2699.8
1157590 2701.3
1157600 2703.0
1157610 2703.0
1157620 2704.7
1157630 2706.7
1157640 2706.7
1157650 2709.7
1157660 2714.7
1157670 2714.7
1157680 2720.1
1157690 2718.2
1157700 2718.2
1157710 2712.3
1157720 2707.4
1157730 2707.4
1157740 2703.5
1157750 2699.7
1157760 2699.7
1157770 2695.6
1157780 2691.6
1157790 2688.2
1157800 2688.2
1157810 2684.4
1157820 2679.5
1157830 2679.5
1157840 2675.1
1157850 2671.8
1157860 2671.8
1157870 2668.8
1157880 2665.9
1157890 2665.9
1157900 2662.6
1157910 2660.1
1157920 2663.5
1157930 2661.4
1157940 2659.6
1157950 2659.6
1157960 2657.6
1157970 2658.5
1157980 2660.8
1157990 2660.8
1158000 2661.8
1158010 2662.2
1158020 2662.2
1158030 2662.0
1158040 2661.9
1158050 2661.9
1158060 2662.2
1158070 2662.7
1158080 2662.7
1158090 2662.9
1158100 2664.1
1158110 2664.1
1158120 2666.6
1158130 2669.2
1158140 2669.2
1158150 2673.0
1158160 2677.2
1158170 2677.2
1158180 2681.3
1158190 2685.4
1158200 2688.7
1158210 2688.7
1158220 2692.4
1158230 2696.6
1158240 2696.6
1158250 2701.4
1158260 2706.2
1158270 2706.2
1158280 2711.2
1158290 2714.7
1158300 2714.7
1158310 2721.6
1158320 2724.3
1158330 2724.3
1158340 2726.8
1158350 2728.6
1158360 2728.6
1158370 2728.2
1158380 2726.5
1158390 2726.5
1158400 2724.5
1158410 2721.8
1158420 2719.2
1158430 2719.2
1158440 2716.9
1158450 2714.9
1158460 2714.9
1158470 2712.3
1158480 2708.4
1158490 2708.4
1158500 2703.5
1158510 2699.4
1158520 2699.4
1158530 2694.5
1158540 2689.5
1158550 2689.5
1158560 2685.4
1158570 2682.5
1158580 2682.5
1158590 2680.1
1158600 2678.5
1158610 2678.9
1158620 2678.9
1158630 2680.2
1158640 2680.8
1158650 2680.8
1158660 2680.1
1158670 2679.7
1158680 2679.7
1158690 2679.5
1158700 2682.8
1158710 2682.8
1158720 2683.5
1158730 2683.7
1158740 2683.7
1158750 2680.2
1158760 2674.4
1158770 2674.4
1158780 2669.6
1158790 2663.4
1158800 2663.4
1158810 2656.2
1158820 2651.9
1158830 2646.9
1158840 2646.9
1158850 2643.2
1158860 2639.8
1158870 2639.8
1158880 2636.8
1158890 2632.8
1158900 2632.8
1158910 2625.8
1158920 2616.3
1158930 2616.3
1158940 2606.5
1158950 2597.4
1158960 2597.4
1158970 2591.1
1158980 2585.8
1158990 2585.8
1159000 2580.2
1159010 2575.3
1159020 2575.3
1159030 2571.0
1159040 2567.1
1159050 2563.9
1159060 2563.9
1159070 2561.2
1159080 2558.4
1159090 2551.4
1159100 2548.2
1159110 2544.3
1159120 2544.3
1159130 2540.7
1159140 2537.7
1159150 2537.7
1159160 2534.3
1159170 2530.2
1159180 2530.2
1159190 2526.3
1159200 2522.0
1159210 2522.0
1159220 2517.6
1159230 2513.5
1159240 2509.3
1159250 2509.3
1159260 2504.9
1159270 2501.2
1159280 2501.2
1159290 2498.7
1159300 2496.2
1159310 2496.2
1159320 2492.9
1159330 2489.3
1159340 2489.3
1159350 2485.0
1159360 2480.5
1159370 2480.5
1159380 2475.9
1159390 2471.6
1159400 2471.6
1159410 2467.0
1159420 2462.6
1159430 2462.6
1159440 2458.1
1159450 2453.8
1159460 2450.0
1159470 2450.0
1159480 2445.2
1159490 2441.8
1159500 2441.8
1159510 2438.5
1159520 2435.5
1159530 2435.5
1159540 2433.1
1159550 2430.9
1159560 2430.9
1159570 2428.8
1159580 2427.4
1159590 2427.4
1159600 2426.2
1159610 2423.8
1159620 2423.8
1159630 2421.1
1159640 2418.9
1159650 2418.9
1159660 2417.3
1159670 2415.6
1159680 2413.9
1159690 2413.9
1159700 2412.5
1159710 2411.1
1159720 2411.1
1159730 2409.9
1159740 2408.3
1159750 2408.3
1159760 2407.1
1159770 2406.7
1159780 2406.7
1159790 2405.4
1159800 2403.7
1159810 2403.7
1159820 2401.8
1159830 2399.7
1159840 2399.7
1159850 2397.7
1159860 2396.3
1159870 2391.4
1159880 2391.4
1159890 2390.9
1159900 2391.2
1159910 2391.2
1159920 2391.5
1159930 2391.8
1159940 2391.8
1159950 2392.7
1159960 2393.1
1159970 2393.1
1159980 2392.8
1159990 2392.3
