1140000 2169.2
1140010 2164.5
1140020 2159.7
1140030 2159.7
1140040 2154.6
1140050 2149.2
1140060 2149.2
1140070 2144.2
1140080 2144.7
1140090 2144.7
1140100 2146.4
1140110 2148.2
1140120 2148.2
1140130 2150.9
1140140 2154.0
1140150 2157.6
1140160 2157.6
1140170 2162.1
1140180 2166.6
1140190 2166.6
1140200 2170.8
1140210 2175.3
1140220 2175.3
1140230 2180.0
1140240 2184.5
1140250 2184.5
1140260 2187.8
1140270 2191.1
1140280 2191.1
1140290 2195.4
1140300 2200.3
1140310 2200.3
1140320 2205.7
1140330 2211.9
1140340 2211.3
1140350 2218.2
1140360 2225.5
1140370 2233.0
1140380 2233.0
1140390 2240.2
1140400 2247.5
1140410 2247.5
1140420 2255.4
1140430 2263.1
1140440 2263.1
1140450 2270.7
1140460 2278.2
1140470 2278.2
1140480 2288.1
1140490 2297.9
1140500 2297.9
1140510 2307.3
1140520 2316.9
1140530 2316.9
1140540 2327.2
1140550 2336.9
1140560 2351.3
1140570 2351.3
1140580 2368.4
1140590 2376.3
1140600 2376.3
1140610 2386.8
1140620 2407.2
1140630 2407.2
1140640 2426.5
1140650 2441.9
1140660 2441.9
1140670 2452.0
1140680 2456.7
1140690 2456.7
1140700 2463.6
1140710 2470.9
1140720 2470.9
1140730 2482.7
1140740 2491.4
1140750 2491.4
1140760 2502.3
1140770 2514.4
1140780 2519.0
1140790 2519.0
1140800 2517.6
1140810 2512.0
1140820 2512.0
1140830 2504.7
1140840 2494.4
1140850 2494.4
1140860 2483.7
1140870 2473.7
1140880 2473.7
1140890 2465.6
1140900 2455.8
1140910 2455.8
1140920 2446.4
1140930 2437.2
1140940 2437.2
1140950 2426.3
1140960 2416.7
1140970 2416.7
1140980 2407.5
1140990 2399.3
1141000 2392.6
1141010 2392.6
1141020 2385.2
1141030 2378.8
1141040 2378.8
1141050 2371.4
1141060 2364.3
1141070 2364.3
1141080 2355.8
1141090 2349.2
1141100 2349.2
1141110 2343.3
1141120 2341.2
1141130 2341.2
1141140 2342.6
1141150 2343.1
1141160 2343.1
1141170 2342.6
1141180 2341.2
1141190 2341.2
1141200 2334.0
1141210 2325.5
1141220 2327.2
1141230 2327.2
1141240 2331.6
1141250 2330.7
1141260 2330.7
1141270 2327.4
1141280 2332.8
1141290 2332.8
1141300 2338.3
1141310 2341.1
1141320 2341.1
1141330 2342.6
1141340 2344.6
1141350 2344.6
1141360 2348.3
1141370 2352.8
1141380 2352.8
1141390 2358.5
1141400 2363.9
1141410 2369.1
1141420 2369.1
1141430 2375.0
1141440 2377.6
1141450 2368.6
1141460 2367.1
1141470 2364.1
1141480 2364.1
1141490 2360.1
1141500 2355.5
1141510 2355.5
1141520 2354.7
1141530 2352.8
1141540 2352.8
1141550 2349.8
1141560 2346.2
1141570 2346.2
1141580 2341.1
1141590 2335.6
1141600 2335.6
1141610 2332.2
1141620 2329.4
1141630 2326.8
1141640 2326.8
1141650 2324.4
1141660 2322.6
1141670 2322.6
1141680 2320.0
1141690 2315.4
1141700 2315.4
1141710 2308.6
1141720 2301.3
1141730 2301.3
1141740 2293.4
1141750 2284.6
1141760 2284.6
1141770 2273.7
1141780 2265.7
1141790 2265.7
1141800 2260.6
1141810 2247.9
1141820 2247.9
1141830 2245.9
1141840 2244.4
1141850 2241.8
1141860 2241.8
1141870 2240.2
1141880 2238.7
1141890 2238.7
1141900 2236.4
1141910 2230.9
1141920 2230.9
1141930 2225.4
1141940 2222.5
1141950 2222.5
1141960 2219.3
1141970 2214.7
1141980 2214.7
1141990 2208.0
1142000 2200.7
1142010 2200.7
1142020 2192.3
1142030 2180.4
1142040 2180.4
1142050 2170.4
1142060 2162.2
1142070 2160.7
1142080 2160.7
1142090 2160.1
1142100 2157.5
1142110 2157.5
1142120 2155.3
1142130 2149.1
1142140 2149.1
1142150 2143.1
1142160 2138.8
1142170 2138.8
1142180 2132.2
1142190 2135.8
1142200 2135.8
1142210 2139.3
1142220 2140.6
1142230 2140.6
1142240 2140.6
1142250 2140.4
1142260 2141.5
1142270 2141.5
1142280 2141.9
1142290 2140.9
1142300 2140.9
1142310 2137.3
1142320 2130.7
1142330 2130.7
1142340 2124.6
1142350 2117.8
1142360 2117.8
1142370 2112.4
1142380 2111.2
1142390 2111.2
1142400 2110.6
1142410 2107.4
1142420 2107.4
1142430 2105.1
1142440 2103.9
1142450 2103.9
1142460 2101.5
1142470 2099.2
1142480 2097.0
1142490 2097.0
1142500 2093.3
1142510 2089.6
1142520 2089.6
1142530 2085.3
1142540 2079.7
1142550 2074.6
1142560 2066.2
1142570 2059.7
1142580 2059.7
1142590 2054.5
1142600 2048.0
1142610 2048.0
1142620 2042.0
1142630 2033.6
1142640 2033.6
1142650 2028.8
1142660 2024.1
1142670 2024.1
1142680 2019.4
1142690 2011.9
1142700 2004.3
1142710 2004.3
1142720 2000.3
1142730 1997.4
1142740 1997.4
1142750 1992.9
1142760 1990.4
1142770 1990.4
1142780 1981.5
1142790 1970.1
1142800 1970.1
1142810 1964.7
1142820 1962.7
1142830 1962.7
1142840 1958.8
1142850 1956.2
1142860 1956.2
1142870 1951.2
1142880 1943.8
1142890 1943.8
1142900 1936.3
1142910 1929.4
1142920 1915.7
1142930 1915.7
1142940 1908.6
1142950 1903.3
1142960 1903.3
1142970 1896.7
1142980 1891.4
1142990 1891.4
1143000 1886.3
1143010 1881.7
1143020 1881.7
1143030 1877.2
1143040 1872.4
1143050 1872.4
1143060 1868.2
1143070 1864.1
1143080 1864.1
1143090 1859.7
1143100 1856.1
1143110 1852.1
1143120 1852.1
1143130 1848.0
1143140 1844.8
1143150 1844.8
1143160 1840.3
1143170 1834.0
1143180 1834.0
1143190 1827.8
1143200 1822.1
1143210 1822.1
1143220 1817.1
1143230 1811.6
1143240 1811.6
1143250 1805.5
1143260 1799.4
1143270 1799.4
1143280 1793.5
1143290 1787.0
1143300 1787.4
1143310 1781.3
1143320 1775.5
1143330 1770.1
1143340 1770.1
1143350 1764.4
1143360 1758.9
1143370 1758.9
1143380 1753.2
1143390 1747.4
1143400 1747.4
1143410 1741.4
1143420 1734.8
1143430 1734.8
1143440 1727.9
1143450 1720.9
1143460 1720.9
1143470 1714.0
1143480 1707.4
1143490 1707.4
1143500 1700.7
1143510 1694.2
1143520 1694.2
1143530 1684.6
1143540 1673.7
1143550 1667.4
1143560 1667.4
1143570 1660.5
1143580 1649.1
1143590 1649.1
1143600 1640.4
1143610 1630.8
1143620 1630.8
1143630 1627.8
1143640 1626.2
1143650 1626.2
1143660 1622.9
1143670 1624.9
1143680 1624.9
1143690 1606.5
1143700 1583.5
1143710 1583.5
1143720 1567.9
1143730 1560.2
1143740 1560.2
1143750 1558.2
1143760 1555.7
1143770 1555.0
1143780 1555.0
1143790 1555.8
1143800 1556.7
1143810 1556.7
1143820 1555.1
1143830 1550.1
1143840 1550.1
1143850 1546.8
1143860 1543.3
1143870 1543.3
1143880 1540.3
1143890 1537.7
1143900 1537.7
1143910 1534.7
1143920 1532.0
1143930 1532.0
1143940 1528.8
1143950 1525.3
1143960 1521.8
1143970 1521.8
1143980 1518.2
1143990 1514.7
1144000 1514.7
1144010 1511.1
1144020 1507.1
1144030 1507.1
1144040 1499.4
1144050 1495.6
1144060 1495.6
1144070 1492.4
1144080 1489.7
1144090 1489.7
1144100 1487.8
1144110 1484.7
1144120 1484.7
1144130 1480.6
1144140 1476.1
1144150 1476.1
1144160 1471.4
1144170 1467.2
1144180 1466.0
1144190 1466.0
1144200 1467.3
1144210 1465.4
1144220 1465.4
1144230 1458.8
1144240 1451.5
1144250 1451.5
1144260 1446.1
1144270 1441.9
1144280 1441.9
1144290 1437.9
1144300 1434.1
1144310 1434.1
1144320 1430.3
1144330 1426.6
1144340 1426.6
1144350 1423.2
1144360 1419.2
1144370 1419.2
1144380 1415.4
1144390 1412.0
1144400 1408.2
1144410 1405.7
1144420 1402.1
1144430 1398.8
1144440 1398.8
1144450 1395.4
1144460 1392.0
1144470 1392.0
1144480 1388.9
1144490 1386.2
1144500 1386.2
1144510 1383.3
1144520 1378.1
1144530 1378.1
1144540 1373.5
1144550 1370.3
1144560 1370.3
1144570 1369.0
1144580 1368.1
1144590 1368.1
1144600 1366.1
1144610 1364.2
1144620 1363.1
1144630 1363.1
1144640 1362.2
1144650 1362.3
1144660 1362.3
1144670 1362.8
1144680 1361.9
1144690 1361.9
1144700 1359.8
1144710 1358.0
1144720 1358.0
1144730 1356.7
1144740 1356.0
1144750 1356.0
1144760 1355.6
1144770 1354.5
1144780 1354.2
1144790 1355.1
1144800 1355.6
1144810 1355.5
1144820 1355.5
1144830 1355.5
1144840 1355.6
1144850 1355.6
1144860 1355.7
1144870 1356.0
1144880 1356.0
1144890 1355.7
1144900 1355.7
1144910 1355.7
1144920 1356.3
1144930 1357.1
1144940 1357.1
1144950 1357.3
1144960 1357.3
1144970 1357.3
1144980 1356.5
1144990 1356.2
1145000 1356.2
1145010 1356.0
1145020 1355.4
1145030 1356.8
1145040 1356.8
1145050 1358.1
1145060 1358.4
1145070 1358.4
1145080 1358.4
1145090 1358.4
1145100 1358.4
1145110 1358.5
1145120 1358.4
1145130 1358.4
1145140 1358.7
1145150 1359.1
1145160 1359.4
1145170 1359.3
1145180 1359.0
1145190 1359.0
1145200 1358.8
1145210 1359.9
1145220 1359.9
1145230 1362.6
1145240 1365.1
1145250 1366.2
1145260 1366.2
1145270 1368.3
1145280 1370.6
1145290 1370.6
1145300 1373.0
1145310 1374.2
1145320 1374.2
1145330 1373.9
1145340 1373.2
1145350 1373.2
1145360 1372.9
1145370 1373.1
1145380 1373.1
1145390 1375.3
1145400 1380.9
1145410 1380.9
1145420 1385.6
1145430 1388.8
1145440 1388.8
1145450 1393.1
1145460 1398.4
1145470 1401.4
1145480 1401.4
1145490 1403.8
1145500 1408.2
1145510 1408.2
1145520 1411.6
1145530 1416.7
1145540 1416.7
1145550 1419.3
1145560 1422.6
1145570 1422.6
1145580 1425.0
1145590 1427.7
1145600 1427.7
1145610 1431.2
1145620 1433.9
1145630 1433.9
1145640 1437.1
1145650 1439.8
1145660 1443.4
1145670 1443.4
1145680 1448.7
1145690 1455.6
1145700 1455.6
1145710 1459.4
1145720 1461.5
1145730 1461.5
1145740 1463.7
1145750 1466.0
1145760 1466.0
1145770 1468.4
1145780 1470.4
1145790 1470.4
1145800 1472.2
1145810 1473.6
1145820 1473.6
1145830 1474.7
1145840 1475.9
1145850 1475.9
1145860 1477.1
1145870 1478.5
1145880 1480.1
1145890 1480.1
1145900 1487.1
1145910 1487.3
1145920 1487.3
1145930 1487.2
1145940 1487.0
1145950 1487.0
1145960 1487.0
1145970 1481.7
1145980 1481.7
1145990 1475.6
1146000 1468.3
1146010 1468.3
1146020 1461.9
1146030 1454.7
1146040 1454.7
1146050 1444.5
1146060 1431.9
1146070 1431.9
1146080 1415.9
1146090 1408.8
1146100 1408.9
1146110 1408.9
1146120 1418.0
1146130 1426.5
1146140 1426.5
1146150 1441.7
1146160 1459.2
1146170 1459.2
1146180 1470.2
1146190 1476.5
1146200 1476.5
1146210 1481.5
1146220 1485.3
1146230 1485.3
1146240 1489.8
1146250 1495.5
1146260 1495.5
1146270 1501.0
1146280 1505.1
1146290 1505.1
1146300 1511.7
1146310 1519.1
1146320 1525.0
1146330 1525.0
1146340 1530.4
1146350 1539.2
1146360 1539.2
1146370 1546.1
1146380 1552.8
1146390 1552.8
1146400 1559.5
1146410 1566.2
1146420 1566.2
1146430 1572.8
1146440 1579.6
1146450 1579.6
1146460 1586.4
1146470 1593.2
1146480 1593.2
1146490 1600.5
1146500 1607.0
1146510 1612.7
1146520 1612.7
1146530 1618.6
1146540 1624.7
1146550 1624.7
1146560 1631.3
1146570 1638.1
1146580 1638.1
1146590 1644.9
1146600 1651.5
1146610 1651.5
1146620 1658.5
1146630 1666.1
1146640 1666.1
1146650 1672.4
1146660 1680.4
1146670 1680.4
1146680 1688.4
1146690 1696.0
1146700 1696.0
1146710 1703.0
1146720 1709.7
1146730 1716.4
1146740 1716.4
1146750 1722.9
1146760 1730.3
1146770 1730.3
1146780 1739.5
1146790 1748.7
1146800 1748.7
1146810 1756.8
1146820 1764.7
1146830 1764.7
1146840 1773.2
1146850 1779.9
1146860 1779.9
1146870 1785.5
1146880 1791.5
1146890 1791.5
1146900 1798.0
1146910 1804.4
1146920 1804.4
1146930 1809.5
1146940 1814.7
1146950 1820.9
1146960 1820.9
1146970 1827.2
1146980 1832.1
1146990 1832.1
1147000 1837.5
1147010 1843.2
1147020 1843.2
1147030 1842.3
1147040 1847.0
1147050 1847.0
1147060 1852.7
1147070 1859.0
1147080 1859.0
1147090 1864.7
1147100 1871.9
1147110 1871.9
1147120 1877.8
1147130 1884.9
1147140 1884.9
1147150 1889.8
1147160 1892.3
1147170 1893.5
1147180 1893.5
1147190 1893.6
1147200 1893.2
1147210 1893.2
1147220 1893.3
1147230 1893.7
1147240 1893.7
1147250 1894.0
1147260 1894.0
1147270 1894.0
1147280 1895.0
1147290 1896.5
1147300 1896.5
1147310 1898.1
1147320 1900.7
1147330 1900.7
1147340 1903.3
1147350 1905.9
1147360 1908.9
1147370 1908.9
1147380 1912.2
1147390 1915.0
1147400 1909.1
1147410 1911.4
1147420 1914.6
1147430 1914.6
1147440 1917.5
1147450 1920.2
1147460 1920.2
1147470 1924.1
1147480 1928.2
1147490 1928.2
1147500 1931.0
1147510 1932.9
1147520 1932.9
1147530 1936.8
1147540 1941.3
1147550 1941.3
1147560 1944.2
1147570 1946.5
1147580 1950.2
1147590 1950.2
1147600 1953.3
1147610 1956.3
1147620 1956.3
1147630 1960.0
1147640 1964.2
1147650 1964.2
1147660 1968.4
1147670 1971.9
1147680 1971.9
1147690 1974.4
1147700 1977.4
1147710 1977.4
1147720 1982.6
1147730 1988.2
1147740 1988.2
1147750 1993.3
1147760 1996.5
1147770 1996.5
1147780 1989.7
1147790 1988.5
1147800 1988.5
1147810 1988.5
1147820 1988.7
1147830 1988.3
1147840 1988.3
1147850 1986.0
1147860 1985.1
1147870 1985.1
1147880 1984.7
1147890 1985.1
1147900 1985.1
1147910 1987.2
1147920 1990.9
1147930 1990.9
1147940 1995.9
1147950 2001.2
1147960 2001.2
1147970 2005.8
1147980 2009.7
1147990 2009.7
1148000 2012.0
1148010 2012.0
1148020 2011.5
1148030 2011.5
1148040 2011.0
1148050 2011.0
1148060 2011.0
1148070 2012.4
1148080 2012.5
1148090 2012.5
1148100 2013.2
1148110 2014.4
1148120 2014.4
1148130 2016.5
1148140 2018.9
1148150 2018.9
1148160 2012.6
1148170 2012.7
1148180 2012.7
1148190 2012.1
1148200 2012.1
1148210 2012.8
1148220 2012.8
1148230 2013.3
1148240 2014.7
1148250 2014.7
1148260 2016.6
1148270 2017.9
1148280 2017.9
1148290 2019.5
1148300 2021.3
1148310 2021.3
1148320 2023.1
1148330 2026.2
1148340 2026.2
1148350 2032.2
1148360 2034.5
1148370 2034.5
1148380 2037.8
1148390 2040.9
1148400 2040.9
1148410 2044.1
1148420 2050.4
1148430 2059.4
1148440 2059.4
1148450 2068.8
1148460 2075.8
1148470 2075.8
1148480 2081.8
1148490 2089.0
1148500 2089.0
1148510 2096.3
1148520 2102.9
1148530 2098.1
1148540 2104.7
1148550 2110.8
1148560 2110.8
1148570 2117.7
1148580 2124.1
1148590 2124.1
1148600 2131.0
1148610 2135.1
1148620 2135.1
1148630 2138.3
1148640 2142.2
1148650 2145.7
1148660 2145.7
1148670 2145.9
1148680 2147.4
1148690 2147.4
1148700 2149.8
1148710 2153.3
1148720 2153.3
1148730 2157.6
1148740 2163.1
1148750 2163.1
1148760 2168.9
1148770 2173.8
1148780 2173.8
1148790 2179.3
1148800 2185.8
1148810 2185.8
1148820 2193.0
1148830 2200.5
1148840 2208.4
1148850 2208.4
1148860 2217.8
1148870 2228.6
1148880 2228.6
1148890 2238.9
1148900 2249.0
1148910 2249.0
1148920 2258.1
1148930 2267.4
1148940 2267.4
1148950 2275.5
1148960 2283.5
1148970 2283.5
1148980 2291.8
1148990 2300.6
1149000 2300.6
1149010 2307.7
1149020 2311.9
1149030 2311.9
1149040 2316.8
1149050 2322.3
1149060 2328.0
1149070 2328.0
1149080 2333.5
1149090 2338.4
1149100 2338.4
1149110 2344.9
1149120 2350.8
1149130 2350.8
1149140 2358.8
1149150 2365.5
1149160 2365.5
1149170 2371.5
1149180 2377.6
1149190 2377.6
1149200 2383.6
1149210 2392.4
1149220 2392.4
1149230 2403.4
1149240 2413.8
1149250 2413.8
1149260 2422.9
1149270 2431.0
1149280 2438.5
1149290 2435.9
1149300 2443.0
1149310 2449.9
1149320 2449.9
1149330 2455.1
1149340 2459.3
1149350 2459.3
1149360 2462.6
1149370 2465.2
1149380 2465.2
1149390 2467.2
1149400 2468.4
1149410 2468.4
1149420 2470.2
1149430 2475.4
1149440 2475.4
1149450 2482.2
1149460 2486.3
1149470 2486.3
1149480 2486.2
1149490 2486.2
1149500 2486.0
1149510 2486.0
1149520 2488.3
1149530 2492.0
1149540 2492.0
1149550 2490.8
1149560 2490.7
1149570 2490.7
1149580 2494.4
1149590 2499.2
1149600 2499.2
1149610 2504.3
1149620 2508.8
1149630 2508.8
1149640 2510.6
1149650 2513.3
1149660 2513.3
1149670 2508.4
1149680 2512.0
1149690 2516.5
1149700 2516.5
1149710 2521.4
1149720 2525.6
1149730 2525.6
1149740 2529.3
1149750 2533.4
1149760 2533.4
1149770 2538.1
1149780 2543.8
1149790 2543.8
1149800 2550.6
1149810 2558.0
1149820 2558.0
1149830 2565.3
1149840 2572.0
1149850 2572.0
1149860 2578.7
1149870 2585.6
1149880 2585.6
1149890 2592.9
1149900 2599.9
1149910 2606.8
1149920 2606.8
1149930 2613.4
1149940 2619.9
1149950 2619.9
1149960 2626.9
1149970 2633.5
1149980 2633.5
1149990 2639.3
1150000 2644.3
1150010 2644.3
1150020 2649.3
1150030 2653.8
1150040 2651.8
1150050 2657.2
1150060 2663.2
1150070 2663.2
1150080 2661.9
1150090 2652.8
1150100 2652.8
1150110 2637.8
1150120 2622.9
1150130 2612.4
1150140 2612.4
1150150 2599.4
1150160 2586.2
1150170 2586.2
1150180 2573.2
1150190 2566.5
1150200 2566.5
1150210 2565.9
1150220 2564.3
1150230 2564.3
1150240 2556.0
1150250 2546.0
1150260 2546.0
1150270 2543.1
1150280 2540.7
1150290 2540.7
1150300 2537.9
1150310 2533.7
1150320 2533.7
1150330 2529.3
1150340 2528.1
1150350 2528.1
1150360 2528.1
1150370 2528.0
1150380 2527.2
1150390 2527.2
1150400 2526.4
1150410 2526.4
1150420 2533.4
1150430 2533.5
1150440 2534.2
1150450 2534.2
1150460 2536.4
1150470 2537.8
1150480 2537.8
1150490 2538.5
1150500 2540.4
1150510 2540.4
1150520 2542.9
1150530 2546.2
1150540 2549.3
1150550 2549.3
1150560 2550.5
1150570 2552.8
1150580 2552.8
1150590 2556.6
1150600 2558.9
1150610 2558.9
1150620 2564.1
1150630 2569.9
1150640 2569.9
1150650 2569.1
1150660 2569.2
1150670 2569.2
1150680 2569.1
1150690 2571.0
1150700 2571.0
1150710 2576.3
1150720 2580.2
1150730 2580.2
1150740 2584.4
1150750 2587.9
1150760 2590.8
1150770 2590.8
1150780 2591.1
1150790 2587.8
1150800 2594.0
1150810 2589.4
1150820 2583.6
1150830 2583.6
1150840 2578.1
1150850 2572.9
1150860 2572.9
1150870 2568.1
1150880 2565.3
1150890 2565.3
1150900 2561.7
1150910 2557.8
1150920 2557.8
1150930 2553.1
1150940 2548.9
1150950 2548.9
1150960 2545.1
1150970 2542.5
1150980 2541.6
1150990 2541.6
1151000 2542.7
1151010 2541.6
1151020 2541.6
1151030 2541.8
1151040 2545.9
1151050 2545.9
1151060 2548.8
1151070 2550.7
1151080 2550.7
1151090 2551.5
1151100 2552.7
1151110 2552.7
1151120 2552.6
1151130 2551.0
1151140 2551.0
1151150 2548.8
1151160 2545.5
1151170 2545.5
1151180 2549.8
1151190 2547.7
1151200 2545.8
1151210 2545.8
1151220 2544.1
1151230 2543.7
1151240 2543.7
1151250 2542.9
1151260 2541.7
1151270 2541.7
1151280 2540.3
1151290 2538.4
1151300 2538.4
1151310 2537.7
1151320 2540.4
1151330 2540.4
1151340 2541.8
1151350 2541.3
1151360 2541.3
1151370 2536.8
1151380 2530.6
1151390 2526.2
1151400 2526.2
1151410 2524.8
1151420 2524.0
1151430 2524.0
1151440 2522.2
1151450 2522.1
1151460 2522.1
1151470 2524.2
1151480 2524.9
1151490 2524.9
1151500 2524.7
1151510 2523.1
1151520 2523.1
1151530 2520.3
1151540 2518.2
1151550 2518.2
1151560 2521.5
1151570 2519.5
1151580 2519.5
1151590 2518.6
1151600 2517.3
1151610 2516.6
1151620 2516.6
1151630 2516.1
1151640 2518.1
1151650 2518.1
1151660 2524.8
1151670 2528.5
1151680 2528.5
1151690 2530.0
1151700 2532.2
1151710 2532.2
1151720 2534.6
1151730 2536.6
1151740 2536.6
1151750 2538.1
1151760 2539.4
1151770 2539.4
1151780 2541.1
1151790 2542.7
1151800 2542.7
1151810 2543.8
1151820 2543.6
1151830 2544.0
1151840 2544.0
1151850 2545.4
1151860 2546.8
1151870 2546.8
1151880 2545.4
1151890 2543.7
1151900 2543.7
1151910 2541.6
1151920 2538.8
1151930 2538.8
1151940 2539.2
1151950 2537.7
1151960 2537.7
1151970 2535.5
1151980 2532.2
1151990 2532.2
1152000 2528.9
1152010 2525.4
1152020 2525.4
1152030 2522.4
1152040 2519.3
1152050 2516.3
1152060 2516.3
1152070 2514.1
1152080 2512.9
1152090 2512.9
1152100 2509.8
1152110 2504.3
1152120 2504.3
1152130 2503.3
1152140 2505.5
1152150 2505.5
1152160 2508.4
1152170 2513.0
1152180 2513.0
1152190 2518.3
1152200 2523.7
1152210 2523.7
1152220 2528.4
1152230 2534.2
1152240 2540.1
1152250 2540.1
1152260 2545.6
1152270 2549.3
1152280 2549.3
1152290 2551.2
1152300 2550.9
1152310 2550.9
1152320 2558.0
1152330 2560.0
1152340 2560.0
1152350 2562.3
1152360 2562.2
1152370 2562.2
1152380 2561.7
1152390 2563.0
1152400 2563.0
1152410 2563.5
1152420 2562.2
1152430 2562.2
1152440 2559.9
1152450 2558.4
1152460 2557.1
1152470 2557.1
1152480 2558.3
1152490 2562.8
1152500 2562.8
1152510 2567.9
1152520 2571.6
1152530 2571.6
1152540 2576.4
1152550 2584.7
1152560 2584.7
1152570 2590.4
1152580 2589.8
1152590 2589.8
1152600 2593.5
1152610 2597.5
1152620 2597.5
1152630 2601.3
1152640 2607.6
1152650 2607.6
1152660 2615.3
1152670 2622.2
1152680 2627.3
1152690 2627.3
1152700 2631.1
1152710 2634.5
1152720 2634.5
1152730 2636.2
1152740 2635.8
1152750 2635.8
1152760 2634.5
1152770 2635.7
1152780 2635.7
1152790 2639.3
1152800 2641.5
1152810 2641.5
1152820 2642.8
1152830 2641.7
1152840 2641.7
1152850 2641.0
1152860 2642.0
1152870 2641.2
1152880 2641.2
1152890 2641.7
1152900 2647.3
1152910 2647.3
1152920 2653.8
1152930 2660.3
1152940 2660.3
1152950 2667.0
1152960 2677.2
1152970 2677.2
1152980 2687.3
1152990 2696.6
1153000 2696.6
1153010 2710.3
1153020 2722.5
1153030 2722.5
1153040 2730.7
1153050 2736.8
1153060 2736.8
1153070 2745.2
1153080 2753.5
1153090 2766.8
1153100 2766.8
1153110 2775.4
1153120 2786.5
1153130 2786.5
1153140 2799.5
1153150 2795.1
1153160 2795.1
1153170 2778.7
1153180 2763.3
1153190 2763.3
1153200 2747.6
1153210 2735.2
1153220 2735.2
1153230 2727.0
1153240 2719.9
1153250 2719.9
1153260 2712.7
1153270 2706.1
1153280 2706.1
1153290 2699.6
1153300 2693.2
1153310 2687.5
1153320 2687.5
1153330 2682.1
1153340 2676.6
1153350 2676.6
1153360 2671.1
1153370 2666.6
1153380 2666.6
1153390 2662.8
1153400 2659.0
1153410 2659.0
1153420 2654.7
1153430 2651.1
1153440 2651.1
1153450 2648.4
1153460 2645.0
1153470 2639.1
1153480 2635.5
1153490 2631.5
1153500 2631.5
1153510 2628.4
1153520 2627.1
1153530 2626.3
1153540 2626.3
1153550 2625.0
1153560 2624.4
1153570 2624.4
1153580 2625.4
1153590 2628.0
1153600 2628.0
1153610 2632.2
1153620 2636.0
1153630 2636.0
1153640 2641.5
1153650 2648.1
1153660 2648.1
1153670 2654.1
1153680 2653.4
1153690 2653.4
1153700 2648.8
1153710 2644.0
1153720 2638.6
1153730 2638.6
1153740 2630.8
1153750 2623.9
1153760 2623.9
1153770 2616.3
1153780 2607.0
1153790 2607.0
1153800 2596.6
1153810 2582.8
1153820 2582.8
1153830 2565.9
1153840 2550.1
1153850 2553.8
1153860 2538.9
1153870 2525.5
1153880 2525.5
1153890 2515.4
1153900 2509.1
1153910 2509.1
1153920 2499.1
1153930 2488.7
1153940 2478.2
1153950 2478.2
1153960 2468.0
1153970 2458.8
1153980 2458.8
1153990 2450.1
1154000 2442.1
1154010 2442.1
1154020 2434.6
1154030 2428.1
1154040 2428.1
1154050 2422.2
1154060 2412.2
1154070 2412.2
1154080 2401.2
1154090 2394.8
1154100 2394.8
1154110 2388.6
1154120 2382.5
1154130 2382.5
1154140 2376.5
1154150 2370.6
1154160 2364.7
1154170 2364.7
1154180 2358.9
1154190 2353.1
1154200 2353.1
1154210 2347.2
1154220 2341.7
1154230 2341.7
1154240 2336.3
1154250 2330.7
1154260 2330.7
1154270 2325.3
1154280 2320.3
1154290 2320.3
1154300 2315.7
1154310 2311.0
1154320 2311.0
1154330 2306.7
1154340 2303.0
1154350 2303.0
1154360 2298.4
1154370 2294.5
1154380 2290.9
1154390 2290.9
1154400 2288.2
1154410 2285.8
1154420 2285.8
1154430 2283.8
1154440 2282.9
1154450 2282.9
1154460 2282.5
1154470 2280.9
1154480 2280.9
1154490 2277.5
1154500 2273.0
1154510 2273.0
1154520 2268.0
1154530 2261.6
1154540 2261.6
1154550 2255.6
1154560 2249.4
1154570 2243.9
1154580 2243.9
1154590 2238.5
1154600 2234.1
1154610 2234.1
1154620 2231.3
1154630 2227.0
1154640 2227.0
1154650 2222.2
1154660 2218.4
1154670 2218.4
1154680 2214.9
1154690 2214.0
1154700 2214.0
1154710 2218.3
1154720 2223.7
1154730 2223.7
1154740 2227.8
1154750 2230.7
1154760 2230.7
1154770 2233.9
1154780 2238.3
1154790 2242.5
1154800 2242.5
1154810 2246.1
1154820 2247.2
1154830 2247.2
1154840 2249.8
1154850 2254.2
1154860 2254.2
1154870 2262.1
1154880 2270.4
1154890 2270.4
1154900 2276.5
1154910 2282.4
1154920 2282.4
1154930 2288.6
1154940 2294.3
1154950 2294.3
1154960 2299.3
1154970 2303.3
1154980 2303.3
1154990 2306.7
1155000 2317.3
1155010 2323.1
1155020 2323.1
1155030 2329.4
1155040 2333.8
1155050 2333.8
1155060 2337.9
1155070 2342.7
1155080 2342.7
1155090 2346.6
1155100 2350.3
1155110 2350.3
1155120 2354.7
1155130 2359.5
1155140 2359.5
1155150 2364.6
1155160 2370.6
1155170 2370.6
1155180 2376.1
1155190 2381.4
1155200 2381.4
1155210 2386.2
1155220 2390.4
1155230 2394.2
1155240 2394.2
1155250 2398.0
1155260 2402.4
1155270 2402.4
1155280 2407.8
1155290 2413.4
1155300 2413.4
1155310 2419.4
1155320 2425.8
1155330 2425.8
1155340 2432.5
1155350 2439.7
1155360 2439.7
1155370 2447.1
1155380 2453.7
1155390 2456.1
1155400 2462.6
1155410 2465.0
1155420 2462.3
1155430 2462.3
1155440 2461.5
1155450 2463.2
1155460 2463.2
1155470 2465.6
1155480 2468.4
1155490 2468.4
1155500 2472.2
1155510 2475.7
1155520 2475.7
1155530 2478.6
1155540 2480.8
1155550 2480.8
1155560 2482.7
1155570 2484.8
1155580 2484.8
1155590 2487.7
1155600 2491.0
1155610 2491.0
1155620 2495.2
1155630 2500.2
1155640 2505.8
1155650 2505.8
1155660 2511.6
1155670 2517.0
1155680 2517.0
1155690 2521.4
1155700 2525.2
1155710 2525.2
1155720 2528.9
1155730 2532.9
1155740 2532.9
1155750 2537.2
1155760 2541.9
1155770 2545.1
1155780 2549.7
1155790 2553.7
1155800 2553.7
1155810 2559.2
1155820 2565.3
1155830 2565.3
1155840 2571.7
1155850 2578.4
1155860 2585.1
1155870 2585.1
1155880 2590.9
1155890 2597.1
1155900 2597.1
1155910 2604.1
1155920 2611.0
1155930 2611.0
1155940 2617.4
1155950 2624.0
1155960 2624.0
1155970 2631.2
1155980 2638.4
1155990 2638.4
1156000 2645.6
1156010 2652.8
1156020 2652.8
1156030 2660.2
1156040 2669.0
1156050 2681.3
1156060 2681.3
1156070 2701.4
1156080 2718.3
1156090 2718.3
1156100 2727.6
1156110 2733.9
1156120 2733.9
1156130 2737.4
1156140 2742.4
1156150 2742.4
1156160 2743.2
1156170 2742.5
1156180 2742.5
1156190 2743.2
1156200 2744.1
1156210 2744.1
1156220 2746.5
1156230 2750.7
1156240 2750.7
1156250 2755.1
1156260 2759.9
1156270 2765.4
1156280 2765.4
1156290 2777.3
1156300 2781.9
1156310 2781.9
1156320 2784.7
1156330 2785.6
1156340 2785.6
1156350 2786.0
1156360 2789.6
1156370 2789.6
1156380 2794.0
1156390 2797.6
1156400 2797.6
1156410 2802.6
1156420 2809.4
1156430 2809.4
1156440 2814.4
1156450 2817.5
1156460 2817.5
1156470 2820.0
1156480 2825.4
1156490 2834.6
1156500 2834.6
1156510 2848.3
1156520 2858.4
1156530 2858.4
1156540 2864.9
1156550 2873.3
1156560 2873.3
1156570 2872.1
1156580 2864.1
1156590 2864.1
1156600 2856.7
1156610 2848.5
1156620 2848.5
1156630 2841.1
1156640 2834.8
1156650 2834.8
1156660 2828.9
1156670 2821.9
1156680 2821.9
1156690 2813.7
1156700 2805.3
1156710 2796.7
1156720 2796.7
1156730 2787.8
1156740 2778.7
1156750 2778.7
1156760 2769.3
1156770 2758.9
1156780 2758.9
1156790 2751.4
1156800 2746.4
1156810 2746.4
1156820 2742.1
1156830 2737.6
1156840 2737.6
1156850 2732.9
1156860 2729.1
1156870 2729.1
1156880 2725.7
1156890 2722.4
1156900 2720.2
1156910 2720.2
1156920 2718.7
1156930 2717.6
1156940 2717.6
1156950 2716.0
1156960 2713.5
1156970 2713.5
1156980 2711.4
1156990 2711.6
1157000 2711.6
1157010 2710.2
1157020 2705.9
1157030 2705.9
1157040 2700.0
1157050 2694.7
1157060 2694.7
1157070 2690.0
1157080 2684.8
1157090 2684.8
1157100 2677.5
1157110 2669.5
1157120 2658.2
1157130 2658.2
1157140 2649.7
1157150 2643.6
1157160 2643.6
1157170 2637.9
1157180 2634.5
1157190 2634.5
1157200 2632.0
1157210 2628.3
1157220 2628.3
1157230 2625.9
1157240 2623.9
1157250 2623.9
1157260 2621.3
1157270 2617.2
1157280 2617.2
1157290 2613.3
1157300 2610.3
1157310 2610.3
1157320 2606.9
1157330 2601.8
1157340 2597.3
1157350 2597.3
1157360 2592.3
1157370 2587.5
1157380 2587.5
1157390 2583.8
1157400 2581.7
1157410 2581.7
1157420 2580.7
1157430 2580.6
1157440 2580.6
1157450 2580.4
1157460 2580.5
1157470 2580.5
1157480 2581.7
1157490 2583.3
1157500 2583.3
1157510 2586.1
1157520 2590.4
1157530 2594.5
1157540 2594.5
1157550 2596.9
1157560 2596.1
1157570 2596.1
1157580 2590.4
1157590 2582.5
1157600 2582.5
1157610 2574.6
1157620 2567.2
1157630 2567.2
1157640 2557.9
1157650 2546.9
1157660 2546.9
1157670 2538.8
1157680 2532.3
1157690 2532.3
1157700 2524.9
1157710 2518.4
1157720 2518.4
1157730 2513.1
1157740 2507.3
1157750 2502.3
1157760 2502.3
1157770 2498.8
1157780 2495.3
1157790 2495.3
1157800 2492.8
1157810 2490.8
1157820 2490.8
1157830 2489.4
1157840 2488.1
1157850 2488.1
1157860 2486.5
1157870 2484.7
1157880 2484.7
1157890 2483.6
1157900 2482.7
1157910 2482.7
1157920 2481.0
1157930 2479.6
1157940 2479.6
1157950 2478.2
1157960 2477.1
1157970 2476.2
1157980 2476.2
1157990 2475.5
1158000 2474.5
1158010 2474.5
1158020 2474.1
1158030 2474.8
1158040 2474.8
1158050 2475.9
1158060 2477.0
1158070 2477.0
1158080 2477.2
1158090 2483.2
1158100 2483.2
1158110 2480.9
1158120 2476.5
1158130 2476.5
1158140 2472.4
1158150 2468.9
1158160 2468.9
1158170 2465.8
1158180 2463.2
1158190 2460.4
1158200 2460.4
1158210 2459.0
1158220 2459.2
1158230 2459.2
1158240 2460.2
1158250 2461.3
1158260 2461.3
1158270 2463.7
1158280 2467.2
1158290 2467.2
1158300 2471.0
1158310 2474.6
1158320 2474.6
1158330 2477.3
1158340 2479.0
1158350 2479.0
1158360 2481.2
1158370 2486.6
1158380 2493.2
1158390 2493.2
1158400 2499.2
1158410 2502.8
1158420 2502.8
1158430 2504.3
1158440 2505.2
1158450 2505.2
1158460 2506.0
1158470 2506.7
1158480 2513.9
1158490 2514.1
1158500 2514.9
1158510 2514.9
1158520 2516.2
1158530 2518.3
1158540 2518.3
1158550 2521.2
1158560 2523.6
1158570 2523.6
1158580 2525.3
1158590 2525.7
1158600 2526.0
1158610 2526.0
1158620 2527.5
1158630 2529.1
1158640 2529.1
1158650 2531.0
1158660 2532.1
1158670 2532.1
1158680 2532.8
1158690 2534.4
1158700 2534.4
1158710 2536.4
1158720 2537.8
1158730 2537.8
1158740 2538.3
1158750 2538.2
1158760 2538.2
1158770 2537.8
1158780 2537.1
1158790 2537.1
1158800 2536.6
1158810 2537.6
1158820 2538.8
1158830 2538.8
1158840 2540.8
1158850 2540.9
1158860 2540.9
1158870 2543.1
1158880 2543.3
1158890 2543.3
1158900 2543.8
1158910 2546.7
1158920 2546.7
1158930 2547.0
1158940 2548.4
1158950 2548.4
1158960 2551.7
1158970 2554.6
1158980 2554.6
1158990 2556.3
1159000 2557.3
1159010 2557.3
1159020 2560.0
1159030 2563.7
1159040 2568.2
1159050 2568.2
1159060 2573.1
1159070 2577.2
1159080 2577.2
1159090 2579.2
1159100 2581.0
1159110 2581.0
1159120 2583.7
1159130 2587.2
1159140 2587.2
1159150 2588.8
1159160 2590.8
1159170 2590.8
1159180 2593.4
1159190 2596.1
1159200 2596.1
1159210 2599.1
1159220 2602.5
1159230 2605.5
1159240 2605.5
1159250 2608.2
1159260 2610.4
1159270 2610.4
1159280 2614.7
1159290 2619.0
1159300 2619.0
1159310 2623.4
1159320 2628.4
1159330 2628.4
1159340 2633.7
1159350 2639.2
1159360 2639.2
1159370 2645.2
1159380 2649.9
1159390 2649.9
1159400 2653.2
1159410 2657.3
1159420 2657.3
1159430 2663.1
1159440 2668.3
1159450 2673.4
1159460 2673.4
1159470 2678.1
1159480 2681.9
1159490 2681.9
1159500 2686.4
1159510 2692.3
1159520 2692.3
1159530 2699.8
1159540 2709.1
1159550 2709.1
1159560 2718.1
1159570 2727.6
1159580 2727.6
1159590 2734.7
1159600 2738.3
1159610 2738.3
1159620 2734.9
1159630 2730.6
1159640 2730.6
1159650 2717.3
1159660 2712.8
1159670 2708.4
1159680 2708.4
1159690 2704.3
1159700 2698.2
1159710 2698.2
1159720 2687.4
1159730 2681.2
1159740 2681.2
1159750 2678.0
1159760 2675.1
1159770 2675.1
1159780 2671.7
1159790 2668.2
1159800 2668.2
1159810 2664.2
1159820 2659.4
1159830 2659.4
1159840 2654.1
1159850 2649.1
1159860 2645.7
1159870 2645.7
1159880 2642.3
1159890 2638.8
1159900 2638.8
1159910 2635.3
1159920 2631.5
1159930 2631.5
1159940 2627.7
1159950 2623.4
1159960 2623.4
1159970 2618.5
1159980 2614.1
1159990 2614.1
