1140000 2304.6
1140010 2309.7
1140020 2314.8
1140030 2314.8
1140040 2319.6
1140050 2324.6
1140060 2329.4
1140070 2329.4
1140080 2334.3
1140090 2338.9
1140100 2338.9
1140110 2343.9
1140120 2348.5
1140130 2348.5
1140140 2353.1
1140150 2357.8
1140160 2357.8
1140170 2362.6
1140180 2367.2
1140190 2367.2
1140200 2371.8
1140210 2376.4
1140220 2376.4
1140230 2380.8
1140240 2384.9
1140250 2384.9
1140260 2389.0
1140270 2392.7
1140280 2396.1
1140290 2396.1
1140300 2401.2
1140310 2407.3
1140320 2407.3
1140330 2413.5
1140340 2420.0
1140350 2420.0
1140360 2418.4
1140370 2423.7
1140380 2423.7
1140390 2428.6
1140400 2434.4
1140410 2434.4
1140420 2441.5
1140430 2449.8
1140440 2449.8
1140450 2458.4
1140460 2466.4
1140470 2466.4
1140480 2473.5
1140490 2480.8
1140500 2488.2
1140510 2488.2
1140520 2493.7
1140530 2497.5
1140540 2497.5
1140550 2503.7
1140560 2512.8
1140570 2512.8
1140580 2521.2
1140590 2528.0
1140600 2528.0
1140610 2532.9
1140620 2538.7
1140630 2538.7
1140640 2545.2
1140650 2555.1
1140660 2555.1
1140670 2567.4
1140680 2579.9
1140690 2579.9
1140700 2593.3
1140710 2603.0
1140720 2614.9
1140730 2613.9
1140740 2621.9
1140750 2627.6
1140760 2627.6
1140770 2637.8
1140780 2649.7
1140790 2649.7
1140800 2660.8
1140810 2671.9
1140820 2671.9
1140830 2681.8
1140840 2693.2
1140850 2693.2
1140860 2709.2
1140870 2718.3
1140880 2718.3
1140890 2726.4
1140900 2745.4
1140910 2745.4
1140920 2759.4
1140930 2763.1
1140940 2764.2
1140950 2764.2
1140960 2752.4
1140970 2748.3
1140980 2748.3
1140990 2750.7
1141000 2746.4
1141010 2746.4
1141020 2746.0
1141030 2754.7
1141040 2754.7
1141050 2762.7
1141060 2769.1
1141070 2769.1
1141080 2770.2
1141090 2763.3
1141100 2756.6
1141110 2749.2
1141120 2746.5
1141130 2748.8
1141140 2748.8
1141150 2754.5
1141160 2759.5
1141170 2759.5
1141180 2762.8
1141190 2759.4
1141200 2759.4
1141210 2758.5
1141220 2763.7
1141230 2763.7
1141240 2764.6
1141250 2760.9
1141260 2760.9
1141270 2756.2
1141280 2749.6
1141290 2749.6
1141300 2744.1
1141310 2739.0
1141320 2739.0
1141330 2735.1
1141340 2732.9
1141350 2729.3
1141360 2729.3
1141370 2721.5
1141380 2712.6
1141390 2712.6
1141400 2703.2
1141410 2696.1
1141420 2696.1
1141430 2690.2
1141440 2680.9
1141450 2680.9
1141460 2674.4
1141470 2662.0
1141480 2662.0
1141490 2656.8
1141500 2651.3
1141510 2651.3
1141520 2646.7
1141530 2647.1
1141540 2647.1
1141550 2641.9
1141560 2630.9
1141570 2621.6
1141580 2621.6
1141590 2614.2
1141600 2607.6
1141610 2607.6
1141620 2602.8
1141630 2596.1
1141640 2596.1
1141650 2586.0
1141660 2572.9
1141670 2572.9
1141680 2557.9
1141690 2544.2
1141700 2544.2
1141710 2532.7
1141720 2521.6
1141730 2521.6
1141740 2510.2
1141750 2501.4
1141760 2501.4
1141770 2494.0
1141780 2487.3
1141790 2481.0
1141800 2481.0
1141810 2474.0
1141820 2465.2
1141830 2469.3
1141840 2462.2
1141850 2455.6
1141860 2455.6
1141870 2449.0
1141880 2442.1
1141890 2442.1
1141900 2434.4
1141910 2428.5
1141920 2428.5
1141930 2423.2
1141940 2418.1
1141950 2418.1
1141960 2412.0
1141970 2404.3
1141980 2395.6
1141990 2395.6
1142000 2387.8
1142010 2380.5
1142020 2380.5
1142030 2374.0
1142040 2368.7
1142050 2368.7
1142060 2364.1
1142070 2359.7
1142080 2359.7
1142090 2356.2
1142100 2353.6
1142110 2353.6
1142120 2349.9
1142130 2346.0
1142140 2346.0
1142150 2343.1
1142160 2340.2
1142170 2340.2
1142180 2338.1
1142190 2338.5
1142200 2337.4
1142210 2337.4
1142220 2338.5
1142230 2336.2
1142240 2336.2
1142250 2331.5
1142260 2327.9
1142270 2327.9
1142280 2324.3
1142290 2321.8
1142300 2321.8
1142310 2320.3
1142320 2318.1
1142330 2318.1
1142340 2315.2
1142350 2312.6
1142360 2312.6
1142370 2308.4
1142380 2301.4
1142390 2301.4
1142400 2293.9
1142410 2287.8
1142420 2281.9
1142430 2281.9
1142440 2275.9
1142450 2269.9
1142460 2269.9
1142470 2264.0
1142480 2258.1
1142490 2258.1
1142500 2251.7
1142510 2245.1
1142520 2245.1
1142530 2239.2
1142540 2233.0
1142550 2233.0
1142560 2226.7
1142570 2217.1
1142580 2217.1
1142590 2210.7
1142600 2204.9
1142610 2204.9
1142620 2199.7
1142630 2194.3
1142640 2188.7
1142650 2188.7
1142660 2183.4
1142670 2178.1
1142680 2178.1
1142690 2173.6
1142700 2170.2
1142710 2170.2
1142720 2168.1
1142730 2166.0
1142740 2166.0
1142750 2163.2
1142760 2160.3
1142770 2160.3
1142780 2157.9
1142790 2155.9
1142800 2155.9
1142810 2153.9
1142820 2152.2
1142830 2152.2
1142840 2151.6
1142850 2153.0
1142860 2156.0
1142870 2156.0
1142880 2156.6
1142890 2157.0
1142900 2157.0
1142910 2159.5
1142920 2162.0
1142930 2162.0
1142940 2160.7
1142950 2149.5
1142960 2149.5
1142970 2148.5
1142980 2146.9
1142990 2146.9
1143000 2145.2
1143010 2142.3
1143020 2142.3
1143030 2139.1
1143040 2136.1
1143050 2132.3
1143060 2132.3
1143070 2128.4
1143080 2124.5
1143090 2124.5
1143100 2121.1
1143110 2118.2
1143120 2118.2
1143130 2115.1
1143140 2111.3
1143150 2111.3
1143160 2106.6
1143170 2100.8
1143180 2100.8
1143190 2096.3
1143200 2093.1
1143210 2093.1
1143220 2084.8
1143230 2072.9
1143240 2072.9
1143250 2063.0
1143260 2059.7
1143270 2060.1
1143280 2060.1
1143290 2054.9
1143300 2043.4
1143310 2043.4
1143320 2027.6
1143330 2018.1
1143340 2018.1
1143350 2009.3
1143360 2001.1
1143370 2001.1
1143380 1996.3
1143390 1992.9
1143400 1992.9
1143410 1987.1
1143420 1982.4
1143430 1982.4
1143440 1974.4
1143450 1967.8
1143460 1967.8
1143470 1964.7
1143480 1960.0
1143490 1953.4
1143500 1953.4
1143510 1949.3
1143520 1946.8
1143530 1946.8
1143540 1946.3
1143550 1943.8
1143560 1943.8
1143570 1936.5
1143580 1927.9
1143590 1927.9
1143600 1920.2
1143610 1913.9
1143620 1913.9
1143630 1909.6
1143640 1906.8
1143650 1906.8
1143660 1905.3
1143670 1904.1
1143680 1904.1
1143690 1894.8
1143700 1889.2
1143710 1881.7
1143720 1881.7
1143730 1873.9
1143740 1866.2
1143750 1866.2
1143760 1860.0
1143770 1854.8
1143780 1854.8
1143790 1849.8
1143800 1844.9
1143810 1844.9
1143820 1839.2
1143830 1833.3
1143840 1833.3
1143850 1827.0
1143860 1820.4
1143870 1820.4
1143880 1814.7
1143890 1808.9
1143900 1802.0
1143910 1802.0
1143920 1795.1
1143930 1788.1
1143940 1788.1
1143950 1779.6
1143960 1771.1
1143970 1771.1
1143980 1763.7
1143990 1757.3
1144000 1757.3
1144010 1752.2
1144020 1748.4
1144030 1748.4
1144040 1745.4
1144050 1741.3
1144060 1733.7
1144070 1729.9
1144080 1727.3
1144090 1727.3
1144100 1723.8
1144110 1717.9
1144120 1712.5
1144130 1712.5
1144140 1709.2
1144150 1704.6
1144160 1704.6
1144170 1697.2
1144180 1681.4
1144190 1681.4
1144200 1667.0
1144210 1659.1
1144220 1659.1
1144230 1650.5
1144240 1633.5
1144250 1633.5
1144260 1614.4
1144270 1610.9
1144280 1610.9
1144290 1613.6
1144300 1614.4
1144310 1614.4
1144320 1617.1
1144330 1622.0
1144340 1626.6
1144350 1626.6
1144360 1626.5
1144370 1624.3
1144380 1624.3
1144390 1621.3
1144400 1619.0
1144410 1619.0
1144420 1615.3
1144430 1598.1
1144440 1598.1
1144450 1590.5
1144460 1584.2
1144470 1584.2
1144480 1578.6
1144490 1573.0
1144500 1573.0
1144510 1565.2
1144520 1556.6
1144530 1556.6
1144540 1551.1
1144550 1545.4
1144560 1539.4
1144570 1539.4
1144580 1533.9
1144590 1530.0
1144600 1530.0
1144610 1526.1
1144620 1522.6
1144630 1522.6
1144640 1518.5
1144650 1513.7
1144660 1513.7
1144670 1508.6
1144680 1503.4
1144690 1503.4
1144700 1498.1
1144710 1494.3
1144720 1494.3
1144730 1490.2
1144740 1485.9
1144750 1485.9
1144760 1482.0
1144770 1478.8
1144780 1475.8
1144790 1475.8
1144800 1468.2
1144810 1465.0
1144820 1465.0
1144830 1460.3
1144840 1455.0
1144850 1455.0
1144860 1450.5
1144870 1444.8
1144880 1444.8
1144890 1440.7
1144900 1437.6
1144910 1437.6
1144920 1435.3
1144930 1432.7
1144940 1432.7
1144950 1430.2
1144960 1427.5
1144970 1424.8
1144980 1424.8
1144990 1421.8
1145000 1418.4
1145010 1418.4
1145020 1415.0
1145030 1411.8
1145040 1411.8
1145050 1409.1
1145060 1406.3
1145070 1406.3
1145080 1403.6
1145090 1400.9
1145100 1400.9
1145110 1398.4
1145120 1395.2
1145130 1395.2
1145140 1392.1
1145150 1389.2
1145160 1389.2
1145170 1386.5
1145180 1383.0
1145190 1380.7
1145200 1380.7
1145210 1378.7
1145220 1376.5
1145230 1376.5
1145240 1373.8
1145250 1370.7
1145260 1370.7
1145270 1366.3
1145280 1361.2
1145290 1361.2
1145300 1357.6
1145310 1353.6
1145320 1353.6
1145330 1349.8
1145340 1348.0
1145350 1348.0
1145360 1347.2
1145370 1347.3
1145380 1347.3
1145390 1347.9
1145400 1348.0
1145410 1345.5
1145420 1345.5
1145430 1343.6
1145440 1343.9
1145450 1343.9
1145460 1345.0
1145470 1346.5
1145480 1346.5
1145490 1349.1
1145500 1350.1
1145510 1350.1
1145520 1351.0
1145530 1354.5
1145540 1354.5
1145550 1364.6
1145560 1366.4
1145570 1366.4
1145580 1367.4
1145590 1366.9
1145600 1366.9
1145610 1366.8
1145620 1368.7
1145630 1372.3
1145640 1372.3
1145650 1373.8
1145660 1374.3
1145670 1374.3
1145680 1375.8
1145690 1378.2
1145700 1378.2
1145710 1379.5
1145720 1378.1
1145730 1378.1
1145740 1376.6
1145750 1375.1
1145760 1375.1
1145770 1375.1
1145780 1376.6
1145790 1376.6
1145800 1376.2
1145810 1374.3
1145820 1373.4
1145830 1373.4
1145840 1373.6
1145850 1373.4
1145860 1373.4
1145870 1372.8
1145880 1370.1
1145890 1370.1
1145900 1368.4
1145910 1366.5
1145920 1362.2
1145930 1359.5
1145940 1357.1
1145950 1357.1
1145960 1355.0
1145970 1352.8
1145980 1352.8
1145990 1351.0
1146000 1349.9
1146010 1349.9
1146020 1348.2
1146030 1346.1
1146040 1348.5
1146050 1348.5
1146060 1349.6
1146070 1349.6
1146080 1349.6
1146090 1349.6
1146100 1349.5
1146110 1349.5
1146120 1350.8
1146130 1352.6
1146140 1352.6
1146150 1353.8
1146160 1356.8
1146170 1356.8
1146180 1359.1
1146190 1361.9
1146200 1361.9
1146210 1365.1
1146220 1368.5
1146230 1368.5
1146240 1371.1
1146250 1372.1
1146260 1373.4
1146270 1373.4
1146280 1378.4
1146290 1383.2
1146300 1389.2
1146310 1393.0
1146320 1397.6
1146330 1397.6
1146340 1403.1
1146350 1408.5
1146360 1408.5
1146370 1413.8
1146380 1419.5
1146390 1419.5
1146400 1423.7
1146410 1425.1
1146420 1425.1
1146430 1425.5
1146440 1429.1
1146450 1429.1
1146460 1436.0
1146470 1443.8
1146480 1450.3
1146490 1450.3
1146500 1454.7
1146510 1458.4
1146520 1458.4
1146530 1463.0
1146540 1468.3
1146550 1468.3
1146560 1474.2
1146570 1479.7
1146580 1479.7
1146590 1485.3
1146600 1489.8
1146610 1489.8
1146620 1493.1
1146630 1496.5
1146640 1496.5
1146650 1501.2
1146660 1504.8
1146670 1510.1
1146680 1513.2
1146690 1515.9
1146700 1518.9
1146710 1518.9
1146720 1521.6
1146730 1522.8
1146740 1522.8
1146750 1523.3
1146760 1525.3
1146770 1525.3
1146780 1529.9
1146790 1536.0
1146800 1536.0
1146810 1542.7
1146820 1546.7
1146830 1546.7
1146840 1550.5
1146850 1555.0
1146860 1555.0
1146870 1560.7
1146880 1566.8
1146890 1573.5
1146900 1573.5
1146910 1579.8
1146920 1585.6
1146930 1585.6
1146940 1590.5
1146950 1592.8
1146960 1592.8
1146970 1596.5
1146980 1600.6
1146990 1600.6
1147000 1605.3
1147010 1610.9
1147020 1610.9
1147030 1617.1
1147040 1622.9
1147050 1625.6
1147060 1632.4
1147070 1638.4
1147080 1638.4
1147090 1643.1
1147100 1647.4
1147110 1654.1
1147120 1654.1
1147130 1662.8
1147140 1672.5
1147150 1672.5
1147160 1681.7
1147170 1690.1
1147180 1690.1
1147190 1699.0
1147200 1707.0
1147210 1707.0
1147220 1714.6
1147230 1721.2
1147240 1721.2
1147250 1727.4
1147260 1733.5
1147270 1733.5
1147280 1738.9
1147290 1744.5
1147300 1744.5
1147310 1749.2
1147320 1753.8
1147330 1758.9
1147340 1758.9
1147350 1763.2
1147360 1768.6
1147370 1768.6
1147380 1775.9
1147390 1783.0
1147400 1783.0
1147410 1788.6
1147420 1796.0
1147430 1807.0
1147440 1814.1
1147450 1821.2
1147460 1821.2
1147470 1830.5
1147480 1838.6
1147490 1838.6
1147500 1846.0
1147510 1852.6
1147520 1852.6
1147530 1859.2
1147540 1866.8
1147550 1874.4
1147560 1874.4
1147570 1883.4
1147580 1892.6
1147590 1892.6
1147600 1901.6
1147610 1911.2
1147620 1911.2
1147630 1919.6
1147640 1927.5
1147650 1927.5
1147660 1935.7
1147670 1942.1
1147680 1942.1
1147690 1946.5
1147700 1949.2
1147710 1949.2
1147720 1951.2
1147730 1953.2
1147740 1955.0
1147750 1955.0
1147760 1956.8
1147770 1957.8
1147780 1957.8
1147790 1959.5
1147800 1969.0
1147810 1969.0
1147820 1969.8
1147830 1969.8
1147840 1969.8
1147850 1968.5
1147860 1967.9
1147870 1967.9
1147880 1968.3
1147890 1968.4
1147900 1968.4
1147910 1969.7
1147920 1971.5
1147930 1971.5
1147940 1972.8
1147950 1973.3
1147960 1968.5
1147970 1968.5
1147980 1970.3
1147990 1980.1
1148000 1980.1
1148010 1990.2
1148020 1999.4
1148030 1999.4
1148040 2007.5
1148050 2016.7
1148060 2016.7
1148070 2025.3
1148080 2033.6
1148090 2033.6
1148100 2040.4
1148110 2044.8
1148120 2044.8
1148130 2048.7
1148140 2055.9
1148150 2055.9
1148160 2064.5
1148170 2073.9
1148180 2083.2
1148190 2083.2
1148200 2092.7
1148210 2102.4
1148220 2102.4
1148230 2112.1
1148240 2120.4
1148250 2120.4
1148260 2126.4
1148270 2130.9
1148280 2130.9
1148290 2136.5
1148300 2143.8
1148310 2143.8
1148320 2152.9
1148330 2162.0
1148340 2162.0
1148350 2170.2
1148360 2181.1
1148370 2181.1
1148380 2191.0
1148390 2199.3
1148400 2207.2
1148410 2207.2
1148420 2216.1
1148430 2225.1
1148440 2225.1
1148450 2232.6
1148460 2239.1
1148470 2239.1
1148480 2241.8
1148490 2243.5
1148500 2243.5
1148510 2243.7
1148520 2242.2
1148530 2242.2
1148540 2239.4
1148550 2235.8
1148560 2235.8
1148570 2233.1
1148580 2230.1
1148590 2227.2
1148600 2227.2
1148610 2224.4
1148620 2222.8
1148630 2222.8
1148640 2223.2
1148650 2224.9
1148660 2224.9
1148670 2226.5
1148680 2228.3
1148690 2228.3
1148700 2231.1
1148710 2235.4
1148720 2235.4
1148730 2244.4
1148740 2255.9
1148750 2255.9
1148760 2266.2
1148770 2276.3
1148780 2276.3
1148790 2285.5
1148800 2293.6
1148810 2301.4
1148820 2301.4
1148830 2309.7
1148840 2316.4
1148850 2316.4
1148860 2324.1
1148870 2331.1
1148880 2331.1
1148890 2337.2
1148900 2343.0
1148910 2343.0
1148920 2349.7
1148930 2357.9
1148940 2357.9
1148950 2364.8
1148960 2370.0
1148970 2370.0
1148980 2373.9
1148990 2377.4
1149000 2377.4
1149010 2378.1
1149020 2381.2
1149030 2387.1
1149040 2387.1
1149050 2391.8
1149060 2393.3
1149070 2393.3
1149080 2395.3
1149090 2398.4
1149100 2398.4
1149110 2401.3
1149120 2404.5
1149130 2404.5
1149140 2407.7
1149150 2411.6
1149160 2411.6
1149170 2416.8
1149180 2423.8
1149190 2423.8
1149200 2431.2
1149210 2439.7
1149220 2439.7
1149230 2447.6
1149240 2454.3
1149250 2460.4
1149260 2460.4
1149270 2466.9
1149280 2472.5
1149290 2472.5
1149300 2477.0
1149310 2487.0
1149320 2487.0
1149330 2488.6
1149340 2493.0
1149350 2493.0
1149360 2499.5
1149370 2506.7
1149380 2506.7
1149390 2516.0
1149400 2525.3
1149410 2525.3
1149420 2529.2
1149430 2529.7
1149440 2527.7
1149450 2527.7
1149460 2531.8
1149470 2530.8
1149480 2530.8
1149490 2522.3
1149500 2515.5
1149510 2515.5
1149520 2511.1
1149530 2503.1
1149540 2503.1
1149550 2505.8
1149560 2523.3
1149570 2523.3
1149580 2539.8
1149590 2543.7
1149600 2543.7
1149610 2553.6
1149620 2560.7
1149630 2560.7
1149640 2563.8
1149650 2568.6
1149660 2575.7
1149670 2575.7
1149680 2574.1
1149690 2567.7
1149700 2567.7
1149710 2554.6
1149720 2539.5
1149730 2539.5
1149740 2532.8
1149750 2534.1
1149760 2534.1
1149770 2540.7
1149780 2537.1
1149790 2537.1
1149800 2523.1
1149810 2517.5
1149820 2517.5
1149830 2511.5
1149840 2498.5
1149850 2498.5
1149860 2483.3
1149870 2468.8
1149880 2455.9
1149890 2455.9
1149900 2442.1
1149910 2427.7
1149920 2427.7
1149930 2422.7
1149940 2420.1
1149950 2420.1
1149960 2415.5
1149970 2409.1
1149980 2409.1
1149990 2402.0
1150000 2396.7
1150010 2396.7
1150020 2394.3
1150030 2391.3
1150040 2391.3
1150050 2390.4
1150060 2385.3
1150070 2397.9
1150080 2399.2
1150090 2395.4
1150100 2384.4
1150110 2384.4
1150120 2377.0
1150130 2369.4
1150140 2369.4
1150150 2353.5
1150160 2343.8
1150170 2343.8
1150180 2340.3
1150190 2338.7
1150200 2338.7
1150210 2339.6
1150220 2339.9
1150230 2339.9
1150240 2336.4
1150250 2334.1
1150260 2334.1
1150270 2333.8
1150280 2336.1
1150290 2336.1
1150300 2339.3
1150310 2343.7
1150320 2349.2
1150330 2349.2
1150340 2355.2
1150350 2361.0
1150360 2361.0
1150370 2366.6
1150380 2372.3
1150390 2372.3
1150400 2377.1
1150410 2380.9
1150420 2380.9
1150430 2385.9
1150440 2399.2
1150450 2399.2
1150460 2418.5
1150470 2437.8
1150480 2437.8
1150490 2453.1
1150500 2476.7
1150510 2495.6
1150520 2495.6
1150530 2501.6
1150540 2508.5
1150550 2508.5
1150560 2515.9
1150570 2523.6
1150580 2523.6
1150590 2533.2
1150600 2542.3
1150610 2542.3
1150620 2550.0
1150630 2555.4
1150640 2555.4
1150650 2558.0
1150660 2561.0
1150670 2561.0
1150680 2564.8
1150690 2570.2
1150700 2570.2
1150710 2575.7
1150720 2581.8
1150730 2586.6
1150740 2586.6
1150750 2590.8
1150760 2596.4
1150770 2596.4
1150780 2600.7
1150790 2602.2
1150800 2602.2
1150810 2596.7
1150820 2584.1
1150830 2584.1
1150840 2573.4
1150850 2562.0
1150860 2562.0
1150870 2552.0
1150880 2542.9
1150890 2542.9
1150900 2537.5
1150910 2533.9
1150920 2533.9
1150930 2526.1
1150940 2517.8
1150950 2509.3
1150960 2509.3
1150970 2502.2
1150980 2495.6
1150990 2495.6
1151000 2490.5
1151010 2485.8
1151020 2485.8
1151030 2480.7
1151040 2474.3
1151050 2474.3
1151060 2466.7
1151070 2455.5
1151080 2455.5
1151090 2446.4
1151100 2438.4
1151110 2438.4
1151120 2430.7
1151130 2422.8
1151140 2422.8
1151150 2415.0
1151160 2407.7
1151170 2401.1
1151180 2401.1
1151190 2395.0
1151200 2390.1
1151210 2390.1
1151220 2384.8
1151230 2380.7
1151240 2380.7
1151250 2376.8
1151260 2372.5
1151270 2372.5
1151280 2368.2
1151290 2365.8
1151300 2365.8
1151310 2364.1
1151320 2363.1
1151330 2363.1
1151340 2364.5
1151350 2364.4
1151360 2361.1
1151370 2361.1
1151380 2357.0
1151390 2356.3
1151400 2356.3
1151410 2355.4
1151420 2354.6
1151430 2354.6
1151440 2353.8
1151450 2353.6
1151460 2353.6
1151470 2355.4
1151480 2361.0
1151490 2361.0
1151500 2368.2
1151510 2376.2
1151520 2376.2
1151530 2386.2
1151540 2395.4
1151550 2395.4
1151560 2393.6
1151570 2386.7
1151580 2393.0
1151590 2393.0
1151600 2386.7
1151610 2379.8
1151620 2379.8
1151630 2373.9
1151640 2366.5
1151650 2366.5
1151660 2360.5
1151670 2356.0
1151680 2356.0
1151690 2353.3
1151700 2352.8
1151710 2352.8
1151720 2355.4
1151730 2358.1
1151740 2358.1
1151750 2358.1
1151760 2358.5
1151770 2358.5
1151780 2361.0
1151790 2364.7
1151800 2367.4
1151810 2367.4
1151820 2366.8
1151830 2366.4
1151840 2366.4
1151850 2368.1
1151860 2367.3
1151870 2367.3
1151880 2365.2
1151890 2362.1
1151900 2362.1
1151910 2361.7
1151920 2365.5
1151930 2365.5
1151940 2373.8
1151950 2380.1
1151960 2380.1
1151970 2389.2
1151980 2393.3
1151990 2393.3
1152000 2394.2
1152010 2393.4
1152020 2392.0
1152030 2392.0
1152040 2393.0
1152050 2395.5
1152060 2395.5
1152070 2397.7
1152080 2399.4
1152090 2399.4
1152100 2401.2
1152110 2409.0
1152120 2409.0
1152130 2414.8
1152140 2423.2
1152150 2423.2
1152160 2428.1
1152170 2436.2
1152180 2436.2
1152190 2446.8
1152200 2454.1
1152210 2461.4
1152220 2461.4
1152230 2467.2
1152240 2474.0
1152250 2474.0
1152260 2478.3
1152270 2478.0
1152280 2478.0
1152290 2474.9
1152300 2480.0
1152310 2480.0
1152320 2488.7
1152330 2497.1
1152340 2497.1
1152350 2517.7
1152360 2527.3
1152370 2527.3
1152380 2536.0
1152390 2545.0
1152400 2545.0
1152410 2555.6
1152420 2564.2
1152430 2570.4
1152440 2570.4
1152450 2577.7
1152460 2584.7
1152470 2584.7
1152480 2592.2
1152490 2597.3
1152500 2597.3
1152510 2603.5
1152520 2610.7
1152530 2610.7
1152540 2618.8
1152550 2625.2
1152560 2625.2
1152570 2630.9
1152580 2635.8
1152590 2635.8
1152600 2641.1
1152610 2647.1
1152620 2647.1
1152630 2653.1
1152640 2659.5
1152650 2665.6
1152660 2665.6
1152670 2672.2
1152680 2680.1
1152690 2680.1
1152700 2686.3
1152710 2691.6
1152720 2691.6
1152730 2702.5
1152740 2709.8
1152750 2709.8
1152760 2716.1
1152770 2721.4
1152780 2721.4
1152790 2726.1
1152800 2731.3
1152810 2731.3
1152820 2737.3
1152830 2743.0
1152840 2743.0
1152850 2748.7
1152860 2754.1
1152870 2758.5
1152880 2758.5
1152890 2758.3
1152900 2756.0
1152910 2756.0
1152920 2755.7
1152930 2756.9
1152940 2756.9
1152950 2751.7
1152960 2747.7
1152970 2747.7
1152980 2744.3
1152990 2744.1
1153000 2744.1
1153010 2740.5
1153020 2735.2
1153030 2735.2
1153040 2722.9
1153050 2712.5
1153060 2695.6
1153070 2695.6
1153080 2685.4
1153090 2681.4
1153100 2681.4
1153110 2684.5
1153120 2681.0
1153130 2681.0
1153140 2678.9
1153150 2678.0
1153160 2678.0
1153170 2677.1
1153180 2675.3
1153190 2675.3
1153200 2677.0
1153210 2680.7
1153220 2680.7
1153230 2683.3
1153240 2685.7
1153250 2685.7
1153260 2687.9
1153270 2689.8
1153280 2691.7
1153290 2691.7
1153300 2693.6
1153310 2695.8
1153320 2695.8
1153330 2699.8
1153340 2704.1
1153350 2704.1
1153360 2709.2
1153370 2715.3
1153380 2715.3
1153390 2719.5
1153400 2725.7
1153410 2725.7
1153420 2732.6
1153430 2738.7
1153440 2738.7
1153450 2746.2
1153460 2750.9
1153470 2750.9
1153480 2754.9
1153490 2767.3
1153500 2772.6
1153510 2772.6
1153520 2777.8
1153530 2784.1
1153540 2784.1
1153550 2787.8
1153560 2787.6
1153570 2787.6
1153580 2774.3
1153590 2756.2
1153600 2756.2
1153610 2740.2
1153620 2724.3
1153630 2724.3
1153640 2707.3
1153650 2694.6
1153660 2694.6
1153670 2672.8
1153680 2657.8
1153690 2657.8
1153700 2653.1
1153710 2652.2
1153720 2643.8
1153730 2643.8
1153740 2638.0
1153750 2627.9
1153760 2627.9
1153770 2621.4
1153780 2615.3
1153790 2615.3
1153800 2615.1
1153810 2603.2
1153820 2603.2
1153830 2594.0
1153840 2580.9
1153850 2580.9
1153860 2564.2
1153870 2543.2
1153880 2550.5
1153890 2535.9
1153900 2526.0
1153910 2526.0
1153920 2514.7
1153930 2497.1
1153940 2485.4
1153950 2485.4
1153960 2473.7
1153970 2461.9
1153980 2461.9
1153990 2457.2
1154000 2451.6
1154010 2451.6
1154020 2447.0
1154030 2442.5
1154040 2442.5
1154050 2434.9
1154060 2427.9
1154070 2427.9
1154080 2420.1
1154090 2411.5
1154100 2411.5
1154110 2400.9
1154120 2391.9
1154130 2386.5
1154140 2386.5
1154150 2365.6
1154160 2344.9
1154170 2344.9
1154180 2325.2
1154190 2309.9
1154200 2309.9
1154210 2303.9
1154220 2299.6
1154230 2299.6
1154240 2294.9
1154250 2290.1
1154260 2294.6
1154270 2288.4
1154280 2281.7
1154290 2281.7
1154300 2275.3
1154310 2268.9
1154320 2268.9
1154330 2262.4
1154340 2255.6
1154350 2248.7
1154360 2248.7
1154370 2241.9
1154380 2235.4
1154390 2235.4
1154400 2229.0
1154410 2222.5
1154420 2222.5
1154430 2216.1
1154440 2209.5
1154450 2209.5
1154460 2203.1
1154470 2196.7
1154480 2196.7
1154490 2190.7
1154500 2185.4
1154510 2185.4
1154520 2180.2
1154530 2174.8
1154540 2174.8
1154550 2169.1
1154560 2162.9
1154570 2157.0
1154580 2157.0
1154590 2151.3
1154600 2145.9
1154610 2145.9
1154620 2140.7
1154630 2135.9
1154640 2137.9
1154650 2132.8
1154660 2127.8
1154670 2127.8
1154680 2122.6
1154690 2117.4
1154700 2117.4
1154710 2113.1
1154720 2109.2
1154730 2109.2
1154740 2105.5
1154750 2102.0
1154760 2102.0
1154770 2099.6
1154780 2099.8
1154790 2102.6
1154800 2102.6
1154810 2105.6
1154820 2110.1
1154830 2110.1
1154840 2115.5
1154850 2121.5
1154860 2121.5
1154870 2127.8
1154880 2134.3
1154890 2134.3
1154900 2141.9
1154910 2149.7
1154920 2149.7
1154930 2157.5
1154940 2164.5
1154950 2164.5
1154960 2170.8
1154970 2176.1
1154980 2181.5
1154990 2181.5
1155000 2187.5
1155010 2195.7
1155020 2195.7
1155030 2204.2
1155040 2210.9
1155050 2210.9
1155060 2216.9
1155070 2222.1
1155080 2222.1
1155090 2226.5
1155100 2229.8
1155110 2229.8
1155120 2233.1
1155130 2237.1
1155140 2237.1
1155150 2241.9
1155160 2246.6
1155170 2246.6
1155180 2251.2
1155190 2255.3
1155200 2262.1
1155210 2262.1
1155220 2274.9
1155230 2285.6
1155240 2285.6
1155250 2293.6
1155260 2301.5
1155270 2301.5
1155280 2310.0
1155290 2318.9
1155300 2318.9
1155310 2328.9
1155320 2339.2
1155330 2339.2
1155340 2350.1
1155350 2359.0
1155360 2359.0
1155370 2366.7
1155380 2373.8
1155390 2373.8
1155400 2382.1
1155410 2393.7
1155420 2401.9
1155430 2401.9
1155440 2410.8
1155450 2419.9
1155460 2419.9
1155470 2428.5
1155480 2437.0
1155490 2437.0
1155500 2444.3
1155510 2450.6
1155520 2450.6
1155530 2457.6
1155540 2464.7
1155550 2464.7
1155560 2472.0
1155570 2479.7
1155580 2479.7
1155590 2485.8
1155600 2488.6
1155610 2488.6
1155620 2487.6
1155630 2487.3
1155640 2487.5
1155650 2487.5
1155660 2487.0
1155670 2486.9
1155680 2486.9
1155690 2486.6
1155700 2486.7
1155710 2486.7
1155720 2487.8
1155730 2490.4
1155740 2490.4
1155750 2494.3
1155760 2497.1
1155770 2497.1
1155780 2499.1
1155790 2503.1
1155800 2504.5
1155810 2508.8
1155820 2512.0
1155830 2514.3
1155840 2514.3
1155850 2518.0
1155860 2521.6
1155870 2521.6
1155880 2525.5
1155890 2529.9
1155900 2529.9
1155910 2535.0
1155920 2539.9
1155930 2539.9
1155940 2544.6
1155950 2549.1
1155960 2549.1
1155970 2553.8
1155980 2558.5
1155990 2558.5
1156000 2563.3
1156010 2568.3
1156020 2568.3
1156030 2573.0
1156040 2577.7
1156050 2582.5
1156060 2582.5
1156070 2587.6
1156080 2592.9
1156090 2592.9
1156100 2598.2
1156110 2603.4
1156120 2603.4
1156130 2608.1
1156140 2613.1
1156150 2613.1
1156160 2620.5
1156170 2629.1
1156180 2629.6
1156190 2638.4
1156200 2651.5
1156210 2651.5
1156220 2663.8
1156230 2675.3
1156240 2675.3
1156250 2686.9
1156260 2692.0
1156270 2696.4
1156280 2696.4
1156290 2700.9
1156300 2707.3
1156310 2707.3
1156320 2715.1
1156330 2724.2
1156340 2724.2
1156350 2733.3
1156360 2742.2
1156370 2742.2
1156380 2748.4
1156390 2753.9
1156400 2753.9
1156410 2760.5
1156420 2767.7
1156430 2767.7
1156440 2775.1
1156450 2781.9
1156460 2781.9
1156470 2788.9
1156480 2797.2
1156490 2799.4
1156500 2799.4
1156510 2791.0
1156520 2783.1
1156530 2783.1
1156540 2776.4
1156550 2771.2
1156560 2771.2
1156570 2769.6
1156580 2762.1
1156590 2762.1
1156600 2753.0
1156610 2744.4
1156620 2744.4
1156630 2735.6
1156640 2727.3
1156650 2727.3
1156660 2722.1
1156670 2717.2
1156680 2711.3
1156690 2711.3
1156700 2701.9
1156710 2691.1
1156720 2691.1
1156730 2677.6
1156740 2668.8
1156750 2668.8
1156760 2662.5
1156770 2656.1
1156780 2656.1
1156790 2649.8
1156800 2643.8
1156810 2643.8
1156820 2637.8
1156830 2632.2
1156840 2632.2
1156850 2627.1
1156860 2622.4
1156870 2622.4
1156880 2618.3
1156890 2614.7
1156900 2611.6
1156910 2611.6
1156920 2608.9
1156930 2606.8
1156940 2606.8
1156950 2602.6
1156960 2599.9
1156970 2599.9
1156980 2597.0
1156990 2594.9
1157000 2594.9
1157010 2594.1
1157020 2593.1
1157030 2593.1
1157040 2591.3
1157050 2590.5
1157060 2590.5
1157070 2589.9
1157080 2588.3
1157090 2588.3
1157100 2586.3
1157110 2584.7
1157120 2582.7
1157130 2582.7
1157140 2580.4
1157150 2578.8
1157160 2578.8
1157170 2576.2
1157180 2571.9
1157190 2571.9
1157200 2568.4
1157210 2567.5
1157220 2567.5
1157230 2567.8
1157240 2565.2
1157250 2565.2
1157260 2559.6
1157270 2555.0
1157280 2555.0
1157290 2551.9
1157300 2548.0
1157310 2548.0
1157320 2545.0
1157330 2542.6
1157340 2542.1
1157350 2542.1
1157360 2540.2
1157370 2537.8
1157380 2537.8
1157390 2535.1
1157400 2532.9
1157410 2532.9
1157420 2531.5
1157430 2530.0
1157440 2530.0
1157450 2528.6
1157460 2527.0
1157470 2527.0
1157480 2525.2
1157490 2522.5
1157500 2522.5
1157510 2518.2
1157520 2512.4
1157530 2506.3
1157540 2506.3
1157550 2500.6
1157560 2494.0
1157570 2494.0
1157580 2486.9
1157590 2480.7
1157600 2480.7
1157610 2476.6
1157620 2473.5
1157630 2473.5
1157640 2470.4
1157650 2468.7
1157660 2468.7
1157670 2467.1
1157680 2465.3
1157690 2465.3
1157700 2463.7
1157710 2461.9
1157720 2461.9
1157730 2457.3
1157740 2456.4
1157750 2455.4
1157760 2455.4
1157770 2453.8
1157780 2452.5
1157790 2452.5
1157800 2451.5
1157810 2450.9
1157820 2450.9
1157830 2449.9
1157840 2448.7
1157850 2448.7
1157860 2447.8
1157870 2447.2
1157880 2447.2
1157890 2446.0
1157900 2443.0
1157910 2443.0
1157920 2440.0
1157930 2437.1
1157940 2437.1
1157950 2434.6
1157960 2432.9
1157970 2431.1
1157980 2431.1
1157990 2427.6
1158000 2423.1
1158010 2423.1
1158020 2418.3
1158030 2413.1
1158040 2413.1
1158050 2408.1
1158060 2401.9
1158070 2401.9
1158080 2395.1
1158090 2388.5
1158100 2388.5
1158110 2382.1
1158120 2373.4
1158130 2373.4
1158140 2366.0
1158150 2359.5
1158160 2359.5
1158170 2349.7
1158180 2340.0
1158190 2331.7
1158200 2331.7
1158210 2325.0
1158220 2319.7
1158230 2319.7
1158240 2314.6
1158250 2311.3
1158260 2311.3
1158270 2308.2
1158280 2306.5
1158290 2306.5
1158300 2305.5
1158310 2305.1
1158320 2305.1
1158330 2304.9
1158340 2304.2
1158350 2304.2
1158360 2304.7
1158370 2305.6
1158380 2306.2
1158390 2306.2
1158400 2307.8
1158410 2311.5
1158420 2311.5
1158430 2316.1
1158440 2320.7
1158450 2320.7
1158460 2326.2
1158470 2331.6
1158480 2331.6
1158490 2336.6
1158500 2344.2
1158510 2344.2
1158520 2349.3
1158530 2354.3
1158540 2354.3
1158550 2359.4
1158560 2364.4
1158570 2364.4
1158580 2369.0
1158590 2373.7
1158600 2378.5
1158610 2378.5
1158620 2383.3
1158630 2388.0
1158640 2388.0
1158650 2392.9
1158660 2397.5
1158670 2397.5
1158680 2402.2
1158690 2407.1
1158700 2407.1
1158710 2412.1
1158720 2417.3
1158730 2417.3
1158740 2423.1
1158750 2429.4
1158760 2429.4
1158770 2436.0
1158780 2443.0
1158790 2443.0
1158800 2450.2
1158810 2457.7
1158820 2465.4
1158830 2465.4
1158840 2473.1
1158850 2481.0
1158860 2481.0
1158870 2489.4
1158880 2497.4
1158890 2502.2
1158900 2511.0
1158910 2521.7
1158920 2521.7
1158930 2537.4
1158940 2553.5
1158950 2553.5
1158960 2569.6
1158970 2584.4
1158980 2584.4
1158990 2592.9
1159000 2594.1
1159010 2594.1
1159020 2598.1
1159030 2601.3
1159040 2608.6
1159050 2608.6
1159060 2616.9
1159070 2629.0
1159080 2629.0
1159090 2643.6
1159100 2658.5
1159110 2658.5
1159120 2671.1
1159130 2680.1
1159140 2680.1
1159150 2688.8
1159160 2696.6
1159170 2696.6
1159180 2704.6
1159190 2712.4
1159200 2712.4
1159210 2720.3
1159220 2728.5
1159230 2734.4
1159240 2734.4
1159250 2738.2
1159260 2742.1
1159270 2742.1
1159280 2742.6
1159290 2747.0
1159300 2747.0
1159310 2750.5
1159320 2754.2
1159330 2754.2
1159340 2757.1
1159350 2758.7
1159360 2758.7
1159370 2759.7
1159380 2758.3
1159390 2758.3
1159400 2757.1
1159410 2755.0
1159420 2755.0
1159430 2754.0
1159440 2753.7
1159450 2753.1
1159460 2753.1
1159470 2752.0
1159480 2751.1
1159490 2751.1
1159500 2751.0
1159510 2752.1
1159520 2752.1
1159530 2754.2
1159540 2758.5
1159550 2758.5
1159560 2764.4
1159570 2770.7
1159580 2770.7
1159590 2776.6
1159600 2783.7
1159610 2783.7
1159620 2789.6
1159630 2795.3
1159640 2795.3
1159650 2799.1
1159660 2799.5
1159670 2810.8
1159680 2810.8
1159690 2813.0
1159700 2810.7
1159710 2810.7
1159720 2808.1
1159730 2807.6
1159740 2807.6
1159750 2803.2
1159760 2799.1
1159770 2799.1
1159780 2796.9
1159790 2794.8
1159800 2794.8
1159810 2793.8
1159820 2792.6
1159830 2792.6
1159840 2791.0
1159850 2790.4
1159860 2790.4
1159870 2790.8
1159880 2790.4
1159890 2790.7
1159900 2790.7
1159910 2790.3
1159920 2789.1
1159930 2789.1
1159940 2789.4
1159950 2790.7
1159960 2790.7
1159970 2790.9
1159980 2791.3
1159990 2791.3
