1140000 2583.0
1140010 2583.0
1140020 2595.8
1140030 2610.6
1140040 2610.6
1140050 2622.6
1140060 2629.9
1140070 2632.1
1140080 2632.1
1140090 2631.1
1140100 2631.5
1140110 2631.5
1140120 2634.2
1140130 2638.0
1140140 2638.0
1140150 2643.5
1140160 2650.4
1140170 2648.1
1140180 2657.2
1140190 2662.3
1140200 2662.3
1140210 2670.0
1140220 2676.8
1140230 2676.8
1140240 2682.1
1140250 2688.6
1140260 2688.6
1140270 2695.4
1140280 2702.8
1140290 2709.1
1140300 2709.1
1140310 2715.7
1140320 2721.5
1140330 2721.5
1140340 2728.4
1140350 2735.3
1140360 2735.3
1140370 2741.4
1140380 2744.9
1140390 2744.9
1140400 2748.6
1140410 2752.8
1140420 2752.8
1140430 2755.9
1140440 2758.3
1140450 2758.3
1140460 2759.2
1140470 2757.4
1140480 2757.4
1140490 2756.0
1140500 2755.2
1140510 2755.7
1140520 2755.7
1140530 2758.1
1140540 2771.4
1140550 2771.4
1140560 2777.6
1140570 2781.9
1140580 2781.9
1140590 2787.1
1140600 2791.7
1140610 2791.7
1140620 2791.2
1140630 2788.7
1140640 2788.7
1140650 2787.1
1140660 2786.8
1140670 2786.8
1140680 2788.3
1140690 2792.8
1140700 2792.8
1140710 2790.0
1140720 2781.6
1140730 2776.9
1140740 2776.9
1140750 2770.8
1140760 2762.0
1140770 2762.0
1140780 2757.6
1140790 2754.5
1140800 2754.5
1140810 2750.2
1140820 2744.2
1140830 2744.2
1140840 2736.6
1140850 2726.3
1140860 2726.3
1140870 2725.7
1140880 2729.1
1140890 2729.1
1140900 2723.9
1140910 2724.8
1140920 2719.7
1140930 2719.7
1140940 2714.4
1140950 2712.4
1140960 2712.4
1140970 2711.7
1140980 2703.4
1140990 2703.4
1141000 2692.4
1141010 2689.5
1141020 2689.5
1141030 2689.5
1141040 2688.4
1141050 2688.4
1141060 2688.1
1141070 2689.5
1141080 2689.5
1141090 2691.1
1141100 2693.8
1141110 2693.8
1141120 2701.5
1141130 2716.1
1141140 2730.2
1141150 2730.2
1141160 2744.7
1141170 2751.7
1141180 2751.7
1141190 2764.6
1141200 2764.0
1141210 2764.0
1141220 2750.6
1141230 2739.6
1141240 2739.6
1141250 2724.8
1141260 2713.8
1141270 2713.8
1141280 2700.8
1141290 2694.1
1141300 2694.1
1141310 2686.6
1141320 2680.2
1141330 2680.2
1141340 2671.2
1141350 2657.1
1141360 2649.9
1141370 2649.9
1141380 2647.4
1141390 2645.7
1141400 2645.7
1141410 2643.8
1141420 2642.7
1141430 2642.7
1141440 2640.3
1141450 2636.0
1141460 2636.0
1141470 2630.1
1141480 2623.4
1141490 2623.4
1141500 2618.3
1141510 2612.8
1141520 2612.8
1141530 2607.3
1141540 2601.8
1141550 2601.8
1141560 2596.1
1141570 2589.5
1141580 2582.2
1141590 2582.2
1141600 2574.3
1141610 2565.5
1141620 2565.5
1141630 2558.8
1141640 2554.5
1141650 2549.1
1141660 2544.9
1141670 2540.8
1141680 2540.8
1141690 2536.3
1141700 2531.7
1141710 2531.7
1141720 2526.8
1141730 2521.6
1141740 2521.6
1141750 2516.3
1141760 2510.7
1141770 2510.7
1141780 2505.1
1141790 2499.7
1141800 2493.9
1141810 2493.9
1141820 2488.2
1141830 2482.4
1141840 2482.4
1141850 2477.4
1141860 2473.8
1141870 2473.8
1141880 2470.2
1141890 2466.3
1141900 2466.3
1141910 2462.3
1141920 2457.9
1141930 2457.9
1141940 2453.9
1141950 2451.4
1141960 2451.4
1141970 2449.8
1141980 2447.3
1141990 2443.1
1142000 2443.1
1142010 2441.4
1142020 2436.1
1142030 2436.1
1142040 2436.2
1142050 2436.6
1142060 2436.6
1142070 2437.4
1142080 2439.8
1142090 2439.8
1142100 2443.6
1142110 2442.8
1142120 2442.8
1142130 2443.7
1142140 2446.1
1142150 2446.1
1142160 2444.8
1142170 2442.8
1142180 2442.8
1142190 2443.5
1142200 2445.2
1142210 2446.1
1142220 2446.1
1142230 2448.3
1142240 2451.4
1142250 2451.4
1142260 2454.6
1142270 2457.2
1142280 2457.2
1142290 2459.2
1142300 2460.6
1142310 2460.6
1142320 2460.7
1142330 2459.7
1142340 2459.7
1142350 2458.7
1142360 2457.8
1142370 2457.8
1142380 2455.7
1142390 2450.3
1142400 2450.3
1142410 2447.1
1142420 2444.0
1142430 2440.9
1142440 2440.9
1142450 2440.1
1142460 2440.2
1142470 2440.2
1142480 2441.3
1142490 2439.7
1142500 2439.7
1142510 2435.9
1142520 2432.0
1142530 2432.0
1142540 2427.0
1142550 2423.0
1142560 2423.0
1142570 2421.4
1142580 2418.7
1142590 2418.7
1142600 2412.7
1142610 2404.5
1142620 2404.5
1142630 2395.3
1142640 2386.6
1142650 2378.3
1142660 2378.3
1142670 2371.9
1142680 2367.6
1142690 2367.6
1142700 2364.2
1142710 2362.2
1142720 2362.2
1142730 2360.4
1142740 2358.5
1142750 2358.5
1142760 2355.0
1142770 2352.6
1142780 2352.6
1142790 2349.6
1142800 2346.0
1142810 2346.0
1142820 2341.3
1142830 2337.0
1142840 2337.0
1142850 2333.0
1142860 2331.5
1142870 2332.2
1142880 2332.2
1142890 2333.3
1142900 2333.2
1142910 2333.2
1142920 2332.7
1142930 2331.4
1142940 2331.4
1142950 2328.9
1142960 2326.9
1142970 2326.9
1142980 2325.8
1142990 2324.1
1143000 2324.1
1143010 2325.3
1143020 2327.9
1143030 2327.9
1143040 2330.3
1143050 2336.2
1143060 2336.2
1143070 2342.5
1143080 2344.6
1143090 2344.1
1143100 2344.1
1143110 2342.7
1143120 2341.3
1143130 2334.6
1143140 2333.4
1143150 2331.9
1143160 2331.9
1143170 2329.2
1143180 2326.3
1143190 2326.3
1143200 2323.4
1143210 2320.7
1143220 2320.7
1143230 2314.7
1143240 2308.5
1143250 2308.5
1143260 2303.7
1143270 2299.3
1143280 2294.7
1143290 2294.7
1143300 2290.6
1143310 2286.2
1143320 2286.2
1143330 2281.2
1143340 2275.4
1143350 2275.4
1143360 2268.5
1143370 2261.8
1143380 2261.8
1143390 2255.7
1143400 2250.8
1143410 2250.8
1143420 2247.2
1143430 2243.7
1143440 2243.7
1143450 2238.1
1143460 2230.2
1143470 2230.2
1143480 2220.9
1143490 2210.5
1143500 2207.9
1143510 2207.9
1143520 2198.5
1143530 2190.4
1143540 2190.4
1143550 2182.2
1143560 2172.4
1143570 2172.4
1143580 2161.7
1143590 2156.7
1143600 2156.7
1143610 2150.5
1143620 2145.7
1143630 2145.7
1143640 2139.4
1143650 2130.3
1143660 2130.3
1143670 2122.3
1143680 2114.7
1143690 2114.7
1143700 2110.4
1143710 2107.1
1143720 2097.6
1143730 2097.6
1143740 2088.8
1143750 2083.4
1143760 2083.4
1143770 2080.3
1143780 2077.7
1143790 2077.7
1143800 2071.9
1143810 2064.2
1143820 2064.2
1143830 2054.6
1143840 2045.7
1143850 2045.7
1143860 2037.0
1143870 2030.5
1143880 2030.5
1143890 2021.1
1143900 2013.1
1143910 2013.1
1143920 2006.1
1143930 1999.6
1143940 1994.5
1143950 1994.5
1143960 1988.5
1143970 1979.8
1143980 1979.8
1143990 1971.1
1144000 1967.9
1144010 1967.9
1144020 1963.7
1144030 1955.6
1144040 1955.6
1144050 1947.2
1144060 1938.9
1144070 1938.9
1144080 1929.8
1144090 1919.7
1144100 1919.7
1144110 1911.1
1144120 1902.8
1144130 1902.8
1144140 1894.5
1144150 1885.8
1144160 1877.8
1144170 1877.8
1144180 1870.3
1144190 1862.9
1144200 1862.9
1144210 1855.4
1144220 1847.3
1144230 1847.3
1144240 1844.1
1144250 1835.8
1144260 1835.8
1144270 1827.7
1144280 1819.6
1144290 1819.6
1144300 1812.3
1144310 1805.2
1144320 1805.2
1144330 1797.9
1144340 1790.1
1144350 1782.1
1144360 1782.1
1144370 1772.9
1144380 1761.6
1144390 1761.6
1144400 1748.7
1144410 1738.0
1144420 1738.0
1144430 1726.8
1144440 1714.9
1144450 1714.9
1144460 1707.3
1144470 1700.4
1144480 1700.4
1144490 1693.8
1144500 1687.8
1144510 1687.8
1144520 1682.8
1144530 1678.6
1144540 1678.6
1144550 1675.1
1144560 1671.0
1144570 1666.7
1144580 1666.7
1144590 1663.4
1144600 1660.1
1144610 1660.1
1144620 1654.9
1144630 1652.1
1144640 1652.1
1144650 1649.2
1144660 1646.2
1144670 1646.2
1144680 1643.2
1144690 1639.9
1144700 1639.9
1144710 1637.1
1144720 1633.7
1144730 1633.7
1144740 1630.0
1144750 1625.1
1144760 1625.1
1144770 1617.9
1144780 1611.1
1144790 1606.4
1144800 1606.4
1144810 1601.9
1144820 1594.3
1144830 1594.3
1144840 1587.1
1144850 1580.8
1144860 1580.8
1144870 1579.0
1144880 1580.7
1144890 1580.7
1144900 1584.4
1144910 1591.6
1144920 1591.6
1144930 1598.0
1144940 1602.0
1144950 1602.0
1144960 1603.6
1144970 1605.2
1144980 1605.2
1144990 1601.5
1145000 1604.2
1145010 1607.2
1145020 1607.2
1145030 1610.3
1145040 1613.6
1145050 1613.6
1145060 1617.0
1145070 1620.6
1145080 1620.6
1145090 1624.3
1145100 1628.3
1145110 1628.3
1145120 1632.3
1145130 1635.4
1145140 1635.4
1145150 1637.6
1145160 1639.0
1145170 1639.0
1145180 1640.0
1145190 1639.5
1145200 1639.5
1145210 1638.2
1145220 1635.3
1145230 1632.6
1145240 1632.6
1145250 1630.5
1145260 1627.1
1145270 1627.1
1145280 1622.6
1145290 1618.2
1145300 1618.2
1145310 1614.7
1145320 1610.1
1145330 1610.1
1145340 1605.9
1145350 1603.5
1145360 1593.8
1145370 1595.4
1145380 1593.5
1145390 1593.5
1145400 1590.1
1145410 1586.4
1145420 1582.4
1145430 1582.4
1145440 1578.0
1145450 1574.0
1145460 1574.0
1145470 1570.7
1145480 1567.6
1145490 1567.6
1145500 1563.1
1145510 1557.0
1145520 1557.0
1145530 1551.6
1145540 1549.4
1145550 1549.4
1145560 1546.3
1145570 1541.7
1145580 1541.7
1145590 1540.8
1145600 1535.8
1145610 1535.8
1145620 1524.8
1145630 1518.8
1145640 1518.4
1145650 1518.4
1145660 1518.8
1145670 1517.3
1145680 1517.3
1145690 1515.9
1145700 1514.0
1145710 1514.0
1145720 1511.8
1145730 1509.0
1145740 1502.3
1145750 1499.0
1145760 1494.8
1145770 1494.8
1145780 1488.5
1145790 1481.9
1145800 1481.9
1145810 1475.9
1145820 1471.7
1145830 1471.7
1145840 1466.8
1145850 1461.9
1145860 1457.1
1145870 1457.1
1145880 1450.3
1145890 1445.9
1145900 1445.9
1145910 1441.5
1145920 1437.1
1145930 1437.1
1145940 1433.5
1145950 1429.4
1145960 1429.4
1145970 1424.9
1145980 1420.0
1145990 1420.0
1146000 1415.3
1146010 1410.4
1146020 1410.4
1146030 1404.6
1146040 1398.5
1146050 1398.5
1146060 1393.1
1146070 1388.8
1146080 1385.8
1146090 1385.8
1146100 1383.6
1146110 1377.0
1146120 1377.0
1146130 1373.7
1146140 1370.2
1146150 1370.2
1146160 1368.0
1146170 1366.9
1146180 1366.9
1146190 1364.7
1146200 1362.2
1146210 1362.2
1146220 1359.6
1146230 1357.2
1146240 1357.2
1146250 1355.1
1146260 1353.2
1146270 1353.2
1146280 1352.0
1146290 1351.4
1146300 1350.4
1146310 1350.4
1146320 1349.5
1146330 1349.1
1146340 1349.1
1146350 1349.1
1146360 1348.5
1146370 1348.5
1146380 1348.0
1146390 1347.9
1146400 1347.9
1146410 1348.1
1146420 1348.0
1146430 1348.0
1146440 1347.7
1146450 1347.7
1146460 1347.7
1146470 1347.8
1146480 1344.2
1146490 1343.1
1146500 1343.1
1146510 1341.9
1146520 1340.7
1146530 1340.7
1146540 1339.0
1146550 1338.1
1146560 1338.1
1146570 1336.4
1146580 1333.1
1146590 1333.1
1146600 1330.8
1146610 1330.2
1146620 1330.2
1146630 1329.5
1146640 1327.7
1146650 1327.7
1146660 1326.9
1146670 1326.4
1146680 1326.4
1146690 1326.0
1146700 1325.9
1146710 1325.9
1146720 1325.9
1146730 1325.7
1146740 1324.3
1146750 1324.3
1146760 1323.8
1146770 1327.3
1146780 1327.3
1146790 1332.1
1146800 1332.9
1146810 1332.9
1146820 1334.0
1146830 1335.9
1146840 1335.9
1146850 1338.0
1146860 1343.7
1146870 1343.7
1146880 1346.9
1146890 1350.2
1146900 1350.2
1146910 1353.0
1146920 1355.0
1146930 1357.5
1146940 1357.5
1146950 1360.1
1146960 1362.7
1146970 1362.7
1146980 1364.9
1146990 1366.2
1147000 1366.2
1147010 1368.5
1147020 1372.9
1147030 1372.9
1147040 1376.9
1147050 1380.8
1147060 1380.8
1147070 1383.9
1147080 1387.3
1147090 1387.3
1147100 1392.5
1147110 1399.6
1147120 1399.6
1147130 1405.5
1147140 1409.1
1147150 1412.2
1147160 1412.2
1147170 1415.4
1147180 1419.2
1147190 1419.2
1147200 1423.6
1147210 1427.5
1147220 1427.5
1147230 1435.7
1147240 1439.5
1147250 1439.5
1147260 1443.9
1147270 1449.6
1147280 1449.6
1147290 1457.1
1147300 1464.6
1147310 1464.6
1147320 1472.2
1147330 1478.5
1147340 1478.5
1147350 1485.0
1147360 1491.2
1147370 1498.0
1147380 1498.0
1147390 1505.0
1147400 1511.7
1147410 1511.7
1147420 1518.1
1147430 1524.3
1147440 1524.3
1147450 1528.8
1147460 1536.0
1147470 1536.0
1147480 1546.4
1147490 1554.6
1147500 1554.6
1147510 1561.5
1147520 1567.0
1147530 1567.0
1147540 1570.9
1147550 1576.4
1147560 1585.7
1147570 1585.7
1147580 1596.4
1147590 1601.3
1147600 1601.3
1147610 1608.5
1147620 1604.4
1147630 1604.4
1147640 1608.5
1147650 1613.4
1147660 1613.4
1147670 1622.1
1147680 1634.3
1147690 1634.3
1147700 1641.2
1147710 1644.0
1147720 1644.0
1147730 1647.1
1147740 1654.1
1147750 1654.1
1147760 1663.9
1147770 1671.6
1147780 1677.2
1147790 1677.2
1147800 1679.3
1147810 1677.6
1147820 1677.6
1147830 1677.2
1147840 1679.9
1147850 1679.9
1147860 1683.5
1147870 1687.0
1147880 1687.0
1147890 1690.5
1147900 1694.1
1147910 1694.1
1147920 1698.2
1147930 1702.0
1147940 1702.0
1147950 1705.6
1147960 1710.1
1147970 1710.1
1147980 1716.3
1147990 1741.2
1148000 1761.7
1148010 1761.7
1148020 1774.1
1148030 1780.7
1148040 1780.7
1148050 1784.4
1148060 1786.4
1148070 1786.4
1148080 1787.4
1148090 1788.8
1148100 1788.8
1148110 1789.2
1148120 1788.9
1148130 1788.9
1148140 1787.8
1148150 1786.9
1148160 1786.9
1148170 1785.7
1148180 1784.4
1148190 1784.4
1148200 1778.3
1148210 1760.7
1148220 1748.8
1148230 1748.8
1148240 1757.3
1148250 1780.3
1148260 1780.3
1148270 1797.0
1148280 1808.9
1148290 1808.9
1148300 1825.0
1148310 1842.0
1148320 1842.0
1148330 1860.6
1148340 1870.8
1148350 1870.8
1148360 1882.2
1148370 1892.8
1148380 1892.8
1148390 1902.4
1148400 1909.4
1148410 1909.4
1148420 1918.4
1148430 1928.0
1148440 1932.4
1148450 1932.4
1148460 1936.3
1148470 1942.3
1148480 1942.3
1148490 1955.3
1148500 1967.0
1148510 1967.0
1148520 1972.5
1148530 1978.1
1148540 1978.1
1148550 1985.0
1148560 1989.5
1148570 1989.5
1148580 1991.9
1148590 1993.9
1148600 1993.9
1148610 1995.0
1148620 1994.5
1148630 1997.3
1148640 1997.3
1148650 2004.5
1148660 2013.5
1148670 2013.5
1148680 2020.5
1148690 2025.6
1148700 2025.6
1148710 2027.5
1148720 2028.5
1148730 2028.5
1148740 2035.6
1148750 2033.5
1148760 2033.5
1148770 2030.1
1148780 2028.6
1148790 2028.6
1148800 2028.0
1148810 2027.6
1148820 2027.6
1148830 2028.1
1148840 2033.6
1148850 2043.4
1148860 2043.4
1148870 2052.7
1148880 2068.1
1148890 2068.1
1148900 2078.9
1148910 2092.4
1148920 2092.4
1148930 2106.3
1148940 2127.6
1148950 2127.6
1148960 2138.9
1148970 2146.9
1148980 2146.9
1148990 2150.5
1149000 2151.1
1149010 2151.1
1149020 2150.5
1149030 2147.6
1149040 2147.6
1149050 2143.5
1149060 2139.5
1149070 2135.1
1149080 2135.1
1149090 2131.6
1149100 2127.1
1149110 2127.1
1149120 2132.0
1149130 2128.3
1149140 2128.3
1149150 2123.6
1149160 2117.5
1149170 2117.5
1149180 2113.6
1149190 2109.7
1149200 2109.7
1149210 2104.4
1149220 2099.3
1149230 2099.3
1149240 2095.0
1149250 2091.4
1149260 2091.4
1149270 2087.5
1149280 2073.8
1149290 2055.5
1149300 2055.5
1149310 2049.9
1149320 2056.6
1149330 2056.6
1149340 2069.5
1149350 2083.1
1149360 2083.1
1149370 2095.2
1149380 2107.6
1149390 2107.6
1149400 2117.2
1149410 2125.4
1149420 2125.4
1149430 2132.5
1149440 2139.5
1149450 2139.5
1149460 2148.0
1149470 2156.1
1149480 2156.1
1149490 2164.5
1149500 2173.8
1149510 2181.8
1149520 2181.8
1149530 2189.6
1149540 2197.6
1149550 2197.6
1149560 2206.9
1149570 2215.6
1149580 2215.6
1149590 2217.9
1149600 2216.7
1149610 2216.7
1149620 2217.6
1149630 2218.7
1149640 2218.7
1149650 2215.4
1149660 2211.0
1149670 2211.0
1149680 2212.0
1149690 2209.9
1149700 2206.8
1149710 2206.8
1149720 2205.9
1149730 2211.9
1149740 2211.9
1149750 2212.9
1149760 2212.4
1149770 2212.4
1149780 2213.8
1149790 2200.6
1149800 2200.6
1149810 2196.1
1149820 2185.8
1149830 2185.8
1149840 2174.9
1149850 2166.4
1149860 2166.4
1149870 2176.0
1149880 2167.9
1149890 2167.9
1149900 2158.3
1149910 2150.7
1149920 2146.0
1149930 2146.0
1149940 2142.9
1149950 2138.0
1149960 2138.0
1149970 2132.8
1149980 2129.7
1149990 2129.7
1150000 2125.2
1150010 2119.4
1150020 2119.4
1150030 2112.6
1150040 2105.2
1150050 2105.2
1150060 2099.4
1150070 2093.4
1150080 2093.4
1150090 2089.4
1150100 2089.6
1150110 2089.6
1150120 2090.5
1150130 2091.1
1150140 2090.9
1150150 2090.9
1150160 2091.5
1150170 2091.3
1150180 2091.3
1150190 2091.1
1150200 2091.5
1150210 2091.5
1150220 2091.5
1150230 2091.1
1150240 2091.1
1150250 2094.8
1150260 2094.7
1150270 2094.7
1150280 2095.2
1150290 2097.5
1150300 2097.5
1150310 2099.5
1150320 2102.5
1150330 2102.5
1150340 2105.2
1150350 2107.4
1150360 2110.1
1150370 2110.1
1150380 2113.8
1150390 2118.5
1150400 2118.5
1150410 2123.2
1150420 2127.2
1150430 2127.2
1150440 2130.8
1150450 2133.8
1150460 2133.8
1150470 2137.4
1150480 2141.2
1150490 2141.2
1150500 2143.2
1150510 2145.1
1150520 2145.1
1150530 2147.7
1150540 2151.6
1150550 2151.6
1150560 2155.2
1150570 2159.4
1150580 2166.2
1150590 2166.2
1150600 2177.3
1150610 2198.2
1150620 2198.2
1150630 2227.0
1150640 2243.4
1150650 2243.4
1150660 2255.1
1150670 2263.0
1150680 2263.0
1150690 2270.1
1150700 2278.0
1150710 2278.0
1150720 2285.8
1150730 2290.1
1150740 2290.1
1150750 2283.3
1150760 2282.4
1150770 2287.3
1150780 2287.3
1150790 2296.7
1150800 2303.5
1150810 2303.5
1150820 2308.5
1150830 2314.2
1150840 2314.2
1150850 2320.9
1150860 2327.9
1150870 2327.9
1150880 2334.7
1150890 2343.1
1150900 2343.1
1150910 2353.2
1150920 2363.0
1150930 2363.0
1150940 2371.5
1150950 2379.2
1150960 2379.2
1150970 2387.4
1150980 2394.8
1150990 2402.2
1151000 2402.2
1151010 2417.7
1151020 2422.1
1151030 2422.1
1151040 2419.1
1151050 2415.0
1151060 2415.0
1151070 2411.9
1151080 2405.2
1151090 2405.2
1151100 2399.9
1151110 2398.0
1151120 2398.0
1151130 2391.0
1151140 2388.7
1151150 2388.7
1151160 2386.3
1151170 2378.4
1151180 2378.4
1151190 2370.6
1151200 2362.3
1151210 2355.2
1151220 2355.2
1151230 2349.5
1151240 2343.0
1151250 2343.0
1151260 2338.1
1151270 2334.5
1151280 2334.5
1151290 2325.3
1151300 2316.4
1151310 2316.4
1151320 2310.1
1151330 2303.9
1151340 2303.9
1151350 2298.6
1151360 2294.1
1151370 2294.1
1151380 2290.2
1151390 2282.0
1151400 2282.0
1151410 2275.9
1151420 2269.6
1151430 2264.2
1151440 2264.2
1151450 2259.5
1151460 2255.2
1151470 2255.2
1151480 2250.9
1151490 2247.4
1151500 2247.4
1151510 2244.3
1151520 2241.5
1151530 2241.5
1151540 2238.9
1151550 2237.2
1151560 2237.2
1151570 2235.8
1151580 2231.9
1151590 2231.9
1151600 2226.6
1151610 2221.3
1151620 2221.3
1151630 2217.7
1151640 2214.4
1151650 2210.5
1151660 2210.5
1151670 2206.2
1151680 2202.9
1151690 2202.9
1151700 2200.1
1151710 2198.6
1151720 2198.6
1151730 2196.3
1151740 2197.0
1151750 2197.0
1151760 2196.8
1151770 2196.1
1151780 2196.1
1151790 2196.5
1151800 2196.3
1151810 2196.3
1151820 2195.7
1151830 2196.2
1151840 2199.0
1151850 2199.0
1151860 2200.9
1151870 2201.9
1151880 2201.9
1151890 2203.4
1151900 2204.2
1151910 2204.2
1151920 2205.9
1151930 2208.2
1151940 2208.2
1151950 2212.4
1151960 2218.5
1151970 2218.5
1151980 2225.2
1151990 2232.2
1152000 2232.2
1152010 2239.1
1152020 2245.7
1152030 2245.7
1152040 2249.3
1152050 2247.8
1152060 2247.3
1152070 2247.3
1152080 2247.2
1152090 2246.4
1152100 2246.4
1152110 2248.3
1152120 2254.5
1152130 2254.5
1152140 2257.4
1152150 2260.1
1152160 2260.1
1152170 2261.9
1152180 2263.6
1152190 2263.6
1152200 2267.8
1152210 2271.0
1152220 2271.0
1152230 2273.2
1152240 2275.7
1152250 2275.7
1152260 2278.1
1152270 2279.6
1152280 2281.5
1152290 2281.5
1152300 2284.8
1152310 2289.2
1152320 2289.2
1152330 2295.4
1152340 2302.4
1152350 2302.4
1152360 2309.0
1152370 2315.0
1152380 2315.0
1152390 2319.8
1152400 2323.7
1152410 2323.7
1152420 2327.2
1152430 2330.0
1152440 2330.0
1152450 2331.6
1152460 2335.5
1152470 2335.5
1152480 2341.3
1152490 2344.3
1152500 2347.1
1152510 2347.1
1152520 2350.6
1152530 2353.9
1152540 2355.3
1152550 2359.2
1152560 2363.4
1152570 2363.4
1152580 2367.8
1152590 2372.6
1152600 2372.6
1152610 2377.9
1152620 2383.4
1152630 2383.4
1152640 2388.9
1152650 2394.5
1152660 2394.5
1152670 2400.2
1152680 2406.1
1152690 2406.1
1152700 2412.0
1152710 2418.1
1152720 2424.2
1152730 2424.2
1152740 2430.6
1152750 2437.0
1152760 2437.0
1152770 2443.3
1152780 2449.2
1152790 2449.2
1152800 2455.1
1152810 2461.3
1152820 2461.3
1152830 2471.8
1152840 2483.3
1152850 2483.3
1152860 2494.8
1152870 2504.4
1152880 2504.4
1152890 2513.4
1152900 2520.8
1152910 2532.0
1152920 2534.4
1152930 2549.5
1152940 2562.6
1152950 2562.6
1152960 2574.6
1152970 2586.0
1152980 2586.0
1152990 2591.2
1153000 2595.3
1153010 2595.3
1153020 2601.3
1153030 2608.2
1153040 2608.2
1153050 2620.2
1153060 2631.8
1153070 2631.8
1153080 2641.0
1153090 2647.4
1153100 2647.4
1153110 2657.4
1153120 2668.3
1153130 2676.5
1153140 2676.5
1153150 2682.1
1153160 2688.4
1153170 2688.4
1153180 2698.4
1153190 2707.6
1153200 2707.6
1153210 2713.7
1153220 2718.5
1153230 2718.5
1153240 2723.7
1153250 2722.9
1153260 2722.9
1153270 2720.0
1153280 2710.6
1153290 2710.6
1153300 2705.5
1153310 2697.4
1153320 2697.4
1153330 2688.1
1153340 2679.6
1153350 2674.2
1153360 2674.2
1153370 2671.1
1153380 2665.9
1153390 2665.9
1153400 2659.4
1153410 2650.9
1153420 2650.9
1153430 2641.6
1153440 2631.3
1153450 2631.3
1153460 2621.9
1153470 2614.3
1153480 2614.3
1153490 2605.1
1153500 2597.4
1153510 2597.4
1153520 2590.5
1153530 2586.7
1153540 2586.7
1153550 2579.1
1153560 2568.3
1153570 2559.9
1153580 2559.9
1153590 2554.4
1153600 2547.0
1153610 2547.0
1153620 2540.0
1153630 2534.5
1153640 2534.5
1153650 2525.6
1153660 2515.4
1153670 2515.4
1153680 2503.9
1153690 2495.4
1153700 2495.4
1153710 2486.1
1153720 2480.1
1153730 2480.1
1153740 2474.9
1153750 2466.6
1153760 2455.0
1153770 2455.0
1153780 2444.6
1153790 2434.9
1153800 2434.9
1153810 2428.4
1153820 2422.6
1153830 2422.6
1153840 2412.4
1153850 2403.4
1153860 2403.4
1153870 2395.3
1153880 2388.7
1153890 2388.7
1153900 2382.1
1153910 2374.0
1153920 2374.0
1153930 2365.8
1153940 2357.7
1153950 2357.7
1153960 2350.0
1153970 2338.4
1153980 2325.7
1153990 2325.7
1154000 2315.8
1154010 2303.8
1154020 2303.8
1154030 2291.3
1154040 2281.7
1154050 2281.7
1154060 2272.9
1154070 2264.8
1154080 2264.8
1154090 2258.3
1154100 2252.1
1154110 2252.1
1154120 2246.8
1154130 2241.9
1154140 2241.9
1154150 2237.3
1154160 2232.9
1154170 2232.9
1154180 2227.9
1154190 2222.1
1154200 2216.4
1154210 2216.4
1154220 2210.6
1154230 2204.8
1154240 2204.8
1154250 2199.3
1154260 2193.8
1154270 2193.8
1154280 2188.1
1154290 2182.5
1154300 2182.5
1154310 2176.9
1154320 2170.9
1154330 2170.9
1154340 2165.1
1154350 2159.4
1154360 2159.4
1154370 2153.6
1154380 2148.0
1154390 2148.0
1154400 2142.2
1154410 2136.6
1154420 2130.9
1154430 2130.9
1154440 2125.3
1154450 2120.3
1154460 2120.3
1154470 2114.5
1154480 2109.0
1154490 2109.0
1154500 2103.6
1154510 2098.4
1154520 2098.4
1154530 2093.0
1154540 2088.1
1154550 2088.1
1154560 2083.4
1154570 2078.9
1154580 2078.9
1154590 2074.4
1154600 2070.0
1154610 2070.0
1154620 2065.5
1154630 2061.1
1154640 2057.6
1154650 2057.6
1154660 2054.5
1154670 2050.9
1154680 2050.9
1154690 2047.7
1154700 2045.7
1154710 2045.7
1154720 2044.4
1154730 2043.4
1154740 2043.4
1154750 2044.9
1154760 2050.2
1154770 2050.2
1154780 2056.2
1154790 2060.5
1154800 2060.5
1154810 2064.7
1154820 2068.6
1154830 2074.6
1154840 2074.6
1154850 2079.1
1154860 2085.2
1154870 2085.2
1154880 2090.9
1154890 2095.7
1154900 2095.7
1154910 2103.4
1154920 2110.3
1154930 2110.3
1154940 2118.6
1154950 2126.7
1154960 2126.7
1154970 2134.3
1154980 2140.5
1154990 2140.5
1155000 2145.5
1155010 2153.8
1155020 2153.8
1155030 2163.1
1155040 2172.1
1155050 2176.4
1155060 2176.4
1155070 2181.5
1155080 2189.5
1155090 2189.5
1155100 2198.6
1155110 2209.0
1155120 2209.0
1155130 2213.8
1155140 2215.6
1155150 2215.6
1155160 2218.2
1155170 2223.9
1155180 2223.9
1155190 2229.3
1155200 2233.4
1155210 2233.4
1155220 2238.5
1155230 2242.2
1155240 2242.2
1155250 2247.7
1155260 2254.9
1155270 2260.5
1155280 2260.5
1155290 2266.0
1155300 2271.0
1155310 2271.0
1155320 2275.4
1155330 2280.0
1155340 2280.0
1155350 2285.1
1155360 2290.1
1155370 2290.1
1155380 2295.1
1155390 2300.5
1155400 2300.5
1155410 2305.9
1155420 2311.3
1155430 2311.3
1155440 2316.2
1155450 2321.2
1155460 2321.2
1155470 2325.7
1155480 2329.7
1155490 2334.4
1155500 2334.4
1155510 2340.2
1155520 2346.0
1155530 2346.0
1155540 2352.1
1155550 2358.2
1155560 2358.2
1155570 2364.3
1155580 2370.6
1155590 2370.6
1155600 2376.6
1155610 2382.5
1155620 2382.5
1155630 2389.2
1155640 2395.7
1155650 2395.7
1155660 2402.3
1155670 2409.1
1155680 2409.1
1155690 2416.0
1155700 2423.1
1155710 2429.7
1155720 2429.7
1155730 2436.4
1155740 2443.5
1155750 2443.5
1155760 2450.7
1155770 2458.5
1155780 2458.5
1155790 2466.2
1155800 2473.5
1155810 2473.5
1155820 2481.6
1155830 2489.9
1155840 2489.9
1155850 2498.4
1155860 2507.3
1155870 2507.3
1155880 2515.9
1155890 2524.0
1155900 2531.5
1155910 2531.5
1155920 2538.7
1155930 2545.7
1155940 2545.7
1155950 2552.5
1155960 2559.2
1155970 2559.2
1155980 2565.8
1155990 2577.8
1156000 2577.8
1156010 2586.8
1156020 2600.4
1156030 2600.4
1156040 2607.9
1156050 2613.1
1156060 2613.1
1156070 2618.9
1156080 2623.8
1156090 2623.8
1156100 2628.3
1156110 2634.1
1156120 2640.2
1156130 2640.2
1156140 2646.7
1156150 2652.4
1156160 2652.4
1156170 2659.0
1156180 2666.3
1156190 2666.3
1156200 2673.0
1156210 2678.8
1156220 2678.8
1156230 2682.8
1156240 2684.8
1156250 2684.8
1156260 2687.0
1156270 2690.8
1156280 2690.8
1156290 2696.2
1156300 2703.1
1156310 2703.1
1156320 2707.0
1156330 2711.9
1156340 2713.9
1156350 2713.9
1156360 2712.7
1156370 2704.9
1156380 2704.9
1156390 2707.8
1156400 2712.5
1156410 2712.5
1156420 2719.2
1156430 2728.6
1156440 2728.6
1156450 2735.0
1156460 2738.3
1156470 2738.3
1156480 2746.4
1156490 2760.2
1156500 2760.2
1156510 2765.9
1156520 2768.7
1156530 2768.7
1156540 2775.2
1156550 2778.6
1156560 2784.2
1156570 2784.2
1156580 2786.6
1156590 2786.4
1156600 2786.4
1156610 2788.0
1156620 2791.2
1156630 2791.2
1156640 2795.9
1156650 2801.1
1156660 2801.1
1156670 2802.3
1156680 2804.1
1156690 2804.1
1156700 2807.5
1156710 2810.5
1156720 2810.5
1156730 2812.7
1156740 2816.7
1156750 2822.2
1156760 2819.6
1156770 2823.8
1156780 2827.4
1156790 2827.4
1156800 2830.4
1156810 2831.4
1156820 2831.4
1156830 2831.7
1156840 2833.5
1156850 2833.5
1156860 2836.6
1156870 2838.3
1156880 2838.3
1156890 2837.3
1156900 2834.6
1156910 2834.6
1156920 2830.7
1156930 2826.4
1156940 2826.4
1156950 2820.3
1156960 2814.5
1156970 2809.7
1156980 2809.7
1156990 2803.8
1157000 2797.4
1157010 2797.4
1157020 2789.5
1157030 2780.8
1157040 2780.8
1157050 2775.0
1157060 2770.5
1157070 2770.5
1157080 2763.2
1157090 2754.8
1157100 2754.8
1157110 2749.3
1157120 2743.4
1157130 2743.4
1157140 2737.2
1157150 2724.0
1157160 2724.0
1157170 2716.4
1157180 2709.9
1157190 2700.7
1157200 2700.7
1157210 2691.0
1157220 2680.6
1157230 2680.6
1157240 2670.5
1157250 2661.4
1157260 2661.4
1157270 2655.1
1157280 2647.7
1157290 2647.7
1157300 2635.4
1157310 2624.4
1157320 2624.4
1157330 2616.9
1157340 2610.0
1157350 2610.0
1157360 2602.0
1157370 2593.2
1157380 2593.2
1157390 2584.8
1157400 2577.0
1157410 2568.8
1157420 2568.8
1157430 2563.2
1157440 2554.7
1157450 2554.7
1157460 2543.1
1157470 2530.3
1157480 2530.3
1157490 2521.2
1157500 2515.4
1157510 2515.4
1157520 2510.3
1157530 2507.9
1157540 2507.9
1157550 2502.1
1157560 2496.5
1157570 2496.5
1157580 2491.0
1157590 2485.6
1157600 2485.6
1157610 2480.4
1157620 2475.4
1157630 2470.7
1157640 2470.7
1157650 2466.2
1157660 2462.2
1157670 2462.2
1157680 2458.3
1157690 2454.6
1157700 2454.6
1157710 2450.8
1157720 2447.4
1157730 2447.4
1157740 2444.2
1157750 2440.5
1157760 2440.5
1157770 2435.5
1157780 2429.3
1157790 2429.3
1157800 2423.5
1157810 2418.0
1157820 2411.8
1157830 2411.8
1157840 2405.2
1157850 2398.9
1157860 2398.9
1157870 2393.3
1157880 2388.3
1157890 2388.3
1157900 2383.8
1157910 2379.0
1157920 2379.9
1157930 2375.2
1157940 2370.2
1157950 2370.2
1157960 2365.3
1157970 2361.1
1157980 2361.1
1157990 2357.0
1158000 2352.5
1158010 2352.5
1158020 2347.8
1158030 2342.0
1158040 2335.9
1158050 2335.9
1158060 2329.3
1158070 2323.2
1158080 2323.2
1158090 2318.4
1158100 2314.1
1158110 2314.1
1158120 2309.3
1158130 2304.1
1158140 2304.1
1158150 2298.5
1158160 2292.6
1158170 2292.6
1158180 2286.0
1158190 2279.0
1158200 2279.0
1158210 2271.9
1158220 2264.9
1158230 2264.9
1158240 2258.2
1158250 2251.3
1158260 2244.2
1158270 2244.2
1158280 2237.1
1158290 2230.0
1158300 2230.0
1158310 2223.7
1158320 2216.1
1158330 2216.1
1158340 2208.1
1158350 2200.5
1158360 2200.5
1158370 2194.1
1158380 2191.4
1158390 2191.4
1158400 2191.1
1158410 2191.2
1158420 2191.2
1158430 2191.6
1158440 2192.0
1158450 2192.0
1158460 2193.1
1158470 2193.3
1158480 2193.6
1158490 2193.6
1158500 2194.4
1158510 2195.3
1158520 2195.3
1158530 2196.4
1158540 2200.3
1158550 2200.3
1158560 2206.9
1158570 2214.5
1158580 2214.5
1158590 2222.8
1158600 2230.6
1158610 2230.6
1158620 2237.3
1158630 2244.3
1158640 2244.3
1158650 2251.1
1158660 2257.3
1158670 2262.7
1158680 2262.7
1158690 2267.1
1158700 2274.7
1158710 2274.7
1158720 2280.3
1158730 2285.8
1158740 2285.8
1158750 2290.9
1158760 2295.3
1158770 2295.3
1158780 2299.7
1158790 2304.4
1158800 2304.4
1158810 2309.3
1158820 2314.6
1158830 2314.6
1158840 2320.2
1158850 2326.0
1158860 2326.0
1158870 2332.0
1158880 2338.2
1158890 2344.5
1158900 2344.5
1158910 2350.9
1158920 2357.6
1158930 2357.6
1158940 2364.5
1158950 2371.4
1158960 2371.4
1158970 2377.5
1158980 2382.4
1158990 2382.4
1159000 2386.1
1159010 2390.1
1159020 2390.1
1159030 2394.3
1159040 2397.1
1159050 2397.1
1159060 2398.4
1159070 2399.2
1159080 2399.2
1159090 2403.7
1159100 2404.5
1159110 2405.0
1159120 2405.0
1159130 2405.4
1159140 2406.5
1159150 2406.5
1159160 2408.9
1159170 2411.3
1159180 2411.3
1159190 2412.6
1159200 2413.4
1159210 2413.4
1159220 2413.7
1159230 2414.6
1159240 2414.6
1159250 2416.3
1159260 2417.7
1159270 2417.7
1159280 2418.6
1159290 2419.6
1159300 2419.6
1159310 2420.9
1159320 2422.5
1159330 2423.7
1159340 2423.7
1159350 2425.0
1159360 2425.9
1159370 2425.9
1159380 2426.3
1159390 2426.2
1159400 2426.2
1159410 2427.0
1159420 2427.7
1159430 2427.7
1159440 2429.0
1159450 2430.4
1159460 2430.4
1159470 2431.9
1159480 2436.7
1159490 2436.7
1159500 2438.6
1159510 2442.2
1159520 2442.2
1159530 2446.2
1159540 2450.0
1159550 2452.5
1159560 2452.5
1159570 2455.5
1159580 2460.8
1159590 2460.8
1159600 2467.6
1159610 2474.5
1159620 2474.5
1159630 2481.2
1159640 2487.9
1159650 2487.9
1159660 2494.5
1159670 2501.0
1159680 2501.0
1159690 2507.7
1159700 2514.6
1159710 2514.6
1159720 2521.7
1159730 2529.0
1159740 2536.9
1159750 2536.9
1159760 2544.8
1159770 2553.2
1159780 2553.2
1159790 2565.6
1159800 2579.5
1159810 2579.5
1159820 2589.0
1159830 2594.9
1159840 2594.9
1159850 2598.1
1159860 2597.7
1159870 2595.6
1159880 2592.6
1159890 2588.4
1159900 2588.4
1159910 2585.2
1159920 2582.5
1159930 2582.5
1159940 2580.9
1159950 2580.1
1159960 2580.1
1159970 2580.1
1159980 2580.5
1159990 2581.3
