1140000 2640.1
1140010 2647.9
1140020 2647.9
1140030 2656.7
1140040 2669.2
1140050 2669.2
1140060 2676.1
1140070 2679.0
1140080 2679.0
1140090 2681.9
1140100 2684.5
1140110 2684.5
1140120 2685.8
1140130 2689.5
1140140 2693.0
1140150 2693.0
1140160 2696.1
1140170 2702.7
1140180 2702.7
1140190 2710.8
1140200 2720.9
1140210 2720.9
1140220 2718.8
1140230 2720.3
1140240 2720.3
1140250 2724.3
1140260 2727.8
1140270 2727.8
1140280 2730.6
1140290 2729.0
1140300 2729.0
1140310 2725.2
1140320 2723.3
1140330 2723.3
1140340 2718.8
1140350 2712.5
1140360 2706.9
1140370 2706.9
1140380 2705.5
1140390 2707.3
1140400 2707.3
1140410 2704.8
1140420 2701.9
1140430 2701.9
1140440 2702.0
1140450 2702.3
1140460 2702.3
1140470 2700.9
1140480 2698.5
1140490 2698.5
1140500 2700.4
1140510 2703.4
1140520 2703.4
1140530 2704.4
1140540 2709.2
1140550 2716.0
1140560 2716.0
1140570 2721.6
1140580 2733.8
1140590 2733.8
1140600 2735.5
1140610 2735.6
1140620 2735.6
1140630 2736.7
1140640 2741.2
1140650 2741.2
1140660 2743.4
1140670 2737.7
1140680 2737.7
1140690 2735.2
1140700 2731.6
1140710 2731.6
1140720 2724.0
1140730 2717.3
1140740 2717.3
1140750 2711.2
1140760 2705.4
1140770 2699.0
1140780 2699.0
1140790 2692.9
1140800 2687.6
1140810 2687.6
1140820 2683.2
1140830 2679.9
1140840 2679.9
1140850 2671.3
1140860 2660.5
1140870 2660.5
1140880 2656.8
1140890 2655.3
1140900 2655.3
1140910 2652.2
1140920 2649.6
1140930 2649.6
1140940 2648.8
1140950 2653.8
1140960 2653.8
1140970 2651.5
1140980 2649.9
1140990 2649.9
1141000 2649.9
1141010 2650.0
1141020 2648.5
1141030 2648.5
1141040 2647.8
1141050 2647.7
1141060 2647.7
1141070 2648.0
1141080 2648.7
1141090 2648.7
1141100 2650.3
1141110 2650.9
1141120 2650.9
1141130 2651.2
1141140 2653.8
1141150 2653.8
1141160 2656.5
1141170 2660.2
1141180 2660.2
1141190 2668.0
1141200 2679.1
1141210 2691.7
1141220 2691.7
1141230 2709.2
1141240 2725.3
1141250 2725.3
1141260 2742.4
1141270 2754.4
1141280 2754.4
1141290 2748.3
1141300 2739.3
1141310 2739.3
1141320 2724.7
1141330 2714.8
1141340 2714.8
1141350 2708.6
1141360 2703.3
1141370 2703.3
1141380 2699.0
1141390 2694.5
1141400 2694.5
1141410 2690.6
1141420 2685.0
1141430 2680.2
1141440 2680.2
1141450 2675.0
1141460 2669.5
1141470 2669.5
1141480 2665.0
1141490 2661.4
1141500 2661.4
1141510 2659.4
1141520 2658.1
1141530 2658.1
1141540 2656.8
1141550 2655.7
1141560 2655.7
1141570 2645.8
1141580 2638.0
1141590 2638.0
1141600 2629.0
1141610 2623.1
1141620 2622.1
1141630 2622.1
1141640 2610.6
1141650 2599.9
1141660 2599.9
1141670 2591.7
1141680 2591.0
1141690 2579.5
1141700 2578.9
1141710 2566.3
1141720 2566.3
1141730 2564.3
1141740 2567.2
1141750 2567.2
1141760 2569.9
1141770 2564.1
1141780 2564.1
1141790 2553.6
1141800 2544.2
1141810 2544.2
1141820 2536.5
1141830 2528.0
1141840 2516.4
1141850 2516.4
1141860 2501.4
1141870 2497.7
1141880 2497.7
1141890 2494.0
1141900 2490.0
1141910 2490.0
1141920 2485.8
1141930 2481.5
1141940 2481.5
1141950 2477.4
1141960 2472.9
1141970 2472.9
1141980 2468.5
1141990 2464.8
1142000 2464.8
1142010 2462.4
1142020 2461.1
1142030 2461.1
1142040 2462.0
1142050 2464.7
1142060 2460.4
1142070 2460.4
1142080 2459.9
1142090 2460.6
1142100 2460.6
1142110 2461.0
1142120 2462.1
1142130 2462.1
1142140 2463.7
1142150 2467.4
1142160 2467.4
1142170 2471.5
1142180 2476.1
1142190 2476.1
1142200 2478.9
1142210 2481.2
1142220 2481.2
1142230 2482.7
1142240 2482.5
1142250 2482.5
1142260 2480.7
1142270 2480.3
1142280 2479.6
1142290 2479.6
1142300 2478.2
1142310 2473.5
1142320 2473.5
1142330 2468.1
1142340 2464.9
1142350 2464.9
1142360 2460.0
1142370 2457.5
1142380 2457.5
1142390 2457.4
1142400 2459.5
1142410 2459.5
1142420 2461.0
1142430 2458.1
1142440 2458.1
1142450 2457.5
1142460 2456.7
1142470 2456.7
1142480 2456.1
1142490 2455.2
1142500 2450.3
1142510 2450.3
1142520 2443.4
1142530 2440.6
1142540 2440.6
1142550 2439.3
1142560 2435.2
1142570 2435.2
1142580 2430.0
1142590 2422.8
1142600 2422.8
1142610 2413.5
1142620 2405.2
1142630 2405.2
1142640 2397.5
1142650 2392.0
1142660 2392.0
1142670 2387.7
1142680 2384.1
1142690 2384.1
1142700 2382.1
1142710 2381.8
1142720 2380.7
1142730 2380.7
1142740 2377.9
1142750 2374.0
1142760 2374.0
1142770 2371.1
1142780 2368.4
1142790 2368.4
1142800 2361.3
1142810 2358.4
1142820 2358.4
1142830 2356.9
1142840 2358.1
1142850 2358.1
1142860 2358.7
1142870 2358.1
1142880 2358.1
1142890 2356.5
1142900 2356.0
1142910 2359.4
1142920 2359.4
1142930 2364.4
1142940 2373.1
1142950 2373.1
1142960 2385.2
1142970 2391.7
1142980 2391.7
1142990 2391.4
1143000 2389.9
1143010 2389.9
1143020 2387.9
1143030 2385.8
1143040 2385.8
1143050 2384.1
1143060 2382.5
1143070 2382.5
1143080 2381.1
1143090 2378.6
1143100 2378.6
1143110 2375.0
1143120 2371.9
1143130 2367.6
1143140 2367.6
1143150 2362.2
1143160 2357.2
1143170 2355.7
1143180 2351.2
1143190 2346.9
1143200 2346.9
1143210 2341.6
1143220 2335.6
1143230 2335.6
1143240 2328.3
1143250 2321.1
1143260 2321.1
1143270 2314.9
1143280 2310.2
1143290 2310.2
1143300 2306.0
1143310 2302.0
1143320 2302.0
1143330 2296.2
1143340 2286.5
1143350 2275.5
1143360 2275.5
1143370 2265.4
1143380 2255.5
1143390 2255.5
1143400 2246.4
1143410 2237.9
1143420 2237.9
1143430 2230.4
1143440 2224.3
1143450 2224.3
1143460 2217.7
1143470 2209.7
1143480 2209.7
1143490 2201.0
1143500 2192.4
1143510 2192.4
1143520 2181.9
1143530 2170.3
1143540 2173.5
1143550 2161.8
1143560 2152.4
1143570 2143.9
1143580 2143.9
1143590 2133.2
1143600 2125.2
1143610 2125.2
1143620 2119.1
1143630 2112.3
1143640 2112.3
1143650 2101.7
1143660 2092.5
1143670 2092.5
1143680 2083.0
1143690 2074.1
1143700 2074.1
1143710 2065.9
1143720 2058.0
1143730 2058.0
1143740 2050.8
1143750 2045.1
1143760 2045.1
1143770 2040.8
1143780 2037.7
1143790 2035.0
1143800 2035.0
1143810 2028.1
1143820 2018.9
1143830 2018.9
1143840 2009.9
1143850 2001.7
1143860 2001.7
1143870 1993.6
1143880 1986.6
1143890 1986.6
1143900 1980.8
1143910 1976.0
1143920 1984.0
1143930 1974.8
1143940 1965.2
1143950 1965.2
1143960 1957.1
1143970 1949.7
1143980 1942.9
1143990 1942.9
1144000 1933.6
1144010 1924.7
1144020 1924.7
1144030 1917.1
1144040 1907.1
1144050 1907.1
1144060 1897.6
1144070 1890.5
1144080 1890.5
1144090 1882.6
1144100 1876.1
1144110 1876.1
1144120 1871.1
1144130 1865.3
1144140 1865.3
1144150 1858.4
1144160 1851.1
1144170 1851.1
1144180 1844.3
1144190 1837.6
1144200 1830.2
1144210 1830.2
1144220 1822.5
1144230 1815.1
1144240 1815.1
1144250 1808.2
1144260 1801.4
1144270 1801.4
1144280 1794.0
1144290 1792.4
1144300 1792.4
1144310 1782.2
1144320 1771.7
1144330 1771.7
1144340 1759.8
1144350 1749.4
1144360 1749.4
1144370 1742.3
1144380 1735.7
1144390 1735.7
1144400 1729.4
1144410 1723.5
1144420 1718.2
1144430 1718.2
1144440 1713.2
1144450 1708.3
1144460 1708.3
1144470 1703.7
1144480 1699.4
1144490 1699.4
1144500 1695.0
1144510 1690.7
1144520 1690.7
1144530 1686.4
1144540 1681.9
1144550 1681.9
1144560 1677.5
1144570 1673.1
1144580 1673.1
1144590 1668.9
1144600 1665.0
1144610 1665.0
1144620 1659.5
1144630 1652.2
1144640 1644.1
1144650 1644.1
1144660 1639.5
1144670 1632.3
1144680 1632.3
1144690 1626.1
1144700 1620.3
1144710 1620.3
1144720 1615.0
1144730 1610.5
1144740 1610.5
1144750 1607.4
1144760 1606.5
1144770 1606.5
1144780 1606.0
1144790 1606.5
1144800 1606.5
1144810 1608.2
1144820 1610.1
1144830 1610.1
1144840 1611.7
1144850 1613.9
1144860 1616.9
1144870 1616.9
1144880 1621.5
1144890 1626.6
1144900 1626.6
1144910 1629.3
1144920 1632.7
1144930 1632.7
1144940 1635.6
1144950 1639.1
1144960 1639.1
1144970 1641.7
1144980 1644.9
1144990 1644.9
1145000 1648.7
1145010 1652.8
1145020 1652.8
1145030 1650.3
1145040 1654.0
1145050 1657.7
1145060 1657.7
1145070 1661.9
1145080 1665.8
1145090 1665.8
1145100 1669.7
1145110 1673.1
1145120 1673.1
1145130 1676.5
1145140 1679.5
1145150 1679.5
1145160 1681.1
1145170 1681.2
1145180 1681.2
1145190 1680.6
1145200 1678.7
1145210 1678.7
1145220 1676.0
1145230 1672.2
1145240 1672.2
1145250 1667.5
1145260 1662.2
1145270 1657.4
1145280 1657.4
1145290 1652.7
1145300 1650.5
1145310 1650.5
1145320 1649.9
1145330 1650.0
1145340 1650.0
1145350 1650.8
1145360 1651.1
1145370 1651.1
1145380 1650.3
1145390 1649.0
1145400 1649.0
1145410 1642.3
1145420 1639.1
1145430 1639.1
1145440 1634.5
1145450 1628.8
1145460 1628.8
1145470 1622.5
1145480 1617.3
1145490 1613.5
1145500 1613.5
1145510 1606.3
1145520 1595.6
1145530 1595.6
1145540 1584.9
1145550 1579.7
1145560 1579.7
1145570 1576.0
1145580 1576.6
1145590 1576.6
1145600 1581.5
1145610 1589.0
1145620 1589.0
1145630 1590.3
1145640 1580.4
1145650 1580.4
1145660 1567.8
1145670 1562.6
1145680 1562.6
1145690 1558.7
1145700 1555.6
1145710 1552.3
1145720 1552.3
1145730 1549.0
1145740 1545.9
1145750 1545.9
1145760 1542.7
1145770 1542.1
1145780 1533.1
1145790 1534.0
1145800 1533.3
1145810 1533.3
1145820 1529.3
1145830 1520.6
1145840 1520.6
1145850 1504.9
1145860 1495.7
1145870 1495.7
1145880 1488.5
1145890 1483.9
1145900 1483.9
1145910 1484.3
1145920 1486.1
1145930 1488.0
1145940 1488.0
1145950 1483.9
1145960 1471.7
1145970 1471.7
1145980 1465.6
1145990 1456.3
1146000 1456.3
1146010 1448.5
1146020 1441.8
1146030 1441.8
1146040 1433.9
1146050 1425.7
1146060 1425.7
1146070 1419.8
1146080 1415.2
1146090 1415.2
1146100 1410.8
1146110 1406.2
1146120 1400.6
1146130 1400.6
1146140 1394.8
1146150 1384.9
1146160 1384.9
1146170 1379.0
1146180 1374.1
1146190 1374.1
1146200 1371.0
1146210 1369.2
1146220 1369.2
1146230 1368.2
1146240 1367.7
1146250 1367.7
1146260 1367.2
1146270 1366.9
1146280 1366.9
1146290 1366.5
1146300 1365.8
1146310 1365.8
1146320 1365.0
1146330 1364.5
1146340 1364.2
1146350 1364.2
1146360 1365.0
1146370 1365.8
1146380 1365.8
1146390 1366.0
1146400 1365.7
1146410 1365.7
1146420 1365.4
1146430 1364.8
1146440 1364.8
1146450 1364.0
1146460 1363.0
1146470 1363.0
1146480 1362.3
1146490 1361.6
1146500 1361.6
1146510 1360.6
1146520 1359.1
1146530 1356.7
1146540 1355.3
1146550 1354.0
1146560 1352.8
1146570 1352.8
1146580 1350.7
1146590 1348.2
1146600 1348.2
1146610 1346.7
1146620 1344.8
1146630 1344.8
1146640 1340.5
1146650 1334.0
1146660 1334.0
1146670 1329.1
1146680 1326.8
1146690 1326.8
1146700 1325.9
1146710 1325.7
1146720 1325.7
1146730 1325.4
1146740 1325.2
1146750 1325.2
1146760 1325.0
1146770 1325.0
1146780 1324.9
1146790 1324.9
1146800 1323.4
1146810 1322.4
1146820 1322.4
1146830 1323.6
1146840 1325.6
1146850 1325.6
1146860 1327.7
1146870 1331.0
1146880 1331.0
1146890 1332.5
1146900 1335.9
1146910 1335.9
1146920 1338.1
1146930 1339.8
1146940 1339.8
1146950 1341.4
1146960 1343.3
1146970 1343.3
1146980 1345.2
1146990 1347.9
1147000 1351.5
1147010 1351.5
1147020 1356.6
1147030 1361.0
1147040 1361.0
1147050 1362.3
1147060 1364.9
1147070 1364.9
1147080 1368.6
1147090 1371.9
1147100 1371.9
1147110 1377.3
1147120 1381.6
1147130 1381.6
1147140 1383.9
1147150 1385.8
1147160 1385.8
1147170 1388.9
1147180 1392.8
1147190 1392.8
1147200 1397.0
1147210 1401.6
1147220 1406.6
1147230 1406.6
1147240 1411.7
1147250 1416.5
1147260 1416.5
1147270 1421.7
1147280 1431.9
1147290 1431.9
1147300 1437.8
1147310 1443.3
1147320 1443.3
1147330 1448.8
1147340 1454.1
1147350 1454.1
1147360 1459.2
1147370 1464.2
1147380 1464.2
1147390 1470.0
1147400 1476.6
1147410 1482.6
1147420 1482.6
1147430 1488.3
1147440 1494.3
1147450 1494.3
1147460 1501.8
1147470 1508.5
1147480 1508.5
1147490 1510.8
1147500 1512.3
1147510 1512.3
1147520 1516.3
1147530 1521.8
1147540 1521.8
1147550 1527.9
1147560 1532.9
1147570 1532.9
1147580 1537.0
1147590 1548.2
1147600 1548.2
1147610 1560.8
1147620 1573.9
1147630 1582.1
1147640 1582.1
1147650 1587.0
1147660 1600.2
1147670 1600.2
1147680 1601.2
1147690 1600.6
1147700 1600.6
1147710 1604.8
1147720 1607.8
1147730 1607.8
1147740 1611.8
1147750 1616.6
1147760 1616.6
1147770 1621.1
1147780 1623.1
1147790 1623.1
1147800 1624.5
1147810 1624.7
1147820 1624.7
1147830 1631.1
1147840 1639.7
1147850 1652.5
1147860 1652.5
1147870 1658.6
1147880 1662.2
1147890 1662.2
1147900 1662.2
1147910 1659.0
1147920 1659.0
1147930 1656.6
1147940 1657.0
1147950 1657.0
1147960 1661.0
1147970 1665.7
1147980 1665.7
1147990 1672.5
1148000 1681.3
1148010 1681.3
1148020 1691.1
1148030 1707.4
1148040 1707.4
1148050 1713.3
1148060 1719.3
1148070 1725.1
1148080 1725.1
1148090 1728.8
1148100 1731.0
1148110 1731.0
1148120 1733.8
1148130 1737.9
1148140 1737.9
1148150 1739.9
1148160 1735.0
1148170 1735.0
1148180 1717.2
1148190 1702.5
1148200 1702.5
1148210 1710.8
1148220 1730.1
1148230 1730.1
1148240 1742.2
1148250 1739.7
1148260 1739.7
1148270 1740.9
1148280 1749.3
1148290 1760.1
1148300 1760.1
1148310 1777.2
1148320 1786.2
1148330 1786.2
1148340 1801.1
1148350 1812.7
1148360 1812.7
1148370 1825.5
1148380 1844.8
1148390 1844.8
1148400 1861.5
1148410 1871.6
1148420 1871.6
1148430 1878.3
1148440 1881.7
1148450 1881.7
1148460 1889.2
1148470 1905.5
1148480 1927.3
1148490 1927.3
1148500 1937.3
1148510 1940.4
1148520 1940.4
1148530 1940.1
1148540 1937.6
1148550 1937.6
1148560 1935.5
1148570 1935.8
1148580 1935.8
1148590 1937.4
1148600 1937.5
1148610 1937.5
1148620 1936.9
1148630 1936.7
1148640 1936.7
1148650 1938.1
1148660 1940.4
1148670 1940.4
1148680 1943.7
1148690 1948.6
1148700 1953.5
1148710 1953.5
1148720 1956.1
1148730 1958.3
1148740 1958.3
1148750 1961.3
1148760 1970.4
1148770 1970.4
1148780 1975.4
1148790 1987.2
1148800 1987.2
1148810 1990.7
1148820 1999.9
1148830 1999.9
1148840 2020.5
1148850 2041.0
1148860 2041.0
1148870 2053.3
1148880 2066.5
1148890 2066.5
1148900 2082.8
1148910 2092.8
1148920 2098.8
1148930 2098.8
1148940 2104.4
1148950 2109.8
1148960 2109.8
1148970 2112.5
1148980 2112.8
1148990 2112.8
1149000 2108.1
1149010 2100.6
1149020 2100.6
1149030 2092.0
1149040 2085.2
1149050 2085.2
1149060 2073.3
1149070 2056.8
1149080 2056.8
1149090 2050.1
1149100 2047.5
1149110 2047.5
1149120 2047.3
1149130 2052.4
1149140 2053.4
1149150 2053.4
1149160 2070.5
1149170 2068.1
1149180 2068.1
1149190 2069.0
1149200 2064.8
1149210 2064.8
1149220 2057.3
1149230 2049.9
1149240 2049.9
1149250 2033.4
1149260 2015.5
1149270 2015.5
1149280 2011.5
1149290 2025.9
1149300 2025.9
1149310 2038.2
1149320 2053.2
1149330 2053.2
1149340 2067.5
1149350 2076.2
1149360 2081.8
1149370 2081.8
1149380 2091.2
1149390 2102.4
1149400 2102.4
1149410 2111.6
1149420 2118.2
1149430 2118.2
1149440 2125.3
1149450 2133.0
1149460 2133.0
1149470 2140.9
1149480 2151.2
1149490 2151.2
1149500 2159.6
1149510 2168.3
1149520 2168.3
1149530 2179.7
1149540 2194.6
1149550 2193.2
1149560 2193.2
1149570 2188.9
1149580 2184.1
1149590 2184.1
1149600 2180.3
1149610 2175.2
1149620 2175.2
1149630 2169.8
1149640 2164.6
1149650 2164.6
1149660 2158.7
1149670 2155.3
1149680 2155.3
1149690 2154.4
1149700 2152.5
1149710 2152.5
1149720 2153.0
1149730 2153.7
1149740 2153.7
1149750 2150.5
1149760 2148.0
1149770 2148.0
1149780 2148.0
1149790 2141.4
1149800 2124.2
1149810 2124.2
1149820 2118.4
1149830 2112.9
1149840 2112.9
1149850 2106.5
1149860 2101.4
1149870 2101.4
1149880 2093.9
1149890 2086.7
1149900 2086.7
1149910 2082.8
1149920 2090.3
1149930 2090.3
1149940 2086.6
1149950 2084.1
1149960 2084.1
1149970 2083.0
1149980 2080.0
1149990 2075.8
1150000 2075.8
1150010 2073.7
1150020 2072.8
1150030 2072.8
1150040 2070.2
1150050 2068.2
1150060 2068.2
1150070 2066.9
1150080 2068.5
1150090 2068.5
1150100 2067.9
1150110 2067.2
1150120 2067.2
1150130 2067.7
1150140 2069.2
1150150 2069.2
1150160 2071.9
1150170 2073.9
1150180 2073.9
1150190 2075.0
1150200 2075.4
1150210 2076.1
1150220 2076.1
1150230 2075.2
1150240 2073.7
1150250 2073.7
1150260 2073.4
1150270 2073.4
1150280 2073.4
1150290 2074.3
1150300 2078.2
1150310 2078.2
1150320 2078.7
1150330 2080.5
1150340 2080.5
1150350 2082.8
1150360 2085.5
1150370 2085.5
1150380 2088.3
1150390 2090.7
1150400 2090.7
1150410 2093.5
1150420 2097.2
1150430 2100.4
1150440 2100.4
1150450 2103.9
1150460 2107.4
1150470 2107.4
1150480 2110.7
1150490 2114.8
1150500 2114.8
1150510 2119.7
1150520 2125.4
1150530 2125.4
1150540 2131.7
1150550 2137.9
1150560 2137.9
1150570 2144.6
1150580 2151.5
1150590 2151.5
1150600 2158.4
1150610 2167.3
1150620 2175.9
1150630 2175.9
1150640 2184.8
1150650 2193.4
1150660 2193.4
1150670 2200.6
1150680 2218.6
1150690 2218.6
1150700 2225.5
1150710 2226.8
1150720 2226.8
1150730 2230.6
1150740 2236.3
1150750 2236.3
1150760 2244.5
1150770 2253.7
1150780 2253.7
1150790 2262.8
1150800 2274.3
1150810 2274.3
1150820 2283.5
1150830 2286.7
1150840 2293.4
1150850 2293.4
1150860 2299.1
1150870 2306.1
1150880 2306.1
1150890 2316.6
1150900 2323.9
1150910 2323.9
1150920 2326.5
1150930 2329.6
1150940 2329.6
1150950 2334.6
1150960 2341.9
1150970 2341.9
1150980 2351.9
1150990 2362.4
1151000 2362.4
1151010 2370.5
1151020 2378.2
1151030 2378.2
1151040 2388.0
1151050 2398.1
1151060 2410.1
1151070 2410.1
1151080 2415.4
1151090 2420.0
1151100 2420.0
1151110 2423.8
1151120 2425.8
1151130 2425.8
1151140 2424.3
1151150 2417.1
1151160 2417.1
1151170 2408.3
1151180 2402.0
1151190 2402.0
1151200 2394.5
1151210 2386.2
1151220 2386.2
1151230 2379.0
1151240 2373.8
1151250 2373.8
1151260 2367.4
1151270 2359.7
1151280 2351.4
1151290 2351.4
1151300 2344.9
1151310 2340.0
1151320 2340.0
1151330 2332.4
1151340 2323.1
1151350 2323.1
1151360 2314.8
1151370 2308.1
1151380 2308.1
1151390 2301.2
1151400 2294.4
1151410 2294.4
1151420 2288.3
1151430 2282.1
1151440 2280.7
1151450 2276.3
1151460 2273.1
1151470 2269.6
1151480 2269.6
1151490 2266.2
1151500 2261.2
1151510 2261.2
1151520 2254.6
1151530 2248.1
1151540 2248.1
1151550 2243.7
1151560 2241.2
1151570 2241.2
1151580 2237.9
1151590 2233.2
1151600 2233.2
1151610 2227.7
1151620 2223.2
1151630 2223.2
1151640 2218.0
1151650 2211.2
1151660 2211.2
1151670 2204.7
1151680 2199.8
1151690 2196.2
1151700 2196.2
1151710 2193.2
1151720 2191.0
1151730 2191.0
1151740 2189.1
1151750 2186.0
1151760 2186.0
1151770 2185.4
1151780 2184.8
1151790 2184.8
1151800 2182.6
1151810 2183.2
1151820 2185.8
1151830 2184.7
1151840 2185.4
1151850 2185.4
1151860 2186.5
1151870 2186.6
1151880 2186.6
1151890 2186.8
1151900 2188.9
1151910 2190.0
1151920 2190.0
1151930 2192.9
1151940 2198.6
1151950 2198.6
1151960 2203.8
1151970 2207.8
1151980 2207.8
1151990 2213.6
1152000 2219.3
1152010 2219.3
1152020 2223.0
1152030 2224.4
1152040 2224.4
1152050 2225.2
1152060 2225.6
1152070 2225.6
1152080 2227.6
1152090 2231.4
1152100 2231.4
1152110 2232.4
1152120 2234.2
1152130 2233.7
1152140 2233.7
1152150 2234.0
1152160 2233.7
1152170 2233.7
1152180 2235.7
1152190 2239.2
1152200 2242.3
1152210 2246.0
1152220 2249.6
1152230 2249.6
1152240 2252.5
1152250 2257.8
1152260 2257.8
1152270 2262.7
1152280 2268.3
1152290 2268.3
1152300 2274.7
1152310 2281.4
1152320 2281.4
1152330 2288.6
1152340 2295.0
1152350 2300.4
1152360 2300.4
1152370 2304.8
1152380 2308.5
1152390 2308.5
1152400 2311.9
1152410 2315.9
1152420 2315.9
1152430 2319.7
1152440 2323.1
1152450 2323.1
1152460 2325.4
1152470 2328.7
1152480 2328.7
1152490 2332.9
1152500 2337.8
1152510 2337.8
1152520 2343.5
1152530 2349.3
1152540 2355.0
1152550 2355.0
1152560 2360.8
1152570 2366.9
1152580 2364.0
1152590 2369.0
1152600 2373.1
1152610 2373.1
1152620 2377.3
1152630 2385.8
1152640 2385.8
1152650 2391.8
1152660 2399.7
1152670 2399.7
1152680 2411.6
1152690 2423.1
1152700 2423.1
1152710 2433.5
1152720 2438.5
1152730 2438.5
1152740 2445.3
1152750 2453.7
1152760 2462.8
1152770 2462.8
1152780 2474.1
1152790 2485.5
1152800 2485.5
1152810 2496.0
1152820 2504.8
1152830 2504.8
1152840 2513.6
1152850 2516.7
1152860 2516.7
1152870 2519.1
1152880 2522.9
1152890 2522.9
1152900 2527.9
1152910 2535.7
1152920 2535.7
1152930 2544.2
1152940 2552.3
1152950 2552.3
1152960 2560.9
1152970 2568.2
1152980 2576.1
1152990 2576.1
1153000 2583.8
1153010 2592.2
1153020 2592.2
1153030 2600.6
1153040 2610.6
1153050 2610.6
1153060 2622.6
1153070 2631.0
1153080 2631.0
1153090 2638.9
1153100 2646.8
1153110 2646.8
1153120 2654.9
1153130 2663.7
1153140 2663.7
1153150 2672.5
1153160 2680.4
1153170 2680.4
1153180 2688.4
1153190 2695.8
1153200 2702.6
1153210 2702.6
1153220 2705.9
1153230 2701.7
1153240 2701.7
1153250 2696.0
1153260 2692.2
1153270 2692.2
1153280 2687.4
1153290 2682.1
1153300 2682.1
1153310 2678.4
1153320 2676.7
1153330 2676.7
1153340 2673.5
1153350 2672.3
1153360 2672.3
1153370 2663.0
1153380 2651.2
1153390 2651.2
1153400 2639.3
1153410 2629.6
1153420 2619.7
1153430 2619.7
1153440 2610.2
1153450 2602.9
1153460 2602.9
1153470 2596.1
1153480 2588.2
1153490 2588.2
1153500 2579.9
1153510 2569.0
1153520 2569.0
1153530 2559.5
1153540 2549.9
1153550 2549.9
1153560 2541.2
1153570 2534.5
1153580 2534.5
1153590 2525.4
1153600 2516.9
1153610 2508.5
1153620 2508.5
1153630 2502.8
1153640 2492.6
1153650 2492.6
1153660 2481.2
1153670 2472.4
1153680 2472.4
1153690 2463.3
1153700 2456.6
1153710 2456.6
1153720 2449.8
1153730 2445.3
1153740 2445.3
1153750 2437.7
1153760 2430.8
1153770 2430.8
1153780 2423.6
1153790 2415.0
1153800 2415.0
1153810 2406.4
1153820 2399.8
1153830 2393.2
1153840 2393.2
1153850 2386.6
1153860 2377.2
1153870 2377.2
1153880 2370.0
1153890 2363.5
1153900 2363.5
1153910 2356.1
1153920 2349.4
1153930 2349.4
1153940 2343.0
1153950 2336.6
1153960 2336.6
1153970 2328.0
1153980 2320.7
1153990 2320.7
1154000 2314.6
1154010 2309.2
1154020 2309.2
1154030 2302.8
1154040 2294.5
1154050 2284.6
1154060 2284.6
1154070 2275.6
1154080 2268.8
1154090 2268.8
1154100 2260.8
1154110 2244.1
1154120 2244.1
1154130 2226.3
1154140 2212.7
1154150 2212.7
1154160 2205.8
1154170 2200.0
1154180 2200.0
1154190 2195.8
1154200 2192.0
1154210 2192.0
1154220 2188.3
1154230 2184.3
1154240 2184.3
1154250 2179.5
1154260 2174.6
1154270 2169.5
1154280 2169.5
1154290 2165.1
1154300 2161.0
1154310 2161.0
1154320 2156.4
1154330 2151.6
1154340 2151.6
1154350 2146.2
1154360 2140.7
1154370 2140.7
1154380 2135.5
1154390 2130.6
1154400 2130.6
1154410 2125.8
1154420 2120.7
1154430 2120.7
1154440 2115.3
1154450 2110.0
1154460 2110.0
1154470 2104.8
1154480 2099.8
1154490 2094.9
1154500 2097.7
1154510 2092.4
1154520 2087.2
1154530 2087.2
1154540 2082.3
1154550 2077.6
1154560 2077.6
1154570 2073.2
1154580 2068.8
1154590 2068.8
1154600 2065.1
1154610 2060.8
1154620 2060.8
1154630 2056.4
1154640 2052.8
1154650 2052.8
1154660 2048.8
1154670 2045.8
1154680 2042.9
1154690 2042.9
1154700 2040.5
1154710 2039.3
1154720 2039.3
1154730 2043.0
1154740 2049.5
1154750 2049.5
1154760 2053.9
1154770 2058.0
1154780 2058.0
1154790 2061.5
1154800 2066.5
1154810 2066.5
1154820 2073.7
1154830 2080.5
1154840 2080.5
1154850 2085.6
1154860 2090.4
1154870 2090.4
1154880 2093.0
1154890 2098.0
1154900 2101.1
1154910 2101.1
1154920 2105.6
1154930 2113.6
1154940 2113.6
1154950 2120.6
1154960 2125.4
1154970 2125.4
1154980 2130.9
1154990 2138.2
1155000 2138.2
1155010 2147.1
1155020 2157.1
1155030 2157.1
1155040 2166.5
1155050 2175.6
1155060 2175.6
1155070 2182.2
1155080 2191.1
1155090 2191.1
1155100 2199.5
1155110 2204.2
1155120 2208.3
1155130 2208.3
1155140 2208.6
1155150 2208.2
1155160 2208.2
1155170 2212.0
1155180 2217.1
1155190 2217.1
1155200 2221.3
1155210 2225.3
1155220 2225.3
1155230 2229.5
1155240 2233.5
1155250 2233.5
1155260 2240.8
1155270 2245.7
1155280 2245.7
1155290 2251.7
1155300 2257.2
1155310 2257.2
1155320 2262.3
1155330 2267.6
1155340 2273.4
1155350 2273.4
1155360 2279.2
1155370 2284.7
1155380 2284.7
1155390 2289.7
1155400 2295.4
1155410 2295.4
1155420 2300.8
1155430 2306.4
1155440 2306.4
1155450 2312.7
1155460 2318.6
1155470 2318.6
1155480 2323.7
1155490 2328.6
1155500 2328.6
1155510 2333.3
1155520 2337.6
1155530 2337.6
1155540 2342.1
1155550 2346.8
1155560 2351.1
1155570 2351.1
1155580 2357.6
1155590 2364.4
1155600 2364.4
1155610 2372.7
1155620 2380.8
1155630 2380.8
1155640 2388.4
1155650 2395.9
1155660 2395.9
1155670 2403.7
1155680 2411.3
1155690 2411.3
1155700 2419.3
1155710 2427.7
1155720 2427.7
1155730 2435.3
1155740 2441.1
1155750 2447.5
1155760 2447.5
1155770 2454.0
1155780 2459.7
1155790 2459.7
1155800 2465.9
1155810 2471.4
1155820 2471.4
1155830 2475.7
1155840 2480.8
1155850 2480.8
1155860 2486.9
1155870 2492.8
1155880 2492.8
1155890 2499.2
1155900 2504.7
1155910 2504.7
1155920 2510.7
1155930 2516.8
1155940 2516.8
1155950 2522.1
1155960 2527.8
1155970 2534.7
1155980 2534.7
1155990 2541.8
1156000 2549.3
1156010 2549.3
1156020 2557.1
1156030 2570.6
1156040 2570.6
1156050 2579.0
1156060 2583.8
1156070 2583.8
1156080 2590.4
1156090 2600.0
1156100 2600.0
1156110 2610.4
1156120 2619.2
1156130 2619.2
1156140 2627.0
1156150 2634.4
1156160 2634.4
1156170 2641.2
1156180 2647.1
1156190 2653.7
1156200 2653.7
1156210 2661.2
1156220 2666.7
1156230 2666.7
1156240 2672.5
1156250 2679.1
1156260 2679.1
1156270 2686.2
1156280 2693.3
1156290 2693.3
1156300 2701.0
1156310 2707.9
1156320 2707.9
1156330 2714.5
1156340 2722.0
1156350 2722.0
1156360 2730.2
1156370 2738.9
1156380 2738.9
1156390 2746.7
1156400 2753.1
1156410 2757.2
1156420 2755.5
1156430 2758.3
1156440 2762.4
1156450 2762.4
1156460 2768.5
1156470 2773.7
1156480 2773.7
1156490 2777.8
1156500 2780.6
1156510 2780.6
1156520 2784.6
1156530 2792.8
1156540 2792.8
1156550 2801.9
1156560 2804.5
1156570 2804.5
1156580 2806.8
1156590 2810.6
1156600 2817.0
1156610 2817.0
1156620 2820.6
1156630 2820.5
1156640 2820.5
1156650 2821.7
1156660 2823.9
1156670 2823.9
1156680 2824.5
1156690 2825.2
1156700 2825.2
1156710 2826.5
1156720 2827.9
1156730 2827.9
1156740 2829.6
1156750 2829.8
1156760 2829.8
1156770 2828.8
1156780 2827.3
1156790 2827.3
1156800 2824.4
1156810 2825.8
1156820 2821.2
1156830 2821.2
1156840 2813.3
1156850 2804.7
1156860 2804.7
1156870 2796.3
1156880 2790.6
1156890 2790.6
1156900 2787.1
1156910 2786.5
1156920 2786.5
1156930 2784.2
1156940 2776.9
1156950 2776.9
1156960 2764.9
1156970 2755.0
1156980 2755.0
1156990 2749.1
1157000 2746.4
1157010 2746.4
1157020 2740.5
1157030 2729.0
1157040 2720.3
1157050 2720.3
1157060 2715.8
1157070 2714.0
1157080 2714.0
1157090 2712.8
1157100 2710.5
1157110 2710.5
1157120 2707.3
1157130 2705.4
1157140 2705.4
1157150 2702.0
1157160 2695.1
1157170 2695.1
1157180 2685.7
1157190 2684.4
1157200 2684.4
1157210 2680.5
1157220 2675.1
1157230 2675.1
1157240 2668.5
1157250 2661.2
1157260 2653.1
1157270 2653.1
1157280 2644.3
1157290 2635.2
1157300 2635.2
1157310 2623.9
1157320 2610.5
1157330 2610.5
1157340 2601.5
1157350 2593.5
1157360 2593.5
1157370 2584.4
1157380 2573.6
1157390 2573.6
1157400 2564.3
1157410 2555.0
1157420 2555.0
1157430 2545.5
1157440 2536.5
1157450 2536.5
1157460 2526.5
1157470 2519.1
1157480 2512.5
1157490 2512.5
1157500 2506.0
1157510 2499.7
1157520 2499.7
1157530 2493.5
1157540 2487.7
1157550 2487.7
1157560 2482.0
1157570 2476.4
1157580 2476.2
1157590 2471.1
1157600 2466.4
1157610 2466.4
1157620 2461.9
1157630 2457.8
1157640 2457.8
1157650 2454.2
1157660 2451.2
1157670 2449.0
1157680 2449.0
1157690 2446.7
1157700 2444.8
1157710 2444.8
1157720 2441.7
1157730 2437.6
1157740 2437.6
1157750 2432.7
1157760 2426.4
1157770 2426.4
1157780 2420.5
1157790 2414.3
1157800 2414.3
1157810 2408.9
1157820 2404.3
1157830 2404.3
1157840 2400.2
1157850 2396.3
1157860 2396.3
1157870 2391.7
1157880 2387.0
1157890 2383.5
1157900 2383.5
1157910 2379.1
1157920 2372.8
1157930 2372.8
1157940 2366.6
1157950 2360.7
1157960 2360.7
1157970 2355.7
1157980 2349.6
1157990 2349.6
1158000 2343.5
1158010 2337.5
1158020 2337.5
1158030 2331.3
1158040 2325.3
1158050 2325.3
1158060 2319.4
1158070 2314.2
1158080 2314.2
1158090 2309.3
1158100 2304.4
1158110 2298.9
1158120 2298.9
1158130 2292.3
1158140 2284.7
1158150 2284.7
1158160 2277.2
1158170 2270.4
1158180 2270.4
1158190 2264.4
1158200 2259.0
1158210 2259.0
1158220 2253.1
1158230 2247.2
1158240 2247.2
1158250 2241.4
1158260 2235.6
1158270 2235.6
1158280 2229.7
1158290 2223.9
1158300 2223.9
1158310 2218.3
1158320 2212.7
1158330 2206.9
1158340 2206.9
1158350 2201.2
1158360 2196.8
1158370 2196.8
1158380 2191.9
1158390 2187.8
1158400 2187.8
1158410 2186.1
1158420 2185.3
1158430 2185.3
1158440 2184.4
1158450 2183.8
1158460 2183.8
1158470 2183.5
1158480 2183.9
1158490 2183.9
1158500 2185.3
1158510 2188.5
1158520 2188.5
1158530 2193.5
1158540 2198.1
1158550 2202.7
1158560 2202.7
1158570 2207.7
1158580 2214.3
1158590 2214.3
1158600 2221.2
1158610 2228.0
1158620 2228.0
1158630 2234.9
1158640 2242.1
1158650 2242.1
1158660 2249.0
1158670 2255.6
1158680 2255.6
1158690 2260.2
1158700 2265.0
1158710 2265.0
1158720 2270.5
1158730 2276.8
1158740 2283.6
1158750 2283.6
1158760 2290.0
1158770 2296.0
1158780 2296.0
1158790 2301.6
1158800 2307.1
1158810 2307.1
1158820 2312.6
1158830 2318.2
1158840 2318.2
1158850 2323.4
1158860 2328.9
1158870 2328.9
1158880 2334.8
1158890 2340.9
1158900 2340.9
1158910 2347.1
1158920 2353.1
1158930 2353.1
1158940 2358.9
1158950 2364.3
1158960 2369.4
1158970 2369.4
1158980 2374.0
1158990 2378.1
1159000 2378.1
1159010 2382.0
1159020 2384.7
1159030 2384.7
1159040 2386.6
1159050 2388.3
1159060 2388.3
1159070 2389.6
1159080 2390.7
1159090 2390.7
1159100 2390.7
1159110 2391.4
1159120 2391.4
1159130 2393.1
1159140 2395.2
1159150 2395.2
1159160 2396.8
1159170 2398.7
1159180 2400.9
1159190 2400.9
1159200 2403.1
1159210 2405.3
1159220 2405.3
1159230 2406.6
1159240 2406.7
1159250 2406.7
1159260 2406.6
1159270 2406.4
1159280 2406.4
1159290 2406.6
1159300 2408.1
1159310 2408.1
1159320 2409.0
1159330 2408.9
1159340 2408.9
1159350 2408.9
1159360 2409.4
1159370 2409.4
1159380 2410.0
1159390 2410.6
1159400 2411.4
1159410 2411.4
1159420 2411.4
1159430 2411.5
1159440 2411.5
1159450 2412.6
1159460 2413.3
1159470 2413.3
1159480 2415.2
1159490 2417.4
1159500 2417.4
1159510 2420.7
1159520 2425.2
1159530 2425.2
1159540 2428.8
1159550 2432.8
1159560 2432.8
1159570 2437.0
1159580 2442.2
1159590 2447.9
1159600 2447.9
1159610 2454.0
1159620 2461.3
1159630 2461.3
1159640 2468.7
1159650 2476.0
1159660 2476.0
1159670 2483.6
1159680 2491.6
1159690 2491.6
1159700 2499.5
1159710 2507.7
1159720 2507.7
1159730 2515.3
1159740 2523.0
1159750 2523.0
1159760 2530.5
1159770 2538.0
1159780 2538.0
1159790 2545.6
1159800 2554.2
1159810 2563.3
1159820 2563.3
1159830 2567.7
1159840 2566.2
1159850 2566.2
1159860 2563.7
1159870 2560.9
1159880 2560.9
1159890 2557.8
1159900 2555.5
1159910 2561.3
1159920 2557.6
1159930 2556.7
1159940 2556.7
1159950 2557.3
1159960 2558.2
1159970 2558.2
1159980 2560.0
1159990 2561.6
