1140000 2551.0
1140010 2547.9
1140020 2547.9
1140030 2543.5
1140040 2539.7
1140050 2536.3
1140060 2536.3
1140070 2533.4
1140080 2530.6
1140090 2530.6
1140100 2528.3
1140110 2527.1
1140120 2527.1
1140130 2526.0
1140140 2525.0
1140150 2525.0
1140160 2523.9
1140170 2522.6
1140180 2522.6
1140190 2519.0
1140200 2512.6
1140210 2512.6
1140220 2506.6
1140230 2501.2
1140240 2501.2
1140250 2495.0
1140260 2487.8
1140270 2481.8
1140280 2481.8
1140290 2481.5
1140300 2478.3
1140310 2478.3
1140320 2473.5
1140330 2468.1
1140340 2468.1
1140350 2465.0
1140360 2461.5
1140370 2461.5
1140380 2457.4
1140390 2453.3
1140400 2453.3
1140410 2448.2
1140420 2444.2
1140430 2444.2
1140440 2441.4
1140450 2439.6
1140460 2439.6
1140470 2438.5
1140480 2437.4
1140490 2441.6
1140500 2441.6
1140510 2445.4
1140520 2447.4
1140530 2447.4
1140540 2448.4
1140550 2447.7
1140560 2447.7
1140570 2447.1
1140580 2445.8
1140590 2445.8
1140600 2446.4
1140610 2446.4
1140620 2446.4
1140630 2446.2
1140640 2445.5
1140650 2445.5
1140660 2448.2
1140670 2447.8
1140680 2447.8
1140690 2446.4
1140700 2445.3
1140710 2444.9
1140720 2444.9
1140730 2443.7
1140740 2441.5
1140750 2441.5
1140760 2436.4
1140770 2435.9
1140780 2435.9
1140790 2439.0
1140800 2440.3
1140810 2440.3
1140820 2439.5
1140830 2439.4
1140840 2439.4
1140850 2443.0
1140860 2445.5
1140870 2445.5
1140880 2445.4
1140890 2445.8
1140900 2445.8
1140910 2447.6
1140920 2449.5
1140930 2450.3
1140940 2450.3
1140950 2451.7
1140960 2453.1
1140970 2453.1
1140980 2453.3
1140990 2452.1
1141000 2452.1
1141010 2450.6
1141020 2449.8
1141030 2446.4
1141040 2446.7
1141050 2446.7
1141060 2446.7
1141070 2445.4
1141080 2443.5
1141090 2443.5
1141100 2441.5
1141110 2439.0
1141120 2439.0
1141130 2436.9
1141140 2434.7
1141150 2432.4
1141160 2432.4
1141170 2430.6
1141180 2429.0
1141190 2429.0
1141200 2426.5
1141210 2423.8
1141220 2423.8
1141230 2421.3
1141240 2419.1
1141250 2419.1
1141260 2416.7
1141270 2414.1
1141280 2414.1
1141290 2411.6
1141300 2408.7
1141310 2408.7
1141320 2405.2
1141330 2401.7
1141340 2398.1
1141350 2398.1
1141360 2394.7
1141370 2391.3
1141380 2391.3
1141390 2387.6
1141400 2383.8
1141410 2383.8
1141420 2380.3
1141430 2377.2
1141440 2377.2
1141450 2374.2
1141460 2371.1
1141470 2371.1
1141480 2368.5
1141490 2366.1
1141500 2366.1
1141510 2363.8
1141520 2361.5
1141530 2361.5
1141540 2359.5
1141550 2358.3
1141560 2357.4
1141570 2357.4
1141580 2356.8
1141590 2355.9
1141600 2355.9
1141610 2354.4
1141620 2351.9
1141630 2351.9
1141640 2348.6
1141650 2344.8
1141660 2344.8
1141670 2340.6
1141680 2336.6
1141690 2336.6
1141700 2332.6
1141710 2328.5
1141720 2328.5
1141730 2323.9
1141740 2318.8
1141750 2318.8
1141760 2313.1
1141770 2308.8
1141780 2304.5
1141790 2304.5
1141800 2300.5
1141810 2295.8
1141820 2295.8
1141830 2289.2
1141840 2282.6
1141850 2282.6
1141860 2277.4
1141870 2273.2
1141880 2273.2
1141890 2271.1
1141900 2271.6
1141910 2271.6
1141920 2270.2
1141930 2267.2
1141940 2267.2
1141950 2266.4
1141960 2268.0
1141970 2268.0
1141980 2269.4
1141990 2270.4
1142000 2269.4
1142010 2269.4
1142020 2268.0
1142030 2266.4
1142040 2266.4
1142050 2262.6
1142060 2259.0
1142070 2259.0
1142080 2258.3
1142090 2259.5
1142100 2259.5
1142110 2259.3
1142120 2257.9
1142130 2257.9
1142140 2262.1
1142150 2258.5
1142160 2258.5
1142170 2254.5
1142180 2250.4
1142190 2250.4
1142200 2247.1
1142210 2245.8
1142220 2245.0
1142230 2245.0
1142240 2246.8
1142250 2251.8
1142260 2251.8
1142270 2254.1
1142280 2255.6
1142290 2255.6
1142300 2256.9
1142310 2258.4
1142320 2258.4
1142330 2260.8
1142340 2263.4
1142350 2263.4
1142360 2265.2
1142370 2265.5
1142380 2265.5
1142390 2266.3
1142400 2266.6
1142410 2266.6
1142420 2266.2
1142430 2266.0
1142440 2264.8
1142450 2264.8
1142460 2259.3
1142470 2252.0
1142480 2252.0
1142490 2246.1
1142500 2241.1
1142510 2245.7
1142520 2240.7
1142530 2235.5
1142540 2235.5
1142550 2230.3
1142560 2224.8
1142570 2224.8
1142580 2219.7
1142590 2214.8
1142600 2214.8
1142610 2209.4
1142620 2203.7
1142630 2203.7
1142640 2197.8
1142650 2192.1
1142660 2186.0
1142670 2186.0
1142680 2179.4
1142690 2172.4
1142700 2172.4
1142710 2165.6
1142720 2159.6
1142730 2159.6
1142740 2153.5
1142750 2147.5
1142760 2147.5
1142770 2142.1
1142780 2136.7
1142790 2136.7
1142800 2131.4
1142810 2126.1
1142820 2126.1
1142830 2120.7
1142840 2115.0
1142850 2109.7
1142860 2109.7
1142870 2104.6
1142880 2103.3
1142890 2103.3
1142900 2099.3
1142910 2095.2
1142920 2095.2
1142930 2091.0
1142940 2086.8
1142950 2086.8
1142960 2082.6
1142970 2078.5
1142980 2078.5
1142990 2073.9
1143000 2068.7
1143010 2068.7
1143020 2062.5
1143030 2056.0
1143040 2056.0
1143050 2047.6
1143060 2039.9
1143070 2030.3
1143080 2030.3
1143090 2026.1
1143100 2023.8
1143110 2023.8
1143120 2020.3
1143130 2016.0
1143140 2016.0
1143150 2010.4
1143160 2003.1
1143170 2003.1
1143180 1996.2
1143190 1989.0
1143200 1989.0
1143210 1981.2
1143220 1978.7
1143230 1978.7
1143240 1980.3
1143250 1976.9
1143260 1976.9
1143270 1978.2
1143280 1982.0
1143290 1983.0
1143300 1983.0
1143310 1988.1
1143320 1989.9
1143330 1989.9
1143340 1990.4
1143350 1990.8
1143360 1990.8
1143370 1989.1
1143380 1987.5
1143390 1987.5
1143400 1986.7
1143410 1985.4
1143420 1985.4
1143430 1985.4
1143440 1986.0
1143450 1986.0
1143460 1986.8
1143470 1989.1
1143480 1989.1
1143490 1991.5
1143500 1993.8
1143510 1995.2
1143520 1995.2
1143530 1996.1
1143540 1996.5
1143550 1996.5
1143560 1996.4
1143570 1996.4
1143580 1996.4
1143590 1997.0
1143600 1998.5
1143610 1998.5
1143620 1996.8
1143630 1998.5
1143640 1998.5
1143650 1998.3
1143660 1997.8
1143670 1997.8
1143680 1999.4
1143690 2004.1
1143700 2004.1
1143710 2008.0
1143720 2011.3
1143730 2014.8
1143740 2014.8
1143750 2018.1
1143760 2020.5
1143770 2020.5
1143780 2020.5
1143790 2017.6
1143800 2017.6
1143810 2015.3
1143820 2013.9
1143830 2013.9
1143840 2011.3
1143850 2007.2
1143860 2007.2
1143870 2004.4
1143880 2003.2
1143890 2003.2
1143900 2002.3
1143910 2001.0
1143920 2001.0
1143930 1999.9
1143940 1999.3
1143950 1999.0
1143960 1999.0
1143970 1998.2
1143980 1997.2
1143990 1993.6
1144000 1993.5
1144010 1993.2
1144020 1993.2
1144030 1989.0
1144040 1987.2
1144050 1987.2
1144060 1987.4
1144070 1988.9
1144080 1988.9
1144090 1988.4
1144100 1989.5
1144110 1989.5
1144120 1992.4
1144130 1995.7
1144140 1998.6
1144150 1998.6
1144160 1999.9
1144170 2000.9
1144180 2000.9
1144190 2003.4
1144200 2007.5
1144210 2007.5
1144220 2011.1
1144230 2014.9
1144240 2014.9
1144250 2015.9
1144260 2018.2
1144270 2018.2
1144280 2022.5
1144290 2025.9
1144300 2025.9
1144310 2029.1
1144320 2031.4
1144330 2031.4
1144340 2034.5
1144350 2038.3
1144360 2034.7
1144370 2034.7
1144380 2037.1
1144390 2031.1
1144400 2031.1
1144410 2020.5
1144420 2013.7
1144430 2013.7
1144440 2010.0
1144450 2005.1
1144460 2005.1
1144470 1997.3
1144480 1993.7
1144490 1993.7
1144500 1994.1
1144510 1995.7
1144520 1995.7
1144530 1999.8
1144540 2007.3
1144550 2007.3
1144560 2015.3
1144570 2022.9
1144580 2028.8
1144590 2028.8
1144600 2030.2
1144610 2031.4
1144620 2031.4
1144630 2032.8
1144640 2037.6
1144650 2037.6
1144660 2043.6
1144670 2050.3
1144680 2050.3
1144690 2056.9
1144700 2061.6
1144710 2061.6
1144720 2065.4
1144730 2070.5
1144740 2064.7
1144750 2070.8
1144760 2075.4
1144770 2075.4
1144780 2078.6
1144790 2081.8
1144800 2085.3
1144810 2085.3
1144820 2086.4
1144830 2084.8
1144840 2084.8
1144850 2087.6
1144860 2091.0
1144870 2091.0
1144880 2093.5
1144890 2096.1
1144900 2096.1
1144910 2101.6
1144920 2107.4
1144930 2107.4
1144940 2112.7
1144950 2115.4
1144960 2115.4
1144970 2114.6
1144980 2113.4
1144990 2113.4
1145000 2114.8
1145010 2119.1
1145020 2124.1
1145030 2124.1
1145040 2129.4
1145050 2133.4
1145060 2133.4
1145070 2136.8
1145080 2139.2
1145090 2139.2
1145100 2141.7
1145110 2139.4
1145120 2139.4
1145130 2142.4
1145140 2145.7
1145150 2145.7
1145160 2149.0
1145170 2152.4
1145180 2152.4
1145190 2155.7
1145200 2159.4
1145210 2159.4
1145220 2164.2
1145230 2169.0
1145240 2172.0
1145250 2172.0
1145260 2174.3
1145270 2176.2
1145280 2176.2
1145290 2177.0
1145300 2176.2
1145310 2176.2
1145320 2174.6
1145330 2171.6
1145340 2171.6
1145350 2167.3
1145360 2160.7
1145370 2160.7
1145380 2151.8
1145390 2141.2
1145400 2141.2
1145410 2132.1
1145420 2120.7
1145430 2120.7
1145440 2108.1
1145450 2098.1
1145460 2089.9
1145470 2089.9
1145480 2080.1
1145490 2073.2
1145500 2073.2
1145510 2065.8
1145520 2058.7
1145530 2058.7
1145540 2050.4
1145550 2041.7
1145560 2041.7
1145570 2033.1
1145580 2018.9
1145590 2018.9
1145600 2008.3
1145610 2002.0
1145620 2002.0
1145630 1989.0
1145640 1976.5
1145650 1969.4
1145660 1969.4
1145670 1963.2
1145680 1956.8
1145690 1956.8
1145700 1949.8
1145710 1942.8
1145720 1942.8
1145730 1935.6
1145740 1928.9
1145750 1928.9
1145760 1922.8
1145770 1917.1
1145780 1917.1
1145790 1911.9
1145800 1905.6
1145810 1905.6
1145820 1898.7
1145830 1890.9
1145840 1890.9
1145850 1881.5
1145860 1873.3
1145870 1861.6
1145880 1861.6
1145890 1852.1
1145900 1847.9
1145910 1847.9
1145920 1850.2
1145930 1850.6
1145940 1850.6
1145950 1851.9
1145960 1854.2
1145970 1854.2
1145980 1853.3
1145990 1852.2
1146000 1852.2
1146010 1845.6
1146020 1843.7
1146030 1843.7
1146040 1842.3
1146050 1839.9
1146060 1839.9
1146070 1837.2
1146080 1833.2
1146090 1828.5
1146100 1828.5
1146110 1824.3
1146120 1820.3
1146130 1820.3
1146140 1817.1
1146150 1815.2
1146160 1815.2
1146170 1814.8
1146180 1815.2
1146190 1815.2
1146200 1818.7
1146210 1818.9
1146220 1818.9
1146230 1812.6
1146240 1810.6
1146250 1810.6
1146260 1806.7
1146270 1801.8
1146280 1801.8
1146290 1795.8
1146300 1789.8
1146310 1782.1
1146320 1782.1
1146330 1774.1
1146340 1767.2
1146350 1767.2
1146360 1760.9
1146370 1754.0
1146380 1754.0
1146390 1746.1
1146400 1738.5
1146410 1738.5
1146420 1730.3
1146430 1721.8
1146440 1721.8
1146450 1711.9
1146460 1702.8
1146470 1702.8
1146480 1693.4
1146490 1686.2
1146500 1686.2
1146510 1679.3
1146520 1672.8
1146530 1666.6
1146540 1666.6
1146550 1657.6
1146560 1648.4
1146570 1648.4
1146580 1640.1
1146590 1634.3
1146600 1634.3
1146610 1631.8
1146620 1623.7
1146630 1623.7
1146640 1624.4
1146650 1627.8
1146660 1627.8
1146670 1625.6
1146680 1619.8
1146690 1619.8
1146700 1611.6
1146710 1604.6
1146720 1604.6
1146730 1601.0
1146740 1597.4
1146750 1588.3
1146760 1588.3
1146770 1574.7
1146780 1563.1
1146790 1563.1
1146800 1545.2
1146810 1536.3
1146820 1536.3
1146830 1533.7
1146840 1530.2
1146850 1530.2
1146860 1526.4
1146870 1525.1
1146880 1525.1
1146890 1522.5
1146900 1519.3
1146910 1519.3
1146920 1515.6
1146930 1511.6
1146940 1511.6
1146950 1507.3
1146960 1503.2
1146970 1499.2
1146980 1492.7
1146990 1488.1
1147000 1483.4
1147010 1483.4
1147020 1478.0
1147030 1472.3
1147040 1472.3
1147050 1466.7
1147060 1461.3
1147070 1461.3
1147080 1456.1
1147090 1450.5
1147100 1450.5
1147110 1444.4
1147120 1438.1
1147130 1438.1
1147140 1432.6
1147150 1426.8
1147160 1421.2
1147170 1421.2
1147180 1416.6
1147190 1412.6
1147200 1412.6
1147210 1409.3
1147220 1406.2
1147230 1406.2
1147240 1401.4
1147250 1395.8
1147260 1395.8
1147270 1391.0
1147280 1386.7
1147290 1386.7
1147300 1384.5
1147310 1382.7
1147320 1382.7
1147330 1380.6
1147340 1378.8
1147350 1378.8
1147360 1372.0
1147370 1370.2
1147380 1368.5
1147390 1368.5
1147400 1366.3
1147410 1363.7
1147420 1363.7
1147430 1361.4
1147440 1358.7
1147450 1358.7
1147460 1353.8
1147470 1350.8
1147480 1350.8
1147490 1349.6
1147500 1347.3
1147510 1347.3
1147520 1344.9
1147530 1343.0
1147540 1343.0
1147550 1341.3
1147560 1340.8
1147570 1340.8
1147580 1340.3
1147590 1339.5
1147600 1338.5
1147610 1338.5
1147620 1338.5
1147630 1336.8
1147640 1336.8
1147650 1331.0
1147660 1324.8
1147670 1324.8
1147680 1319.3
1147690 1315.6
1147700 1315.6
1147710 1312.4
1147720 1309.5
1147730 1304.9
1147740 1303.9
1147750 1303.4
1147760 1303.4
1147770 1303.1
1147780 1303.0
1147790 1303.0
1147800 1303.0
1147810 1303.0
1147820 1303.1
1147830 1303.1
1147840 1303.7
1147850 1304.4
1147860 1304.4
1147870 1304.5
1147880 1304.3
1147890 1304.3
1147900 1304.1
1147910 1303.9
1147920 1303.9
1147930 1303.6
1147940 1303.3
1147950 1303.3
1147960 1303.1
1147970 1302.8
1147980 1302.8
1147990 1302.6
1148000 1302.3
1148010 1302.3
1148020 1302.1
1148030 1302.4
1148040 1304.3
1148050 1304.3
1148060 1307.7
1148070 1309.3
1148080 1309.3
1148090 1308.9
1148100 1308.8
1148110 1312.4
1148120 1315.4
1148130 1319.7
1148140 1319.7
1148150 1325.4
1148160 1332.3
1148170 1332.3
1148180 1338.9
1148190 1341.3
1148200 1341.3
1148210 1342.0
1148220 1344.4
1148230 1344.4
1148240 1346.7
1148250 1348.3
1148260 1351.2
1148270 1351.2
1148280 1355.0
1148290 1358.3
1148300 1358.3
1148310 1359.1
1148320 1359.9
1148330 1359.9
1148340 1362.0
1148350 1364.3
1148360 1364.3
1148370 1367.0
1148380 1368.6
1148390 1368.6
1148400 1372.6
1148410 1376.8
1148420 1376.8
1148430 1380.5
1148440 1382.7
1148450 1385.4
1148460 1385.4
1148470 1389.6
1148480 1393.9
1148490 1396.2
1148500 1401.2
1148510 1405.9
1148520 1405.9
1148530 1410.0
1148540 1413.5
1148550 1413.5
1148560 1417.4
1148570 1421.1
1148580 1421.1
1148590 1425.0
1148600 1430.0
1148610 1430.0
1148620 1434.9
1148630 1439.1
1148640 1439.1
1148650 1443.0
1148660 1446.0
1148670 1448.9
1148680 1448.9
1148690 1451.4
1148700 1453.3
1148710 1453.3
1148720 1456.1
1148730 1458.2
1148740 1458.2
1148750 1459.3
1148760 1460.5
1148770 1460.5
1148780 1460.9
1148790 1460.7
1148800 1460.7
1148810 1458.7
1148820 1458.1
1148830 1458.1
1148840 1457.6
1148850 1461.7
1148860 1464.1
1148870 1470.3
1148880 1475.8
1148890 1482.7
1148900 1482.7
1148910 1491.1
1148920 1500.5
1148930 1500.5
1148940 1509.0
1148950 1515.6
1148960 1515.6
1148970 1520.2
1148980 1525.9
1148990 1525.9
1149000 1535.9
1149010 1543.9
1149020 1543.9
1149030 1544.7
1149040 1548.5
1149050 1548.5
1149060 1553.5
1149070 1556.7
1149080 1556.7
1149090 1554.1
1149100 1547.7
1149110 1550.8
1149120 1550.8
1149130 1555.5
1149140 1561.0
1149150 1561.0
1149160 1566.5
1149170 1571.1
1149180 1571.1
1149190 1573.7
1149200 1572.5
1149210 1572.5
1149220 1567.1
1149230 1560.3
1149240 1567.9
1149250 1561.8
1149260 1562.1
1149270 1562.1
1149280 1561.6
1149290 1563.3
1149300 1563.3
1149310 1556.1
1149320 1544.5
1149330 1545.3
1149340 1545.3
1149350 1551.7
1149360 1560.1
1149370 1560.1
1149380 1568.9
1149390 1577.4
1149400 1577.4
1149410 1586.1
1149420 1593.5
1149430 1593.5
1149440 1601.2
1149450 1609.5
1149460 1609.5
1149470 1618.5
1149480 1627.8
1149490 1627.8
1149500 1637.3
1149510 1647.1
1149520 1647.1
1149530 1656.0
1149540 1663.7
1149550 1670.7
1149560 1670.7
1149570 1678.0
1149580 1686.0
1149590 1686.0
1149600 1694.0
1149610 1701.2
1149620 1699.8
1149630 1706.8
1149640 1712.0
1149650 1712.0
1149660 1719.0
1149670 1725.8
1149680 1725.8
1149690 1732.4
1149700 1738.8
1149710 1738.8
1149720 1744.3
1149730 1748.0
1149740 1748.0
1149750 1751.0
1149760 1754.4
1149770 1758.3
1149780 1758.3
1149790 1762.7
1149800 1767.6
1149810 1767.6
1149820 1772.7
1149830 1777.0
1149840 1777.0
1149850 1781.3
1149860 1785.1
1149870 1785.1
1149880 1788.9
1149890 1792.7
1149900 1792.7
1149910 1796.8
1149920 1800.4
1149930 1800.4
1149940 1804.0
1149950 1808.9
1149960 1814.6
1149970 1814.6
1149980 1819.7
1149990 1825.1
1150000 1828.9
1150010 1833.9
1150020 1838.7
1150030 1838.7
1150040 1843.6
1150050 1847.9
1150060 1847.9
1150070 1852.0
1150080 1856.7
1150090 1856.7
1150100 1861.8
1150110 1866.0
1150120 1866.0
1150130 1870.6
1150140 1875.0
1150150 1875.0
1150160 1879.2
1150170 1883.8
1150180 1888.1
1150190 1888.1
1150200 1892.1
1150210 1895.2
1150220 1895.2
1150230 1899.2
1150240 1904.9
1150250 1904.9
1150260 1910.7
1150270 1914.3
1150280 1914.3
1150290 1916.5
1150300 1920.6
1150310 1920.6
1150320 1925.7
1150330 1928.9
1150340 1928.9
1150350 1931.3
1150360 1934.6
1150370 1934.6
1150380 1934.2
1150390 1933.3
1150400 1935.3
1150410 1935.3
1150420 1937.9
1150430 1941.1
1150440 1941.1
1150450 1944.2
1150460 1946.3
1150470 1946.3
1150480 1948.5
1150490 1950.9
1150500 1950.9
1150510 1954.1
1150520 1957.1
1150530 1957.1
1150540 1961.5
1150550 1967.2
1150560 1967.2
1150570 1972.6
1150580 1978.4
1150590 1978.4
1150600 1984.1
1150610 1988.6
1150620 1992.7
1150630 1992.7
1150640 1997.5
1150650 2002.3
1150660 2002.3
1150670 2006.8
1150680 2011.2
1150690 2011.2
1150700 2014.7
1150710 2019.9
1150720 2019.9
1150730 2025.1
1150740 2030.4
1150750 2030.4
1150760 2041.6
1150770 2046.9
1150780 2046.9
1150790 2051.8
1150800 2056.8
1150810 2056.8
1150820 2062.3
1150830 2068.0
1150840 2073.0
1150850 2073.0
1150860 2077.4
1150870 2081.8
1150880 2081.8
1150890 2086.9
1150900 2092.2
1150910 2092.2
1150920 2097.3
1150930 2101.5
1150940 2101.5
1150950 2104.8
1150960 2107.9
1150970 2107.9
1150980 2109.7
1150990 2109.8
1151000 2109.8
1151010 2111.4
1151020 2117.6
1151030 2117.6
1151040 2122.8
1151050 2126.0
1151060 2128.7
1151070 2128.7
1151080 2124.6
1151090 2118.8
1151100 2118.8
1151110 2113.4
1151120 2111.7
1151130 2111.7
1151140 2118.6
1151150 2115.9
1151160 2115.9
1151170 2111.6
1151180 2106.2
1151190 2106.2
1151200 2100.0
1151210 2088.8
1151220 2088.8
1151230 2080.5
1151240 2073.2
1151250 2065.8
1151260 2065.8
1151270 2058.5
1151280 2051.2
1151290 2051.2
1151300 2044.4
1151310 2037.8
1151320 2037.8
1151330 2031.2
1151340 2025.2
1151350 2025.2
1151360 2020.5
1151370 2017.0
1151380 2017.0
1151390 2012.6
1151400 2007.8
1151410 2007.8
1151420 2004.7
1151430 2000.1
1151440 2000.1
1151450 1994.1
1151460 1996.6
1151470 2002.2
1151480 2002.2
1151490 2005.2
1151500 2002.8
1151510 2002.8
1151520 2001.1
1151530 2000.5
1151540 2000.5
1151550 2000.9
1151560 2002.5
1151570 2002.5
1151580 2005.3
1151590 2008.1
1151600 2008.1
1151610 2010.8
1151620 2013.0
1151630 2013.0
1151640 2014.8
1151650 2015.9
1151660 2015.9
1151670 2016.3
1151680 2015.8
1151690 2015.4
1151700 2015.4
1151710 2015.7
1151720 2016.3
1151730 2016.3
1151740 2017.7
1151750 2019.4
1151760 2019.4
1151770 2020.5
1151780 2021.3
1151790 2021.3
1151800 2023.8
1151810 2028.5
1151820 2028.5
1151830 2031.7
1151840 2033.9
1151850 2033.9
1151860 2036.3
1151870 2039.4
1151880 2039.4
1151890 2042.4
1151900 2047.8
1151910 2051.1
1151920 2051.1
1151930 2054.6
1151940 2057.7
1151950 2057.7
1151960 2060.9
1151970 2064.1
1151980 2064.1
1151990 2067.5
1152000 2071.4
1152010 2071.4
1152020 2076.4
1152030 2083.2
1152040 2083.2
1152050 2090.5
1152060 2098.7
1152070 2098.7
1152080 2107.3
1152090 2117.0
1152100 2117.0
1152110 2129.4
1152120 2141.5
1152130 2154.1
1152140 2154.1
1152150 2164.5
1152160 2175.5
1152170 2175.5
1152180 2186.7
1152190 2194.0
1152200 2194.0
1152210 2200.0
1152220 2205.3
1152230 2205.3
1152240 2205.8
1152250 2207.1
1152260 2207.1
1152270 2209.0
1152280 2213.6
1152290 2213.6
1152300 2222.4
1152310 2232.0
1152320 2232.0
1152330 2236.4
1152340 2238.5
1152350 2242.4
1152360 2242.4
1152370 2246.9
1152380 2253.5
1152390 2253.5
1152400 2261.1
1152410 2269.0
1152420 2269.0
1152430 2275.0
1152440 2280.4
1152450 2280.4
1152460 2283.4
1152470 2287.0
1152480 2287.0
1152490 2291.6
1152500 2297.4
1152510 2297.4
1152520 2305.3
1152530 2317.1
1152540 2330.1
1152550 2330.1
1152560 2341.0
1152570 2350.4
1152580 2350.4
1152590 2359.4
1152600 2364.9
1152610 2364.9
1152620 2368.6
1152630 2368.7
1152640 2368.7
1152650 2371.7
1152660 2372.7
1152670 2372.7
1152680 2376.6
1152690 2380.4
1152700 2380.4
1152710 2388.7
1152720 2397.2
1152730 2397.2
1152740 2404.7
1152750 2411.1
1152760 2416.9
1152770 2416.9
1152780 2422.1
1152790 2426.8
1152800 2426.8
1152810 2431.3
1152820 2436.5
1152830 2436.5
1152840 2442.0
1152850 2448.1
1152860 2448.1
1152870 2455.0
1152880 2461.9
1152890 2461.9
1152900 2469.8
1152910 2476.5
1152920 2476.5
1152930 2483.3
1152940 2487.4
1152950 2487.4
1152960 2494.8
1152970 2503.3
1152980 2507.5
1152990 2507.5
1153000 2511.1
1153010 2517.6
1153020 2517.6
1153030 2525.4
1153040 2524.7
1153050 2524.7
1153060 2531.8
1153070 2537.8
1153080 2537.8
1153090 2543.6
1153100 2550.7
1153110 2550.7
1153120 2558.8
1153130 2566.4
1153140 2566.4
1153150 2573.9
1153160 2580.5
1153170 2580.5
1153180 2584.6
1153190 2586.8
1153200 2588.4
1153210 2588.4
1153220 2592.8
1153230 2597.9
1153240 2597.9
1153250 2598.6
1153260 2599.2
1153270 2599.2
1153280 2597.5
1153290 2596.1
1153300 2596.1
1153310 2593.1
1153320 2589.1
1153330 2589.1
1153340 2586.3
1153350 2582.9
1153360 2582.9
1153370 2582.7
1153380 2582.1
1153390 2582.1
1153400 2581.3
1153410 2582.3
1153420 2584.1
1153430 2590.7
1153440 2591.1
1153450 2592.7
1153460 2592.7
1153470 2592.7
1153480 2589.1
1153490 2589.1
1153500 2584.3
1153510 2576.6
1153520 2576.6
1153530 2568.4
1153540 2560.0
1153550 2560.0
1153560 2551.3
1153570 2542.5
1153580 2542.5
1153590 2532.6
1153600 2526.1
1153610 2526.1
1153620 2519.0
1153630 2511.6
1153640 2504.2
1153650 2504.2
1153660 2496.1
1153670 2487.2
1153680 2487.2
1153690 2478.5
1153700 2471.8
1153710 2471.8
1153720 2466.0
1153730 2459.1
1153740 2459.1
1153750 2451.4
1153760 2443.5
1153770 2443.5
1153780 2433.9
1153790 2423.8
1153800 2423.8
1153810 2415.2
1153820 2407.8
1153830 2399.4
1153840 2399.4
1153850 2391.1
1153860 2382.9
1153870 2382.9
1153880 2374.2
1153890 2363.4
1153900 2363.4
1153910 2352.6
1153920 2343.8
1153930 2343.8
1153940 2336.9
1153950 2328.1
1153960 2328.1
1153970 2319.7
1153980 2311.7
1153990 2311.7
1154000 2304.4
1154010 2295.4
1154020 2295.4
1154030 2286.4
1154040 2278.5
1154050 2269.3
1154060 2269.3
1154070 2259.8
1154080 2251.6
1154090 2251.6
1154100 2244.4
1154110 2236.4
1154120 2236.4
1154130 2228.2
1154140 2217.4
1154150 2217.4
1154160 2205.4
1154170 2195.0
1154180 2195.0
1154190 2183.5
1154200 2181.2
1154210 2181.2
1154220 2172.9
1154230 2163.7
1154240 2163.7
1154250 2155.7
1154260 2147.8
1154270 2139.6
1154280 2139.6
1154290 2131.9
1154300 2124.0
1154310 2124.0
1154320 2114.3
1154330 2104.2
1154340 2104.2
1154350 2094.7
1154360 2087.0
1154370 2087.0
1154380 2078.7
1154390 2070.6
1154400 2070.6
1154410 2063.5
1154420 2055.9
1154430 2055.9
1154440 2048.8
1154450 2042.2
1154460 2042.2
1154470 2035.8
1154480 2030.0
1154490 2024.2
1154500 2024.2
1154510 2018.6
1154520 2013.0
1154530 2013.0
1154540 2007.6
1154550 2002.4
1154560 2002.4
1154570 1997.3
1154580 1993.0
1154590 1993.0
1154600 1988.5
1154610 1983.7
1154620 1983.7
1154630 1979.3
1154640 1975.4
1154650 1975.4
1154660 1972.1
1154670 1969.5
1154680 1969.5
1154690 1967.2
1154700 1965.1
1154710 1963.0
1154720 1963.0
1154730 1961.8
1154740 1961.4
1154750 1961.4
1154760 1961.3
1154770 1961.1
1154780 1961.1
1154790 1961.4
1154800 1962.9
1154810 1962.9
1154820 1964.6
1154830 1967.7
1154840 1967.7
1154850 1973.2
1154860 1979.4
1154870 1979.4
1154880 1984.2
1154890 1987.6
1154900 1987.6
1154910 1991.3
1154920 1994.7
1154930 1998.8
1154940 1998.8
1154950 2003.4
1154960 2008.6
1154970 2008.6
1154980 2011.8
1154990 2014.1
1155000 2014.1
1155010 2016.6
1155020 2019.7
1155030 2019.7
1155040 2023.8
1155050 2028.8
1155060 2028.8
1155070 2035.6
1155080 2041.6
1155090 2041.6
1155100 2046.9
1155110 2052.9
1155120 2058.0
1155130 2058.0
1155140 2062.6
1155150 2068.8
1155160 2068.8
1155170 2074.1
1155180 2079.5
1155190 2079.5
1155200 2085.5
1155210 2091.1
1155220 2091.1
1155230 2096.1
1155240 2100.7
1155250 2100.7
1155260 2104.6
1155270 2108.6
1155280 2108.6
1155290 2114.7
1155300 2119.1
1155310 2119.1
1155320 2123.8
1155330 2130.8
1155340 2142.1
1155350 2142.1
1155360 2148.5
1155370 2153.8
1155380 2153.8
1155390 2157.1
1155400 2160.0
1155410 2160.0
1155420 2165.2
1155430 2171.7
1155440 2171.7
1155450 2178.9
1155460 2187.6
1155470 2187.6
1155480 2198.8
1155490 2206.1
1155500 2206.1
1155510 2211.2
1155520 2216.9
1155530 2216.9
1155540 2222.4
1155550 2224.5
1155560 2228.8
1155570 2228.8
1155580 2233.6
1155590 2237.0
1155600 2237.0
1155610 2240.0
1155620 2242.6
1155630 2242.6
1155640 2249.1
1155650 2257.9
1155660 2257.9
1155670 2264.6
1155680 2271.2
1155690 2271.2
1155700 2274.7
1155710 2277.8
1155720 2277.8
1155730 2281.9
1155740 2283.1
1155750 2283.1
1155760 2284.4
1155770 2287.3
1155780 2291.0
1155790 2291.0
1155800 2295.2
1155810 2299.8
1155820 2299.8
1155830 2305.1
1155840 2310.7
1155850 2310.7
1155860 2316.4
1155870 2322.6
1155880 2322.6
1155890 2329.6
1155900 2337.5
1155910 2337.5
1155920 2344.5
1155930 2350.0
1155940 2350.0
1155950 2355.8
1155960 2361.8
1155970 2361.8
1155980 2367.1
1155990 2373.0
1156000 2379.5
1156010 2379.5
1156020 2386.0
1156030 2393.4
1156040 2393.4
1156050 2402.4
1156060 2410.5
1156070 2410.5
1156080 2415.5
1156090 2417.3
1156100 2417.3
1156110 2418.0
1156120 2424.3
1156130 2424.3
1156140 2423.8
1156150 2424.1
1156160 2424.1
1156170 2423.8
1156180 2422.7
1156190 2422.7
1156200 2424.3
1156210 2428.5
1156220 2432.4
1156230 2432.4
1156240 2432.4
1156250 2430.4
1156260 2430.4
1156270 2428.7
1156280 2428.4
1156290 2428.4
1156300 2430.5
1156310 2433.1
1156320 2433.1
1156330 2434.6
1156340 2436.2
1156350 2436.2
1156360 2438.3
1156370 2441.4
1156380 2441.4
1156390 2445.0
1156400 2449.7
1156410 2455.1
1156420 2455.1
1156430 2460.8
1156440 2466.9
1156450 2466.9
1156460 2473.7
1156470 2480.8
1156480 2480.8
1156490 2488.1
1156500 2494.9
1156510 2494.9
1156520 2502.5
1156530 2510.6
1156540 2510.6
1156550 2519.5
1156560 2528.7
1156570 2528.7
1156580 2538.4
1156590 2547.9
1156600 2547.9
1156610 2556.9
1156620 2566.3
1156630 2575.8
1156640 2575.8
1156650 2584.3
1156660 2591.7
1156670 2591.7
1156680 2598.6
1156690 2606.0
1156700 2606.0
1156710 2614.2
1156720 2623.0
1156730 2623.0
1156740 2631.8
1156750 2640.9
1156760 2640.9
1156770 2647.2
1156780 2650.3
1156790 2650.3
1156800 2651.8
1156810 2655.0
1156820 2655.0
1156830 2658.7
1156840 2661.8
1156850 2663.8
1156860 2663.8
1156870 2665.0
1156880 2664.1
1156890 2664.6
1156900 2662.6
1156910 2657.9
1156920 2657.9
1156930 2651.5
1156940 2644.5
1156950 2644.5
1156960 2637.1
1156970 2631.6
1156980 2631.6
1156990 2627.5
1157000 2623.1
1157010 2623.1
1157020 2617.8
1157030 2612.0
1157040 2612.0
1157050 2606.8
1157060 2601.7
1157070 2596.3
1157080 2596.3
1157090 2591.2
1157100 2586.1
1157110 2586.1
1157120 2579.8
1157130 2572.4
1157140 2572.4
1157150 2566.3
1157160 2559.9
1157170 2559.9
1157180 2554.3
1157190 2547.8
1157200 2547.8
1157210 2540.6
1157220 2535.0
1157230 2535.0
1157240 2529.9
1157250 2524.9
1157260 2524.9
1157270 2523.3
1157280 2519.4
1157290 2516.4
1157300 2516.4
1157310 2510.9
1157320 2504.8
1157330 2504.8
1157340 2499.1
1157350 2494.1
1157360 2494.1
1157370 2487.7
1157380 2481.7
1157390 2481.7
1157400 2477.1
1157410 2472.7
1157420 2472.7
1157430 2465.6
1157440 2457.7
1157450 2457.7
1157460 2448.5
1157470 2438.3
1157480 2438.3
1157490 2429.7
1157500 2421.8
1157510 2412.7
1157520 2412.7
1157530 2403.8
1157540 2396.0
1157550 2396.0
1157560 2387.7
1157570 2377.1
1157580 2377.1
1157590 2368.7
1157600 2361.8
1157610 2361.8
1157620 2355.4
1157630 2349.3
1157640 2349.3
1157650 2343.6
1157660 2339.7
1157670 2339.7
1157680 2337.1
1157690 2334.6
1157700 2331.7
1157710 2331.7
1157720 2327.5
1157730 2322.6
1157740 2322.6
1157750 2318.2
1157760 2311.7
1157770 2311.7
1157780 2304.6
1157790 2298.1
1157800 2298.1
1157810 2292.4
1157820 2286.2
1157830 2286.2
1157840 2279.9
1157850 2273.4
1157860 2273.4
1157870 2267.3
1157880 2261.9
1157890 2261.9
1157900 2257.1
1157910 2251.7
1157920 2246.7
1157930 2246.7
1157940 2241.2
1157950 2235.2
1157960 2235.2
1157970 2229.8
1157980 2225.4
1157990 2225.4
1158000 2221.3
1158010 2216.4
1158020 2216.4
1158030 2211.3
1158040 2205.9
1158050 2207.7
1158060 2201.2
1158070 2194.7
1158080 2194.7
1158090 2190.1
1158100 2186.5
1158110 2186.5
1158120 2182.9
1158130 2178.8
1158140 2173.4
1158150 2173.4
1158160 2167.3
1158170 2161.4
1158180 2161.4
1158190 2154.8
1158200 2148.5
1158210 2148.5
1158220 2142.4
1158230 2137.2
1158240 2137.2
1158250 2131.6
1158260 2125.8
1158270 2125.8
1158280 2120.5
1158290 2114.9
1158300 2114.9
1158310 2109.8
1158320 2107.5
1158330 2107.5
1158340 2107.4
1158350 2107.4
1158360 2107.4
1158370 2107.4
1158380 2107.4
1158390 2107.4
1158400 2107.4
1158410 2107.4
1158420 2107.4
1158430 2107.4
1158440 2107.4
1158450 2109.4
1158460 2109.4
1158470 2115.6
1158480 2121.9
1158490 2121.9
1158500 2127.6
1158510 2132.9
1158520 2132.9
1158530 2137.9
1158540 2142.9
1158550 2142.9
1158560 2146.9
1158570 2149.7
1158580 2152.2
1158590 2152.2
1158600 2156.3
1158610 2161.5
1158620 2161.5
1158630 2168.1
1158640 2175.3
1158650 2175.3
1158660 2182.1
1158670 2190.0
1158680 2190.0
1158690 2196.8
1158700 2202.7
1158710 2202.7
1158720 2208.8
1158730 2213.4
1158740 2213.4
1158750 2217.3
1158760 2225.4
1158770 2234.8
1158780 2234.8
1158790 2241.7
1158800 2247.5
1158810 2247.5
1158820 2252.0
1158830 2256.7
1158840 2256.7
1158850 2262.8
1158860 2268.4
1158870 2268.4
1158880 2272.4
1158890 2275.8
1158900 2275.8
1158910 2281.3
1158920 2288.1
1158930 2288.1
1158940 2294.5
1158950 2299.7
1158960 2299.7
1158970 2304.2
1158980 2309.1
1158990 2313.6
1159000 2313.6
1159010 2317.4
1159020 2321.2
1159030 2321.2
1159040 2325.0
1159050 2330.0
1159060 2330.0
1159070 2334.6
1159080 2337.7
1159090 2337.7
1159100 2341.6
1159110 2344.5
1159120 2344.5
1159130 2349.0
1159140 2356.0
1159150 2356.0
1159160 2362.4
1159170 2368.5
1159180 2368.5
1159190 2375.5
1159200 2379.3
1159210 2382.0
1159220 2384.1
1159230 2386.1
1159240 2388.6
1159250 2388.6
1159260 2391.8
1159270 2395.9
1159280 2395.9
1159290 2400.7
1159300 2406.1
1159310 2406.1
1159320 2412.1
1159330 2417.8
1159340 2417.8
1159350 2423.3
1159360 2430.1
1159370 2430.1
1159380 2437.7
1159390 2445.2
1159400 2445.2
1159410 2452.7
1159420 2460.0
1159430 2465.5
1159440 2465.5
1159450 2469.0
1159460 2469.6
1159470 2469.6
1159480 2470.4
1159490 2471.7
1159500 2471.7
1159510 2473.2
1159520 2474.6
1159530 2474.6
1159540 2475.6
1159550 2476.1
1159560 2476.1
1159570 2476.9
1159580 2477.4
1159590 2477.4
1159600 2478.4
1159610 2481.2
1159620 2481.2
1159630 2482.8
1159640 2486.4
1159650 2490.8
1159660 2490.8
1159670 2495.8
1159680 2500.4
1159690 2500.4
1159700 2504.1
1159710 2508.4
1159720 2508.4
1159730 2513.6
1159740 2519.1
1159750 2519.1
1159760 2524.6
1159770 2530.0
1159780 2530.0
1159790 2535.5
1159800 2541.1
1159810 2541.1
1159820 2546.7
1159830 2552.3
1159840 2552.3
1159850 2558.1
1159860 2564.2
1159870 2570.4
1159880 2570.4
1159890 2576.5
1159900 2582.7
1159910 2582.7
1159920 2589.6
1159930 2598.5
1159940 2598.5
1159950 2611.1
1159960 2623.6
1159970 2623.6
1159980 2633.1
1159990 2640.6
