1140000 2630.1
1140010 2627.5
1140020 2627.1
1140030 2627.1
1140040 2628.9
1140050 2631.0
1140060 2630.6
1140070 2630.6
1140080 2628.1
1140090 2626.2
1140100 2626.2
1140110 2625.2
1140120 2624.3
1140130 2624.3
1140140 2619.0
1140150 2611.9
1140160 2611.9
1140170 2606.8
1140180 2602.1
1140190 2602.1
1140200 2598.5
1140210 2595.8
1140220 2595.8
1140230 2594.1
1140240 2592.4
1140250 2592.4
1140260 2589.7
1140270 2582.4
1140280 2576.0
1140290 2567.5
1140300 2560.3
1140310 2549.9
1140320 2549.9
1140330 2540.2
1140340 2532.0
1140350 2532.0
1140360 2524.7
1140370 2517.0
1140380 2517.0
1140390 2508.3
1140400 2498.6
1140410 2498.6
1140420 2491.2
1140430 2485.0
1140440 2485.0
1140450 2480.0
1140460 2476.3
1140470 2476.3
1140480 2476.1
1140490 2478.8
1140500 2480.7
1140510 2480.7
1140520 2479.8
1140530 2478.1
1140540 2478.1
1140550 2476.3
1140560 2474.6
1140570 2474.6
1140580 2471.9
1140590 2470.0
1140600 2470.0
1140610 2471.2
1140620 2472.8
1140630 2472.8
1140640 2473.4
1140650 2474.5
1140660 2475.0
1140670 2476.6
1140680 2476.9
1140690 2476.9
1140700 2477.4
1140710 2478.8
1140720 2480.3
1140730 2480.3
1140740 2481.3
1140750 2481.7
1140760 2481.7
1140770 2481.3
1140780 2481.1
1140790 2481.1
1140800 2480.2
1140810 2478.9
1140820 2478.9
1140830 2477.8
1140840 2476.9
1140850 2476.9
1140860 2477.0
1140870 2476.8
1140880 2476.8
1140890 2474.1
1140900 2472.5
1140910 2472.5
1140920 2468.9
1140930 2461.2
1140940 2455.6
1140950 2455.6
1140960 2457.4
1140970 2460.1
1140980 2460.1
1140990 2462.2
1141000 2464.3
1141010 2464.3
1141020 2466.3
1141030 2468.8
1141040 2468.8
1141050 2468.7
1141060 2466.0
1141070 2466.0
1141080 2464.9
1141090 2463.6
1141100 2463.6
1141110 2462.2
1141120 2460.5
1141130 2458.5
1141140 2458.5
1141150 2455.7
1141160 2452.5
1141170 2452.5
1141180 2449.0
1141190 2446.3
1141200 2446.3
1141210 2442.1
1141220 2437.9
1141230 2437.9
1141240 2435.0
1141250 2431.5
1141260 2431.5
1141270 2427.3
1141280 2424.0
1141290 2424.0
1141300 2422.3
1141310 2421.8
1141320 2421.8
1141330 2420.4
1141340 2417.1
1141350 2412.9
1141360 2412.9
1141370 2409.6
1141380 2406.8
1141390 2406.8
1141400 2408.2
1141410 2402.5
1141420 2402.5
1141430 2396.0
1141440 2390.0
1141450 2390.0
1141460 2384.6
1141470 2380.2
1141480 2380.2
1141490 2375.0
1141500 2369.4
1141510 2369.4
1141520 2364.1
1141530 2358.6
1141540 2358.6
1141550 2352.3
1141560 2345.2
1141570 2338.7
1141580 2338.7
1141590 2336.0
1141600 2338.6
1141610 2338.6
1141620 2342.8
1141630 2347.5
1141640 2347.5
1141650 2350.4
1141660 2352.3
1141670 2352.3
1141680 2353.5
1141690 2353.7
1141700 2353.7
1141710 2353.7
1141720 2354.1
1141730 2354.1
1141740 2353.9
1141750 2353.7
1141760 2353.7
1141770 2351.3
1141780 2350.9
1141790 2351.7
1141800 2351.7
1141810 2351.9
1141820 2351.7
1141830 2351.7
1141840 2350.3
1141850 2348.8
1141860 2348.8
1141870 2347.9
1141880 2347.3
1141890 2347.3
1141900 2347.8
1141910 2348.5
1141920 2348.5
1141930 2347.4
1141940 2346.7
1141950 2346.7
1141960 2345.0
1141970 2340.8
1141980 2340.8
1141990 2334.9
1142000 2332.6
1142010 2330.9
1142020 2330.9
1142030 2333.5
1142040 2333.6
1142050 2333.6
1142060 2332.5
1142070 2329.5
1142080 2329.5
1142090 2328.2
1142100 2327.7
1142110 2327.7
1142120 2325.8
1142130 2323.5
1142140 2325.1
1142150 2322.6
1142160 2321.8
1142170 2321.8
1142180 2320.3
1142190 2318.5
1142200 2318.5
1142210 2315.7
1142220 2313.0
1142230 2311.7
1142240 2311.7
1142250 2310.2
1142260 2308.3
1142270 2308.3
1142280 2306.3
1142290 2305.0
1142300 2305.0
1142310 2301.4
1142320 2299.1
1142330 2299.1
1142340 2296.8
1142350 2293.3
1142360 2293.3
1142370 2291.9
1142380 2291.0
1142390 2291.0
1142400 2291.8
1142410 2292.1
1142420 2291.4
1142430 2291.4
1142440 2289.7
1142450 2289.3
1142460 2289.3
1142470 2289.4
1142480 2286.0
1142490 2286.0
1142500 2283.6
1142510 2285.2
1142520 2285.2
1142530 2283.0
1142540 2280.3
1142550 2280.3
1142560 2277.7
1142570 2273.8
1142580 2273.8
1142590 2270.2
1142600 2267.9
1142610 2267.9
1142620 2265.3
1142630 2262.4
1142640 2260.0
1142650 2260.0
1142660 2257.7
1142670 2254.4
1142680 2254.4
1142690 2249.6
1142700 2244.0
1142710 2244.0
1142720 2239.8
1142730 2236.9
1142740 2236.9
1142750 2233.5
1142760 2229.2
1142770 2229.2
1142780 2224.6
1142790 2219.7
1142800 2219.7
1142810 2213.2
1142820 2205.8
1142830 2205.8
1142840 2199.1
1142850 2193.6
1142860 2189.3
1142870 2189.3
1142880 2194.2
1142890 2190.4
1142900 2190.4
1142910 2184.9
1142920 2177.9
1142930 2177.9
1142940 2170.6
1142950 2163.8
1142960 2163.8
1142970 2157.1
1142980 2151.3
1142990 2151.3
1143000 2145.0
1143010 2134.7
1143020 2134.7
1143030 2123.3
1143040 2113.1
1143050 2113.1
1143060 2101.8
1143070 2091.3
1143080 2084.7
1143090 2084.7
1143100 2077.9
1143110 2072.8
1143120 2072.8
1143130 2068.1
1143140 2064.1
1143150 2064.1
1143160 2060.3
1143170 2055.4
1143180 2055.4
1143190 2049.5
1143200 2042.5
1143210 2042.5
1143220 2035.3
1143230 2028.2
1143240 2028.2
1143250 2020.6
1143260 2014.5
1143270 2014.5
1143280 2008.6
1143290 2002.4
1143300 1995.9
1143310 1995.9
1143320 1988.5
1143330 1981.6
1143340 1981.6
1143350 1976.6
1143360 1972.4
1143370 1972.4
1143380 1969.3
1143390 1966.0
1143400 1966.0
1143410 1961.2
1143420 1955.8
1143430 1955.8
1143440 1950.3
1143450 1945.0
1143460 1945.0
1143470 1939.2
1143480 1933.0
1143490 1933.0
1143500 1930.5
1143510 1930.9
1143520 1930.5
1143530 1930.5
1143540 1930.7
1143550 1931.2
1143560 1931.2
1143570 1930.4
1143580 1930.0
1143590 1930.0
1143600 1930.5
1143610 1932.1
1143620 1927.9
1143630 1930.1
1143640 1933.9
1143650 1933.9
1143660 1935.6
1143670 1937.9
1143680 1937.9
1143690 1942.6
1143700 1945.8
1143710 1945.8
1143720 1948.6
1143730 1951.0
1143740 1953.4
1143750 1953.4
1143760 1955.7
1143770 1958.1
1143780 1958.1
1143790 1959.0
1143800 1960.8
1143810 1960.8
1143820 1962.9
1143830 1964.1
1143840 1964.1
1143850 1964.0
1143860 1963.3
1143870 1963.3
1143880 1962.1
1143890 1960.0
1143900 1960.0
1143910 1956.8
1143920 1952.6
1143930 1949.9
1143940 1949.9
1143950 1949.1
1143960 1948.4
1143970 1948.4
1143980 1947.0
1143990 1940.2
1144000 1940.2
1144010 1938.6
1144020 1936.7
1144030 1936.7
1144040 1933.8
1144050 1929.2
1144060 1929.2
1144070 1924.9
1144080 1922.7
1144090 1922.7
1144100 1922.5
1144110 1923.6
1144120 1923.6
1144130 1923.9
1144140 1921.1
1144150 1917.7
1144160 1917.7
1144170 1914.7
1144180 1911.7
1144190 1911.7
1144200 1910.3
1144210 1910.6
1144220 1910.6
1144230 1910.4
1144240 1910.9
1144250 1910.9
1144260 1912.5
1144270 1915.2
1144280 1915.2
1144290 1917.8
1144300 1919.9
1144310 1919.9
1144320 1921.1
1144330 1922.5
1144340 1922.5
1144350 1923.8
1144360 1921.0
1144370 1924.3
1144380 1924.3
1144390 1925.5
1144400 1922.6
1144410 1922.6
1144420 1912.5
1144430 1903.4
1144440 1903.4
1144450 1897.1
1144460 1901.0
1144470 1901.0
1144480 1907.4
1144490 1910.7
1144500 1910.7
1144510 1912.6
1144520 1913.3
1144530 1913.3
1144540 1913.4
1144550 1912.1
1144560 1912.1
1144570 1912.0
1144580 1915.3
1144590 1918.7
1144600 1918.7
1144610 1920.5
1144620 1925.3
1144630 1925.3
1144640 1932.8
1144650 1940.3
1144660 1940.3
1144670 1945.2
1144680 1949.6
1144690 1949.6
1144700 1955.7
1144710 1961.9
1144720 1961.9
1144730 1965.8
1144740 1957.4
1144750 1957.4
1144760 1959.9
1144770 1964.9
1144780 1964.9
1144790 1970.7
1144800 1977.0
1144810 1981.3
1144820 1981.3
1144830 1981.8
1144840 1983.3
1144850 1983.3
1144860 1987.3
1144870 1991.4
1144880 1991.4
1144890 1990.3
1144900 1988.5
1144910 1988.5
1144920 1986.7
1144930 1993.8
1144940 1993.8
1144950 2002.5
1144960 2006.8
1144970 2006.8
1144980 2008.3
1144990 2011.1
1145000 2011.1
1145010 2017.2
1145020 2024.4
1145030 2029.9
1145040 2029.9
1145050 2034.9
1145060 2040.0
1145070 2040.0
1145080 2044.7
1145090 2047.1
1145100 2047.1
1145110 2036.2
1145120 2038.9
1145130 2038.9
1145140 2046.4
1145150 2052.8
1145160 2052.8
1145170 2058.0
1145180 2060.6
1145190 2060.6
1145200 2063.4
1145210 2067.1
1145220 2071.4
1145230 2071.4
1145240 2074.6
1145250 2077.8
1145260 2077.8
1145270 2079.9
1145280 2078.6
1145290 2078.6
1145300 2075.4
1145310 2071.2
1145320 2071.2
1145330 2066.1
1145340 2060.5
1145350 2060.5
1145360 2056.9
1145370 2053.4
1145380 2053.4
1145390 2048.5
1145400 2042.7
1145410 2042.7
1145420 2035.6
1145430 2027.9
1145440 2018.0
1145450 2018.0
1145460 2008.6
1145470 2001.5
1145480 1995.3
1145490 1989.0
1145500 1982.5
1145510 1982.5
1145520 1974.0
1145530 1965.9
1145540 1965.9
1145550 1958.5
1145560 1951.0
1145570 1951.0
1145580 1943.7
1145590 1938.6
1145600 1938.6
1145610 1933.3
1145620 1927.4
1145630 1927.4
1145640 1921.0
1145650 1913.9
1145660 1906.6
1145670 1906.6
1145680 1899.8
1145690 1893.2
1145700 1893.2
1145710 1887.1
1145720 1881.2
1145730 1881.2
1145740 1874.9
1145750 1868.1
1145760 1868.1
1145770 1861.7
1145780 1855.1
1145790 1855.1
1145800 1848.8
1145810 1842.4
1145820 1842.4
1145830 1836.2
1145840 1830.1
1145850 1830.1
1145860 1822.6
1145870 1817.2
1145880 1810.8
1145890 1810.8
1145900 1804.7
1145910 1798.9
1145920 1798.9
1145930 1792.9
1145940 1787.2
1145950 1787.2
1145960 1782.9
1145970 1778.2
1145980 1778.2
1145990 1773.7
1146000 1767.7
1146010 1767.7
1146020 1761.0
1146030 1753.8
1146040 1753.8
1146050 1744.3
1146060 1734.0
1146070 1734.0
1146080 1726.0
1146090 1716.0
1146100 1714.6
1146110 1714.6
1146120 1708.2
1146130 1701.0
1146140 1701.0
1146150 1702.3
1146160 1702.8
1146170 1702.8
1146180 1698.3
1146190 1701.2
1146200 1701.2
1146210 1706.5
1146220 1711.7
1146230 1706.7
1146240 1709.6
1146250 1708.1
1146260 1708.1
1146270 1706.6
1146280 1706.6
1146290 1706.6
1146300 1707.7
1146310 1708.4
1146320 1708.6
1146330 1708.6
1146340 1707.3
1146350 1705.6
1146360 1705.6
1146370 1704.3
1146380 1703.0
1146390 1703.0
1146400 1701.0
1146410 1698.3
1146420 1698.3
1146430 1693.5
1146440 1687.2
1146450 1687.2
1146460 1678.0
1146470 1668.0
1146480 1668.0
1146490 1665.4
1146500 1662.4
1146510 1654.0
1146520 1654.0
1146530 1638.1
1146540 1621.4
1146550 1621.4
1146560 1593.5
1146570 1575.8
1146580 1575.8
1146590 1565.4
1146600 1555.3
1146610 1552.4
1146620 1541.4
1146630 1534.5
1146640 1534.5
1146650 1529.1
1146660 1523.9
1146670 1523.9
1146680 1519.0
1146690 1513.4
1146700 1513.4
1146710 1507.8
1146720 1502.5
1146730 1492.2
1146740 1492.2
1146750 1481.2
1146760 1471.5
1146770 1471.5
1146780 1464.2
1146790 1465.0
1146800 1465.0
1146810 1465.4
1146820 1462.2
1146830 1462.2
1146840 1458.1
1146850 1454.1
1146860 1454.1
1146870 1450.1
1146880 1446.1
1146890 1446.1
1146900 1442.3
1146910 1438.6
1146920 1438.6
1146930 1434.8
1146940 1431.2
1146950 1427.4
1146960 1427.4
1146970 1423.4
1146980 1417.8
1146990 1417.8
1147000 1414.7
1147010 1411.7
1147020 1411.7
1147030 1408.6
1147040 1405.3
1147050 1405.3
1147060 1401.5
1147070 1397.6
1147080 1397.6
1147090 1394.0
1147100 1390.7
1147110 1390.7
1147120 1387.5
1147130 1383.9
1147140 1383.9
1147150 1380.2
1147160 1376.6
1147170 1373.0
1147180 1373.0
1147190 1369.3
1147200 1366.0
1147210 1366.0
1147220 1362.8
1147230 1360.4
1147240 1360.4
1147250 1357.5
1147260 1354.7
1147270 1354.7
1147280 1352.1
1147290 1349.6
1147300 1349.6
1147310 1346.8
1147320 1344.5
1147330 1344.5
1147340 1342.4
1147350 1340.4
1147360 1338.9
1147370 1337.3
1147380 1335.4
1147390 1332.1
1147400 1332.1
1147410 1327.8
1147420 1323.3
1147430 1323.3
1147440 1320.3
1147450 1316.9
1147460 1316.9
1147470 1312.3
1147480 1310.0
1147490 1310.0
1147500 1308.8
1147510 1307.0
1147520 1307.0
1147530 1308.4
1147540 1309.7
1147550 1309.7
1147560 1310.6
1147570 1315.3
1147580 1315.3
1147590 1317.5
1147600 1318.7
1147610 1319.9
1147620 1319.9
1147630 1321.7
1147640 1324.2
1147650 1324.2
1147660 1326.3
1147670 1328.7
1147680 1328.7
1147690 1330.8
1147700 1332.4
1147710 1332.4
1147720 1334.9
1147730 1340.1
1147740 1340.1
1147750 1341.5
1147760 1342.5
1147770 1342.5
1147780 1341.3
1147790 1342.7
1147800 1344.3
1147810 1344.3
1147820 1347.0
1147830 1349.7
1147840 1349.7
1147850 1351.5
1147860 1352.1
1147870 1352.1
1147880 1350.8
1147890 1349.2
1147900 1349.2
1147910 1348.3
1147920 1348.9
1147930 1348.9
1147940 1351.5
1147950 1354.8
1147960 1354.8
1147970 1357.8
1147980 1361.1
1147990 1361.1
1148000 1364.4
1148010 1367.6
1148020 1370.5
1148030 1370.5
1148040 1373.0
1148050 1375.4
1148060 1375.4
1148070 1378.4
1148080 1381.7
1148090 1381.7
1148100 1384.9
1148110 1392.5
1148120 1392.5
1148130 1397.0
1148140 1401.6
1148150 1401.6
1148160 1406.5
1148170 1411.4
1148180 1411.4
1148190 1416.2
1148200 1421.3
1148210 1421.3
1148220 1426.0
1148230 1430.0
1148240 1434.2
1148250 1434.2
1148260 1437.2
1148270 1440.3
1148280 1440.3
1148290 1444.5
1148300 1448.9
1148310 1448.9
1148320 1453.8
1148330 1458.9
1148340 1458.9
1148350 1464.1
1148360 1468.7
1148370 1468.7
1148380 1474.8
1148390 1481.4
1148400 1481.4
1148410 1490.3
1148420 1496.8
1148430 1496.8
1148440 1498.6
1148450 1501.4
1148460 1507.6
1148470 1507.6
1148480 1511.1
1148490 1538.2
1148500 1538.2
1148510 1549.3
1148520 1555.4
1148530 1555.4
1148540 1558.8
1148550 1563.0
1148560 1563.0
1148570 1568.8
1148580 1570.4
1148590 1570.4
1148600 1573.1
1148610 1575.7
1148620 1575.7
1148630 1575.1
1148640 1574.5
1148650 1574.5
1148660 1567.0
1148670 1567.4
1148680 1577.3
1148690 1577.3
1148700 1585.6
1148710 1595.1
1148720 1595.1
1148730 1601.7
1148740 1600.6
1148750 1600.6
1148760 1601.3
1148770 1617.7
1148780 1617.7
1148790 1630.9
1148800 1636.1
1148810 1636.1
1148820 1638.1
1148830 1638.0
1148840 1638.0
1148850 1636.0
1148860 1639.8
1148870 1639.8
1148880 1637.2
1148890 1633.8
1148900 1632.6
1148910 1632.6
1148920 1629.2
1148930 1611.0
1148940 1611.0
1148950 1600.5
1148960 1600.1
1148970 1600.1
1148980 1601.3
1148990 1598.1
1149000 1598.1
1149010 1595.3
1149020 1599.1
1149030 1599.1
1149040 1603.6
1149050 1610.1
1149060 1610.1
1149070 1618.0
1149080 1625.0
1149090 1631.6
1149100 1631.6
1149110 1638.6
1149120 1644.6
1149130 1644.6
1149140 1649.2
1149150 1659.2
1149160 1659.2
1149170 1666.1
1149180 1668.6
1149190 1668.6
1149200 1671.8
1149210 1674.6
1149220 1674.6
1149230 1677.9
1149240 1687.4
1149250 1687.4
1149260 1689.9
1149270 1688.9
1149280 1688.9
1149290 1686.6
1149300 1686.0
1149310 1686.4
1149320 1686.4
1149330 1685.7
1149340 1686.3
1149350 1686.3
1149360 1685.3
1149370 1678.2
1149380 1678.2
1149390 1670.4
1149400 1668.9
1149410 1668.9
1149420 1672.9
1149430 1680.4
1149440 1680.4
1149450 1684.6
1149460 1687.9
1149470 1687.9
1149480 1692.1
1149490 1690.3
1149500 1690.3
1149510 1693.8
1149520 1699.5
1149530 1704.4
1149540 1704.4
1149550 1708.0
1149560 1711.2
1149570 1711.2
1149580 1715.8
1149590 1714.9
1149600 1714.9
1149610 1713.5
1149620 1725.6
1149630 1725.6
1149640 1723.5
1149650 1721.3
1149660 1721.3
1149670 1719.5
1149680 1716.2
1149690 1716.2
1149700 1712.9
1149710 1712.5
1149720 1712.5
1149730 1712.7
1149740 1706.1
1149750 1705.7
1149760 1705.7
1149770 1711.3
1149780 1719.7
1149790 1719.7
1149800 1727.3
1149810 1734.5
1149820 1734.5
1149830 1741.6
1149840 1748.7
1149850 1748.7
1149860 1755.8
1149870 1762.6
1149880 1762.6
1149890 1770.1
1149900 1779.2
1149910 1779.2
1149920 1788.9
1149930 1798.1
1149940 1798.1
1149950 1806.2
1149960 1813.8
1149970 1820.5
1149980 1820.5
1149990 1827.7
1150000 1837.1
1150010 1837.1
1150020 1846.3
1150030 1861.0
1150040 1861.0
1150050 1872.0
1150060 1877.6
1150070 1877.6
1150080 1884.6
1150090 1889.6
1150100 1889.6
1150110 1893.8
1150120 1897.2
1150130 1897.2
1150140 1900.9
1150150 1905.2
1150160 1905.2
1150170 1909.8
1150180 1915.5
1150190 1921.9
1150200 1921.9
1150210 1927.9
1150220 1930.2
1150230 1930.2
1150240 1931.0
1150250 1934.6
1150260 1934.6
1150270 1938.1
1150280 1941.2
1150290 1941.2
1150300 1944.5
1150310 1949.7
1150320 1949.7
1150330 1955.4
1150340 1960.6
1150350 1960.6
1150360 1966.0
1150370 1971.7
1150380 1984.6
1150390 1984.6
1150400 1991.7
1150410 1997.7
1150420 1997.7
1150430 2002.1
1150440 2005.8
1150450 2005.8
1150460 2011.6
1150470 2016.7
1150480 2016.7
1150490 2021.1
1150500 2025.2
1150510 2025.2
1150520 2030.7
1150530 2036.4
1150540 2036.4
1150550 2042.2
1150560 2047.1
1150570 2047.1
1150580 2052.7
1150590 2059.2
1150600 2065.4
1150610 2065.4
1150620 2070.5
1150630 2075.0
1150640 2075.0
1150650 2079.7
1150660 2085.4
1150670 2085.4
1150680 2090.5
1150690 2096.2
1150700 2096.2
1150710 2103.2
1150720 2110.4
1150730 2110.4
1150740 2117.5
1150750 2125.1
1150760 2131.3
1150770 2140.1
1150780 2147.7
1150790 2147.7
1150800 2154.5
1150810 2159.5
1150820 2165.2
1150830 2165.2
1150840 2171.7
1150850 2179.5
1150860 2179.5
1150870 2184.7
1150880 2187.2
1150890 2187.2
1150900 2190.3
1150910 2193.0
1150920 2193.0
1150930 2199.3
1150940 2205.1
1150950 2205.1
1150960 2208.6
1150970 2212.4
1150980 2212.4
1150990 2216.1
1151000 2218.4
1151010 2218.4
1151020 2218.4
1151030 2216.1
1151040 2212.0
1151050 2212.0
1151060 2208.8
1151070 2204.8
1151080 2204.8
1151090 2200.4
1151100 2194.4
1151110 2194.4
1151120 2187.5
1151130 2179.5
1151140 2180.1
1151150 2173.5
1151160 2165.6
1151170 2165.6
1151180 2155.4
1151190 2142.8
1151200 2142.8
1151210 2131.9
1151220 2124.3
1151230 2124.3
1151240 2114.8
1151250 2102.9
1151260 2094.4
1151270 2094.4
1151280 2085.5
1151290 2078.4
1151300 2078.4
1151310 2072.6
1151320 2067.2
1151330 2067.2
1151340 2062.3
1151350 2057.7
1151360 2057.7
1151370 2053.3
1151380 2048.8
1151390 2048.8
1151400 2044.3
1151410 2040.1
1151420 2040.1
1151430 2036.9
1151440 2034.2
1151450 2034.2
1151460 2032.2
1151470 2031.2
1151480 2030.3
1151490 2030.3
1151500 2031.4
1151510 2031.4
1151520 2034.2
1151530 2032.0
1151540 2030.4
1151550 2030.4
1151560 2028.7
1151570 2028.2
1151580 2028.2
1151590 2028.5
1151600 2029.7
1151610 2029.7
1151620 2032.0
1151630 2032.9
1151640 2032.9
1151650 2033.7
1151660 2035.5
1151670 2036.3
1151680 2036.3
1151690 2036.9
1151700 2038.4
1151710 2038.4
1151720 2040.8
1151730 2042.4
1151740 2042.4
1151750 2042.0
1151760 2041.9
1151770 2041.9
1151780 2041.9
1151790 2042.3
1151800 2042.3
1151810 2043.3
1151820 2044.8
1151830 2044.8
1151840 2047.6
1151850 2049.5
1151860 2049.5
1151870 2051.2
1151880 2053.2
1151890 2056.2
1151900 2055.0
1151910 2059.2
1151920 2064.2
1151930 2064.2
1151940 2069.4
1151950 2074.8
1151960 2074.8
1151970 2080.1
1151980 2085.4
1151990 2085.4
1152000 2090.3
1152010 2094.8
1152020 2094.8
1152030 2099.2
1152040 2103.8
1152050 2103.8
1152060 2108.5
1152070 2113.2
1152080 2113.2
1152090 2118.0
1152100 2122.6
1152110 2127.3
1152120 2127.3
1152130 2132.1
1152140 2136.8
1152150 2136.8
1152160 2141.7
1152170 2146.6
1152180 2146.6
1152190 2152.2
1152200 2158.4
1152210 2158.4
1152220 2165.0
1152230 2171.7
1152240 2171.7
1152250 2178.9
1152260 2186.3
1152270 2186.3
1152280 2193.4
1152290 2200.4
1152300 2200.4
1152310 2207.5
1152320 2214.8
1152330 2222.0
1152340 2222.0
1152350 2229.2
1152360 2236.8
1152370 2236.8
1152380 2244.1
1152390 2251.4
1152400 2251.4
1152410 2259.1
1152420 2266.5
1152430 2266.5
1152440 2274.0
1152450 2281.6
1152460 2281.6
1152470 2289.5
1152480 2297.3
1152490 2297.3
1152500 2305.6
1152510 2314.4
1152520 2314.4
1152530 2324.4
1152540 2333.3
1152550 2340.9
1152560 2340.9
1152570 2347.4
1152580 2353.8
1152590 2353.8
1152600 2361.3
1152610 2369.3
1152620 2369.3
1152630 2375.5
1152640 2381.5
1152650 2381.5
1152660 2382.3
1152670 2387.0
1152680 2387.0
1152690 2392.3
1152700 2398.0
1152710 2398.0
1152720 2403.6
1152730 2409.8
1152740 2409.8
1152750 2416.5
1152760 2423.4
1152770 2429.6
1152780 2429.6
1152790 2436.4
1152800 2446.0
1152810 2446.0
1152820 2455.8
1152830 2463.6
1152840 2463.6
1152850 2469.3
1152860 2475.3
1152870 2475.3
1152880 2484.8
1152890 2492.1
1152900 2492.1
1152910 2499.1
1152920 2507.8
1152930 2507.8
1152940 2516.4
1152950 2523.2
1152960 2530.5
1152970 2530.5
1152980 2537.5
1152990 2544.6
1153000 2544.6
1153010 2551.5
1153020 2557.8
1153030 2557.8
1153040 2564.1
1153050 2567.8
1153060 2567.8
1153070 2572.1
1153080 2577.1
1153090 2577.1
1153100 2581.6
1153110 2585.9
1153120 2585.9
1153130 2589.7
1153140 2592.6
1153150 2592.6
1153160 2594.2
1153170 2596.7
1153180 2600.1
1153190 2600.1
1153200 2603.6
1153210 2606.9
1153220 2606.9
1153230 2611.3
1153240 2617.3
1153250 2617.3
1153260 2623.1
1153270 2629.1
1153280 2629.1
1153290 2634.7
1153300 2639.8
1153310 2639.8
1153320 2643.3
1153330 2643.3
1153340 2643.3
1153350 2639.0
1153360 2632.9
1153370 2632.9
1153380 2625.5
1153390 2616.5
1153400 2609.4
1153410 2609.4
1153420 2602.0
1153430 2595.0
1153440 2595.0
1153450 2589.0
1153460 2583.6
1153470 2583.6
1153480 2578.4
1153490 2572.2
1153500 2572.2
1153510 2564.1
1153520 2556.4
1153530 2556.4
1153540 2549.4
1153550 2543.1
1153560 2543.1
1153570 2536.9
1153580 2529.4
1153590 2529.4
1153600 2520.8
1153610 2512.3
1153620 2504.5
1153630 2504.5
1153640 2497.3
1153650 2492.4
1153660 2492.4
1153670 2485.2
1153680 2476.0
1153690 2476.0
1153700 2468.8
1153710 2462.7
1153720 2462.7
1153730 2456.5
1153740 2450.0
1153750 2450.0
1153760 2444.1
1153770 2437.7
1153780 2437.7
1153790 2431.3
1153800 2420.7
1153810 2420.0
1153820 2410.7
1153830 2401.2
1153840 2391.4
1153850 2391.4
1153860 2381.9
1153870 2373.1
1153880 2373.1
1153890 2364.8
1153900 2355.5
1153910 2355.5
1153920 2346.9
1153930 2338.7
1153940 2338.7
1153950 2332.3
1153960 2318.5
1153970 2318.5
1153980 2306.1
1153990 2297.9
1154000 2297.9
1154010 2287.9
1154020 2277.6
1154030 2277.6
1154040 2269.2
1154050 2262.2
1154060 2254.3
1154070 2254.3
1154080 2244.2
1154090 2234.3
1154100 2234.3
1154110 2225.6
1154120 2216.4
1154130 2216.4
1154140 2206.6
1154150 2197.2
1154160 2197.2
1154170 2188.7
1154180 2180.5
1154190 2183.2
1154200 2171.1
1154210 2163.1
1154220 2163.1
1154230 2155.4
1154240 2148.3
1154250 2141.4
1154260 2141.4
1154270 2133.7
1154280 2126.1
1154290 2126.1
1154300 2118.9
1154310 2111.9
1154320 2111.9
1154330 2104.5
1154340 2097.0
1154350 2097.0
1154360 2089.7
1154370 2082.9
1154380 2082.9
1154390 2076.4
1154400 2070.0
1154410 2070.0
1154420 2063.7
1154430 2057.2
1154440 2057.2
1154450 2050.9
1154460 2044.8
1154470 2039.0
1154480 2039.0
1154490 2033.5
1154500 2028.1
1154510 2028.1
1154520 2023.0
1154530 2017.6
1154540 2017.6
1154550 2012.4
1154560 2007.4
1154570 2007.4
1154580 2003.5
1154590 1999.3
1154600 1999.3
1154610 1995.0
1154620 1990.9
1154630 1990.9
1154640 1987.2
1154650 1983.7
1154660 1983.7
1154670 1980.6
1154680 1978.0
1154690 1975.9
1154700 1975.9
1154710 1973.5
1154720 1974.5
1154730 1974.5
1154740 1977.2
1154750 1979.2
1154760 1979.2
1154770 1981.5
1154780 1983.9
1154790 1983.9
1154800 1986.5
1154810 1989.3
1154820 1989.3
1154830 1992.3
1154840 1995.6
1154850 1995.6
1154860 1999.3
1154870 2003.0
1154880 2003.0
1154890 2007.6
1154900 2013.2
1154910 2017.5
1154920 2017.5
1154930 2021.1
1154940 2024.5
1154950 2024.5
1154960 2030.9
1154970 2034.4
1154980 2034.4
1154990 2039.0
1155000 2044.4
1155010 2044.4
1155020 2050.7
1155030 2056.1
1155040 2056.1
1155050 2060.6
1155060 2062.8
1155070 2062.8
1155080 2064.9
1155090 2069.1
1155100 2069.1
1155110 2073.1
1155120 2077.3
1155130 2081.6
1155140 2081.6
1155150 2086.6
1155160 2091.8
1155170 2091.8
1155180 2097.1
1155190 2102.5
1155200 2102.5
1155210 2107.6
1155220 2112.5
1155230 2112.5
1155240 2117.3
1155250 2122.6
1155260 2122.6
1155270 2128.4
1155280 2134.1
1155290 2134.1
1155300 2140.2
1155310 2146.7
1155320 2153.4
1155330 2153.4
1155340 2162.7
1155350 2171.4
1155360 2171.4
1155370 2179.5
1155380 2186.4
1155390 2186.4
1155400 2192.6
1155410 2198.4
1155420 2198.4
1155430 2204.2
1155440 2210.4
1155450 2210.4
1155460 2217.1
1155470 2223.9
1155480 2223.9
1155490 2231.1
1155500 2237.8
1155510 2237.8
1155520 2244.4
1155530 2253.8
1155540 2261.3
1155550 2261.3
1155560 2268.1
1155570 2272.6
1155580 2272.6
1155590 2276.4
1155600 2280.8
1155610 2280.8
1155620 2287.9
1155630 2294.1
1155640 2294.1
1155650 2298.6
1155660 2303.6
1155670 2303.6
1155680 2309.7
1155690 2315.8
1155700 2315.8
1155710 2321.9
1155720 2324.6
1155730 2331.0
1155740 2332.9
1155750 2333.3
1155760 2333.8
1155770 2333.8
1155780 2335.5
1155790 2337.0
1155800 2337.0
1155810 2338.5
1155820 2340.7
1155830 2340.7
1155840 2344.5
1155850 2347.7
1155860 2347.7
1155870 2350.4
1155880 2353.1
1155890 2353.1
1155900 2355.0
1155910 2357.1
1155920 2357.1
1155930 2359.3
1155940 2363.3
1155950 2363.3
1155960 2368.8
1155970 2374.5
1155980 2380.6
1155990 2380.6
1156000 2386.8
1156010 2391.5
1156020 2391.5
1156030 2393.6
1156040 2395.1
1156050 2395.1
1156060 2396.8
1156070 2398.9
1156080 2398.9
1156090 2399.7
1156100 2400.0
1156110 2406.8
1156120 2408.0
1156130 2410.8
1156140 2410.8
1156150 2414.5
1156160 2420.0
1156170 2420.0
1156180 2427.4
1156190 2434.0
1156200 2440.4
1156210 2440.4
1156220 2446.5
1156230 2452.7
1156240 2452.7
1156250 2458.4
1156260 2463.7
1156270 2463.7
1156280 2468.7
1156290 2473.7
1156300 2473.7
1156310 2479.0
1156320 2482.1
1156330 2482.1
1156340 2485.7
1156350 2485.5
1156360 2485.5
1156370 2484.8
1156380 2486.6
1156390 2486.6
1156400 2488.6
1156410 2489.8
1156420 2490.4
1156430 2490.4
1156440 2490.3
1156450 2490.5
1156460 2490.5
1156470 2492.6
1156480 2495.0
1156490 2495.0
1156500 2497.7
1156510 2501.2
1156520 2501.2
1156530 2506.6
1156540 2512.4
1156550 2512.4
1156560 2516.8
1156570 2522.0
1156580 2522.0
1156590 2529.4
1156600 2536.2
1156610 2542.3
1156620 2542.3
1156630 2549.3
1156640 2555.5
1156650 2555.5
1156660 2561.9
1156670 2568.6
1156680 2568.6
1156690 2574.0
1156700 2580.4
1156710 2580.4
1156720 2586.8
1156730 2592.4
1156740 2592.4
1156750 2598.2
1156760 2605.5
1156770 2605.5
1156780 2608.1
1156790 2600.0
1156800 2600.0
1156810 2591.2
1156820 2581.2
1156830 2573.5
1156840 2573.5
1156850 2568.2
1156860 2563.3
1156870 2563.3
1156880 2558.4
1156890 2549.2
1156900 2549.2
1156910 2546.1
1156920 2543.4
1156930 2543.4
1156940 2539.8
1156950 2535.7
1156960 2535.7
1156970 2531.5
1156980 2529.0
1156990 2529.0
1157000 2527.1
1157010 2526.4
1157020 2526.4
1157030 2525.1
1157040 2523.1
1157050 2520.5
1157060 2520.5
1157070 2517.6
1157080 2514.5
1157090 2514.5
1157100 2511.0
1157110 2506.8
1157120 2506.8
1157130 2501.8
1157140 2497.3
1157150 2497.3
1157160 2493.5
1157170 2490.6
1157180 2490.6
1157190 2488.3
1157200 2486.6
1157210 2486.6
1157220 2486.0
1157230 2484.8
1157240 2484.8
1157250 2484.5
1157260 2480.8
1157270 2469.5
1157280 2469.5
1157290 2461.7
1157300 2455.1
1157310 2455.1
1157320 2449.0
1157330 2443.0
1157340 2443.0
1157350 2436.3
1157360 2429.6
1157370 2429.6
1157380 2423.8
1157390 2418.9
1157400 2418.9
1157410 2415.7
1157420 2414.2
1157430 2414.2
1157440 2414.7
1157450 2414.8
1157460 2414.8
1157470 2413.2
1157480 2409.5
1157490 2400.3
1157500 2400.3
1157510 2393.9
1157520 2388.4
1157530 2388.4
1157540 2382.9
1157550 2376.8
1157560 2376.8
1157570 2371.0
1157580 2365.2
1157590 2365.2
1157600 2361.1
1157610 2357.9
1157620 2357.9
1157630 2354.9
1157640 2352.7
1157650 2352.7
1157660 2349.9
1157670 2350.3
1157680 2352.5
1157690 2352.5
1157700 2351.3
1157710 2346.9
1157720 2346.9
1157730 2341.9
1157740 2336.5
1157750 2336.5
1157760 2329.0
1157770 2320.5
1157780 2320.5
1157790 2312.8
1157800 2306.5
1157810 2306.5
1157820 2300.0
1157830 2293.8
1157840 2293.8
1157850 2288.2
1157860 2282.7
1157870 2282.7
1157880 2277.5
1157890 2272.4
1157900 2267.5
1157910 2267.5
1157920 2262.3
1157930 2256.6
1157940 2256.6
1157950 2250.9
1157960 2245.5
1157970 2245.5
1157980 2240.3
1157990 2235.3
1158000 2235.3
1158010 2230.1
1158020 2224.7
1158030 2224.7
1158040 2219.0
1158050 2212.2
1158060 2212.2
1158070 2208.0
1158080 2204.1
1158090 2204.1
1158100 2199.3
1158110 2194.5
1158120 2190.1
1158130 2190.1
1158140 2185.4
1158150 2180.3
1158160 2180.3
1158170 2174.4
1158180 2168.4
1158190 2168.4
1158200 2162.2
1158210 2156.4
1158220 2156.4
1158230 2151.3
1158240 2145.7
1158250 2145.7
1158260 2139.9
1158270 2134.6
1158280 2134.6
1158290 2130.1
1158300 2126.5
1158310 2126.5
1158320 2123.2
1158330 2120.7
1158340 2119.0
1158350 2119.0
1158360 2117.7
1158370 2118.3
1158380 2118.3
1158390 2121.1
1158400 2123.6
1158410 2123.6
1158420 2126.0
1158430 2126.5
1158440 2126.3
1158450 2128.3
1158460 2131.7
1158470 2131.7
1158480 2138.2
1158490 2144.4
1158500 2144.4
1158510 2150.3
1158520 2156.1
1158530 2156.1
1158540 2162.2
1158550 2167.7
1158560 2173.4
1158570 2173.4
1158580 2179.5
1158590 2185.9
1158600 2185.9
1158610 2192.5
1158620 2197.6
1158630 2197.6
1158640 2202.6
1158650 2206.8
1158660 2206.8
1158670 2211.2
1158680 2215.3
1158690 2215.3
1158700 2222.2
1158710 2228.8
1158720 2228.8
1158730 2233.7
1158740 2238.5
1158750 2238.5
1158760 2242.2
1158770 2245.6
1158780 2249.1
1158790 2249.1
1158800 2252.4
1158810 2257.8
1158820 2257.8
1158830 2262.6
1158840 2269.3
1158850 2269.3
1158860 2276.2
1158870 2285.1
1158880 2285.1
1158890 2293.8
1158900 2300.9
1158910 2300.9
1158920 2307.0
1158930 2311.2
1158940 2311.2
1158950 2314.3
1158960 2318.8
1158970 2324.5
1158980 2324.5
1158990 2329.8
1159000 2335.5
1159010 2335.5
1159020 2341.2
1159030 2346.5
1159040 2346.5
1159050 2351.9
1159060 2357.7
1159070 2357.7
1159080 2363.4
1159090 2370.9
1159100 2370.9
1159110 2377.6
1159120 2384.8
1159130 2384.8
1159140 2393.6
1159150 2403.0
1159160 2403.0
1159170 2410.5
1159180 2414.7
1159190 2417.8
1159200 2417.8
1159210 2420.2
1159220 2423.8
1159230 2423.8
1159240 2424.9
1159250 2426.6
1159260 2426.6
1159270 2429.7
1159280 2433.3
1159290 2433.3
1159300 2440.0
1159310 2450.8
1159320 2450.8
1159330 2455.4
1159340 2457.8
1159350 2457.8
1159360 2460.6
1159370 2463.8
1159380 2463.8
1159390 2467.5
1159400 2470.0
1159410 2472.1
1159420 2472.1
1159430 2475.3
1159440 2479.8
1159450 2479.8
1159460 2483.6
1159470 2486.7
1159480 2486.7
1159490 2487.9
1159500 2489.3
1159510 2489.3
1159520 2491.3
1159530 2493.0
1159540 2493.0
1159550 2494.6
1159560 2497.2
1159570 2497.2
1159580 2500.4
1159590 2503.3
1159600 2508.0
1159610 2510.8
1159620 2514.3
1159630 2518.1
1159640 2518.1
1159650 2522.2
1159660 2527.7
1159670 2527.7
1159680 2538.4
1159690 2550.5
1159700 2550.5
1159710 2560.1
1159720 2567.2
1159730 2567.2
1159740 2572.8
1159750 2577.7
1159760 2577.7
1159770 2581.4
1159780 2583.9
1159790 2583.9
1159800 2586.2
1159810 2586.7
1159820 2586.7
1159830 2586.9
1159840 2587.3
1159850 2587.3
1159860 2587.3
1159870 2585.6
1159880 2585.6
1159890 2585.6
1159900 2584.6
1159910 2583.6
1159920 2583.6
1159930 2584.6
1159940 2585.7
1159950 2585.7
1159960 2588.0
1159970 2590.8
1159980 2590.8
1159990 2599.2
