1140000 2540.0
1140010 2538.8
1140020 2537.2
1140030 2537.2
1140040 2534.8
1140050 2532.5
1140060 2532.5
1140070 2530.7
1140080 2528.4
1140090 2528.4
1140100 2525.6
1140110 2524.4
1140120 2524.4
1140130 2524.9
1140140 2525.5
1140150 2525.9
1140160 2525.9
1140170 2524.4
1140180 2521.1
1140190 2521.1
1140200 2518.3
1140210 2515.3
1140220 2515.3
1140230 2513.3
1140240 2512.5
1140250 2512.5
1140260 2512.0
1140270 2510.4
1140280 2510.4
1140290 2507.5
1140300 2503.8
1140310 2503.8
1140320 2507.8
1140330 2503.7
1140340 2503.7
1140350 2500.0
1140360 2496.2
1140370 2491.8
1140380 2491.8
1140390 2486.0
1140400 2480.9
1140410 2480.9
1140420 2476.3
1140430 2471.1
1140440 2471.1
1140450 2465.9
1140460 2462.0
1140470 2462.0
1140480 2460.2
1140490 2460.0
1140500 2460.0
1140510 2458.4
1140520 2454.9
1140530 2454.9
1140540 2450.3
1140550 2445.6
1140560 2445.6
1140570 2442.7
1140580 2440.6
1140590 2438.0
1140600 2438.0
1140610 2435.6
1140620 2433.2
1140630 2433.2
1140640 2430.8
1140650 2428.3
1140660 2428.3
1140670 2426.3
1140680 2424.7
1140690 2431.3
1140700 2426.5
1140710 2423.8
1140720 2423.8
1140730 2423.2
1140740 2420.4
1140750 2420.4
1140760 2415.9
1140770 2413.7
1140780 2413.7
1140790 2412.5
1140800 2412.0
1140810 2410.0
1140820 2410.0
1140830 2407.9
1140840 2406.1
1140850 2406.1
1140860 2405.5
1140870 2402.1
1140880 2402.1
1140890 2397.0
1140900 2391.7
1140910 2391.7
1140920 2384.6
1140930 2379.0
1140940 2379.0
1140950 2373.8
1140960 2369.5
1140970 2369.5
1140980 2366.8
1140990 2364.1
1141000 2359.4
1141010 2359.4
1141020 2352.2
1141030 2346.5
1141040 2346.5
1141050 2341.6
1141060 2335.6
1141070 2335.6
1141080 2330.6
1141090 2327.0
1141100 2327.0
1141110 2322.2
1141120 2318.0
1141130 2318.0
1141140 2314.6
1141150 2310.8
1141160 2310.8
1141170 2308.0
1141180 2304.7
1141190 2304.7
1141200 2299.8
1141210 2295.0
1141220 2291.5
1141230 2291.5
1141240 2288.9
1141250 2286.4
1141260 2286.4
1141270 2283.6
1141280 2281.7
1141290 2281.7
1141300 2280.0
1141310 2278.8
1141320 2278.8
1141330 2277.9
1141340 2276.6
1141350 2276.6
1141360 2275.2
1141370 2274.3
1141380 2274.3
1141390 2273.7
1141400 2272.9
1141410 2272.9
1141420 2272.3
1141430 2276.5
1141440 2275.6
1141450 2275.6
1141460 2274.7
1141470 2274.3
1141480 2274.3
1141490 2273.1
1141500 2272.9
1141510 2272.9
1141520 2273.0
1141530 2272.8
1141540 2272.8
1141550 2272.2
1141560 2271.1
1141570 2271.1
1141580 2270.3
1141590 2270.6
1141600 2270.6
1141610 2270.8
1141620 2270.6
1141630 2270.6
1141640 2270.5
1141650 2271.1
1141660 2271.3
1141670 2271.3
1141680 2271.6
1141690 2272.5
1141700 2272.5
1141710 2273.3
1141720 2273.8
1141730 2273.8
1141740 2274.0
1141750 2273.8
1141760 2273.8
1141770 2273.5
1141780 2273.0
1141790 2273.0
1141800 2280.3
1141810 2278.1
1141820 2278.1
1141830 2274.0
1141840 2270.2
1141850 2270.2
1141860 2266.3
1141870 2262.3
1141880 2258.2
1141890 2258.2
1141900 2254.2
1141910 2250.1
1141920 2250.1
1141930 2246.4
1141940 2243.9
1141950 2243.9
1141960 2240.8
1141970 2237.1
1141980 2237.1
1141990 2233.4
1142000 2229.7
1142010 2229.7
1142020 2226.3
1142030 2223.6
1142040 2223.6
1142050 2221.7
1142060 2220.5
1142070 2220.5
1142080 2218.5
1142090 2213.6
1142100 2206.7
1142110 2206.7
1142120 2205.1
1142130 2209.4
1142140 2209.4
1142150 2211.8
1142160 2214.7
1142170 2209.5
1142180 2212.9
1142190 2218.2
1142200 2218.2
1142210 2224.6
1142220 2229.6
1142230 2229.6
1142240 2232.5
1142250 2234.2
1142260 2234.2
1142270 2234.8
1142280 2233.9
1142290 2233.9
1142300 2230.3
1142310 2225.6
1142320 2219.7
1142330 2219.7
1142340 2211.8
1142350 2201.3
1142360 2201.3
1142370 2193.1
1142380 2186.4
1142390 2186.4
1142400 2181.0
1142410 2177.8
1142420 2177.8
1142430 2176.1
1142440 2175.7
1142450 2175.7
1142460 2175.0
1142470 2172.4
1142480 2172.4
1142490 2171.8
1142500 2174.0
1142510 2174.0
1142520 2175.2
1142530 2175.6
1142540 2175.0
1142550 2175.0
1142560 2176.0
1142570 2177.3
1142580 2177.3
1142590 2178.7
1142600 2180.3
1142610 2180.3
1142620 2182.5
1142630 2184.1
1142640 2184.1
1142650 2183.2
1142660 2181.8
1142670 2181.8
1142680 2183.0
1142690 2181.6
1142700 2181.6
1142710 2181.3
1142720 2183.5
1142730 2183.5
1142740 2186.6
1142750 2188.1
1142760 2188.2
1142770 2188.2
1142780 2189.1
1142790 2190.5
1142800 2190.5
1142810 2191.6
1142820 2192.3
1142830 2192.3
1142840 2193.6
1142850 2195.8
1142860 2195.8
1142870 2198.6
1142880 2200.8
1142890 2200.8
1142900 2202.7
1142910 2200.3
1142920 2200.3
1142930 2200.9
1142940 2201.0
1142950 2203.3
1142960 2203.3
1142970 2205.0
1142980 2205.2
1142990 2205.2
1143000 2204.8
1143010 2204.0
1143020 2204.0
1143030 2205.0
1143040 2207.4
1143050 2207.4
1143060 2209.6
1143070 2211.1
1143080 2211.1
1143090 2213.2
1143100 2215.0
1143110 2215.0
1143120 2217.6
1143130 2220.1
1143140 2220.1
1143150 2220.5
1143160 2222.3
1143170 2226.1
1143180 2226.1
1143190 2229.7
1143200 2233.0
1143210 2233.0
1143220 2236.3
1143230 2239.5
1143240 2239.5
1143250 2241.2
1143260 2243.4
1143270 2243.4
1143280 2242.2
1143290 2245.8
1143300 2245.8
1143310 2249.7
1143320 2253.3
1143330 2253.3
1143340 2256.7
1143350 2260.2
1143360 2260.2
1143370 2263.6
1143380 2267.0
1143390 2269.9
1143400 2269.9
1143410 2273.1
1143420 2276.6
1143430 2276.6
1143440 2280.7
1143450 2291.6
1143460 2291.6
1143470 2296.4
1143480 2300.6
1143490 2300.6
1143500 2305.3
1143510 2308.3
1143520 2308.3
1143530 2308.9
1143540 2311.9
1143550 2311.9
1143560 2315.5
1143570 2321.4
1143580 2321.4
1143590 2327.1
1143600 2330.4
1143610 2332.0
1143620 2332.0
1143630 2332.1
1143640 2331.7
1143650 2326.4
1143660 2326.4
1143670 2327.7
1143680 2327.7
1143690 2329.0
1143700 2330.4
1143710 2330.4
1143720 2331.3
1143730 2332.2
1143740 2332.2
1143750 2333.2
1143760 2334.2
1143770 2334.2
1143780 2334.4
1143790 2332.0
1143800 2332.0
1143810 2329.7
1143820 2328.4
1143830 2329.5
1143840 2329.5
1143850 2330.9
1143860 2331.9
1143870 2331.9
1143880 2333.5
1143890 2336.5
1143900 2336.5
1143910 2338.7
1143920 2339.2
1143930 2339.2
1143940 2342.7
1143950 2345.5
1143960 2345.5
1143970 2347.6
1143980 2349.7
1143990 2349.7
1144000 2352.3
1144010 2355.2
1144020 2349.4
1144030 2351.8
1144040 2353.7
1144050 2354.9
1144060 2354.9
1144070 2356.2
1144080 2358.1
1144090 2358.1
1144100 2358.8
1144110 2359.2
1144120 2359.2
1144130 2359.7
1144140 2359.8
1144150 2359.8
1144160 2357.7
1144170 2352.7
1144180 2352.7
1144190 2348.2
1144200 2344.1
1144210 2344.1
1144220 2339.9
1144230 2338.2
1144240 2338.2
1144250 2337.6
1144260 2335.8
1144270 2337.6
1144280 2337.6
1144290 2337.8
1144300 2335.1
1144310 2335.1
1144320 2333.8
1144330 2334.2
1144340 2334.2
1144350 2336.3
1144360 2338.5
1144370 2338.5
1144380 2339.7
1144390 2335.8
1144400 2335.8
1144410 2337.9
1144420 2339.5
1144430 2339.5
1144440 2340.6
1144450 2343.5
1144460 2343.5
1144470 2347.2
1144480 2349.5
1144490 2348.8
1144500 2348.8
1144510 2348.2
1144520 2349.0
1144530 2349.0
1144540 2350.5
1144550 2352.0
1144560 2352.0
1144570 2353.4
1144580 2355.5
1144590 2355.5
1144600 2357.4
1144610 2360.2
1144620 2360.2
1144630 2363.5
1144640 2366.2
1144650 2366.2
1144660 2370.1
1144670 2375.2
1144680 2379.6
1144690 2379.6
1144700 2383.8
1144710 2386.9
1144720 2386.9
1144730 2389.5
1144740 2392.5
1144750 2392.5
1144760 2395.7
1144770 2393.4
1144780 2393.4
1144790 2396.9
1144800 2400.3
1144810 2400.3
1144820 2404.0
1144830 2407.5
1144840 2407.5
1144850 2410.6
1144860 2413.9
1144870 2413.9
1144880 2417.6
1144890 2421.7
1144900 2425.5
1144910 2425.5
1144920 2428.4
1144930 2429.4
1144940 2429.4
1144950 2427.3
1144960 2421.4
1144970 2421.4
1144980 2413.1
1144990 2402.4
1145000 2402.4
1145010 2387.0
1145020 2379.0
1145030 2379.0
1145040 2371.1
1145050 2362.1
1145060 2362.1
1145070 2353.5
1145080 2341.9
1145090 2341.9
1145100 2326.3
1145110 2308.8
1145120 2290.1
1145130 2290.1
1145140 2274.5
1145150 2261.7
1145160 2261.7
1145170 2252.8
1145180 2247.8
1145190 2247.8
1145200 2243.3
1145210 2238.3
1145220 2238.3
1145230 2233.2
1145240 2228.0
1145250 2228.0
1145260 2222.3
1145270 2216.8
1145280 2216.8
1145290 2211.7
1145300 2206.7
1145310 2206.7
1145320 2202.1
1145330 2198.9
1145340 2194.5
1145350 2194.5
1145360 2185.8
1145370 2177.9
1145380 2177.9
1145390 2167.6
1145400 2161.6
1145410 2161.6
1145420 2157.4
1145430 2154.0
1145440 2154.0
1145450 2150.9
1145460 2149.3
1145470 2149.3
1145480 2147.7
1145490 2146.4
1145500 2146.4
1145510 2138.4
1145520 2136.5
1145530 2136.5
1145540 2132.7
1145550 2126.2
1145560 2119.6
1145570 2119.6
1145580 2112.3
1145590 2106.7
1145600 2106.7
1145610 2104.3
1145620 2102.2
1145630 2102.2
1145640 2100.1
1145650 2098.3
1145660 2098.3
1145670 2097.0
1145680 2095.6
1145690 2095.6
1145700 2094.3
1145710 2092.5
1145720 2092.5
1145730 2090.1
1145740 2088.0
1145750 2088.0
1145760 2086.0
1145770 2085.5
1145780 2084.9
1145790 2084.9
1145800 2082.5
1145810 2078.9
1145820 2078.9
1145830 2076.6
1145840 2073.6
1145850 2073.6
1145860 2072.0
1145870 2070.1
1145880 2070.1
1145890 2063.1
1145900 2064.5
1145910 2064.5
1145920 2063.8
1145930 2063.9
1145940 2063.9
1145950 2064.1
1145960 2064.1
1145970 2064.1
1145980 2063.9
1145990 2063.2
1146000 2064.6
1146010 2064.6
1146020 2067.3
1146030 2068.1
1146040 2068.1
1146050 2063.9
1146060 2056.7
1146070 2056.7
1146080 2052.1
1146090 2050.6
1146100 2050.6
1146110 2050.7
1146120 2051.5
1146130 2051.5
1146140 2052.9
1146150 2054.9
1146160 2054.9
1146170 2057.5
1146180 2061.2
1146190 2061.2
1146200 2064.5
1146210 2067.8
1146220 2068.7
1146230 2068.7
1146240 2067.4
1146250 2067.5
1146260 2059.6
1146270 2061.3
1146280 2065.1
1146290 2065.1
1146300 2068.9
1146310 2068.1
1146320 2068.1
1146330 2061.6
1146340 2059.6
1146350 2059.6
1146360 2058.6
1146370 2059.2
1146380 2059.2
1146390 2060.3
1146400 2062.0
1146410 2062.0
1146420 2064.7
1146430 2066.9
1146440 2069.1
1146450 2069.1
1146460 2070.7
1146470 2072.6
1146480 2072.6
1146490 2073.1
1146500 2072.1
1146510 2072.1
1146520 2070.7
1146530 2068.2
1146540 2068.2
1146550 2063.8
1146560 2060.4
1146570 2060.4
1146580 2055.5
1146590 2035.5
1146600 2035.5
1146610 2012.4
1146620 1964.8
1146630 1951.4
1146640 1942.5
1146650 1943.1
1146660 1945.4
1146670 1945.4
1146680 1944.9
1146690 1930.0
1146700 1930.0
1146710 1916.0
1146720 1912.3
1146730 1912.3
1146740 1907.4
1146750 1898.6
1146760 1898.6
1146770 1894.4
1146780 1869.6
1146790 1869.6
1146800 1851.4
1146810 1850.0
1146820 1850.0
1146830 1851.3
1146840 1853.1
1146850 1853.2
1146860 1853.2
1146870 1853.0
1146880 1853.3
1146890 1853.3
1146900 1854.4
1146910 1854.6
1146920 1854.6
1146930 1851.2
1146940 1839.9
1146950 1839.9
1146960 1826.3
1146970 1810.9
1146980 1810.9
1146990 1796.7
1147000 1786.6
1147010 1776.3
1147020 1769.7
1147030 1764.7
1147040 1764.7
1147050 1760.7
1147060 1758.8
1147070 1746.8
1147080 1746.8
1147090 1723.0
1147100 1714.4
1147110 1714.4
1147120 1707.3
1147130 1701.5
1147140 1701.5
1147150 1694.4
1147160 1683.1
1147170 1683.1
1147180 1670.5
1147190 1660.2
1147200 1660.2
1147210 1654.3
1147220 1658.7
1147230 1658.7
1147240 1663.8
1147250 1663.7
1147260 1663.7
1147270 1659.0
1147280 1650.2
1147290 1640.8
1147300 1640.8
1147310 1633.4
1147320 1626.9
1147330 1626.9
1147340 1620.7
1147350 1614.6
1147360 1614.6
1147370 1607.3
1147380 1597.8
1147390 1594.1
1147400 1586.6
1147410 1581.5
1147420 1581.5
1147430 1579.6
1147440 1578.8
1147450 1578.8
1147460 1574.3
1147470 1567.9
1147480 1567.9
1147490 1564.3
1147500 1563.5
1147510 1564.8
1147520 1564.8
1147530 1563.0
1147540 1560.9
1147550 1560.9
1147560 1557.7
1147570 1553.4
1147580 1553.4
1147590 1549.8
1147600 1545.4
1147610 1545.4
1147620 1539.4
1147630 1535.3
1147640 1535.3
1147650 1531.0
1147660 1525.1
1147670 1525.1
1147680 1515.5
1147690 1505.0
1147700 1505.0
1147710 1493.2
1147720 1482.6
1147730 1473.9
1147740 1473.9
1147750 1473.5
1147760 1470.4
1147770 1470.4
1147780 1472.8
1147790 1475.7
1147800 1475.7
1147810 1478.9
1147820 1477.2
1147830 1477.2
1147840 1471.3
1147850 1464.6
1147860 1464.6
1147870 1458.4
1147880 1454.1
1147890 1454.1
1147900 1451.5
1147910 1449.2
1147920 1449.2
1147930 1446.2
1147940 1443.3
1147950 1439.9
1147960 1439.9
1147970 1435.5
1147980 1430.6
1147990 1430.6
1148000 1425.9
1148010 1422.3
1148020 1422.3
1148030 1419.2
1148040 1415.5
1148050 1415.5
1148060 1411.8
1148070 1408.0
1148080 1408.0
1148090 1404.7
1148100 1400.7
1148110 1400.7
1148120 1396.2
1148130 1391.3
1148140 1386.7
1148150 1381.7
1148160 1376.5
1148170 1371.7
1148180 1371.7
1148190 1367.2
1148200 1363.1
1148210 1363.1
1148220 1359.1
1148230 1354.9
1148240 1354.9
1148250 1351.2
1148260 1347.5
1148270 1347.5
1148280 1343.8
1148290 1340.2
1148300 1340.2
1148310 1336.8
1148320 1333.1
1148330 1333.1
1148340 1329.4
1148350 1326.4
1148360 1323.6
1148370 1323.6
1148380 1322.2
1148390 1320.2
1148400 1320.2
1148410 1317.6
1148420 1314.6
1148430 1314.6
1148440 1311.3
1148450 1307.8
1148460 1307.8
1148470 1304.7
1148480 1302.2
1148490 1302.2
1148500 1299.6
1148510 1297.4
1148520 1295.4
1148530 1293.4
1148540 1291.8
1148550 1291.8
1148560 1289.6
1148570 1287.5
1148580 1286.0
1148590 1286.0
1148600 1284.8
1148610 1283.1
1148620 1283.1
1148630 1281.7
1148640 1282.2
1148650 1282.2
1148660 1285.3
1148670 1287.4
1148680 1287.4
1148690 1288.2
1148700 1288.5
1148710 1288.5
1148720 1287.5
1148730 1289.7
1148740 1289.7
1148750 1296.1
1148760 1301.4
1148770 1301.4
1148780 1305.7
1148790 1309.7
1148800 1312.4
1148810 1312.4
1148820 1314.6
1148830 1316.7
1148840 1316.7
1148850 1318.4
1148860 1319.4
1148870 1319.4
1148880 1319.8
1148890 1323.5
1148900 1323.5
1148910 1324.6
1148920 1325.6
1148930 1325.6
1148940 1326.1
1148950 1326.5
1148960 1326.5
1148970 1326.8
1148980 1327.6
1148990 1327.6
1149000 1329.1
1149010 1331.2
1149020 1333.6
1149030 1333.6
1149040 1335.9
1149050 1338.2
1149060 1338.2
1149070 1340.7
1149080 1343.5
1149090 1343.5
1149100 1346.4
1149110 1349.3
1149120 1349.3
1149130 1348.5
1149140 1347.9
1149150 1347.9
1149160 1353.1
1149170 1357.8
1149180 1357.8
1149190 1360.7
1149200 1365.3
1149210 1365.3
1149220 1370.6
1149230 1375.2
1149240 1380.1
1149250 1380.1
1149260 1385.5
1149270 1395.1
1149280 1395.1
1149290 1399.9
1149300 1404.3
1149310 1404.3
1149320 1411.3
1149330 1419.2
1149340 1419.2
1149350 1426.3
1149360 1433.1
1149370 1433.1
1149380 1439.8
1149390 1445.0
1149400 1445.0
1149410 1449.8
1149420 1454.3
1149430 1454.3
1149440 1459.0
1149450 1464.4
1149460 1470.1
1149470 1470.1
1149480 1476.4
1149490 1483.2
1149500 1483.2
1149510 1490.1
1149520 1496.5
1149530 1496.5
1149540 1502.8
1149550 1509.0
1149560 1509.0
1149570 1515.6
1149580 1521.4
1149590 1521.4
1149600 1528.7
1149610 1535.6
1149620 1535.6
1149630 1541.8
1149640 1547.5
1149650 1553.4
1149660 1560.1
1149670 1569.5
1149680 1579.5
1149690 1579.5
1149700 1589.0
1149710 1599.7
1149720 1599.7
1149730 1609.2
1149740 1619.4
1149750 1619.4
1149760 1632.2
1149770 1645.9
1149780 1645.9
1149790 1645.1
1149800 1644.4
1149810 1644.4
1149820 1645.5
1149830 1647.9
1149840 1647.9
1149850 1649.3
1149860 1648.8
1149870 1647.8
1149880 1647.8
1149890 1647.4
1149900 1647.7
1149910 1647.7
1149920 1649.2
1149930 1650.9
1149940 1650.9
1149950 1654.2
1149960 1659.4
1149970 1659.4
1149980 1664.5
1149990 1667.5
1150000 1667.5
1150010 1671.0
1150020 1677.4
1150030 1686.6
1150040 1691.9
1150050 1695.9
1150060 1695.9
1150070 1701.8
1150080 1708.1
1150090 1715.6
1150100 1715.6
1150110 1720.9
1150120 1727.6
1150130 1727.6
1150140 1730.5
1150150 1734.1
1150160 1734.1
1150170 1741.8
1150180 1751.6
1150190 1751.6
1150200 1760.4
1150210 1767.1
1150220 1767.1
1150230 1771.3
1150240 1774.8
1150250 1774.8
1150260 1779.2
1150270 1784.5
1150280 1784.5
1150290 1789.1
1150300 1792.1
1150310 1793.9
1150320 1793.9
1150330 1796.1
1150340 1798.4
1150350 1798.4
1150360 1800.7
1150370 1804.0
1150380 1804.0
1150390 1807.2
1150400 1810.2
1150410 1813.1
1150420 1816.8
1150430 1819.7
1150440 1819.7
1150450 1823.7
1150460 1827.9
1150470 1827.9
1150480 1831.9
1150490 1835.9
1150500 1835.9
1150510 1839.8
1150520 1843.5
1150530 1846.9
1150540 1846.9
1150550 1850.1
1150560 1853.2
1150570 1853.2
1150580 1856.3
1150590 1859.9
1150600 1859.9
1150610 1864.1
1150620 1869.3
1150630 1869.3
1150640 1875.1
1150650 1881.0
1150660 1881.0
1150670 1887.7
1150680 1893.9
1150690 1893.9
1150700 1899.2
1150710 1903.1
1150720 1903.1
1150730 1905.1
1150740 1905.0
1150750 1905.8
1150760 1905.8
1150770 1905.3
1150780 1904.5
1150790 1910.0
1150800 1909.5
1150810 1908.7
1150820 1908.7
1150830 1907.2
1150840 1905.1
1150850 1905.1
1150860 1904.2
1150870 1904.4
1150880 1904.4
1150890 1903.6
1150900 1901.7
1150910 1901.7
1150920 1900.1
1150930 1899.7
1150940 1899.7
1150950 1899.4
1150960 1898.3
1150970 1897.0
1150980 1897.0
1150990 1895.3
1151000 1893.4
1151010 1893.4
1151020 1891.8
1151030 1890.6
1151040 1890.6
1151050 1889.5
1151060 1888.0
1151070 1888.0
1151080 1886.7
1151090 1885.6
1151100 1885.6
1151110 1884.1
1151120 1882.2
1151130 1882.2
1151140 1879.4
1151150 1873.8
1151160 1873.8
1151170 1871.4
1151180 1867.8
1151190 1864.2
1151200 1864.2
1151210 1861.2
1151220 1859.9
1151230 1859.9
1151240 1857.1
1151250 1853.4
1151260 1853.4
1151270 1850.9
1151280 1846.5
1151290 1846.5
1151300 1837.7
1151310 1830.8
1151320 1830.8
1151330 1824.9
1151340 1818.8
1151350 1818.8
1151360 1814.2
1151370 1810.6
1151380 1810.6
1151390 1806.7
1151400 1803.0
1151410 1798.6
1151420 1798.6
1151430 1798.0
1151440 1805.1
1151450 1805.1
1151460 1813.5
1151470 1821.6
1151480 1821.6
1151490 1828.1
1151500 1833.7
1151510 1833.7
1151520 1839.0
1151530 1844.3
1151540 1844.3
1151550 1850.4
1151560 1856.1
1151570 1856.1
1151580 1861.2
1151590 1865.7
1151600 1870.0
1151610 1870.0
1151620 1873.5
1151630 1876.3
1151640 1876.3
1151650 1879.6
1151660 1883.3
1151670 1883.3
1151680 1888.0
1151690 1892.7
1151700 1892.7
1151710 1897.7
1151720 1902.3
1151730 1902.3
1151740 1907.3
1151750 1911.5
1151760 1911.5
1151770 1915.5
1151780 1919.6
1151790 1919.6
1151800 1923.5
1151810 1927.8
1151820 1932.5
1151830 1932.5
1151840 1937.7
1151850 1942.6
1151860 1942.6
1151870 1948.8
1151880 1959.1
1151890 1959.1
1151900 1970.5
1151910 1979.5
1151920 1979.5
1151930 1988.6
1151940 1995.3
1151950 1995.3
1151960 2002.1
1151970 2008.6
1151980 2008.6
1151990 2016.0
1152000 2023.1
1152010 2023.1
1152020 2030.3
1152030 2037.2
1152040 2044.0
1152050 2044.0
1152060 2052.2
1152070 2060.5
1152080 2060.5
1152090 2068.0
1152100 2076.4
1152110 2076.4
1152120 2084.2
1152130 2089.6
1152140 2089.6
1152150 2094.2
1152160 2100.7
1152170 2100.7
1152180 2106.3
1152190 2110.7
1152200 2110.7
1152210 2114.0
1152220 2119.0
1152230 2119.0
1152240 2127.7
1152250 2134.9
1152260 2143.0
1152270 2143.0
1152280 2152.6
1152290 2160.3
1152300 2160.3
1152310 2169.4
1152320 2175.7
1152330 2175.7
1152340 2182.5
1152350 2187.9
1152360 2187.9
1152370 2193.2
1152380 2200.0
1152390 2200.0
1152400 2205.9
1152410 2212.2
1152420 2212.2
1152430 2220.5
1152440 2226.5
1152450 2226.5
1152460 2233.3
1152470 2245.4
1152480 2258.4
1152490 2258.4
1152500 2270.4
1152510 2278.4
1152520 2278.4
1152530 2288.8
1152540 2301.0
1152550 2301.0
1152560 2314.1
1152570 2325.1
1152580 2325.1
1152590 2335.9
1152600 2343.8
1152610 2343.8
1152620 2349.1
1152630 2352.8
1152640 2352.8
1152650 2356.3
1152660 2360.2
1152670 2360.2
1152680 2364.1
1152690 2373.8
1152700 2377.4
1152710 2377.4
1152720 2380.2
1152730 2381.4
1152740 2381.4
1152750 2385.3
1152760 2393.0
1152770 2393.0
1152780 2404.1
1152790 2405.0
1152800 2405.0
1152810 2400.6
1152820 2399.9
1152830 2399.9
1152840 2401.5
1152850 2404.0
1152860 2404.0
1152870 2404.5
1152880 2395.7
1152890 2395.7
1152900 2384.3
1152910 2373.2
1152920 2368.8
1152930 2368.8
1152940 2368.9
1152950 2369.4
1152960 2369.4
1152970 2370.6
1152980 2370.5
1152990 2370.5
1153000 2369.0
1153010 2365.0
1153020 2365.0
1153030 2359.5
1153040 2353.7
1153050 2353.7
1153060 2348.4
1153070 2345.5
1153080 2345.5
1153090 2340.1
1153100 2334.5
1153110 2334.5
1153120 2330.0
1153130 2324.9
1153140 2318.6
1153150 2318.6
1153160 2312.7
1153170 2311.3
1153180 2311.3
1153190 2307.6
1153200 2306.6
1153210 2306.6
1153220 2309.5
1153230 2309.6
1153240 2309.6
1153250 2311.7
1153260 2317.0
1153270 2317.0
1153280 2323.7
1153290 2333.9
1153300 2333.9
1153310 2342.1
1153320 2348.7
1153330 2356.9
1153340 2356.9
1153350 2364.8
1153360 2374.0
1153370 2374.0
1153380 2383.6
1153390 2392.9
1153400 2392.9
1153410 2399.6
1153420 2405.1
1153430 2405.1
1153440 2410.2
1153450 2415.5
1153460 2417.2
1153470 2423.1
1153480 2430.8
1153490 2430.8
1153500 2439.8
1153510 2448.5
1153520 2448.5
1153530 2453.5
1153540 2459.5
1153550 2465.6
1153560 2465.6
1153570 2471.8
1153580 2478.0
1153590 2478.0
1153600 2483.8
1153610 2488.4
1153620 2488.4
1153630 2492.6
1153640 2496.7
1153650 2496.7
1153660 2499.8
1153670 2502.4
1153680 2502.4
1153690 2502.8
1153700 2497.5
1153710 2497.5
1153720 2490.3
1153730 2481.7
1153740 2481.7
1153750 2472.4
1153760 2464.6
1153770 2458.8
1153780 2458.8
1153790 2453.4
1153800 2447.5
1153810 2447.5
1153820 2439.9
1153830 2430.7
1153840 2430.7
1153850 2422.3
1153860 2414.4
1153870 2414.4
1153880 2400.5
1153890 2387.9
1153900 2387.9
1153910 2377.8
1153920 2364.2
1153930 2364.2
1153940 2349.4
1153950 2338.0
1153960 2338.0
1153970 2325.8
1153980 2307.8
1153990 2291.3
1154000 2291.3
1154010 2280.4
1154020 2274.5
1154030 2274.5
1154040 2265.8
1154050 2257.3
1154060 2257.3
1154070 2246.9
1154080 2232.5
1154090 2232.5
1154100 2225.0
1154110 2216.1
1154120 2216.1
1154130 2204.8
1154140 2196.0
1154150 2196.0
1154160 2185.9
1154170 2174.4
1154180 2174.4
1154190 2165.1
1154200 2158.2
1154210 2153.4
1154220 2148.3
1154230 2142.0
1154240 2141.5
1154250 2141.5
1154260 2148.2
1154270 2144.0
1154280 2144.0
1154290 2120.6
1154300 2103.2
1154310 2103.2
1154320 2090.3
1154330 2078.0
1154340 2078.0
1154350 2070.4
1154360 2064.4
1154370 2064.4
1154380 2057.8
1154390 2051.7
1154400 2051.7
1154410 2045.3
1154420 2039.2
1154430 2033.4
1154440 2033.4
1154450 2027.9
1154460 2021.9
1154470 2021.9
1154480 2016.0
1154490 2010.2
1154500 2010.2
1154510 2004.5
1154520 1998.6
1154530 1998.6
1154540 1992.9
1154550 1987.1
1154560 1987.1
1154570 1981.2
1154580 1975.6
1154590 1975.6
1154600 1970.2
1154610 1966.7
1154620 1966.7
1154630 1961.6
1154640 1956.6
1154650 1951.7
1154660 1951.7
1154670 1946.9
1154680 1942.1
1154690 1942.1
1154700 1937.6
1154710 1933.5
1154720 1933.5
1154730 1929.8
1154740 1926.6
1154750 1926.6
1154760 1923.4
1154770 1923.1
1154780 1923.1
1154790 1926.2
1154800 1931.2
1154810 1931.2
1154820 1935.4
1154830 1936.8
1154840 1938.7
1154850 1938.7
1154860 1941.2
1154870 1944.0
1154880 1944.0
1154890 1946.8
1154900 1949.9
1154910 1949.9
1154920 1953.6
1154930 1957.5
1154940 1957.5
1154950 1961.2
1154960 1965.0
1154970 1965.0
1154980 1969.3
1154990 1973.2
1155000 1973.2
1155010 1977.8
1155020 1982.5
1155030 1982.5
1155040 1986.9
1155050 1991.7
1155060 1996.0
1155070 1996.0
1155080 2000.6
1155090 2005.7
1155100 2005.7
1155110 2010.8
1155120 2015.7
1155130 2015.7
1155140 2020.9
1155150 2026.2
1155160 2026.2
1155170 2031.1
1155180 2036.2
1155190 2036.2
1155200 2041.3
1155210 2046.8
1155220 2046.8
1155230 2052.6
1155240 2058.3
1155250 2058.3
1155260 2064.3
1155270 2070.5
1155280 2077.3
1155290 2077.3
1155300 2083.9
1155310 2090.3
1155320 2090.3
1155330 2096.7
1155340 2102.9
1155350 2102.9
1155360 2108.9
1155370 2115.4
1155380 2114.8
1155390 2121.9
1155400 2129.0
1155410 2129.0
1155420 2136.3
1155430 2143.5
1155440 2143.5
1155450 2151.6
1155460 2159.0
1155470 2159.0
1155480 2165.3
1155490 2170.7
1155500 2176.3
1155510 2176.3
1155520 2181.9
1155530 2187.8
1155540 2187.8
1155550 2194.3
1155560 2200.7
1155570 2200.7
1155580 2207.0
1155590 2212.3
1155600 2212.3
1155610 2218.2
1155620 2224.1
1155630 2224.1
1155640 2229.7
1155650 2234.6
1155660 2234.6
1155670 2239.8
1155680 2245.3
1155690 2245.3
1155700 2250.6
1155710 2256.0
1155720 2261.2
1155730 2261.2
1155740 2266.6
1155750 2273.4
1155760 2272.1
1155770 2279.4
1155780 2286.5
1155790 2286.5
1155800 2293.6
1155810 2301.5
1155820 2301.5
1155830 2312.0
1155840 2323.6
1155850 2323.6
1155860 2332.2
1155870 2340.0
1155880 2340.0
1155890 2351.3
1155900 2361.8
1155910 2361.8
1155920 2370.3
1155930 2378.7
1155940 2385.8
1155950 2385.8
1155960 2393.1
1155970 2399.9
1155980 2399.9
1155990 2407.7
1156000 2416.4
1156010 2416.4
1156020 2424.8
1156030 2431.6
1156040 2431.6
1156050 2439.1
1156060 2446.3
1156070 2446.3
1156080 2452.9
1156090 2459.3
1156100 2459.3
1156110 2465.4
1156120 2472.4
1156130 2472.4
1156140 2480.7
1156150 2491.4
1156160 2499.5
1156170 2499.5
1156180 2508.2
1156190 2517.5
1156200 2517.5
1156210 2525.6
1156220 2533.0
1156230 2533.0
1156240 2539.9
1156250 2546.8
1156260 2546.8
1156270 2552.2
1156280 2556.8
1156290 2556.8
1156300 2561.8
1156310 2566.6
1156320 2566.6
1156330 2571.2
1156340 2576.6
1156350 2582.5
1156360 2582.5
1156370 2588.8
1156380 2595.1
1156390 2595.1
1156400 2601.9
1156410 2608.2
1156420 2608.2
1156430 2613.5
1156440 2614.9
1156450 2614.9
1156460 2609.5
1156470 2602.4
1156480 2602.4
1156490 2595.8
1156500 2591.1
1156510 2591.1
1156520 2585.8
1156530 2591.3
1156540 2591.3
1156550 2591.4
1156560 2585.0
1156570 2579.9
1156580 2579.9
1156590 2576.9
1156600 2572.9
1156610 2572.9
1156620 2571.3
1156630 2572.3
1156640 2572.3
1156650 2572.4
1156660 2573.6
1156670 2573.6
1156680 2576.5
1156690 2579.8
1156700 2579.8
1156710 2584.3
1156720 2589.8
1156730 2589.8
1156740 2596.1
1156750 2601.6
1156760 2601.6
1156770 2608.8
1156780 2617.5
1156790 2619.9
1156800 2619.9
1156810 2625.5
1156820 2630.6
1156830 2630.6
1156840 2628.4
1156850 2616.5
1156860 2616.5
1156870 2602.5
1156880 2591.5
1156890 2591.5
1156900 2582.5
1156910 2574.6
1156920 2578.0
1156930 2570.0
1156940 2562.4
1156950 2562.4
1156960 2554.9
1156970 2547.6
1156980 2547.6
1156990 2540.4
1157000 2533.9
1157010 2528.2
1157020 2528.2
1157030 2523.6
1157040 2520.1
1157050 2520.1
1157060 2516.1
1157070 2511.5
1157080 2511.5
1157090 2506.6
1157100 2501.6
1157110 2501.6
1157120 2497.5
1157130 2495.5
1157140 2495.5
1157150 2491.6
1157160 2486.7
1157170 2486.7
1157180 2477.0
1157190 2469.1
1157200 2469.1
1157210 2462.4
1157220 2454.4
1157230 2447.4
1157240 2447.4
1157250 2441.1
1157260 2434.4
1157270 2434.4
1157280 2426.9
1157290 2418.9
1157300 2418.9
1157310 2410.0
1157320 2404.7
1157330 2404.7
1157340 2400.2
1157350 2396.8
1157360 2396.8
1157370 2393.2
1157380 2389.6
1157390 2389.6
1157400 2385.9
1157410 2382.0
1157420 2382.0
1157430 2378.6
1157440 2375.5
1157450 2371.8
1157460 2371.8
1157470 2367.8
1157480 2364.1
1157490 2364.1
1157500 2359.8
1157510 2354.8
1157520 2354.8
1157530 2348.7
1157540 2342.5
1157550 2342.5
1157560 2336.5
1157570 2331.3
1157580 2331.3
1157590 2328.1
1157600 2324.9
1157610 2324.9
1157620 2322.4
1157630 2318.9
1157640 2318.9
1157650 2314.8
1157660 2310.1
1157670 2305.4
1157680 2305.4
1157690 2298.3
1157700 2291.9
1157710 2291.9
1157720 2285.1
1157730 2277.8
1157740 2277.8
1157750 2270.2
1157760 2262.9
1157770 2262.9
1157780 2256.7
1157790 2251.2
1157800 2251.2
1157810 2245.8
1157820 2240.4
1157830 2240.4
1157840 2235.4
1157850 2230.7
1157860 2225.8
1157870 2225.8
1157880 2220.5
1157890 2215.7
1157900 2215.7
1157910 2212.8
1157920 2212.6
1157930 2212.6
1157940 2213.7
1157950 2213.9
1157960 2213.9
1157970 2212.3
1157980 2210.1
1157990 2210.1
1158000 2206.5
1158010 2201.6
1158020 2201.6
1158030 2195.6
1158040 2188.8
1158050 2188.8
1158060 2183.0
1158070 2177.1
1158080 2171.8
1158090 2171.8
1158100 2165.6
1158110 2159.9
1158120 2159.9
1158130 2154.4
1158140 2148.4
1158150 2148.4
1158160 2142.6
1158170 2137.3
1158180 2137.3
1158190 2131.9
1158200 2126.0
1158210 2126.0
1158220 2119.9
1158230 2114.3
1158240 2114.3
1158250 2109.0
1158260 2102.8
1158270 2102.8
1158280 2100.5
1158290 2103.5
1158300 2109.1
1158310 2109.1
1158320 2115.2
1158330 2119.4
1158340 2119.4
1158350 2121.2
1158360 2123.0
1158370 2123.0
1158380 2125.0
1158390 2127.2
1158400 2127.2
1158410 2130.2
1158420 2133.4
1158430 2133.4
1158440 2136.2
1158450 2139.2
1158460 2139.2
1158470 2142.0
1158480 2144.9
1158490 2144.9
1158500 2147.7
1158510 2150.5
1158520 2153.3
1158530 2153.3
1158540 2156.2
1158550 2159.0
1158560 2159.0
1158570 2162.1
1158580 2167.7
1158590 2167.7
1158600 2175.9
1158610 2183.2
1158620 2183.2
1158630 2189.7
1158640 2196.4
1158650 2196.4
1158660 2201.7
1158670 2207.1
1158680 2207.1
1158690 2213.2
1158700 2217.8
1158710 2217.8
1158720 2221.9
1158730 2225.7
1158740 2229.3
1158750 2229.3
1158760 2232.5
1158770 2236.0
1158780 2236.0
1158790 2242.2
1158800 2250.3
1158810 2250.3
1158820 2258.0
1158830 2264.9
1158840 2264.9
1158850 2272.7
1158860 2280.1
1158870 2280.1
1158880 2285.9
1158890 2291.8
1158900 2291.8
1158910 2297.6
1158920 2301.9
1158930 2301.9
1158940 2304.4
1158950 2308.1
1158960 2313.4
1158970 2313.4
1158980 2320.2
1158990 2326.2
1159000 2326.2
1159010 2331.0
1159020 2335.6
1159030 2335.6
1159040 2341.5
1159050 2347.1
1159060 2347.1
1159070 2352.2
1159080 2358.5
1159090 2358.5
1159100 2364.4
1159110 2369.0
1159120 2369.0
1159130 2372.6
1159140 2374.9
1159150 2374.9
1159160 2379.8
1159170 2386.6
1159180 2393.1
1159190 2393.1
1159200 2399.5
1159210 2405.8
1159220 2405.8
1159230 2412.0
1159240 2418.6
1159250 2415.8
1159260 2422.3
1159270 2428.9
1159280 2428.9
1159290 2435.5
1159300 2442.6
1159310 2442.6
1159320 2448.9
1159330 2455.5
1159340 2455.5
1159350 2462.2
1159360 2468.1
1159370 2474.4
1159380 2474.4
1159390 2480.2
1159400 2484.7
1159410 2484.7
1159420 2489.5
1159430 2495.3
1159440 2495.3
1159450 2502.0
1159460 2509.1
1159470 2509.1
1159480 2515.9
1159490 2522.5
1159500 2522.5
1159510 2529.2
1159520 2536.4
1159530 2536.4
1159540 2543.5
1159550 2550.2
1159560 2550.2
1159570 2557.5
1159580 2564.8
1159590 2571.9
1159600 2571.9
1159610 2579.3
1159620 2586.5
1159630 2586.5
1159640 2593.7
1159650 2601.3
1159660 2601.3
1159670 2609.3
1159680 2616.8
1159690 2616.8
1159700 2624.9
1159710 2632.0
1159720 2632.0
1159730 2640.2
1159740 2648.4
1159750 2648.4
1159760 2656.5
1159770 2665.1
1159780 2665.1
1159790 2673.3
1159800 2678.2
1159810 2680.1
1159820 2680.1
1159830 2682.4
1159840 2686.4
1159850 2686.4
1159860 2692.5
1159870 2698.2
1159880 2698.2
1159890 2703.3
1159900 2707.8
1159910 2707.8
1159920 2713.9
1159930 2720.9
1159940 2720.9
1159950 2728.6
1159960 2736.9
1159970 2736.9
1159980 2745.3
1159990 2753.9
