1140000 2542.8
1140010 2539.6
1140020 2536.5
1140030 2536.5
1140040 2533.9
1140050 2530.9
1140060 2530.9
1140070 2527.2
1140080 2524.2
1140090 2522.1
1140100 2522.1
1140110 2520.3
1140120 2519.9
1140130 2519.9
1140140 2514.3
1140150 2514.5
1140160 2514.5
1140170 2514.4
1140180 2513.6
1140190 2513.6
1140200 2512.8
1140210 2512.8
1140220 2512.8
1140230 2512.8
1140240 2510.0
1140250 2510.0
1140260 2508.5
1140270 2509.0
1140280 2509.0
1140290 2508.5
1140300 2507.7
1140310 2505.9
1140320 2505.9
1140330 2505.3
1140340 2506.9
1140350 2506.9
1140360 2508.1
1140370 2509.2
1140380 2509.2
1140390 2511.7
1140400 2513.0
1140410 2513.0
1140420 2514.6
1140430 2516.8
1140440 2516.8
1140450 2520.1
1140460 2525.7
1140470 2525.7
1140480 2530.3
1140490 2535.1
1140500 2535.1
1140510 2535.9
1140520 2539.3
1140530 2542.6
1140540 2542.6
1140550 2545.1
1140560 2547.3
1140570 2547.3
1140580 2550.4
1140590 2553.4
1140600 2553.4
1140610 2555.5
1140620 2556.2
1140630 2556.2
1140640 2555.9
1140650 2556.0
1140660 2556.0
1140670 2558.0
1140680 2561.9
1140690 2561.9
1140700 2565.6
1140710 2570.3
1140720 2570.3
1140730 2571.3
1140740 2571.6
1140750 2570.3
1140760 2570.3
1140770 2584.5
1140780 2595.3
1140790 2595.3
1140800 2593.3
1140810 2588.8
1140820 2588.8
1140830 2591.1
1140840 2588.3
1140850 2588.3
1140860 2584.2
1140870 2573.5
1140880 2564.8
1140890 2552.2
1140900 2544.5
1140910 2544.5
1140920 2533.8
1140930 2523.0
1140940 2523.0
1140950 2516.1
1140960 2511.8
1140970 2509.6
1140980 2509.6
1140990 2507.2
1141000 2504.8
1141010 2504.8
1141020 2504.3
1141030 2502.0
1141040 2502.0
1141050 2500.7
1141060 2500.6
1141070 2500.6
1141080 2501.2
1141090 2501.7
1141100 2501.7
1141110 2502.2
1141120 2503.3
1141130 2503.3
1141140 2503.0
1141150 2504.5
1141160 2504.5
1141170 2505.8
1141180 2507.8
1141190 2510.7
1141200 2510.7
1141210 2513.4
1141220 2517.0
1141230 2517.0
1141240 2521.7
1141250 2524.1
1141260 2524.1
1141270 2525.8
1141280 2527.0
1141290 2527.0
1141300 2526.8
1141310 2525.7
1141320 2525.7
1141330 2522.9
1141340 2519.7
1141350 2519.7
1141360 2517.8
1141370 2515.3
1141380 2515.3
1141390 2512.4
1141400 2510.5
1141410 2509.9
1141420 2509.9
1141430 2510.3
1141440 2512.9
1141450 2512.9
1141460 2517.2
1141470 2521.3
1141480 2521.3
1141490 2522.1
1141500 2517.2
1141510 2517.2
1141520 2512.3
1141530 2509.9
1141540 2509.9
1141550 2507.8
1141560 2506.1
1141570 2506.1
1141580 2505.2
1141590 2505.2
1141600 2505.2
1141610 2503.1
1141620 2503.0
1141630 2503.4
1141640 2503.4
1141650 2503.2
1141660 2502.9
1141670 2502.9
1141680 2503.1
1141690 2502.3
1141700 2502.3
1141710 2500.1
1141720 2500.2
1141730 2500.2
1141740 2501.4
1141750 2503.5
1141760 2503.5
1141770 2505.8
1141780 2507.2
1141790 2507.2
1141800 2507.1
1141810 2504.3
1141820 2502.6
1141830 2502.6
1141840 2500.7
1141850 2498.8
1141860 2498.8
1141870 2496.7
1141880 2494.6
1141890 2494.6
1141900 2491.7
1141910 2487.9
1141920 2487.9
1141930 2484.5
1141940 2481.9
1141950 2481.9
1141960 2479.8
1141970 2477.4
1141980 2478.5
1141990 2475.6
1142000 2473.3
1142010 2473.3
1142020 2470.8
1142030 2469.7
1142040 2467.6
1142050 2467.6
1142060 2466.3
1142070 2464.9
1142080 2464.9
1142090 2462.3
1142100 2461.6
1142110 2461.6
1142120 2459.5
1142130 2456.5
1142140 2456.5
1142150 2453.5
1142160 2451.8
1142170 2451.8
1142180 2451.1
1142190 2451.3
1142200 2451.3
1142210 2450.4
1142220 2449.1
1142230 2449.1
1142240 2447.5
1142250 2445.7
1142260 2444.2
1142270 2444.2
1142280 2441.7
1142290 2438.5
1142300 2438.5
1142310 2436.9
1142320 2436.8
1142330 2436.8
1142340 2436.8
1142350 2436.8
1142360 2436.8
1142370 2436.8
1142380 2436.8
1142390 2436.8
1142400 2436.8
1142410 2436.8
1142420 2436.8
1142430 2436.8
1142440 2436.8
1142450 2436.8
1142460 2436.8
1142470 2436.8
1142480 2436.8
1142490 2436.8
1142500 2436.8
1142510 2438.1
1142520 2438.1
1142530 2444.9
1142540 2452.2
1142550 2452.2
1142560 2458.6
1142570 2465.7
1142580 2465.7
1142590 2479.7
1142600 2490.5
1142610 2490.5
1142620 2493.8
1142630 2496.4
1142640 2496.4
1142650 2499.3
1142660 2503.3
1142670 2503.3
1142680 2509.1
1142690 2512.1
1142700 2515.9
1142710 2515.9
1142720 2519.5
1142730 2521.3
1142740 2521.3
1142750 2522.1
1142760 2523.6
1142770 2523.6
1142780 2524.5
1142790 2526.0
1142800 2526.0
1142810 2529.4
1142820 2533.3
1142830 2533.3
1142840 2536.9
1142850 2540.4
1142860 2540.4
1142870 2543.8
1142880 2546.9
1142890 2546.9
1142900 2550.1
1142910 2553.1
1142920 2556.1
1142930 2556.1
1142940 2559.0
1142950 2562.2
1142960 2562.2
1142970 2566.0
1142980 2570.0
1142990 2570.0
1143000 2575.5
1143010 2581.9
1143020 2581.9
1143030 2588.9
1143040 2597.9
1143050 2597.9
1143060 2606.7
1143070 2615.0
1143080 2615.0
1143090 2625.9
1143100 2637.0
1143110 2637.0
1143120 2645.8
1143130 2648.5
1143140 2643.1
1143150 2643.1
1143160 2637.5
1143170 2632.1
1143180 2632.1
1143190 2627.6
1143200 2623.8
1143210 2623.8
1143220 2620.5
1143230 2617.4
1143240 2617.4
1143250 2614.6
1143260 2611.7
1143270 2611.7
1143280 2608.3
1143290 2606.1
1143300 2606.1
1143310 2605.1
1143320 2604.2
1143330 2604.2
1143340 2604.0
1143350 2604.3
1143360 2604.1
1143370 2604.1
1143380 2604.8
1143390 2605.6
1143400 2605.6
1143410 2606.3
1143420 2606.6
1143430 2606.6
1143440 2608.0
1143450 2609.8
1143460 2609.8
1143470 2605.5
1143480 2607.7
1143490 2607.7
1143500 2611.7
1143510 2618.6
1143520 2618.6
1143530 2628.2
1143540 2637.2
1143550 2637.2
1143560 2645.7
1143570 2653.6
1143580 2662.8
1143590 2662.8
1143600 2674.0
1143610 2687.4
1143620 2687.4
1143630 2698.4
1143640 2710.4
1143650 2710.4
1143660 2721.5
1143670 2731.4
1143680 2731.4
1143690 2739.7
1143700 2746.8
1143710 2746.8
1143720 2753.2
1143730 2758.1
1143740 2758.1
1143750 2758.2
1143760 2759.1
1143770 2759.1
1143780 2759.8
1143790 2760.1
1143800 2769.5
1143810 2769.5
1143820 2781.4
1143830 2789.9
1143840 2781.8
1143850 2790.9
1143860 2800.5
1143870 2800.5
1143880 2807.7
1143890 2813.0
1143900 2813.0
1143910 2818.0
1143920 2820.5
1143930 2820.5
1143940 2822.2
1143950 2826.0
1143960 2826.0
1143970 2829.9
1143980 2830.8
1143990 2830.8
1144000 2827.6
1144010 2820.1
1144020 2812.0
1144030 2812.0
1144040 2804.3
1144050 2797.8
1144060 2797.8
1144070 2793.3
1144080 2788.7
1144090 2788.7
1144100 2781.2
1144110 2768.7
1144120 2768.7
1144130 2757.3
1144140 2750.2
1144150 2750.2
1144160 2746.0
1144170 2742.5
1144180 2742.5
1144190 2738.1
1144200 2733.1
1144210 2742.8
1144220 2742.1
1144230 2740.8
1144240 2735.3
1144250 2735.3
1144260 2734.6
1144270 2734.6
1144280 2734.6
1144290 2732.6
1144300 2727.3
1144310 2727.3
1144320 2719.6
1144330 2709.4
1144340 2709.4
1144350 2704.5
1144360 2700.9
1144370 2700.9
1144380 2691.7
1144390 2683.3
1144400 2683.3
1144410 2675.2
1144420 2668.3
1144430 2668.3
1144440 2659.5
1144450 2649.5
1144460 2639.5
1144470 2639.5
1144480 2630.8
1144490 2622.4
1144500 2622.4
1144510 2614.1
1144520 2605.3
1144530 2605.3
1144540 2595.8
1144550 2588.0
1144560 2588.0
1144570 2582.3
1144580 2581.0
1144590 2581.0
1144600 2575.8
1144610 2571.2
1144620 2571.2
1144630 2566.2
1144640 2560.9
1144650 2554.2
1144660 2554.2
1144670 2550.2
1144680 2547.3
1144690 2547.3
1144700 2541.8
1144710 2536.0
1144720 2536.0
1144730 2531.6
1144740 2528.3
1144750 2528.3
1144760 2521.8
1144770 2515.5
1144780 2515.5
1144790 2506.9
1144800 2497.0
1144810 2497.0
1144820 2494.3
1144830 2502.4
1144840 2502.4
1144850 2504.4
1144860 2496.7
1144870 2485.5
1144880 2485.5
1144890 2474.0
1144900 2462.6
1144910 2462.6
1144920 2451.9
1144930 2440.7
1144940 2440.7
1144950 2429.5
1144960 2425.3
1144970 2425.3
1144980 2415.9
1144990 2405.9
1145000 2405.9
1145010 2397.9
1145020 2390.2
1145030 2390.2
1145040 2382.8
1145050 2375.8
1145060 2375.8
1145070 2369.2
1145080 2363.0
1145090 2357.1
1145100 2357.1
1145110 2351.7
1145120 2347.0
1145130 2347.0
1145140 2343.6
1145150 2340.4
1145160 2340.4
1145170 2337.5
1145180 2334.8
1145190 2334.8
1145200 2331.9
1145210 2328.4
1145220 2328.4
1145230 2325.4
1145240 2322.3
1145250 2322.3
1145260 2319.0
1145270 2315.6
1145280 2315.6
1145290 2312.6
1145300 2309.4
1145310 2306.3
1145320 2306.3
1145330 2306.3
1145340 2303.5
1145350 2303.5
1145360 2300.8
1145370 2298.8
1145380 2298.8
1145390 2295.8
1145400 2292.6
1145410 2292.6
1145420 2290.9
1145430 2291.3
1145440 2291.3
1145450 2293.7
1145460 2296.6
1145470 2296.6
1145480 2297.6
1145490 2296.9
1145500 2296.9
1145510 2295.3
1145520 2294.2
1145530 2293.7
1145540 2293.7
1145550 2292.2
1145560 2289.9
1145570 2289.9
1145580 2287.4
1145590 2285.5
1145600 2285.5
1145610 2284.8
1145620 2285.8
1145630 2285.8
1145640 2287.0
1145650 2288.7
1145660 2288.7
1145670 2291.6
1145680 2296.2
1145690 2296.2
1145700 2292.9
1145710 2295.2
1145720 2295.2
1145730 2294.6
1145740 2292.5
1145750 2293.1
1145760 2293.1
1145770 2295.4
1145780 2299.3
1145790 2299.3
1145800 2303.6
1145810 2305.3
1145820 2305.3
1145830 2305.7
1145840 2306.7
1145850 2306.7
1145860 2304.8
1145870 2301.8
1145880 2301.8
1145890 2300.8
1145900 2299.0
1145910 2299.0
1145920 2297.3
1145930 2296.5
1145940 2296.5
1145950 2296.0
1145960 2295.4
1145970 2293.8
1145980 2293.8
1145990 2291.7
1146000 2289.9
1146010 2289.9
1146020 2288.1
1146030 2287.0
1146040 2287.0
1146050 2285.8
1146060 2284.0
1146070 2284.0
1146080 2278.2
1146090 2275.7
1146100 2275.7
1146110 2273.2
1146120 2272.6
1146130 2272.6
1146140 2271.3
1146150 2267.1
1146160 2267.1
1146170 2257.5
1146180 2248.9
1146190 2242.9
1146200 2242.9
1146210 2237.1
1146220 2232.7
1146230 2232.7
1146240 2229.2
1146250 2225.8
1146260 2225.8
1146270 2222.7
1146280 2220.5
1146290 2220.5
1146300 2219.2
1146310 2217.7
1146320 2217.7
1146330 2215.6
1146340 2213.7
1146350 2213.7
1146360 2211.7
1146370 2208.7
1146380 2208.7
1146390 2205.3
1146400 2201.5
1146410 2197.2
1146420 2197.2
1146430 2193.8
1146440 2189.5
1146450 2186.9
1146460 2182.3
1146470 2178.9
1146480 2178.9
1146490 2177.2
1146500 2178.0
1146510 2178.0
1146520 2179.8
1146530 2181.3
1146540 2181.3
1146550 2183.2
1146560 2183.5
1146570 2183.5
1146580 2181.3
1146590 2175.5
1146600 2175.5
1146610 2167.6
1146620 2160.3
1146630 2151.4
1146640 2151.4
1146650 2147.5
1146660 2143.9
1146670 2143.9
1146680 2139.8
1146690 2134.1
1146700 2134.1
1146710 2122.8
1146720 2118.3
1146730 2118.3
1146740 2115.7
1146750 2111.3
1146760 2111.3
1146770 2109.7
1146780 2108.8
1146790 2108.8
1146800 2103.7
1146810 2099.3
1146820 2099.3
1146830 2093.0
1146840 2096.3
1146850 2098.1
1146860 2098.1
1146870 2100.7
1146880 2104.7
1146890 2104.7
1146900 2108.2
1146910 2110.7
1146920 2110.7
1146930 2115.0
1146940 2120.2
1146950 2120.2
1146960 2123.4
1146970 2121.3
1146980 2121.3
1146990 2115.0
1147000 2100.8
1147010 2100.8
1147020 2083.3
1147030 2073.9
1147040 2073.9
1147050 2067.5
1147060 2060.2
1147070 2051.7
1147080 2051.7
1147090 2042.6
1147100 2036.0
1147110 2036.0
1147120 2033.5
1147130 2032.5
1147140 2032.5
1147150 2031.4
1147160 2031.5
1147170 2031.5
1147180 2032.9
1147190 2034.7
1147200 2024.6
1147210 2024.7
1147220 2027.5
1147230 2027.5
1147240 2033.3
1147250 2036.7
1147260 2038.1
1147270 2038.1
1147280 2039.2
1147290 2039.2
1147300 2039.2
1147310 2039.1
1147320 2040.8
1147330 2040.8
1147340 2041.4
1147350 2041.3
1147360 2041.3
1147370 2041.2
1147380 2041.0
1147390 2041.0
1147400 2040.9
1147410 2040.6
1147420 2040.6
1147430 2041.2
1147440 2042.4
1147450 2042.4
1147460 2043.6
1147470 2045.1
1147480 2045.2
1147490 2045.2
1147500 2044.4
1147510 2044.7
1147520 2044.7
1147530 2045.2
1147540 2046.2
1147550 2046.2
1147560 2045.4
1147570 2042.9
1147580 2035.3
1147590 2032.3
1147600 2025.2
1147610 2025.2
1147620 2018.8
1147630 2012.8
1147640 2012.8
1147650 2007.4
1147660 2002.8
1147670 2002.8
1147680 1998.6
1147690 1995.0
1147700 1990.6
1147710 1990.6
1147720 1984.6
1147730 1978.9
1147740 1978.9
1147750 1972.5
1147760 1962.0
1147770 1962.0
1147780 1946.7
1147790 1927.5
1147800 1927.5
1147810 1922.5
1147820 1925.2
1147830 1925.2
1147840 1927.0
1147850 1927.2
1147860 1927.2
1147870 1929.0
1147880 1930.0
1147890 1930.0
1147900 1931.0
1147910 1932.2
1147920 1930.6
1147930 1930.6
1147940 1927.0
1147950 1918.7
1147960 1910.8
1147970 1903.0
1147980 1902.9
1147990 1902.9
1148000 1902.5
1148010 1901.4
1148020 1901.4
1148030 1900.2
1148040 1898.0
1148050 1898.0
1148060 1895.4
1148070 1893.4
1148080 1893.4
1148090 1891.4
1148100 1883.7
1148110 1883.7
1148120 1851.2
1148130 1824.9
1148140 1813.8
1148150 1813.8
1148160 1807.0
1148170 1803.7
1148180 1803.7
1148190 1802.2
1148200 1796.0
1148210 1796.0
1148220 1785.3
1148230 1773.0
1148240 1773.0
1148250 1764.4
1148260 1755.1
1148270 1755.1
1148280 1749.5
1148290 1744.8
1148300 1744.8
1148310 1738.7
1148320 1731.3
1148330 1726.9
1148340 1719.5
1148350 1713.0
1148360 1707.9
1148370 1707.9
1148380 1703.9
1148390 1698.0
1148400 1698.0
1148410 1691.4
1148420 1686.7
1148430 1686.7
1148440 1685.7
1148450 1686.0
1148460 1686.0
1148470 1684.3
1148480 1679.8
1148490 1679.8
1148500 1673.5
1148510 1667.5
1148520 1667.5
1148530 1662.5
1148540 1657.8
1148550 1657.8
1148560 1653.9
1148570 1649.6
1148580 1645.8
1148590 1645.8
1148600 1643.1
1148610 1640.7
1148620 1640.7
1148630 1637.2
1148640 1630.4
1148650 1630.4
1148660 1623.3
1148670 1618.7
1148680 1618.7
1148690 1613.9
1148700 1606.1
1148710 1601.7
1148720 1596.3
1148730 1591.6
1148740 1591.6
1148750 1585.6
1148760 1577.9
1148770 1577.9
1148780 1570.2
1148790 1557.4
1148800 1545.5
1148810 1545.5
1148820 1534.6
1148830 1525.4
1148840 1525.4
1148850 1518.4
1148860 1514.0
1148870 1514.0
1148880 1501.6
1148890 1490.1
1148900 1490.1
1148910 1482.1
1148920 1474.7
1148930 1474.7
1148940 1468.0
1148950 1463.6
1148960 1463.6
1148970 1456.8
1148980 1452.9
1148990 1452.9
1149000 1451.5
1149010 1449.4
1149020 1448.3
1149030 1448.3
1149040 1447.7
1149050 1447.3
1149060 1447.3
1149070 1444.6
1149080 1440.8
1149090 1436.2
1149100 1431.9
1149110 1428.0
1149120 1428.0
1149130 1423.5
1149140 1419.5
1149150 1419.5
1149160 1416.6
1149170 1414.0
1149180 1414.0
1149190 1411.0
1149200 1406.9
1149210 1406.9
1149220 1402.2
1149230 1397.8
1149240 1393.5
1149250 1393.5
1149260 1387.8
1149270 1381.2
1149280 1381.2
1149290 1374.4
1149300 1367.1
1149310 1367.1
1149320 1360.2
1149330 1355.2
1149340 1355.2
1149350 1352.5
1149360 1349.8
1149370 1349.8
1149380 1347.3
1149390 1345.2
1149400 1345.2
1149410 1343.1
1149420 1340.4
1149430 1340.4
1149440 1337.8
1149450 1334.7
1149460 1331.6
1149470 1326.0
1149480 1321.2
1149490 1316.2
1149500 1316.2
1149510 1310.9
1149520 1306.5
1149530 1306.5
1149540 1301.7
1149550 1297.4
1149560 1297.4
1149570 1293.1
1149580 1289.8
1149590 1289.8
1149600 1286.6
1149610 1283.3
1149620 1283.3
1149630 1281.8
1149640 1281.8
1149650 1281.8
1149660 1279.9
1149670 1276.4
1149680 1272.9
1149690 1272.9
1149700 1270.9
1149710 1266.5
1149720 1266.5
1149730 1260.2
1149740 1258.0
1149750 1258.0
1149760 1257.2
1149770 1257.0
1149780 1257.0
1149790 1257.2
1149800 1257.5
1149810 1257.5
1149820 1257.7
1149830 1257.5
1149840 1257.4
1149850 1258.0
1149860 1262.2
1149870 1267.4
1149880 1267.4
1149890 1273.7
1149900 1279.0
1149910 1279.0
1149920 1283.5
1149930 1287.0
1149940 1287.0
1149950 1288.7
1149960 1290.1
1149970 1290.1
1149980 1292.6
1149990 1296.0
1150000 1296.0
1150010 1297.3
1150020 1295.1
1150030 1295.1
1150040 1293.8
1150050 1294.5
1150060 1294.5
1150070 1295.5
1150080 1297.2
1150090 1298.8
1150100 1298.8
1150110 1300.7
1150120 1302.2
1150130 1302.2
1150140 1303.2
1150150 1304.2
1150160 1304.2
1150170 1304.9
1150180 1307.1
1150190 1307.1
1150200 1310.8
1150210 1314.6
1150220 1319.0
1150230 1323.9
1150240 1328.9
1150250 1328.9
1150260 1334.3
1150270 1339.0
1150280 1339.0
1150290 1342.8
1150300 1346.0
1150310 1348.5
1150320 1348.5
1150330 1351.3
1150340 1354.3
1150350 1354.3
1150360 1357.5
1150370 1362.8
1150380 1362.8
1150390 1370.9
1150400 1380.5
1150410 1380.5
1150420 1388.5
1150430 1391.9
1150440 1391.9
1150450 1395.0
1150460 1398.1
1150470 1398.1
1150480 1400.6
1150490 1398.3
1150500 1398.3
1150510 1393.0
1150520 1389.1
1150530 1388.7
1150540 1388.7
1150550 1395.5
1150560 1406.8
1150570 1406.8
1150580 1413.3
1150590 1414.7
1150600 1423.4
1150610 1420.5
1150620 1419.1
1150630 1419.1
1150640 1419.7
1150650 1420.3
1150660 1420.3
1150670 1422.2
1150680 1424.2
1150690 1424.2
1150700 1425.9
1150710 1428.0
1150720 1428.0
1150730 1430.3
1150740 1433.0
1150750 1438.2
1150760 1438.2
1150770 1445.0
1150780 1448.3
1150790 1448.3
1150800 1449.7
1150810 1449.3
1150820 1449.3
1150830 1443.0
1150840 1441.0
1150850 1441.0
1150860 1441.1
1150870 1439.0
1150880 1439.0
1150890 1439.4
1150900 1439.6
1150910 1439.6
1150920 1440.2
1150930 1438.0
1150940 1438.0
1150950 1439.4
1150960 1441.6
1150970 1445.0
1150980 1450.2
1150990 1450.9
1151000 1452.8
1151010 1452.8
1151020 1456.1
1151030 1461.2
1151040 1461.2
1151050 1469.2
1151060 1476.0
1151070 1476.0
1151080 1480.1
1151090 1487.5
1151100 1487.5
1151110 1494.8
1151120 1498.7
1151130 1498.7
1151140 1503.5
1151150 1509.8
1151160 1509.8
1151170 1515.9
1151180 1522.7
1151190 1527.5
1151200 1527.5
1151210 1531.3
1151220 1537.7
1151230 1537.7
1151240 1545.1
1151250 1550.9
1151260 1550.9
1151270 1557.8
1151280 1563.9
1151290 1563.9
1151300 1569.7
1151310 1575.2
1151320 1575.2
1151330 1581.8
1151340 1587.3
1151350 1587.3
1151360 1591.9
1151370 1597.4
1151380 1597.4
1151390 1603.7
1151400 1609.2
1151410 1613.7
1151420 1613.7
1151430 1618.1
1151440 1623.0
1151450 1623.0
1151460 1628.2
1151470 1634.1
1151480 1634.1
1151490 1640.0
1151500 1646.8
1151510 1646.8
1151520 1654.2
1151530 1662.0
1151540 1662.0
1151550 1669.4
1151560 1675.8
1151570 1675.8
1151580 1681.1
1151590 1685.8
1151600 1685.8
1151610 1689.5
1151620 1694.0
1151630 1696.3
1151640 1696.3
1151650 1699.2
1151660 1704.2
1151670 1704.2
1151680 1710.9
1151690 1717.9
1151700 1717.9
1151710 1723.3
1151720 1726.5
1151730 1726.5
1151740 1735.2
1151750 1740.7
1151760 1740.7
1151770 1745.8
1151780 1750.9
1151790 1750.9
1151800 1755.5
1151810 1759.3
1151820 1759.3
1151830 1764.4
1151840 1769.5
1151850 1775.9
1151860 1775.9
1151870 1782.4
1151880 1786.1
1151890 1786.1
1151900 1788.3
1151910 1790.8
1151920 1790.8
1151930 1792.4
1151940 1793.3
1151950 1793.3
1151960 1793.7
1151970 1794.2
1151980 1794.2
1151990 1795.3
1152000 1796.8
1152010 1796.8
1152020 1799.3
1152030 1800.7
1152040 1800.7
1152050 1802.1
1152060 1802.9
1152070 1803.0
1152080 1803.0
1152090 1803.5
1152100 1807.0
1152110 1807.0
1152120 1815.6
1152130 1820.5
1152140 1820.5
1152150 1825.3
1152160 1830.8
1152170 1830.8
1152180 1836.8
1152190 1843.5
1152200 1843.5
1152210 1850.8
1152220 1858.4
1152230 1858.4
1152240 1866.0
1152250 1873.8
1152260 1881.8
1152270 1881.8
1152280 1888.7
1152290 1892.9
1152300 1892.9
1152310 1896.4
1152320 1901.0
1152330 1901.0
1152340 1906.3
1152350 1911.7
1152360 1911.7
1152370 1917.6
1152380 1923.6
1152390 1923.6
1152400 1929.3
1152410 1935.0
1152420 1935.0
1152430 1941.0
1152440 1946.9
1152450 1946.9
1152460 1952.8
1152470 1958.9
1152480 1964.9
1152490 1964.9
1152500 1970.8
1152510 1982.2
1152520 1982.2
1152530 1987.9
1152540 1992.9
1152550 1992.9
1152560 1997.3
1152570 2000.8
1152580 2000.8
1152590 2004.4
1152600 2008.8
1152610 2008.8
1152620 2014.9
1152630 2021.4
1152640 2021.4
1152650 2027.6
1152660 2032.4
1152670 2032.4
1152680 2035.6
1152690 2037.9
1152700 2039.6
1152710 2039.6
1152720 2041.7
1152730 2044.4
1152740 2044.4
1152750 2047.2
1152760 2049.6
1152770 2049.6
1152780 2052.6
1152790 2056.8
1152800 2056.8
1152810 2061.9
1152820 2067.0
1152830 2067.0
1152840 2072.0
1152850 2073.8
1152860 2073.8
1152870 2073.4
1152880 2072.5
1152890 2074.8
1152900 2073.6
1152910 2073.1
1152920 2072.4
1152930 2072.4
1152940 2071.0
1152950 2070.2
1152960 2070.2
1152970 2070.9
1152980 2072.0
1152990 2072.0
1153000 2072.9
1153010 2072.5
1153020 2072.5
1153030 2070.3
1153040 2067.2
1153050 2067.2
1153060 2064.8
1153070 2063.2
1153080 2063.2
1153090 2061.7
1153100 2060.3
1153110 2060.3
1153120 2058.1
1153130 2055.1
1153140 2052.5
1153150 2052.5
1153160 2050.5
1153170 2049.9
1153180 2049.9
1153190 2050.9
1153200 2053.3
1153210 2053.3
1153220 2056.6
1153230 2060.0
1153240 2060.0
1153250 2062.4
1153260 2064.9
1153270 2068.4
1153280 2072.1
1153290 2075.9
1153300 2075.9
1153310 2079.5
1153320 2081.3
1153330 2081.3
1153340 2083.4
1153350 2087.4
1153360 2091.9
1153370 2091.9
1153380 2095.9
1153390 2100.5
1153400 2100.5
1153410 2106.2
1153420 2111.5
1153430 2111.5
1153440 2116.5
1153450 2119.5
1153460 2119.5
1153470 2121.5
1153480 2123.6
1153490 2123.6
1153500 2126.7
1153510 2129.1
1153520 2129.1
1153530 2129.7
1153540 2132.0
1153550 2132.0
1153560 2137.9
1153570 2142.7
1153580 2147.5
1153590 2147.5
1153600 2153.2
1153610 2158.5
1153620 2158.5
1153630 2163.8
1153640 2169.2
1153650 2173.5
1153660 2178.4
1153670 2182.0
1153680 2182.0
1153690 2186.3
1153700 2190.3
1153710 2190.3
1153720 2193.4
1153730 2196.1
1153740 2196.1
1153750 2197.8
1153760 2199.2
1153770 2199.2
1153780 2200.5
1153790 2202.3
1153800 2203.6
1153810 2203.6
1153820 2204.1
1153830 2205.3
1153840 2205.3
1153850 2205.9
1153860 2205.0
1153870 2205.0
1153880 2201.1
1153890 2192.2
1153900 2192.2
1153910 2187.3
1153920 2180.8
1153930 2180.8
1153940 2172.0
1153950 2163.0
1153960 2163.0
1153970 2152.3
1153980 2143.2
1153990 2143.2
1154000 2131.4
1154010 2119.5
1154020 2109.0
1154030 2109.0
1154040 2099.5
1154050 2090.8
1154060 2090.8
1154070 2081.6
1154080 2068.6
1154090 2068.6
1154100 2054.2
1154110 2037.2
1154120 2037.2
1154130 2023.2
1154140 2009.4
1154150 2009.4
1154160 1999.0
1154170 1986.8
1154180 1986.8
1154190 1976.2
1154200 1966.5
1154210 1966.5
1154220 1955.5
1154230 1940.8
1154240 1929.9
1154250 1929.9
1154260 1921.5
1154270 1913.4
1154280 1913.4
1154290 1905.7
1154300 1898.2
1154310 1898.2
1154320 1891.0
1154330 1884.3
1154340 1884.3
1154350 1878.0
1154360 1871.7
1154370 1871.7
1154380 1865.5
1154390 1859.5
1154400 1859.5
1154410 1853.1
1154420 1847.4
1154430 1847.4
1154440 1841.8
1154450 1836.4
1154460 1831.0
1154470 1831.0
1154480 1825.3
1154490 1819.9
1154500 1819.9
1154510 1816.5
1154520 1816.0
1154530 1816.0
1154540 1816.4
1154550 1818.0
1154560 1818.0
1154570 1819.6
1154580 1819.8
1154590 1819.8
1154600 1819.3
1154610 1818.7
1154620 1818.7
1154630 1819.3
1154640 1820.7
1154650 1824.2
1154660 1824.2
1154670 1828.8
1154680 1833.4
1154690 1833.4
1154700 1838.4
1154710 1843.7
1154720 1843.7
1154730 1848.7
1154740 1853.3
1154750 1853.3
1154760 1858.9
1154770 1864.5
1154780 1864.5
1154790 1870.3
1154800 1878.2
1154810 1878.2
1154820 1883.5
1154830 1889.1
1154840 1889.1
1154850 1893.9
1154860 1899.5
1154870 1904.7
1154880 1904.7
1154890 1910.0
1154900 1915.1
1154910 1915.1
1154920 1920.9
1154930 1927.1
1154940 1927.1
1154950 1933.2
1154960 1939.1
1154970 1939.1
1154980 1944.9
1154990 1950.1
1155000 1950.1
1155010 1954.2
1155020 1958.8
1155030 1958.8
1155040 1963.5
1155050 1968.9
1155060 1968.9
1155070 1974.8
1155080 1980.2
1155090 1985.1
1155100 1985.1
1155110 1990.0
1155120 1995.1
1155130 1995.1
1155140 2000.7
1155150 2005.3
1155160 2005.3
1155170 2010.1
1155180 2015.0
1155190 2016.9
1155200 2019.3
1155210 2022.7
1155220 2022.7
1155230 2026.4
1155240 2029.9
1155250 2029.9
1155260 2034.0
1155270 2038.0
1155280 2038.0
1155290 2041.9
1155300 2046.0
1155310 2050.0
1155320 2050.0
1155330 2054.2
1155340 2058.4
1155350 2058.4
1155360 2061.6
1155370 2063.2
1155380 2063.2
1155390 2063.2
1155400 2061.9
1155410 2061.9
1155420 2063.1
1155430 2067.5
1155440 2067.5
1155450 2072.8
1155460 2079.2
1155470 2079.2
1155480 2086.4
1155490 2094.4
1155500 2094.4
1155510 2103.8
1155520 2112.2
1155530 2118.0
1155540 2118.0
1155550 2123.8
1155560 2129.3
1155570 2133.8
1155580 2139.2
1155590 2144.5
1155600 2144.5
1155610 2149.8
1155620 2155.7
1155630 2155.7
1155640 2162.0
1155650 2168.0
1155660 2168.0
1155670 2173.6
1155680 2179.4
1155690 2179.4
1155700 2185.2
1155710 2190.4
1155720 2190.4
1155730 2195.4
1155740 2200.3
1155750 2204.2
1155760 2204.2
1155770 2207.7
1155780 2211.4
1155790 2211.4
1155800 2214.5
1155810 2218.0
1155820 2218.0
1155830 2222.2
1155840 2225.8
1155850 2225.8
1155860 2231.0
1155870 2235.9
1155880 2235.9
1155890 2241.3
1155900 2244.4
1155910 2244.4
1155920 2246.6
1155930 2249.1
1155940 2249.1
1155950 2252.0
1155960 2263.7
1155970 2266.3
1155980 2266.3
1155990 2266.8
1156000 2265.8
1156010 2265.8
1156020 2266.5
1156030 2267.6
1156040 2267.6
1156050 2269.6
1156060 2272.7
1156070 2272.7
1156080 2275.6
1156090 2279.5
1156100 2279.5
1156110 2283.4
1156120 2287.3
1156130 2287.3
1156140 2289.7
1156150 2289.3
1156160 2289.3
1156170 2290.8
1156180 2293.1
1156190 2296.4
1156200 2296.4
1156210 2299.5
1156220 2302.8
1156230 2302.8
1156240 2306.2
1156250 2310.6
1156260 2310.6
1156270 2316.1
1156280 2322.4
1156290 2322.4
1156300 2328.6
1156310 2333.6
1156320 2333.6
1156330 2338.3
1156340 2345.0
1156350 2345.0
1156360 2349.5
1156370 2353.4
1156380 2353.4
1156390 2356.4
1156400 2359.0
1156410 2361.7
1156420 2361.7
1156430 2365.0
1156440 2368.8
1156450 2368.8
1156460 2372.4
1156470 2376.3
1156480 2376.3
1156490 2380.6
1156500 2386.1
1156510 2386.1
1156520 2392.9
1156530 2400.4
1156540 2400.4
1156550 2408.0
1156560 2415.7
1156570 2415.7
1156580 2423.7
1156590 2431.4
1156600 2431.4
1156610 2439.0
1156620 2446.5
1156630 2452.8
1156640 2452.8
1156650 2456.3
1156660 2458.0
1156670 2458.0
1156680 2461.5
1156690 2463.8
1156700 2463.8
1156710 2465.7
1156720 2469.1
1156730 2470.4
1156740 2475.9
1156750 2482.5
1156760 2482.5
1156770 2490.0
1156780 2499.4
1156790 2499.4
1156800 2508.3
1156810 2516.7
1156820 2524.8
1156830 2524.8
1156840 2533.2
1156850 2540.7
1156860 2540.7
1156870 2547.7
1156880 2553.3
1156890 2553.3
1156900 2555.8
1156910 2555.7
1156920 2555.7
1156930 2551.0
1156940 2544.5
1156950 2544.5
1156960 2540.1
1156970 2533.6
1156980 2533.6
1156990 2525.6
1157000 2519.1
1157010 2519.1
1157020 2512.9
1157030 2507.3
1157040 2501.1
1157050 2501.1
1157060 2495.3
1157070 2487.8
1157080 2487.8
1157090 2479.6
1157100 2473.6
1157110 2473.6
1157120 2471.1
1157130 2464.2
1157140 2464.2
1157150 2456.4
1157160 2449.3
1157170 2449.3
1157180 2442.0
1157190 2434.4
1157200 2434.4
1157210 2427.3
1157220 2420.1
1157230 2420.1
1157240 2413.0
1157250 2406.2
1157260 2401.1
1157270 2401.1
1157280 2396.4
1157290 2390.9
1157300 2390.9
1157310 2384.3
1157320 2376.5
1157330 2376.5
1157340 2368.3
1157350 2361.1
1157360 2361.1
1157370 2355.4
1157380 2349.2
1157390 2349.2
1157400 2342.3
1157410 2335.5
1157420 2335.5
1157430 2329.8
1157440 2324.1
1157450 2324.1
1157460 2316.6
1157470 2309.5
1157480 2300.6
1157490 2300.6
1157500 2292.4
1157510 2285.8
1157520 2285.8
1157530 2276.6
1157540 2268.4
1157550 2268.4
1157560 2261.2
1157570 2254.2
1157580 2254.2
1157590 2247.2
1157600 2240.5
1157610 2240.5
1157620 2235.0
1157630 2229.5
1157640 2229.5
1157650 2222.2
1157660 2215.8
1157670 2215.8
1157680 2212.7
1157690 2210.7
1157700 2207.5
1157710 2207.5
1157720 2204.5
1157730 2200.4
1157740 2200.4
1157750 2194.2
1157760 2187.0
1157770 2187.0
1157780 2181.1
1157790 2176.2
1157800 2176.2
1157810 2170.3
1157820 2163.6
1157830 2163.6
1157840 2156.2
1157850 2148.7
1157860 2148.7
1157870 2141.7
1157880 2135.0
1157890 2136.4
1157900 2129.5
1157910 2122.6
1157920 2115.3
1157930 2115.3
1157940 2106.6
1157950 2095.2
1157960 2095.2
1157970 2086.4
1157980 2079.0
1157990 2079.0
1158000 2068.7
1158010 2056.2
1158020 2056.2
1158030 2047.5
1158040 2041.4
1158050 2041.4
1158060 2036.1
1158070 2031.4
1158080 2031.4
1158090 2028.3
1158100 2026.0
1158110 2026.0
1158120 2023.2
1158130 2020.6
1158140 2015.9
1158150 2015.9
1158160 2014.2
1158170 2013.6
1158180 2013.6
1158190 2013.6
1158200 2017.3
1158210 2017.3
1158220 2022.3
1158230 2024.5
1158240 2024.5
1158250 2028.3
1158260 2032.1
1158270 2032.1
1158280 2036.5
1158290 2040.1
1158300 2040.1
1158310 2044.9
1158320 2050.5
1158330 2050.5
1158340 2055.8
1158350 2061.4
1158360 2067.2
1158370 2067.2
1158380 2073.0
1158390 2078.9
1158400 2078.9
1158410 2085.0
1158420 2091.2
1158430 2091.2
1158440 2097.6
1158450 2103.6
1158460 2103.6
1158470 2109.2
1158480 2114.9
1158490 2114.9
1158500 2120.0
1158510 2124.5
1158520 2124.5
1158530 2128.3
1158540 2131.6
1158550 2131.6
1158560 2135.4
1158570 2138.7
1158580 2142.4
1158590 2142.4
1158600 2145.2
1158610 2147.9
1158620 2147.9
1158630 2152.4
1158640 2158.4
1158650 2158.4
1158660 2163.0
1158670 2169.4
1158680 2169.4
1158690 2172.7
1158700 2174.8
1158710 2174.8
1158720 2175.9
1158730 2178.7
1158740 2178.7
1158750 2181.5
1158760 2183.5
1158770 2183.5
1158780 2184.2
1158790 2184.5
1158800 2185.7
1158810 2185.7
1158820 2188.1
1158830 2191.3
1158840 2191.3
1158850 2195.3
1158860 2199.7
1158870 2199.7
1158880 2204.6
1158890 2210.2
1158900 2210.2
1158910 2216.1
1158920 2222.4
1158930 2222.4
1158940 2228.9
1158950 2235.9
1158960 2235.9
1158970 2242.1
1158980 2248.3
1158990 2254.4
1159000 2254.4
1159010 2261.2
1159020 2268.4
1159030 2268.4
1159040 2275.8
1159050 2283.3
1159060 2282.9
1159070 2290.6
1159080 2298.6
1159090 2298.6
1159100 2306.9
1159110 2315.0
1159120 2315.0
1159130 2324.1
1159140 2333.4
1159150 2333.4
1159160 2342.6
1159170 2352.6
1159180 2352.6
1159190 2362.3
1159200 2371.2
1159210 2379.4
1159220 2379.4
1159230 2387.0
1159240 2394.8
1159250 2394.8
1159260 2403.9
1159270 2414.0
1159280 2414.0
1159290 2422.4
1159300 2429.3
1159310 2429.3
1159320 2437.9
1159330 2446.9
1159340 2446.9
1159350 2454.2
1159360 2461.0
1159370 2461.0
1159380 2467.4
1159390 2473.2
1159400 2473.2
1159410 2478.6
1159420 2483.4
1159430 2488.1
1159440 2488.1
1159450 2495.6
1159460 2500.4
1159470 2500.4
1159480 2505.1
1159490 2509.6
1159500 2509.6
1159510 2514.3
1159520 2519.1
1159530 2519.1
1159540 2523.9
1159550 2528.4
1159560 2528.4
1159570 2531.9
1159580 2537.8
1159590 2537.8
1159600 2543.5
1159610 2549.1
1159620 2549.1
1159630 2554.1
1159640 2558.8
1159650 2562.1
1159660 2562.1
1159670 2564.0
1159680 2564.0
1159690 2564.0
1159700 2561.9
1159710 2560.7
1159720 2560.7
1159730 2558.2
1159740 2554.0
1159750 2554.0
1159760 2541.2
1159770 2529.9
1159780 2529.9
1159790 2527.3
1159800 2526.3
1159810 2526.3
1159820 2524.9
1159830 2515.4
1159840 2525.1
1159850 2511.1
1159860 2494.2
1159870 2483.7
1159880 2483.7
1159890 2476.4
1159900 2473.6
1159910 2473.6
1159920 2476.6
1159930 2480.1
1159940 2480.1
1159950 2483.1
1159960 2484.4
1159970 2484.4
1159980 2485.4
1159990 2487.0
