1140000 2592.8
1140010 2591.4
1140020 2591.4
1140030 2590.4
1140040 2589.2
1140050 2589.2
1140060 2588.6
1140070 2588.7
1140080 2588.7
1140090 2589.1
1140100 2595.1
1140110 2595.1
1140120 2595.9
1140130 2596.4
1140140 2596.4
1140150 2596.9
1140160 2597.5
1140170 2598.0
1140180 2598.0
1140190 2598.4
1140200 2598.8
1140210 2598.8
1140220 2599.0
1140230 2599.2
1140240 2599.2
1140250 2599.3
1140260 2599.2
1140270 2599.2
1140280 2599.2
1140290 2598.9
1140300 2598.9
1140310 2598.3
1140320 2597.7
1140330 2597.7
1140340 2597.7
1140350 2598.6
1140360 2598.6
1140370 2600.2
1140380 2602.9
1140390 2609.8
1140400 2609.8
1140410 2620.4
1140420 2627.1
1140430 2627.1
1140440 2635.0
1140450 2644.3
1140460 2644.3
1140470 2661.7
1140480 2673.0
1140490 2673.0
1140500 2678.1
1140510 2680.6
1140520 2680.6
1140530 2678.9
1140540 2678.7
1140550 2678.7
1140560 2678.4
1140570 2677.3
1140580 2677.3
1140590 2677.5
1140600 2677.7
1140610 2676.7
1140620 2676.7
1140630 2675.1
1140640 2675.3
1140650 2675.3
1140660 2675.8
1140670 2675.9
1140680 2675.9
1140690 2677.1
1140700 2679.6
1140710 2679.6
1140720 2683.3
1140730 2685.7
1140740 2685.7
1140750 2686.2
1140760 2687.4
1140770 2687.4
1140780 2689.3
1140790 2687.9
1140800 2687.9
1140810 2686.3
1140820 2686.3
1140830 2686.6
1140840 2688.2
1140850 2689.3
1140860 2690.7
1140870 2690.7
1140880 2692.6
1140890 2694.9
1140900 2694.9
1140910 2697.7
1140920 2701.1
1140930 2701.1
1140940 2705.6
1140950 2710.2
1140960 2710.2
1140970 2715.8
1140980 2722.9
1140990 2722.9
1141000 2731.9
1141010 2743.7
1141020 2743.7
1141030 2752.9
1141040 2762.1
1141050 2771.9
1141060 2771.9
1141070 2779.4
1141080 2778.1
1141090 2778.1
1141100 2772.3
1141110 2766.5
1141120 2766.5
1141130 2761.0
1141140 2756.4
1141150 2756.4
1141160 2750.9
1141170 2744.1
1141180 2744.1
1141190 2736.4
1141200 2731.3
1141210 2736.8
1141220 2732.8
1141230 2729.9
1141240 2729.9
1141250 2727.5
1141260 2724.1
1141270 2721.5
1141280 2721.5
1141290 2719.0
1141300 2717.7
1141310 2717.7
1141320 2716.0
1141330 2712.3
1141340 2712.3
1141350 2708.6
1141360 2703.4
1141370 2703.4
1141380 2698.1
1141390 2692.1
1141400 2692.1
1141410 2686.7
1141420 2682.0
1141430 2682.0
1141440 2680.6
1141450 2682.9
1141460 2682.9
1141470 2684.8
1141480 2685.3
1141490 2683.0
1141500 2683.0
1141510 2679.6
1141520 2677.2
1141530 2677.2
1141540 2674.9
1141550 2674.5
1141560 2674.5
1141570 2673.9
1141580 2680.6
1141590 2680.6
1141600 2685.6
1141610 2694.4
1141620 2694.4
1141630 2700.8
1141640 2704.2
1141650 2704.2
1141660 2705.8
1141670 2714.5
1141680 2714.5
1141690 2726.0
1141700 2733.0
1141710 2743.3
1141720 2743.3
1141730 2745.8
1141740 2739.0
1141750 2739.0
1141760 2717.7
1141770 2701.5
1141780 2701.5
1141790 2693.5
1141800 2689.0
1141810 2689.0
1141820 2685.9
1141830 2680.6
1141840 2680.6
1141850 2682.7
1141860 2685.6
1141870 2685.6
1141880 2689.1
1141890 2692.7
1141900 2692.7
1141910 2694.9
1141920 2698.0
1141930 2699.7
1141940 2699.7
1141950 2714.2
1141960 2714.1
1141970 2714.1
1141980 2717.8
1141990 2719.8
1142000 2719.8
1142010 2719.6
1142020 2723.9
1142030 2723.9
1142040 2733.7
1142050 2742.5
1142060 2742.5
1142070 2748.2
1142080 2746.8
1142090 2746.8
1142100 2747.6
1142110 2749.3
1142120 2749.3
1142130 2754.0
1142140 2758.1
1142150 2760.6
1142160 2760.6
1142170 2764.4
1142180 2769.9
1142190 2769.9
1142200 2775.0
1142210 2774.6
1142220 2774.6
1142230 2775.8
1142240 2777.4
1142250 2777.4
1142260 2776.2
1142270 2775.6
1142280 2775.6
1142290 2772.4
1142300 2771.5
1142310 2771.5
1142320 2759.3
1142330 2767.1
1142340 2767.1
1142350 2772.9
1142360 2774.0
1142370 2773.5
1142380 2773.5
1142390 2772.6
1142400 2776.6
1142410 2776.6
1142420 2784.1
1142430 2792.3
1142440 2792.3
1142450 2800.4
1142460 2808.3
1142470 2808.3
1142480 2813.4
1142490 2819.6
1142500 2819.6
1142510 2835.4
1142520 2843.4
1142530 2843.4
1142540 2845.5
1142550 2847.8
1142560 2847.8
1142570 2850.3
1142580 2852.0
1142590 2854.5
1142600 2854.5
1142610 2858.6
1142620 2861.3
1142630 2861.3
1142640 2864.0
1142650 2867.6
1142660 2867.6
1142670 2871.1
1142680 2874.7
1142690 2868.5
1142700 2872.9
1142710 2877.8
1142720 2877.8
1142730 2883.5
1142740 2890.2
1142750 2890.2
1142760 2896.9
1142770 2904.5
1142780 2904.5
1142790 2906.4
1142800 2911.3
1142810 2917.6
1142820 2917.6
1142830 2924.3
1142840 2932.2
1142850 2932.2
1142860 2941.1
1142870 2944.5
1142880 2944.5
1142890 2949.4
1142900 2955.7
1142910 2955.7
1142920 2960.9
1142930 2966.8
1142940 2966.8
1142950 2972.5
1142960 2977.1
1142970 2977.1
1142980 2982.6
1142990 2989.2
1143000 2989.2
1143010 2995.6
1143020 3001.5
1143030 3007.0
1143040 3007.0
1143050 3005.6
1143060 3000.3
1143070 3000.3
1143080 3009.6
1143090 3015.2
1143100 3015.2
1143110 3010.2
1143120 2982.7
1143130 2982.7
1143140 2943.7
1143150 2930.5
1143160 2930.5
1143170 2916.0
1143180 2892.9
1143190 2892.9
1143200 2871.1
1143210 2837.9
1143220 2802.6
1143230 2802.6
1143240 2783.1
1143250 2770.3
1143260 2770.3
1143270 2760.6
1143280 2749.5
1143290 2749.5
1143300 2735.9
1143310 2724.4
1143320 2724.4
1143330 2712.3
1143340 2704.5
1143350 2704.5
1143360 2696.0
1143370 2686.3
1143380 2686.3
1143390 2679.2
1143400 2673.5
1143410 2673.5
1143420 2667.2
1143430 2658.5
1143440 2652.9
1143450 2652.9
1143460 2647.3
1143470 2640.9
1143480 2640.9
1143490 2634.9
1143500 2629.1
1143510 2629.1
1143520 2623.2
1143530 2617.3
1143540 2617.3
1143550 2611.2
1143560 2605.4
1143570 2605.4
1143580 2599.5
1143590 2593.8
1143600 2593.8
1143610 2588.1
1143620 2582.8
1143630 2582.8
1143640 2577.7
1143650 2572.4
1143660 2567.4
1143670 2567.4
1143680 2563.0
1143690 2559.5
1143700 2559.5
1143710 2556.3
1143720 2553.0
1143730 2553.0
1143740 2550.0
1143750 2546.5
1143760 2546.5
1143770 2542.2
1143780 2537.1
1143790 2537.1
1143800 2527.2
1143810 2523.4
1143820 2523.4
1143830 2519.7
1143840 2516.1
1143850 2516.1
1143860 2513.3
1143870 2510.3
1143880 2507.3
1143890 2507.3
1143900 2505.8
1143910 2503.9
1143920 2503.9
1143930 2501.5
1143940 2497.7
1143950 2497.7
1143960 2497.5
1143970 2501.0
1143980 2501.0
1143990 2501.2
1144000 2497.9
1144010 2497.9
1144020 2494.8
1144030 2495.9
1144040 2495.9
1144050 2497.4
1144060 2495.8
1144070 2495.8
1144080 2492.5
1144090 2489.7
1144100 2490.7
1144110 2490.7
1144120 2493.0
1144130 2495.3
1144140 2495.3
1144150 2496.1
1144160 2497.1
1144170 2492.7
1144180 2493.3
1144190 2492.0
1144200 2492.0
1144210 2489.0
1144220 2487.0
1144230 2487.0
1144240 2486.4
1144250 2487.1
1144260 2487.1
1144270 2485.0
1144280 2480.6
1144290 2480.6
1144300 2476.5
1144310 2472.7
1144320 2468.8
1144330 2468.8
1144340 2465.1
1144350 2460.0
1144360 2460.0
1144370 2453.2
1144380 2446.2
1144390 2446.2
1144400 2438.7
1144410 2432.2
1144420 2432.2
1144430 2426.7
1144440 2420.9
1144450 2420.9
1144460 2417.5
1144470 2415.6
1144480 2415.6
1144490 2412.9
1144500 2410.5
1144510 2410.5
1144520 2409.2
1144530 2407.9
1144540 2405.9
1144550 2405.9
1144560 2404.2
1144570 2401.7
1144580 2401.7
1144590 2399.5
1144600 2398.5
1144610 2398.5
1144620 2395.9
1144630 2391.6
1144640 2391.6
1144650 2388.4
1144660 2387.4
1144670 2387.4
1144680 2388.5
1144690 2391.4
1144700 2391.4
1144710 2394.9
1144720 2398.3
1144730 2398.3
1144740 2401.2
1144750 2405.1
1144760 2409.5
1144770 2409.5
1144780 2414.4
1144790 2418.5
1144800 2418.5
1144810 2421.6
1144820 2424.4
1144830 2424.4
1144840 2427.7
1144850 2430.4
1144860 2430.4
1144870 2432.2
1144880 2432.9
1144890 2432.9
1144900 2433.7
1144910 2434.2
1144920 2430.3
1144930 2430.8
1144940 2431.0
1144950 2431.0
1144960 2431.3
1144970 2430.4
1144980 2428.4
1144990 2428.4
1145000 2425.4
1145010 2421.7
1145020 2421.7
1145030 2418.7
1145040 2415.6
1145050 2415.6
1145060 2412.3
1145070 2409.5
1145080 2409.5
1145090 2407.1
1145100 2404.7
1145110 2404.7
1145120 2402.4
1145130 2400.6
1145140 2400.6
1145150 2398.7
1145160 2398.2
1145170 2398.2
1145180 2396.7
1145190 2397.9
1145200 2397.6
1145210 2397.6
1145220 2401.1
1145230 2403.4
1145240 2403.4
1145250 2404.6
1145260 2405.9
1145270 2405.9
1145280 2406.7
1145290 2406.6
1145300 2406.6
1145310 2405.8
1145320 2406.8
1145330 2406.8
1145340 2408.2
1145350 2408.4
1145360 2408.4
1145370 2408.1
1145380 2407.4
1145390 2407.4
1145400 2406.3
1145410 2404.0
1145420 2405.4
1145430 2405.4
1145440 2408.9
1145450 2411.7
1145460 2411.7
1145470 2414.3
1145480 2416.3
1145490 2416.3
1145500 2417.1
1145510 2418.4
1145520 2418.4
1145530 2421.2
1145540 2425.0
1145550 2425.0
1145560 2428.0
1145570 2431.5
1145580 2431.5
1145590 2436.7
1145600 2442.7
1145610 2442.7
1145620 2450.2
1145630 2457.7
1145640 2464.0
1145650 2464.0
1145660 2468.6
1145670 2470.8
1145680 2470.8
1145690 2476.8
1145700 2478.9
1145710 2478.9
1145720 2480.6
1145730 2483.4
1145740 2483.4
1145750 2487.5
1145760 2492.8
1145770 2492.8
1145780 2498.4
1145790 2504.6
1145800 2504.6
1145810 2511.6
1145820 2517.9
1145830 2517.9
1145840 2523.7
1145850 2530.5
1145860 2533.8
1145870 2533.8
1145880 2534.7
1145890 2535.0
1145900 2535.0
1145910 2533.1
1145920 2528.8
1145930 2528.8
1145940 2523.4
1145950 2518.4
1145960 2518.4
1145970 2516.0
1145980 2512.0
1145990 2512.0
1146000 2507.9
1146010 2505.4
1146020 2505.4
1146030 2503.6
1146040 2500.5
1146050 2500.5
1146060 2499.7
1146070 2500.4
1146080 2500.8
1146090 2500.8
1146100 2499.9
1146110 2497.8
1146120 2497.8
1146130 2495.4
1146140 2494.0
1146150 2494.0
1146160 2492.3
1146170 2489.9
1146180 2489.9
1146190 2487.1
1146200 2484.3
1146210 2484.3
1146220 2481.3
1146230 2479.2
1146240 2479.2
1146250 2478.3
1146260 2477.2
1146270 2477.2
1146280 2475.7
1146290 2474.0
1146300 2470.9
1146310 2470.9
1146320 2465.4
1146330 2459.6
1146340 2459.6
1146350 2454.4
1146360 2449.3
1146370 2449.3
1146380 2444.9
1146390 2442.2
1146400 2442.2
1146410 2440.2
1146420 2436.2
1146430 2436.2
1146440 2435.9
1146450 2437.0
1146460 2437.0
1146470 2437.9
1146480 2439.0
1146490 2439.0
1146500 2436.9
1146510 2433.4
1146520 2432.6
1146530 2432.6
1146540 2432.5
1146550 2431.2
1146560 2431.2
1146570 2429.6
1146580 2428.7
1146590 2428.7
1146600 2428.6
1146610 2428.9
1146620 2428.9
1146630 2428.6
1146640 2427.3
1146650 2427.3
1146660 2425.0
1146670 2422.3
1146680 2422.3
1146690 2421.1
1146700 2421.5
1146710 2421.5
1146720 2421.9
1146730 2422.8
1146740 2424.7
1146750 2424.7
1146760 2426.8
1146770 2429.1
1146780 2429.1
1146790 2425.9
1146800 2427.2
1146810 2427.2
1146820 2428.2
1146830 2428.7
1146840 2428.7
1146850 2428.9
1146860 2430.1
1146870 2430.1
1146880 2436.3
1146890 2455.0
1146900 2455.0
1146910 2467.1
1146920 2474.3
1146930 2474.3
1146940 2480.8
1146950 2489.8
1146960 2498.2
1146970 2498.2
1146980 2512.9
1146990 2519.6
1147000 2519.6
1147010 2520.9
1147020 2521.6
1147030 2521.6
1147040 2525.7
1147050 2526.0
1147060 2526.0
1147070 2529.7
1147080 2540.7
1147090 2540.7
1147100 2550.1
1147110 2548.3
1147120 2548.3
1147130 2540.7
1147140 2530.0
1147150 2530.0
1147160 2518.7
1147170 2506.0
1147180 2499.6
1147190 2499.6
1147200 2493.8
1147210 2488.2
1147220 2488.2
1147230 2482.4
1147240 2476.8
1147250 2476.8
1147260 2471.5
1147270 2465.8
1147280 2465.8
1147290 2459.9
1147300 2453.7
1147310 2453.7
1147320 2447.5
1147330 2440.3
1147340 2440.3
1147350 2433.3
1147360 2426.9
1147370 2426.9
1147380 2421.8
1147390 2418.4
1147400 2416.9
1147410 2416.9
1147420 2419.8
1147430 2421.9
1147440 2421.9
1147450 2420.5
1147460 2419.4
1147470 2419.4
1147480 2418.0
1147490 2415.5
1147500 2415.5
1147510 2411.7
1147520 2407.0
1147530 2407.0
1147540 2399.4
1147550 2393.9
1147560 2393.9
1147570 2388.9
1147580 2384.6
1147590 2384.6
1147600 2378.1
1147610 2365.5
1147620 2352.2
1147630 2352.2
1147640 2337.3
1147650 2323.8
1147660 2323.8
1147670 2312.9
1147680 2301.8
1147690 2301.8
1147700 2289.9
1147710 2281.8
1147720 2281.8
1147730 2271.5
1147740 2261.0
1147750 2261.0
1147760 2255.6
1147770 2258.5
1147780 2258.5
1147790 2255.9
1147800 2249.7
1147810 2249.7
1147820 2245.5
1147830 2244.9
1147840 2246.5
1147850 2246.5
1147860 2246.1
1147870 2243.5
1147880 2243.5
1147890 2237.8
1147900 2232.1
1147910 2232.1
1147920 2221.3
1147930 2218.1
1147940 2218.1
1147950 2216.0
1147960 2212.9
1147970 2212.9
1147980 2206.6
1147990 2199.0
1148000 2199.0
1148010 2193.6
1148020 2190.4
1148030 2186.7
1148040 2186.7
1148050 2180.3
1148060 2171.3
1148070 2171.3
1148080 2164.8
1148090 2158.0
1148100 2158.0
1148110 2151.9
1148120 2140.5
1148130 2140.5
1148140 2128.6
1148150 2126.6
1148160 2126.6
1148170 2125.5
1148180 2123.9
1148190 2123.9
1148200 2120.0
1148210 2117.1
1148220 2117.1
1148230 2115.8
1148240 2111.8
1148250 2088.8
1148260 2088.8
1148270 2075.0
1148280 2074.9
1148290 2074.9
1148300 2062.9
1148310 2060.9
1148320 2060.9
1148330 2059.6
1148340 2058.7
1148350 2058.7
1148360 2040.4
1148370 2023.4
1148380 2023.4
1148390 2015.8
1148400 2013.7
1148410 2013.7
1148420 2009.4
1148430 2006.9
1148440 2006.9
1148450 2005.5
1148460 2009.0
1148470 2010.5
1148480 2010.5
1148490 2007.9
1148500 1994.8
1148510 1994.8
1148520 1980.5
1148530 1970.4
1148540 1970.4
1148550 1966.1
1148560 1963.6
1148570 1963.6
1148580 1956.9
1148590 1953.6
1148600 1953.6
1148610 1950.7
1148620 1946.9
1148630 1946.9
1148640 1940.8
1148650 1931.7
1148660 1931.7
1148670 1925.0
1148680 1917.9
1148690 1911.4
1148700 1911.4
1148710 1904.4
1148720 1893.8
1148730 1893.8
1148740 1876.9
1148750 1863.7
1148760 1863.7
1148770 1853.9
1148780 1841.4
1148790 1841.4
1148800 1829.7
1148810 1823.2
1148820 1823.2
1148830 1821.8
1148840 1820.5
1148850 1820.5
1148860 1817.7
1148870 1814.2
1148880 1814.2
1148890 1813.2
1148900 1810.4
1148910 1807.4
1148920 1807.4
1148930 1804.9
1148940 1803.0
1148950 1803.0
1148960 1803.0
1148970 1804.4
1148980 1804.4
1148990 1805.5
1149000 1805.4
1149010 1805.4
1149020 1803.8
1149030 1801.8
1149040 1801.8
1149050 1792.2
1149060 1785.6
1149070 1785.6
1149080 1773.3
1149090 1764.1
1149100 1764.1
1149110 1754.2
1149120 1745.8
1149130 1747.8
1149140 1747.8
1149150 1748.1
1149160 1750.2
1149170 1750.2
1149180 1752.7
1149190 1752.4
1149200 1752.4
1149210 1752.1
1149220 1752.4
1149230 1752.4
1149240 1754.0
1149250 1756.2
1149260 1756.2
1149270 1758.1
1149280 1759.8
1149290 1759.8
1149300 1761.8
1149310 1763.4
1149320 1763.4
1149330 1763.6
1149340 1764.1
1149350 1763.1
1149360 1763.1
1149370 1759.4
1149380 1751.4
1149390 1751.4
1149400 1742.8
1149410 1733.1
1149420 1733.1
1149430 1717.5
1149440 1701.2
1149450 1701.2
1149460 1672.3
1149470 1665.1
1149480 1665.1
1149490 1665.9
1149500 1668.6
1149510 1668.6
1149520 1670.3
1149530 1668.8
1149540 1668.8
1149550 1659.5
1149560 1647.3
1149570 1641.2
1149580 1641.2
1149590 1636.2
1149600 1633.2
1149610 1633.2
1149620 1630.1
1149630 1625.4
1149640 1625.4
1149650 1620.2
1149660 1612.5
1149670 1612.5
1149680 1606.5
1149690 1602.2
1149700 1602.2
1149710 1600.4
1149720 1591.8
1149730 1591.8
1149740 1589.2
1149750 1581.7
1149760 1581.7
1149770 1565.3
1149780 1557.6
1149790 1537.9
1149800 1537.9
1149810 1515.3
1149820 1508.8
1149830 1508.8
1149840 1504.0
1149850 1499.6
1149860 1499.6
1149870 1494.8
1149880 1489.7
1149890 1489.7
1149900 1484.7
1149910 1479.5
1149920 1479.5
1149930 1475.3
1149940 1470.9
1149950 1470.9
1149960 1457.9
1149970 1447.8
1149980 1447.8
1149990 1446.8
1150000 1447.0
1150010 1445.2
1150020 1445.2
1150030 1444.4
1150040 1444.3
1150050 1444.3
1150060 1443.8
1150070 1437.4
1150080 1437.4
1150090 1431.2
1150100 1427.8
1150110 1427.8
1150120 1426.3
1150130 1423.4
1150140 1423.4
1150150 1418.3
1150160 1411.4
1150170 1411.4
1150180 1405.5
1150190 1396.7
1150200 1396.7
1150210 1387.5
1150220 1377.2
1150230 1371.0
1150240 1371.0
1150250 1366.3
1150260 1361.3
1150270 1361.3
1150280 1356.2
1150290 1351.1
1150300 1351.1
1150310 1346.0
1150320 1341.7
1150330 1341.7
1150340 1336.5
1150350 1329.7
1150360 1329.7
1150370 1323.6
1150380 1318.5
1150390 1318.5
1150400 1315.5
1150410 1313.9
1150420 1313.9
1150430 1311.9
1150440 1309.8
1150450 1308.4
1150460 1308.4
1150470 1307.3
1150480 1306.0
1150490 1306.0
1150500 1302.0
1150510 1296.9
1150520 1296.9
1150530 1293.3
1150540 1292.5
1150550 1292.5
1150560 1294.6
1150570 1291.5
1150580 1291.5
1150590 1292.5
1150600 1288.6
1150610 1288.6
1150620 1284.1
1150630 1280.4
1150640 1280.4
1150650 1277.1
1150660 1273.5
1150670 1269.2
1150680 1269.2
1150690 1263.0
1150700 1258.6
1150710 1258.6
1150720 1254.7
1150730 1250.5
1150740 1250.5
1150750 1246.9
1150760 1241.2
1150770 1241.2
1150780 1236.6
1150790 1235.4
1150800 1235.4
1150810 1234.6
1150820 1233.2
1150830 1233.2
1150840 1232.8
1150850 1233.9
1150860 1233.9
1150870 1237.7
1150880 1240.1
1150890 1239.6
1150900 1239.6
1150910 1239.7
1150920 1243.4
1150930 1243.4
1150940 1247.9
1150950 1256.9
1150960 1256.9
1150970 1257.4
1150980 1256.4
1150990 1256.4
1151000 1256.6
1151010 1258.4
1151020 1258.4
1151030 1260.7
1151040 1263.2
1151050 1263.2
1151060 1265.7
1151070 1268.6
1151080 1268.6
1151090 1272.4
1151100 1275.9
1151110 1279.5
1151120 1279.5
1151130 1282.8
1151140 1285.6
1151150 1285.6
1151160 1288.7
1151170 1292.3
1151180 1292.3
1151190 1294.7
1151200 1297.8
1151210 1297.8
1151220 1301.0
1151230 1302.8
1151240 1302.8
1151250 1304.1
1151260 1305.0
1151270 1305.0
1151280 1305.2
1151290 1306.2
1151300 1306.2
1151310 1308.2
1151320 1310.6
1151330 1317.8
1151340 1317.8
1151350 1320.2
1151360 1322.7
1151370 1322.7
1151380 1325.7
1151390 1328.3
1151400 1328.3
1151410 1329.2
1151420 1330.5
1151430 1330.5
1151440 1332.8
1151450 1334.1
1151460 1334.1
1151470 1335.8
1151480 1338.9
1151490 1338.9
1151500 1343.7
1151510 1348.6
1151520 1348.6
1151530 1352.4
1151540 1356.1
1151550 1360.7
1151560 1360.7
1151570 1365.3
1151580 1370.0
1151590 1370.0
1151600 1375.2
1151610 1381.0
1151620 1381.0
1151630 1386.6
1151640 1392.2
1151650 1392.2
1151660 1397.2
1151670 1401.1
1151680 1401.1
1151690 1405.4
1151700 1410.3
1151710 1417.0
1151720 1420.5
1151730 1422.9
1151740 1422.9
1151750 1426.2
1151760 1429.3
1151770 1433.2
1151780 1433.2
1151790 1438.6
1151800 1443.8
1151810 1443.8
1151820 1448.3
1151830 1451.5
1151840 1451.5
1151850 1454.2
1151860 1456.8
1151870 1456.8
1151880 1459.8
1151890 1463.6
1151900 1463.6
1151910 1468.2
1151920 1470.3
1151930 1470.3
1151940 1471.5
1151950 1477.5
1151960 1477.5
1151970 1480.9
1151980 1481.4
1151990 1483.2
1152000 1483.2
1152010 1487.5
1152020 1493.7
1152030 1493.7
1152040 1501.4
1152050 1506.6
1152060 1506.6
1152070 1504.6
1152080 1500.2
1152090 1508.9
1152100 1510.5
1152110 1517.1
1152120 1517.1
1152130 1519.6
1152140 1519.2
1152150 1519.2
1152160 1518.0
1152170 1519.0
1152180 1521.8
1152190 1521.8
1152200 1525.7
1152210 1528.1
1152220 1528.1
1152230 1530.6
1152240 1535.6
1152250 1535.6
1152260 1541.0
1152270 1545.1
1152280 1545.1
1152290 1549.4
1152300 1554.9
1152310 1554.9
1152320 1559.2
1152330 1565.4
1152340 1565.4
1152350 1571.1
1152360 1575.4
1152370 1575.4
1152380 1578.6
1152390 1581.5
1152400 1584.4
1152410 1584.4
1152420 1586.7
1152430 1588.3
1152440 1588.3
1152450 1591.1
1152460 1594.0
1152470 1599.5
1152480 1602.5
1152490 1604.2
1152500 1604.2
1152510 1605.9
1152520 1607.7
1152530 1607.7
1152540 1608.9
1152550 1610.3
1152560 1610.3
1152570 1611.8
1152580 1613.4
1152590 1613.4
1152600 1614.2
1152610 1613.4
1152620 1609.0
1152630 1609.0
1152640 1602.0
1152650 1604.5
1152660 1604.5
1152670 1611.2
1152680 1616.3
1152690 1616.3
1152700 1621.4
1152710 1627.4
1152720 1627.4
1152730 1633.3
1152740 1641.2
1152750 1641.2
1152760 1649.4
1152770 1658.3
1152780 1658.3
1152790 1669.2
1152800 1677.5
1152810 1677.5
1152820 1682.8
1152830 1686.7
1152840 1688.7
1152850 1697.1
1152860 1700.3
1152870 1702.7
1152880 1702.7
1152890 1702.8
1152900 1705.7
1152910 1705.7
1152920 1710.8
1152930 1714.2
1152940 1714.2
1152950 1716.6
1152960 1718.4
1152970 1718.4
1152980 1719.4
1152990 1720.3
1153000 1720.3
1153010 1721.5
1153020 1722.6
1153030 1722.6
1153040 1723.0
1153050 1723.0
1153060 1722.1
1153070 1722.1
1153080 1721.8
1153090 1721.5
1153100 1721.5
1153110 1722.9
1153120 1728.6
1153130 1728.6
1153140 1735.6
1153150 1740.6
1153160 1740.6
1153170 1745.8
1153180 1751.0
1153190 1751.0
1153200 1755.8
1153210 1760.2
1153220 1760.2
1153230 1772.7
1153240 1777.6
1153250 1777.6
1153260 1779.9
1153270 1784.6
1153280 1791.6
1153290 1791.6
1153300 1796.9
1153310 1801.6
1153320 1801.6
1153330 1806.7
1153340 1811.5
1153350 1811.5
1153360 1815.8
1153370 1820.0
1153380 1820.0
1153390 1824.5
1153400 1828.3
1153410 1828.3
1153420 1831.1
1153430 1834.6
1153440 1834.6
1153450 1838.2
1153460 1841.4
1153470 1841.4
1153480 1845.7
1153490 1850.6
1153500 1854.8
1153510 1854.8
1153520 1858.4
1153530 1862.8
1153540 1862.8
1153550 1867.5
1153560 1871.5
1153570 1871.5
1153580 1875.5
1153590 1880.3
1153600 1880.3
1153610 1884.9
1153620 1893.6
1153630 1893.6
1153640 1897.2
1153650 1900.6
1153660 1900.6
1153670 1903.8
1153680 1906.5
1153690 1906.5
1153700 1906.8
1153710 1908.5
1153720 1910.1
1153730 1910.1
1153740 1913.3
1153750 1919.3
1153760 1919.3
1153770 1925.2
1153780 1930.3
1153790 1930.3
1153800 1934.6
1153810 1938.8
1153820 1938.8
1153830 1942.1
1153840 1944.9
1153850 1944.9
1153860 1946.6
1153870 1948.6
1153880 1948.6
1153890 1951.6
1153900 1954.4
1153910 1954.4
1153920 1955.8
1153930 1956.9
1153940 1959.1
1153950 1959.1
1153960 1961.6
1153970 1965.1
1153980 1965.1
1153990 1969.0
1154000 1977.1
1154010 1977.1
1154020 1982.0
1154030 1987.0
1154040 1987.0
1154050 1991.6
1154060 1995.3
1154070 1995.3
1154080 1998.6
1154090 2001.9
1154100 2001.9
1154110 2005.4
1154120 2008.8
1154130 2008.8
1154140 2012.3
1154150 2015.8
1154160 2019.5
1154170 2019.5
1154180 2023.3
1154190 2026.8
1154200 2026.8
1154210 2029.7
1154220 2032.1
1154230 2032.1
1154240 2033.8
1154250 2033.1
1154260 2033.1
1154270 2026.6
1154280 2014.0
1154290 2014.0
1154300 2000.3
1154310 1990.1
1154320 1990.1
1154330 1978.3
1154340 1967.4
1154350 1967.4
1154360 1957.7
1154370 1947.8
1154380 1937.7
1154390 1937.7
1154400 1927.7
1154410 1918.2
1154420 1918.2
1154430 1908.3
1154440 1898.0
1154450 1898.0
1154460 1885.9
1154470 1874.7
1154480 1874.7
1154490 1865.3
1154500 1855.4
1154510 1855.4
1154520 1846.6
1154530 1838.0
1154540 1838.0
1154550 1830.3
1154560 1820.6
1154570 1820.6
1154580 1811.4
1154590 1803.2
1154600 1794.8
1154610 1794.8
1154620 1786.9
1154630 1779.3
1154640 1779.3
1154650 1772.4
1154660 1766.3
1154670 1766.3
1154680 1760.3
1154690 1754.2
1154700 1754.2
1154710 1747.4
1154720 1741.0
1154730 1741.0
1154740 1734.6
1154750 1730.6
1154760 1730.6
1154770 1729.1
1154780 1729.8
1154790 1729.8
1154800 1731.2
1154810 1734.5
1154820 1739.1
1154830 1739.1
1154840 1743.5
1154850 1747.2
1154860 1747.2
1154870 1751.7
1154880 1754.4
1154890 1754.4
1154900 1756.4
1154910 1758.6
1154920 1758.6
1154930 1761.3
1154940 1764.1
1154950 1764.1
1154960 1766.8
1154970 1769.4
1154980 1769.4
1154990 1772.2
1155000 1775.2
1155010 1775.2
1155020 1779.2
1155030 1782.5
1155040 1786.2
1155050 1786.2
1155060 1790.1
1155070 1795.7
1155080 1795.7
1155090 1803.8
1155100 1811.2
1155110 1811.2
1155120 1817.8
1155130 1824.4
1155140 1824.4
1155150 1834.1
1155160 1840.7
1155170 1840.7
1155180 1847.1
1155190 1853.5
1155200 1853.5
1155210 1860.6
1155220 1868.3
1155230 1868.3
1155240 1875.6
1155250 1880.7
1155260 1885.9
1155270 1885.9
1155280 1891.3
1155290 1895.9
1155300 1895.9
1155310 1899.3
1155320 1904.7
1155330 1904.7
1155340 1910.2
1155350 1915.5
1155360 1915.5
1155370 1921.8
1155380 1926.9
1155390 1926.9
1155400 1931.8
1155410 1936.4
1155420 1936.4
1155430 1941.1
1155440 1946.0
1155450 1946.0
1155460 1950.8
1155470 1952.9
1155480 1956.1
1155490 1956.1
1155500 1960.0
1155510 1962.3
1155520 1962.3
1155530 1964.2
1155540 1970.9
1155550 1970.9
1155560 1972.4
1155570 1974.1
1155580 1974.1
1155590 1976.8
1155600 1980.3
1155610 1980.3
1155620 1985.4
1155630 1991.3
1155640 1991.3
1155650 1998.3
1155660 2004.6
1155670 2004.6
1155680 2010.1
1155690 2014.9
1155700 2020.8
1155710 2020.8
1155720 2028.1
1155730 2033.8
1155740 2033.8
1155750 2039.3
1155760 2047.0
1155770 2047.0
1155780 2052.5
1155790 2058.2
1155800 2058.2
1155810 2064.5
1155820 2069.8
1155830 2069.8
1155840 2075.9
1155850 2080.8
1155860 2080.8
1155870 2084.8
1155880 2088.8
1155890 2093.6
1155900 2093.6
1155910 2098.2
1155920 2102.9
1155930 2102.9
1155940 2106.5
1155950 2110.2
1155960 2110.2
1155970 2114.7
1155980 2119.0
1155990 2119.0
1156000 2123.3
1156010 2127.5
1156020 2127.5
1156030 2131.9
1156040 2136.6
1156050 2136.6
1156060 2140.8
1156070 2143.9
1156080 2143.9
1156090 2146.2
1156100 2150.8
1156110 2156.7
1156120 2156.7
1156130 2162.8
1156140 2169.1
1156150 2169.1
1156160 2174.4
1156170 2179.6
1156180 2179.6
1156190 2184.5
1156200 2188.3
1156210 2188.3
1156220 2192.0
1156230 2196.2
1156240 2196.2
1156250 2200.1
1156260 2204.2
1156270 2204.2
1156280 2208.7
1156290 2213.1
1156300 2213.1
1156310 2219.6
1156320 2224.4
1156330 2229.6
1156340 2229.6
1156350 2235.1
1156360 2240.9
1156370 2240.9
1156380 2245.8
1156390 2250.4
1156400 2250.4
1156410 2254.9
1156420 2259.2
1156430 2259.2
1156440 2262.7
1156450 2265.1
1156460 2265.1
1156470 2268.4
1156480 2274.2
1156490 2274.2
1156500 2280.7
1156510 2287.0
1156520 2287.0
1156530 2293.0
1156540 2298.1
1156550 2302.0
1156560 2302.0
1156570 2305.3
1156580 2309.4
1156590 2309.4
1156600 2313.4
1156610 2318.4
1156620 2318.4
1156630 2325.5
1156640 2331.4
1156650 2331.4
1156660 2335.6
1156670 2338.9
1156680 2338.9
1156690 2342.2
1156700 2345.6
1156710 2345.6
1156720 2348.6
1156730 2353.1
1156740 2353.1
1156750 2359.3
1156760 2365.4
1156770 2371.3
1156780 2371.3
1156790 2377.3
1156800 2384.1
1156810 2384.1
1156820 2391.3
1156830 2398.5
1156840 2398.5
1156850 2404.6
1156860 2409.7
1156870 2409.7
1156880 2414.1
1156890 2417.9
1156900 2417.9
1156910 2421.4
1156920 2424.5
1156930 2424.5
1156940 2427.0
1156950 2431.6
1156960 2431.6
1156970 2437.3
1156980 2441.3
1156990 2444.4
1157000 2444.4
1157010 2447.4
1157020 2451.7
1157030 2451.7
1157040 2456.7
1157050 2461.7
1157060 2461.7
1157070 2466.9
1157080 2473.9
1157090 2473.9
1157100 2476.1
1157110 2473.1
1157120 2473.1
1157130 2467.2
1157140 2462.2
1157150 2462.2
1157160 2454.4
1157170 2443.0
1157180 2443.0
1157190 2432.2
1157200 2422.1
1157210 2413.3
1157220 2413.3
1157230 2405.7
1157240 2399.0
1157250 2399.0
1157260 2391.9
1157270 2383.7
1157280 2383.7
1157290 2374.2
1157300 2367.4
1157310 2367.4
1157320 2360.7
1157330 2353.0
1157340 2353.0
1157350 2344.6
1157360 2336.1
1157370 2336.1
1157380 2328.5
1157390 2318.6
1157400 2318.6
1157410 2310.2
1157420 2300.2
1157430 2286.6
1157440 2286.6
1157450 2279.4
1157460 2272.0
1157470 2265.6
1157480 2259.8
1157490 2250.1
1157500 2250.1
1157510 2240.0
1157520 2232.6
1157530 2232.6
1157540 2225.9
1157550 2219.1
1157560 2219.1
1157570 2210.7
1157580 2200.7
1157590 2200.7
1157600 2191.7
1157610 2184.8
1157620 2184.8
1157630 2178.9
1157640 2173.4
1157650 2167.3
1157660 2167.3
1157670 2161.1
1157680 2155.2
1157690 2155.2
1157700 2149.7
1157710 2143.9
1157720 2143.9
1157730 2137.8
1157740 2131.0
1157750 2131.0
1157760 2124.7
1157770 2117.9
1157780 2117.9
1157790 2111.0
1157800 2104.9
1157810 2104.9
1157820 2099.0
1157830 2092.5
1157840 2092.5
1157850 2086.7
1157860 2081.0
1157870 2075.0
1157880 2075.0
1157890 2069.0
1157900 2063.2
1157910 2063.2
1157920 2057.1
1157930 2051.0
1157940 2051.0
1157950 2044.8
1157960 2034.5
1157970 2034.5
1157980 2020.5
1157990 2009.2
1158000 2009.2
1158010 2001.3
1158020 1994.1
1158030 1994.1
1158040 1988.5
1158050 1982.9
1158060 1982.9
1158070 1977.2
1158080 1971.8
1158090 1965.7
1158100 1965.7
1158110 1959.0
1158120 1953.5
1158130 1953.5
1158140 1949.3
1158150 1945.2
1158160 1945.2
1158170 1941.0
1158180 1937.2
1158190 1937.2
1158200 1934.3
1158210 1931.8
1158220 1931.8
1158230 1930.3
1158240 1930.4
1158250 1933.6
1158260 1935.5
1158270 1935.0
1158280 1935.0
1158290 1928.6
1158300 1921.0
1158310 1913.8
1158320 1913.8
1158330 1911.3
1158340 1917.1
1158350 1917.1
1158360 1924.9
1158370 1929.5
1158380 1929.5
1158390 1929.7
1158400 1930.3
1158410 1930.3
1158420 1932.7
1158430 1937.3
1158440 1937.3
1158450 1944.1
1158460 1952.6
1158470 1952.6
1158480 1960.2
1158490 1968.7
1158500 1968.7
1158510 1977.8
1158520 1986.4
1158530 1994.5
1158540 1994.5
1158550 2002.6
1158560 2008.9
1158570 2008.9
1158580 2013.9
1158590 2019.1
1158600 2019.1
1158610 2026.3
1158620 2033.3
1158630 2036.0
1158640 2043.6
1158650 2051.8
1158660 2051.8
1158670 2058.5
1158680 2065.0
1158690 2065.0
1158700 2071.5
1158710 2076.6
1158720 2076.6
1158730 2082.1
1158740 2087.6
1158750 2091.9
1158760 2091.9
1158770 2098.4
1158780 2104.9
1158790 2104.9
1158800 2110.9
1158810 2116.7
1158820 2116.7
1158830 2122.3
1158840 2127.1
1158850 2127.1
1158860 2132.3
1158870 2139.2
1158880 2139.2
1158890 2145.1
1158900 2149.3
1158910 2149.3
1158920 2153.7
1158930 2157.9
1158940 2157.9
1158950 2162.0
1158960 2166.9
1158970 2170.1
1158980 2170.1
1158990 2173.5
1159000 2177.5
1159010 2177.5
1159020 2184.6
1159030 2190.0
1159040 2190.0
1159050 2195.1
1159060 2201.3
1159070 2201.3
1159080 2207.7
1159090 2214.5
1159100 2214.5
1159110 2221.9
1159120 2229.8
1159130 2229.8
1159140 2237.1
1159150 2243.1
1159160 2250.9
1159170 2250.9
1159180 2260.8
1159190 2272.3
1159200 2272.3
1159210 2281.7
1159220 2290.5
1159230 2290.5
1159240 2299.9
1159250 2309.6
1159260 2309.6
1159270 2318.7
1159280 2328.2
1159290 2328.2
1159300 2337.7
1159310 2348.3
1159320 2348.3
1159330 2357.9
1159340 2366.8
1159350 2366.8
1159360 2375.5
1159370 2383.3
1159380 2388.3
1159390 2388.3
1159400 2391.7
1159410 2396.7
1159420 2396.7
1159430 2411.5
1159440 2409.0
1159450 2409.0
1159460 2396.1
1159470 2383.1
1159480 2383.1
1159490 2372.2
1159500 2362.0
1159510 2362.0
1159520 2351.0
1159530 2339.9
1159540 2339.9
1159550 2330.4
1159560 2323.3
1159570 2323.3
1159580 2316.8
1159590 2310.5
1159600 2304.5
1159610 2304.5
1159620 2298.9
1159630 2294.2
1159640 2294.2
1159650 2290.1
1159660 2286.2
1159670 2286.2
1159680 2283.7
1159690 2282.0
1159700 2282.0
1159710 2280.5
1159720 2279.1
1159730 2279.1
1159740 2275.9
1159750 2272.4
1159760 2272.4
1159770 2269.6
1159780 2266.9
1159790 2266.9
1159800 2262.9
1159810 2262.1
1159820 2264.0
1159830 2264.0
1159840 2261.9
1159850 2260.9
1159860 2260.9
1159870 2261.1
1159880 2260.0
1159890 2260.0
1159900 2259.6
1159910 2259.1
1159920 2259.1
1159930 2257.1
1159940 2254.2
1159950 2254.2
1159960 2252.2
1159970 2250.3
1159980 2250.3
1159990 2247.8
