1140000 2530.7
1140010 2529.6
1140020 2529.6
1140030 2528.2
1140040 2526.7
1140050 2526.7
1140060 2525.3
1140070 2524.1
1140080 2524.1
1140090 2522.5
1140100 2520.6
1140110 2520.6
1140120 2518.7
1140130 2516.9
1140140 2516.9
1140150 2515.0
1140160 2513.2
1140170 2513.2
1140180 2511.9
1140190 2511.4
1140200 2507.3
1140210 2505.5
1140220 2503.5
1140230 2501.6
1140240 2501.6
1140250 2497.1
1140260 2490.0
1140270 2490.0
1140280 2484.5
1140290 2479.0
1140300 2479.0
1140310 2472.2
1140320 2462.8
1140330 2462.8
1140340 2454.9
1140350 2444.3
1140360 2444.3
1140370 2436.1
1140380 2431.1
1140390 2431.1
1140400 2428.3
1140410 2425.2
1140420 2425.2
1140430 2422.4
1140440 2420.8
1140450 2419.2
1140460 2419.2
1140470 2415.9
1140480 2412.6
1140490 2412.6
1140500 2409.2
1140510 2406.0
1140520 2406.0
1140530 2402.6
1140540 2399.8
1140550 2399.8
1140560 2397.8
1140570 2399.0
1140580 2399.0
1140590 2397.7
1140600 2397.5
1140610 2397.5
1140620 2397.5
1140630 2397.6
1140640 2397.6
1140650 2396.8
1140660 2395.8
1140670 2395.7
1140680 2395.7
1140690 2397.4
1140700 2399.6
1140710 2399.6
1140720 2402.7
1140730 2406.9
1140740 2406.9
1140750 2410.4
1140760 2413.8
1140770 2413.8
1140780 2413.7
1140790 2407.1
1140800 2407.1
1140810 2402.3
1140820 2400.8
1140830 2400.8
1140840 2402.0
1140850 2408.2
1140860 2408.2
1140870 2415.9
1140880 2418.6
1140890 2414.1
1140900 2414.1
1140910 2410.7
1140920 2410.9
1140930 2410.9
1140940 2417.7
1140950 2416.6
1140960 2416.6
1140970 2416.9
1140980 2418.0
1140990 2418.0
1141000 2420.5
1141010 2422.3
1141020 2422.3
1141030 2423.5
1141040 2424.4
1141050 2424.4
1141060 2424.8
1141070 2424.8
1141080 2424.8
1141090 2423.0
1141100 2420.9
1141110 2419.3
1141120 2419.3
1141130 2419.0
1141140 2418.1
1141150 2418.1
1141160 2414.4
1141170 2407.1
1141180 2407.1
1141190 2400.8
1141200 2396.4
1141210 2396.4
1141220 2394.8
1141230 2394.7
1141240 2394.7
1141250 2392.6
1141260 2390.0
1141270 2390.0
1141280 2388.4
1141290 2388.5
1141300 2388.5
1141310 2390.5
1141320 2388.0
1141330 2388.2
1141340 2388.2
1141350 2388.5
1141360 2388.2
1141370 2388.2
1141380 2389.5
1141390 2392.1
1141400 2392.1
1141410 2395.6
1141420 2399.3
1141430 2399.3
1141440 2402.2
1141450 2403.6
1141460 2403.6
1141470 2405.2
1141480 2406.7
1141490 2406.7
1141500 2409.8
1141510 2410.5
1141520 2410.5
1141530 2411.5
1141540 2415.7
1141550 2420.9
1141560 2420.9
1141570 2426.5
1141580 2432.1
1141590 2432.1
1141600 2437.6
1141610 2444.4
1141620 2444.4
1141630 2451.6
1141640 2459.7
1141650 2459.7
1141660 2470.0
1141670 2482.0
1141680 2481.9
1141690 2493.0
1141700 2502.5
1141710 2502.5
1141720 2510.3
1141730 2518.8
1141740 2518.8
1141750 2532.9
1141760 2560.9
1141770 2574.6
1141780 2574.6
1141790 2577.6
1141800 2584.3
1141810 2584.3
1141820 2588.1
1141830 2583.8
1141840 2583.8
1141850 2584.0
1141860 2588.7
1141870 2588.7
1141880 2590.7
1141890 2591.1
1141900 2591.1
1141910 2589.6
1141920 2588.5
1141930 2588.5
1141940 2588.2
1141950 2587.3
1141960 2587.3
1141970 2587.0
1141980 2588.1
1141990 2589.3
1142000 2589.3
1142010 2591.3
1142020 2593.8
1142030 2593.8
1142040 2595.5
1142050 2597.3
1142060 2597.3
1142070 2596.6
1142080 2595.6
1142090 2595.6
1142100 2595.1
1142110 2596.1
1142120 2596.1
1142130 2596.7
1142140 2599.8
1142150 2599.8
1142160 2607.3
1142170 2614.3
1142180 2614.3
1142190 2620.2
1142200 2625.4
1142210 2630.3
1142220 2630.3
1142230 2634.7
1142240 2638.5
1142250 2638.5
1142260 2642.5
1142270 2646.7
1142280 2646.7
1142290 2648.5
1142300 2648.7
1142310 2648.7
1142320 2648.2
1142330 2647.4
1142340 2647.4
1142350 2647.0
1142360 2648.4
1142370 2648.4
1142380 2650.9
1142390 2652.6
1142400 2652.6
1142410 2653.8
1142420 2661.6
1142430 2667.7
1142440 2667.7
1142450 2673.8
1142460 2679.2
1142470 2679.2
1142480 2684.5
1142490 2689.6
1142500 2689.6
1142510 2694.3
1142520 2698.0
1142530 2698.0
1142540 2700.7
1142550 2702.3
1142560 2702.3
1142570 2703.5
1142580 2705.0
1142590 2705.0
1142600 2706.3
1142610 2707.0
1142620 2707.0
1142630 2707.9
1142640 2709.7
1142650 2713.5
1142660 2713.5
1142670 2717.4
1142680 2721.2
1142690 2721.2
1142700 2725.3
1142710 2728.6
1142720 2728.6
1142730 2732.5
1142740 2736.8
1142750 2736.8
1142760 2741.0
1142770 2745.0
1142780 2745.0
1142790 2752.2
1142800 2755.9
1142810 2755.9
1142820 2760.6
1142830 2766.5
1142840 2766.5
1142850 2772.4
1142860 2779.0
1142870 2786.4
1142880 2786.4
1142890 2793.6
1142900 2800.8
1142910 2800.8
1142920 2808.7
1142930 2815.8
1142940 2815.8
1142950 2823.6
1142960 2831.3
1142970 2831.3
1142980 2838.0
1142990 2845.7
1143000 2845.7
1143010 2846.4
1143020 2842.0
1143030 2842.0
1143040 2842.2
1143050 2846.6
1143060 2846.6
1143070 2852.7
1143080 2849.1
1143090 2821.0
1143100 2821.0
1143110 2793.1
1143120 2778.5
1143130 2778.5
1143140 2774.5
1143150 2771.5
1143160 2765.6
1143170 2762.2
1143180 2757.9
1143190 2757.9
1143200 2753.2
1143210 2750.2
1143220 2750.2
1143230 2748.4
1143240 2745.8
1143250 2745.8
1143260 2743.0
1143270 2741.0
1143280 2741.0
1143290 2739.4
1143300 2737.6
1143310 2735.4
1143320 2735.4
1143330 2732.9
1143340 2730.5
1143350 2730.5
1143360 2728.1
1143370 2725.3
1143380 2725.3
1143390 2722.5
1143400 2719.3
1143410 2719.3
1143420 2715.5
1143430 2711.5
1143440 2711.5
1143450 2707.2
1143460 2704.4
1143470 2704.4
1143480 2705.7
1143490 2707.0
1143500 2707.0
1143510 2707.2
1143520 2706.5
1143530 2698.9
1143540 2698.9
1143550 2697.0
1143560 2694.8
1143570 2694.8
1143580 2691.9
1143590 2688.7
1143600 2688.7
1143610 2685.7
1143620 2683.2
1143630 2683.2
1143640 2682.5
1143650 2681.6
1143660 2681.6
1143670 2680.0
1143680 2678.0
1143690 2678.0
1143700 2674.8
1143710 2671.8
1143720 2671.8
1143730 2672.1
1143740 2676.4
1143750 2680.6
1143760 2680.6
1143770 2684.4
1143780 2688.0
1143790 2688.0
1143800 2691.5
1143810 2694.6
1143820 2694.6
1143830 2697.5
1143840 2699.2
1143850 2699.2
1143860 2700.6
1143870 2703.1
1143880 2703.1
1143890 2708.1
1143900 2714.6
1143910 2714.6
1143920 2731.9
1143930 2746.9
1143940 2746.9
1143950 2757.3
1143960 2759.4
1143970 2758.1
1143980 2758.1
1143990 2757.0
1144000 2756.0
1144010 2756.0
1144020 2754.7
1144030 2753.0
1144040 2753.0
1144050 2750.6
1144060 2748.8
1144070 2748.8
1144080 2746.8
1144090 2745.0
1144100 2745.0
1144110 2742.7
1144120 2739.8
1144130 2739.8
1144140 2736.5
1144150 2733.1
1144160 2729.5
1144170 2729.5
1144180 2724.4
1144190 2719.6
1144200 2719.6
1144210 2715.7
1144220 2712.3
1144230 2712.3
1144240 2709.1
1144250 2704.9
1144260 2704.9
1144270 2696.7
1144280 2686.2
1144290 2686.2
1144300 2661.5
1144310 2643.6
1144320 2643.6
1144330 2641.1
1144340 2643.8
1144350 2643.8
1144360 2645.8
1144370 2642.2
1144380 2637.3
1144390 2637.3
1144400 2626.9
1144410 2606.1
1144420 2606.1
1144430 2594.4
1144440 2588.1
1144450 2588.1
1144460 2585.3
1144470 2583.1
1144480 2583.1
1144490 2581.0
1144500 2577.9
1144510 2577.9
1144520 2574.4
1144530 2570.1
1144540 2570.1
1144550 2564.8
1144560 2561.5
1144570 2561.5
1144580 2562.0
1144590 2562.5
1144600 2565.0
1144610 2565.0
1144620 2568.4
1144630 2566.6
1144640 2566.6
1144650 2554.1
1144660 2555.3
1144670 2555.3
1144680 2557.1
1144690 2557.5
1144700 2557.5
1144710 2554.4
1144720 2545.7
1144730 2545.7
1144740 2547.8
1144750 2552.0
1144760 2552.0
1144770 2555.6
1144780 2550.9
1144790 2550.9
1144800 2544.5
1144810 2545.0
1144820 2538.3
1144830 2538.3
1144840 2526.9
1144850 2519.9
1144860 2519.9
1144870 2519.7
1144880 2524.9
1144890 2524.9
1144900 2529.3
1144910 2520.8
1144920 2520.8
1144930 2513.5
1144940 2509.7
1144950 2509.7
1144960 2504.3
1144970 2500.9
1144980 2500.9
1144990 2504.9
1145000 2510.5
1145010 2510.5
1145020 2509.7
1145030 2513.1
1145040 2516.6
1145050 2516.6
1145060 2520.2
1145070 2523.3
1145080 2523.3
1145090 2526.1
1145100 2528.4
1145110 2528.4
1145120 2530.2
1145130 2531.8
1145140 2531.8
1145150 2533.1
1145160 2534.1
1145170 2534.1
1145180 2534.2
1145190 2533.8
1145200 2533.8
1145210 2533.3
1145220 2532.5
1145230 2532.5
1145240 2531.5
1145250 2530.3
1145260 2529.3
1145270 2529.3
1145280 2529.9
1145290 2532.1
1145300 2532.1
1145310 2535.6
1145320 2540.1
1145330 2540.1
1145340 2543.9
1145350 2547.0
1145360 2547.0
1145370 2549.2
1145380 2551.3
1145390 2544.0
1145400 2545.0
1145410 2546.0
1145420 2546.0
1145430 2547.2
1145440 2547.0
1145450 2547.0
1145460 2547.2
1145470 2546.8
1145480 2546.5
1145490 2546.5
1145500 2545.9
1145510 2545.2
1145520 2545.2
1145530 2543.5
1145540 2542.1
1145550 2542.1
1145560 2539.7
1145570 2536.8
1145580 2536.8
1145590 2534.1
1145600 2531.5
1145610 2531.5
1145620 2529.9
1145630 2529.5
1145640 2529.5
1145650 2530.0
1145660 2530.5
1145670 2530.5
1145680 2532.4
1145690 2536.0
1145700 2541.0
1145710 2541.0
1145720 2546.3
1145730 2550.2
1145740 2550.2
1145750 2553.9
1145760 2555.4
1145770 2554.4
1145780 2554.3
1145790 2551.8
1145800 2551.8
1145810 2546.3
1145820 2544.6
1145830 2544.6
1145840 2545.4
1145850 2546.8
1145860 2546.8
1145870 2547.5
1145880 2551.1
1145890 2551.1
1145900 2557.9
1145910 2562.0
1145920 2564.8
1145930 2564.8
1145940 2565.4
1145950 2565.1
1145960 2565.1
1145970 2565.1
1145980 2566.2
1145990 2566.2
1146000 2568.0
1146010 2571.2
1146020 2571.2
1146030 2573.6
1146040 2577.1
1146050 2577.1
1146060 2581.0
1146070 2583.4
1146080 2583.4
1146090 2584.5
1146100 2584.7
1146110 2584.7
1146120 2586.0
1146130 2586.8
1146140 2584.3
1146150 2584.3
1146160 2583.9
1146170 2583.8
1146180 2583.8
1146190 2584.1
1146200 2585.4
1146210 2585.4
1146220 2587.1
1146230 2588.9
1146240 2588.9
1146250 2590.2
1146260 2591.1
1146270 2591.1
1146280 2592.1
1146290 2593.8
1146300 2593.8
1146310 2595.6
1146320 2597.2
1146330 2597.2
1146340 2598.6
1146350 2599.9
1146360 2603.0
1146370 2603.0
1146380 2607.4
1146390 2611.9
1146400 2611.9
1146410 2617.5
1146420 2623.2
1146430 2623.2
1146440 2627.8
1146450 2631.8
1146460 2631.8
1146470 2635.1
1146480 2637.3
1146490 2637.3
1146500 2641.5
1146510 2646.7
1146520 2646.7
1146530 2665.7
1146540 2686.2
1146550 2686.2
1146560 2703.1
1146570 2716.3
1146580 2717.7
1146590 2717.7
1146600 2712.2
1146610 2707.7
1146620 2707.7
1146630 2704.7
1146640 2710.5
1146650 2710.5
1146660 2715.4
1146670 2721.7
1146680 2721.7
1146690 2730.1
1146700 2741.1
1146710 2741.1
1146720 2750.0
1146730 2741.3
1146740 2741.3
1146750 2730.8
1146760 2719.9
1146770 2719.9
1146780 2710.6
1146790 2703.4
1146800 2696.5
1146810 2696.5
1146820 2689.5
1146830 2682.3
1146840 2682.3
1146850 2675.1
1146860 2668.0
1146870 2668.0
1146880 2661.4
1146890 2657.1
1146900 2657.1
1146910 2650.6
1146920 2644.6
1146930 2644.6
1146940 2638.8
1146950 2633.4
1146960 2633.4
1146970 2628.4
1146980 2623.2
1146990 2623.2
1147000 2618.5
1147010 2614.3
1147020 2611.9
1147030 2611.9
1147040 2609.5
1147050 2605.9
1147060 2605.9
1147070 2602.9
1147080 2599.7
1147090 2599.7
1147100 2595.9
1147110 2591.6
1147120 2591.6
1147130 2587.6
1147140 2584.8
1147150 2584.8
1147160 2581.0
1147170 2575.1
1147180 2575.1
1147190 2568.0
1147200 2559.5
1147210 2559.5
1147220 2550.9
1147230 2542.3
1147240 2533.3
1147250 2533.3
1147260 2525.1
1147270 2520.8
1147280 2520.8
1147290 2514.5
1147300 2508.5
1147310 2508.5
1147320 2494.9
1147330 2481.2
1147340 2481.2
1147350 2474.6
1147360 2467.8
1147370 2467.8
1147380 2461.4
1147390 2455.3
1147400 2455.3
1147410 2449.4
1147420 2443.6
1147430 2443.6
1147440 2438.0
1147450 2432.8
1147460 2427.8
1147470 2427.8
1147480 2422.9
1147490 2418.1
1147500 2418.1
1147510 2413.8
1147520 2409.5
1147530 2409.5
1147540 2405.2
1147550 2401.0
1147560 2401.0
1147570 2397.2
1147580 2393.9
1147590 2393.9
1147600 2390.6
1147610 2386.8
1147620 2386.8
1147630 2382.5
1147640 2375.0
1147650 2375.0
1147660 2370.8
1147670 2366.6
1147680 2362.8
1147690 2362.8
1147700 2360.0
1147710 2357.9
1147720 2357.9
1147730 2356.1
1147740 2354.0
1147750 2354.0
1147760 2349.6
1147770 2342.8
1147780 2342.8
1147790 2337.2
1147800 2333.2
1147810 2333.2
1147820 2330.7
1147830 2329.5
1147840 2329.5
1147850 2327.8
1147860 2326.5
1147870 2326.5
1147880 2325.1
1147890 2322.7
1147900 2320.2
1147910 2320.2
1147920 2317.0
1147930 2314.5
1147940 2314.5
1147950 2313.4
1147960 2309.4
1147970 2309.4
1147980 2303.1
1147990 2296.2
1148000 2296.2
1148010 2288.4
1148020 2277.8
1148030 2277.8
1148040 2271.5
1148050 2270.1
1148060 2270.1
1148070 2271.8
1148080 2272.0
1148090 2272.0
1148100 2268.8
1148110 2263.0
1148120 2261.7
1148130 2261.7
1148140 2265.1
1148150 2267.9
1148160 2267.9
1148170 2269.4
1148180 2273.1
1148190 2273.1
1148200 2277.3
1148210 2279.8
1148220 2279.8
1148230 2281.8
1148240 2283.1
1148250 2283.1
1148260 2282.1
1148270 2275.3
1148280 2275.3
1148290 2261.0
1148300 2231.2
1148310 2231.2
1148320 2219.8
1148330 2225.1
1148340 2231.2
1148350 2231.2
1148360 2236.0
1148370 2241.0
1148380 2241.0
1148390 2249.7
1148400 2242.6
1148410 2242.6
1148420 2245.3
1148430 2248.5
1148440 2248.5
1148450 2252.8
1148460 2256.6
1148470 2256.6
1148480 2257.6
1148490 2256.2
1148500 2256.2
1148510 2253.3
1148520 2249.3
1148530 2249.3
1148540 2243.5
1148550 2235.6
1148560 2233.7
1148570 2233.7
1148580 2231.2
1148590 2227.2
1148600 2227.2
1148610 2221.4
1148620 2218.8
1148630 2218.8
1148640 2217.8
1148650 2215.8
1148660 2215.8
1148670 2213.3
1148680 2209.1
1148690 2209.1
1148700 2202.0
1148710 2195.5
1148720 2195.5
1148730 2193.4
1148740 2189.8
1148750 2189.8
1148760 2187.0
1148770 2176.9
1148780 2174.4
1148790 2174.4
1148800 2172.1
1148810 2168.9
1148820 2168.9
1148830 2164.1
1148840 2157.7
1148850 2157.7
1148860 2147.5
1148870 2135.3
1148880 2135.3
1148890 2127.9
1148900 2125.2
1148910 2125.2
1148920 2122.4
1148930 2118.3
1148940 2118.3
1148950 2115.5
1148960 2112.4
1148970 2112.4
1148980 2107.2
1148990 2103.3
1149000 2099.1
1149010 2099.1
1149020 2094.8
1149030 2090.9
1149040 2090.9
1149050 2086.1
1149060 2081.5
1149070 2081.5
1149080 2076.6
1149090 2072.0
1149100 2072.0
1149110 2068.7
1149120 2066.7
1149130 2066.7
1149140 2065.1
1149150 2063.5
1149160 2063.5
1149170 2058.0
1149180 2045.4
1149190 2045.4
1149200 2034.4
1149210 2026.7
1149220 2018.7
1149230 2018.7
1149240 2011.2
1149250 2004.3
1149260 2004.3
1149270 1998.8
1149280 1992.9
1149290 1992.9
1149300 1988.1
1149310 1981.1
1149320 1981.1
1149330 1972.9
1149340 1964.5
1149350 1964.5
1149360 1957.0
1149370 1945.1
1149380 1945.1
1149390 1928.4
1149400 1916.8
1149410 1916.8
1149420 1906.6
1149430 1897.3
1149440 1887.9
1149450 1887.9
1149460 1877.7
1149470 1866.0
1149480 1866.0
1149490 1852.0
1149500 1836.1
1149510 1836.1
1149520 1824.1
1149530 1816.9
1149540 1816.9
1149550 1806.9
1149560 1797.6
1149570 1797.6
1149580 1789.2
1149590 1781.6
1149600 1781.6
1149610 1774.7
1149620 1768.4
1149630 1768.4
1149640 1761.3
1149650 1751.0
1149660 1740.2
1149670 1740.2
1149680 1729.6
1149690 1721.5
1149700 1721.5
1149710 1714.3
1149720 1707.7
1149730 1707.7
1149740 1701.8
1149750 1697.2
1149760 1697.2
1149770 1691.8
1149780 1686.8
1149790 1686.8
1149800 1682.1
1149810 1678.1
1149820 1678.1
1149830 1674.2
1149840 1670.2
1149850 1670.2
1149860 1664.8
1149870 1656.9
1149880 1646.9
1149890 1646.9
1149900 1638.3
1149910 1631.5
1149920 1631.5
1149930 1628.4
1149940 1629.3
1149950 1629.3
1149960 1631.8
1149970 1634.1
1149980 1634.1
1149990 1635.9
1150000 1639.0
1150010 1639.0
1150020 1642.0
1150030 1645.3
1150040 1645.3
1150050 1649.8
1150060 1655.8
1150070 1655.8
1150080 1661.0
1150090 1659.7
1150100 1655.7
1150110 1655.7
1150120 1647.4
1150130 1632.8
1150140 1632.8
1150150 1624.4
1150160 1618.5
1150170 1618.5
1150180 1616.2
1150190 1607.4
1150200 1607.4
1150210 1597.8
1150220 1594.8
1150230 1594.8
1150240 1592.9
1150250 1588.6
1150260 1588.6
1150270 1581.1
1150280 1578.3
1150290 1570.0
1150300 1569.1
1150310 1553.6
1150320 1529.9
1150330 1529.9
1150340 1521.9
1150350 1515.4
1150360 1515.4
1150370 1508.4
1150380 1500.6
1150390 1500.6
1150400 1493.9
1150410 1485.7
1150420 1485.7
1150430 1477.3
1150440 1469.2
1150450 1469.2
1150460 1460.7
1150470 1453.0
1150480 1453.0
1150490 1446.0
1150500 1438.9
1150510 1438.9
1150520 1432.2
1150530 1426.5
1150540 1421.5
1150550 1421.5
1150560 1418.6
1150570 1415.7
1150580 1415.7
1150590 1412.6
1150600 1409.7
1150610 1409.7
1150620 1404.9
1150630 1397.7
1150640 1397.7
1150650 1396.5
1150660 1400.3
1150670 1395.0
1150680 1397.6
1150690 1392.0
1150700 1392.0
1150710 1384.6
1150720 1379.1
1150730 1379.1
1150740 1376.7
1150750 1376.5
1150760 1376.0
1150770 1376.0
1150780 1375.0
1150790 1373.8
1150800 1373.8
1150810 1372.0
1150820 1369.3
1150830 1369.3
1150840 1366.1
1150850 1359.8
1150860 1359.8
1150870 1351.1
1150880 1343.4
1150890 1343.4
1150900 1337.6
1150910 1334.1
1150920 1334.1
1150930 1331.7
1150940 1328.0
1150950 1328.0
1150960 1323.6
1150970 1320.6
1150980 1318.1
1150990 1318.1
1151000 1316.1
1151010 1317.8
1151020 1317.8
1151030 1321.1
1151040 1325.3
1151050 1318.9
1151060 1323.8
1151070 1328.5
1151080 1328.5
1151090 1329.7
1151100 1328.2
1151110 1328.2
1151120 1326.0
1151130 1323.6
1151140 1323.6
1151150 1320.8
1151160 1317.6
1151170 1317.6
1151180 1314.0
1151190 1310.0
1151200 1305.5
1151210 1305.5
1151220 1301.3
1151230 1297.5
1151240 1297.5
1151250 1293.9
1151260 1290.6
1151270 1290.6
1151280 1287.4
1151290 1282.6
1151300 1282.6
1151310 1281.0
1151320 1278.7
1151330 1278.7
1151340 1276.1
1151350 1274.7
1151360 1274.7
1151370 1272.3
1151380 1271.3
1151390 1271.3
1151400 1269.4
1151410 1267.6
1151420 1266.3
1151430 1265.3
1151440 1263.8
1151450 1261.9
1151460 1261.9
1151470 1258.5
1151480 1251.5
1151490 1251.5
1151500 1244.0
1151510 1238.6
1151520 1238.6
1151530 1233.1
1151540 1226.8
1151550 1226.8
1151560 1221.0
1151570 1218.4
1151580 1218.4
1151590 1217.7
1151600 1215.8
1151610 1215.8
1151620 1214.4
1151630 1216.5
1151640 1217.4
1151650 1217.4
1151660 1217.2
1151670 1217.5
1151680 1217.5
1151690 1218.5
1151700 1220.0
1151710 1220.0
1151720 1221.4
1151730 1222.0
1151740 1222.0
1151750 1221.6
1151760 1222.5
1151770 1222.5
1151780 1223.3
1151790 1223.7
1151800 1223.7
1151810 1225.8
1151820 1225.6
1151830 1225.6
1151840 1225.8
1151850 1227.4
1151860 1230.1
1151870 1230.1
1151880 1232.1
1151890 1234.2
1151900 1234.2
1151910 1235.9
1151920 1238.3
1151930 1238.3
1151940 1243.2
1151950 1246.6
1151960 1246.6
1151970 1248.2
1151980 1249.8
1151990 1249.8
1152000 1250.4
1152010 1251.4
1152020 1251.4
1152030 1253.6
1152040 1253.9
1152050 1253.9
1152060 1254.0
1152070 1254.8
1152080 1256.1
1152090 1256.1
1152100 1258.0
1152110 1260.3
1152120 1260.3
1152130 1262.5
1152140 1265.3
1152150 1265.3
1152160 1267.7
1152170 1270.1
1152180 1270.1
1152190 1275.1
1152200 1277.5
1152210 1277.5
1152220 1279.6
1152230 1280.6
1152240 1280.6
1152250 1280.8
1152260 1281.6
1152270 1281.6
1152280 1282.2
1152290 1281.7
1152300 1281.0
1152310 1281.0
1152320 1280.5
1152330 1280.3
1152340 1280.3
1152350 1280.7
1152360 1277.8
1152370 1277.8
1152380 1273.4
1152390 1277.6
1152400 1277.6
1152410 1278.5
1152420 1278.3
1152430 1278.3
1152440 1278.5
1152450 1279.0
1152460 1279.0
1152470 1280.1
1152480 1281.7
1152490 1281.7
1152500 1283.9
1152510 1286.1
1152520 1287.6
1152530 1287.6
1152540 1285.5
1152550 1285.5
1152560 1285.5
1152570 1292.8
1152580 1294.2
1152590 1294.2
1152600 1296.6
1152610 1299.4
1152620 1299.4
1152630 1302.3
1152640 1304.9
1152650 1304.9
1152660 1304.6
1152670 1303.4
1152680 1303.4
1152690 1306.3
1152700 1312.2
1152710 1312.2
1152720 1316.6
1152730 1321.5
1152740 1325.3
1152750 1325.3
1152760 1327.3
1152770 1328.7
1152780 1328.7
1152790 1331.4
1152800 1335.1
1152810 1335.1
1152820 1338.4
1152830 1342.6
1152840 1342.6
1152850 1347.6
1152860 1351.6
1152870 1351.6
1152880 1354.1
1152890 1358.0
1152900 1358.0
1152910 1362.2
1152920 1366.6
1152930 1366.6
1152940 1373.5
1152950 1391.5
1152960 1395.5
1152970 1395.5
1152980 1400.3
1152990 1402.2
1153000 1402.2
1153010 1406.2
1153020 1414.9
1153030 1414.9
1153040 1425.1
1153050 1432.0
1153060 1432.0
1153070 1428.5
1153080 1423.8
1153090 1423.8
1153100 1423.1
1153110 1429.7
1153120 1429.7
1153130 1441.8
1153140 1453.4
1153150 1453.4
1153160 1464.6
1153170 1474.3
1153180 1486.0
1153190 1486.0
1153200 1494.0
1153210 1500.5
1153220 1500.5
1153230 1507.7
1153240 1514.6
1153250 1514.6
1153260 1520.1
1153270 1523.4
1153280 1523.4
1153290 1523.1
1153300 1518.5
1153310 1518.5
1153320 1507.4
1153330 1499.3
1153340 1522.5
1153350 1525.2
1153360 1535.7
1153370 1541.4
1153380 1541.4
1153390 1543.4
1153400 1547.1
1153410 1547.1
1153420 1552.8
1153430 1557.6
1153440 1557.6
1153450 1561.0
1153460 1561.6
1153470 1561.6
1153480 1561.6
1153490 1564.7
1153500 1564.7
1153510 1570.3
1153520 1577.0
1153530 1577.0
1153540 1584.4
1153550 1589.8
1153560 1589.8
1153570 1592.7
1153580 1598.0
1153590 1603.0
1153600 1603.0
1153610 1606.4
1153620 1611.1
1153630 1611.1
1153640 1614.8
1153650 1617.0
1153660 1617.0
1153670 1620.5
1153680 1625.5
1153690 1625.5
1153700 1629.6
1153710 1637.2
1153720 1639.3
1153730 1648.5
1153740 1652.9
1153750 1652.9
1153760 1654.6
1153770 1656.6
1153780 1656.6
1153790 1661.9
1153800 1668.4
1153810 1674.5
1153820 1674.5
1153830 1681.3
1153840 1686.1
1153850 1686.1
1153860 1690.4
1153870 1696.1
1153880 1696.1
1153890 1703.0
1153900 1710.2
1153910 1710.2
1153920 1716.6
1153930 1722.6
1153940 1722.6
1153950 1728.4
1153960 1734.2
1153970 1734.2
1153980 1739.8
1153990 1745.9
1154000 1745.9
1154010 1753.7
1154020 1761.3
1154030 1769.2
1154040 1769.2
1154050 1778.4
1154060 1786.9
1154070 1786.9
1154080 1795.2
1154090 1803.1
1154100 1807.3
1154110 1814.8
1154120 1821.6
1154130 1821.6
1154140 1828.5
1154150 1835.5
1154160 1835.5
1154170 1843.2
1154180 1850.6
1154190 1850.6
1154200 1857.4
1154210 1865.6
1154220 1865.6
1154230 1875.3
1154240 1883.4
1154250 1892.3
1154260 1892.3
1154270 1900.5
1154280 1907.8
1154290 1907.8
1154300 1915.3
1154310 1922.1
1154320 1922.1
1154330 1930.3
1154340 1936.5
1154350 1936.5
1154360 1941.3
1154370 1945.8
1154380 1945.8
1154390 1949.8
1154400 1952.5
1154410 1952.5
1154420 1953.3
1154430 1952.5
1154440 1952.5
1154450 1950.1
1154460 1947.4
1154470 1944.5
1154480 1944.5
1154490 1946.4
1154500 1942.4
1154510 1942.4
1154520 1936.5
1154530 1929.1
1154540 1929.1
1154550 1922.7
1154560 1916.1
1154570 1916.1
1154580 1908.5
1154590 1900.3
1154600 1900.3
1154610 1891.9
1154620 1883.1
1154630 1883.1
1154640 1872.4
1154650 1860.8
1154660 1860.8
1154670 1844.4
1154680 1823.4
1154690 1804.9
1154700 1804.9
1154710 1798.0
1154720 1796.9
1154730 1796.9
1154740 1796.1
1154750 1789.4
1154760 1789.4
1154770 1780.8
1154780 1769.1
1154790 1769.1
1154800 1752.9
1154810 1741.6
1154820 1741.6
1154830 1732.2
1154840 1716.1
1154850 1716.1
1154860 1698.6
1154870 1687.0
1154880 1687.0
1154890 1679.5
1154900 1671.7
1154910 1664.6
1154920 1664.6
1154930 1657.3
1154940 1650.0
1154950 1650.0
1154960 1643.1
1154970 1637.4
1154980 1637.4
1154990 1633.9
1155000 1632.8
1155010 1632.8
1155020 1632.0
1155030 1628.9
1155040 1628.9
1155050 1627.2
1155060 1627.8
1155070 1627.8
1155080 1631.2
1155090 1636.6
1155100 1636.6
1155110 1641.4
1155120 1645.7
1155130 1651.2
1155140 1651.2
1155150 1656.8
1155160 1662.2
1155170 1662.2
1155180 1668.0
1155190 1673.3
1155200 1673.3
1155210 1677.8
1155220 1682.2
1155230 1682.2
1155240 1686.7
1155250 1691.5
1155260 1697.1
1155270 1701.2
1155280 1705.2
1155290 1705.2
1155300 1710.3
1155310 1717.9
1155320 1717.9
1155330 1725.9
1155340 1735.5
1155350 1742.3
1155360 1742.3
1155370 1748.6
1155380 1754.5
1155390 1754.5
1155400 1759.6
1155410 1763.3
1155420 1763.3
1155430 1763.4
1155440 1762.3
1155450 1762.3
1155460 1760.7
1155470 1760.2
1155480 1760.2
1155490 1763.6
1155500 1768.2
1155510 1768.2
1155520 1773.6
1155530 1779.5
1155540 1779.5
1155550 1782.8
1155560 1784.3
1155570 1788.8
1155580 1788.8
1155590 1796.2
1155600 1802.3
1155610 1802.3
1155620 1809.6
1155630 1817.7
1155640 1816.7
1155650 1823.1
1155660 1829.6
1155670 1829.6
1155680 1835.9
1155690 1842.0
1155700 1842.0
1155710 1847.7
1155720 1853.9
1155730 1853.9
1155740 1861.1
1155750 1869.1
1155760 1869.1
1155770 1877.2
1155780 1885.4
1155790 1895.0
1155800 1895.0
1155810 1904.9
1155820 1913.5
1155830 1913.5
1155840 1921.1
1155850 1928.5
1155860 1928.5
1155870 1937.9
1155880 1947.9
1155890 1947.9
1155900 1958.8
1155910 1974.5
1155920 1974.5
1155930 1985.0
1155940 1992.9
1155950 1992.9
1155960 2001.1
1155970 2009.4
1155980 2009.4
1155990 2017.7
1156000 2024.0
1156010 2030.3
1156020 2030.3
1156030 2035.1
1156040 2041.5
1156050 2041.5
1156060 2049.4
1156070 2055.4
1156080 2055.4
1156090 2061.0
1156100 2065.6
1156110 2065.6
1156120 2071.2
1156130 2076.8
1156140 2076.8
1156150 2082.4
1156160 2087.9
1156170 2087.9
1156180 2093.8
1156190 2099.8
1156200 2099.8
1156210 2105.7
1156220 2111.4
1156230 2116.6
1156240 2116.6
1156250 2121.0
1156260 2125.8
1156270 2125.8
1156280 2131.6
1156290 2138.0
1156300 2138.0
1156310 2144.5
1156320 2151.5
1156330 2151.5
1156340 2158.9
1156350 2165.7
1156360 2165.7
1156370 2171.4
1156380 2176.5
1156390 2176.5
1156400 2181.7
1156410 2187.2
1156420 2187.2
1156430 2191.7
1156440 2195.2
1156450 2198.6
1156460 2198.6
1156470 2201.5
1156480 2204.1
1156490 2204.1
1156500 2206.7
1156510 2210.0
1156520 2210.0
1156530 2214.1
1156540 2218.4
1156550 2218.4
1156560 2223.5
1156570 2228.9
1156580 2228.9
1156590 2235.1
1156600 2240.3
1156610 2240.3
1156620 2243.7
1156630 2248.1
1156640 2248.1
1156650 2254.0
1156660 2259.2
1156670 2264.2
1156680 2264.2
1156690 2271.2
1156700 2277.3
1156710 2277.3
1156720 2282.4
1156730 2286.8
1156740 2286.8
1156750 2290.3
1156760 2293.9
1156770 2293.9
1156780 2297.8
1156790 2301.4
1156800 2310.2
1156810 2312.4
1156820 2315.5
1156830 2315.5
1156840 2319.4
1156850 2322.4
1156860 2322.4
1156870 2321.4
1156880 2314.5
1156890 2309.7
1156900 2309.7
1156910 2311.2
1156920 2318.5
1156930 2318.5
1156940 2327.8
1156950 2332.0
1156960 2332.0
1156970 2332.2
1156980 2327.7
1156990 2327.7
1157000 2326.7
1157010 2328.9
1157020 2328.9
1157030 2331.2
1157040 2335.3
1157050 2335.3
1157060 2333.7
1157070 2328.5
1157080 2328.5
1157090 2328.8
1157100 2333.0
1157110 2337.7
1157120 2337.7
1157130 2342.6
1157140 2347.8
1157150 2347.8
1157160 2352.8
1157170 2357.1
1157180 2357.1
1157190 2366.0
1157200 2369.0
1157210 2369.0
1157220 2371.2
1157230 2375.0
1157240 2375.0
1157250 2378.8
1157260 2376.5
1157270 2376.5
1157280 2366.1
1157290 2361.9
1157300 2361.9
1157310 2363.0
1157320 2355.1
1157330 2345.8
1157340 2345.8
1157350 2336.9
1157360 2329.0
1157370 2329.0
1157380 2322.0
1157390 2314.6
1157400 2314.6
1157410 2306.6
1157420 2298.4
1157430 2298.4
1157440 2290.1
1157450 2282.3
1157460 2282.3
1157470 2275.3
1157480 2268.8
1157490 2268.8
1157500 2260.2
1157510 2249.5
1157520 2249.5
1157530 2237.8
1157540 2215.3
1157550 2198.2
1157560 2198.2
1157570 2194.0
1157580 2187.0
1157590 2187.0
1157600 2179.4
1157610 2170.2
1157620 2170.2
1157630 2155.8
1157640 2141.2
1157650 2141.2
1157660 2120.2
1157670 2104.4
1157680 2104.4
1157690 2089.7
1157700 2078.4
1157710 2078.4
1157720 2070.7
1157730 2064.4
1157740 2064.4
1157750 2058.1
1157760 2051.2
1157770 2044.0
1157780 2044.0
1157790 2036.7
1157800 2029.6
1157810 2029.6
1157820 2022.5
1157830 2018.0
1157840 2018.0
1157850 2014.4
1157860 2006.2
1157870 2006.2
1157880 1991.0
1157890 1978.3
1157900 1978.3
1157910 1965.6
1157920 1954.2
1157930 1954.2
1157940 1945.0
1157950 1936.0
1157960 1939.0
1157970 1924.9
1157980 1912.2
1157990 1902.9
1158000 1902.9
1158010 1894.5
1158020 1887.3
1158030 1887.3
1158040 1880.3
1158050 1873.7
1158060 1873.7
1158070 1867.7
1158080 1862.1
1158090 1862.1
1158100 1856.6
1158110 1851.5
1158120 1851.5
1158130 1846.5
1158140 1841.8
1158150 1841.8
1158160 1836.8
1158170 1829.9
1158180 1829.9
1158190 1822.6
1158200 1817.6
1158210 1816.9
1158220 1816.9
1158230 1817.9
1158240 1820.3
1158250 1820.3
1158260 1823.7
1158270 1829.0
1158280 1829.0
1158290 1834.1
1158300 1839.1
1158310 1839.1
1158320 1843.0
1158330 1847.1
1158340 1847.1
1158350 1852.9
1158360 1858.6
1158370 1858.6
1158380 1865.0
1158390 1870.8
1158400 1870.8
1158410 1875.1
1158420 1878.4
1158430 1881.4
1158440 1881.4
1158450 1884.8
1158460 1889.2
1158470 1889.2
1158480 1894.6
1158490 1900.4
1158500 1900.4
1158510 1904.9
1158520 1909.3
1158530 1909.3
1158540 1914.8
1158550 1920.1
1158560 1920.1
1158570 1926.8
1158580 1932.4
1158590 1932.4
1158600 1938.3
1158610 1944.7
1158620 1944.7
1158630 1952.0
1158640 1959.2
1158650 1964.6
1158660 1964.6
1158670 1970.2
1158680 1976.1
1158690 1976.1
1158700 1982.1
1158710 1988.7
1158720 1988.7
1158730 1994.6
1158740 2000.9
1158750 2000.9
1158760 2007.4
1158770 2014.8
1158780 2014.8
1158790 2022.8
1158800 2029.6
1158810 2029.6
1158820 2034.7
1158830 2040.0
1158840 2040.0
1158850 2046.6
1158860 2053.9
1158870 2061.6
1158880 2061.6
1158890 2068.4
1158900 2076.6
1158910 2076.6
1158920 2085.3
1158930 2093.6
1158940 2093.6
1158950 2103.7
1158960 2113.1
1158970 2113.1
1158980 2120.9
1158990 2128.5
1159000 2128.5
1159010 2134.9
1159020 2140.2
1159030 2140.2
1159040 2146.6
1159050 2155.4
1159060 2155.4
1159070 2162.5
1159080 2166.3
1159090 2169.9
1159100 2169.9
1159110 2179.2
1159120 2187.8
1159130 2194.4
1159140 2199.6
1159150 2204.1
1159160 2204.1
1159170 2210.7
1159180 2218.1
1159190 2218.1
1159200 2227.0
1159210 2235.8
1159220 2235.8
1159230 2244.1
1159240 2253.0
1159250 2253.0
1159260 2261.5
1159270 2269.5
1159280 2276.6
1159290 2276.6
1159300 2283.9
1159310 2292.6
1159320 2292.6
1159330 2303.3
1159340 2313.4
1159350 2313.4
1159360 2320.9
1159370 2330.3
1159380 2330.3
1159390 2338.5
1159400 2347.2
1159410 2347.2
1159420 2356.2
1159430 2364.4
1159440 2364.4
1159450 2366.4
1159460 2360.5
1159470 2360.5
1159480 2354.3
1159490 2348.9
1159500 2343.4
1159510 2343.4
1159520 2338.2
1159530 2327.0
1159540 2327.0
1159550 2318.7
1159560 2310.6
1159570 2310.6
1159580 2302.3
1159590 2294.4
1159600 2294.4
1159610 2284.0
1159620 2274.0
1159630 2274.0
1159640 2264.9
1159650 2257.0
1159660 2257.0
1159670 2249.5
1159680 2242.7
1159690 2242.7
1159700 2235.1
1159710 2226.5
1159720 2217.6
1159730 2217.6
1159740 2208.4
1159750 2199.7
1159760 2199.7
1159770 2190.5
1159780 2181.5
1159790 2181.5
1159800 2172.9
1159810 2164.7
1159820 2164.7
1159830 2157.6
1159840 2151.0
1159850 2151.0
1159860 2145.6
1159870 2141.7
1159880 2141.7
1159890 2138.9
1159900 2135.9
1159910 2138.8
1159920 2137.7
1159930 2136.8
1159940 2136.1
1159950 2136.1
1159960 2135.1
1159970 2133.1
1159980 2133.1
1159990 2130.7
