1140000 2577.4
1140010 2575.9
1140020 2574.7
1140030 2576.8
1140040 2575.6
1140050 2574.2
1140060 2574.2
1140070 2572.5
1140080 2570.6
1140090 2570.6
1140100 2568.5
1140110 2567.1
1140120 2567.1
1140130 2566.4
1140140 2565.8
1140150 2565.8
1140160 2565.3
1140170 2564.7
1140180 2564.7
1140190 2564.1
1140200 2563.3
1140210 2562.4
1140220 2562.4
1140230 2561.4
1140240 2560.6
1140250 2560.6
1140260 2559.9
1140270 2559.5
1140280 2559.5
1140290 2559.5
1140300 2560.1
1140310 2560.1
1140320 2561.0
1140330 2562.4
1140340 2562.4
1140350 2563.7
1140360 2563.6
1140370 2563.6
1140380 2566.3
1140390 2570.7
1140400 2575.6
1140410 2580.9
1140420 2585.0
1140430 2596.8
1140440 2596.8
1140450 2617.4
1140460 2622.8
1140470 2622.8
1140480 2627.3
1140490 2633.7
1140500 2633.7
1140510 2636.4
1140520 2637.6
1140530 2637.6
1140540 2639.0
1140550 2640.8
1140560 2640.8
1140570 2642.3
1140580 2646.0
1140590 2646.0
1140600 2649.8
1140610 2652.9
1140620 2652.9
1140630 2655.5
1140640 2657.6
1140650 2659.1
1140660 2659.1
1140670 2660.4
1140680 2660.7
1140690 2660.7
1140700 2661.2
1140710 2662.1
1140720 2662.1
1140730 2663.6
1140740 2664.4
1140750 2664.4
1140760 2664.6
1140770 2669.3
1140780 2669.3
1140790 2668.9
1140800 2670.1
1140810 2670.1
1140820 2672.0
1140830 2674.5
1140840 2674.5
1140850 2677.7
1140860 2681.4
1140870 2686.0
1140880 2686.0
1140890 2691.5
1140900 2698.2
1140910 2698.2
1140920 2712.7
1140930 2729.5
1140940 2729.5
1140950 2740.4
1140960 2747.4
1140970 2747.4
1140980 2755.5
1140990 2760.8
1141000 2760.8
1141010 2758.8
1141020 2751.3
1141030 2751.3
1141040 2741.9
1141050 2735.2
1141060 2735.2
1141070 2730.0
1141080 2724.8
1141090 2720.9
1141100 2720.9
1141110 2716.3
1141120 2712.1
1141130 2721.0
1141140 2717.0
1141150 2702.7
1141160 2702.7
1141170 2693.3
1141180 2687.6
1141190 2687.6
1141200 2684.7
1141210 2684.8
1141220 2684.8
1141230 2685.8
1141240 2685.5
1141250 2685.5
1141260 2683.3
1141270 2674.8
1141280 2674.8
1141290 2666.1
1141300 2660.1
1141310 2656.0
1141320 2656.0
1141330 2652.7
1141340 2648.7
1141350 2648.7
1141360 2645.8
1141370 2645.0
1141380 2645.0
1141390 2644.0
1141400 2641.6
1141410 2641.6
1141420 2640.1
1141430 2638.9
1141440 2638.9
1141450 2637.1
1141460 2631.1
1141470 2631.1
1141480 2624.5
1141490 2625.3
1141500 2641.0
1141510 2637.9
1141520 2634.4
1141530 2630.8
1141540 2630.8
1141550 2629.4
1141560 2628.0
1141570 2628.0
1141580 2626.2
1141590 2623.4
1141600 2623.4
1141610 2618.3
1141620 2612.6
1141630 2612.6
1141640 2606.3
1141650 2600.7
1141660 2600.7
1141670 2597.0
1141680 2596.7
1141690 2596.7
1141700 2596.7
1141710 2595.3
1141720 2595.3
1141730 2592.5
1141740 2592.5
1141750 2594.1
1141760 2594.1
1141770 2596.0
1141780 2598.0
1141790 2598.0
1141800 2601.5
1141810 2605.7
1141820 2605.7
1141830 2610.3
1141840 2615.4
1141850 2615.4
1141860 2619.6
1141870 2628.8
1141880 2628.8
1141890 2633.9
1141900 2638.3
1141910 2638.3
1141920 2642.2
1141930 2646.2
1141940 2646.2
1141950 2649.8
1141960 2654.1
1141970 2657.7
1141980 2657.7
1141990 2660.4
1142000 2663.4
1142010 2663.4
1142020 2667.2
1142030 2669.3
1142040 2669.3
1142050 2673.5
1142060 2678.0
1142070 2678.0
1142080 2681.9
1142090 2687.0
1142100 2687.0
1142110 2692.2
1142120 2698.0
1142130 2698.0
1142140 2706.3
1142150 2716.1
1142160 2716.1
1142170 2727.4
1142180 2739.9
1142190 2752.5
1142200 2752.5
1142210 2752.2
1142220 2752.2
1142230 2752.2
1142240 2760.2
1142250 2760.6
1142260 2760.6
1142270 2759.5
1142280 2758.9
1142290 2758.9
1142300 2755.7
1142310 2752.4
1142320 2752.4
1142330 2749.8
1142340 2748.8
1142350 2748.8
1142360 2749.1
1142370 2750.2
1142380 2750.2
1142390 2751.3
1142400 2752.5
1142410 2754.7
1142420 2754.7
1142430 2759.0
1142440 2761.7
1142450 2761.7
1142460 2764.8
1142470 2766.7
1142480 2766.7
1142490 2769.8
1142500 2772.4
1142510 2772.4
1142520 2772.6
1142530 2775.8
1142540 2775.8
1142550 2780.4
1142560 2785.3
1142570 2785.3
1142580 2790.4
1142590 2795.5
1142600 2795.5
1142610 2812.9
1142620 2814.1
1142630 2816.8
1142640 2816.8
1142650 2821.5
1142660 2829.6
1142670 2829.6
1142680 2840.3
1142690 2847.9
1142700 2847.9
1142710 2851.8
1142720 2862.4
1142730 2862.4
1142740 2871.6
1142750 2880.4
1142760 2880.4
1142770 2891.1
1142780 2908.2
1142790 2908.2
1142800 2920.8
1142810 2926.2
1142820 2926.2
1142830 2935.0
1142840 2944.6
1142850 2950.9
1142860 2950.9
1142870 2962.1
1142880 2977.7
1142890 2977.7
1142900 2990.4
1142910 3002.8
1142920 3002.8
1142930 3024.8
1142940 3040.4
1142950 3040.4
1142960 3046.4
1142970 3047.6
1142980 3044.5
1142990 3034.3
1143000 3024.8
1143010 3024.8
1143020 3017.1
1143030 3003.2
1143040 3003.2
1143050 2987.2
1143060 2971.8
1143070 2944.1
1143080 2944.1
1143090 2921.4
1143100 2916.4
1143110 2916.4
1143120 2916.4
1143130 2904.3
1143140 2904.3
1143150 2876.3
1143160 2852.1
1143170 2852.1
1143180 2834.2
1143190 2821.9
1143200 2821.9
1143210 2811.2
1143220 2803.5
1143230 2803.5
1143240 2797.9
1143250 2792.0
1143260 2792.0
1143270 2783.0
1143280 2769.3
1143290 2755.2
1143300 2755.2
1143310 2738.9
1143320 2721.9
1143330 2721.9
1143340 2697.1
1143350 2687.7
1143360 2692.0
1143370 2685.8
1143380 2679.0
1143390 2679.0
1143400 2672.2
1143410 2665.1
1143420 2665.1
1143430 2657.9
1143440 2650.8
1143450 2650.8
1143460 2643.8
1143470 2637.1
1143480 2637.1
1143490 2630.6
1143500 2623.7
1143510 2616.9
1143520 2616.9
1143530 2611.1
1143540 2605.7
1143550 2605.7
1143560 2601.3
1143570 2598.4
1143580 2598.4
1143590 2596.1
1143600 2594.4
1143610 2594.4
1143620 2592.8
1143630 2591.4
1143640 2591.4
1143650 2589.6
1143660 2587.7
1143670 2587.7
1143680 2585.5
1143690 2583.2
1143700 2583.2
1143710 2580.8
1143720 2578.1
1143730 2574.8
1143740 2574.8
1143750 2572.2
1143760 2569.4
1143770 2569.4
1143780 2566.2
1143790 2562.9
1143800 2562.9
1143810 2559.2
1143820 2554.6
1143830 2554.6
1143840 2548.1
1143850 2540.8
1143860 2540.8
1143870 2533.3
1143880 2531.7
1143890 2531.7
1143900 2530.6
1143910 2525.9
1143920 2522.6
1143930 2522.6
1143940 2521.2
1143950 2519.6
1143960 2519.6
1143970 2517.6
1143980 2516.2
1143990 2516.2
1144000 2515.4
1144010 2515.0
1144020 2515.0
1144030 2515.7
1144040 2515.9
1144050 2515.9
1144060 2515.7
1144070 2515.7
1144080 2515.7
1144090 2516.4
1144100 2514.2
1144110 2514.2
1144120 2514.9
1144130 2515.1
1144140 2515.8
1144150 2515.8
1144160 2516.2
1144170 2515.8
1144180 2515.8
1144190 2516.1
1144200 2514.1
1144210 2514.1
1144220 2510.6
1144230 2506.8
1144240 2506.8
1144250 2500.5
1144260 2497.1
1144270 2497.1
1144280 2494.1
1144290 2490.1
1144300 2490.1
1144310 2486.0
1144320 2481.7
1144330 2481.7
1144340 2477.3
1144350 2472.4
1144360 2468.0
1144370 2468.0
1144380 2463.5
1144390 2458.7
1144400 2458.7
1144410 2454.6
1144420 2451.9
1144430 2451.9
1144440 2450.6
1144450 2448.1
1144460 2448.1
1144470 2439.5
1144480 2436.5
1144490 2436.5
1144500 2433.5
1144510 2430.5
1144520 2430.5
1144530 2428.2
1144540 2425.6
1144550 2425.6
1144560 2423.6
1144570 2423.1
1144580 2424.4
1144590 2424.4
1144600 2425.3
1144610 2425.2
1144620 2425.2
1144630 2424.4
1144640 2422.5
1144650 2422.5
1144660 2420.1
1144670 2417.3
1144680 2417.3
1144690 2415.6
1144700 2413.7
1144710 2413.7
1144720 2412.2
1144730 2415.5
1144740 2415.5
1144750 2420.4
1144760 2424.9
1144770 2424.9
1144780 2427.9
1144790 2429.4
1144800 2430.4
1144810 2430.4
1144820 2430.5
1144830 2433.0
1144840 2432.8
1144850 2436.3
1144860 2440.3
1144870 2440.3
1144880 2443.8
1144890 2446.3
1144900 2446.3
1144910 2447.8
1144920 2448.8
1144930 2448.8
1144940 2449.1
1144950 2449.0
1144960 2449.0
1144970 2448.7
1144980 2449.3
1144990 2449.3
1145000 2449.7
1145010 2447.6
1145020 2445.2
1145030 2445.2
1145040 2440.9
1145050 2438.2
1145060 2438.2
1145070 2436.9
1145080 2433.0
1145090 2433.0
1145100 2428.9
1145110 2425.4
1145120 2425.4
1145130 2423.1
1145140 2421.1
1145150 2421.1
1145160 2418.9
1145170 2416.3
1145180 2416.3
1145190 2414.1
1145200 2411.4
1145210 2411.4
1145220 2409.5
1145230 2407.6
1145240 2407.8
1145250 2407.8
1145260 2407.8
1145270 2408.3
1145280 2408.3
1145290 2410.7
1145300 2411.3
1145310 2411.3
1145320 2414.3
1145330 2417.9
1145340 2417.9
1145350 2419.9
1145360 2422.7
1145370 2422.7
1145380 2422.0
1145390 2422.4
1145400 2422.4
1145410 2424.2
1145420 2427.0
1145430 2427.0
1145440 2429.8
1145450 2432.0
1145460 2434.7
1145470 2434.7
1145480 2438.8
1145490 2443.1
1145500 2443.1
1145510 2447.6
1145520 2455.9
1145530 2455.9
1145540 2475.2
1145550 2485.6
1145560 2485.6
1145570 2493.9
1145580 2502.6
1145590 2495.0
1145600 2510.0
1145610 2516.2
1145620 2516.2
1145630 2520.3
1145640 2524.9
1145650 2524.9
1145660 2528.5
1145670 2528.2
1145680 2532.5
1145690 2532.5
1145700 2534.1
1145710 2536.4
1145720 2536.4
1145730 2537.9
1145740 2540.4
1145750 2540.4
1145760 2542.4
1145770 2547.1
1145780 2547.1
1145790 2555.3
1145800 2563.1
1145810 2563.1
1145820 2566.8
1145830 2565.1
1145840 2565.1
1145850 2557.8
1145860 2551.2
1145870 2551.2
1145880 2545.6
1145890 2542.3
1145900 2540.1
1145910 2540.1
1145920 2537.3
1145930 2536.3
1145940 2536.3
1145950 2537.7
1145960 2539.8
1145970 2534.6
1145980 2536.2
1145990 2536.9
1146000 2536.9
1146010 2534.0
1146020 2529.5
1146030 2529.5
1146040 2526.0
1146050 2522.6
1146060 2522.6
1146070 2518.2
1146080 2515.5
1146090 2515.5
1146100 2513.0
1146110 2510.2
1146120 2507.6
1146130 2507.6
1146140 2505.2
1146150 2503.4
1146160 2503.4
1146170 2502.1
1146180 2500.9
1146190 2500.9
1146200 2499.0
1146210 2496.9
1146220 2496.9
1146230 2494.2
1146240 2491.6
1146250 2491.6
1146260 2489.2
1146270 2488.1
1146280 2488.1
1146290 2485.7
1146300 2482.7
1146310 2482.7
1146320 2479.5
1146330 2475.9
1146340 2469.7
1146350 2469.7
1146360 2467.2
1146370 2465.4
1146380 2465.4
1146390 2464.5
1146400 2463.6
1146410 2463.6
1146420 2463.3
1146430 2466.2
1146440 2466.2
1146450 2469.7
1146460 2468.8
1146470 2468.8
1146480 2465.1
1146490 2462.5
1146500 2462.5
1146510 2461.3
1146520 2460.7
1146530 2460.7
1146540 2460.7
1146550 2460.7
1146560 2460.5
1146570 2460.5
1146580 2460.8
1146590 2460.5
1146600 2460.5
1146610 2459.1
1146620 2458.2
1146630 2458.2
1146640 2456.9
1146650 2457.1
1146660 2457.1
1146670 2457.9
1146680 2457.2
1146690 2457.2
1146700 2456.2
1146710 2455.5
1146720 2451.6
1146730 2451.4
1146740 2453.3
1146750 2453.3
1146760 2456.6
1146770 2460.9
1146780 2465.3
1146790 2465.3
1146800 2469.6
1146810 2473.2
1146820 2473.2
1146830 2476.3
1146840 2478.4
1146850 2478.4
1146860 2490.3
1146870 2518.6
1146880 2518.6
1146890 2534.3
1146900 2549.5
1146910 2549.5
1146920 2560.5
1146930 2566.3
1146940 2566.3
1146950 2568.5
1146960 2575.8
1146970 2575.8
1146980 2585.2
1146990 2590.1
1147000 2597.4
1147010 2597.4
1147020 2603.7
1147030 2601.8
1147040 2601.8
1147050 2604.6
1147060 2603.1
1147070 2603.1
1147080 2598.1
1147090 2583.7
1147100 2583.7
1147110 2578.5
1147120 2572.7
1147130 2572.7
1147140 2566.2
1147150 2559.7
1147160 2559.7
1147170 2557.4
1147180 2557.5
1147190 2557.5
1147200 2549.4
1147210 2541.7
1147220 2532.5
1147230 2532.5
1147240 2523.1
1147250 2517.4
1147260 2517.4
1147270 2518.2
1147280 2511.7
1147290 2511.7
1147300 2498.3
1147310 2487.0
1147320 2487.0
1147330 2487.8
1147340 2492.4
1147350 2492.4
1147360 2493.3
1147370 2491.7
1147380 2491.7
1147390 2488.5
1147400 2484.0
1147410 2484.0
1147420 2479.1
1147430 2475.7
1147440 2471.4
1147450 2471.4
1147460 2465.9
1147470 2453.6
1147480 2453.6
1147490 2447.9
1147500 2439.8
1147510 2439.8
1147520 2431.4
1147530 2423.4
1147540 2423.4
1147550 2415.6
1147560 2405.6
1147570 2405.6
1147580 2389.7
1147590 2380.5
1147600 2380.5
1147610 2372.2
1147620 2363.5
1147630 2363.5
1147640 2354.6
1147650 2346.0
1147660 2337.9
1147670 2337.9
1147680 2330.0
1147690 2324.2
1147700 2324.2
1147710 2319.2
1147720 2314.8
1147730 2314.8
1147740 2311.1
1147750 2307.9
1147760 2307.9
1147770 2304.8
1147780 2302.1
1147790 2302.1
1147800 2299.4
1147810 2295.7
1147820 2295.7
1147830 2290.6
1147840 2281.2
1147850 2281.2
1147860 2277.3
1147870 2272.8
1147880 2268.8
1147890 2268.8
1147900 2265.4
1147910 2259.7
1147920 2259.7
1147930 2250.5
1147940 2243.0
1147950 2243.0
1147960 2237.1
1147970 2232.0
1147980 2232.0
1147990 2227.3
1148000 2222.4
1148010 2222.4
1148020 2216.9
1148030 2210.8
1148040 2210.8
1148050 2203.4
1148060 2195.6
1148070 2195.6
1148080 2188.3
1148090 2180.8
1148100 2171.8
1148110 2171.8
1148120 2164.8
1148130 2158.9
1148140 2158.9
1148150 2152.2
1148160 2148.1
1148170 2148.1
1148180 2143.9
1148190 2133.1
1148200 2133.1
1148210 2122.6
1148220 2119.4
1148230 2119.4
1148240 2113.2
1148250 2106.4
1148260 2106.4
1148270 2099.4
1148280 2092.1
1148290 2092.1
1148300 2085.6
1148310 2079.2
1148320 2074.0
1148330 2074.0
1148340 2069.9
1148350 2065.8
1148360 2065.8
1148370 2061.2
1148380 2055.9
1148390 2055.9
1148400 2053.0
1148410 2051.0
1148420 2051.0
1148430 2046.9
1148440 2039.9
1148450 2039.9
1148460 2033.1
1148470 2026.8
1148480 2026.8
1148490 2020.8
1148500 2008.8
1148510 2008.8
1148520 1997.0
1148530 1988.0
1148540 1980.7
1148550 1980.7
1148560 1974.3
1148570 1967.6
1148580 1967.6
1148590 1959.8
1148600 1965.4
1148610 1965.4
1148620 1951.3
1148630 1934.5
1148640 1934.5
1148650 1918.4
1148660 1908.0
1148670 1908.0
1148680 1895.6
1148690 1886.9
1148700 1886.9
1148710 1886.0
1148720 1889.6
1148730 1889.6
1148740 1894.9
1148750 1892.1
1148760 1887.1
1148770 1887.1
1148780 1884.0
1148790 1884.8
1148800 1884.8
1148810 1885.3
1148820 1884.3
1148830 1884.3
1148840 1881.7
1148850 1879.0
1148860 1879.0
1148870 1874.2
1148880 1869.4
1148890 1869.4
1148900 1866.9
1148910 1866.7
1148920 1866.7
1148930 1866.8
1148940 1867.2
1148950 1866.6
1148960 1866.6
1148970 1854.3
1148980 1846.3
1148990 1846.3
1149000 1836.9
1149010 1827.2
1149020 1827.2
1149030 1819.2
1149040 1812.0
1149050 1812.0
1149060 1804.2
1149070 1798.2
1149080 1798.2
1149090 1800.3
1149100 1803.5
1149110 1803.5
1149120 1805.2
1149130 1802.1
1149140 1802.1
1149150 1798.0
1149160 1798.1
1149170 1802.0
1149180 1802.0
1149190 1805.2
1149200 1807.8
1149210 1807.8
1149220 1808.4
1149230 1807.5
1149240 1807.5
1149250 1806.3
1149260 1806.0
1149270 1806.0
1149280 1805.7
1149290 1805.2
1149300 1805.2
1149310 1804.2
1149320 1801.8
1149330 1801.8
1149340 1798.0
1149350 1792.5
1149360 1792.5
1149370 1788.2
1149380 1773.9
1149390 1751.3
1149400 1751.3
1149410 1747.7
1149420 1747.4
1149430 1747.4
1149440 1737.0
1149450 1732.6
1149460 1732.6
1149470 1731.5
1149480 1732.3
1149490 1732.3
1149500 1730.4
1149510 1721.5
1149520 1721.5
1149530 1714.7
1149540 1707.9
1149550 1707.9
1149560 1700.8
1149570 1693.8
1149580 1693.8
1149590 1687.1
1149600 1679.2
1149610 1672.6
1149620 1672.6
1149630 1666.6
1149640 1660.4
1149650 1660.4
1149660 1654.7
1149670 1650.5
1149680 1650.5
1149690 1646.1
1149700 1640.1
1149710 1640.1
1149720 1633.3
1149730 1623.0
1149740 1623.0
1149750 1595.7
1149760 1579.8
1149770 1579.8
1149780 1572.6
1149790 1567.4
1149800 1567.4
1149810 1564.6
1149820 1562.2
1149830 1559.3
1149840 1559.3
1149850 1553.8
1149860 1542.2
1149870 1542.2
1149880 1528.2
1149890 1518.3
1149900 1518.3
1149910 1509.5
1149920 1501.5
1149930 1501.5
1149940 1495.5
1149950 1493.8
1149960 1493.8
1149970 1494.9
1149980 1494.7
1149990 1494.7
1150000 1491.4
1150010 1486.3
1150020 1486.3
1150030 1483.2
1150040 1478.1
1150050 1473.1
1150060 1473.1
1150070 1468.8
1150080 1464.3
1150090 1464.3
1150100 1460.4
1150110 1452.0
1150120 1452.0
1150130 1448.8
1150140 1443.9
1150150 1443.9
1150160 1438.5
1150170 1438.2
1150180 1438.2
1150190 1438.3
1150200 1435.6
1150210 1435.6
1150220 1430.0
1150230 1419.3
1150240 1419.3
1150250 1405.3
1150260 1395.1
1150270 1389.2
1150280 1389.2
1150290 1383.1
1150300 1376.7
1150310 1376.7
1150320 1370.7
1150330 1364.7
1150340 1364.7
1150350 1358.7
1150360 1352.9
1150370 1352.9
1150380 1346.9
1150390 1341.4
1150400 1341.4
1150410 1336.8
1150420 1334.4
1150430 1334.4
1150440 1332.2
1150450 1330.3
1150460 1330.3
1150470 1327.9
1150480 1325.0
1150490 1319.0
1150500 1319.0
1150510 1316.9
1150520 1317.5
1150530 1317.5
1150540 1317.6
1150550 1315.5
1150560 1315.5
1150570 1312.9
1150580 1309.9
1150590 1309.9
1150600 1308.0
1150610 1306.7
1150620 1306.7
1150630 1305.0
1150640 1302.4
1150650 1302.4
1150660 1299.6
1150670 1296.5
1150680 1296.5
1150690 1292.9
1150700 1288.2
1150710 1282.8
1150720 1282.8
1150730 1276.8
1150740 1270.1
1150750 1270.1
1150760 1263.5
1150770 1257.9
1150780 1257.9
1150790 1255.9
1150800 1254.3
1150810 1254.3
1150820 1251.1
1150830 1248.3
1150840 1248.3
1150850 1244.5
1150860 1239.3
1150870 1236.4
1150880 1235.0
1150890 1232.0
1150900 1232.0
1150910 1231.2
1150920 1232.9
1150930 1236.2
1150940 1236.2
1150950 1237.5
1150960 1237.5
1150970 1237.5
1150980 1238.4
1150990 1241.9
1151000 1241.9
1151010 1247.2
1151020 1250.5
1151030 1250.5
1151040 1252.4
1151050 1254.2
1151060 1254.2
1151070 1257.1
1151080 1259.3
1151090 1259.3
1151100 1260.2
1151110 1261.6
1151120 1261.6
1151130 1263.4
1151140 1264.7
1151150 1266.7
1151160 1266.7
1151170 1269.6
1151180 1271.5
1151190 1271.5
1151200 1272.3
1151210 1272.9
1151220 1272.9
1151230 1273.3
1151240 1275.0
1151250 1278.2
1151260 1280.3
1151270 1282.3
1151280 1282.3
1151290 1284.2
1151300 1285.5
1151310 1285.5
1151320 1289.1
1151330 1292.5
1151340 1292.5
1151350 1296.4
1151360 1298.7
1151370 1298.9
1151380 1298.9
1151390 1298.4
1151400 1299.6
1151410 1299.6
1151420 1302.2
1151430 1304.8
1151440 1304.8
1151450 1306.8
1151460 1308.3
1151470 1308.3
1151480 1309.6
1151490 1309.6
1151500 1309.6
1151510 1310.3
1151520 1312.7
1151530 1312.7
1151540 1317.2
1151550 1322.5
1151560 1322.5
1151570 1327.6
1151580 1332.3
1151590 1336.9
1151600 1336.9
1151610 1340.9
1151620 1344.6
1151630 1351.0
1151640 1354.7
1151650 1358.0
1151660 1358.0
1151670 1361.4
1151680 1364.4
1151690 1364.4
1151700 1368.4
1151710 1372.0
1151720 1372.0
1151730 1375.3
1151740 1379.3
1151750 1379.3
1151760 1383.5
1151770 1387.3
1151780 1387.3
1151790 1391.0
1151800 1394.8
1151810 1399.0
1151820 1399.0
1151830 1402.7
1151840 1405.9
1151850 1405.9
1151860 1409.3
1151870 1411.9
1151880 1411.9
1151890 1414.5
1151900 1418.2
1151910 1418.2
1151920 1421.6
1151930 1424.5
1151940 1424.5
1151950 1428.1
1151960 1430.6
1151970 1430.6
1151980 1432.0
1151990 1434.7
1152000 1434.7
1152010 1444.9
1152020 1449.3
1152030 1452.7
1152040 1452.7
1152050 1455.6
1152060 1455.8
1152070 1455.8
1152080 1453.9
1152090 1453.9
1152100 1453.9
1152110 1459.5
1152120 1468.7
1152130 1468.7
1152140 1479.4
1152150 1487.7
1152160 1487.7
1152170 1491.0
1152180 1492.3
1152190 1492.3
1152200 1494.6
1152210 1497.9
1152220 1497.9
1152230 1501.4
1152240 1505.2
1152250 1509.2
1152260 1509.2
1152270 1512.0
1152280 1514.6
1152290 1514.6
1152300 1517.9
1152310 1522.5
1152320 1522.5
1152330 1528.0
1152340 1533.2
1152350 1533.2
1152360 1537.9
1152370 1542.5
1152380 1542.5
1152390 1550.2
1152400 1554.8
1152410 1554.8
1152420 1558.6
1152430 1558.6
1152440 1558.6
1152450 1556.8
1152460 1556.9
1152470 1558.8
1152480 1558.8
1152490 1560.6
1152500 1561.5
1152510 1561.5
1152520 1563.2
1152530 1564.7
1152540 1564.7
1152550 1564.9
1152560 1563.8
1152570 1563.8
1152580 1558.3
1152590 1556.7
1152600 1556.7
1152610 1562.8
1152620 1570.2
1152630 1570.2
1152640 1577.1
1152650 1583.7
1152660 1583.7
1152670 1589.6
1152680 1595.1
1152690 1600.2
1152700 1600.2
1152710 1605.3
1152720 1610.1
1152730 1610.1
1152740 1614.2
1152750 1617.4
1152760 1617.4
1152770 1623.8
1152780 1626.5
1152790 1626.5
1152800 1628.0
1152810 1630.3
1152820 1630.3
1152830 1633.4
1152840 1635.4
1152850 1635.4
1152860 1636.6
1152870 1638.8
1152880 1638.8
1152890 1642.6
1152900 1646.2
1152910 1650.0
1152920 1650.0
1152930 1652.7
1152940 1656.0
1152950 1656.0
1152960 1659.7
1152970 1663.1
1152980 1663.1
1152990 1667.3
1153000 1671.6
1153010 1671.6
1153020 1674.7
1153030 1674.3
1153040 1674.3
1153050 1676.0
1153060 1680.6
1153070 1680.6
1153080 1684.8
1153090 1689.3
1153100 1693.5
1153110 1693.5
1153120 1698.8
1153130 1703.4
1153140 1703.4
1153150 1706.5
1153160 1715.3
1153170 1715.3
1153180 1720.1
1153190 1726.0
1153200 1726.0
1153210 1732.3
1153220 1738.1
1153230 1738.1
1153240 1743.6
1153250 1749.2
1153260 1749.2
1153270 1754.3
1153280 1759.3
1153290 1759.3
1153300 1766.0
1153310 1771.6
1153320 1777.3
1153330 1777.3
1153340 1782.6
1153350 1787.7
1153360 1787.7
1153370 1791.9
1153380 1796.4
1153390 1796.4
1153400 1800.8
1153410 1805.1
1153420 1805.1
1153430 1809.6
1153440 1813.9
1153450 1813.9
1153460 1818.1
1153470 1821.8
1153480 1821.8
1153490 1825.8
1153500 1830.3
1153510 1830.3
1153520 1834.5
1153530 1837.4
1153540 1843.6
1153550 1843.6
1153560 1846.1
1153570 1848.7
1153580 1848.7
1153590 1851.3
1153600 1852.5
1153610 1852.5
1153620 1852.6
1153630 1851.7
1153640 1851.7
1153650 1849.9
1153660 1850.4
1153670 1850.4
1153680 1852.9
1153690 1859.8
1153700 1859.8
1153710 1866.8
1153720 1872.8
1153730 1872.8
1153740 1878.1
1153750 1882.7
1153760 1887.1
1153770 1887.1
1153780 1890.4
1153790 1892.5
1153800 1892.5
1153810 1891.8
1153820 1890.6
1153830 1890.6
1153840 1891.3
1153850 1893.5
1153860 1893.5
1153870 1897.2
1153880 1902.9
1153890 1902.9
1153900 1909.4
1153910 1914.4
1153920 1919.7
1153930 1925.3
1153940 1929.3
1153950 1929.3
1153960 1932.2
1153970 1934.9
1153980 1938.8
1153990 1938.8
1154000 1943.6
1154010 1948.8
1154020 1948.8
1154030 1954.2
1154040 1959.2
1154050 1959.2
1154060 1964.4
1154070 1970.1
1154080 1970.1
1154090 1977.1
1154100 1982.5
1154110 1982.5
1154120 1986.2
1154130 1990.1
1154140 1990.1
1154150 1994.4
1154160 1999.0
1154170 1999.0
1154180 2003.7
1154190 2007.6
1154200 2012.2
1154210 2012.2
1154220 2016.7
1154230 2020.1
1154240 2020.1
1154250 2022.6
1154260 2024.2
1154270 2024.2
1154280 2025.4
1154290 2024.9
1154300 2024.9
1154310 2021.0
1154320 2009.1
1154330 2009.1
1154340 1998.9
1154350 1987.1
1154360 1987.1
1154370 1975.7
1154380 1964.6
1154390 1964.6
1154400 1954.0
1154410 1940.0
1154420 1927.5
1154430 1927.5
1154440 1916.2
1154450 1905.6
1154460 1905.6
1154470 1898.7
1154480 1889.7
1154490 1889.7
1154500 1876.9
1154510 1862.0
1154520 1862.0
1154530 1853.0
1154540 1845.0
1154550 1845.0
1154560 1836.3
1154570 1823.8
1154580 1823.8
1154590 1811.9
1154600 1803.6
1154610 1803.6
1154620 1795.8
1154630 1788.2
1154640 1780.7
1154650 1780.7
1154660 1773.3
1154670 1766.0
1154680 1766.0
1154690 1758.8
1154700 1752.0
1154710 1752.0
1154720 1745.5
1154730 1739.5
1154740 1739.5
1154750 1734.1
1154760 1728.6
1154770 1728.6
1154780 1723.4
1154790 1719.9
1154800 1719.9
1154810 1718.9
1154820 1719.5
1154830 1719.5
1154840 1721.1
1154850 1724.8
1154860 1728.8
1154870 1728.8
1154880 1732.3
1154890 1735.7
1154900 1735.7
1154910 1738.8
1154920 1741.6
1154930 1741.6
1154940 1744.7
1154950 1746.8
1154960 1746.8
1154970 1748.5
1154980 1750.4
1154990 1750.4
1155000 1752.7
1155010 1755.6
1155020 1755.6
1155030 1758.9
1155040 1762.4
1155050 1762.4
1155060 1766.6
1155070 1774.4
1155080 1780.2
1155090 1780.2
1155100 1786.9
1155110 1793.3
1155120 1793.3
1155130 1800.6
1155140 1806.8
1155150 1806.8
1155160 1811.7
1155170 1815.6
1155180 1815.6
1155190 1818.8
1155200 1821.7
1155210 1821.7
1155220 1826.1
1155230 1831.1
1155240 1831.1
1155250 1837.1
1155260 1842.3
1155270 1842.3
1155280 1846.2
1155290 1851.6
1155300 1857.8
1155310 1857.8
1155320 1862.5
1155330 1867.8
1155340 1867.8
1155350 1874.5
1155360 1881.9
1155370 1881.9
1155380 1884.6
1155390 1886.0
1155400 1886.0
1155410 1892.6
1155420 1899.5
1155430 1899.5
1155440 1903.4
1155450 1904.3
1155460 1912.1
1155470 1912.4
1155480 1913.1
1155490 1913.1
1155500 1919.0
1155510 1927.3
1155520 1934.2
1155530 1934.2
1155540 1941.2
1155550 1948.5
1155560 1948.5
1155570 1956.3
1155580 1964.7
1155590 1964.7
1155600 1973.4
1155610 1981.0
1155620 1981.0
1155630 1989.0
1155640 1995.0
1155650 1995.0
1155660 2001.2
1155670 2007.6
1155680 2007.6
1155690 2013.1
1155700 2017.8
1155710 2017.8
1155720 2023.4
1155730 2030.5
1155740 2038.1
1155750 2038.1
1155760 2044.8
1155770 2051.5
1155780 2051.5
1155790 2057.2
1155800 2063.8
1155810 2063.8
1155820 2070.5
1155830 2075.8
1155840 2075.8
1155850 2080.9
1155860 2085.3
1155870 2085.3
1155880 2089.8
1155890 2094.1
1155900 2094.1
1155910 2097.9
1155920 2101.5
1155930 2101.5
1155940 2105.5
1155950 2109.9
1155960 2114.1
1155970 2114.1
1155980 2118.0
1155990 2121.9
1156000 2121.9
1156010 2125.3
1156020 2128.2
1156030 2128.2
1156040 2132.1
1156050 2136.1
1156060 2136.1
1156070 2140.3
1156080 2144.6
1156090 2144.6
1156100 2148.3
1156110 2151.4
1156120 2151.4
1156130 2154.2
1156140 2156.8
1156150 2156.8
1156160 2160.8
1156170 2165.1
1156180 2170.0
1156190 2170.0
1156200 2175.7
1156210 2181.4
1156220 2181.4
1156230 2188.8
1156240 2194.6
1156250 2194.6
1156260 2199.3
1156270 2204.9
1156280 2204.9
1156290 2210.7
1156300 2215.7
1156310 2215.7
1156320 2221.2
1156330 2226.7
1156340 2226.7
1156350 2231.8
1156360 2237.1
1156370 2237.1
1156380 2242.5
1156390 2246.6
1156400 2250.1
1156410 2250.1
1156420 2254.0
1156430 2257.9
1156440 2257.9
1156450 2262.8
1156460 2267.0
1156470 2267.0
1156480 2272.3
1156490 2279.1
1156500 2279.1
1156510 2284.8
1156520 2288.1
1156530 2288.1
1156540 2289.8
1156550 2291.9
1156560 2291.9
1156570 2294.8
1156580 2297.4
1156590 2297.4
1156600 2303.7
1156610 2311.8
1156620 2318.3
1156630 2318.3
1156640 2322.3
1156650 2325.0
1156660 2325.0
1156670 2328.0
1156680 2331.1
1156690 2331.1
1156700 2335.3
1156710 2340.3
1156720 2340.3
1156730 2345.7
1156740 2351.3
1156750 2351.3
1156760 2356.7
1156770 2361.4
1156780 2361.4
1156790 2366.5
1156800 2372.6
1156810 2372.6
1156820 2379.8
1156830 2386.9
1156840 2392.9
1156850 2392.9
1156860 2397.8
1156870 2401.9
1156880 2401.9
1156890 2406.6
1156900 2411.7
1156910 2411.7
1156920 2416.9
1156930 2421.6
1156940 2421.6
1156950 2424.4
1156960 2426.5
1156970 2426.5
1156980 2430.5
1156990 2433.7
1157000 2435.9
1157010 2438.4
1157020 2443.2
1157030 2448.0
1157040 2448.0
1157050 2453.2
1157060 2458.4
1157070 2458.4
1157080 2464.5
1157090 2470.5
1157100 2470.5
1157110 2475.1
1157120 2472.4
1157130 2472.4
1157140 2463.7
1157150 2456.0
1157160 2456.0
1157170 2448.9
1157180 2441.9
1157190 2441.9
1157200 2436.2
1157210 2430.2
1157220 2430.2
1157230 2422.1
1157240 2415.1
1157250 2407.7
1157260 2407.7
1157270 2401.4
1157280 2395.8
1157290 2395.8
1157300 2389.1
1157310 2383.2
1157320 2383.2
1157330 2376.4
1157340 2367.2
1157350 2367.2
1157360 2358.0
1157370 2349.7
1157380 2349.7
1157390 2341.3
1157400 2333.4
1157410 2333.4
1157420 2323.4
1157430 2312.0
1157440 2312.0
1157450 2301.5
1157460 2290.5
1157470 2276.4
1157480 2276.4
1157490 2262.4
1157500 2250.6
1157510 2250.6
1157520 2241.3
1157530 2233.3
1157540 2233.3
1157550 2225.4
1157560 2217.5
1157570 2217.5
1157580 2209.8
1157590 2201.6
1157600 2201.6
1157610 2191.5
1157620 2182.0
1157630 2182.0
1157640 2172.3
1157650 2163.3
1157660 2163.3
1157670 2155.1
1157680 2147.3
1157690 2140.4
1157700 2140.4
1157710 2132.8
1157720 2125.2
1157730 2125.2
1157740 2118.0
1157750 2110.7
1157760 2110.7
1157770 2103.0
1157780 2098.7
1157790 2098.7
1157800 2091.9
1157810 2085.6
1157820 2085.6
1157830 2079.5
1157840 2072.5
1157850 2072.5
1157860 2065.8
1157870 2059.4
1157880 2059.4
1157890 2052.8
1157900 2046.4
1157910 2040.0
1157920 2040.0
1157930 2033.8
1157940 2027.4
1157950 2027.4
1157960 2021.2
1157970 2013.9
1157980 2013.9
1157990 2006.9
1158000 2001.1
1158010 2001.1
1158020 1995.4
1158030 1989.4
1158040 1989.4
1158050 1983.3
1158060 1977.3
1158070 1977.3
1158080 1971.6
1158090 1965.8
1158100 1965.8
1158110 1959.8
1158120 1954.2
1158130 1948.8
1158140 1948.8
1158150 1943.5
1158160 1938.2
1158170 1937.9
1158180 1932.9
1158190 1928.5
1158200 1928.5
1158210 1924.7
1158220 1921.8
1158230 1921.8
1158240 1918.8
1158250 1915.3
1158260 1915.3
1158270 1911.5
1158280 1906.1
1158290 1906.1
1158300 1899.6
1158310 1895.6
1158320 1895.6
1158330 1894.8
1158340 1895.2
1158350 1900.5
1158360 1900.5
1158370 1906.5
1158380 1909.8
1158390 1909.8
1158400 1912.9
1158410 1916.8
1158420 1916.8
1158430 1921.9
1158440 1928.1
1158450 1928.1
1158460 1935.4
1158470 1944.3
1158480 1944.3
1158490 1952.2
1158500 1957.0
1158510 1957.0
1158520 1961.5
1158530 1969.3
1158540 1969.3
1158550 1975.9
1158560 1980.7
1158570 1985.7
1158580 1985.7
1158590 1992.5
1158600 2000.9
1158610 2000.9
1158620 2009.8
1158630 2020.7
1158640 2020.7
1158650 2029.8
1158660 2035.8
1158670 2035.8
1158680 2041.3
1158690 2047.5
1158700 2047.5
1158710 2054.9
1158720 2062.2
1158730 2062.2
1158740 2069.0
1158750 2075.6
1158760 2075.6
1158770 2083.0
1158780 2091.0
1158790 2097.5
1158800 2097.5
1158810 2103.5
1158820 2108.8
1158830 2108.8
1158840 2113.7
1158850 2118.3
1158860 2118.3
1158870 2122.5
1158880 2127.8
1158890 2127.8
1158900 2132.3
1158910 2137.2
1158920 2137.2
1158930 2141.9
1158940 2146.6
1158950 2146.6
1158960 2151.9
1158970 2158.7
1158980 2158.7
1158990 2165.9
1159000 2174.6
1159010 2183.4
1159020 2183.4
1159030 2190.3
1159040 2197.6
1159050 2197.6
1159060 2203.7
1159070 2208.1
1159080 2208.1
1159090 2214.0
1159100 2221.3
1159110 2221.3
1159120 2229.3
1159130 2237.1
1159140 2237.1
1159150 2245.6
1159160 2254.8
1159170 2254.8
1159180 2264.1
1159190 2272.1
1159200 2272.1
1159210 2282.3
1159220 2293.7
1159230 2305.6
1159240 2305.6
1159250 2316.2
1159260 2324.6
1159270 2324.6
1159280 2331.4
1159290 2339.9
1159300 2339.9
1159310 2349.4
1159320 2357.4
1159330 2362.0
1159340 2370.3
1159350 2378.0
1159360 2378.0
1159370 2386.0
1159380 2396.3
1159390 2396.3
1159400 2405.7
1159410 2410.1
1159420 2410.1
1159430 2414.7
1159440 2425.5
1159450 2431.9
1159460 2431.9
1159470 2429.1
1159480 2420.0
1159490 2420.0
1159500 2409.5
1159510 2393.9
1159520 2393.9
1159530 2370.8
1159540 2349.1
1159550 2349.1
1159560 2336.0
1159570 2326.0
1159580 2326.0
1159590 2318.8
1159600 2312.5
1159610 2312.5
1159620 2306.8
1159630 2301.6
1159640 2301.6
1159650 2296.7
1159660 2292.0
1159670 2289.2
1159680 2289.2
1159690 2288.4
1159700 2287.5
1159710 2287.5
1159720 2283.7
1159730 2281.9
1159740 2281.9
1159750 2279.3
1159760 2274.4
1159770 2274.4
1159780 2270.5
1159790 2268.8
1159800 2268.8
1159810 2266.3
1159820 2262.5
1159830 2262.5
1159840 2259.5
1159850 2257.4
1159860 2257.4
1159870 2255.7
1159880 2254.2
1159890 2252.8
1159900 2252.8
1159910 2251.9
1159920 2251.8
1159930 2251.8
1159940 2249.5
1159950 2246.7
1159960 2246.7
1159970 2241.2
1159980 2236.2
1159990 2236.2
