1140000 2400.4
1140010 2400.4
1140020 2396.0
1140030 2396.0
1140040 2396.0
1140050 2396.5
1140060 2394.9
1140070 2394.9
1140080 2394.0
1140090 2393.6
1140100 2393.6
1140110 2392.7
1140120 2391.6
1140130 2391.6
1140140 2391.8
1140150 2392.7
1140160 2392.7
1140170 2393.2
1140180 2390.4
1140190 2390.4
1140200 2384.9
1140210 2377.9
1140220 2370.5
1140230 2370.5
1140240 2365.8
1140250 2362.6
1140260 2362.6
1140270 2359.3
1140280 2357.9
1140290 2357.9
1140300 2356.8
1140310 2355.4
1140320 2355.4
1140330 2353.3
1140340 2350.3
1140350 2350.3
1140360 2347.0
1140370 2341.0
1140380 2341.0
1140390 2339.1
1140400 2338.4
1140410 2338.4
1140420 2337.9
1140430 2338.9
1140440 2337.9
1140450 2337.9
1140460 2336.4
1140470 2335.2
1140480 2335.2
1140490 2333.8
1140500 2332.9
1140510 2332.9
1140520 2332.9
1140530 2332.1
1140540 2332.1
1140550 2329.1
1140560 2326.4
1140570 2326.4
1140580 2324.2
1140590 2322.2
1140600 2322.2
1140610 2321.3
1140620 2320.7
1140630 2320.7
1140640 2319.2
1140650 2316.1
1140660 2312.9
1140670 2312.9
1140680 2310.2
1140690 2308.5
1140700 2308.5
1140710 2306.2
1140720 2303.7
1140730 2303.7
1140740 2297.7
1140750 2295.5
1140760 2295.5
1140770 2292.5
1140780 2289.7
1140790 2289.7
1140800 2287.7
1140810 2284.4
1140820 2284.4
1140830 2281.0
1140840 2278.0
1140850 2278.0
1140860 2276.3
1140870 2274.9
1140880 2272.3
1140890 2272.3
1140900 2269.5
1140910 2267.2
1140920 2267.2
1140930 2264.9
1140940 2262.8
1140950 2262.8
1140960 2261.3
1140970 2260.2
1140980 2260.2
1140990 2259.0
1141000 2256.4
1141010 2256.4
1141020 2255.5
1141030 2254.7
1141040 2254.7
1141050 2254.0
1141060 2253.7
1141070 2253.7
1141080 2253.3
1141090 2252.8
1141100 2252.8
1141110 2252.4
1141120 2252.1
1141130 2251.6
1141140 2251.6
1141150 2251.6
1141160 2252.3
1141170 2252.3
1141180 2253.6
1141190 2254.2
1141200 2254.2
1141210 2255.7
1141220 2258.7
1141230 2258.7
1141240 2260.3
1141250 2262.0
1141260 2262.0
1141270 2264.0
1141280 2267.6
1141290 2267.6
1141300 2272.1
1141310 2275.5
1141320 2275.5
1141330 2278.0
1141340 2280.2
1141350 2282.0
1141360 2282.0
1141370 2282.9
1141380 2284.1
1141390 2284.1
1141400 2285.7
1141410 2286.7
1141420 2286.7
1141430 2288.5
1141440 2290.0
1141450 2290.0
1141460 2290.7
1141470 2290.5
1141480 2295.0
1141490 2296.2
1141500 2295.3
1141510 2295.3
1141520 2294.4
1141530 2296.7
1141540 2296.7
1141550 2297.5
1141560 2297.9
1141570 2299.6
1141580 2299.6
1141590 2302.1
1141600 2303.8
1141610 2303.8
1141620 2302.7
1141630 2298.5
1141640 2298.5
1141650 2296.3
1141660 2296.6
1141670 2296.6
1141680 2297.9
1141690 2299.2
1141700 2299.2
1141710 2300.6
1141720 2303.0
1141730 2303.0
1141740 2306.5
1141750 2309.8
1141760 2309.8
1141770 2313.0
1141780 2315.7
1141790 2317.9
1141800 2317.9
1141810 2321.8
1141820 2325.8
1141830 2325.8
1141840 2329.0
1141850 2340.6
1141860 2340.6
1141870 2345.2
1141880 2353.1
1141890 2353.1
1141900 2362.4
1141910 2369.8
1141920 2369.8
1141930 2376.4
1141940 2381.5
1141950 2381.5
1141960 2385.4
1141970 2391.4
1141980 2391.4
1141990 2395.9
1142000 2398.5
1142010 2400.8
1142020 2400.8
1142030 2404.2
1142040 2408.4
1142050 2408.4
1142060 2410.1
1142070 2410.4
1142080 2410.4
1142090 2411.4
1142100 2414.7
1142110 2414.7
1142120 2417.4
1142130 2419.0
1142140 2419.0
1142150 2419.6
1142160 2419.3
1142170 2419.3
1142180 2419.1
1142190 2423.1
1142200 2423.1
1142210 2425.9
1142220 2436.6
1142230 2445.8
1142240 2445.8
1142250 2457.9
1142260 2474.1
1142270 2474.1
1142280 2486.5
1142290 2493.6
1142300 2493.6
1142310 2501.7
1142320 2522.2
1142330 2522.2
1142340 2524.2
1142350 2516.9
1142360 2516.9
1142370 2517.5
1142380 2526.5
1142390 2526.5
1142400 2538.5
1142410 2565.7
1142420 2565.7
1142430 2580.4
1142440 2596.1
1142450 2612.3
1142460 2612.3
1142470 2626.9
1142480 2635.3
1142490 2635.3
1142500 2646.4
1142510 2656.8
1142520 2656.8
1142530 2662.4
1142540 2669.7
1142550 2669.7
1142560 2679.3
1142570 2685.2
1142580 2685.2
1142590 2685.2
1142600 2688.7
1142610 2688.7
1142620 2692.4
1142630 2696.4
1142640 2696.4
1142650 2702.4
1142660 2710.5
1142670 2716.3
1142680 2716.3
1142690 2720.3
1142700 2725.7
1142710 2725.7
1142720 2732.4
1142730 2740.5
1142740 2740.5
1142750 2748.7
1142760 2760.3
1142770 2760.3
1142780 2776.6
1142790 2791.8
1142800 2791.8
1142810 2801.4
1142820 2811.8
1142830 2811.8
1142840 2823.1
1142850 2836.0
1142860 2836.0
1142870 2845.4
1142880 2855.7
1142890 2860.4
1142900 2860.4
1142910 2868.6
1142920 2878.5
1142930 2878.5
1142940 2888.8
1142950 2901.9
1142960 2894.6
1142970 2904.8
1142980 2909.8
1142990 2909.8
1143000 2919.7
1143010 2930.5
1143020 2930.5
1143030 2943.5
1143040 2957.2
1143050 2957.2
1143060 2962.1
1143070 2968.6
1143080 2968.6
1143090 2968.3
1143100 2961.2
1143110 2952.5
1143120 2952.5
1143130 2943.6
1143140 2934.2
1143150 2934.2
1143160 2924.6
1143170 2920.4
1143180 2920.4
1143190 2915.2
1143200 2908.6
1143210 2908.6
1143220 2904.8
1143230 2902.3
1143240 2902.3
1143250 2898.9
1143260 2895.2
1143270 2895.2
1143280 2891.6
1143290 2887.1
1143300 2887.1
1143310 2883.1
1143320 2879.5
1143330 2881.9
1143340 2881.9
1143350 2879.0
1143360 2875.9
1143370 2875.9
1143380 2873.1
1143390 2870.5
1143400 2870.5
1143410 2868.0
1143420 2865.2
1143430 2865.2
1143440 2862.2
1143450 2859.2
1143460 2859.2
1143470 2856.1
1143480 2853.2
1143490 2853.2
1143500 2850.6
1143510 2848.5
1143520 2848.5
1143530 2845.2
1143540 2841.8
1143550 2838.3
1143560 2838.3
1143570 2834.0
1143580 2827.8
1143590 2827.8
1143600 2819.9
1143610 2812.9
1143620 2812.9
1143630 2808.1
1143640 2804.1
1143650 2804.1
1143660 2798.5
1143670 2792.9
1143680 2792.9
1143690 2789.7
1143700 2795.2
1143710 2795.2
1143720 2793.6
1143730 2794.2
1143740 2794.2
1143750 2793.2
1143760 2788.1
1143770 2783.6
1143780 2783.6
1143790 2784.2
1143800 2781.7
1143810 2781.7
1143820 2779.8
1143830 2778.4
1143840 2778.4
1143850 2779.3
1143860 2781.3
1143870 2781.3
1143880 2779.6
1143890 2781.9
1143900 2781.9
1143910 2782.9
1143920 2781.8
1143930 2781.8
1143940 2777.9
1143950 2769.0
1143960 2769.0
1143970 2766.3
1143980 2764.6
1143990 2766.1
1144000 2766.1
1144010 2764.2
1144020 2758.5
1144030 2758.5
1144040 2751.5
1144050 2750.0
1144060 2750.0
1144070 2758.2
1144080 2759.2
1144090 2759.2
1144100 2760.0
1144110 2760.4
1144120 2760.4
1144130 2760.6
1144140 2760.7
1144150 2760.7
1144160 2760.9
1144170 2761.1
1144180 2761.1
1144190 2761.2
1144200 2761.2
1144210 2761.2
1144220 2761.2
1144230 2760.7
1144240 2757.6
1144250 2757.6
1144260 2751.4
1144270 2744.6
1144280 2744.6
1144290 2741.2
1144300 2741.0
1144310 2741.0
1144320 2742.5
1144330 2744.6
1144340 2744.6
1144350 2746.9
1144360 2748.4
1144370 2748.4
1144380 2747.1
1144390 2744.5
1144400 2744.5
1144410 2743.6
1144420 2743.8
1144430 2745.0
1144440 2745.0
1144450 2750.2
1144460 2751.0
1144470 2751.0
1144480 2750.9
1144490 2752.4
1144500 2752.4
1144510 2753.8
1144520 2754.5
1144530 2754.5
1144540 2755.0
1144550 2754.9
1144560 2754.9
1144570 2754.4
1144580 2754.1
1144590 2754.1
1144600 2752.9
1144610 2752.6
1144620 2752.6
1144630 2753.1
1144640 2753.6
1144650 2754.7
1144660 2754.7
1144670 2756.2
1144680 2757.9
1144690 2757.9
1144700 2759.7
1144710 2761.5
1144720 2761.5
1144730 2763.0
1144740 2765.1
1144750 2765.1
1144760 2767.1
1144770 2768.8
1144780 2768.8
1144790 2770.3
1144800 2773.3
1144810 2773.3
1144820 2781.7
1144830 2784.3
1144840 2784.3
1144850 2786.9
1144860 2789.4
1144870 2792.4
1144880 2792.4
1144890 2796.6
1144900 2801.4
1144910 2801.4
1144920 2807.2
1144930 2814.0
1144940 2814.0
1144950 2821.1
1144960 2829.7
1144970 2829.7
1144980 2838.8
1144990 2844.5
1145000 2844.5
1145010 2850.3
1145020 2855.9
1145030 2855.9
1145040 2860.1
1145050 2861.1
1145060 2861.1
1145070 2872.5
1145080 2926.2
1145090 2954.3
1145100 2954.3
1145110 2969.1
1145120 2966.8
1145130 2966.8
1145140 2959.2
1145150 2946.3
1145160 2946.3
1145170 2930.2
1145180 2913.5
1145190 2904.8
1145200 2898.8
1145210 2894.6
1145220 2894.6
1145230 2890.0
1145240 2886.8
1145250 2886.8
1145260 2882.9
1145270 2877.8
1145280 2877.8
1145290 2872.4
1145300 2866.7
1145310 2861.6
1145320 2861.6
1145330 2856.5
1145340 2850.7
1145350 2850.7
1145360 2845.6
1145370 2839.7
1145380 2839.7
1145390 2834.0
1145400 2830.1
1145410 2830.1
1145420 2826.5
1145430 2823.7
1145440 2823.7
1145450 2819.4
1145460 2814.5
1145470 2814.5
1145480 2810.2
1145490 2805.9
1145500 2805.9
1145510 2800.7
1145520 2793.3
1145530 2789.1
1145540 2789.1
1145550 2777.9
1145560 2774.3
1145570 2774.3
1145580 2767.9
1145590 2763.4
1145600 2763.4
1145610 2759.6
1145620 2756.4
1145630 2756.4
1145640 2755.1
1145650 2755.3
1145660 2755.3
1145670 2756.1
1145680 2756.8
1145690 2756.8
1145700 2756.2
1145710 2756.5
1145720 2756.5
1145730 2755.1
1145740 2753.8
1145750 2752.6
1145760 2752.6
1145770 2751.4
1145780 2750.2
1145790 2750.2
1145800 2751.0
1145810 2751.6
1145820 2751.6
1145830 2753.0
1145840 2753.1
1145850 2753.1
1145860 2744.3
1145870 2731.9
1145880 2731.9
1145890 2719.3
1145900 2701.7
1145910 2701.7
1145920 2685.7
1145930 2680.3
1145940 2687.9
1145950 2683.2
1145960 2677.0
1145970 2672.0
1145980 2672.0
1145990 2665.0
1146000 2659.5
1146010 2659.5
1146020 2653.8
1146030 2649.0
1146040 2649.0
1146050 2644.7
1146060 2640.9
1146070 2640.9
1146080 2637.6
1146090 2635.0
1146100 2635.0
1146110 2634.0
1146120 2632.0
1146130 2632.0
1146140 2627.1
1146150 2622.4
1146160 2622.4
1146170 2618.5
1146180 2615.2
1146190 2614.0
1146200 2614.0
1146210 2614.5
1146220 2613.5
1146230 2613.5
1146240 2614.3
1146250 2615.7
1146260 2615.7
1146270 2615.8
1146280 2617.2
1146290 2617.2
1146300 2617.6
1146310 2628.4
1146320 2628.4
1146330 2631.0
1146340 2629.7
1146350 2629.7
1146360 2625.5
1146370 2623.0
1146380 2623.0
1146390 2622.4
1146400 2623.5
1146410 2624.1
1146420 2624.1
1146430 2622.9
1146440 2620.3
1146450 2620.3
1146460 2620.4
1146470 2616.3
1146480 2616.3
1146490 2612.6
1146500 2611.0
1146510 2611.0
1146520 2606.0
1146530 2601.4
1146540 2601.4
1146550 2598.3
1146560 2594.3
1146570 2594.3
1146580 2590.9
1146590 2588.3
1146600 2588.3
1146610 2586.1
1146620 2582.3
1146630 2578.8
1146640 2578.8
1146650 2575.9
1146660 2571.0
1146670 2571.0
1146680 2564.8
1146690 2568.2
1146700 2568.2
1146710 2566.7
1146720 2559.9
1146730 2559.9
1146740 2550.2
1146750 2542.9
1146760 2542.9
1146770 2537.8
1146780 2536.7
1146790 2536.7
1146800 2534.2
1146810 2529.4
1146820 2529.4
1146830 2525.6
1146840 2523.0
1146850 2521.1
1146860 2521.1
1146870 2518.5
1146880 2514.6
1146890 2514.6
1146900 2511.2
1146910 2507.7
1146920 2507.7
1146930 2504.3
1146940 2500.2
1146950 2500.2
1146960 2495.4
1146970 2491.6
1146980 2491.6
1146990 2488.8
1147000 2486.9
1147010 2486.9
1147020 2484.1
1147030 2481.2
1147040 2481.2
1147050 2479.3
1147060 2484.0
1147070 2482.1
1147080 2482.1
1147090 2481.6
1147100 2480.2
1147110 2480.2
1147120 2478.1
1147130 2476.8
1147140 2476.8
1147150 2481.0
1147160 2483.6
1147170 2483.6
1147180 2487.9
1147190 2497.5
1147200 2497.5
1147210 2507.6
1147220 2505.8
1147230 2505.8
1147240 2498.6
1147250 2493.3
1147260 2493.3
1147270 2488.0
1147280 2483.5
1147290 2478.1
1147300 2478.1
1147310 2473.3
1147320 2469.9
1147330 2469.9
1147340 2470.0
1147350 2468.7
1147360 2468.7
1147370 2466.5
1147380 2469.9
1147390 2469.9
1147400 2471.8
1147410 2469.0
1147420 2469.0
1147430 2466.5
1147440 2473.8
1147450 2473.8
1147460 2467.6
1147470 2465.0
1147480 2465.0
1147490 2463.6
1147500 2459.6
1147510 2456.2
1147520 2456.2
1147530 2454.7
1147540 2454.6
1147550 2454.6
1147560 2455.3
1147570 2454.9
1147580 2454.9
1147590 2456.3
1147600 2456.2
1147610 2456.2
1147620 2452.9
1147630 2449.3
1147640 2449.3
1147650 2442.3
1147660 2433.4
1147670 2433.4
1147680 2426.8
1147690 2418.5
1147700 2418.5
1147710 2411.6
1147720 2405.3
1147730 2397.9
1147740 2397.9
1147750 2390.9
1147760 2386.2
1147770 2386.2
1147780 2384.1
1147790 2380.0
1147800 2380.0
1147810 2376.3
1147820 2381.2
1147830 2381.2
1147840 2374.6
1147850 2367.6
1147860 2367.6
1147870 2364.0
1147880 2364.0
1147890 2364.0
1147900 2366.1
1147910 2366.5
1147920 2366.5
1147930 2366.2
1147940 2365.1
1147950 2363.8
1147960 2363.8
1147970 2361.9
1147980 2360.2
1147990 2360.2
1148000 2358.4
1148010 2356.8
1148020 2356.8
1148030 2354.9
1148040 2356.1
1148050 2356.1
1148060 2356.8
1148070 2352.7
1148080 2352.7
1148090 2350.5
1148100 2348.2
1148110 2348.2
1148120 2345.5
1148130 2340.3
1148140 2340.3
1148150 2333.8
1148160 2329.1
1148170 2324.6
1148180 2324.6
1148190 2327.6
1148200 2324.8
1148210 2324.8
1148220 2321.9
1148230 2319.1
1148240 2319.1
1148250 2316.1
1148260 2312.8
1148270 2312.8
1148280 2309.6
1148290 2307.4
1148300 2307.4
1148310 2306.9
1148320 2308.9
1148330 2308.9
1148340 2308.3
1148350 2305.8
1148360 2305.8
1148370 2300.8
1148380 2295.3
1148390 2289.8
1148400 2289.8
1148410 2283.8
1148420 2277.4
1148430 2277.4
1148440 2275.5
1148450 2275.8
1148460 2275.8
1148470 2277.8
1148480 2275.5
1148490 2275.5
1148500 2271.0
1148510 2267.1
1148520 2267.1
1148530 2265.3
1148540 2261.6
1148550 2261.6
1148560 2255.4
1148570 2257.9
1148580 2257.9
1148590 2248.4
1148600 2239.5
1148610 2231.5
1148620 2231.5
1148630 2219.2
1148640 2209.6
1148650 2209.6
1148660 2205.1
1148670 2203.9
1148680 2203.9
1148690 2202.9
1148700 2197.7
1148710 2197.7
1148720 2189.6
1148730 2180.0
1148740 2180.0
1148750 2171.6
1148760 2163.8
1148770 2163.8
1148780 2156.3
1148790 2142.5
1148800 2142.5
1148810 2129.7
1148820 2121.5
1148830 2111.7
1148840 2111.7
1148850 2101.5
1148860 2091.6
1148870 2091.6
1148880 2077.8
1148890 2068.3
1148900 2068.3
1148910 2060.0
1148920 2052.4
1148930 2052.4
1148940 2046.1
1148950 2048.2
1148960 2048.2
1148970 2043.7
1148980 2038.9
1148990 2038.9
1149000 2033.7
1149010 2027.7
1149020 2027.7
1149030 2021.6
1149040 2015.5
1149050 2009.2
1149060 2009.2
1149070 2003.1
1149080 1996.8
1149090 1996.8
1149100 1990.6
1149110 1984.6
1149120 1984.6
1149130 1978.3
1149140 1972.0
1149150 1972.0
1149160 1965.8
1149170 1959.6
1149180 1959.6
1149190 1953.6
1149200 1947.8
1149210 1947.8
1149220 1942.0
1149230 1936.2
1149240 1936.2
1149250 1930.7
1149260 1925.1
1149270 1919.8
1149280 1919.8
1149290 1914.6
1149300 1909.2
1149310 1909.2
1149320 1903.6
1149330 1899.2
1149340 1899.2
1149350 1894.5
1149360 1889.6
1149370 1889.6
1149380 1885.3
1149390 1881.5
1149400 1881.5
1149410 1878.5
1149420 1875.2
1149430 1875.2
1149440 1868.8
1149450 1863.1
1149460 1863.1
1149470 1859.5
1149480 1855.9
1149490 1854.8
1149500 1854.8
1149510 1855.0
1149520 1852.8
1149530 1852.8
1149540 1849.9
1149550 1848.0
1149560 1848.0
1149570 1848.6
1149580 1850.7
1149590 1850.7
1149600 1850.6
1149610 1850.6
1149620 1850.6
1149630 1852.8
1149640 1856.6
1149650 1856.6
1149660 1861.5
1149670 1867.1
1149680 1867.1
1149690 1873.8
1149700 1871.2
1149710 1876.2
1149720 1876.2
1149730 1881.4
1149740 1884.6
1149750 1884.6
1149760 1883.8
1149770 1880.3
1149780 1880.3
1149790 1876.8
1149800 1873.3
1149810 1873.3
1149820 1870.3
1149830 1866.8
1149840 1866.8
1149850 1863.4
1149860 1860.1
1149870 1860.1
1149880 1857.0
1149890 1854.0
1149900 1854.0
1149910 1851.3
1149920 1848.1
1149930 1844.3
1149940 1844.3
1149950 1839.6
1149960 1836.1
1149970 1836.1
1149980 1833.3
1149990 1830.2
1150000 1830.2
1150010 1827.2
1150020 1823.7
1150030 1823.7
1150040 1819.6
1150050 1814.3
1150060 1814.3
1150070 1807.8
1150080 1799.3
1150090 1799.3
1150100 1791.5
1150110 1782.7
1150120 1782.7
1150130 1772.6
1150140 1763.3
1150150 1752.1
1150160 1752.1
1150170 1739.7
1150180 1728.5
1150190 1728.5
1150200 1717.0
1150210 1707.7
1150220 1707.7
1150230 1699.7
1150240 1692.0
1150250 1692.0
1150260 1684.2
1150270 1677.0
1150280 1677.0
1150290 1670.3
1150300 1663.8
1150310 1663.8
1150320 1659.3
1150330 1655.0
1150340 1655.0
1150350 1647.5
1150360 1641.3
1150370 1630.9
1150380 1630.9
1150390 1623.6
1150400 1624.4
1150410 1624.4
1150420 1627.0
1150430 1626.2
1150440 1626.2
1150450 1622.9
1150460 1609.1
1150470 1609.1
1150480 1602.6
1150490 1591.8
1150500 1591.8
1150510 1579.9
1150520 1568.7
1150530 1568.7
1150540 1567.5
1150550 1571.9
1150560 1571.9
1150570 1577.8
1150580 1583.0
1150590 1586.0
1150600 1586.0
1150610 1588.5
1150620 1590.2
1150630 1590.2
1150640 1591.3
1150650 1591.3
1150660 1591.3
1150670 1590.8
1150680 1589.4
1150690 1589.4
1150700 1588.4
1150710 1588.2
1150720 1588.2
1150730 1590.4
1150740 1592.0
1150750 1592.0
1150760 1594.2
1150770 1596.1
1150780 1596.1
1150790 1596.4
1150800 1596.6
1150810 1595.9
1150820 1595.9
1150830 1594.1
1150840 1587.7
1150850 1587.7
1150860 1583.2
1150870 1576.6
1150880 1576.6
1150890 1571.1
1150900 1566.9
1150910 1566.9
1150920 1563.4
1150930 1559.5
1150940 1559.5
1150950 1556.3
1150960 1553.4
1150970 1553.4
1150980 1550.6
1150990 1548.0
1151000 1548.0
1151010 1544.7
1151020 1541.0
1151030 1538.2
1151040 1538.2
1151050 1534.7
1151060 1531.0
1151070 1531.0
1151080 1528.6
1151090 1525.7
1151100 1525.7
1151110 1520.7
1151120 1514.0
1151130 1514.0
1151140 1512.1
1151150 1512.9
1151160 1512.9
1151170 1510.5
1151180 1502.1
1151190 1502.1
1151200 1493.8
1151210 1491.4
1151220 1480.8
1151230 1478.5
1151240 1475.3
1151250 1470.2
1151260 1470.2
1151270 1466.7
1151280 1463.2
1151290 1463.2
1151300 1460.0
1151310 1458.0
1151320 1458.0
1151330 1456.6
1151340 1455.6
1151350 1455.6
1151360 1455.4
1151370 1454.1
1151380 1454.1
1151390 1452.5
1151400 1449.7
1151410 1449.7
1151420 1445.7
1151430 1440.9
1151440 1440.9
1151450 1435.6
1151460 1432.3
1151470 1428.5
1151480 1428.5
1151490 1423.1
1151500 1418.0
1151510 1418.0
1151520 1413.9
1151530 1410.7
1151540 1410.7
1151550 1408.0
1151560 1404.3
1151570 1404.3
1151580 1400.9
1151590 1396.8
1151600 1391.0
1151610 1387.2
1151620 1384.7
1151630 1384.7
1151640 1382.1
1151650 1378.9
1151660 1378.9
1151670 1376.7
1151680 1374.7
1151690 1372.9
1151700 1372.9
1151710 1371.0
1151720 1368.4
1151730 1368.4
1151740 1366.1
1151750 1365.7
1151760 1365.7
1151770 1367.0
1151780 1369.3
1151790 1369.3
1151800 1372.5
1151810 1375.9
1151820 1375.9
1151830 1378.6
1151840 1379.5
1151850 1379.5
1151860 1377.4
1151870 1372.7
1151880 1372.7
1151890 1370.0
1151900 1370.2
1151910 1369.5
1151920 1369.5
1151930 1366.4
1151940 1363.1
1151950 1363.1
1151960 1360.6
1151970 1358.0
1151980 1355.6
1151990 1352.4
1152000 1348.8
1152010 1348.8
1152020 1345.7
1152030 1342.0
1152040 1342.0
1152050 1337.2
1152060 1331.1
1152070 1331.1
1152080 1324.4
1152090 1319.3
1152100 1319.3
1152110 1315.9
1152120 1313.0
1152130 1310.2
1152140 1310.2
1152150 1307.3
1152160 1304.4
1152170 1304.4
1152180 1301.6
1152190 1299.0
1152200 1299.0
1152210 1296.8
1152220 1295.4
1152230 1295.4
1152240 1293.5
1152250 1291.4
1152260 1291.4
1152270 1289.4
1152280 1287.8
1152290 1287.8
1152300 1286.6
1152310 1284.6
1152320 1284.6
1152330 1279.5
1152340 1273.4
1152350 1268.4
1152360 1268.4
1152370 1262.3
1152380 1258.4
1152390 1258.4
1152400 1255.3
1152410 1253.8
1152420 1253.8
1152430 1252.4
1152440 1250.5
1152450 1250.5
1152460 1248.6
1152470 1246.2
1152480 1246.2
1152490 1243.4
1152500 1241.2
1152510 1241.2
1152520 1239.9
1152530 1238.7
1152540 1238.7
1152550 1237.2
1152560 1235.2
1152570 1233.4
1152580 1233.4
1152590 1232.2
1152600 1231.6
1152610 1231.6
1152620 1231.3
1152630 1230.3
1152640 1230.3
1152650 1226.6
1152660 1222.2
1152670 1222.2
1152680 1217.5
1152690 1213.4
1152700 1213.4
1152710 1211.0
1152720 1209.8
1152730 1209.8
1152740 1209.5
1152750 1204.9
1152760 1204.9
1152770 1206.8
1152780 1205.8
1152790 1206.4
1152800 1206.4
1152810 1205.8
1152820 1204.7
1152830 1204.7
1152840 1202.9
1152850 1201.2
1152860 1201.2
1152870 1200.1
1152880 1199.6
1152890 1199.6
1152900 1199.1
1152910 1198.7
1152920 1198.7
1152930 1198.2
1152940 1197.7
1152950 1197.7
1152960 1197.3
1152970 1197.0
1152980 1197.0
1152990 1196.3
1153000 1194.9
1153010 1193.8
1153020 1193.8
1153030 1193.4
1153040 1193.6
1153050 1193.6
1153060 1195.3
1153070 1196.5
1153080 1196.5
1153090 1196.5
1153100 1196.3
1153110 1196.3
1153120 1198.1
1153130 1206.9
1153140 1206.9
1153150 1211.6
1153160 1217.4
1153170 1217.4
1153180 1223.8
1153190 1226.0
1153200 1226.0
1153210 1222.9
1153220 1227.0
1153230 1233.8
1153240 1233.8
1153250 1238.1
1153260 1241.4
1153270 1241.4
1153280 1244.1
1153290 1246.0
1153300 1246.0
1153310 1247.3
1153320 1249.1
1153330 1249.1
1153340 1251.7
1153350 1256.0
1153360 1256.0
1153370 1259.5
1153380 1261.7
1153390 1261.7
1153400 1264.9
1153410 1269.6
1153420 1269.6
1153430 1274.6
1153440 1279.7
1153450 1284.6
1153460 1284.6
1153470 1289.2
1153480 1293.6
1153490 1293.6
1153500 1299.0
1153510 1307.1
1153520 1307.1
1153530 1313.7
1153540 1320.4
1153550 1320.4
1153560 1326.1
1153570 1329.2
1153580 1329.2
1153590 1332.9
1153600 1339.9
1153610 1339.9
1153620 1348.9
1153630 1359.0
1153640 1359.0
1153650 1369.5
1153660 1379.1
1153670 1387.9
1153680 1387.9
1153690 1397.3
1153700 1406.6
1153710 1406.6
1153720 1415.3
1153730 1422.0
1153740 1422.0
1153750 1428.6
1153760 1436.6
1153770 1436.6
1153780 1445.3
1153790 1452.3
1153800 1452.3
1153810 1459.1
1153820 1466.1
1153830 1466.1
1153840 1467.7
1153850 1471.0
1153860 1471.0
1153870 1481.6
1153880 1492.8
1153890 1498.8
1153900 1510.8
1153910 1519.3
1153920 1527.9
1153930 1527.9
1153940 1532.3
1153950 1534.5
1153960 1534.5
1153970 1533.8
1153980 1536.5
1153990 1536.5
1154000 1542.4
1154010 1545.2
1154020 1545.2
1154030 1552.2
1154040 1563.1
1154050 1563.1
1154060 1573.6
1154070 1580.7
1154080 1588.1
1154090 1588.1
1154100 1595.5
1154110 1603.3
1154120 1603.3
1154130 1609.9
1154140 1616.2
1154150 1616.2
1154160 1623.1
1154170 1627.4
1154180 1627.4
1154190 1633.4
1154200 1639.2
1154210 1639.2
1154220 1644.4
1154230 1646.9
1154240 1646.9
1154250 1649.0
1154260 1650.2
1154270 1650.2
1154280 1659.9
1154290 1660.7
1154300 1660.2
1154310 1660.2
1154320 1657.2
1154330 1647.4
1154340 1647.4
1154350 1637.6
1154360 1635.5
1154370 1635.5
1154380 1635.1
1154390 1634.2
1154400 1634.2
1154410 1634.0
1154420 1635.6
1154430 1635.6
1154440 1639.2
1154450 1647.1
1154460 1647.1
1154470 1648.5
1154480 1646.7
1154490 1646.7
1154500 1646.6
1154510 1644.9
1154520 1644.1
1154530 1644.1
1154540 1642.0
1154550 1638.7
1154560 1638.7
1154570 1633.3
1154580 1629.5
1154590 1629.5
1154600 1629.1
1154610 1626.5
1154620 1626.5
1154630 1624.4
1154640 1622.2
1154650 1622.2
1154660 1625.0
1154670 1621.7
1154680 1621.7
1154690 1619.7
1154700 1620.0
1154710 1620.0
1154720 1618.6
1154730 1616.2
1154740 1615.8
1154750 1615.8
1154760 1613.6
1154770 1611.1
1154780 1611.1
1154790 1608.6
1154800 1602.5
1154810 1602.5
1154820 1595.4
1154830 1586.5
1154840 1586.5
1154850 1579.7
1154860 1574.1
1154870 1574.1
1154880 1567.9
1154890 1560.9
1154900 1560.9
1154910 1552.3
1154920 1544.7
1154930 1544.7
1154940 1538.9
1154950 1533.4
1154960 1530.1
1154970 1530.1
1154980 1525.7
1154990 1520.8
1155000 1520.8
1155010 1516.2
1155020 1512.8
1155030 1512.8
1155040 1509.2
1155050 1509.9
1155060 1509.9
1155070 1514.3
1155080 1520.4
1155090 1520.4
1155100 1527.5
1155110 1533.2
1155120 1533.2
1155130 1541.5
1155140 1549.8
1155150 1549.8
1155160 1556.1
1155170 1563.9
1155180 1571.0
1155190 1571.0
1155200 1578.5
1155210 1585.2
1155220 1585.2
1155230 1592.3
1155240 1599.6
1155250 1599.6
1155260 1607.1
1155270 1614.5
1155280 1614.5
1155290 1622.3
1155300 1631.0
1155310 1631.0
1155320 1638.8
1155330 1646.5
1155340 1646.5
1155350 1654.4
1155360 1662.8
1155370 1662.8
1155380 1671.6
1155390 1680.6
1155400 1690.4
1155410 1690.4
1155420 1699.1
1155430 1707.7
1155440 1707.7
1155450 1717.2
1155460 1729.4
1155470 1729.4
1155480 1742.4
1155490 1751.5
1155500 1751.5
1155510 1760.9
1155520 1770.1
1155530 1770.1
1155540 1778.7
1155550 1786.3
1155560 1786.3
1155570 1794.2
1155580 1801.7
1155590 1801.7
1155600 1808.3
1155610 1813.9
1155620 1818.5
1155630 1818.5
1155640 1823.0
1155650 1827.0
1155660 1827.0
1155670 1831.2
1155680 1834.9
1155690 1834.9
1155700 1837.9
1155710 1840.7
1155720 1840.7
1155730 1842.9
1155740 1844.3
1155750 1844.3
1155760 1846.3
1155770 1849.3
1155780 1849.3
1155790 1852.8
1155800 1855.8
1155810 1855.8
1155820 1864.5
1155830 1869.4
1155840 1874.1
1155850 1874.1
1155860 1879.0
1155870 1884.0
1155880 1884.0
1155890 1888.2
1155900 1891.8
1155910 1891.8
1155920 1895.1
1155930 1897.3
1155940 1897.3
1155950 1898.0
1155960 1898.1
1155970 1898.1
1155980 1899.0
1155990 1900.5
1156000 1900.5
1156010 1901.8
1156020 1902.4
1156030 1902.4
1156040 1903.4
1156050 1904.1
1156060 1903.6
1156070 1903.6
1156080 1902.6
1156090 1902.9
1156100 1902.9
1156110 1903.2
1156120 1903.4
1156130 1903.4
1156140 1903.2
1156150 1903.9
1156160 1903.9
1156170 1904.7
1156180 1906.5
1156190 1906.5
1156200 1908.4
1156210 1915.8
1156220 1915.8
1156230 1918.4
1156240 1921.5
1156250 1921.5
1156260 1923.4
1156270 1924.4
1156280 1922.3
1156290 1922.3
1156300 1915.9
1156310 1905.7
1156320 1905.7
1156330 1892.1
1156340 1895.3
1156350 1895.3
1156360 1909.2
1156370 1910.9
1156380 1910.9
1156390 1904.7
1156400 1898.7
1156410 1898.7
1156420 1899.7
1156430 1910.4
1156440 1910.4
1156450 1922.5
1156460 1931.8
1156470 1931.8
1156480 1939.5
1156490 1948.1
1156500 1954.8
1156510 1954.8
1156520 1962.1
1156530 1970.5
1156540 1970.5
1156550 1977.2
1156560 1982.5
1156570 1982.5
1156580 1988.9
1156590 1999.4
1156600 1999.4
1156610 2004.3
1156620 2009.4
1156630 2009.4
1156640 2014.3
1156650 2019.3
1156660 2019.3
1156670 2025.9
1156680 2033.0
1156690 2033.0
1156700 2039.3
1156710 2047.5
1156720 2056.4
1156730 2056.4
1156740 2063.9
1156750 2071.3
1156760 2071.3
1156770 2077.4
1156780 2084.3
1156790 2084.3
1156800 2091.1
1156810 2097.7
1156820 2097.7
1156830 2104.2
1156840 2110.2
1156850 2110.2
1156860 2115.8
1156870 2121.1
1156880 2121.1
1156890 2126.1
1156900 2130.5
1156910 2130.5
1156920 2135.6
1156930 2142.2
1156940 2149.8
1156950 2149.8
1156960 2157.2
1156970 2163.8
1156980 2164.0
1156990 2171.2
1157000 2178.8
1157010 2178.8
1157020 2186.1
1157030 2192.9
1157040 2192.9
1157050 2199.0
1157060 2204.7
1157070 2204.7
1157080 2210.1
1157090 2215.5
1157100 2215.5
1157110 2221.8
1157120 2227.7
1157130 2227.7
1157140 2232.4
1157150 2235.3
1157160 2237.8
1157170 2237.8
1157180 2239.8
1157190 2241.2
1157200 2241.2
1157210 2240.1
1157220 2232.2
1157230 2232.2
1157240 2221.7
1157250 2212.5
1157260 2212.5
1157270 2202.2
1157280 2193.7
1157290 2193.7
1157300 2185.6
1157310 2176.0
1157320 2176.0
1157330 2166.7
1157340 2157.1
1157350 2157.1
1157360 2146.2
1157370 2137.5
1157380 2128.3
1157390 2128.3
1157400 2120.0
1157410 2111.2
1157420 2111.2
1157430 2101.8
1157440 2094.2
1157450 2094.2
1157460 2080.9
1157470 2062.9
1157480 2062.9
1157490 2052.6
1157500 2044.1
1157510 2044.1
1157520 2032.7
1157530 2021.7
1157540 2021.7
1157550 2013.3
1157560 2006.0
1157570 2006.0
1157580 1998.1
1157590 1987.8
1157600 1974.3
1157610 1974.3
1157620 1957.7
1157630 1946.0
1157640 1946.0
1157650 1936.6
1157660 1928.3
1157670 1928.3
1157680 1919.5
1157690 1911.6
1157700 1911.6
1157710 1904.6
1157720 1896.4
1157730 1896.4
1157740 1886.9
1157750 1878.6
1157760 1878.6
1157770 1869.6
1157780 1861.7
1157790 1861.7
1157800 1854.3
1157810 1847.3
1157820 1840.6
1157830 1840.6
1157840 1834.4
1157850 1828.6
1157860 1828.6
1157870 1822.9
1157880 1817.6
1157890 1817.6
1157900 1811.9
1157910 1805.8
1157920 1805.8
1157930 1800.3
1157940 1793.3
1157950 1793.3
1157960 1786.0
1157970 1778.4
1157980 1778.4
1157990 1771.0
1158000 1764.1
1158010 1764.1
1158020 1757.9
1158030 1753.0
1158040 1747.9
1158050 1747.9
1158060 1742.5
1158070 1736.8
1158080 1736.8
1158090 1735.1
1158100 1737.7
1158110 1737.7
1158120 1740.7
1158130 1746.2
1158140 1746.3
1158150 1753.0
1158160 1759.9
1158170 1759.9
1158180 1766.4
1158190 1772.0
1158200 1772.0
1158210 1777.6
1158220 1782.5
1158230 1782.5
1158240 1786.8
1158250 1791.3
1158260 1795.3
1158270 1795.3
1158280 1800.6
1158290 1807.1
1158300 1807.1
1158310 1812.5
1158320 1817.3
1158330 1817.3
1158340 1821.3
1158350 1825.3
1158360 1825.3
1158370 1829.9
1158380 1834.9
1158390 1834.9
1158400 1839.5
1158410 1843.4
1158420 1843.4
1158430 1848.4
1158440 1854.1
1158450 1854.1
1158460 1860.0
1158470 1866.1
1158480 1871.9
1158490 1871.9
1158500 1877.6
1158510 1883.2
1158520 1883.2
1158530 1889.7
1158540 1896.4
1158550 1896.4
1158560 1902.9
1158570 1909.2
1158580 1909.2
1158590 1915.6
1158600 1922.3
1158610 1922.3
1158620 1929.1
1158630 1935.8
1158640 1935.8
1158650 1942.9
1158660 1949.9
1158670 1949.9
1158680 1957.0
1158690 1964.3
1158700 1971.7
1158710 1971.7
1158720 1979.5
1158730 1987.2
1158740 1987.2
1158750 1994.9
1158760 2002.9
1158770 2002.9
1158780 2011.1
1158790 2018.8
1158800 2018.8
1158810 2026.3
1158820 2035.2
1158830 2035.2
1158840 2043.9
1158850 2052.0
1158860 2052.0
1158870 2060.7
1158880 2070.3
1158890 2070.3
1158900 2078.3
1158910 2085.3
1158920 2091.7
1158930 2091.7
1158940 2099.2
1158950 2107.7
1158960 2107.7
1158970 2116.5
1158980 2124.5
1158990 2124.5
1159000 2130.7
1159010 2136.0
1159020 2136.0
1159030 2142.3
1159040 2149.5
1159050 2149.5
1159060 2157.5
1159070 2165.6
1159080 2165.6
1159090 2172.5
1159100 2178.9
1159110 2178.9
1159120 2184.1
1159130 2188.1
1159140 2189.2
1159150 2189.2
1159160 2188.7
1159170 2189.8
1159180 2189.8
1159190 2189.3
1159200 2188.7
1159210 2188.7
1159220 2188.2
1159230 2185.3
1159240 2185.3
1159250 2182.9
1159260 2180.6
1159270 2180.6
1159280 2181.4
1159290 2179.6
1159300 2179.6
1159310 2183.1
1159320 2182.3
1159330 2182.3
1159340 2181.1
1159350 2179.8
1159360 2178.9
1159370 2178.9
1159380 2178.0
1159390 2177.2
1159400 2177.2
1159410 2176.4
1159420 2175.4
1159430 2175.4
1159440 2175.1
1159450 2174.4
1159460 2174.4
1159470 2173.1
1159480 2171.8
1159490 2171.8
1159500 2170.8
1159510 2170.2
1159520 2170.2
1159530 2170.0
1159540 2169.9
1159550 2169.9
1159560 2169.6
1159570 2168.8
1159580 2167.9
1159590 2167.9
1159600 2166.5
1159610 2164.7
1159620 2164.7
1159630 2163.0
1159640 2161.3
1159650 2161.3
1159660 2159.2
1159670 2156.3
1159680 2156.3
1159690 2153.1
1159700 2152.5
1159710 2152.5
1159720 2149.1
1159730 2145.9
1159740 2145.9
1159750 2142.4
1159760 2139.9
1159770 2139.9
1159780 2137.2
1159790 2133.2
1159800 2129.3
1159810 2129.3
1159820 2125.9
1159830 2121.9
1159840 2121.9
1159850 2118.4
1159860 2114.9
1159870 2114.9
1159880 2111.9
1159890 2109.1
1159900 2109.1
1159910 2106.5
1159920 2103.5
1159930 2103.5
1159940 2100.1
1159950 2095.4
1159960 2095.4
1159970 2090.5
1159980 2086.3
1159990 2086.3
