1140000 2441.8
1140010 2441.8
1140020 2439.7
1140030 2436.5
1140040 2436.5
1140050 2433.0
1140060 2429.4
1140070 2429.4
1140080 2425.7
1140090 2421.3
1140100 2416.6
1140110 2421.3
1140120 2416.7
1140130 2412.9
1140140 2412.9
1140150 2409.3
1140160 2405.9
1140170 2405.9
1140180 2402.3
1140190 2397.5
1140200 2397.5
1140210 2392.7
1140220 2388.0
1140230 2388.0
1140240 2384.3
1140250 2381.1
1140260 2381.1
1140270 2376.9
1140280 2373.8
1140290 2373.8
1140300 2370.7
1140310 2367.6
1140320 2364.7
1140330 2364.7
1140340 2362.1
1140350 2360.1
1140360 2360.1
1140370 2359.6
1140380 2359.4
1140390 2359.4
1140400 2355.6
1140410 2353.1
1140420 2353.1
1140430 2350.2
1140440 2347.1
1140450 2347.1
1140460 2343.4
1140470 2339.3
1140480 2342.1
1140490 2340.6
1140500 2340.3
1140510 2340.3
1140520 2339.7
1140530 2337.8
1140540 2335.0
1140550 2335.0
1140560 2333.8
1140570 2333.0
1140580 2333.0
1140590 2332.6
1140600 2330.9
1140610 2330.9
1140620 2327.8
1140630 2325.5
1140640 2325.5
1140650 2323.8
1140660 2322.1
1140670 2322.1
1140680 2319.7
1140690 2315.8
1140700 2315.8
1140710 2311.6
1140720 2308.6
1140730 2308.6
1140740 2305.5
1140750 2303.3
1140760 2301.2
1140770 2301.2
1140780 2299.9
1140790 2298.6
1140800 2298.6
1140810 2297.2
1140820 2296.5
1140830 2296.5
1140840 2296.1
1140850 2301.5
1140860 2301.5
1140870 2301.2
1140880 2302.0
1140890 2302.0
1140900 2301.8
1140910 2296.5
1140920 2296.5
1140930 2290.6
1140940 2286.2
1140950 2286.2
1140960 2283.9
1140970 2281.9
1140980 2280.5
1140990 2280.5
1141000 2281.0
1141010 2282.5
1141020 2282.5
1141030 2283.0
1141040 2282.4
1141050 2282.4
1141060 2282.1
1141070 2284.6
1141080 2284.6
1141090 2289.4
1141100 2293.7
1141110 2293.7
1141120 2296.9
1141130 2298.4
1141140 2298.4
1141150 2300.1
1141160 2303.4
1141170 2303.4
1141180 2308.0
1141190 2312.3
1141200 2315.8
1141210 2319.7
1141220 2322.3
1141230 2322.1
1141240 2322.1
1141250 2321.8
1141260 2321.9
1141270 2321.9
1141280 2324.8
1141290 2326.8
1141300 2326.8
1141310 2330.3
1141320 2331.7
1141330 2331.7
1141340 2332.1
1141350 2332.7
1141360 2332.7
1141370 2334.4
1141380 2336.1
1141390 2336.1
1141400 2337.7
1141410 2338.4
1141420 2339.8
1141430 2339.8
1141440 2341.2
1141450 2343.2
1141460 2343.2
1141470 2345.5
1141480 2347.8
1141490 2347.8
1141500 2349.8
1141510 2351.2
1141520 2351.2
1141530 2352.0
1141540 2354.6
1141550 2354.6
1141560 2356.3
1141570 2358.3
1141580 2364.1
1141590 2368.9
1141600 2377.8
1141610 2377.8
1141620 2386.8
1141630 2397.2
1141640 2408.2
1141650 2408.2
1141660 2413.7
1141670 2417.0
1141680 2417.0
1141690 2419.5
1141700 2422.6
1141710 2422.6
1141720 2425.5
1141730 2430.3
1141740 2430.3
1141750 2439.3
1141760 2448.2
1141770 2448.2
1141780 2456.3
1141790 2466.6
1141800 2466.6
1141810 2474.8
1141820 2482.1
1141830 2482.1
1141840 2494.1
1141850 2512.3
1141860 2520.8
1141870 2520.8
1141880 2526.6
1141890 2532.5
1141900 2532.5
1141910 2536.8
1141920 2538.1
1141930 2538.1
1141940 2531.8
1141950 2534.9
1141960 2534.9
1141970 2528.7
1141980 2521.8
1141990 2521.8
1142000 2516.4
1142010 2512.5
1142020 2512.5
1142030 2511.8
1142040 2509.8
1142050 2509.8
1142060 2507.1
1142070 2506.2
1142080 2506.2
1142090 2506.2
1142100 2510.3
1142110 2515.4
1142120 2515.4
1142130 2519.7
1142140 2523.1
1142150 2523.1
1142160 2525.5
1142170 2526.9
1142180 2526.9
1142190 2529.1
1142200 2533.1
1142210 2533.1
1142220 2538.7
1142230 2543.7
1142240 2543.7
1142250 2548.3
1142260 2551.1
1142270 2551.1
1142280 2553.4
1142290 2557.9
1142300 2563.5
1142310 2563.5
1142320 2574.0
1142330 2579.4
1142340 2579.4
1142350 2583.8
1142360 2588.1
1142370 2588.1
1142380 2592.1
1142390 2597.2
1142400 2597.2
1142410 2603.6
1142420 2610.7
1142430 2610.7
1142440 2618.0
1142450 2624.7
1142460 2624.7
1142470 2629.8
1142480 2634.5
1142490 2634.5
1142500 2638.5
1142510 2641.6
1142520 2644.8
1142530 2644.8
1142540 2647.8
1142550 2651.1
1142560 2651.1
1142570 2655.8
1142580 2660.0
1142590 2660.0
1142600 2665.5
1142610 2671.3
1142620 2671.3
1142630 2676.9
1142640 2682.3
1142650 2682.3
1142660 2690.5
1142670 2705.6
1142680 2705.6
1142690 2717.9
1142700 2731.8
1142710 2731.8
1142720 2739.4
1142730 2747.5
1142740 2757.2
1142750 2757.2
1142760 2766.2
1142770 2776.6
1142780 2776.6
1142790 2787.9
1142800 2800.7
1142810 2800.7
1142820 2819.9
1142830 2829.6
1142840 2829.6
1142850 2833.8
1142860 2834.0
1142870 2834.0
1142880 2834.2
1142890 2836.1
1142900 2836.1
1142910 2839.5
1142920 2845.6
1142930 2845.6
1142940 2855.9
1142950 2866.3
1142960 2875.3
1142970 2875.3
1142980 2880.2
1142990 2888.3
1143000 2888.3
1143010 2905.4
1143020 2916.8
1143030 2916.8
1143040 2927.2
1143050 2936.6
1143060 2927.5
1143070 2937.0
1143080 2947.7
1143090 2947.7
1143100 2955.8
1143110 2952.8
1143120 2952.8
1143130 2954.9
1143140 2967.5
1143150 2967.5
1143160 2974.0
1143170 2974.7
1143180 2979.7
1143190 2979.7
1143200 2983.0
1143210 2989.6
1143220 2989.6
1143230 2997.8
1143240 3006.1
1143250 3006.1
1143260 3008.5
1143270 3004.4
1143280 3004.4
1143290 2996.1
1143300 2991.2
1143310 2991.2
1143320 2991.0
1143330 2988.5
1143340 2988.5
1143350 2987.6
1143360 2984.5
1143370 2984.5
1143380 2989.9
1143390 2997.5
1143400 2999.5
1143410 2999.5
1143420 2995.3
1143430 2999.8
1143440 2990.0
1143450 2991.6
1143460 2995.1
1143470 2995.1
1143480 2990.5
1143490 2986.2
1143500 2986.2
1143510 2980.1
1143520 2975.9
1143530 2975.9
1143540 2978.5
1143550 2987.6
1143560 2987.6
1143570 2990.2
1143580 2987.1
1143590 2987.1
1143600 2982.9
1143610 2980.1
1143620 2977.1
1143630 2977.1
1143640 2972.3
1143650 2964.5
1143660 2964.5
1143670 2956.8
1143680 2951.2
1143690 2951.2
1143700 2947.5
1143710 2948.1
1143720 2948.1
1143730 2944.1
1143740 2938.4
1143750 2938.4
1143760 2931.1
1143770 2924.9
1143780 2924.9
1143790 2919.1
1143800 2915.6
1143810 2924.8
1143820 2919.0
1143830 2911.1
1143840 2906.5
1143850 2906.5
1143860 2902.4
1143870 2896.7
1143880 2896.7
1143890 2891.3
1143900 2887.5
1143910 2887.5
1143920 2885.5
1143930 2884.0
1143940 2884.0
1143950 2883.0
1143960 2882.2
1143970 2882.2
1143980 2881.2
1143990 2879.9
1144000 2879.9
1144010 2878.0
1144020 2875.7
1144030 2875.7
1144040 2872.9
1144050 2869.8
1144060 2866.7
1144070 2866.7
1144080 2864.5
1144090 2863.1
1144100 2863.1
1144110 2860.1
1144120 2857.1
1144130 2857.1
1144140 2856.0
1144150 2856.0
1144160 2856.0
1144170 2855.2
1144180 2861.7
1144190 2861.7
1144200 2860.1
1144210 2859.5
1144220 2859.5
1144230 2859.3
1144240 2860.0
1144250 2860.0
1144260 2860.6
1144270 2861.5
1144280 2862.7
1144290 2862.7
1144300 2867.6
1144310 2867.7
1144320 2867.7
1144330 2861.3
1144340 2838.4
1144350 2838.4
1144360 2836.6
1144370 2834.4
1144380 2834.4
1144390 2832.4
1144400 2835.5
1144410 2835.5
1144420 2833.4
1144430 2832.2
1144440 2832.2
1144450 2832.9
1144460 2834.0
1144470 2834.0
1144480 2833.8
1144490 2831.9
1144500 2833.2
1144510 2833.2
1144520 2828.8
1144530 2807.1
1144540 2807.1
1144550 2784.9
1144560 2767.7
1144570 2767.7
1144580 2764.1
1144590 2767.5
1144600 2767.5
1144610 2771.0
1144620 2767.9
1144630 2767.9
1144640 2764.7
1144650 2769.9
1144660 2769.9
1144670 2775.3
1144680 2781.0
1144690 2781.0
1144700 2785.7
1144710 2790.7
1144720 2795.4
1144730 2795.4
1144740 2800.4
1144750 2805.3
1144760 2805.3
1144770 2809.0
1144780 2812.9
1144790 2812.9
1144800 2816.1
1144810 2817.2
1144820 2817.2
1144830 2820.3
1144840 2823.8
1144850 2823.8
1144860 2824.5
1144870 2825.0
1144880 2825.0
1144890 2829.0
1144900 2832.2
1144910 2832.2
1144920 2832.8
1144930 2823.7
1144940 2821.4
1144950 2821.4
1144960 2819.0
1144970 2817.3
1144980 2817.3
1144990 2817.1
1145000 2818.5
1145010 2818.5
1145020 2821.4
1145030 2796.9
1145040 2796.9
1145050 2750.2
1145060 2715.1
1145070 2715.1
1145080 2719.9
1145090 2724.0
1145100 2724.0
1145110 2728.9
1145120 2733.5
1145130 2733.5
1145140 2736.7
1145150 2739.8
1145160 2743.7
1145170 2743.7
1145180 2747.6
1145190 2750.8
1145200 2750.8
1145210 2753.7
1145220 2755.4
1145230 2755.4
1145240 2756.1
1145250 2758.0
1145260 2758.0
1145270 2762.2
1145280 2765.8
1145290 2765.8
1145300 2747.1
1145310 2749.9
1145320 2749.9
1145330 2751.8
1145340 2755.8
1145350 2755.8
1145360 2759.4
1145370 2759.8
1145380 2753.8
1145390 2753.8
1145400 2749.5
1145410 2746.5
1145420 2746.5
1145430 2740.9
1145440 2734.6
1145450 2734.6
1145460 2728.7
1145470 2725.1
1145480 2725.1
1145490 2720.9
1145500 2716.0
1145510 2716.0
1145520 2710.5
1145530 2707.0
1145540 2707.0
1145550 2703.6
1145560 2700.6
1145570 2700.6
1145580 2696.8
1145590 2692.3
1145600 2688.6
1145610 2688.6
1145620 2684.8
1145630 2680.4
1145640 2680.4
1145650 2673.8
1145660 2662.5
1145670 2660.3
1145680 2646.2
1145690 2633.9
1145700 2633.9
1145710 2628.6
1145720 2622.5
1145730 2622.5
1145740 2615.3
1145750 2609.8
1145760 2609.8
1145770 2604.7
1145780 2598.8
1145790 2598.8
1145800 2592.6
1145810 2586.8
1145820 2581.9
1145830 2581.9
1145840 2579.9
1145850 2580.2
1145860 2580.2
1145870 2580.1
1145880 2580.9
1145890 2580.9
1145900 2582.4
1145910 2583.4
1145920 2583.4
1145930 2584.1
1145940 2584.9
1145950 2584.9
1145960 2587.1
1145970 2590.8
1145980 2590.8
1145990 2595.2
1146000 2600.1
1146010 2600.1
1146020 2605.1
1146030 2610.2
1146040 2615.5
1146050 2612.4
1146060 2617.2
1146070 2622.1
1146080 2622.1
1146090 2627.8
1146100 2634.1
1146110 2634.1
1146120 2640.9
1146130 2648.1
1146140 2648.1
1146150 2655.5
1146160 2662.0
1146170 2662.0
1146180 2667.6
1146190 2674.9
1146200 2674.9
1146210 2684.2
1146220 2692.5
1146230 2692.5
1146240 2699.9
1146250 2706.1
1146260 2713.9
1146270 2713.9
1146280 2723.4
1146290 2733.9
1146300 2733.9
1146310 2745.7
1146320 2757.2
1146330 2757.2
1146340 2766.7
1146350 2771.9
1146360 2771.9
1146370 2770.9
1146380 2773.3
1146390 2773.3
1146400 2780.7
1146410 2787.5
1146420 2778.5
1146430 2774.8
1146440 2778.6
1146450 2778.6
1146460 2788.8
1146470 2797.5
1146480 2800.5
1146490 2800.5
1146500 2797.6
1146510 2793.8
1146520 2793.8
1146530 2791.6
1146540 2782.4
1146550 2782.4
1146560 2776.9
1146570 2776.0
1146580 2776.0
1146590 2771.5
1146600 2765.9
1146610 2765.9
1146620 2762.1
1146630 2760.4
1146640 2760.4
1146650 2756.0
1146660 2751.5
1146670 2751.5
1146680 2750.5
1146690 2746.3
1146700 2740.6
1146710 2740.6
1146720 2734.8
1146730 2728.3
1146740 2728.3
1146750 2719.2
1146760 2712.6
1146770 2712.6
1146780 2705.9
1146790 2701.1
1146800 2707.8
1146810 2699.5
1146820 2695.2
1146830 2695.2
1146840 2693.7
1146850 2694.8
1146860 2694.8
1146870 2696.6
1146880 2694.6
1146890 2694.6
1146900 2683.4
1146910 2673.4
1146920 2667.1
1146930 2667.1
1146940 2667.7
1146950 2668.4
1146960 2668.4
1146970 2668.5
1146980 2668.3
1146990 2668.3
1147000 2668.4
1147010 2667.2
1147020 2667.2
1147030 2671.6
1147040 2678.3
1147050 2678.3
1147060 2683.0
1147070 2684.5
1147080 2684.5
1147090 2682.4
1147100 2680.1
1147110 2680.1
1147120 2676.8
1147130 2673.3
1147140 2670.4
1147150 2670.4
1147160 2670.1
1147170 2663.6
1147180 2663.6
1147190 2662.0
1147200 2661.1
1147210 2661.1
1147220 2659.7
1147230 2657.7
1147240 2657.7
1147250 2655.6
1147260 2653.5
1147270 2653.5
1147280 2652.8
1147290 2653.4
1147300 2653.4
1147310 2654.0
1147320 2654.3
1147330 2654.3
1147340 2654.4
1147350 2652.7
1147360 2648.2
1147370 2648.2
1147380 2649.4
1147390 2644.3
1147400 2644.3
1147410 2631.5
1147420 2606.5
1147430 2606.5
1147440 2576.5
1147450 2574.9
1147460 2574.9
1147470 2575.3
1147480 2574.2
1147490 2574.2
1147500 2572.9
1147510 2574.2
1147520 2574.2
1147530 2573.5
1147540 2566.9
1147550 2563.0
1147560 2554.7
1147570 2544.1
1147580 2536.5
1147590 2536.5
1147600 2536.9
1147610 2536.7
1147620 2536.7
1147630 2532.1
1147640 2529.7
1147650 2529.7
1147660 2529.2
1147670 2524.1
1147680 2524.1
1147690 2518.8
1147700 2513.1
1147710 2513.1
1147720 2511.8
1147730 2510.5
1147740 2510.5
1147750 2505.9
1147760 2503.0
1147770 2503.0
1147780 2504.6
1147790 2507.5
1147800 2509.8
1147810 2509.8
1147820 2510.8
1147830 2511.4
1147840 2511.4
1147850 2512.3
1147860 2512.8
1147870 2512.8
1147880 2513.8
1147890 2514.4
1147900 2514.4
1147910 2516.6
1147920 2508.1
1147930 2508.1
1147940 2509.7
1147950 2510.8
1147960 2510.8
1147970 2511.5
1147980 2511.2
1147990 2511.2
1148000 2510.6
1148010 2510.1
1148020 2504.3
1148030 2504.3
1148040 2502.3
1148050 2504.0
1148060 2504.0
1148070 2505.3
1148080 2505.3
1148090 2505.3
1148100 2501.7
1148110 2494.7
1148120 2494.7
1148130 2488.3
1148140 2488.0
1148150 2488.0
1148160 2490.5
1148170 2492.3
1148180 2492.3
1148190 2487.7
1148200 2488.1
1148210 2488.1
1148220 2491.2
1148230 2493.7
1148240 2494.3
1148250 2494.3
1148260 2495.4
1148270 2497.3
1148280 2497.3
1148290 2498.8
1148300 2492.2
1148310 2492.2
1148320 2491.8
1148330 2495.3
1148340 2495.3
1148350 2497.5
1148360 2498.9
1148370 2498.9
1148380 2497.6
1148390 2495.6
1148400 2495.6
1148410 2492.2
1148420 2477.5
1148430 2477.5
1148440 2461.3
1148450 2447.7
1148460 2432.8
1148470 2432.8
1148480 2420.2
1148490 2405.8
1148500 2405.8
1148510 2389.1
1148520 2379.4
1148530 2379.4
1148540 2374.6
1148550 2365.9
1148560 2365.9
1148570 2356.1
1148580 2351.2
1148590 2351.2
1148600 2351.9
1148610 2354.6
1148620 2354.6
1148630 2347.7
1148640 2343.3
1148650 2343.3
1148660 2336.3
1148670 2326.9
1148680 2329.6
1148690 2329.6
1148700 2324.4
1148710 2323.4
1148720 2323.4
1148730 2311.5
1148740 2295.3
1148750 2295.3
1148760 2287.1
1148770 2272.1
1148780 2272.1
1148790 2258.2
1148800 2248.2
1148810 2248.2
1148820 2241.6
1148830 2232.5
1148840 2232.5
1148850 2219.4
1148860 2209.6
1148870 2196.2
1148880 2196.2
1148890 2180.9
1148900 2165.1
1148910 2165.1
1148920 2153.0
1148930 2138.3
1148940 2138.3
1148950 2122.2
1148960 2107.3
1148970 2107.3
1148980 2092.7
1148990 2085.9
1149000 2085.9
1149010 2079.2
1149020 2073.2
1149030 2073.2
1149040 2066.3
1149050 2060.7
1149060 2069.0
1149070 2065.4
1149080 2058.2
1149090 2050.6
1149100 2050.6
1149110 2042.2
1149120 2032.8
1149130 2032.8
1149140 2023.9
1149150 2016.3
1149160 2016.3
1149170 2008.9
1149180 2001.3
1149190 2001.3
1149200 1994.7
1149210 1984.9
1149220 1984.9
1149230 1974.5
1149240 1966.0
1149250 1966.0
1149260 1957.9
1149270 1948.3
1149280 1948.3
1149290 1932.4
1149300 1914.1
1149310 1903.8
1149320 1903.8
1149330 1892.6
1149340 1880.6
1149350 1880.6
1149360 1873.4
1149370 1866.5
1149380 1866.5
1149390 1859.7
1149400 1853.9
1149410 1853.9
1149420 1848.2
1149430 1840.2
1149440 1840.2
1149450 1834.9
1149460 1829.1
1149470 1829.1
1149480 1823.8
1149490 1818.7
1149500 1818.7
1149510 1813.2
1149520 1808.3
1149530 1803.7
1149540 1803.7
1149550 1799.0
1149560 1794.9
1149570 1794.9
1149580 1791.2
1149590 1788.5
1149600 1788.5
1149610 1786.6
1149620 1783.4
1149630 1783.4
1149640 1777.4
1149650 1770.2
1149660 1770.2
1149670 1762.9
1149680 1757.8
1149690 1757.8
1149700 1757.7
1149710 1759.2
1149720 1759.2
1149730 1761.3
1149740 1766.1
1149750 1771.6
1149760 1771.6
1149770 1776.6
1149780 1781.1
1149790 1781.1
1149800 1787.2
1149810 1787.1
1149820 1787.1
1149830 1789.2
1149840 1786.0
1149850 1786.0
1149860 1783.1
1149870 1779.3
1149880 1779.3
1149890 1775.4
1149900 1770.6
1149910 1770.6
1149920 1766.5
1149930 1763.6
1149940 1763.6
1149950 1761.2
1149960 1758.0
1149970 1753.9
1149980 1753.9
1149990 1748.5
1150000 1742.9
1150010 1742.9
1150020 1737.5
1150030 1729.6
1150040 1729.6
1150050 1723.3
1150060 1717.7
1150070 1717.7
1150080 1712.2
1150090 1706.5
1150100 1706.5
1150110 1700.3
1150120 1694.3
1150130 1694.3
1150140 1688.3
1150150 1682.5
1150160 1682.5
1150170 1671.9
1150180 1657.9
1150190 1647.0
1150200 1647.0
1150210 1637.7
1150220 1633.1
1150230 1633.1
1150240 1630.9
1150250 1627.6
1150260 1627.6
1150270 1621.9
1150280 1613.5
1150290 1613.5
1150300 1608.0
1150310 1605.2
1150320 1605.2
1150330 1603.9
1150340 1601.0
1150350 1601.0
1150360 1594.9
1150370 1589.3
1150380 1589.3
1150390 1583.5
1150400 1576.6
1150410 1569.9
1150420 1569.9
1150430 1563.2
1150440 1556.2
1150450 1556.2
1150460 1549.2
1150470 1541.9
1150480 1541.9
1150490 1537.7
1150500 1533.3
1150510 1533.3
1150520 1528.0
1150530 1522.2
1150540 1522.2
1150550 1516.2
1150560 1509.9
1150570 1505.8
1150580 1499.8
1150590 1494.0
1150600 1494.0
1150610 1487.4
1150620 1479.1
1150630 1470.0
1150640 1470.0
1150650 1461.8
1150660 1458.2
1150670 1458.2
1150680 1458.6
1150690 1458.8
1150700 1458.8
1150710 1458.4
1150720 1456.3
1150730 1456.3
1150740 1455.1
1150750 1455.2
1150760 1455.2
1150770 1456.2
1150780 1456.5
1150790 1456.5
1150800 1455.9
1150810 1454.9
1150820 1454.9
1150830 1452.8
1150840 1451.7
1150850 1451.5
1150860 1451.5
1150870 1449.0
1150880 1446.7
1150890 1446.7
1150900 1446.9
1150910 1450.0
1150920 1450.0
1150930 1454.6
1150940 1457.9
1150950 1450.4
1150960 1450.8
1150970 1454.2
1150980 1454.2
1150990 1459.2
1151000 1465.4
1151010 1465.4
1151020 1468.8
1151030 1467.8
1151040 1467.8
1151050 1463.0
1151060 1458.1
1151070 1453.6
1151080 1453.6
1151090 1448.9
1151100 1443.7
1151110 1443.7
1151120 1438.7
1151130 1434.5
1151140 1434.5
1151150 1429.2
1151160 1422.4
1151170 1422.4
1151180 1414.8
1151190 1408.9
1151200 1408.9
1151210 1406.2
1151220 1403.4
1151230 1403.4
1151240 1399.5
1151250 1395.3
1151260 1395.3
1151270 1390.6
1151280 1386.4
1151290 1380.7
1151300 1380.7
1151310 1374.1
1151320 1367.1
1151330 1368.2
1151340 1361.1
1151350 1354.5
1151360 1354.5
1151370 1350.4
1151380 1347.9
1151390 1347.9
1151400 1344.5
1151410 1341.8
1151420 1341.8
1151430 1339.6
1151440 1338.3
1151450 1338.3
1151460 1338.3
1151470 1338.7
1151480 1338.7
1151490 1339.6
1151500 1338.8
1151510 1335.6
1151520 1335.6
1151530 1332.4
1151540 1329.5
1151550 1329.5
1151560 1326.4
1151570 1323.2
1151580 1323.2
1151590 1319.9
1151600 1316.2
1151610 1316.2
1151620 1311.3
1151630 1307.5
1151640 1307.5
1151650 1306.2
1151660 1303.6
1151670 1303.6
1151680 1301.0
1151690 1298.0
1151700 1298.0
1151710 1290.3
1151720 1286.3
1151730 1283.4
1151740 1283.4
1151750 1282.7
1151760 1283.4
1151770 1283.4
1151780 1283.6
1151790 1283.5
1151800 1283.5
1151810 1282.5
1151820 1280.6
1151830 1280.6
1151840 1279.8
1151850 1277.6
1151860 1277.6
1151870 1275.0
1151880 1272.5
1151890 1272.5
1151900 1270.4
1151910 1268.8
1151920 1268.8
1151930 1267.9
1151940 1266.9
1151950 1265.2
1151960 1265.2
1151970 1263.5
1151980 1262.5
1151990 1262.5
1152000 1261.6
1152010 1260.3
1152020 1260.3
1152030 1258.0
1152040 1254.6
1152050 1254.6
1152060 1251.2
1152070 1248.3
1152080 1248.3
1152090 1239.2
1152100 1234.2
1152110 1234.2
1152120 1226.8
1152130 1219.7
1152140 1219.7
1152150 1215.8
1152160 1213.0
1152170 1210.9
1152180 1210.9
1152190 1209.8
1152200 1209.2
1152210 1209.2
1152220 1208.6
1152230 1208.1
1152240 1208.1
1152250 1207.7
1152260 1207.4
1152270 1207.4
1152280 1207.3
1152290 1207.3
1152300 1207.3
1152310 1207.3
1152320 1207.3
1152330 1207.3
1152340 1207.4
1152350 1207.3
1152360 1207.3
1152370 1207.2
1152380 1207.1
1152390 1207.1
1152400 1207.1
1152410 1207.0
1152420 1206.8
1152430 1206.8
1152440 1206.7
1152450 1206.6
1152460 1206.6
1152470 1206.5
1152480 1204.7
1152490 1204.7
1152500 1204.9
1152510 1205.2
1152520 1205.2
1152530 1205.4
1152540 1205.4
1152550 1205.4
1152560 1205.4
1152570 1205.3
1152580 1205.3
1152590 1205.3
1152600 1205.2
1152610 1204.7
1152620 1204.7
1152630 1203.2
1152640 1202.1
1152650 1202.1
1152660 1202.8
1152670 1204.9
1152680 1204.9
1152690 1208.8
1152700 1213.2
1152710 1213.2
1152720 1218.6
1152730 1224.7
1152740 1224.7
1152750 1231.4
1152760 1235.2
1152770 1235.2
1152780 1237.9
1152790 1241.0
1152800 1241.0
1152810 1243.4
1152820 1246.2
1152830 1246.8
1152840 1246.8
1152850 1246.9
1152860 1253.7
1152870 1253.7
1152880 1256.6
1152890 1260.0
1152900 1260.0
1152910 1263.0
1152920 1267.5
1152930 1267.5
1152940 1270.6
1152950 1271.9
1152960 1271.9
1152970 1273.6
1152980 1276.6
1152990 1276.6
1153000 1279.9
1153010 1282.8
1153020 1282.8
1153030 1284.2
1153040 1284.1
1153050 1282.3
1153060 1282.3
1153070 1283.0
1153080 1285.6
1153090 1285.6
1153100 1288.5
1153110 1292.6
1153120 1292.6
1153130 1300.5
1153140 1308.1
1153150 1308.1
1153160 1312.9
1153170 1318.2
1153180 1318.2
1153190 1323.7
1153200 1324.9
1153210 1324.9
1153220 1328.5
1153230 1336.1
1153240 1339.2
1153250 1344.6
1153260 1348.5
1153270 1349.7
1153280 1349.7
1153290 1352.5
1153300 1357.2
1153310 1357.2
1153320 1362.0
1153330 1367.5
1153340 1367.5
1153350 1375.0
1153360 1381.8
1153370 1381.8
1153380 1388.9
1153390 1397.3
1153400 1397.3
1153410 1402.3
1153420 1405.0
1153430 1405.0
1153440 1409.5
1153450 1413.2
1153460 1413.2
1153470 1420.1
1153480 1431.0
1153490 1440.5
1153500 1440.5
1153510 1446.7
1153520 1450.8
1153530 1450.8
1153540 1453.2
1153550 1454.1
1153560 1454.1
1153570 1455.3
1153580 1456.9
1153590 1456.9
1153600 1462.8
1153610 1469.5
1153620 1474.7
1153630 1479.5
1153640 1484.3
1153650 1484.3
1153660 1490.6
1153670 1500.1
1153680 1500.1
1153690 1509.9
1153700 1518.2
1153710 1522.8
1153720 1522.8
1153730 1528.0
1153740 1535.8
1153750 1535.8
1153760 1547.6
1153770 1560.4
1153780 1560.4
1153790 1571.0
1153800 1578.4
1153810 1578.4
1153820 1584.3
1153830 1589.2
1153840 1589.2
1153850 1593.8
1153860 1598.8
1153870 1598.8
1153880 1604.1
1153890 1610.7
1153900 1610.7
1153910 1618.6
1153920 1627.1
1153930 1634.6
1153940 1634.6
1153950 1640.6
1153960 1647.7
1153970 1647.7
1153980 1654.8
1153990 1660.2
1154000 1660.2
1154010 1671.8
1154020 1676.4
1154030 1676.4
1154040 1678.5
1154050 1679.7
1154060 1679.7
1154070 1686.1
1154080 1695.1
1154090 1695.1
1154100 1704.7
1154110 1714.0
1154120 1714.0
1154130 1724.4
1154140 1732.0
1154150 1738.1
1154160 1738.1
1154170 1744.2
1154180 1750.3
1154190 1750.3
1154200 1755.8
1154210 1761.2
1154220 1761.2
1154230 1765.9
1154240 1769.5
1154250 1769.5
1154260 1772.9
1154270 1776.4
1154280 1776.4
1154290 1779.9
1154300 1782.9
1154310 1782.9
1154320 1784.3
1154330 1784.1
1154340 1784.1
1154350 1782.8
1154360 1781.3
1154370 1779.7
1154380 1779.7
1154390 1783.7
1154400 1782.4
1154410 1782.4
1154420 1780.8
1154430 1778.2
1154440 1778.2
1154450 1775.6
1154460 1773.9
1154470 1773.9
1154480 1771.1
1154490 1767.9
1154500 1767.9
1154510 1764.5
1154520 1761.4
1154530 1761.4
1154540 1758.8
1154550 1756.2
1154560 1756.2
1154570 1754.7
1154580 1753.6
1154590 1752.7
1154600 1752.7
1154610 1750.3
1154620 1747.6
1154630 1747.6
1154640 1747.3
1154650 1746.9
1154660 1746.9
1154670 1744.3
1154680 1741.8
1154690 1741.8
1154700 1742.0
1154710 1742.4
1154720 1742.4
1154730 1740.6
1154740 1738.5
1154750 1738.5
1154760 1738.0
1154770 1736.2
1154780 1741.2
1154790 1735.7
1154800 1731.5
1154810 1727.7
1154820 1727.7
1154830 1723.9
1154840 1719.0
1154850 1719.0
1154860 1713.4
1154870 1707.7
1154880 1707.7
1154890 1700.5
1154900 1691.8
1154910 1691.8
1154920 1682.9
1154930 1672.3
1154940 1672.3
1154950 1659.2
1154960 1646.3
1154970 1646.3
1154980 1633.2
1154990 1622.5
1155000 1622.5
1155010 1613.8
1155020 1606.5
1155030 1600.1
1155040 1600.1
1155050 1593.3
1155060 1586.2
1155070 1586.2
1155080 1579.9
1155090 1575.9
1155100 1575.9
1155110 1577.8
1155120 1578.8
1155130 1578.8
1155140 1580.5
1155150 1584.0
1155160 1588.0
1155170 1593.3
1155180 1599.3
1155190 1599.3
1155200 1604.9
1155210 1610.1
1155220 1610.1
1155230 1615.2
1155240 1621.4
1155250 1627.0
1155260 1627.0
1155270 1632.6
1155280 1639.6
1155290 1639.6
1155300 1647.6
1155310 1656.3
1155320 1656.3
1155330 1667.0
1155340 1678.3
1155350 1678.3
1155360 1687.4
1155370 1694.1
1155380 1694.1
1155390 1700.4
1155400 1708.7
1155410 1708.7
1155420 1719.2
1155430 1728.8
1155440 1728.8
1155450 1736.4
1155460 1744.6
1155470 1753.5
1155480 1753.5
1155490 1762.8
1155500 1772.8
1155510 1772.8
1155520 1781.7
1155530 1792.7
1155540 1797.7
1155550 1806.2
1155560 1814.1
1155570 1814.1
1155580 1822.3
1155590 1830.3
1155600 1830.3
1155610 1837.4
1155620 1843.4
1155630 1843.4
1155640 1850.5
1155650 1857.1
1155660 1857.1
1155670 1865.0
1155680 1872.7
1155690 1879.3
1155700 1879.3
1155710 1886.3
1155720 1894.2
1155730 1894.2
1155740 1902.8
1155750 1910.6
1155760 1910.6
1155770 1918.0
1155780 1925.2
1155790 1925.2
1155800 1931.8
1155810 1937.7
1155820 1937.7
1155830 1942.9
1155840 1948.2
1155850 1948.2
1155860 1954.0
1155870 1960.6
1155880 1960.6
1155890 1967.3
1155900 1974.4
1155910 1981.4
1155920 1981.4
1155930 1991.7
1155940 1998.4
1155950 1998.4
1155960 2004.1
1155970 2009.0
1155980 2009.0
1155990 2013.9
1156000 2018.8
1156010 2018.8
1156020 2024.3
1156030 2029.9
1156040 2029.9
1156050 2035.0
1156060 2040.0
1156070 2040.0
1156080 2043.9
1156090 2047.3
1156100 2047.3
1156110 2051.3
1156120 2055.6
1156130 2060.3
1156140 2060.3
1156150 2064.1
1156160 2066.9
1156170 2066.9
1156180 2069.2
1156190 2070.6
1156200 2070.6
1156210 2070.2
1156220 2069.8
1156230 2069.8
1156240 2070.1
1156250 2069.8
1156260 2069.8
1156270 2068.2
1156280 2066.5
1156290 2066.5
1156300 2065.8
1156310 2067.2
1156320 2074.7
1156330 2076.5
1156340 2076.8
1156350 2076.6
1156360 2076.6
1156370 2074.8
1156380 2074.6
1156390 2074.6
1156400 2076.3
1156410 2077.4
1156420 2077.4
1156430 2077.6
1156440 2076.5
1156450 2076.5
1156460 2074.2
1156470 2074.1
1156480 2074.1
1156490 2075.3
1156500 2074.0
1156510 2074.0
1156520 2069.0
1156530 2072.7
1156540 2072.7
1156550 2079.0
1156560 2084.1
1156570 2087.6
1156580 2087.6
1156590 2089.9
1156600 2091.5
1156610 2091.5
1156620 2092.1
1156630 2091.5
1156640 2091.5
1156650 2089.3
1156660 2086.5
1156670 2086.5
1156680 2087.9
1156690 2086.4
1156700 2096.8
1156710 2096.1
1156720 2100.9
1156730 2100.9
1156740 2105.3
1156750 2109.7
1156760 2109.7
1156770 2115.5
1156780 2122.6
1156790 2131.5
1156800 2131.5
1156810 2139.1
1156820 2146.3
1156830 2146.3
1156840 2153.5
1156850 2160.7
1156860 2160.7
1156870 2168.1
1156880 2175.4
1156890 2175.4
1156900 2183.0
1156910 2190.7
1156920 2190.7
1156930 2199.7
1156940 2208.3
1156950 2208.3
1156960 2216.6
1156970 2224.5
1156980 2224.5
1156990 2231.9
1157000 2237.4
1157010 2241.0
1157020 2241.0
1157030 2245.1
1157040 2250.0
1157050 2250.0
1157060 2255.5
1157070 2261.6
1157080 2261.6
1157090 2273.9
1157100 2282.6
1157110 2282.6
1157120 2289.5
1157130 2293.5
1157140 2293.5
1157150 2294.6
1157160 2292.7
1157170 2292.7
1157180 2286.8
1157190 2277.6
1157200 2277.6
1157210 2269.0
1157220 2260.6
1157230 2251.6
1157240 2251.6
1157250 2243.5
1157260 2234.9
1157270 2234.9
1157280 2226.5
1157290 2218.2
1157300 2218.2
1157310 2208.9
1157320 2201.1
1157330 2201.1
1157340 2192.7
1157350 2183.3
1157360 2183.3
1157370 2174.8
1157380 2168.5
1157390 2168.5
1157400 2161.9
1157410 2150.3
1157420 2150.3
1157430 2138.1
1157440 2125.8
1157450 2111.5
1157460 2111.5
1157470 2098.1
1157480 2094.2
1157490 2094.2
1157500 2086.7
1157510 2076.6
1157520 2076.6
1157530 2067.0
1157540 2060.6
1157550 2060.6
1157560 2054.5
1157570 2052.5
1157580 2052.5
1157590 2048.3
1157600 2038.8
1157610 2038.8
1157620 2026.6
1157630 2019.9
1157640 2019.9
1157650 2010.0
1157660 2000.8
1157670 1991.6
1157680 1991.6
1157690 1984.8
1157700 1978.8
1157710 1978.8
1157720 1972.4
1157730 1966.3
1157740 1966.3
1157750 1959.7
1157760 1952.8
1157770 1952.8
1157780 1944.7
1157790 1936.9
1157800 1936.9
1157810 1929.0
1157820 1921.6
1157830 1921.6
1157840 1914.0
1157850 1906.6
1157860 1910.3
1157870 1903.2
1157880 1896.1
1157890 1888.9
1157900 1888.9
1157910 1881.5
1157920 1873.7
1157930 1873.7
1157940 1865.5
1157950 1855.4
1157960 1855.4
1157970 1843.6
1157980 1836.5
1157990 1836.5
1158000 1831.0
1158010 1824.6
1158020 1824.6
1158030 1818.4
1158040 1812.3
1158050 1812.3
1158060 1806.6
1158070 1801.5
1158080 1801.5
1158090 1796.9
1158100 1791.7
1158110 1784.6
1158120 1784.6
1158130 1780.2
1158140 1780.1
1158150 1780.1
1158160 1779.4
1158170 1777.1
1158180 1777.1
1158190 1777.4
1158200 1779.2
1158210 1779.2
1158220 1784.6
1158230 1791.3
1158240 1791.3
1158250 1797.2
1158260 1804.5
1158270 1804.5
1158280 1810.8
1158290 1817.0
1158300 1817.0
1158310 1823.9
1158320 1829.1
1158330 1833.8
1158340 1833.8
1158350 1838.2
1158360 1842.3
1158370 1842.3
1158380 1847.0
1158390 1851.7
1158400 1851.7
1158410 1856.0
1158420 1860.8
1158430 1860.8
1158440 1866.0
1158450 1871.5
1158460 1871.5
1158470 1877.1
1158480 1883.2
1158490 1883.2
1158500 1889.4
1158510 1895.9
1158520 1895.9
1158530 1902.6
1158540 1909.5
1158550 1915.7
1158560 1915.7
1158570 1920.8
1158580 1927.7
1158590 1927.7
1158600 1935.4
1158610 1942.9
1158620 1942.9
1158630 1949.6
1158640 1956.4
1158650 1956.4
1158660 1963.0
1158670 1969.8
1158680 1969.8
1158690 1976.7
1158700 1983.8
1158710 1983.8
1158720 1990.8
1158730 1997.9
1158740 1997.9
1158750 2005.3
1158760 2012.3
1158770 2018.8
1158780 2018.8
1158790 2024.8
1158800 2031.3
1158810 2031.3
1158820 2037.7
1158830 2044.3
1158840 2044.3
1158850 2050.9
1158860 2058.1
1158870 2058.1
1158880 2065.6
1158890 2073.2
1158900 2073.2
1158910 2080.8
1158920 2088.3
1158930 2088.3
1158940 2096.4
1158950 2103.9
1158960 2103.9
1158970 2110.9
1158980 2117.1
1158990 2123.1
1159000 2123.1
1159010 2128.8
1159020 2134.8
1159030 2133.4
1159040 2139.7
1159050 2146.3
1159060 2146.3
1159070 2153.9
1159080 2162.0
1159090 2162.0
1159100 2170.3
1159110 2178.8
1159120 2178.8
1159130 2186.6
1159140 2193.7
1159150 2193.7
1159160 2202.1
1159170 2212.1
1159180 2221.2
1159190 2221.2
1159200 2228.3
1159210 2236.2
1159220 2236.2
1159230 2245.7
1159240 2254.7
1159250 2254.7
1159260 2262.7
1159270 2267.9
1159280 2267.9
1159290 2270.7
1159300 2273.5
1159310 2273.5
1159320 2277.6
1159330 2277.3
1159340 2277.3
1159350 2277.4
1159360 2278.8
1159370 2278.8
1159380 2283.0
1159390 2285.5
1159400 2285.9
1159410 2285.9
1159420 2288.9
1159430 2283.8
1159440 2283.8
1159450 2272.3
1159460 2266.3
1159470 2266.3
1159480 2262.4
1159490 2257.2
1159500 2257.2
1159510 2252.3
1159520 2248.2
1159530 2248.2
1159540 2243.2
1159550 2237.4
1159560 2237.4
1159570 2231.3
1159580 2225.1
1159590 2225.1
1159600 2219.2
1159610 2213.4
1159620 2207.6
1159630 2207.6
1159640 2201.8
1159650 2195.9
1159660 2195.9
1159670 2190.3
1159680 2186.9
1159690 2186.9
1159700 2183.4
1159710 2179.4
1159720 2179.4
1159730 2173.4
1159740 2167.9
1159750 2167.9
1159760 2163.2
1159770 2158.3
1159780 2158.3
1159790 2152.4
1159800 2145.4
1159810 2144.8
1159820 2137.8
1159830 2130.8
1159840 2124.0
1159850 2124.0
1159860 2117.5
1159870 2111.3
1159880 2111.3
1159890 2105.7
1159900 2100.4
1159910 2100.4
1159920 2095.9
1159930 2092.6
1159940 2092.6
1159950 2090.7
1159960 2089.5
1159970 2089.5
1159980 2089.5
1159990 2089.0
