1140000 2906.3
1140010 2908.0
1140020 2908.0
1140030 2912.9
1140040 2917.4
1140050 2915.9
1140060 2915.9
1140070 2909.8
1140080 2909.2
1140090 2909.2
1140100 2910.6
1140110 2908.9
1140120 2908.9
1140130 2903.4
1140140 2904.8
1140150 2904.8
1140160 2915.2
1140170 2921.9
1140180 2921.9
1140190 2923.2
1140200 2911.6
1140210 2911.6
1140220 2909.7
1140230 2909.2
1140240 2909.2
1140250 2906.9
1140260 2905.4
1140270 2899.9
1140280 2899.9
1140290 2892.7
1140300 2885.7
1140310 2885.7
1140320 2880.4
1140330 2879.0
1140340 2879.0
1140350 2878.9
1140360 2877.5
1140370 2877.5
1140380 2861.9
1140390 2825.5
1140400 2825.5
1140410 2803.7
1140420 2789.8
1140430 2789.8
1140440 2779.5
1140450 2763.4
1140460 2763.4
1140470 2731.0
1140480 2726.9
1140490 2727.9
1140500 2727.9
1140510 2729.2
1140520 2730.9
1140530 2730.9
1140540 2732.3
1140550 2732.4
1140560 2732.4
1140570 2745.4
1140580 2745.5
1140590 2745.5
1140600 2743.1
1140610 2743.0
1140620 2743.0
1140630 2741.9
1140640 2740.9
1140650 2740.9
1140660 2739.5
1140670 2737.0
1140680 2737.0
1140690 2733.3
1140700 2730.5
1140710 2727.3
1140720 2727.3
1140730 2724.9
1140740 2722.6
1140750 2722.6
1140760 2717.4
1140770 2711.4
1140780 2711.4
1140790 2706.0
1140800 2700.8
1140810 2700.8
1140820 2696.3
1140830 2691.3
1140840 2691.3
1140850 2680.3
1140860 2657.5
1140870 2657.5
1140880 2637.7
1140890 2619.2
1140900 2619.2
1140910 2613.7
1140920 2601.1
1140930 2589.2
1140940 2610.8
1140950 2610.6
1140960 2621.7
1140970 2621.7
1140980 2619.9
1140990 2604.7
1141000 2604.7
1141010 2590.1
1141020 2580.2
1141030 2580.2
1141040 2570.3
1141050 2564.7
1141060 2564.7
1141070 2554.4
1141080 2543.6
1141090 2543.6
1141100 2531.4
1141110 2528.9
1141120 2528.9
1141130 2534.4
1141140 2533.7
1141150 2533.7
1141160 2527.7
1141170 2517.4
1141180 2509.0
1141190 2509.0
1141200 2501.4
1141210 2492.7
1141220 2492.7
1141230 2484.1
1141240 2474.0
1141250 2474.0
1141260 2457.5
1141270 2439.5
1141280 2439.5
1141290 2425.2
1141300 2421.6
1141310 2421.6
1141320 2416.6
1141330 2411.2
1141340 2411.2
1141350 2405.9
1141360 2401.0
1141370 2401.0
1141380 2396.7
1141390 2392.3
1141400 2387.6
1141410 2387.6
1141420 2382.7
1141430 2377.7
1141440 2377.7
1141450 2373.3
1141460 2369.1
1141470 2369.1
1141480 2364.8
1141490 2361.0
1141500 2361.0
1141510 2357.5
1141520 2354.2
1141530 2354.2
1141540 2350.4
1141550 2345.8
1141560 2345.8
1141570 2341.5
1141580 2337.8
1141590 2337.8
1141600 2334.8
1141610 2331.0
1141620 2325.3
1141630 2325.3
1141640 2319.3
1141650 2314.2
1141660 2314.2
1141670 2312.5
1141680 2305.3
1141690 2305.3
1141700 2298.4
1141710 2293.3
1141720 2293.3
1141730 2288.2
1141740 2281.6
1141750 2281.6
1141760 2270.4
1141770 2258.8
1141780 2258.8
1141790 2249.8
1141800 2238.6
1141810 2238.6
1141820 2226.2
1141830 2217.9
1141840 2210.3
1141850 2210.3
1141860 2203.0
1141870 2195.2
1141880 2195.2
1141890 2185.9
1141900 2175.4
1141910 2175.4
1141920 2163.0
1141930 2150.5
1141940 2150.5
1141950 2138.7
1141960 2126.1
1141970 2126.1
1141980 2116.7
1141990 2108.8
1142000 2108.8
1142010 2096.2
1142020 2084.8
1142030 2084.8
1142040 2078.9
1142050 2068.7
1142060 2058.9
1142070 2058.9
1142080 2050.2
1142090 2043.3
1142100 2043.3
1142110 2036.5
1142120 2030.1
1142130 2030.1
1142140 2024.6
1142150 2020.3
1142160 2020.3
1142170 2019.6
1142180 2019.6
1142190 2019.6
1142200 2019.6
1142210 2019.6
1142220 2019.6
1142230 2019.6
1142240 2019.6
1142250 2019.6
1142260 2019.6
1142270 2019.6
1142280 2019.6
1142290 2019.6
1142300 2019.6
1142310 2019.6
1142320 2019.6
1142330 2019.6
1142340 2019.6
1142350 2019.6
1142360 2019.6
1142370 2019.6
1142380 2019.6
1142390 2019.6
1142400 2019.6
1142410 2019.6
1142420 2019.8
1142430 2021.2
1142440 2021.2
1142450 2024.1
1142460 2027.7
1142470 2027.7
1142480 2031.1
1142490 2034.6
1142500 2038.8
1142510 2038.8
1142520 2043.2
1142530 2048.2
1142540 2048.2
1142550 2053.4
1142560 2059.6
1142570 2059.6
1142580 2066.0
1142590 2072.3
1142600 2072.3
1142610 2078.3
1142620 2084.6
1142630 2084.6
1142640 2090.3
1142650 2099.8
1142660 2099.8
1142670 2111.0
1142680 2116.8
1142690 2116.8
1142700 2119.0
1142710 2121.1
1142720 2124.9
1142730 2124.9
1142740 2132.5
1142750 2143.0
1142760 2143.0
1142770 2156.3
1142780 2173.7
1142790 2178.8
1142800 2189.2
1142810 2198.3
1142820 2198.3
1142830 2204.3
1142840 2210.8
1142850 2210.8
1142860 2220.7
1142870 2233.2
1142880 2233.2
1142890 2242.6
1142900 2248.8
1142910 2248.8
1142920 2254.5
1142930 2261.1
1142940 2268.3
1142950 2268.3
1142960 2274.7
1142970 2278.8
1142980 2278.8
1142990 2281.1
1143000 2284.5
1143010 2284.5
1143020 2289.0
1143030 2294.8
1143040 2294.8
1143050 2301.2
1143060 2307.3
1143070 2307.3
1143080 2313.5
1143090 2320.5
1143100 2320.5
1143110 2327.3
1143120 2333.4
1143130 2333.4
1143140 2339.3
1143150 2344.3
1143160 2357.2
1143170 2357.2
1143180 2362.9
1143190 2368.9
1143200 2368.9
1143210 2374.1
1143220 2377.7
1143230 2377.7
1143240 2379.4
1143250 2380.3
1143260 2380.3
1143270 2383.0
1143280 2385.3
1143290 2385.3
1143300 2385.3
1143310 2384.3
1143320 2384.3
1143330 2384.4
1143340 2388.5
1143350 2388.5
1143360 2391.2
1143370 2391.8
1143380 2391.1
1143390 2391.1
1143400 2391.7
1143410 2394.6
1143420 2394.6
1143430 2398.0
1143440 2397.9
1143450 2397.9
1143460 2396.8
1143470 2395.4
1143480 2395.4
1143490 2393.2
1143500 2391.8
1143510 2391.8
1143520 2393.5
1143530 2409.5
1143540 2409.5
1143550 2423.4
1143560 2440.8
1143570 2440.8
1143580 2456.7
1143590 2480.8
1143600 2489.6
1143610 2489.6
1143620 2484.0
1143630 2477.9
1143640 2477.9
1143650 2472.6
1143660 2464.6
1143670 2464.6
1143680 2463.0
1143690 2456.3
1143700 2456.3
1143710 2448.0
1143720 2444.7
1143730 2444.7
1143740 2439.0
1143750 2432.7
1143760 2432.7
1143770 2426.6
1143780 2420.9
1143790 2420.9
1143800 2416.0
1143810 2411.9
1143820 2408.8
1143830 2408.8
1143840 2404.5
1143850 2398.7
1143860 2398.7
1143870 2390.7
1143880 2383.2
1143890 2383.2
1143900 2388.8
1143910 2383.5
1143920 2383.5
1143930 2380.5
1143940 2376.8
1143950 2376.8
1143960 2371.5
1143970 2365.8
1143980 2365.8
1143990 2361.5
1144000 2356.9
1144010 2356.9
1144020 2351.0
1144030 2344.9
1144040 2339.2
1144050 2339.2
1144060 2332.2
1144070 2324.8
1144080 2324.8
1144090 2314.2
1144100 2309.0
1144110 2309.0
1144120 2305.3
1144130 2302.4
1144140 2302.4
1144150 2299.8
1144160 2295.4
1144170 2295.4
1144180 2288.8
1144190 2283.5
1144200 2283.5
1144210 2279.5
1144220 2276.0
1144230 2276.0
1144240 2273.1
1144250 2270.3
1144260 2270.3
1144270 2271.8
1144280 2271.1
1144290 2270.4
1144300 2270.4
1144310 2269.6
1144320 2269.5
1144330 2269.5
1144340 2268.8
1144350 2267.4
1144360 2267.4
1144370 2267.1
1144380 2267.2
1144390 2267.2
1144400 2269.0
1144410 2272.7
1144420 2272.7
1144430 2272.4
1144440 2271.6
1144450 2271.6
1144460 2271.6
1144470 2271.9
1144480 2271.9
1144490 2273.0
1144500 2274.8
1144510 2276.5
1144520 2276.5
1144530 2279.4
1144540 2283.1
1144550 2283.1
1144560 2287.4
1144570 2291.5
1144580 2291.5
1144590 2295.7
1144600 2300.1
1144610 2300.1
1144620 2304.4
1144630 2308.9
1144640 2308.9
1144650 2314.7
1144660 2319.8
1144670 2319.8
1144680 2324.9
1144690 2330.1
1144700 2330.1
1144710 2335.5
1144720 2341.0
1144730 2346.8
1144740 2346.8
1144750 2353.0
1144760 2360.3
1144770 2360.3
1144780 2367.5
1144790 2373.1
1144800 2373.1
1144810 2378.6
1144820 2384.6
1144830 2384.6
1144840 2390.9
1144850 2397.3
1144860 2397.3
1144870 2403.9
1144880 2410.4
1144890 2410.4
1144900 2417.0
1144910 2423.8
1144920 2423.8
1144930 2430.8
1144940 2438.0
1144950 2445.2
1144960 2445.2
1144970 2452.7
1144980 2460.2
1144990 2460.2
1145000 2467.5
1145010 2476.4
1145020 2477.5
1145030 2488.0
1145040 2495.4
1145050 2495.4
1145060 2502.9
1145070 2510.1
1145080 2510.1
1145090 2517.3
1145100 2524.2
1145110 2524.2
1145120 2531.1
1145130 2538.2
1145140 2538.2
1145150 2545.1
1145160 2552.0
1145170 2559.2
1145180 2559.2
1145190 2566.4
1145200 2573.9
1145210 2573.9
1145220 2581.3
1145230 2588.9
1145240 2588.9
1145250 2596.3
1145260 2603.9
1145270 2603.9
1145280 2611.5
1145290 2618.9
1145300 2618.9
1145310 2626.1
1145320 2633.2
1145330 2633.2
1145340 2641.2
1145350 2654.6
1145360 2654.6
1145370 2664.4
1145380 2671.1
1145390 2690.0
1145400 2690.0
1145410 2698.1
1145420 2700.9
1145430 2700.9
1145440 2712.8
1145450 2726.2
1145460 2726.2
1145470 2743.0
1145480 2756.6
1145490 2756.6
1145500 2765.5
1145510 2773.0
1145520 2773.0
1145530 2783.3
1145540 2793.3
1145550 2793.3
1145560 2798.2
1145570 2806.0
1145580 2806.0
1145590 2817.5
1145600 2823.1
1145610 2824.1
1145620 2824.1
1145630 2824.4
1145640 2823.7
1145650 2823.7
1145660 2824.0
1145670 2824.3
1145680 2824.3
1145690 2824.4
1145700 2825.6
1145710 2825.6
1145720 2825.5
1145730 2821.4
1145740 2821.4
1145750 2815.6
1145760 2807.9
1145770 2805.8
1145780 2795.4
1145790 2796.5
1145800 2796.5
1145810 2793.9
1145820 2778.5
1145830 2764.9
1145840 2764.9
1145850 2756.2
1145860 2752.7
1145870 2752.7
1145880 2749.0
1145890 2742.9
1145900 2742.9
1145910 2743.3
1145920 2742.8
1145930 2742.8
1145940 2731.3
1145950 2723.2
1145960 2723.2
1145970 2716.3
1145980 2709.7
1145990 2709.7
1146000 2711.9
1146010 2722.1
1146020 2722.1
1146030 2733.5
1146040 2744.6
1146050 2745.8
1146060 2745.8
1146070 2735.2
1146080 2715.4
1146090 2715.4
1146100 2704.5
1146110 2700.4
1146120 2700.4
1146130 2692.8
1146140 2678.6
1146150 2678.6
1146160 2681.6
1146170 2682.0
1146180 2682.0
1146190 2681.7
1146200 2680.1
1146210 2680.1
1146220 2673.3
1146230 2668.4
1146240 2668.4
1146250 2668.2
1146260 2668.6
1146270 2671.4
1146280 2671.4
1146290 2670.3
1146300 2667.4
1146310 2667.4
1146320 2664.2
1146330 2660.6
1146340 2660.6
1146350 2656.9
1146360 2652.8
1146370 2652.8
1146380 2647.4
1146390 2639.0
1146400 2639.0
1146410 2630.3
1146420 2619.4
1146430 2619.4
1146440 2611.6
1146450 2603.2
1146460 2603.2
1146470 2581.3
1146480 2562.0
1146490 2547.7
1146500 2547.7
1146510 2534.3
1146520 2533.5
1146530 2533.5
1146540 2521.9
1146550 2514.6
1146560 2514.6
1146570 2510.6
1146580 2504.9
1146590 2504.9
1146600 2497.9
1146610 2489.1
1146620 2489.1
1146630 2483.2
1146640 2479.1
1146650 2479.1
1146660 2475.0
1146670 2471.8
1146680 2471.8
1146690 2468.4
1146700 2463.9
1146710 2459.7
1146720 2459.7
1146730 2455.5
1146740 2451.3
1146750 2451.3
1146760 2447.2
1146770 2443.2
1146780 2443.2
1146790 2439.0
1146800 2435.0
1146810 2435.0
1146820 2431.5
1146830 2428.8
1146840 2428.8
1146850 2426.4
1146860 2424.2
1146870 2424.2
1146880 2421.6
1146890 2419.3
1146900 2419.3
1146910 2416.8
1146920 2413.1
1146930 2409.7
1146940 2409.7
1146950 2406.6
1146960 2403.3
1146970 2403.3
1146980 2400.8
1146990 2399.2
1147000 2399.2
1147010 2399.2
1147020 2399.4
1147030 2399.4
1147040 2397.1
1147050 2394.2
1147060 2394.2
1147070 2392.8
1147080 2390.6
1147090 2390.6
1147100 2388.4
1147110 2387.6
1147120 2387.6
1147130 2387.0
1147140 2386.6
1147150 2385.7
1147160 2385.7
1147170 2384.9
1147180 2383.8
1147190 2383.8
1147200 2382.0
1147210 2379.5
1147220 2379.5
1147230 2377.2
1147240 2374.7
1147250 2374.7
1147260 2371.8
1147270 2373.4
1147280 2373.4
1147290 2371.0
1147300 2368.7
1147310 2368.7
1147320 2366.9
1147330 2365.7
1147340 2365.7
1147350 2364.7
1147360 2363.2
1147370 2360.6
1147380 2360.6
1147390 2358.4
1147400 2356.8
1147410 2356.8
1147420 2355.0
1147430 2353.3
1147440 2353.3
1147450 2351.8
1147460 2350.3
1147470 2350.3
1147480 2348.7
1147490 2346.3
1147500 2346.3
1147510 2342.9
1147520 2341.5
1147530 2341.5
1147540 2340.0
1147550 2339.0
1147560 2339.0
1147570 2337.1
1147580 2334.2
1147590 2334.2
1147600 2332.9
1147610 2332.3
1147620 2331.1
1147630 2331.1
1147640 2332.8
1147650 2333.0
1147660 2333.0
1147670 2333.0
1147680 2332.2
1147690 2332.2
1147700 2330.2
1147710 2328.5
1147720 2328.5
1147730 2327.9
1147740 2327.1
1147750 2327.1
1147760 2326.3
1147770 2326.1
1147780 2326.1
1147790 2325.8
1147800 2325.4
1147810 2325.4
1147820 2326.4
1147830 2327.8
1147840 2328.0
1147850 2328.0
1147860 2326.7
1147870 2324.7
1147880 2324.7
1147890 2323.5
1147900 2322.3
1147910 2322.3
1147920 2321.6
1147930 2320.8
1147940 2320.8
1147950 2319.8
1147960 2319.0
1147970 2319.0
1147980 2319.0
1147990 2320.9
1148000 2320.9
1148010 2322.7
1148020 2322.9
1148030 2322.9
1148040 2323.6
1148050 2323.5
1148060 2323.0
1148070 2323.0
1148080 2322.4
1148090 2322.2
1148100 2322.2
1148110 2321.8
1148120 2320.4
1148130 2320.4
1148140 2318.4
1148150 2317.6
1148160 2317.6
1148170 2316.7
1148180 2314.3
1148190 2314.3
1148200 2311.9
1148210 2310.1
1148220 2310.1
1148230 2309.8
1148240 2310.9
1148250 2310.9
1148260 2312.3
1148270 2313.7
1148280 2313.0
1148290 2313.0
1148300 2311.7
1148310 2311.0
1148320 2311.0
1148330 2310.4
1148340 2310.3
1148350 2310.3
1148360 2309.8
1148370 2309.9
1148380 2309.9
1148390 2309.7
1148400 2307.9
1148410 2307.9
1148420 2304.1
1148430 2300.9
1148440 2300.9
1148450 2298.4
1148460 2295.4
1148470 2295.4
1148480 2290.4
1148490 2285.2
1148500 2281.6
1148510 2281.6
1148520 2277.4
1148530 2272.0
1148540 2272.0
1148550 2264.8
1148560 2257.4
1148570 2257.4
1148580 2250.4
1148590 2241.7
1148600 2241.7
1148610 2235.2
1148620 2228.4
1148630 2228.4
1148640 2225.1
1148650 2222.3
1148660 2222.3
1148670 2219.4
1148680 2217.0
1148690 2217.0
1148700 2215.5
1148710 2214.9
1148720 2213.9
1148730 2213.9
1148740 2212.3
1148750 2209.8
1148760 2209.8
1148770 2213.4
1148780 2212.2
1148790 2212.2
1148800 2209.8
1148810 2206.7
1148820 2206.7
1148830 2206.3
1148840 2205.1
1148850 2205.1
1148860 2202.9
1148870 2197.7
1148880 2197.7
1148890 2195.1
1148900 2199.7
1148910 2199.7
1148920 2205.2
1148930 2207.0
1148940 2205.0
1148950 2205.0
1148960 2201.3
1148970 2196.3
1148980 2196.3
1148990 2192.8
1149000 2190.4
1149010 2190.4
1149020 2188.6
1149030 2185.4
1149040 2185.4
1149050 2181.9
1149060 2180.0
1149070 2180.0
1149080 2178.9
1149090 2179.5
1149100 2179.5
1149110 2181.1
1149120 2183.6
1149130 2183.6
1149140 2187.8
1149150 2199.1
1149160 2204.9
1149170 2204.9
1149180 2206.8
1149190 2204.9
1149200 2204.9
1149210 2199.4
1149220 2190.9
1149230 2190.9
1149240 2185.0
1149250 2179.8
1149260 2179.8
1149270 2174.3
1149280 2171.9
1149290 2171.9
1149300 2171.0
1149310 2170.9
1149320 2170.9
1149330 2172.3
1149340 2161.8
1149350 2161.8
1149360 2151.5
1149370 2146.3
1149380 2143.9
1149390 2143.9
1149400 2142.8
1149410 2141.1
1149420 2141.1
1149430 2138.2
1149440 2137.3
1149450 2137.3
1149460 2136.1
1149470 2136.5
1149480 2136.5
1149490 2137.0
1149500 2136.2
1149510 2136.2
1149520 2134.3
1149530 2137.5
1149540 2137.5
1149550 2133.3
1149560 2131.0
1149570 2131.0
1149580 2131.5
1149590 2132.4
1149600 2132.9
1149610 2132.9
1149620 2132.8
1149630 2131.9
1149640 2131.9
1149650 2130.2
1149660 2127.8
1149670 2127.8
1149680 2125.3
1149690 2122.5
1149700 2122.5
1149710 2120.4
1149720 2118.5
1149730 2118.5
1149740 2115.5
1149750 2111.1
1149760 2111.1
1149770 2105.9
1149780 2100.3
1149790 2100.3
1149800 2095.3
1149810 2090.9
1149820 2086.7
1149830 2086.7
1149840 2083.4
1149850 2082.2
1149860 2082.2
1149870 2082.0
1149880 2081.1
1149890 2081.1
1149900 2079.8
1149910 2086.4
1149920 2086.4
1149930 2087.3
1149940 2087.4
1149950 2087.4
1149960 2085.4
1149970 2082.1
1149980 2082.1
1149990 2078.1
1150000 2073.9
1150010 2073.9
1150020 2071.7
1150030 2071.8
1150040 2073.0
1150050 2073.0
1150060 2073.2
1150070 2072.5
1150080 2072.5
1150090 2072.4
1150100 2073.9
1150110 2073.9
1150120 2074.6
1150130 2070.7
1150140 2070.7
1150150 2071.0
1150160 2073.5
1150170 2073.5
1150180 2074.2
1150190 2072.4
1150200 2072.4
1150210 2068.4
1150220 2066.1
1150230 2066.1
1150240 2064.7
1150250 2064.8
1150260 2066.7
1150270 2066.7
1150280 2069.1
1150290 2078.6
1150300 2078.6
1150310 2077.6
1150320 2077.3
1150330 2077.3
1150340 2077.4
1150350 2076.3
1150360 2076.3
1150370 2077.8
1150380 2078.4
1150390 2078.4
1150400 2082.3
1150410 2085.6
1150420 2085.6
1150430 2088.6
1150440 2088.4
1150450 2088.4
1150460 2087.9
1150470 2095.2
1150480 2098.9
1150490 2098.9
1150500 2098.2
1150510 2097.3
1150520 2097.3
1150530 2095.7
1150540 2093.9
1150550 2093.9
1150560 2091.7
1150570 2089.0
1150580 2089.0
1150590 2085.6
1150600 2082.0
1150610 2082.0
1150620 2078.8
1150630 2075.9
1150640 2075.9
1150650 2072.7
1150660 2068.8
1150670 2069.9
1150680 2066.4
1150690 2063.2
1150700 2060.5
1150710 2060.5
1150720 2057.5
1150730 2054.0
1150740 2054.0
1150750 2051.3
1150760 2048.7
1150770 2048.7
1150780 2044.9
1150790 2041.1
1150800 2041.1
1150810 2036.9
1150820 2032.8
1150830 2032.8
1150840 2028.8
1150850 2024.6
1150860 2024.6
1150870 2019.3
1150880 2010.0
1150890 2010.0
1150900 2001.1
1150910 1993.9
1150920 1993.9
1150930 1981.5
1150940 1973.9
1150950 1966.7
1150960 1966.7
1150970 1959.1
1150980 1955.8
1150990 1955.8
1151000 1951.6
1151010 1946.9
1151020 1946.9
1151030 1942.9
1151040 1939.8
1151050 1949.1
1151060 1946.0
1151070 1943.0
1151080 1943.0
1151090 1939.4
1151100 1934.7
1151110 1934.7
1151120 1926.1
1151130 1920.7
1151140 1920.7
1151150 1916.7
1151160 1912.7
1151170 1908.9
1151180 1908.9
1151190 1903.4
1151200 1897.8
1151210 1897.8
1151220 1892.6
1151230 1888.3
1151240 1888.3
1151250 1885.5
1151260 1881.6
1151270 1881.6
1151280 1875.6
1151290 1870.8
1151300 1870.8
1151310 1866.9
1151320 1862.9
1151330 1862.9
1151340 1858.3
1151350 1853.5
1151360 1853.5
1151370 1848.3
1151380 1843.8
1151390 1840.2
1151400 1840.2
1151410 1835.5
1151420 1829.5
1151430 1836.2
1151440 1833.9
1151450 1831.1
1151460 1831.1
1151470 1826.2
1151480 1820.9
1151490 1820.9
1151500 1815.3
1151510 1813.0
1151520 1813.0
1151530 1809.3
1151540 1804.3
1151550 1804.3
1151560 1799.9
1151570 1796.3
1151580 1796.3
1151590 1791.7
1151600 1786.5
1151610 1779.5
1151620 1779.5
1151630 1773.0
1151640 1766.0
1151650 1766.0
1151660 1757.1
1151670 1750.3
1151680 1750.3
1151690 1742.8
1151700 1734.9
1151710 1734.9
1151720 1726.7
1151730 1714.8
1151740 1714.8
1151750 1705.6
1151760 1698.3
1151770 1698.3
1151780 1691.6
1151790 1686.6
1151800 1686.6
1151810 1686.7
1151820 1681.0
1151830 1675.5
1151840 1675.5
1151850 1670.3
1151860 1664.5
1151870 1664.5
1151880 1659.1
1151890 1654.1
1151900 1654.1
1151910 1649.3
1151920 1643.8
1151930 1643.8
1151940 1635.9
1151950 1626.7
1151960 1626.7
1151970 1620.3
1151980 1618.4
1151990 1618.4
1152000 1617.4
1152010 1619.8
1152020 1619.8
1152030 1625.5
1152040 1632.4
1152050 1633.9
1152060 1633.9
1152070 1635.6
1152080 1633.7
1152090 1633.7
1152100 1633.5
1152110 1634.6
1152120 1634.6
1152130 1637.5
1152140 1638.6
1152150 1638.6
1152160 1637.5
1152170 1643.5
1152180 1643.5
1152190 1649.2
1152200 1653.5
1152210 1653.5
1152220 1656.6
1152230 1659.1
1152240 1659.1
1152250 1662.2
1152260 1667.1
1152270 1670.6
1152280 1670.6
1152290 1671.4
1152300 1672.7
1152310 1672.7
1152320 1676.5
1152330 1680.2
1152340 1680.2
1152350 1683.9
1152360 1687.9
1152370 1687.9
1152380 1692.4
1152390 1698.1
1152400 1698.1
1152410 1704.2
1152420 1709.5
1152430 1709.5
1152440 1714.5
1152450 1719.8
1152460 1719.8
1152470 1725.0
1152480 1730.6
1152490 1735.5
1152500 1735.5
1152510 1738.0
1152520 1735.4
1152530 1735.4
1152540 1732.4
1152550 1730.0
1152560 1730.0
1152570 1724.1
1152580 1722.5
1152590 1722.5
1152600 1720.9
1152610 1719.0
1152620 1719.0
1152630 1716.6
1152640 1712.9
1152650 1712.9
1152660 1710.3
1152670 1707.6
1152680 1707.6
1152690 1703.4
1152700 1698.7
1152710 1695.2
1152720 1695.2
1152730 1692.9
1152740 1689.8
1152750 1689.8
1152760 1685.4
1152770 1679.9
1152780 1679.9
1152790 1678.2
1152800 1676.0
1152810 1676.0
1152820 1672.9
1152830 1670.3
1152840 1670.3
1152850 1668.3
1152860 1666.5
1152870 1666.5
1152880 1665.0
1152890 1663.7
1152900 1663.7
1152910 1662.4
1152920 1659.2
1152930 1658.0
1152940 1658.0
1152950 1651.1
1152960 1649.8
1152970 1649.8
1152980 1648.0
1152990 1645.7
1153000 1645.7
1153010 1642.8
1153020 1639.3
1153030 1639.3
1153040 1635.2
1153050 1632.4
1153060 1632.4
1153070 1631.8
1153080 1631.6
1153090 1631.6
1153100 1629.8
1153110 1628.2
1153120 1628.2
1153130 1626.9
1153140 1625.6
1153150 1623.6
1153160 1623.6
1153170 1621.1
1153180 1618.0
1153190 1618.0
1153200 1614.5
1153210 1610.8
1153220 1610.8
1153230 1606.6
1153240 1603.3
1153250 1603.3
1153260 1600.3
1153270 1598.0
1153280 1598.0
1153290 1595.6
1153300 1593.5
1153310 1593.5
1153320 1591.5
1153330 1589.1
1153340 1580.7
1153350 1578.1
1153360 1576.1
1153370 1574.1
1153380 1574.1
1153390 1571.6
1153400 1571.6
1153410 1571.6
1153420 1572.4
1153430 1572.2
1153440 1572.2
1153450 1570.5
1153460 1567.7
1153470 1567.7
1153480 1563.0
1153490 1558.7
1153500 1558.7
1153510 1555.2
1153520 1552.5
1153530 1552.5
1153540 1550.9
1153550 1550.8
1153560 1550.8
1153570 1550.4
1153580 1549.3
1153590 1547.3
1153600 1547.3
1153610 1541.2
1153620 1533.0
1153630 1533.0
1153640 1524.4
1153650 1513.1
1153660 1513.1
1153670 1503.1
1153680 1495.8
1153690 1495.8
1153700 1490.7
1153710 1487.5
1153720 1479.4
1153730 1478.6
1153740 1480.2
1153750 1480.2
1153760 1474.5
1153770 1465.8
1153780 1465.8
1153790 1459.7
1153800 1455.3
1153810 1451.1
1153820 1451.1
1153830 1447.5
1153840 1444.2
1153850 1444.2
1153860 1437.6
1153870 1432.6
1153880 1432.6
1153890 1426.9
1153900 1422.7
1153910 1422.7
1153920 1418.5
1153930 1413.1
1153940 1413.1
1153950 1408.9
1153960 1403.5
1153970 1403.5
1153980 1397.7
1153990 1393.2
1154000 1393.2
1154010 1389.6
1154020 1386.4
1154030 1384.2
1154040 1384.2
1154050 1382.2
1154060 1379.7
1154070 1379.7
1154080 1377.3
1154090 1373.3
1154100 1369.2
1154110 1366.8
1154120 1365.5
1154130 1365.5
1154140 1364.1
1154150 1363.3
1154160 1363.3
1154170 1363.3
1154180 1362.6
1154190 1362.6
1154200 1363.2
1154210 1363.9
1154220 1363.9
1154230 1364.4
1154240 1364.3
1154250 1362.5
1154260 1362.5
1154270 1360.1
1154280 1358.8
1154290 1358.8
1154300 1356.7
1154310 1352.7
1154320 1352.7
1154330 1347.5
1154340 1340.9
1154350 1340.9
1154360 1334.0
1154370 1328.4
1154380 1328.4
1154390 1322.6
1154400 1317.5
1154410 1317.5
1154420 1313.3
1154430 1310.4
1154440 1310.4
1154450 1309.3
1154460 1307.6
1154470 1303.7
1154480 1303.7
1154490 1295.0
1154500 1290.4
1154510 1290.4
1154520 1286.2
1154530 1281.4
1154540 1281.4
1154550 1277.0
1154560 1276.5
1154570 1276.5
1154580 1281.2
1154590 1282.9
1154600 1282.9
1154610 1282.5
1154620 1282.3
1154630 1282.3
1154640 1281.7
1154650 1280.1
1154660 1280.1
1154670 1277.1
1154680 1273.1
1154690 1270.5
1154700 1270.5
1154710 1268.9
1154720 1267.3
1154730 1267.3
1154740 1265.2
1154750 1264.2
1154760 1264.2
1154770 1263.8
1154780 1263.4
1154790 1263.4
1154800 1264.3
1154810 1263.8
1154820 1263.8
1154830 1262.7
1154840 1261.3
1154850 1261.3
1154860 1260.3
1154870 1256.7
1154880 1256.7
1154890 1254.1
1154900 1250.9
1154910 1249.2
1154920 1249.2
1154930 1247.0
1154940 1245.6
1154950 1245.6
1154960 1245.3
1154970 1245.0
1154980 1245.0
1154990 1243.3
1155000 1240.9
1155010 1240.9
1155020 1239.6
1155030 1240.0
1155040 1240.0
1155050 1242.7
1155060 1246.8
1155070 1246.8
1155080 1247.9
1155090 1246.4
1155100 1246.4
1155110 1241.8
1155120 1235.5
1155130 1235.5
1155140 1227.6
1155150 1220.4
1155160 1212.6
1155170 1212.6
1155180 1204.2
1155190 1198.5
1155200 1198.5
1155210 1195.7
1155220 1194.0
1155230 1194.0
1155240 1192.7
1155250 1191.8
1155260 1189.8
1155270 1189.1
1155280 1188.6
1155290 1188.6
1155300 1187.8
1155310 1186.6
1155320 1186.6
1155330 1184.7
1155340 1182.7
1155350 1182.7
1155360 1180.4
1155370 1182.0
1155380 1181.7
1155390 1181.7
1155400 1180.2
1155410 1178.7
1155420 1178.7
1155430 1175.1
1155440 1174.4
1155450 1174.4
1155460 1174.3
1155470 1172.4
1155480 1172.4
1155490 1171.2
1155500 1170.4
1155510 1170.4
1155520 1169.7
1155530 1168.9
1155540 1168.9
1155550 1167.8
1155560 1166.6
1155570 1166.6
1155580 1165.9
1155590 1164.9
1155600 1164.3
1155610 1164.3
1155620 1163.7
1155630 1163.3
1155640 1163.4
1155650 1163.0
1155660 1162.6
1155670 1162.6
1155680 1161.9
1155690 1159.4
1155700 1159.4
1155710 1158.6
1155720 1160.0
1155730 1160.0
1155740 1161.9
1155750 1162.1
1155760 1162.1
1155770 1162.2
1155780 1162.3
1155790 1162.3
1155800 1162.1
1155810 1162.0
1155820 1161.9
1155830 1161.9
1155840 1161.8
1155850 1161.8
1155860 1161.8
1155870 1161.7
1155880 1161.3
1155890 1161.3
1155900 1161.0
1155910 1160.4
1155920 1160.4
1155930 1159.5
1155940 1158.5
1155950 1158.5
1155960 1157.9
1155970 1157.4
1155980 1157.4
1155990 1157.0
1156000 1157.1
1156010 1157.1
1156020 1156.9
1156030 1157.9
1156040 1158.5
1156050 1158.5
1156060 1159.3
1156070 1160.9
1156080 1160.9
1156090 1164.4
1156100 1168.7
1156110 1168.7
1156120 1174.5
1156130 1180.4
1156140 1180.4
1156150 1183.7
1156160 1185.2
1156170 1185.2
1156180 1185.7
1156190 1185.7
1156200 1185.7
1156210 1187.4
1156220 1188.2
1156230 1188.2
1156240 1189.7
1156250 1191.6
1156260 1193.0
1156270 1193.0
1156280 1194.4
1156290 1195.8
1156300 1195.8
1156310 1197.3
1156320 1199.1
1156330 1199.1
1156340 1201.0
1156350 1203.4
1156360 1203.4
1156370 1207.8
1156380 1211.3
1156390 1211.3
1156400 1215.5
1156410 1226.4
1156420 1226.4
1156430 1228.1
1156440 1232.8
1156450 1232.8
1156460 1238.4
1156470 1243.8
1156480 1248.3
1156490 1248.3
1156500 1253.9
1156510 1261.2
1156520 1261.2
1156530 1267.2
1156540 1271.2
1156550 1271.2
1156560 1274.3
1156570 1276.1
1156580 1276.1
1156590 1278.0
1156600 1281.8
1156610 1281.8
1156620 1285.7
1156630 1289.5
1156640 1289.5
1156650 1291.8
1156660 1292.5
1156670 1292.5
1156680 1291.6
1156690 1290.5
1156700 1289.5
1156710 1289.5
1156720 1289.4
1156730 1290.6
1156740 1290.6
1156750 1293.3
1156760 1296.2
1156770 1296.2
1156780 1299.3
1156790 1301.5
1156800 1305.7
1156810 1307.7
1156820 1307.5
1156830 1307.5
1156840 1308.2
1156850 1308.6
1156860 1308.6
1156870 1309.8
1156880 1311.1
1156890 1311.1
1156900 1310.9
1156910 1309.8
1156920 1308.8
1156930 1308.8
1156940 1308.7
1156950 1309.4
1156960 1309.4
1156970 1311.3
1156980 1312.8
1156990 1312.8
1157000 1313.9
1157010 1314.4
1157020 1314.4
1157030 1313.6
1157040 1312.1
1157050 1312.1
1157060 1311.0
1157070 1310.8
1157080 1310.8
1157090 1311.9
1157100 1313.0
1157110 1313.0
1157120 1314.1
1157130 1316.1
1157140 1318.8
1157150 1318.8
1157160 1321.5
1157170 1323.7
1157180 1323.7
1157190 1336.5
1157200 1339.5
1157210 1339.5
1157220 1341.0
1157230 1340.8
1157240 1340.8
1157250 1340.1
1157260 1340.1
1157270 1340.1
1157280 1340.2
1157290 1340.5
1157300 1340.5
1157310 1340.2
1157320 1339.5
1157330 1339.5
1157340 1339.5
1157350 1341.8
1157360 1345.4
1157370 1345.4
1157380 1348.5
1157390 1351.1
1157400 1351.1
1157410 1354.0
1157420 1357.2
1157430 1357.2
1157440 1360.0
1157450 1362.4
1157460 1362.4
1157470 1365.4
1157480 1368.5
1157490 1368.5
1157500 1372.5
1157510 1374.5
1157520 1374.5
1157530 1374.6
1157540 1374.3
1157550 1374.3
1157560 1375.0
1157570 1375.5
1157580 1385.5
1157590 1385.5
1157600 1388.2
1157610 1390.4
1157620 1390.4
1157630 1392.4
1157640 1394.7
1157650 1394.7
1157660 1396.3
1157670 1396.7
1157680 1396.7
1157690 1397.9
1157700 1403.2
1157710 1403.2
1157720 1407.6
1157730 1409.6
1157740 1409.6
1157750 1411.4
1157760 1413.4
1157770 1413.4
1157780 1415.3
1157790 1417.4
1157800 1418.8
1157810 1418.8
1157820 1419.0
1157830 1418.7
1157840 1418.7
1157850 1417.1
1157860 1415.7
1157870 1415.7
1157880 1416.2
1157890 1417.7
1157900 1417.7
1157910 1417.5
1157920 1416.0
1157930 1416.0
1157940 1413.2
1157950 1401.4
1157960 1405.1
1157970 1387.5
1157980 1386.6
1157990 1386.6
1158000 1396.7
1158010 1400.6
1158020 1400.0
1158030 1400.0
1158040 1396.2
1158050 1391.4
1158060 1391.4
1158070 1390.1
1158080 1392.2
1158090 1392.2
1158100 1396.1
1158110 1400.6
1158120 1400.6
1158130 1401.0
1158140 1403.2
1158150 1403.2
1158160 1412.3
1158170 1421.9
1158180 1421.9
1158190 1429.6
1158200 1437.1
1158210 1437.1
1158220 1445.0
1158230 1452.8
1158240 1463.1
1158250 1463.1
1158260 1472.0
1158270 1477.8
1158280 1477.8
1158290 1483.2
1158300 1490.0
1158310 1490.0
1158320 1496.4
1158330 1500.7
1158340 1500.7
1158350 1508.3
1158360 1511.4
1158370 1511.4
1158380 1514.6
1158390 1517.5
1158400 1517.5
1158410 1520.1
1158420 1521.9
1158430 1521.9
1158440 1522.6
1158450 1523.1
1158460 1522.8
1158470 1522.8
1158480 1524.5
1158490 1526.9
1158500 1526.9
1158510 1530.1
1158520 1534.1
1158530 1534.1
1158540 1538.5
1158550 1543.8
1158560 1543.8
1158570 1547.9
1158580 1553.9
1158590 1553.9
1158600 1558.9
1158610 1563.6
1158620 1563.6
1158630 1569.0
1158640 1574.4
1158650 1574.4
1158660 1578.1
1158670 1580.8
1158680 1583.3
1158690 1583.3
1158700 1585.0
1158710 1585.1
1158720 1585.1
1158730 1582.5
1158740 1587.7
1158750 1587.7
1158760 1586.0
1158770 1583.1
1158780 1583.1
1158790 1581.3
1158800 1581.1
1158810 1581.1
1158820 1585.1
1158830 1590.5
1158840 1590.5
1158850 1596.4
1158860 1602.1
1158870 1602.1
1158880 1606.2
1158890 1609.9
1158900 1611.9
1158910 1611.9
1158920 1614.3
1158930 1614.1
1158940 1614.1
1158950 1614.3
1158960 1613.2
1158970 1613.2
1158980 1614.0
1158990 1613.9
1159000 1613.9
1159010 1613.5
1159020 1612.2
1159030 1612.2
1159040 1609.3
1159050 1606.7
1159060 1606.7
1159070 1602.9
1159080 1602.2
1159090 1602.2
1159100 1607.8
1159110 1612.1
1159120 1615.2
1159130 1625.6
1159140 1627.9
1159150 1626.9
1159160 1626.9
1159170 1622.9
1159180 1622.1
1159190 1622.1
1159200 1624.3
1159210 1629.8
1159220 1629.8
1159230 1632.8
1159240 1635.2
1159250 1635.2
1159260 1636.6
1159270 1637.4
1159280 1637.4
1159290 1638.8
1159300 1639.9
1159310 1639.9
1159320 1640.9
1159330 1642.6
1159340 1642.6
1159350 1644.3
1159360 1646.1
1159370 1647.6
1159380 1647.6
1159390 1648.3
1159400 1650.2
1159410 1650.2
1159420 1652.5
1159430 1654.6
1159440 1654.6
1159450 1656.8
1159460 1659.4
1159470 1659.4
1159480 1664.8
1159490 1667.9
1159500 1667.9
1159510 1669.7
1159520 1678.5
1159530 1678.5
1159540 1679.7
1159550 1679.2
1159560 1679.2
1159570 1681.7
1159580 1684.7
1159590 1686.3
1159600 1686.3
1159610 1688.1
1159620 1690.3
1159630 1690.3
1159640 1692.8
1159650 1695.4
1159660 1695.4
1159670 1696.2
1159680 1690.5
1159690 1690.5
1159700 1688.9
1159710 1697.5
1159720 1697.5
1159730 1705.0
1159740 1708.1
1159750 1708.1
1159760 1709.5
1159770 1711.2
1159780 1711.2
1159790 1714.0
1159800 1716.4
1159810 1717.7
1159820 1717.7
1159830 1719.4
1159840 1720.0
1159850 1720.0
1159860 1720.0
1159870 1719.4
1159880 1719.4
1159890 1719.1
1159900 1718.6
1159910 1725.1
1159920 1723.4
1159930 1721.9
1159940 1721.9
1159950 1721.9
1159960 1720.6
1159970 1720.6
1159980 1718.5
1159990 1720.7
