1140000 2714.3
1140010 2716.0
1140020 2714.0
1140030 2723.6
1140040 2723.6
1140050 2730.1
1140060 2733.7
1140070 2733.7
1140080 2727.2
1140090 2731.8
1140100 2731.8
1140110 2735.2
1140120 2739.1
1140130 2739.1
1140140 2742.4
1140150 2745.0
1140160 2745.0
1140170 2747.9
1140180 2749.6
1140190 2749.6
1140200 2752.3
1140210 2755.6
1140220 2755.6
1140230 2759.7
1140240 2769.3
1140250 2769.3
1140260 2780.5
1140270 2792.0
1140280 2803.3
1140290 2803.3
1140300 2812.7
1140310 2818.3
1140320 2818.3
1140330 2821.5
1140340 2826.4
1140350 2826.4
1140360 2824.0
1140370 2825.8
1140380 2825.8
1140390 2839.8
1140400 2856.7
1140410 2856.7
1140420 2862.7
1140430 2870.2
1140440 2870.2
1140450 2868.6
1140460 2872.2
1140470 2872.2
1140480 2862.6
1140490 2850.0
1140500 2834.4
1140510 2834.4
1140520 2835.5
1140530 2840.2
1140540 2840.2
1140550 2844.2
1140560 2853.4
1140570 2853.4
1140580 2868.8
1140590 2885.9
1140600 2885.9
1140610 2891.9
1140620 2893.0
1140630 2893.0
1140640 2884.5
1140650 2877.1
1140660 2877.1
1140670 2868.5
1140680 2859.1
1140690 2859.1
1140700 2850.2
1140710 2840.6
1140720 2828.8
1140730 2828.8
1140740 2816.7
1140750 2805.6
1140760 2805.6
1140770 2796.6
1140780 2786.7
1140790 2786.7
1140800 2778.4
1140810 2770.0
1140820 2769.7
1140830 2758.8
1140840 2745.7
1140850 2745.7
1140860 2728.0
1140870 2714.2
1140880 2714.2
1140890 2705.9
1140900 2699.4
1140910 2699.4
1140920 2693.4
1140930 2687.5
1140940 2681.4
1140950 2681.4
1140960 2675.2
1140970 2669.2
1140980 2669.2
1140990 2663.5
1141000 2658.2
1141010 2658.2
1141020 2652.9
1141030 2646.2
1141040 2646.2
1141050 2638.5
1141060 2631.9
1141070 2631.9
1141080 2624.6
1141090 2617.6
1141100 2617.6
1141110 2611.8
1141120 2605.0
1141130 2605.0
1141140 2593.0
1141150 2580.1
1141160 2570.8
1141170 2570.8
1141180 2564.7
1141190 2559.4
1141200 2559.4
1141210 2550.9
1141220 2538.9
1141230 2538.9
1141240 2524.3
1141250 2514.5
1141260 2514.5
1141270 2502.5
1141280 2491.1
1141290 2491.1
1141300 2478.4
1141310 2465.4
1141320 2465.4
1141330 2450.7
1141340 2437.4
1141350 2437.4
1141360 2432.6
1141370 2430.8
1141380 2428.4
1141390 2428.4
1141400 2426.0
1141410 2420.5
1141420 2420.5
1141430 2415.9
1141440 2413.7
1141450 2413.7
1141460 2411.9
1141470 2407.3
1141480 2407.3
1141490 2398.6
1141500 2392.8
1141510 2392.8
1141520 2385.9
1141530 2376.3
1141540 2376.3
1141550 2367.7
1141560 2370.3
1141570 2370.3
1141580 2364.8
1141590 2360.2
1141600 2357.2
1141610 2357.2
1141620 2353.5
1141630 2350.7
1141640 2350.7
1141650 2348.2
1141660 2344.3
1141670 2344.3
1141680 2340.2
1141690 2337.4
1141700 2337.4
1141710 2336.7
1141720 2334.4
1141730 2334.4
1141740 2329.0
1141750 2321.1
1141760 2321.1
1141770 2314.3
1141780 2308.0
1141790 2308.0
1141800 2300.3
1141810 2289.6
1141820 2282.9
1141830 2282.9
1141840 2278.8
1141850 2273.1
1141860 2273.1
1141870 2260.6
1141880 2244.6
1141890 2244.6
1141900 2230.2
1141910 2210.8
1141920 2210.8
1141930 2202.4
1141940 2191.3
1141950 2191.3
1141960 2180.6
1141970 2166.2
1141980 2166.2
1141990 2145.8
1142000 2121.4
1142010 2121.4
1142020 2106.0
1142030 2095.8
1142040 2087.6
1142050 2087.6
1142060 2080.4
1142070 2073.4
1142080 2073.4
1142090 2066.4
1142100 2060.1
1142110 2060.1
1142120 2053.2
1142130 2046.7
1142140 2046.7
1142150 2041.8
1142160 2037.7
1142170 2037.7
1142180 2033.5
1142190 2030.6
1142200 2030.6
1142210 2026.9
1142220 2023.7
1142230 2023.7
1142240 2023.1
1142250 2022.7
1142260 2021.5
1142270 2021.5
1142280 2019.7
1142290 2021.8
1142300 2022.9
1142310 2027.7
1142320 2030.2
1142330 2030.2
1142340 2032.4
1142350 2034.7
1142360 2034.7
1142370 2036.7
1142380 2039.4
1142390 2039.4
1142400 2043.3
1142410 2047.5
1142420 2047.5
1142430 2051.8
1142440 2056.6
1142450 2056.6
1142460 2061.6
1142470 2066.2
1142480 2071.1
1142490 2071.1
1142500 2076.5
1142510 2082.2
1142520 2082.2
1142530 2088.0
1142540 2094.0
1142550 2094.0
1142560 2100.8
1142570 2109.0
1142580 2109.0
1142590 2116.7
1142600 2124.8
1142610 2124.8
1142620 2133.7
1142630 2143.5
1142640 2143.5
1142650 2154.2
1142660 2161.5
1142670 2156.1
1142680 2163.8
1142690 2170.8
1142700 2177.0
1142710 2177.0
1142720 2182.7
1142730 2187.9
1142740 2187.9
1142750 2193.2
1142760 2198.6
1142770 2198.6
1142780 2204.0
1142790 2209.4
1142800 2209.4
1142810 2215.2
1142820 2221.7
1142830 2221.7
1142840 2228.4
1142850 2234.7
1142860 2234.7
1142870 2240.4
1142880 2246.1
1142890 2246.1
1142900 2252.3
1142910 2258.8
1142920 2266.3
1142930 2266.3
1142940 2271.8
1142950 2276.8
1142960 2276.8
1142970 2281.6
1142980 2286.2
1142990 2286.2
1143000 2291.1
1143010 2296.2
1143020 2296.2
1143030 2301.6
1143040 2307.6
1143050 2307.6
1143060 2313.3
1143070 2319.0
1143080 2319.0
1143090 2324.9
1143100 2330.9
1143110 2330.9
1143120 2336.8
1143130 2342.8
1143140 2348.7
1143150 2348.7
1143160 2354.7
1143170 2360.7
1143180 2360.7
1143190 2367.8
1143200 2377.0
1143210 2377.0
1143220 2385.2
1143230 2394.5
1143240 2394.5
1143250 2408.4
1143260 2421.4
1143270 2421.4
1143280 2432.4
1143290 2440.7
1143300 2440.7
1143310 2447.0
1143320 2453.8
1143330 2453.8
1143340 2460.7
1143350 2467.8
1143360 2475.1
1143370 2475.1
1143380 2482.3
1143390 2489.9
1143400 2489.9
1143410 2499.2
1143420 2506.9
1143430 2506.9
1143440 2514.8
1143450 2522.9
1143460 2522.9
1143470 2530.9
1143480 2539.1
1143490 2539.1
1143500 2547.6
1143510 2557.1
1143520 2557.1
1143530 2567.1
1143540 2576.5
1143550 2576.5
1143560 2584.3
1143570 2592.1
1143580 2592.4
1143590 2592.4
1143600 2574.7
1143610 2549.9
1143620 2549.9
1143630 2526.7
1143640 2508.2
1143650 2508.2
1143660 2489.0
1143670 2480.0
1143680 2480.0
1143690 2473.1
1143700 2466.7
1143710 2466.7
1143720 2460.8
1143730 2455.2
1143740 2455.2
1143750 2449.9
1143760 2444.7
1143770 2444.7
1143780 2442.0
1143790 2436.7
1143800 2436.7
1143810 2432.4
1143820 2430.1
1143830 2428.6
1143840 2428.6
1143850 2426.5
1143860 2426.3
1143870 2426.3
1143880 2425.2
1143890 2424.4
1143900 2424.4
1143910 2422.4
1143920 2421.5
1143930 2421.5
1143940 2421.8
1143950 2421.7
1143960 2421.7
1143970 2421.8
1143980 2421.9
1143990 2421.9
1144000 2420.4
1144010 2417.5
1144020 2417.5
1144030 2414.0
1144040 2408.3
1144050 2399.2
1144060 2399.2
1144070 2387.6
1144080 2379.9
1144090 2379.9
1144100 2374.9
1144110 2370.5
1144120 2370.5
1144130 2366.3
1144140 2361.6
1144150 2361.6
1144160 2361.2
1144170 2357.6
1144180 2357.6
1144190 2354.9
1144200 2351.5
1144210 2351.5
1144220 2347.5
1144230 2344.5
1144240 2344.5
1144250 2341.5
1144260 2338.0
1144270 2334.8
1144280 2334.8
1144290 2332.1
1144300 2329.9
1144310 2329.9
1144320 2328.3
1144330 2325.8
1144340 2325.8
1144350 2323.4
1144360 2321.3
1144370 2321.3
1144380 2320.2
1144390 2319.7
1144400 2319.7
1144410 2318.9
1144420 2316.8
1144430 2316.8
1144440 2318.0
1144450 2317.0
1144460 2317.0
1144470 2315.4
1144480 2313.6
1144490 2310.8
1144500 2310.8
1144510 2310.4
1144520 2310.3
1144530 2315.4
1144540 2315.2
1144550 2314.8
1144560 2314.8
1144570 2316.3
1144580 2318.5
1144590 2318.5
1144600 2322.2
1144610 2326.0
1144620 2326.0
1144630 2329.9
1144640 2332.7
1144650 2332.7
1144660 2335.2
1144670 2337.4
1144680 2337.4
1144690 2340.9
1144700 2345.9
1144710 2352.3
1144720 2352.3
1144730 2358.2
1144740 2363.3
1144750 2363.3
1144760 2367.3
1144770 2371.5
1144780 2371.5
1144790 2376.5
1144800 2382.0
1144810 2382.0
1144820 2390.4
1144830 2408.1
1144840 2408.1
1144850 2424.2
1144860 2430.6
1144870 2430.6
1144880 2432.1
1144890 2432.6
1144900 2432.5
1144910 2433.7
1144920 2436.1
1144930 2438.8
1144940 2438.8
1144950 2442.3
1144960 2446.9
1144970 2446.9
1144980 2451.6
1144990 2456.3
1145000 2456.3
1145010 2461.3
1145020 2466.7
1145030 2466.7
1145040 2472.0
1145050 2477.1
1145060 2477.1
1145070 2482.3
1145080 2487.6
1145090 2487.6
1145100 2493.0
1145110 2498.4
1145120 2498.4
1145130 2504.0
1145140 2509.7
1145150 2515.5
1145160 2515.5
1145170 2521.2
1145180 2527.0
1145190 2527.0
1145200 2533.1
1145210 2539.2
1145220 2539.2
1145230 2545.2
1145240 2550.7
1145250 2550.7
1145260 2562.2
1145270 2573.8
1145280 2570.0
1145290 2576.4
1145300 2583.9
1145310 2583.9
1145320 2593.4
1145330 2605.0
1145340 2605.0
1145350 2615.8
1145360 2626.7
1145370 2631.7
1145380 2631.7
1145390 2637.2
1145400 2645.1
1145410 2645.1
1145420 2655.5
1145430 2667.1
1145440 2667.1
1145450 2676.9
1145460 2681.3
1145470 2681.3
1145480 2687.7
1145490 2697.2
1145500 2697.2
1145510 2708.0
1145520 2714.3
1145530 2714.3
1145540 2720.1
1145550 2726.8
1145560 2726.8
1145570 2735.6
1145580 2742.1
1145590 2746.8
1145600 2746.8
1145610 2746.7
1145620 2736.4
1145630 2736.4
1145640 2725.6
1145650 2710.0
1145660 2710.0
1145670 2697.8
1145680 2690.4
1145690 2690.4
1145700 2686.2
1145710 2685.2
1145720 2685.2
1145730 2683.4
1145740 2680.6
1145750 2680.6
1145760 2677.2
1145770 2670.9
1145780 2670.9
1145790 2652.0
1145800 2639.1
1145810 2631.3
1145820 2631.3
1145830 2624.3
1145840 2621.9
1145850 2621.9
1145860 2620.9
1145870 2619.3
1145880 2619.3
1145890 2616.3
1145900 2612.5
1145910 2612.5
1145920 2608.6
1145930 2605.5
1145940 2605.5
1145950 2602.8
1145960 2600.3
1145970 2600.3
1145980 2598.4
1145990 2596.9
1146000 2596.9
1146010 2595.1
1146020 2587.9
1146030 2585.8
1146040 2585.8
1146050 2583.8
1146060 2581.0
1146070 2581.0
1146080 2578.2
1146090 2575.0
1146100 2575.0
1146110 2571.7
1146120 2568.0
1146130 2568.0
1146140 2564.5
1146150 2560.8
1146160 2560.8
1146170 2557.7
1146180 2554.0
1146190 2554.0
1146200 2549.9
1146210 2547.1
1146220 2547.1
1146230 2547.4
1146240 2547.8
1146250 2546.6
1146260 2546.6
1146270 2544.7
1146280 2543.2
1146290 2543.2
1146300 2543.1
1146310 2541.1
1146320 2541.1
1146330 2538.5
1146340 2536.1
1146350 2536.1
1146360 2534.2
1146370 2534.0
1146380 2534.0
1146390 2533.7
1146400 2529.2
1146410 2529.2
1146420 2530.9
1146430 2532.8
1146440 2532.8
1146450 2535.0
1146460 2537.2
1146470 2537.7
1146480 2537.7
1146490 2537.8
1146500 2538.7
1146510 2538.7
1146520 2540.4
1146530 2543.1
1146540 2543.1
1146550 2546.3
1146560 2549.4
1146570 2549.4
1146580 2552.5
1146590 2556.1
1146600 2556.1
1146610 2560.9
1146620 2568.5
1146630 2568.5
1146640 2570.0
1146650 2564.2
1146660 2564.2
1146670 2560.6
1146680 2560.8
1146690 2562.1
1146700 2562.1
1146710 2562.1
1146720 2549.4
1146730 2549.4
1146740 2537.6
1146750 2528.8
1146760 2528.8
1146770 2514.4
1146780 2505.3
1146790 2505.3
1146800 2502.3
1146810 2504.5
1146820 2504.5
1146830 2510.2
1146840 2514.2
1146850 2514.2
1146860 2518.3
1146870 2521.4
1146880 2521.4
1146890 2517.5
1146900 2517.6
1146910 2519.0
1146920 2519.0
1146930 2511.8
1146940 2504.1
1146950 2504.1
1146960 2501.5
1146970 2499.2
1146980 2499.2
1146990 2497.2
1147000 2495.6
1147010 2495.6
1147020 2495.0
1147030 2496.0
1147040 2496.0
1147050 2499.3
1147060 2502.0
1147070 2502.0
1147080 2503.7
1147090 2506.8
1147100 2506.8
1147110 2510.7
1147120 2514.6
1147130 2517.6
1147140 2517.6
1147150 2509.8
1147160 2512.4
1147170 2512.4
1147180 2515.4
1147190 2518.0
1147200 2518.0
1147210 2518.0
1147220 2507.5
1147230 2507.5
1147240 2490.0
1147250 2477.3
1147260 2477.3
1147270 2471.7
1147280 2471.5
1147290 2471.5
1147300 2474.0
1147310 2478.1
1147320 2478.1
1147330 2481.9
1147340 2483.8
1147350 2485.8
1147360 2485.8
1147370 2486.1
1147380 2487.9
1147390 2487.9
1147400 2475.4
1147410 2465.5
1147420 2465.5
1147430 2461.1
1147440 2453.5
1147450 2453.5
1147460 2454.8
1147470 2457.3
1147480 2457.3
1147490 2459.6
1147500 2461.3
1147510 2461.3
1147520 2465.2
1147530 2457.8
1147540 2457.8
1147550 2461.5
1147560 2467.8
1147570 2467.8
1147580 2470.5
1147590 2465.4
1147600 2461.6
1147610 2461.6
1147620 2459.5
1147630 2455.4
1147640 2455.4
1147650 2451.0
1147660 2445.5
1147670 2445.5
1147680 2444.4
1147690 2440.2
1147700 2440.2
1147710 2434.4
1147720 2427.3
1147730 2427.3
1147740 2420.0
1147750 2416.3
1147760 2416.3
1147770 2410.7
1147780 2405.4
1147790 2405.4
1147800 2400.6
1147810 2396.6
1147820 2392.3
1147830 2392.3
1147840 2390.9
1147850 2389.9
1147860 2389.9
1147870 2386.2
1147880 2381.8
1147890 2381.8
1147900 2382.4
1147910 2377.9
1147920 2377.9
1147930 2370.0
1147940 2362.1
1147950 2362.1
1147960 2356.8
1147970 2351.8
1147980 2351.8
1147990 2347.3
1148000 2343.5
1148010 2343.5
1148020 2340.6
1148030 2339.4
1148040 2339.9
1148050 2339.9
1148060 2340.8
1148070 2341.6
1148080 2341.6
1148090 2341.9
1148100 2342.7
1148110 2342.7
1148120 2344.1
1148130 2346.3
1148140 2346.3
1148150 2348.7
1148160 2349.6
1148170 2349.6
1148180 2349.3
1148190 2348.5
1148200 2348.5
1148210 2347.6
1148220 2346.6
1148230 2346.6
1148240 2347.7
1148250 2349.9
1148260 2352.1
1148270 2352.1
1148280 2364.2
1148290 2363.5
1148300 2363.5
1148310 2361.6
1148320 2360.8
1148330 2360.8
1148340 2360.6
1148350 2360.6
1148360 2360.6
1148370 2360.1
1148380 2359.7
1148390 2359.7
1148400 2359.0
1148410 2359.1
1148420 2359.1
1148430 2359.7
1148440 2360.2
1148450 2360.2
1148460 2358.9
1148470 2358.2
1148480 2358.8
1148490 2358.8
1148500 2359.3
1148510 2360.3
1148520 2360.3
1148530 2361.1
1148540 2361.6
1148550 2361.6
1148560 2362.7
1148570 2363.8
1148580 2363.8
1148590 2365.2
1148600 2367.1
1148610 2367.1
1148620 2369.0
1148630 2370.9
1148640 2370.9
1148650 2370.7
1148660 2368.9
1148670 2368.9
1148680 2370.2
1148690 2372.8
1148700 2374.5
1148710 2374.5
1148720 2375.5
1148730 2375.1
1148740 2375.1
1148750 2373.9
1148760 2371.0
1148770 2371.0
1148780 2368.4
1148790 2369.8
1148800 2369.8
1148810 2370.5
1148820 2369.6
1148830 2369.6
1148840 2368.7
1148850 2368.0
1148860 2368.0
1148870 2366.7
1148880 2365.4
1148890 2365.4
1148900 2365.2
1148910 2366.0
1148920 2366.9
1148930 2366.9
1148940 2368.1
1148950 2370.3
1148960 2370.3
1148970 2372.3
1148980 2374.7
1148990 2374.7
1149000 2376.3
1149010 2376.1
1149020 2376.1
1149030 2373.7
1149040 2370.7
1149050 2370.7
1149060 2365.1
1149070 2360.5
1149080 2360.5
1149090 2357.2
1149100 2351.5
1149110 2351.5
1149120 2342.9
1149130 2337.0
1149140 2335.2
1149150 2335.2
1149160 2335.6
1149170 2333.2
1149180 2333.2
1149190 2330.7
1149200 2329.2
1149210 2329.2
1149220 2326.2
1149230 2323.2
1149240 2323.2
1149250 2322.3
1149260 2322.7
1149270 2322.7
1149280 2324.3
1149290 2326.4
1149300 2326.4
1149310 2323.5
1149320 2321.0
1149330 2321.0
1149340 2323.6
1149350 2329.6
1149360 2337.2
1149370 2337.2
1149380 2342.1
1149390 2345.6
1149400 2345.6
1149410 2364.1
1149420 2370.5
1149430 2370.5
1149440 2370.4
1149450 2362.4
1149460 2362.4
1149470 2352.3
1149480 2343.7
1149490 2343.7
1149500 2335.7
1149510 2326.0
1149520 2326.0
1149530 2314.7
1149540 2304.7
1149550 2304.7
1149560 2299.2
1149570 2294.8
1149580 2290.3
1149590 2290.3
1149600 2285.7
1149610 2280.9
1149620 2280.9
1149630 2275.7
1149640 2272.0
1149650 2272.0
1149660 2271.5
1149670 2273.6
1149680 2273.6
1149690 2274.2
1149700 2276.8
1149710 2276.8
1149720 2280.0
1149730 2280.8
1149740 2280.8
1149750 2283.1
1149760 2287.5
1149770 2287.5
1149780 2293.1
1149790 2310.7
1149800 2316.1
1149810 2316.1
1149820 2316.8
1149830 2310.6
1149840 2310.6
1149850 2301.7
1149860 2295.3
1149870 2295.3
1149880 2289.1
1149890 2278.7
1149900 2278.7
1149910 2270.6
1149920 2264.9
1149930 2264.9
1149940 2259.5
1149950 2252.9
1149960 2252.9
1149970 2245.8
1149980 2239.1
1149990 2239.1
1150000 2232.5
1150010 2226.6
1150020 2221.4
1150030 2221.4
1150040 2213.8
1150050 2202.0
1150060 2202.0
1150070 2190.4
1150080 2181.5
1150090 2181.5
1150100 2174.3
1150110 2167.4
1150120 2167.4
1150130 2160.9
1150140 2154.3
1150150 2154.3
1150160 2147.2
1150170 2139.7
1150180 2139.7
1150190 2135.1
1150200 2131.0
1150210 2131.0
1150220 2127.1
1150230 2124.6
1150240 2123.5
1150250 2123.5
1150260 2122.2
1150270 2120.3
1150280 2120.3
1150290 2118.1
1150300 2116.5
1150310 2116.5
1150320 2114.0
1150330 2111.5
1150340 2111.5
1150350 2109.0
1150360 2106.3
1150370 2106.3
1150380 2103.5
1150390 2101.8
1150400 2101.8
1150410 2100.5
1150420 2099.1
1150430 2099.1
1150440 2098.4
1150450 2097.8
1150460 2097.6
1150470 2097.6
1150480 2097.8
1150490 2097.9
1150500 2097.9
1150510 2097.9
1150520 2097.4
1150530 2097.4
1150540 2096.4
1150550 2094.1
1150560 2094.1
1150570 2093.0
1150580 2091.2
1150590 2091.2
1150600 2089.1
1150610 2087.3
1150620 2087.3
1150630 2085.0
1150640 2082.6
1150650 2082.6
1150660 2080.3
1150670 2078.4
1150680 2076.3
1150690 2076.3
1150700 2075.0
1150710 2074.2
1150720 2074.2
1150730 2072.1
1150740 2071.4
1150750 2071.4
1150760 2070.8
1150770 2069.1
1150780 2069.1
1150790 2067.5
1150800 2066.3
1150810 2066.3
1150820 2065.1
1150830 2065.3
1150840 2065.3
1150850 2064.0
1150860 2061.4
1150870 2061.4
1150880 2058.5
1150890 2055.7
1150900 2052.7
1150910 2052.7
1150920 2049.4
1150930 2046.7
1150940 2046.7
1150950 2043.2
1150960 2039.7
1150970 2039.7
1150980 2036.3
1150990 2032.9
1151000 2032.9
1151010 2029.0
1151020 2025.0
1151030 2025.0
1151040 2021.3
1151050 2017.2
1151060 2017.2
1151070 2013.1
1151080 2009.1
1151090 2009.1
1151100 2005.5
1151110 2002.5
1151120 2000.5
1151130 2000.5
1151140 1999.9
1151150 1998.5
1151160 1998.5
1151170 1993.6
1151180 1989.9
1151190 1989.9
1151200 1987.4
1151210 1985.1
1151220 1985.1
1151230 1982.8
1151240 1981.3
1151250 1981.3
1151260 1980.9
1151270 1980.9
1151280 1980.9
1151290 1978.8
1151300 1973.9
1151310 1970.7
1151320 1965.5
1151330 1959.9
1151340 1954.5
1151350 1954.5
1151360 1949.3
1151370 1944.3
1151380 1944.3
1151390 1938.8
1151400 1931.9
1151410 1931.9
1151420 1924.3
1151430 1917.4
1151440 1917.4
1151450 1911.4
1151460 1905.7
1151470 1905.7
1151480 1900.2
1151490 1894.7
1151500 1894.7
1151510 1889.2
1151520 1882.6
1151530 1882.6
1151540 1875.5
1151550 1868.2
1151560 1868.2
1151570 1861.4
1151580 1854.6
1151590 1849.2
1151600 1849.2
1151610 1843.5
1151620 1838.9
1151630 1838.9
1151640 1835.8
1151650 1834.9
1151660 1834.9
1151670 1834.3
1151680 1831.6
1151690 1829.6
1151700 1824.8
1151710 1820.0
1151720 1820.0
1151730 1815.3
1151740 1810.2
1151750 1810.2
1151760 1804.7
1151770 1799.9
1151780 1799.9
1151790 1794.6
1151800 1788.2
1151810 1781.5
1151820 1781.5
1151830 1774.4
1151840 1767.8
1151850 1767.8
1151860 1760.0
1151870 1748.0
1151880 1748.0
1151890 1732.3
1151900 1722.3
1151910 1722.3
1151920 1713.4
1151930 1703.8
1151940 1703.8
1151950 1694.6
1151960 1684.8
1151970 1684.8
1151980 1671.7
1151990 1663.0
1152000 1663.0
1152010 1655.7
1152020 1648.4
1152030 1640.7
1152040 1640.7
1152050 1633.3
1152060 1626.1
1152070 1627.2
1152080 1620.0
1152090 1613.0
1152100 1613.0
1152110 1606.0
1152120 1599.3
1152130 1599.3
1152140 1593.9
1152150 1588.9
1152160 1588.9
1152170 1584.9
1152180 1581.8
1152190 1581.8
1152200 1578.2
1152210 1571.6
1152220 1571.6
1152230 1563.7
1152240 1558.0
1152250 1555.0
1152260 1555.0
1152270 1558.1
1152280 1567.0
1152290 1567.0
1152300 1575.9
1152310 1582.0
1152320 1582.0
1152330 1588.0
1152340 1592.2
1152350 1592.2
1152360 1596.8
1152370 1603.9
1152380 1603.9
1152390 1611.9
1152400 1619.9
1152410 1619.9
1152420 1627.7
1152430 1635.4
1152440 1635.4
1152450 1635.0
1152460 1641.3
1152470 1647.2
1152480 1647.2
1152490 1651.5
1152500 1657.7
1152510 1657.7
1152520 1664.8
1152530 1670.3
1152540 1670.3
1152550 1671.8
1152560 1669.6
1152570 1669.6
1152580 1667.9
1152590 1666.1
1152600 1666.1
1152610 1664.2
1152620 1662.5
1152630 1662.5
1152640 1661.2
1152650 1659.5
1152660 1659.5
1152670 1656.9
1152680 1654.1
1152690 1651.6
1152700 1651.6
1152710 1648.7
1152720 1646.8
1152730 1646.8
1152740 1644.4
1152750 1641.2
1152760 1641.2
1152770 1636.6
1152780 1630.8
1152790 1630.8
1152800 1625.5
1152810 1621.5
1152820 1621.5
1152830 1618.0
1152840 1610.9
1152850 1610.9
1152860 1607.5
1152870 1603.3
1152880 1603.3
1152890 1599.5
1152900 1597.3
1152910 1595.5
1152920 1595.5
1152930 1592.9
1152940 1590.0
1152950 1590.0
1152960 1586.2
1152970 1582.4
1152980 1582.4
1152990 1577.9
1153000 1572.7
1153010 1572.7
1153020 1566.2
1153030 1559.3
1153040 1559.3
1153050 1552.8
1153060 1552.4
1153070 1552.4
1153080 1556.0
1153090 1556.1
1153100 1556.1
1153110 1553.8
1153120 1551.6
1153130 1549.7
1153140 1549.7
1153150 1548.1
1153160 1546.2
1153170 1546.2
1153180 1544.8
1153190 1542.4
1153200 1542.4
1153210 1540.9
1153220 1534.7
1153230 1534.7
1153240 1532.1
1153250 1529.8
1153260 1529.8
1153270 1527.9
1153280 1526.4
1153290 1526.4
1153300 1524.9
1153310 1522.4
1153320 1522.4
1153330 1519.8
1153340 1517.6
1153350 1515.6
1153360 1515.6
1153370 1513.1
1153380 1510.7
1153390 1510.7
1153400 1508.3
1153410 1506.6
1153420 1506.6
1153430 1505.6
1153440 1503.4
1153450 1503.4
1153460 1499.1
1153470 1495.1
1153480 1495.1
1153490 1491.5
1153500 1486.8
1153510 1486.8
1153520 1481.1
1153530 1476.0
1153540 1476.0
1153550 1471.1
1153560 1465.8
1153570 1462.2
1153580 1462.2
1153590 1457.6
1153600 1446.3
1153610 1446.3
1153620 1439.6
1153630 1431.2
1153640 1431.2
1153650 1422.5
1153660 1414.9
1153670 1414.9
1153680 1407.9
1153690 1402.0
1153700 1402.0
1153710 1396.5
1153720 1390.6
1153730 1390.6
1153740 1384.4
1153750 1379.0
1153760 1379.0
1153770 1371.5
1153780 1365.8
1153790 1361.0
1153800 1361.0
1153810 1357.0
1153820 1353.1
1153830 1353.1
1153840 1349.6
1153850 1345.8
1153860 1345.8
1153870 1342.2
1153880 1338.2
1153890 1338.2
1153900 1335.1
1153910 1331.6
1153920 1331.6
1153930 1328.5
1153940 1325.4
1153950 1325.4
1153960 1321.9
1153970 1317.9
1153980 1313.4
1153990 1309.8
1154000 1305.0
1154010 1300.3
1154020 1300.3
1154030 1296.4
1154040 1291.6
1154050 1291.6
1154060 1286.3
1154070 1280.9
1154080 1280.9
1154090 1278.2
1154100 1275.9
1154110 1275.9
1154120 1274.5
1154130 1273.1
1154140 1273.1
1154150 1272.1
1154160 1270.4
1154170 1270.4
1154180 1267.6
1154190 1263.8
1154200 1263.8
1154210 1260.8
1154220 1258.6
1154230 1256.4
1154240 1256.4
1154250 1255.7
1154260 1255.4
1154270 1255.4
1154280 1254.5
1154290 1253.1
1154300 1253.1
1154310 1250.6
1154320 1248.4
1154330 1248.4
1154340 1247.2
1154350 1245.6
1154360 1245.6
1154370 1241.4
1154380 1241.2
1154390 1241.2
1154400 1241.2
1154410 1240.9
1154420 1240.9
1154430 1240.4
1154440 1240.0
1154450 1239.2
1154460 1239.2
1154470 1237.9
1154480 1236.5
1154490 1236.5
1154500 1235.2
1154510 1233.7
1154520 1233.7
1154530 1232.2
1154540 1231.7
1154550 1231.7
1154560 1231.7
1154570 1232.6
1154580 1232.6
1154590 1232.4
1154600 1229.1
1154610 1229.1
1154620 1223.5
1154630 1217.3
1154640 1217.3
1154650 1212.8
1154660 1210.0
1154670 1208.5
1154680 1208.5
1154690 1207.2
1154700 1207.4
1154710 1207.4
1154720 1208.0
1154730 1206.4
1154740 1206.4
1154750 1202.7
1154760 1201.5
1154770 1201.5
1154780 1199.4
1154790 1196.7
1154800 1196.7
1154810 1194.2
1154820 1192.0
1154830 1192.0
1154840 1190.0
1154850 1188.7
1154860 1188.7
1154870 1187.3
1154880 1185.5
1154890 1183.7
1154900 1183.7
1154910 1181.9
1154920 1180.1
1154930 1180.1
1154940 1177.8
1154950 1174.7
1154960 1174.7
1154970 1172.3
1154980 1171.5
1154990 1171.5
1155000 1171.1
1155010 1171.0
1155020 1171.0
1155030 1170.6
1155040 1170.0
1155050 1170.0
1155060 1169.7
1155070 1169.8
1155080 1169.8
1155090 1169.8
1155100 1169.3
1155110 1168.1
1155120 1168.1
1155130 1166.9
1155140 1167.5
1155150 1167.5
1155160 1168.8
1155170 1169.9
1155180 1169.9
1155190 1170.1
1155200 1170.3
1155210 1170.3
1155220 1170.8
1155230 1172.4
1155240 1172.4
1155250 1174.8
1155260 1177.6
1155270 1177.6
1155280 1181.7
1155290 1184.3
1155300 1184.3
1155310 1185.7
1155320 1187.1
1155330 1188.5
1155340 1188.5
1155350 1189.8
1155360 1192.4
1155370 1192.4
1155380 1195.4
1155390 1198.3
1155400 1198.3
1155410 1200.3
1155420 1200.3
1155430 1200.3
1155440 1199.4
1155450 1198.7
1155460 1198.7
1155470 1198.0
1155480 1198.3
1155490 1198.3
1155500 1198.1
1155510 1195.7
1155520 1202.6
1155530 1199.5
1155540 1196.4
1155550 1193.9
1155560 1193.9
1155570 1193.5
1155580 1193.1
1155590 1193.1
1155600 1189.8
1155610 1188.4
1155620 1188.4
1155630 1192.4
1155640 1198.3
1155650 1198.3
1155660 1200.0
1155670 1200.1
1155680 1200.1
1155690 1197.3
1155700 1191.8
1155710 1191.8
1155720 1195.3
1155730 1198.6
1155740 1198.6
1155750 1199.2
1155760 1200.0
1155770 1200.2
1155780 1200.2
1155790 1200.3
1155800 1200.4
1155810 1200.4
1155820 1200.6
1155830 1201.3
1155840 1201.3
1155850 1202.4
1155860 1203.4
1155870 1203.4
1155880 1204.4
1155890 1205.1
1155900 1205.1
1155910 1210.4
1155920 1213.4
1155930 1213.4
1155940 1216.6
1155950 1217.3
1155960 1217.3
1155970 1218.3
1155980 1219.2
1155990 1222.0
1156000 1222.0
1156010 1224.0
1156020 1225.6
1156030 1225.6
1156040 1228.1
1156050 1230.6
1156060 1230.6
1156070 1233.0
1156080 1235.4
1156090 1235.4
1156100 1237.3
1156110 1240.2
1156120 1240.2
1156130 1243.2
1156140 1244.9
1156150 1244.9
1156160 1246.4
1156170 1248.5
1156180 1248.5
1156190 1251.9
1156200 1255.3
1156210 1259.2
1156220 1259.2
1156230 1263.1
1156240 1266.6
1156250 1266.6
1156260 1268.1
1156270 1270.9
1156280 1270.9
1156290 1278.6
1156300 1280.7
1156310 1280.7
1156320 1283.1
1156330 1285.6
1156340 1285.6
1156350 1287.8
1156360 1289.4
1156370 1289.4
1156380 1291.2
1156390 1293.7
1156400 1293.7
1156410 1297.1
1156420 1301.1
1156430 1304.9
1156440 1304.9
1156450 1309.8
1156460 1315.7
1156470 1315.7
1156480 1322.4
1156490 1329.4
1156500 1329.4
1156510 1334.6
1156520 1339.6
1156530 1339.6
1156540 1343.9
1156550 1347.8
1156560 1347.8
1156570 1352.1
1156580 1355.3
1156590 1355.3
1156600 1358.3
1156610 1361.3
1156620 1361.3
1156630 1364.4
1156640 1367.8
1156650 1367.8
1156660 1371.2
1156670 1374.4
1156680 1381.9
1156690 1381.9
1156700 1383.7
1156710 1385.0
1156720 1385.0
1156730 1386.7
1156740 1388.3
1156750 1388.3
1156760 1391.0
1156770 1393.5
1156780 1393.5
1156790 1394.9
1156800 1395.7
1156810 1395.7
1156820 1395.3
1156830 1394.8
1156840 1394.8
1156850 1394.7
1156860 1394.2
1156870 1394.2
1156880 1396.4
1156890 1399.9
1156900 1402.4
1156910 1402.4
1156920 1404.8
1156930 1407.5
1156940 1407.5
1156950 1410.0
1156960 1410.8
1156970 1410.8
1156980 1410.4
1156990 1411.8
1157000 1411.8
1157010 1414.3
1157020 1415.8
1157030 1415.8
1157040 1417.9
1157050 1422.4
1157060 1422.4
1157070 1430.4
1157080 1431.2
1157090 1431.2
1157100 1432.9
1157110 1435.8
1157120 1439.2
1157130 1439.2
1157140 1443.9
1157150 1446.9
1157160 1446.9
1157170 1448.8
1157180 1451.0
1157190 1451.0
1157200 1451.4
1157210 1452.2
1157220 1452.2
1157230 1454.2
1157240 1456.4
1157250 1456.4
1157260 1460.5
1157270 1464.7
1157280 1464.7
1157290 1467.9
1157300 1473.7
1157310 1473.7
1157320 1479.2
1157330 1479.7
1157340 1479.6
1157350 1479.6
1157360 1481.5
1157370 1482.7
1157380 1482.7
1157390 1484.4
1157400 1487.6
1157410 1487.6
1157420 1491.7
1157430 1497.2
1157440 1497.2
1157450 1497.9
1157460 1509.0
1157470 1509.0
1157480 1511.6
1157490 1513.1
1157500 1513.1
1157510 1515.9
1157520 1518.6
1157530 1518.6
1157540 1519.5
1157550 1520.0
1157560 1520.5
1157570 1520.5
1157580 1521.3
1157590 1521.2
1157600 1521.2
1157610 1521.1
1157620 1522.1
1157630 1522.1
1157640 1522.1
1157650 1522.4
1157660 1522.4
1157670 1522.5
1157680 1520.3
1157690 1520.3
1157700 1519.6
1157710 1521.3
1157720 1521.3
1157730 1521.9
1157740 1519.8
1157750 1519.8
1157760 1519.6
1157770 1522.0
1157780 1526.0
1157790 1526.0
1157800 1530.6
1157810 1533.0
1157820 1533.0
1157830 1532.7
1157840 1540.2
1157850 1540.2
1157860 1541.0
1157870 1538.1
1157880 1538.1
1157890 1532.3
1157900 1525.2
1157910 1525.2
1157920 1517.5
1157930 1509.7
1157940 1509.7
1157950 1502.0
1157960 1494.7
1157970 1494.7
1157980 1486.6
1157990 1478.2
1158000 1476.1
1158010 1476.1
1158020 1472.1
1158030 1468.8
1158040 1468.8
1158050 1474.5
1158060 1482.5
1158070 1482.5
1158080 1488.7
1158090 1487.0
1158100 1487.0
1158110 1483.5
1158120 1479.5
1158130 1479.5
1158140 1476.9
1158150 1477.2
1158160 1477.2
1158170 1481.5
1158180 1485.9
1158190 1485.9
1158200 1491.6
1158210 1497.2
1158220 1504.1
1158230 1505.6
1158240 1512.9
1158250 1519.8
1158260 1519.8
1158270 1526.4
1158280 1533.0
1158290 1533.0
1158300 1539.5
1158310 1546.1
1158320 1546.1
1158330 1552.5
1158340 1559.4
1158350 1559.4
1158360 1566.6
1158370 1572.9
1158380 1572.9
1158390 1579.5
1158400 1585.7
1158410 1585.7
1158420 1592.4
1158430 1599.9
1158440 1607.9
1158450 1607.9
1158460 1612.4
1158470 1616.4
1158480 1616.4
1158490 1620.3
1158500 1623.5
1158510 1623.5
1158520 1626.2
1158530 1629.0
1158540 1629.0
1158550 1631.7
1158560 1633.7
1158570 1633.7
1158580 1636.2
1158590 1639.1
1158600 1639.1
1158610 1642.2
1158620 1653.2
1158630 1653.2
1158640 1656.2
1158650 1657.7
1158660 1657.5
1158670 1657.5
1158680 1655.3
1158690 1653.5
1158700 1653.5
1158710 1652.9
1158720 1651.3
1158730 1651.3
1158740 1649.9
1158750 1649.8
1158760 1649.8
1158770 1651.2
1158780 1653.0
1158790 1653.0
1158800 1655.4
1158810 1658.0
1158820 1658.0
1158830 1660.2
1158840 1662.9
1158850 1662.9
1158860 1665.3
1158870 1666.5
1158880 1668.5
1158890 1668.5
1158900 1671.7
1158910 1675.3
1158920 1675.3
1158930 1679.5
1158940 1684.2
1158950 1684.2
1158960 1689.3
1158970 1691.8
1158980 1691.8
1158990 1696.1
1159000 1700.8
1159010 1705.6
1159020 1709.1
1159030 1712.5
1159040 1712.5
1159050 1715.8
1159060 1719.8
1159070 1719.8
1159080 1722.8
1159090 1723.9
1159100 1725.0
1159110 1725.0
1159120 1727.0
1159130 1729.9
1159140 1729.9
1159150 1732.8
1159160 1735.7
1159170 1735.7
1159180 1738.4
1159190 1740.9
1159200 1740.9
1159210 1743.0
1159220 1745.2
1159230 1745.2
1159240 1747.5
1159250 1750.1
1159260 1750.1
1159270 1752.2
1159280 1754.8
1159290 1754.8
1159300 1757.2
1159310 1759.3
1159320 1762.0
1159330 1762.0
1159340 1764.4
1159350 1766.6
1159360 1766.6
1159370 1769.3
1159380 1771.2
1159390 1771.2
1159400 1780.3
1159410 1782.1
1159420 1782.1
1159430 1782.6
1159440 1782.0
1159450 1782.0
1159460 1781.7
1159470 1781.4
1159480 1781.4
1159490 1780.8
1159500 1781.1
1159510 1781.1
1159520 1783.1
1159530 1783.6
1159540 1783.2
1159550 1783.2
1159560 1783.1
1159570 1784.2
1159580 1784.2
1159590 1785.8
1159600 1787.0
1159610 1787.0
1159620 1787.8
1159630 1788.6
1159640 1788.6
1159650 1790.3
1159660 1791.5
1159670 1791.5
1159680 1793.5
1159690 1795.0
1159700 1795.0
1159710 1796.6
1159720 1797.4
1159730 1797.4
1159740 1794.8
1159750 1789.4
1159760 1783.3
1159770 1783.3
1159780 1776.5
1159790 1775.6
1159800 1775.6
1159810 1776.5
1159820 1788.1
1159830 1788.1
1159840 1797.7
1159850 1805.3
1159860 1805.3
1159870 1812.1
1159880 1816.2
1159890 1816.2
1159900 1818.8
1159910 1822.7
1159920 1822.7
1159930 1825.6
1159940 1827.0
1159950 1827.0
1159960 1824.7
1159970 1821.5
1159980 1821.9
1159990 1821.9
