1140000 2870.4
1140010 2877.6
1140020 2877.6
1140030 2880.8
1140040 2873.1
1140050 2858.7
1140060 2860.7
1140070 2864.8
1140080 2864.8
1140090 2864.6
1140100 2862.2
1140110 2862.2
1140120 2861.5
1140130 2861.2
1140140 2862.9
1140150 2862.9
1140160 2862.4
1140170 2863.3
1140180 2863.3
1140190 2864.3
1140200 2869.6
1140210 2869.6
1140220 2873.6
1140230 2877.0
1140240 2877.0
1140250 2880.8
1140260 2881.8
1140270 2881.8
1140280 2884.5
1140290 2889.2
1140300 2889.2
1140310 2892.6
1140320 2895.6
1140330 2895.6
1140340 2900.4
1140350 2905.6
1140360 2909.7
1140370 2909.7
1140380 2899.1
1140390 2877.4
1140400 2877.4
1140410 2861.9
1140420 2851.6
1140430 2851.6
1140440 2843.0
1140450 2827.6
1140460 2827.6
1140470 2809.8
1140480 2787.4
1140490 2787.4
1140500 2774.7
1140510 2775.6
1140520 2775.6
1140530 2776.5
1140540 2777.5
1140550 2777.5
1140560 2778.5
1140570 2776.6
1140580 2773.2
1140590 2773.2
1140600 2771.8
1140610 2770.7
1140620 2770.7
1140630 2768.8
1140640 2766.9
1140650 2766.9
1140660 2765.6
1140670 2764.3
1140680 2764.3
1140690 2762.7
1140700 2759.4
1140710 2759.4
1140720 2754.8
1140730 2749.8
1140740 2749.8
1140750 2745.0
1140760 2739.7
1140770 2739.7
1140780 2734.0
1140790 2736.3
1140800 2734.0
1140810 2734.0
1140820 2728.4
1140830 2720.6
1140840 2720.6
1140850 2711.9
1140860 2705.4
1140870 2705.4
1140880 2698.4
1140890 2691.3
1140900 2691.3
1140910 2684.3
1140920 2677.3
1140930 2677.3
1140940 2667.9
1140950 2659.1
1140960 2659.1
1140970 2649.7
1140980 2638.0
1140990 2638.0
1141000 2626.7
1141010 2618.3
1141020 2610.4
1141030 2610.4
1141040 2601.7
1141050 2593.4
1141060 2593.4
1141070 2584.9
1141080 2572.0
1141090 2572.0
1141100 2565.4
1141110 2559.8
1141120 2559.8
1141130 2552.6
1141140 2544.2
1141150 2544.2
1141160 2540.1
1141170 2531.9
1141180 2531.9
1141190 2522.1
1141200 2512.0
1141210 2512.0
1141220 2501.4
1141230 2488.8
1141240 2488.8
1141250 2474.2
1141260 2458.4
1141270 2447.2
1141280 2447.2
1141290 2438.4
1141300 2432.1
1141310 2432.1
1141320 2426.5
1141330 2420.9
1141340 2420.9
1141350 2415.3
1141360 2409.5
1141370 2409.5
1141380 2403.7
1141390 2398.4
1141400 2398.4
1141410 2393.5
1141420 2388.6
1141430 2388.6
1141440 2383.7
1141450 2379.0
1141460 2379.0
1141470 2374.6
1141480 2370.3
1141490 2366.2
1141500 2366.2
1141510 2362.2
1141520 2358.5
1141530 2359.5
1141540 2357.1
1141550 2354.5
1141560 2354.5
1141570 2351.4
1141580 2347.7
1141590 2347.7
1141600 2343.8
1141610 2340.0
1141620 2340.0
1141630 2336.2
1141640 2331.2
1141650 2331.2
1141660 2325.0
1141670 2318.9
1141680 2318.9
1141690 2312.9
1141700 2307.4
1141710 2301.7
1141720 2301.7
1141730 2295.9
1141740 2289.9
1141750 2289.9
1141760 2280.9
1141770 2271.4
1141780 2271.4
1141790 2260.6
1141800 2251.9
1141810 2251.9
1141820 2243.6
1141830 2232.5
1141840 2232.5
1141850 2219.8
1141860 2204.8
1141870 2204.8
1141880 2193.5
1141890 2184.4
1141900 2186.9
1141910 2178.9
1141920 2170.9
1141930 2163.9
1141940 2163.9
1141950 2151.0
1141960 2138.2
1141970 2138.2
1141980 2127.3
1141990 2115.5
1142000 2115.5
1142010 2104.2
1142020 2092.6
1142030 2092.6
1142040 2082.2
1142050 2070.6
1142060 2070.6
1142070 2060.5
1142080 2052.4
1142090 2052.4
1142100 2044.3
1142110 2036.6
1142120 2036.6
1142130 2029.6
1142140 2023.8
1142150 2020.0
1142160 2020.0
1142170 2019.6
1142180 2019.6
1142190 2019.6
1142200 2019.6
1142210 2019.6
1142220 2019.6
1142230 2019.6
1142240 2019.6
1142250 2019.6
1142260 2019.6
1142270 2019.6
1142280 2019.6
1142290 2019.6
1142300 2019.6
1142310 2019.6
1142320 2019.6
1142330 2019.6
1142340 2019.6
1142350 2019.6
1142360 2019.6
1142370 2019.6
1142380 2019.6
1142390 2020.0
1142400 2022.3
1142410 2022.3
1142420 2025.4
1142430 2029.3
1142440 2029.3
1142450 2033.4
1142460 2037.4
1142470 2037.4
1142480 2042.1
1142490 2047.0
1142500 2047.0
1142510 2052.0
1142520 2056.6
1142530 2056.6
1142540 2060.5
1142550 2064.3
1142560 2064.3
1142570 2069.1
1142580 2075.8
1142590 2081.6
1142600 2081.6
1142610 2088.2
1142620 2096.3
1142630 2096.3
1142640 2112.9
1142650 2120.3
1142660 2120.3
1142670 2127.0
1142680 2133.7
1142690 2133.7
1142700 2140.2
1142710 2146.7
1142720 2146.7
1142730 2154.8
1142740 2162.4
1142750 2162.4
1142760 2173.1
1142770 2187.4
1142780 2187.4
1142790 2197.2
1142800 2203.7
1142810 2210.4
1142820 2210.4
1142830 2218.5
1142840 2228.4
1142850 2228.4
1142860 2236.2
1142870 2243.5
1142880 2243.5
1142890 2253.8
1142900 2262.5
1142910 2262.5
1142920 2269.0
1142930 2274.9
1142940 2274.9
1142950 2281.6
1142960 2285.6
1142970 2285.6
1142980 2289.5
1142990 2294.0
1143000 2294.0
1143010 2299.5
1143020 2303.9
1143030 2309.5
1143040 2309.5
1143050 2316.6
1143060 2323.7
1143070 2323.7
1143080 2329.8
1143090 2336.4
1143100 2336.4
1143110 2344.3
1143120 2351.8
1143130 2351.8
1143140 2358.1
1143150 2363.3
1143160 2363.3
1143170 2368.1
1143180 2374.2
1143190 2374.2
1143200 2381.3
1143210 2388.6
1143220 2388.6
1143230 2394.2
1143240 2398.1
1143250 2402.8
1143260 2402.8
1143270 2407.7
1143280 2412.4
1143290 2412.4
1143300 2415.4
1143310 2416.7
1143320 2416.7
1143330 2419.6
1143340 2421.3
1143350 2421.3
1143360 2420.4
1143370 2421.6
1143380 2431.9
1143390 2434.4
1143400 2436.8
1143410 2436.8
1143420 2438.9
1143430 2441.9
1143440 2441.9
1143450 2444.4
1143460 2446.7
1143470 2449.5
1143480 2449.5
1143490 2452.8
1143500 2455.5
1143510 2455.5
1143520 2473.6
1143530 2488.3
1143540 2488.3
1143550 2497.2
1143560 2502.0
1143570 2502.0
1143580 2508.5
1143590 2516.2
1143600 2516.2
1143610 2516.1
1143620 2513.2
1143630 2513.2
1143640 2509.3
1143650 2503.4
1143660 2503.4
1143670 2496.6
1143680 2488.2
1143690 2478.5
1143700 2478.5
1143710 2468.4
1143720 2459.9
1143730 2459.9
1143740 2453.6
1143750 2446.7
1143760 2446.7
1143770 2439.7
1143780 2433.9
1143790 2433.9
1143800 2428.3
1143810 2423.4
1143820 2423.4
1143830 2417.7
1143840 2413.3
1143850 2413.3
1143860 2410.5
1143870 2407.3
1143880 2407.3
1143890 2403.1
1143900 2399.3
1143910 2394.9
1143920 2394.9
1143930 2390.3
1143940 2387.2
1143950 2387.2
1143960 2385.1
1143970 2381.6
1143980 2381.6
1143990 2375.9
1144000 2368.1
1144010 2368.1
1144020 2361.2
1144030 2354.5
1144040 2354.5
1144050 2348.5
1144060 2343.6
1144070 2343.6
1144080 2338.4
1144090 2331.0
1144100 2331.0
1144110 2324.7
1144120 2325.1
1144130 2321.8
1144140 2321.8
1144150 2318.7
1144160 2315.0
1144170 2315.0
1144180 2311.0
1144190 2306.5
1144200 2306.5
1144210 2303.0
1144220 2299.4
1144230 2299.4
1144240 2293.2
1144250 2287.7
1144260 2287.7
1144270 2285.0
1144280 2282.9
1144290 2282.9
1144300 2281.2
1144310 2279.4
1144320 2279.4
1144330 2277.0
1144340 2274.0
1144350 2274.0
1144360 2271.7
1144370 2271.0
1144380 2270.9
1144390 2270.9
1144400 2271.5
1144410 2272.5
1144420 2272.5
1144430 2275.7
1144440 2279.9
1144450 2279.9
1144460 2282.3
1144470 2282.9
1144480 2282.9
1144490 2280.4
1144500 2280.7
1144510 2280.7
1144520 2281.4
1144530 2283.7
1144540 2283.7
1144550 2286.7
1144560 2290.0
1144570 2290.0
1144580 2293.9
1144590 2298.0
1144600 2302.2
1144610 2302.2
1144620 2306.4
1144630 2310.9
1144640 2310.9
1144650 2315.7
1144660 2320.9
1144670 2320.9
1144680 2326.2
1144690 2331.6
1144700 2331.6
1144710 2337.0
1144720 2342.5
1144730 2342.5
1144740 2348.0
1144750 2353.8
1144760 2353.8
1144770 2360.8
1144780 2366.4
1144790 2366.4
1144800 2372.1
1144810 2378.0
1144820 2384.0
1144830 2384.0
1144840 2390.2
1144850 2396.6
1144860 2396.6
1144870 2403.2
1144880 2409.9
1144890 2409.9
1144900 2418.1
1144910 2426.8
1144920 2426.8
1144930 2434.0
1144940 2441.0
1144950 2441.0
1144960 2447.9
1144970 2454.9
1144980 2454.9
1144990 2462.1
1145000 2469.3
1145010 2469.3
1145020 2476.2
1145030 2483.2
1145040 2490.0
1145050 2490.0
1145060 2497.0
1145070 2504.0
1145080 2504.0
1145090 2511.0
1145100 2518.2
1145110 2518.2
1145120 2525.5
1145130 2532.7
1145140 2532.7
1145150 2540.0
1145160 2547.3
1145170 2547.3
1145180 2554.5
1145190 2561.4
1145200 2561.4
1145210 2568.3
1145220 2575.6
1145230 2575.6
1145240 2579.6
1145250 2587.2
1145260 2595.0
1145270 2595.0
1145280 2602.7
1145290 2610.4
1145300 2610.4
1145310 2618.1
1145320 2626.0
1145330 2626.0
1145340 2636.6
1145350 2651.2
1145360 2651.2
1145370 2661.2
1145380 2672.2
1145390 2672.2
1145400 2680.4
1145410 2690.3
1145420 2690.3
1145430 2701.8
1145440 2712.3
1145450 2712.3
1145460 2720.2
1145470 2726.3
1145480 2733.1
1145490 2733.1
1145500 2740.6
1145510 2747.3
1145520 2747.3
1145530 2757.5
1145540 2769.6
1145550 2769.6
1145560 2781.7
1145570 2790.4
1145580 2790.4
1145590 2797.4
1145600 2802.4
1145610 2802.4
1145620 2800.3
1145630 2799.9
1145640 2799.9
1145650 2797.0
1145660 2794.5
1145670 2794.5
1145680 2789.9
1145690 2784.6
1145700 2786.1
1145710 2786.1
1145720 2786.7
1145730 2781.2
1145740 2781.2
1145750 2773.2
1145760 2770.4
1145770 2770.4
1145780 2766.1
1145790 2759.8
1145800 2759.8
1145810 2755.7
1145820 2755.2
1145830 2755.2
1145840 2755.0
1145850 2754.0
1145860 2754.0
1145870 2748.9
1145880 2737.5
1145890 2737.5
1145900 2724.8
1145910 2713.1
1145920 2702.5
1145930 2702.5
1145940 2696.3
1145950 2691.8
1145960 2691.8
1145970 2688.8
1145980 2685.2
1145990 2677.1
1146000 2674.3
1146010 2669.8
1146020 2669.8
1146030 2666.6
1146040 2664.5
1146050 2664.5
1146060 2662.9
1146070 2662.2
1146080 2662.2
1146090 2661.6
1146100 2658.8
1146110 2658.8
1146120 2656.2
1146130 2653.3
1146140 2650.7
1146150 2650.7
1146160 2647.8
1146170 2644.6
1146180 2644.6
1146190 2641.0
1146200 2635.6
1146210 2635.6
1146220 2631.6
1146230 2629.2
1146240 2629.2
1146250 2629.5
1146260 2637.9
1146270 2637.9
1146280 2640.9
1146290 2638.6
1146300 2638.6
1146310 2634.0
1146320 2626.1
1146330 2626.1
1146340 2622.1
1146350 2625.3
1146360 2629.7
1146370 2623.6
1146380 2628.0
1146390 2629.4
1146400 2629.4
1146410 2630.5
1146420 2633.8
1146430 2633.8
1146440 2638.0
1146450 2640.0
1146460 2640.0
1146470 2638.9
1146480 2637.6
1146490 2637.6
1146500 2632.0
1146510 2619.9
1146520 2619.9
1146530 2598.7
1146540 2582.9
1146550 2582.9
1146560 2570.5
1146570 2551.4
1146580 2534.2
1146590 2534.2
1146600 2525.5
1146610 2515.3
1146620 2515.3
1146630 2508.2
1146640 2501.1
1146650 2501.1
1146660 2495.4
1146670 2490.8
1146680 2490.8
1146690 2484.8
1146700 2479.1
1146710 2479.1
1146720 2474.0
1146730 2468.3
1146740 2472.3
1146750 2467.4
1146760 2462.5
1146770 2462.5
1146780 2458.2
1146790 2453.5
1146800 2448.8
1146810 2448.8
1146820 2444.2
1146830 2439.4
1146840 2439.4
1146850 2434.9
1146860 2431.7
1146870 2431.7
1146880 2428.8
1146890 2425.9
1146900 2425.9
1146910 2422.9
1146920 2420.2
1146930 2420.2
1146940 2416.3
1146950 2413.3
1146960 2413.3
1146970 2411.2
1146980 2409.9
1146990 2409.9
1147000 2409.4
1147010 2408.9
1147020 2408.1
1147030 2408.1
1147040 2407.5
1147050 2406.9
1147060 2406.9
1147070 2405.2
1147080 2403.3
1147090 2403.3
1147100 2401.1
1147110 2398.6
1147120 2408.6
1147130 2405.0
1147140 2402.8
1147150 2402.8
1147160 2403.5
1147170 2404.8
1147180 2404.8
1147190 2405.6
1147200 2403.9
1147210 2403.9
1147220 2400.7
1147230 2397.3
1147240 2394.7
1147250 2394.7
1147260 2392.7
1147270 2390.4
1147280 2390.4
1147290 2389.1
1147300 2388.1
1147310 2388.1
1147320 2386.6
1147330 2384.2
1147340 2384.2
1147350 2382.4
1147360 2380.5
1147370 2380.5
1147380 2377.6
1147390 2375.6
1147400 2375.6
1147410 2374.1
1147420 2371.7
1147430 2371.7
1147440 2369.0
1147450 2367.0
1147460 2364.3
1147470 2364.3
1147480 2361.2
1147490 2363.2
1147500 2363.2
1147510 2360.5
1147520 2357.7
1147530 2357.7
1147540 2355.6
1147550 2352.0
1147560 2352.0
1147570 2347.0
1147580 2343.9
1147590 2343.9
1147600 2341.6
1147610 2339.4
1147620 2339.4
1147630 2337.4
1147640 2336.1
1147650 2336.1
1147660 2335.0
1147670 2334.3
1147680 2334.0
1147690 2334.0
1147700 2333.2
1147710 2332.3
1147720 2332.3
1147730 2330.8
1147740 2328.3
1147750 2328.3
1147760 2327.5
1147770 2326.9
1147780 2326.9
1147790 2326.1
1147800 2324.8
1147810 2324.8
1147820 2323.4
1147830 2322.2
1147840 2322.2
1147850 2321.8
1147860 2322.1
1147870 2320.0
1147880 2320.0
1147890 2319.2
1147900 2319.2
1147910 2318.2
1147920 2316.5
1147930 2315.1
1147940 2315.1
1147950 2314.3
1147960 2314.0
1147970 2314.0
1147980 2314.7
1147990 2316.0
1148000 2316.0
1148010 2317.1
1148020 2317.1
1148030 2317.1
1148040 2316.5
1148050 2315.7
1148060 2315.7
1148070 2315.1
1148080 2315.5
1148090 2315.5
1148100 2317.3
1148110 2317.7
1148120 2317.7
1148130 2317.5
1148140 2315.1
1148150 2313.4
1148160 2313.4
1148170 2312.3
1148180 2310.5
1148190 2310.5
1148200 2309.7
1148210 2309.6
1148220 2309.6
1148230 2309.6
1148240 2309.7
1148250 2309.6
1148260 2309.7
1148270 2310.4
1148280 2310.4
1148290 2310.9
1148300 2311.2
1148310 2311.2
1148320 2311.5
1148330 2311.0
1148340 2311.0
1148350 2310.9
1148360 2311.6
1148370 2311.7
1148380 2311.7
1148390 2310.5
1148400 2308.4
1148410 2308.4
1148420 2303.4
1148430 2298.3
1148440 2298.3
1148450 2293.7
1148460 2289.8
1148470 2289.8
1148480 2287.6
1148490 2286.5
1148500 2286.5
1148510 2286.0
1148520 2285.4
1148530 2285.4
1148540 2284.3
1148550 2282.3
1148560 2282.3
1148570 2279.1
1148580 2273.4
1148590 2265.0
1148600 2265.0
1148610 2255.8
1148620 2264.5
1148630 2264.5
1148640 2254.7
1148650 2248.7
1148660 2248.7
1148670 2245.7
1148680 2243.4
1148690 2243.4
1148700 2241.9
1148710 2241.8
1148720 2241.8
1148730 2242.3
1148740 2240.6
1148750 2240.6
1148760 2238.4
1148770 2236.2
1148780 2236.2
1148790 2234.3
1148800 2233.5
1148810 2233.8
1148820 2233.8
1148830 2234.9
1148840 2236.4
1148850 2236.4
1148860 2237.0
1148870 2235.1
1148880 2235.1
1148890 2231.6
1148900 2224.1
1148910 2224.1
1148920 2225.8
1148930 2233.5
1148940 2233.5
1148950 2237.5
1148960 2236.4
1148970 2236.4
1148980 2233.4
1148990 2225.5
1149000 2238.7
1149010 2234.4
1149020 2233.2
1149030 2230.2
1149040 2230.2
1149050 2229.4
1149060 2228.9
1149070 2228.9
1149080 2230.8
1149090 2231.1
1149100 2231.1
1149110 2229.2
1149120 2228.1
1149130 2228.1
1149140 2227.8
1149150 2225.0
1149160 2225.0
1149170 2225.8
1149180 2229.7
1149190 2229.7
1149200 2233.4
1149210 2232.3
1149220 2232.3
1149230 2229.3
1149240 2225.9
1149250 2217.8
1149260 2217.8
1149270 2206.6
1149280 2203.8
1149290 2203.8
1149300 2203.9
1149310 2201.4
1149320 2201.4
1149330 2211.8
1149340 2215.6
1149350 2215.6
1149360 2207.6
1149370 2199.3
1149380 2212.9
1149390 2208.0
1149400 2204.0
1149410 2204.0
1149420 2198.7
1149430 2188.4
1149440 2188.4
1149450 2179.2
1149460 2174.3
1149470 2170.5
1149480 2170.5
1149490 2169.6
1149500 2169.0
1149510 2169.0
1149520 2167.6
1149530 2159.9
1149540 2159.9
1149550 2151.3
1149560 2150.3
1149570 2150.3
1149580 2153.8
1149590 2156.1
1149600 2156.1
1149610 2156.6
1149620 2155.5
1149630 2155.5
1149640 2153.6
1149650 2151.0
1149660 2151.0
1149670 2148.3
1149680 2145.2
1149690 2142.7
1149700 2142.7
1149710 2140.8
1149720 2137.5
1149730 2137.5
1149740 2132.1
1149750 2126.2
1149760 2131.8
1149770 2128.5
1149780 2126.8
1149790 2126.8
1149800 2123.1
1149810 2123.0
1149820 2123.0
1149830 2120.3
1149840 2117.8
1149850 2117.8
1149860 2113.9
1149870 2112.9
1149880 2112.9
1149890 2111.6
1149900 2111.3
1149910 2110.5
1149920 2110.5
1149930 2110.5
1149940 2110.0
1149950 2110.0
1149960 2107.3
1149970 2106.1
1149980 2106.1
1149990 2103.5
1150000 2100.5
1150010 2100.5
1150020 2097.8
1150030 2097.3
1150040 2097.3
1150050 2097.4
1150060 2097.5
1150070 2097.5
1150080 2102.1
1150090 2106.9
1150100 2106.9
1150110 2110.1
1150120 2108.0
1150130 2100.1
1150140 2110.7
1150150 2107.0
1150160 2113.5
1150170 2113.5
1150180 2119.4
1150190 2118.9
1150200 2118.9
1150210 2116.1
1150220 2114.1
1150230 2114.1
1150240 2113.3
1150250 2110.7
1150260 2110.7
1150270 2111.5
1150280 2117.1
1150290 2117.1
1150300 2116.7
1150310 2111.1
1150320 2111.1
1150330 2105.3
1150340 2105.3
1150350 2104.0
1150360 2104.0
1150370 2103.9
1150380 2104.0
1150390 2104.0
1150400 2104.8
1150410 2103.4
1150420 2103.4
1150430 2101.3
1150440 2098.9
1150450 2098.9
1150460 2096.7
1150470 2095.4
1150480 2095.4
1150490 2093.4
1150500 2090.4
1150510 2090.4
1150520 2081.0
1150530 2077.6
1150540 2077.6
1150550 2075.1
1150560 2073.6
1150570 2071.8
1150580 2071.8
1150590 2069.9
1150600 2067.8
1150610 2067.8
1150620 2066.4
1150630 2065.4
1150640 2065.4
1150650 2065.6
1150660 2065.4
1150670 2065.4
1150680 2065.2
1150690 2064.9
1150700 2064.9
1150710 2065.0
1150720 2065.2
1150730 2065.2
1150740 2064.6
1150750 2062.9
1150760 2062.9
1150770 2060.5
1150780 2057.4
1150790 2054.1
1150800 2054.1
1150810 2050.2
1150820 2046.5
1150830 2046.5
1150840 2042.5
1150850 2038.3
1150860 2038.3
1150870 2034.7
1150880 2030.7
1150890 2030.7
1150900 2029.7
1150910 2022.9
1150920 2022.9
1150930 2014.8
1150940 2006.6
1150950 2006.6
1150960 2001.8
1150970 2002.3
1150980 2002.3
1150990 1998.4
1151000 1991.9
1151010 1991.1
1151020 1991.1
1151030 1988.6
1151040 1981.4
1151050 1981.4
1151060 1974.7
1151070 1969.8
1151080 1969.8
1151090 1964.1
1151100 1960.2
1151110 1960.2
1151120 1958.0
1151130 1953.4
1151140 1953.4
1151150 1950.0
1151160 1945.8
1151170 1945.8
1151180 1940.3
1151190 1935.3
1151200 1935.3
1151210 1930.0
1151220 1922.9
1151230 1915.5
1151240 1915.5
1151250 1906.7
1151260 1902.5
1151270 1902.5
1151280 1905.0
1151290 1899.1
1151300 1899.1
1151310 1892.8
1151320 1886.8
1151330 1886.8
1151340 1881.4
1151350 1877.1
1151360 1877.1
1151370 1872.9
1151380 1867.9
1151390 1867.9
1151400 1863.4
1151410 1859.8
1151420 1859.8
1151430 1855.9
1151440 1851.4
1151450 1851.4
1151460 1846.4
1151470 1841.0
1151480 1837.8
1151490 1837.8
1151500 1834.3
1151510 1828.7
1151520 1828.7
1151530 1823.7
1151540 1821.4
1151550 1821.4
1151560 1817.4
1151570 1812.3
1151580 1812.3
1151590 1808.5
1151600 1804.6
1151610 1804.6
1151620 1800.0
1151630 1794.7
1151640 1794.7
1151650 1788.9
1151660 1789.8
1151670 1789.8
1151680 1783.1
1151690 1776.1
1151700 1768.9
1151710 1768.9
1151720 1761.2
1151730 1750.0
1151740 1750.0
1151750 1736.2
1151760 1724.3
1151770 1724.3
1151780 1715.7
1151790 1708.3
1151800 1708.3
1151810 1701.6
1151820 1695.5
1151830 1695.5
1151840 1689.2
1151850 1682.1
1151860 1682.1
1151870 1675.8
1151880 1669.4
1151890 1669.4
1151900 1663.5
1151910 1657.4
1151920 1651.6
1151930 1651.6
1151940 1646.1
1151950 1640.0
1151960 1640.0
1151970 1633.1
1151980 1625.2
1151990 1625.2
1152000 1617.4
1152010 1610.8
1152020 1610.8
1152030 1607.2
1152040 1606.1
1152050 1606.1
1152060 1601.9
1152070 1600.0
1152080 1600.0
1152090 1598.1
1152100 1597.1
1152110 1597.1
1152120 1599.1
1152130 1600.9
1152140 1604.3
1152150 1604.3
1152160 1611.9
1152170 1621.6
1152180 1621.6
1152190 1626.9
1152200 1631.3
1152210 1631.3
1152220 1634.9
1152230 1639.1
1152240 1639.1
1152250 1643.9
1152260 1646.3
1152270 1646.3
1152280 1649.2
1152290 1653.4
1152300 1653.4
1152310 1659.3
1152320 1664.1
1152330 1664.1
1152340 1668.5
1152350 1672.8
1152360 1677.6
1152370 1677.6
1152380 1681.2
1152390 1685.3
1152400 1685.3
1152410 1690.7
1152420 1692.2
1152430 1692.2
1152440 1698.1
1152450 1704.3
1152460 1704.3
1152470 1710.0
1152480 1714.5
1152490 1714.5
1152500 1717.8
1152510 1721.0
1152520 1721.0
1152530 1721.7
1152540 1720.8
1152550 1720.8
1152560 1719.9
1152570 1718.7
1152580 1716.3
1152590 1716.3
1152600 1713.0
1152610 1710.1
1152620 1710.1
1152630 1707.6
1152640 1705.6
1152650 1705.6
1152660 1703.2
1152670 1698.8
1152680 1698.8
1152690 1693.2
1152700 1688.9
1152710 1688.9
1152720 1685.1
1152730 1680.7
1152740 1680.7
1152750 1676.5
1152760 1671.4
1152770 1671.4
1152780 1667.4
1152790 1663.2
1152800 1654.6
1152810 1654.6
1152820 1652.4
1152830 1648.9
1152840 1648.9
1152850 1646.1
1152860 1642.7
1152870 1642.7
1152880 1639.3
1152890 1635.9
1152900 1635.9
1152910 1634.3
1152920 1632.5
1152930 1632.5
1152940 1631.9
1152950 1631.8
1152960 1631.8
1152970 1630.5
1152980 1627.6
1152990 1627.6
1153000 1625.1
1153010 1622.3
1153020 1619.6
1153030 1619.6
1153040 1617.2
1153050 1614.9
1153060 1614.9
1153070 1612.2
1153080 1610.3
1153090 1610.3
1153100 1607.4
1153110 1604.5
1153120 1604.5
1153130 1602.5
1153140 1600.8
1153150 1600.8
1153160 1599.8
1153170 1599.0
1153180 1591.5
1153190 1590.1
1153200 1588.2
1153210 1588.2
1153220 1586.7
1153230 1583.7
1153240 1580.8
1153250 1580.8
1153260 1578.7
1153270 1576.0
1153280 1576.0
1153290 1573.1
1153300 1569.7
1153310 1569.7
1153320 1565.8
1153330 1562.7
1153340 1562.7
1153350 1560.2
1153360 1557.8
1153370 1557.8
1153380 1556.0
1153390 1554.0
1153400 1554.0
1153410 1551.9
1153420 1551.9
1153430 1551.9
1153440 1551.8
1153450 1550.1
1153460 1549.3
1153470 1549.3
1153480 1544.9
1153490 1540.6
1153500 1540.6
1153510 1536.9
1153520 1532.7
1153530 1532.7
1153540 1528.6
1153550 1525.3
1153560 1525.3
1153570 1515.4
1153580 1513.9
1153590 1513.9
1153600 1513.9
1153610 1508.1
1153620 1508.1
1153630 1499.0
1153640 1494.6
1153650 1494.6
1153660 1486.0
1153670 1478.7
1153680 1472.7
1153690 1472.7
1153700 1463.5
1153710 1458.6
1153720 1458.6
1153730 1454.9
1153740 1451.0
1153750 1451.0
1153760 1447.3
1153770 1441.9
1153780 1441.9
1153790 1437.5
1153800 1433.9
1153810 1433.9
1153820 1429.8
1153830 1425.6
1153840 1425.6
1153850 1421.8
1153860 1417.8
1153870 1417.8
1153880 1412.7
1153890 1407.4
1153900 1402.4
1153910 1402.4
1153920 1398.6
1153930 1394.1
1153940 1394.1
1153950 1383.3
1153960 1378.7
1153970 1378.7
1153980 1374.2
1153990 1369.6
1154000 1369.6
1154010 1366.0
1154020 1363.2
1154030 1363.2
1154040 1360.5
1154050 1358.7
1154060 1358.7
1154070 1357.8
1154080 1357.3
1154090 1357.3
1154100 1356.9
1154110 1356.2
1154120 1355.6
1154130 1355.6
1154140 1355.1
1154150 1353.9
1154160 1353.9
1154170 1351.9
1154180 1347.3
1154190 1347.3
1154200 1343.1
1154210 1341.6
1154220 1341.6
1154230 1341.6
1154240 1340.9
1154250 1340.9
1154260 1338.2
1154270 1335.8
1154280 1335.8
1154290 1335.4
1154300 1335.0
1154310 1335.0
1154320 1332.6
1154330 1320.5
1154340 1315.4
1154350 1315.4
1154360 1309.5
1154370 1305.7
1154380 1305.7
1154390 1303.9
1154400 1301.9
1154410 1301.9
1154420 1300.3
1154430 1297.3
1154440 1297.3
1154450 1293.6
1154460 1289.9
1154470 1289.9
1154480 1283.9
1154490 1278.6
1154500 1278.6
1154510 1274.7
1154520 1271.7
1154530 1271.7
1154540 1269.3
1154550 1266.5
1154560 1263.7
1154570 1263.7
1154580 1262.8
1154590 1263.2
1154600 1263.2
1154610 1263.7
1154620 1265.1
1154630 1265.1
1154640 1264.6
1154650 1263.5
1154660 1263.5
1154670 1261.6
1154680 1259.3
1154690 1259.3
1154700 1255.9
1154710 1253.3
1154720 1244.8
1154730 1242.7
1154740 1241.0
1154750 1241.0
1154760 1241.8
1154770 1242.5
1154780 1242.8
1154790 1242.8
1154800 1243.3
1154810 1242.8
1154820 1242.8
1154830 1242.3
1154840 1242.1
1154850 1242.1
1154860 1242.1
1154870 1242.3
1154880 1242.3
1154890 1242.2
1154900 1241.6
1154910 1241.6
1154920 1240.6
1154930 1239.8
1154940 1239.8
1154950 1238.7
1154960 1235.8
1154970 1235.8
1154980 1232.9
1154990 1231.1
1155000 1230.3
1155010 1230.3
1155020 1231.0
1155030 1234.6
1155040 1234.6
1155050 1239.8
1155060 1243.8
1155070 1243.8
1155080 1244.2
1155090 1243.8
1155100 1241.8
1155110 1239.8
1155120 1233.5
1155130 1233.5
1155140 1227.1
1155150 1219.7
1155160 1219.7
1155170 1212.6
1155180 1205.1
1155190 1205.1
1155200 1196.9
1155210 1190.4
1155220 1188.0
1155230 1188.0
1155240 1186.9
1155250 1185.7
1155260 1185.7
1155270 1183.0
1155280 1181.2
1155290 1181.2
1155300 1180.5
1155310 1178.3
1155320 1178.3
1155330 1177.4
1155340 1177.5
1155350 1177.5
1155360 1177.6
1155370 1176.6
1155380 1176.6
1155390 1174.1
1155400 1173.9
1155410 1173.9
1155420 1174.1
1155430 1173.5
1155440 1173.2
1155450 1173.2
1155460 1172.9
1155470 1172.0
1155480 1172.0
1155490 1169.2
1155500 1168.3
1155510 1168.3
1155520 1167.5
1155530 1166.9
1155540 1166.9
1155550 1166.1
1155560 1165.0
1155570 1165.0
1155580 1164.1
1155590 1163.6
1155600 1163.6
1155610 1163.1
1155620 1162.8
1155630 1162.8
1155640 1162.0
1155650 1160.1
1155660 1160.1
1155670 1159.4
1155680 1159.8
1155690 1161.6
1155700 1161.6
1155710 1162.1
1155720 1161.7
1155730 1161.7
1155740 1161.5
1155750 1161.6
1155760 1161.6
1155770 1161.9
1155780 1162.1
1155790 1162.1
1155800 1162.3
1155810 1162.2
1155820 1162.2
1155830 1161.7
1155840 1161.0
1155850 1161.0
1155860 1161.1
1155870 1161.3
1155880 1161.3
1155890 1161.2
1155900 1161.0
1155910 1160.7
1155920 1160.7
1155930 1160.1
1155940 1159.0
1155950 1159.0
1155960 1158.0
1155970 1157.9
1155980 1157.9
1155990 1158.7
1156000 1161.4
1156010 1161.4
1156020 1163.8
1156030 1167.0
1156040 1167.0
1156050 1171.4
1156060 1175.8
1156070 1175.8
1156080 1179.6
1156090 1183.8
1156100 1183.8
1156110 1188.2
1156120 1190.9
1156130 1193.5
1156140 1193.5
1156150 1194.7
1156160 1196.6
1156170 1196.6
1156180 1197.7
1156190 1198.4
1156200 1198.4
1156210 1199.7
1156220 1201.1
1156230 1201.1
1156240 1202.3
1156250 1203.8
1156260 1208.5
1156270 1209.7
1156280 1211.7
1156290 1211.7
1156300 1214.9
1156310 1216.9
1156320 1216.9
1156330 1218.4
1156340 1220.4
1156350 1222.7
1156360 1222.7
1156370 1227.2
1156380 1231.8
1156390 1231.8
1156400 1234.9
1156410 1238.0
1156420 1238.0
1156430 1242.2
1156440 1247.9
1156450 1247.9
1156460 1254.5
1156470 1259.7
1156480 1259.7
1156490 1264.1
1156500 1268.8
1156510 1268.8
1156520 1275.5
1156530 1281.8
1156540 1281.8
1156550 1286.3
1156560 1289.4
1156570 1293.1
1156580 1293.1
1156590 1296.6
1156600 1298.9
1156610 1298.9
1156620 1302.3
1156630 1305.2
1156640 1305.2
1156650 1312.7
1156660 1315.3
1156670 1315.3
1156680 1316.7
1156690 1316.8
1156700 1316.8
1156710 1316.4
1156720 1315.6
1156730 1315.6
1156740 1313.7
1156750 1312.0
1156760 1312.0
1156770 1311.3
1156780 1311.6
1156790 1314.0
1156800 1314.0
1156810 1317.9
1156820 1319.0
1156830 1319.0
1156840 1319.8
1156850 1320.4
1156860 1320.4
1156870 1320.8
1156880 1321.5
1156890 1321.5
1156900 1322.1
1156910 1322.4
1156920 1322.4
1156930 1322.3
1156940 1322.7
1156950 1322.7
1156960 1323.6
1156970 1325.8
1156980 1325.8
1156990 1328.7
1157000 1331.4
1157010 1332.9
1157020 1332.9
1157030 1341.4
1157040 1340.5
1157050 1340.5
1157060 1338.4
1157070 1337.1
1157080 1337.1
1157090 1337.3
1157100 1339.0
1157110 1339.0
1157120 1341.8
1157130 1344.8
1157140 1344.8
1157150 1347.9
1157160 1351.4
1157170 1351.4
1157180 1354.9
1157190 1357.9
1157200 1357.9
1157210 1360.2
1157220 1363.8
1157230 1366.0
1157240 1366.0
1157250 1365.4
1157260 1364.1
1157270 1364.1
1157280 1364.3
1157290 1364.5
1157300 1364.5
1157310 1362.3
1157320 1361.4
1157330 1361.4
1157340 1364.6
1157350 1369.5
1157360 1369.5
1157370 1380.8
1157380 1386.0
1157390 1386.0
1157400 1388.1
1157410 1386.9
1157420 1396.2
1157430 1400.1
1157440 1404.2
1157450 1404.6
1157460 1404.6
1157470 1405.9
1157480 1408.4
1157490 1408.4
1157500 1410.8
1157510 1411.3
1157520 1411.3
1157530 1412.1
1157540 1414.2
1157550 1414.2
1157560 1415.2
1157570 1413.9
1157580 1413.9
1157590 1412.3
1157600 1413.3
1157610 1413.3
1157620 1416.0
1157630 1420.3
1157640 1420.3
1157650 1423.9
1157660 1424.6
1157670 1423.7
1157680 1423.7
1157690 1423.5
1157700 1424.5
1157710 1424.5
1157720 1427.6
1157730 1430.4
1157740 1430.4
1157750 1431.3
1157760 1433.3
1157770 1433.3
1157780 1435.7
1157790 1436.9
1157800 1436.9
1157810 1445.7
1157820 1446.7
1157830 1446.7
1157840 1446.6
1157850 1446.1
1157860 1446.1
1157870 1444.8
1157880 1445.5
1157890 1445.0
1157900 1445.0
1157910 1443.0
1157920 1440.8
1157930 1440.8
1157940 1433.7
1157950 1417.0
1157960 1417.0
1157970 1409.9
1157980 1420.6
1157990 1420.6
1158000 1427.1
1158010 1421.6
1158020 1421.6
1158030 1417.4
1158040 1414.2
1158050 1414.2
1158060 1409.2
1158070 1404.6
1158080 1404.6
1158090 1404.5
1158100 1410.9
1158110 1418.9
1158120 1418.9
1158130 1423.3
1158140 1423.5
1158150 1423.5
1158160 1428.8
1158170 1436.7
1158180 1436.7
1158190 1444.8
1158200 1454.4
1158210 1454.4
1158220 1462.1
1158230 1471.0
1158240 1471.0
1158250 1479.9
1158260 1489.0
1158270 1489.0
1158280 1499.0
1158290 1506.8
1158300 1506.8
1158310 1512.3
1158320 1516.7
1158330 1520.4
1158340 1520.4
1158350 1523.1
1158360 1526.4
1158370 1526.4
1158380 1529.7
1158390 1532.9
1158400 1532.9
1158410 1536.0
1158420 1538.6
1158430 1538.6
1158440 1541.3
1158450 1543.4
1158460 1543.4
1158470 1542.2
1158480 1543.1
1158490 1543.1
1158500 1544.9
1158510 1546.5
1158520 1546.5
1158530 1547.6
1158540 1549.4
1158550 1552.7
1158560 1552.7
1158570 1557.1
1158580 1561.6
1158590 1565.4
1158600 1569.7
1158610 1573.8
1158620 1573.8
1158630 1578.6
1158640 1582.9
1158650 1582.9
1158660 1588.3
1158670 1592.6
1158680 1592.6
1158690 1595.7
1158700 1598.0
1158710 1598.0
1158720 1599.4
1158730 1600.2
1158740 1600.2
1158750 1600.8
1158760 1600.6
1158770 1600.6
1158780 1600.6
1158790 1602.2
1158800 1603.6
1158810 1603.6
1158820 1603.9
1158830 1606.5
1158840 1606.5
1158850 1609.8
1158860 1614.8
1158870 1614.8
1158880 1618.7
1158890 1622.4
1158900 1622.4
1158910 1626.7
1158920 1629.5
1158930 1629.5
1158940 1630.7
1158950 1631.4
1158960 1631.4
1158970 1632.7
1158980 1640.5
1158990 1640.8
1159000 1640.8
1159010 1641.9
1159020 1643.6
1159030 1643.6
1159040 1643.2
1159050 1641.3
1159060 1641.3
1159070 1636.8
1159080 1632.2
1159090 1632.2
1159100 1637.2
1159110 1642.6
1159120 1642.6
1159130 1646.3
1159140 1648.2
1159150 1648.2
1159160 1647.8
1159170 1647.1
1159180 1647.1
1159190 1648.1
1159200 1649.1
1159210 1650.2
1159220 1650.2
1159230 1651.5
1159240 1653.3
1159250 1653.3
1159260 1655.4
1159270 1657.2
1159280 1657.2
1159290 1658.3
1159300 1660.0
1159310 1660.0
1159320 1661.8
1159330 1663.3
1159340 1663.3
1159350 1665.0
1159360 1676.4
1159370 1676.4
1159380 1678.1
1159390 1680.1
1159400 1680.1
1159410 1682.3
1159420 1685.4
1159430 1687.3
1159440 1687.3
1159450 1688.3
1159460 1689.5
1159470 1689.5
1159480 1691.2
1159490 1692.7
1159500 1692.7
1159510 1694.1
1159520 1694.0
1159530 1694.0
1159540 1696.6
1159550 1697.8
1159560 1697.8
1159570 1698.2
1159580 1701.1
1159590 1701.1
1159600 1704.0
1159610 1706.6
1159620 1706.6
1159630 1709.2
1159640 1711.6
1159650 1714.5
1159660 1714.5
1159670 1716.5
1159680 1709.4
1159690 1709.4
1159700 1705.0
1159710 1712.7
1159720 1712.7
1159730 1720.3
1159740 1727.3
1159750 1731.4
1159760 1735.7
1159770 1737.2
1159780 1737.2
1159790 1737.1
1159800 1739.3
1159810 1739.3
1159820 1742.1
1159830 1743.6
1159840 1743.6
1159850 1744.8
1159860 1746.1
1159870 1747.3
1159880 1747.3
1159890 1747.1
1159900 1746.1
1159910 1746.1
1159920 1743.5
1159930 1743.2
1159940 1743.2
1159950 1742.8
1159960 1740.4
1159970 1740.4
1159980 1739.2
1159990 1740.2
