1140000 2441.8
1140010 2441.8
1140020 2440.9
1140030 2439.8
1140040 2439.8
1140050 2438.7
1140060 2434.7
1140070 2434.7
1140080 2434.0
1140090 2432.4
1140100 2432.4
1140110 2431.8
1140120 2430.6
1140130 2430.6
1140140 2428.1
1140150 2426.3
1140160 2426.3
1140170 2425.0
1140180 2424.3
1140190 2424.3
1140200 2424.5
1140210 2424.1
1140220 2422.6
1140230 2422.6
1140240 2421.3
1140250 2420.4
1140260 2420.4
1140270 2419.2
1140280 2418.4
1140290 2418.4
1140300 2418.8
1140310 2419.2
1140320 2419.2
1140330 2419.8
1140340 2420.4
1140350 2420.4
1140360 2420.2
1140370 2420.2
1140380 2420.2
1140390 2420.1
1140400 2419.8
1140410 2419.8
1140420 2413.6
1140430 2412.9
1140440 2412.2
1140450 2412.2
1140460 2411.1
1140470 2409.5
1140480 2409.5
1140490 2408.2
1140500 2406.4
1140510 2406.4
1140520 2404.0
1140530 2402.4
1140540 2402.4
1140550 2401.4
1140560 2401.2
1140570 2401.2
1140580 2401.7
1140590 2401.5
1140600 2401.5
1140610 2400.9
1140620 2399.9
1140630 2399.9
1140640 2397.9
1140650 2394.3
1140660 2389.6
1140670 2389.6
1140680 2384.8
1140690 2379.4
1140700 2379.4
1140710 2374.4
1140720 2369.7
1140730 2369.7
1140740 2365.5
1140750 2361.3
1140760 2361.3
1140770 2356.5
1140780 2352.0
1140790 2351.1
1140800 2348.2
1140810 2346.4
1140820 2346.4
1140830 2344.7
1140840 2343.6
1140850 2343.6
1140860 2342.0
1140870 2339.4
1140880 2339.4
1140890 2337.8
1140900 2336.9
1140910 2336.6
1140920 2336.6
1140930 2337.4
1140940 2338.9
1140950 2338.9
1140960 2340.0
1140970 2340.0
1140980 2340.0
1140990 2339.5
1141000 2339.3
1141010 2339.3
1141020 2339.3
1141030 2339.1
1141040 2339.1
1141050 2338.4
1141060 2337.2
1141070 2337.2
1141080 2335.9
1141090 2334.6
1141100 2334.6
1141110 2333.8
1141120 2332.9
1141130 2332.4
1141140 2332.4
1141150 2332.6
1141160 2330.2
1141170 2330.2
1141180 2330.0
1141190 2329.7
1141200 2329.7
1141210 2328.7
1141220 2327.9
1141230 2327.9
1141240 2327.1
1141250 2326.9
1141260 2326.9
1141270 2326.7
1141280 2327.1
1141290 2327.1
1141300 2328.2
1141310 2329.1
1141320 2329.1
1141330 2328.9
1141340 2326.6
1141350 2324.5
1141360 2324.5
1141370 2323.4
1141380 2324.1
1141390 2324.1
1141400 2325.0
1141410 2326.8
1141420 2326.8
1141430 2327.2
1141440 2328.5
1141450 2328.5
1141460 2331.5
1141470 2333.9
1141480 2333.9
1141490 2335.3
1141500 2336.6
1141510 2336.6
1141520 2337.7
1141530 2333.2
1141540 2333.2
1141550 2335.1
1141560 2337.5
1141570 2338.7
1141580 2338.7
1141590 2339.1
1141600 2338.9
1141610 2338.9
1141620 2338.2
1141630 2338.7
1141640 2338.7
1141650 2340.1
1141660 2340.6
1141670 2340.6
1141680 2338.0
1141690 2332.5
1141700 2332.5
1141710 2328.0
1141720 2326.2
1141730 2326.2
1141740 2324.9
1141750 2322.0
1141760 2322.0
1141770 2318.9
1141780 2317.2
1141790 2310.7
1141800 2310.7
1141810 2301.3
1141820 2297.1
1141830 2297.1
1141840 2296.3
1141850 2293.9
1141860 2293.9
1141870 2289.7
1141880 2285.3
1141890 2285.3
1141900 2280.0
1141910 2275.4
1141920 2275.4
1141930 2269.7
1141940 2265.5
1141950 2265.5
1141960 2260.2
1141970 2251.0
1141980 2251.0
1141990 2238.1
1142000 2221.4
1142010 2198.1
1142020 2198.1
1142030 2184.4
1142040 2176.7
1142050 2176.7
1142060 2165.2
1142070 2155.2
1142080 2155.2
1142090 2143.0
1142100 2128.3
1142110 2128.3
1142120 2119.4
1142130 2110.4
1142140 2110.4
1142150 2098.3
1142160 2089.6
1142170 2089.6
1142180 2081.1
1142190 2067.6
1142200 2067.6
1142210 2055.5
1142220 2043.2
1142230 2034.8
1142240 2034.8
1142250 2027.5
1142260 2021.5
1142270 2020.9
1142280 2019.7
1142290 2019.7
1142300 2019.7
1142310 2019.7
1142320 2019.7
1142330 2019.7
1142340 2019.7
1142350 2019.7
1142360 2019.7
1142370 2019.7
1142380 2019.8
1142390 2019.8
1142400 2020.6
1142410 2021.8
1142420 2021.8
1142430 2022.5
1142440 2022.6
1142450 2022.2
1142460 2022.2
1142470 2021.8
1142480 2021.5
1142490 2021.5
1142500 2021.5
1142510 2021.9
1142520 2021.9
1142530 2022.4
1142540 2022.5
1142550 2022.5
1142560 2022.2
1142570 2021.5
1142580 2021.5
1142590 2020.9
1142600 2021.7
1142610 2021.7
1142620 2022.7
1142630 2019.6
1142640 2019.6
1142650 2018.4
1142660 2026.0
1142670 2026.0
1142680 2029.9
1142690 2031.7
1142700 2033.2
1142710 2033.2
1142720 2034.3
1142730 2035.3
1142740 2035.3
1142750 2037.1
1142760 2041.0
1142770 2041.0
1142780 2043.1
1142790 2048.3
1142800 2048.3
1142810 2052.7
1142820 2051.8
1142830 2051.8
1142840 2052.7
1142850 2055.0
1142860 2055.0
1142870 2057.2
1142880 2060.2
1142890 2060.2
1142900 2063.6
1142910 2067.0
1142920 2070.8
1142930 2070.8
1142940 2075.6
1142950 2080.6
1142960 2080.6
1142970 2085.4
1142980 2089.9
1142990 2089.9
1143000 2095.1
1143010 2098.5
1143020 2098.5
1143030 2102.3
1143040 2106.3
1143050 2106.3
1143060 2110.3
1143070 2114.6
1143080 2114.6
1143090 2119.3
1143100 2124.0
1143110 2124.0
1143120 2128.8
1143130 2134.3
1143140 2140.1
1143150 2140.1
1143160 2146.0
1143170 2152.3
1143180 2152.3
1143190 2159.0
1143200 2165.2
1143210 2165.2
1143220 2171.8
1143230 2178.5
1143240 2178.5
1143250 2186.1
1143260 2193.9
1143270 2193.9
1143280 2202.3
1143290 2210.1
1143300 2210.1
1143310 2217.2
1143320 2223.7
1143330 2223.7
1143340 2229.0
1143350 2234.4
1143360 2240.0
1143370 2240.0
1143380 2245.9
1143390 2247.0
1143400 2247.0
1143410 2252.3
1143420 2258.7
1143430 2258.7
1143440 2265.3
1143450 2271.0
1143460 2271.0
1143470 2277.9
1143480 2284.2
1143490 2284.2
1143500 2289.5
1143510 2293.2
1143520 2293.2
1143530 2295.4
1143540 2299.0
1143550 2299.0
1143560 2303.6
1143570 2307.1
1143580 2311.3
1143590 2311.3
1143600 2315.6
1143610 2320.5
1143620 2320.5
1143630 2324.7
1143640 2327.2
1143650 2327.2
1143660 2330.1
1143670 2333.6
1143680 2333.6
1143690 2337.7
1143700 2341.9
1143710 2341.9
1143720 2345.2
1143730 2348.1
1143740 2348.1
1143750 2351.1
1143760 2352.5
1143770 2352.5
1143780 2355.5
1143790 2357.9
1143800 2360.5
1143810 2360.5
1143820 2363.0
1143830 2365.7
1143840 2365.7
1143850 2368.3
1143860 2370.7
1143870 2370.7
1143880 2373.1
1143890 2375.2
1143900 2375.2
1143910 2377.4
1143920 2379.2
1143930 2379.2
1143940 2382.0
1143950 2384.6
1143960 2384.6
1143970 2387.0
1143980 2389.4
1143990 2389.4
1144000 2392.2
1144010 2395.1
1144020 2398.1
1144030 2398.1
1144040 2401.3
1144050 2404.7
1144060 2404.7
1144070 2407.3
1144080 2409.3
1144090 2409.3
1144100 2411.3
1144110 2412.8
1144120 2412.8
1144130 2410.2
1144140 2412.6
1144150 2412.6
1144160 2415.5
1144170 2418.7
1144180 2418.7
1144190 2421.8
1144200 2424.3
1144210 2424.3
1144220 2426.9
1144230 2430.2
1144240 2432.7
1144250 2432.7
1144260 2435.1
1144270 2439.2
1144280 2439.2
1144290 2443.5
1144300 2446.3
1144310 2446.3
1144320 2448.1
1144330 2450.3
1144340 2450.3
1144350 2452.9
1144360 2456.0
1144370 2456.0
1144380 2459.6
1144390 2464.2
1144400 2464.2
1144410 2468.7
1144420 2472.3
1144430 2472.3
1144440 2473.3
1144450 2475.0
1144460 2478.4
1144470 2478.4
1144480 2482.8
1144490 2488.1
1144500 2488.6
1144510 2494.4
1144520 2500.4
1144530 2500.4
1144540 2506.6
1144550 2512.9
1144560 2512.9
1144570 2518.9
1144580 2524.9
1144590 2524.9
1144600 2530.8
1144610 2536.2
1144620 2536.2
1144630 2541.0
1144640 2549.5
1144650 2549.5
1144660 2560.7
1144670 2577.2
1144680 2577.2
1144690 2588.8
1144700 2597.5
1144710 2608.1
1144720 2608.1
1144730 2615.6
1144740 2621.0
1144750 2621.0
1144760 2627.7
1144770 2633.7
1144780 2633.7
1144790 2640.3
1144800 2647.3
1144810 2647.3
1144820 2659.4
1144830 2671.4
1144840 2671.4
1144850 2680.8
1144860 2677.8
1144870 2677.8
1144880 2658.3
1144890 2650.2
1144900 2650.2
1144910 2650.0
1144920 2650.1
1144930 2649.0
1144940 2649.0
1144950 2646.4
1144960 2647.4
1144970 2647.4
1144980 2649.5
1144990 2651.2
1145000 2651.2
1145010 2651.6
1145020 2652.3
1145030 2652.3
1145040 2654.1
1145050 2657.9
1145060 2657.9
1145070 2661.9
1145080 2666.0
1145090 2666.0
1145100 2669.6
1145110 2672.1
1145120 2672.1
1145130 2674.8
1145140 2679.4
1145150 2684.4
1145160 2684.4
1145170 2690.0
1145180 2695.6
1145190 2695.6
1145200 2702.5
1145210 2711.3
1145220 2711.3
1145230 2721.0
1145240 2729.2
1145250 2723.9
1145260 2733.6
1145270 2742.3
1145280 2742.3
1145290 2752.4
1145300 2762.5
1145310 2762.5
1145320 2770.6
1145330 2776.2
1145340 2776.2
1145350 2781.6
1145360 2787.1
1145370 2791.9
1145380 2791.9
1145390 2796.6
1145400 2801.1
1145410 2801.1
1145420 2804.9
1145430 2809.8
1145440 2809.8
1145450 2816.7
1145460 2823.2
1145470 2823.2
1145480 2830.5
1145490 2836.6
1145500 2836.6
1145510 2840.3
1145520 2843.1
1145530 2843.1
1145540 2844.9
1145550 2846.1
1145560 2846.1
1145570 2845.5
1145580 2843.3
1145590 2846.6
1145600 2846.6
1145610 2847.7
1145620 2864.8
1145630 2864.8
1145640 2869.8
1145650 2876.6
1145660 2876.6
1145670 2882.5
1145680 2886.2
1145690 2886.2
1145700 2888.2
1145710 2882.0
1145720 2882.0
1145730 2876.6
1145740 2873.6
1145750 2873.6
1145760 2873.3
1145770 2872.6
1145780 2872.6
1145790 2870.8
1145800 2875.7
1145810 2880.7
1145820 2880.7
1145830 2884.3
1145840 2878.4
1145850 2878.4
1145860 2865.6
1145870 2858.8
1145880 2858.8
1145890 2848.6
1145900 2831.7
1145910 2831.7
1145920 2816.2
1145930 2796.9
1145940 2796.9
1145950 2778.8
1145960 2766.2
1145970 2766.2
1145980 2757.0
1145990 2741.0
1146000 2747.2
1146010 2738.6
1146020 2733.3
1146030 2727.1
1146040 2727.1
1146050 2719.4
1146060 2704.1
1146070 2704.1
1146080 2685.0
1146090 2670.6
1146100 2670.6
1146110 2662.8
1146120 2657.5
1146130 2657.5
1146140 2652.7
1146150 2648.5
1146160 2648.5
1146170 2644.8
1146180 2639.8
1146190 2639.8
1146200 2634.9
1146210 2631.1
1146220 2631.1
1146230 2627.0
1146240 2622.9
1146250 2618.3
1146260 2618.3
1146270 2613.3
1146280 2607.9
1146290 2607.9
1146300 2602.2
1146310 2596.2
1146320 2596.2
1146330 2590.6
1146340 2586.2
1146350 2586.2
1146360 2582.7
1146370 2581.7
1146380 2581.7
1146390 2577.4
1146400 2573.6
1146410 2573.6
1146420 2570.8
1146430 2569.9
1146440 2569.9
1146450 2568.7
1146460 2566.9
1146470 2566.9
1146480 2565.6
1146490 2564.9
1146500 2563.0
1146510 2563.0
1146520 2560.4
1146530 2557.8
1146540 2557.8
1146550 2556.8
1146560 2554.7
1146570 2554.7
1146580 2553.2
1146590 2553.7
1146600 2553.7
1146610 2553.7
1146620 2553.3
1146630 2553.3
1146640 2554.9
1146650 2558.4
1146660 2558.4
1146670 2560.4
1146680 2557.5
1146690 2557.5
1146700 2557.8
1146710 2558.9
1146720 2559.2
1146730 2559.2
1146740 2560.0
1146750 2564.1
1146760 2564.1
1146770 2562.7
1146780 2560.0
1146790 2560.0
1146800 2557.0
1146810 2552.7
1146820 2552.7
1146830 2546.1
1146840 2538.4
1146850 2538.4
1146860 2530.5
1146870 2522.8
1146880 2522.8
1146890 2515.2
1146900 2509.0
1146910 2509.0
1146920 2503.1
1146930 2498.2
1146940 2495.1
1146950 2495.1
1146960 2493.4
1146970 2493.3
1146980 2493.3
1146990 2494.2
1147000 2494.7
1147010 2494.7
1147020 2493.9
1147030 2492.7
1147040 2492.7
1147050 2490.9
1147060 2488.0
1147070 2488.0
1147080 2485.2
1147090 2483.6
1147100 2483.6
1147110 2483.9
1147120 2482.5
1147130 2482.5
1147140 2484.6
1147150 2486.9
1147160 2489.7
1147170 2489.7
1147180 2491.6
1147190 2492.3
1147200 2492.3
1147210 2493.1
1147220 2493.6
1147230 2493.6
1147240 2494.2
1147250 2493.5
1147260 2493.5
1147270 2491.0
1147280 2488.6
1147290 2488.6
1147300 2489.4
1147310 2489.9
1147320 2489.9
1147330 2488.3
1147340 2487.2
1147350 2487.2
1147360 2488.0
1147370 2489.9
1147380 2492.1
1147390 2492.1
1147400 2490.7
1147410 2489.1
1147420 2489.1
1147430 2490.9
1147440 2492.4
1147450 2492.4
1147460 2492.3
1147470 2493.3
1147480 2493.3
1147490 2496.1
1147500 2496.5
1147510 2496.5
1147520 2496.3
1147530 2495.3
1147540 2495.3
1147550 2495.3
1147560 2495.7
1147570 2495.7
1147580 2494.9
1147590 2495.3
1147600 2497.3
1147610 2497.3
1147620 2493.5
1147630 2476.4
1147640 2476.4
1147650 2460.5
1147660 2451.1
1147670 2451.1
1147680 2447.4
1147690 2446.2
1147700 2446.2
1147710 2445.5
1147720 2442.1
1147730 2442.1
1147740 2434.5
1147750 2417.7
1147760 2417.7
1147770 2405.2
1147780 2397.6
1147790 2397.6
1147800 2395.1
1147810 2391.2
1147820 2386.6
1147830 2386.6
1147840 2382.7
1147850 2379.9
1147860 2379.9
1147870 2376.5
1147880 2368.1
1147890 2368.1
1147900 2365.0
1147910 2362.5
1147920 2362.5
1147930 2359.3
1147940 2356.6
1147950 2356.6
1147960 2353.8
1147970 2351.0
1147980 2351.0
1147990 2348.8
1148000 2348.5
1148010 2348.5
1148020 2348.6
1148030 2347.9
1148040 2347.7
1148050 2347.7
1148060 2348.7
1148070 2349.7
1148080 2349.7
1148090 2350.3
1148100 2350.4
1148110 2350.4
1148120 2350.4
1148130 2350.7
1148140 2350.7
1148150 2350.3
1148160 2349.0
1148170 2349.0
1148180 2347.6
1148190 2346.9
1148200 2346.9
1148210 2346.3
1148220 2346.1
1148230 2346.1
1148240 2346.9
1148250 2348.6
1148260 2350.4
1148270 2350.4
1148280 2352.2
1148290 2353.5
1148300 2353.5
1148310 2354.5
1148320 2355.0
1148330 2355.0
1148340 2356.4
1148350 2358.3
1148360 2358.3
1148370 2359.7
1148380 2361.5
1148390 2361.5
1148400 2361.5
1148410 2360.3
1148420 2360.3
1148430 2358.4
1148440 2356.6
1148450 2356.6
1148460 2355.5
1148470 2354.4
1148480 2354.4
1148490 2354.0
1148500 2354.3
1148510 2354.6
1148520 2354.6
1148530 2355.2
1148540 2356.2
1148550 2356.2
1148560 2356.5
1148570 2357.8
1148580 2357.8
1148590 2359.2
1148600 2361.0
1148610 2361.0
1148620 2360.7
1148630 2355.1
1148640 2355.1
1148650 2351.8
1148660 2346.5
1148670 2346.5
1148680 2341.3
1148690 2338.4
1148700 2338.4
1148710 2335.5
1148720 2334.7
1148730 2335.6
1148740 2335.6
1148750 2335.5
1148760 2335.1
1148770 2335.1
1148780 2335.8
1148790 2335.8
1148800 2335.8
1148810 2336.0
1148820 2336.9
1148830 2336.9
1148840 2338.6
1148850 2339.0
1148860 2339.0
1148870 2339.5
1148880 2341.4
1148890 2341.4
1148900 2342.7
1148910 2343.5
1148920 2343.5
1148930 2344.2
1148940 2345.3
1148950 2346.3
1148960 2346.3
1148970 2345.4
1148980 2346.6
1148990 2346.6
1149000 2348.6
1149010 2343.3
1149020 2343.3
1149030 2343.3
1149040 2342.6
1149050 2342.6
1149060 2339.9
1149070 2336.4
1149080 2336.4
1149090 2333.9
1149100 2332.0
1149110 2332.0
1149120 2329.2
1149130 2324.5
1149140 2324.5
1149150 2321.4
1149160 2320.4
1149170 2323.3
1149180 2323.3
1149190 2323.8
1149200 2323.6
1149210 2323.6
1149220 2323.8
1149230 2322.0
1149240 2322.0
1149250 2318.0
1149260 2314.8
1149270 2314.8
1149280 2313.5
1149290 2312.8
1149300 2312.8
1149310 2313.6
1149320 2315.6
1149330 2315.6
1149340 2318.4
1149350 2320.8
1149360 2320.8
1149370 2320.2
1149380 2317.2
1149390 2310.2
1149400 2310.2
1149410 2306.0
1149420 2300.3
1149430 2300.3
1149440 2294.4
1149450 2291.8
1149460 2291.8
1149470 2291.5
1149480 2292.0
1149490 2292.0
1149500 2292.0
1149510 2291.3
1149520 2291.3
1149530 2292.0
1149540 2293.8
1149550 2293.8
1149560 2294.1
1149570 2294.6
1149580 2294.6
1149590 2295.3
1149600 2295.1
1149610 2293.9
1149620 2293.9
1149630 2293.8
1149640 2292.3
1149650 2292.3
1149660 2289.1
1149670 2285.5
1149680 2285.5
1149690 2282.1
1149700 2278.7
1149710 2278.7
1149720 2275.9
1149730 2273.8
1149740 2273.8
1149750 2274.0
1149760 2270.0
1149770 2270.0
1149780 2271.5
1149790 2271.8
1149800 2271.8
1149810 2271.7
1149820 2272.4
1149830 2274.3
1149840 2274.3
1149850 2275.5
1149860 2275.7
1149870 2275.7
1149880 2275.5
1149890 2276.2
1149900 2276.2
1149910 2278.9
1149920 2279.8
1149930 2279.8
1149940 2280.0
1149950 2279.2
1149960 2279.2
1149970 2277.7
1149980 2275.7
1149990 2275.7
1150000 2275.4
1150010 2277.0
1150020 2277.0
1150030 2277.1
1150040 2275.7
1150050 2273.0
1150060 2273.0
1150070 2269.8
1150080 2270.2
1150090 2270.2
1150100 2269.1
1150110 2268.3
1150120 2268.3
1150130 2266.8
1150140 2259.4
1150150 2259.4
1150160 2254.9
1150170 2251.0
1150180 2251.0
1150190 2246.9
1150200 2242.3
1150210 2242.3
1150220 2237.7
1150230 2233.7
1150240 2233.7
1150250 2230.2
1150260 2227.3
1150270 2223.9
1150280 2223.9
1150290 2221.5
1150300 2217.8
1150310 2217.8
1150320 2213.3
1150330 2208.0
1150340 2208.0
1150350 2202.9
1150360 2195.9
1150370 2195.9
1150380 2189.7
1150390 2187.0
1150400 2187.0
1150410 2186.7
1150420 2184.3
1150430 2184.3
1150440 2180.8
1150450 2176.7
1150460 2176.7
1150470 2169.8
1150480 2162.0
1150490 2162.0
1150500 2156.3
1150510 2151.6
1150520 2142.1
1150530 2142.1
1150540 2139.1
1150550 2137.6
1150560 2137.6
1150570 2136.5
1150580 2135.3
1150590 2135.3
1150600 2132.8
1150610 2129.4
1150620 2129.4
1150630 2125.9
1150640 2121.7
1150650 2121.7
1150660 2117.2
1150670 2113.0
1150680 2113.0
1150690 2108.2
1150700 2103.6
1150710 2103.6
1150720 2100.9
1150730 2101.6
1150740 2100.9
1150750 2100.9
1150760 2102.2
1150770 2101.2
1150780 2101.2
1150790 2100.0
1150800 2099.8
1150810 2099.8
1150820 2099.3
1150830 2097.8
1150840 2097.8
1150850 2094.6
1150860 2089.6
1150870 2089.6
1150880 2086.1
1150890 2084.0
1150900 2080.6
1150910 2078.8
1150920 2074.8
1150930 2074.8
1150940 2070.0
1150950 2065.6
1150960 2061.8
1150970 2061.8
1150980 2056.5
1150990 2052.1
1151000 2052.1
1151010 2047.4
1151020 2042.4
1151030 2042.4
1151040 2039.5
1151050 2037.1
1151060 2037.1
1151070 2034.8
1151080 2033.4
1151090 2033.4
1151100 2032.3
1151110 2028.3
1151120 2028.3
1151130 2021.8
1151140 2016.8
1151150 2016.8
1151160 2017.8
1151170 2023.9
1151180 2030.6
1151190 2030.6
1151200 2035.7
1151210 2039.1
1151220 2039.1
1151230 2044.8
1151240 2052.8
1151250 2052.8
1151260 2059.5
1151270 2064.3
1151280 2058.2
1151290 2061.8
1151300 2065.5
1151310 2065.5
1151320 2069.5
1151330 2074.1
1151340 2074.1
1151350 2078.6
1151360 2080.6
1151370 2080.6
1151380 2080.6
1151390 2081.5
1151400 2083.0
1151410 2083.0
1151420 2084.2
1151430 2085.1
1151440 2085.1
1151450 2086.1
1151460 2087.5
1151470 2087.5
1151480 2088.9
1151490 2090.1
1151500 2090.1
1151510 2091.8
1151520 2093.4
1151530 2093.4
1151540 2093.3
1151550 2092.0
1151560 2092.0
1151570 2090.4
1151580 2089.7
1151590 2089.7
1151600 2089.0
1151610 2088.3
1151620 2086.1
1151630 2086.1
1151640 2083.8
1151650 2083.3
1151660 2076.7
1151670 2077.0
1151680 2076.9
1151690 2076.9
1151700 2075.4
1151710 2075.7
1151720 2075.7
1151730 2078.1
1151740 2080.2
1151750 2080.2
1151760 2081.9
1151770 2081.8
1151780 2081.8
1151790 2080.7
1151800 2079.0
1151810 2079.0
1151820 2076.8
1151830 2074.6
1151840 2073.6
1151850 2073.6
1151860 2072.2
1151870 2070.3
1151880 2070.3
1151890 2068.4
1151900 2066.4
1151910 2066.4
1151920 2065.3
1151930 2064.7
1151940 2064.7
1151950 2065.6
1151960 2066.6
1151970 2066.6
1151980 2067.4
1151990 2069.0
1152000 2069.0
1152010 2071.1
1152020 2073.6
1152030 2073.6
1152040 2076.3
1152050 2072.9
1152060 2074.7
1152070 2074.7
1152080 2076.7
1152090 2078.8
1152100 2078.8
1152110 2080.2
1152120 2080.8
1152130 2080.8
1152140 2081.3
1152150 2082.1
1152160 2082.1
1152170 2082.8
1152180 2083.9
1152190 2083.9
1152200 2085.0
1152210 2085.3
1152220 2085.3
1152230 2085.6
1152240 2085.5
1152250 2085.5
1152260 2084.5
1152270 2082.8
1152280 2080.7
1152290 2080.7
1152300 2078.3
1152310 2075.5
1152320 2075.5
1152330 2072.9
1152340 2071.1
1152350 2071.1
1152360 2069.0
1152370 2067.1
1152380 2067.1
1152390 2064.8
1152400 2061.7
1152410 2061.7
1152420 2058.0
1152430 2053.0
1152440 2053.0
1152450 2050.7
1152460 2048.4
1152470 2048.4
1152480 2045.9
1152490 2043.6
1152500 2043.6
1152510 2041.2
1152520 2038.5
1152530 2035.5
1152540 2035.5
1152550 2032.6
1152560 2029.5
1152570 2029.5
1152580 2026.7
1152590 2024.0
1152600 2024.0
1152610 2020.0
1152620 2009.3
1152630 2009.3
1152640 1997.5
1152650 1989.1
1152660 1989.1
1152670 1981.1
1152680 1974.9
1152690 1974.9
1152700 1971.5
1152710 1968.6
1152720 1968.6
1152730 1965.0
1152740 1960.4
1152750 1954.4
1152760 1954.4
1152770 1949.1
1152780 1947.6
1152790 1947.6
1152800 1947.0
1152810 1943.5
1152820 1943.5
1152830 1943.5
1152840 1943.5
1152850 1943.5
1152860 1943.4
1152870 1943.1
1152880 1943.1
1152890 1942.5
1152900 1941.9
1152910 1941.9
1152920 1940.9
1152930 1939.9
1152940 1939.9
1152950 1939.0
1152960 1936.8
1152970 1934.9
1152980 1934.9
1152990 1933.0
1153000 1931.0
1153010 1931.0
1153020 1928.7
1153030 1926.1
1153040 1926.1
1153050 1924.9
1153060 1926.2
1153070 1926.2
1153080 1924.0
1153090 1919.6
1153100 1919.6
1153110 1914.0
1153120 1908.9
1153130 1908.9
1153140 1904.7
1153150 1901.7
1153160 1901.7
1153170 1898.0
1153180 1893.7
1153190 1889.7
1153200 1889.7
1153210 1884.9
1153220 1878.6
1153230 1878.6
1153240 1871.2
1153250 1863.4
1153260 1863.4
1153270 1856.3
1153280 1850.6
1153290 1850.6
1153300 1844.9
1153310 1838.5
1153320 1838.5
1153330 1832.0
1153340 1827.0
1153350 1827.0
1153360 1823.8
1153370 1821.9
1153380 1821.9
1153390 1820.4
1153400 1816.5
1153410 1811.4
1153420 1811.4
1153430 1801.9
1153440 1793.6
1153450 1793.6
1153460 1787.8
1153470 1782.0
1153480 1782.0
1153490 1777.0
1153500 1772.1
1153510 1772.1
1153520 1766.9
1153530 1761.2
1153540 1761.2
1153550 1755.1
1153560 1749.7
1153570 1747.6
1153580 1741.0
1153590 1737.8
1153600 1737.8
1153610 1737.2
1153620 1736.6
1153630 1736.3
1153640 1736.3
1153650 1735.8
1153660 1733.7
1153670 1733.7
1153680 1730.7
1153690 1726.5
1153700 1726.5
1153710 1718.3
1153720 1712.6
1153730 1712.6
1153740 1705.6
1153750 1700.7
1153760 1700.7
1153770 1698.8
1153780 1697.9
1153790 1697.9
1153800 1696.6
1153810 1695.4
1153820 1695.4
1153830 1693.6
1153840 1691.9
1153850 1690.0
1153860 1690.0
1153870 1685.2
1153880 1680.0
1153890 1680.0
1153900 1679.4
1153910 1682.9
1153920 1682.9
1153930 1686.4
1153940 1682.9
1153950 1682.9
1153960 1676.0
1153970 1672.9
1153980 1672.9
1153990 1664.9
1154000 1656.7
1154010 1656.7
1154020 1649.2
1154030 1644.4
1154040 1644.4
1154050 1642.5
1154060 1640.7
1154070 1639.1
1154080 1639.1
1154090 1638.3
1154100 1637.7
1154110 1637.7
1154120 1636.6
1154130 1635.3
1154140 1635.3
1154150 1631.7
1154160 1626.9
1154170 1626.9
1154180 1621.8
1154190 1617.4
1154200 1617.4
1154210 1614.6
1154220 1613.0
1154230 1613.0
1154240 1609.8
1154250 1604.5
1154260 1604.5
1154270 1601.0
1154280 1597.6
1154290 1595.0
1154300 1595.0
1154310 1593.1
1154320 1591.3
1154330 1591.3
1154340 1586.7
1154350 1583.4
1154360 1583.4
1154370 1582.1
1154380 1581.9
1154390 1581.9
1154400 1581.6
1154410 1581.0
1154420 1581.0
1154430 1580.4
1154440 1579.5
1154450 1579.5
1154460 1576.5
1154470 1571.9
1154480 1571.9
1154490 1567.5
1154500 1563.1
1154510 1558.2
1154520 1558.2
1154530 1554.6
1154540 1550.4
1154550 1550.4
1154560 1545.7
1154570 1540.8
1154580 1540.8
1154590 1535.9
1154600 1530.1
1154610 1530.1
1154620 1524.6
1154630 1520.2
1154640 1520.2
1154650 1514.2
1154660 1508.0
1154670 1508.0
1154680 1502.3
1154690 1496.4
1154700 1496.4
1154710 1489.7
1154720 1483.1
1154730 1479.9
1154740 1474.1
1154750 1476.8
1154760 1481.7
1154770 1481.7
1154780 1484.3
1154790 1486.3
1154800 1486.3
1154810 1488.9
1154820 1492.6
1154830 1492.6
1154840 1499.1
1154850 1503.8
1154860 1503.8
1154870 1506.2
1154880 1509.3
1154890 1509.3
1154900 1511.9
1154910 1513.0
1154920 1513.0
1154930 1513.8
1154940 1515.2
1154950 1515.2
1154960 1517.2
1154970 1520.4
1154980 1524.2
1154990 1524.2
1155000 1527.7
1155010 1531.7
1155020 1531.7
1155030 1536.0
1155040 1538.2
1155050 1538.2
1155060 1539.2
1155070 1539.9
1155080 1539.9
1155090 1540.4
1155100 1539.8
1155110 1535.4
1155120 1533.3
1155130 1531.2
1155140 1531.2
1155150 1529.3
1155160 1527.5
1155170 1527.5
1155180 1525.7
1155190 1524.4
1155200 1523.5
1155210 1523.5
1155220 1521.8
1155230 1520.6
1155240 1520.6
1155250 1519.9
1155260 1519.5
1155270 1519.5
1155280 1518.9
1155290 1517.4
1155300 1517.4
1155310 1516.4
1155320 1515.7
1155330 1515.7
1155340 1513.5
1155350 1509.1
1155360 1509.1
1155370 1505.2
1155380 1502.1
1155390 1502.1
1155400 1499.4
1155410 1497.2
1155420 1494.7
1155430 1494.7
1155440 1492.2
1155450 1490.1
1155460 1490.1
1155470 1489.1
1155480 1489.9
1155490 1489.9
1155500 1487.4
1155510 1489.6
1155520 1489.6
1155530 1492.6
1155540 1494.7
1155550 1494.7
1155560 1494.3
1155570 1493.8
1155580 1493.8
1155590 1492.8
1155600 1491.2
1155610 1491.2
1155620 1489.7
1155630 1488.2
1155640 1486.7
1155650 1486.7
1155660 1484.1
1155670 1481.8
1155680 1481.8
1155690 1479.6
1155700 1475.8
1155710 1475.8
1155720 1472.0
1155730 1471.2
1155740 1471.2
1155750 1469.6
1155760 1467.8
1155770 1467.8
1155780 1466.5
1155790 1465.2
1155800 1465.2
1155810 1464.1
1155820 1462.6
1155830 1462.6
1155840 1461.0
1155850 1458.9
1155860 1456.6
1155870 1456.6
1155880 1448.7
1155890 1444.5
1155900 1444.5
1155910 1439.0
1155920 1433.6
1155930 1433.6
1155940 1427.8
1155950 1423.1
1155960 1423.1
1155970 1420.1
1155980 1417.7
1155990 1417.7
1156000 1415.8
1156010 1414.5
1156020 1414.5
1156030 1413.3
1156040 1412.4
1156050 1412.4
1156060 1411.5
1156070 1410.5
1156080 1409.5
1156090 1409.5
1156100 1408.2
1156110 1407.0
1156120 1407.0
1156130 1405.3
1156140 1402.7
1156150 1402.7
1156160 1399.2
1156170 1394.9
1156180 1394.9
1156190 1391.0
1156200 1388.7
1156210 1388.7
1156220 1388.7
1156230 1390.3
1156240 1390.3
1156250 1389.6
1156260 1383.4
1156270 1375.0
1156280 1373.1
1156290 1372.4
1156300 1373.9
1156310 1373.9
1156320 1375.8
1156330 1375.9
1156340 1375.9
1156350 1374.2
1156360 1373.7
1156370 1373.7
1156380 1372.7
1156390 1371.4
1156400 1371.4
1156410 1369.7
1156420 1368.1
1156430 1368.1
1156440 1366.3
1156450 1364.5
1156460 1364.5
1156470 1364.2
1156480 1364.8
1156490 1364.8
1156500 1365.3
1156510 1364.3
1156520 1362.7
1156530 1362.7
1156540 1358.5
1156550 1354.8
1156560 1354.8
1156570 1351.8
1156580 1349.6
1156590 1349.6
1156600 1349.3
1156610 1350.7
1156620 1350.7
1156630 1353.5
1156640 1357.0
1156650 1357.0
1156660 1356.0
1156670 1357.8
1156680 1357.8
1156690 1358.7
1156700 1358.8
1156710 1358.8
1156720 1358.1
1156730 1355.9
1156740 1355.9
1156750 1351.4
1156760 1344.5
1156770 1338.4
1156780 1338.4
1156790 1334.3
1156800 1332.2
1156810 1332.2
1156820 1329.9
1156830 1331.9
1156840 1331.9
1156850 1336.4
1156860 1336.5
1156870 1336.5
1156880 1333.0
1156890 1330.2
1156900 1330.2
1156910 1328.0
1156920 1326.3
1156930 1326.3
1156940 1325.6
1156950 1324.3
1156960 1324.3
1156970 1320.7
1156980 1317.3
1156990 1313.8
1157000 1313.8
1157010 1310.1
1157020 1306.7
1157030 1306.7
1157040 1298.1
1157050 1296.0
1157060 1296.0
1157070 1292.6
1157080 1288.4
1157090 1288.4
1157100 1282.5
1157110 1278.0
1157120 1278.0
1157130 1273.5
1157140 1269.6
1157150 1269.6
1157160 1263.7
1157170 1253.6
1157180 1253.6
1157190 1254.7
1157200 1262.3
1157210 1264.5
1157220 1264.5
1157230 1263.2
1157240 1260.6
1157250 1260.6
1157260 1258.7
1157270 1257.5
1157280 1257.5
1157290 1255.9
1157300 1253.5
1157310 1253.5
1157320 1252.4
1157330 1251.2
1157340 1251.2
1157350 1248.9
1157360 1246.3
1157370 1246.3
1157380 1244.3
1157390 1242.4
1157400 1242.4
1157410 1239.0
1157420 1235.5
1157430 1227.6
1157440 1227.6
1157450 1227.3
1157460 1226.2
1157470 1226.2
1157480 1225.9
1157490 1226.9
1157500 1226.9
1157510 1227.1
1157520 1227.8
1157530 1227.8
1157540 1229.5
1157550 1231.2
1157560 1231.2
1157570 1231.8
1157580 1230.3
1157590 1230.3
1157600 1230.7
1157610 1230.6
1157620 1230.6
1157630 1228.2
1157640 1225.0
1157650 1223.6
1157660 1223.6
1157670 1223.9
1157680 1221.2
1157690 1221.2
1157700 1218.5
1157710 1220.9
1157720 1220.9
1157730 1225.0
1157740 1227.4
1157750 1227.4
1157760 1227.8
1157770 1226.9
1157780 1226.9
1157790 1225.3
1157800 1224.0
1157810 1224.0
1157820 1220.9
1157830 1221.1
1157840 1221.1
1157850 1220.4
1157860 1214.8
1157870 1209.7
1157880 1209.7
1157890 1208.5
1157900 1211.3
1157910 1211.3
1157920 1215.7
1157930 1220.2
1157940 1220.2
1157950 1224.0
1157960 1226.2
1157970 1226.2
1157980 1226.9
1157990 1226.8
1158000 1226.8
1158010 1225.1
1158020 1222.9
1158030 1222.9
1158040 1220.5
1158050 1218.5
1158060 1218.5
1158070 1215.1
1158080 1212.0
1158090 1212.4
1158100 1212.4
1158110 1214.2
1158120 1212.5
1158130 1212.5
1158140 1206.8
1158150 1202.4
1158160 1202.4
1158170 1199.8
1158180 1199.5
1158190 1199.5
1158200 1202.3
1158210 1198.1
1158220 1198.1
1158230 1200.7
1158240 1196.9
1158250 1196.9
1158260 1190.2
1158270 1183.4
1158280 1183.4
1158290 1177.3
1158300 1171.7
1158310 1165.8
1158320 1165.8
1158330 1161.0
1158340 1157.5
1158350 1157.5
1158360 1156.0
1158370 1157.6
1158380 1157.6
1158390 1159.8
1158400 1159.6
1158410 1159.6
1158420 1159.2
1158430 1159.5
1158440 1159.5
1158450 1159.1
1158460 1157.7
1158470 1157.7
1158480 1157.2
1158490 1157.7
1158500 1157.7
1158510 1157.3
1158520 1155.8
1158530 1154.3
1158540 1154.3
1158550 1152.8
1158560 1151.3
1158570 1151.3
1158580 1149.7
1158590 1147.7
1158600 1142.0
1158610 1140.6
1158620 1138.5
1158630 1138.5
1158640 1135.3
1158650 1132.9
1158660 1132.9
1158670 1130.1
1158680 1129.8
1158690 1129.8
1158700 1130.0
1158710 1129.4
1158720 1129.4
1158730 1127.5
1158740 1125.1
1158750 1122.8
1158760 1122.8
1158770 1121.1
1158780 1120.2
1158790 1120.2
1158800 1119.4
1158810 1119.6
1158820 1119.6
1158830 1119.5
1158840 1119.3
1158850 1119.3
1158860 1119.2
1158870 1119.0
1158880 1119.0
1158890 1118.4
1158900 1117.6
1158910 1117.6
1158920 1116.7
1158930 1115.1
1158940 1115.1
1158950 1114.4
1158960 1114.4
1158970 1114.5
1158980 1113.1
1158990 1112.9
1159000 1112.7
1159010 1112.7
1159020 1112.6
1159030 1112.4
1159040 1112.4
1159050 1112.3
1159060 1112.1
1159070 1112.1
1159080 1111.9
1159090 1111.7
1159100 1111.7
1159110 1111.4
1159120 1111.2
1159130 1111.2
1159140 1110.8
1159150 1110.0
1159160 1110.0
1159170 1108.7
1159180 1107.6
1159190 1107.6
1159200 1106.9
1159210 1106.7
1159220 1106.6
1159230 1106.6
1159240 1106.7
1159250 1107.1
1159260 1107.1
1159270 1108.0
1159280 1109.3
1159290 1109.3
1159300 1112.1
1159310 1114.7
1159320 1114.7
1159330 1112.7
1159340 1112.9
1159350 1112.9
1159360 1116.8
1159370 1124.2
1159380 1124.2
1159390 1124.4
1159400 1125.5
1159410 1125.5
1159420 1126.2
1159430 1125.3
1159440 1123.5
1159450 1123.5
1159460 1126.5
1159470 1130.2
1159480 1130.2
1159490 1130.6
1159500 1134.1
1159510 1134.1
1159520 1135.9
1159530 1136.7
1159540 1136.7
1159550 1137.8
1159560 1136.9
1159570 1136.9
1159580 1136.3
1159590 1136.0
1159600 1136.0
1159610 1134.1
1159620 1132.7
1159630 1132.7
1159640 1131.2
1159650 1130.5
1159660 1130.0
1159670 1130.0
1159680 1130.0
1159690 1129.4
1159700 1129.4
1159710 1128.7
1159720 1128.2
1159730 1128.2
1159740 1127.2
1159750 1126.1
1159760 1130.2
1159770 1129.3
1159780 1127.4
1159790 1127.4
1159800 1126.1
1159810 1127.6
1159820 1127.6
1159830 1130.2
1159840 1133.3
1159850 1133.3
1159860 1136.3
1159870 1139.0
1159880 1141.4
1159890 1141.4
1159900 1143.7
1159910 1145.5
1159920 1145.5
1159930 1146.3
1159940 1146.7
1159950 1146.7
1159960 1144.4
1159970 1141.9
1159980 1141.9
1159990 1143.3
