1140000 2773.4
1140010 2764.1
1140020 2768.2
1140030 2768.2
1140040 2767.6
1140050 2759.2
1140060 2759.2
1140070 2756.8
1140080 2751.5
1140090 2751.5
1140100 2756.9
1140110 2750.3
1140120 2750.3
1140130 2743.7
1140140 2742.1
1140150 2735.8
1140160 2735.8
1140170 2728.9
1140180 2733.0
1140190 2733.0
1140200 2733.3
1140210 2730.3
1140220 2730.3
1140230 2724.7
1140240 2725.5
1140250 2725.5
1140260 2729.6
1140270 2733.9
1140280 2733.9
1140290 2739.7
1140300 2741.0
1140310 2741.0
1140320 2738.0
1140330 2735.2
1140340 2735.2
1140350 2733.1
1140360 2725.1
1140370 2714.8
1140380 2714.8
1140390 2708.3
1140400 2704.2
1140410 2704.2
1140420 2702.8
1140430 2702.2
1140440 2702.2
1140450 2702.5
1140460 2704.1
1140470 2696.0
1140480 2698.8
1140490 2702.2
1140500 2702.2
1140510 2702.7
1140520 2703.7
1140530 2703.7
1140540 2703.1
1140550 2701.1
1140560 2701.1
1140570 2698.2
1140580 2699.7
1140590 2702.3
1140600 2702.3
1140610 2705.4
1140620 2705.0
1140630 2705.0
1140640 2707.0
1140650 2707.8
1140660 2707.8
1140670 2705.3
1140680 2705.0
1140690 2705.0
1140700 2707.9
1140710 2708.0
1140720 2708.0
1140730 2705.3
1140740 2701.8
1140750 2701.8
1140760 2698.2
1140770 2692.5
1140780 2692.5
1140790 2681.2
1140800 2669.0
1140810 2656.7
1140820 2656.7
1140830 2644.0
1140840 2635.8
1140850 2635.8
1140860 2624.7
1140870 2615.2
1140880 2615.2
1140890 2606.7
1140900 2599.3
1140910 2599.3
1140920 2592.9
1140930 2588.2
1140940 2588.2
1140950 2584.0
1140960 2576.3
1140970 2576.3
1140980 2567.6
1140990 2558.7
1141000 2558.7
1141010 2550.0
1141020 2541.4
1141030 2541.4
1141040 2531.9
1141050 2522.0
1141060 2504.6
1141070 2504.6
1141080 2489.6
1141090 2477.3
1141100 2477.3
1141110 2469.6
1141120 2463.7
1141130 2463.7
1141140 2454.6
1141150 2445.4
1141160 2445.4
1141170 2438.3
1141180 2428.6
1141190 2428.6
1141200 2419.2
1141210 2428.1
1141220 2428.1
1141230 2423.5
1141240 2417.5
1141250 2417.5
1141260 2408.4
1141270 2401.1
1141280 2398.5
1141290 2398.5
1141300 2395.6
1141310 2388.6
1141320 2388.6
1141330 2380.5
1141340 2372.6
1141350 2372.6
1141360 2364.1
1141370 2357.0
1141380 2357.0
1141390 2349.3
1141400 2336.8
1141410 2336.8
1141420 2328.6
1141430 2331.8
1141440 2331.8
1141450 2327.3
1141460 2324.5
1141470 2324.5
1141480 2321.7
1141490 2315.7
1141500 2310.0
1141510 2310.0
1141520 2304.3
1141530 2298.7
1141540 2298.7
1141550 2295.7
1141560 2294.4
1141570 2303.9
1141580 2299.8
1141590 2292.8
1141600 2292.8
1141610 2286.6
1141620 2281.1
1141630 2281.1
1141640 2275.3
1141650 2270.9
1141660 2270.9
1141670 2266.8
1141680 2263.6
1141690 2263.6
1141700 2261.6
1141710 2257.1
1141720 2252.1
1141730 2252.1
1141740 2248.7
1141750 2248.0
1141760 2248.0
1141770 2243.5
1141780 2238.0
1141790 2238.0
1141800 2233.5
1141810 2230.4
1141820 2230.4
1141830 2228.0
1141840 2227.0
1141850 2227.0
1141860 2223.3
1141870 2213.6
1141880 2213.6
1141890 2203.9
1141900 2199.6
1141910 2199.6
1141920 2196.0
1141930 2191.6
1141940 2190.9
1141950 2190.9
1141960 2185.6
1141970 2181.0
1141980 2181.0
1141990 2178.6
1142000 2178.6
1142010 2178.6
1142020 2180.3
1142030 2182.7
1142040 2182.7
1142050 2184.3
1142060 2185.7
1142070 2185.7
1142080 2187.1
1142090 2186.8
1142100 2186.8
1142110 2184.8
1142120 2181.5
1142130 2181.5
1142140 2173.3
1142150 2164.5
1142160 2153.9
1142170 2153.9
1142180 2146.0
1142190 2141.5
1142200 2141.5
1142210 2137.0
1142220 2133.4
1142230 2133.4
1142240 2129.4
1142250 2125.0
1142260 2125.0
1142270 2120.3
1142280 2115.0
1142290 2115.0
1142300 2109.5
1142310 2103.5
1142320 2103.8
1142330 2098.5
1142340 2093.0
1142350 2093.0
1142360 2087.6
1142370 2082.7
1142380 2082.7
1142390 2077.3
1142400 2072.1
1142410 2071.4
1142420 2071.4
1142430 2072.3
1142440 2071.6
1142450 2071.6
1142460 2069.7
1142470 2064.6
1142480 2064.6
1142490 2054.7
1142500 2044.2
1142510 2044.2
1142520 2035.9
1142530 2027.9
1142540 2027.9
1142550 2020.2
1142560 2011.6
1142570 2011.6
1142580 2003.6
1142590 1997.0
1142600 1997.0
1142610 1989.4
1142620 1982.3
1142630 1975.3
1142640 1975.3
1142650 1963.1
1142660 1946.2
1142670 1946.2
1142680 1931.4
1142690 1919.6
1142700 1919.6
1142710 1911.8
1142720 1904.1
1142730 1904.1
1142740 1897.6
1142750 1892.1
1142760 1892.1
1142770 1886.2
1142780 1881.0
1142790 1881.0
1142800 1877.8
1142810 1876.1
1142820 1876.1
1142830 1874.6
1142840 1869.9
1142850 1864.7
1142860 1864.7
1142870 1862.6
1142880 1856.4
1142890 1856.4
1142900 1855.6
1142910 1863.1
1142920 1863.1
1142930 1870.0
1142940 1875.6
1142950 1875.6
1142960 1881.1
1142970 1885.6
1142980 1885.6
1142990 1889.8
1143000 1894.1
1143010 1894.1
1143020 1898.6
1143030 1903.1
1143040 1903.1
1143050 1907.7
1143060 1912.8
1143070 1916.9
1143080 1916.9
1143090 1921.3
1143100 1925.9
1143110 1925.9
1143120 1930.4
1143130 1935.2
1143140 1935.2
1143150 1939.9
1143160 1944.6
1143170 1944.6
1143180 1949.3
1143190 1954.5
1143200 1954.5
1143210 1960.8
1143220 1967.2
1143230 1967.2
1143240 1973.4
1143250 1980.5
1143260 1980.5
1143270 1987.0
1143280 1993.3
1143290 1999.8
1143300 1999.8
1143310 2007.1
1143320 2014.8
1143330 2014.8
1143340 2023.4
1143350 2031.5
1143360 2031.5
1143370 2040.0
1143380 2048.4
1143390 2048.4
1143400 2055.2
1143410 2061.2
1143420 2061.2
1143430 2068.3
1143440 2074.3
1143450 2074.3
1143460 2080.7
1143470 2087.1
1143480 2087.1
1143490 2093.8
1143500 2100.5
1143510 2107.0
1143520 2107.0
1143530 2113.3
1143540 2119.4
1143550 2119.4
1143560 2124.9
1143570 2131.0
1143580 2131.0
1143590 2138.6
1143600 2145.8
1143610 2145.8
1143620 2152.1
1143630 2157.9
1143640 2157.9
1143650 2163.2
1143660 2168.6
1143670 2168.6
1143680 2174.3
1143690 2179.9
1143700 2179.9
1143710 2186.6
1143720 2192.0
1143730 2192.0
1143740 2196.2
1143750 2200.3
1143760 2204.4
1143770 2204.4
1143780 2208.6
1143790 2213.1
1143800 2219.9
1143810 2223.7
1143820 2227.2
1143830 2227.2
1143840 2230.4
1143850 2232.5
1143860 2232.5
1143870 2233.1
1143880 2233.7
1143890 2233.7
1143900 2234.8
1143910 2235.3
1143920 2235.3
1143930 2235.7
1143940 2237.6
1143950 2237.6
1143960 2240.7
1143970 2244.8
1143980 2250.0
1143990 2250.0
1144000 2255.6
1144010 2261.2
1144020 2261.2
1144030 2267.0
1144040 2273.1
1144050 2273.1
1144060 2279.2
1144070 2285.2
1144080 2285.2
1144090 2291.4
1144100 2297.3
1144110 2297.3
1144120 2302.6
1144130 2308.0
1144140 2308.0
1144150 2314.0
1144160 2319.9
1144170 2317.5
1144180 2323.2
1144190 2328.7
1144200 2334.7
1144210 2334.7
1144220 2341.6
1144230 2349.3
1144240 2349.3
1144250 2357.4
1144260 2365.3
1144270 2365.3
1144280 2373.4
1144290 2382.5
1144300 2382.5
1144310 2391.7
1144320 2399.6
1144330 2399.6
1144340 2411.8
1144350 2425.7
1144360 2425.7
1144370 2433.5
1144380 2433.5
1144390 2433.5
1144400 2429.5
1144410 2426.4
1144420 2423.8
1144430 2423.8
1144440 2424.6
1144450 2426.4
1144460 2426.4
1144470 2427.7
1144480 2426.9
1144490 2426.9
1144500 2427.4
1144510 2428.7
1144520 2428.7
1144530 2428.8
1144540 2429.7
1144550 2441.4
1144560 2444.7
1144570 2445.9
1144580 2445.9
1144590 2445.0
1144600 2445.2
1144610 2445.2
1144620 2446.1
1144630 2448.1
1144640 2450.5
1144650 2450.5
1144660 2456.7
1144670 2461.9
1144680 2461.9
1144690 2466.6
1144700 2467.4
1144710 2467.4
1144720 2471.6
1144730 2476.4
1144740 2476.4
1144750 2481.7
1144760 2488.3
1144770 2488.3
1144780 2495.3
1144790 2498.6
1144800 2498.6
1144810 2501.0
1144820 2506.5
1144830 2506.5
1144840 2513.9
1144850 2521.2
1144860 2528.6
1144870 2528.6
1144880 2533.9
1144890 2534.7
1144900 2534.7
1144910 2542.4
1144920 2566.8
1144930 2566.8
1144940 2575.0
1144950 2582.7
1144960 2582.7
1144970 2587.8
1144980 2590.8
1144990 2590.8
1145000 2594.3
1145010 2594.6
1145020 2594.6
1145030 2593.3
1145040 2595.0
1145050 2595.0
1145060 2597.4
1145070 2601.7
1145080 2601.7
1145090 2605.6
1145100 2605.8
1145110 2606.4
1145120 2606.4
1145130 2603.8
1145140 2599.8
1145150 2599.8
1145160 2596.7
1145170 2594.9
1145180 2594.9
1145190 2593.8
1145200 2591.0
1145210 2591.0
1145220 2588.5
1145230 2586.1
1145240 2586.1
1145250 2588.8
1145260 2590.0
1145270 2590.0
1145280 2587.2
1145290 2598.3
1145300 2598.3
1145310 2595.9
1145320 2595.2
1145330 2596.0
1145340 2596.0
1145350 2596.7
1145360 2595.7
1145370 2595.7
1145380 2595.3
1145390 2594.6
1145400 2594.6
1145410 2596.1
1145420 2597.6
1145430 2597.6
1145440 2598.0
1145450 2597.8
1145460 2597.8
1145470 2599.4
1145480 2601.0
1145490 2601.0
1145500 2601.7
1145510 2600.4
1145520 2600.4
1145530 2598.2
1145540 2600.3
1145550 2602.7
1145560 2602.7
1145570 2604.9
1145580 2606.3
1145590 2606.3
1145600 2608.1
1145610 2610.8
1145620 2610.8
1145630 2612.9
1145640 2614.5
1145650 2614.5
1145660 2616.5
1145670 2625.5
1145680 2625.5
1145690 2627.3
1145700 2629.1
1145710 2629.1
1145720 2632.3
1145730 2636.4
1145740 2636.4
1145750 2639.7
1145760 2642.8
1145770 2645.7
1145780 2645.7
1145790 2647.2
1145800 2645.7
1145810 2645.7
1145820 2643.4
1145830 2645.5
1145840 2645.5
1145850 2644.8
1145860 2643.2
1145870 2643.2
1145880 2644.7
1145890 2649.0
1145900 2649.0
1145910 2651.3
1145920 2657.0
1145930 2657.0
1145940 2658.7
1145950 2661.3
1145960 2661.3
1145970 2661.7
1145980 2663.9
1145990 2669.1
1146000 2669.1
1146010 2674.9
1146020 2682.1
1146030 2682.1
1146040 2698.3
1146050 2703.8
1146060 2703.8
1146070 2705.3
1146080 2710.9
1146090 2710.9
1146100 2718.8
1146110 2724.2
1146120 2724.2
1146130 2734.0
1146140 2738.2
1146150 2738.2
1146160 2739.8
1146170 2740.9
1146180 2740.9
1146190 2744.9
1146200 2756.0
1146210 2764.3
1146220 2764.3
1146230 2763.1
1146240 2759.4
1146250 2759.4
1146260 2758.0
1146270 2757.9
1146280 2757.9
1146290 2756.7
1146300 2760.1
1146310 2760.1
1146320 2761.8
1146330 2762.2
1146340 2762.2
1146350 2767.3
1146360 2770.1
1146370 2770.1
1146380 2772.8
1146390 2779.0
1146400 2779.0
1146410 2784.1
1146420 2795.3
1146430 2795.3
1146440 2794.5
1146450 2796.4
1146460 2791.8
1146470 2791.8
1146480 2786.2
1146490 2781.4
1146500 2781.4
1146510 2779.9
1146520 2776.5
1146530 2776.5
1146540 2773.1
1146550 2771.4
1146560 2771.4
1146570 2769.7
1146580 2768.0
1146590 2768.0
1146600 2767.3
1146610 2767.1
1146620 2767.1
1146630 2767.3
1146640 2769.3
1146650 2769.3
1146660 2770.4
1146670 2770.4
1146680 2772.0
1146690 2772.0
1146700 2773.8
1146710 2776.2
1146720 2776.2
1146730 2778.5
1146740 2781.2
1146750 2781.2
1146760 2783.9
1146770 2786.9
1146780 2786.9
1146790 2805.5
1146800 2814.7
1146810 2814.7
1146820 2825.9
1146830 2834.2
1146840 2834.2
1146850 2840.5
1146860 2847.1
1146870 2847.1
1146880 2851.1
1146890 2852.9
1146900 2847.7
1146910 2847.7
1146920 2839.5
1146930 2833.2
1146940 2833.2
1146950 2833.5
1146960 2833.4
1146970 2833.4
1146980 2833.0
1146990 2835.0
1147000 2835.0
1147010 2843.1
1147020 2846.6
1147030 2846.6
1147040 2847.4
1147050 2845.4
1147060 2845.4
1147070 2843.4
1147080 2843.2
1147090 2843.2
1147100 2842.9
1147110 2844.9
1147120 2849.7
1147130 2849.7
1147140 2854.1
1147150 2859.1
1147160 2859.1
1147170 2856.7
1147180 2861.7
1147190 2861.7
1147200 2866.6
1147210 2870.7
1147220 2870.7
1147230 2875.2
1147240 2881.3
1147250 2881.3
1147260 2883.6
1147270 2883.2
1147280 2883.2
1147290 2879.9
1147300 2877.2
1147310 2877.2
1147320 2876.0
1147330 2873.8
1147340 2871.8
1147350 2871.8
1147360 2870.1
1147370 2865.4
1147380 2865.4
1147390 2849.9
1147400 2841.5
1147410 2841.5
1147420 2831.3
1147430 2823.6
1147440 2823.6
1147450 2822.1
1147460 2822.2
1147470 2822.2
1147480 2821.7
1147490 2821.1
1147500 2821.1
1147510 2822.0
1147520 2823.9
1147530 2823.9
1147540 2817.1
1147550 2813.8
1147560 2816.3
1147570 2816.3
1147580 2820.9
1147590 2819.0
1147600 2819.0
1147610 2811.7
1147620 2811.8
1147630 2811.8
1147640 2813.6
1147650 2812.8
1147660 2812.8
1147670 2809.5
1147680 2804.8
1147690 2804.8
1147700 2799.1
1147710 2791.9
1147720 2791.9
1147730 2786.4
1147740 2782.9
1147750 2782.9
1147760 2782.1
1147770 2783.1
1147780 2783.1
1147790 2783.4
1147800 2783.0
1147810 2782.2
1147820 2782.2
1147830 2779.7
1147840 2776.9
1147850 2776.9
1147860 2773.0
1147870 2768.2
1147880 2768.2
1147890 2763.2
1147900 2758.0
1147910 2758.0
1147920 2755.5
1147930 2748.3
1147940 2748.3
1147950 2741.0
1147960 2733.9
1147970 2733.9
1147980 2730.9
1147990 2730.6
1148000 2730.6
1148010 2731.1
1148020 2732.0
1148030 2733.4
1148040 2733.4
1148050 2735.8
1148060 2739.3
1148070 2739.3
1148080 2744.0
1148090 2753.4
1148100 2753.4
1148110 2762.9
1148120 2769.7
1148130 2769.7
1148140 2768.8
1148150 2764.1
1148160 2764.1
1148170 2756.5
1148180 2749.3
1148190 2749.3
1148200 2744.1
1148210 2740.6
1148220 2740.6
1148230 2733.6
1148240 2728.3
1148250 2729.3
1148260 2729.3
1148270 2728.7
1148280 2725.7
1148290 2725.7
1148300 2734.4
1148310 2739.5
1148320 2739.5
1148330 2736.1
1148340 2735.1
1148350 2735.1
1148360 2731.5
1148370 2727.6
1148380 2727.6
1148390 2725.0
1148400 2727.8
1148410 2727.8
1148420 2732.9
1148430 2734.3
1148440 2734.3
1148450 2732.9
1148460 2728.2
1148470 2726.5
1148480 2726.5
1148490 2724.9
1148500 2718.5
1148510 2718.5
1148520 2713.9
1148530 2714.7
1148540 2714.7
1148550 2719.4
1148560 2725.3
1148570 2725.3
1148580 2723.4
1148590 2720.5
1148600 2720.5
1148610 2721.3
1148620 2724.6
1148630 2724.6
1148640 2723.0
1148650 2722.4
1148660 2722.4
1148670 2729.3
1148680 2727.8
1148690 2728.1
1148700 2728.1
1148710 2728.0
1148720 2725.9
1148730 2725.9
1148740 2724.5
1148750 2725.5
1148760 2725.5
1148770 2726.1
1148780 2731.0
1148790 2731.0
1148800 2737.5
1148810 2728.9
1148820 2728.9
1148830 2720.5
1148840 2717.5
1148850 2717.5
1148860 2720.7
1148870 2716.7
1148880 2716.7
1148890 2712.5
1148900 2712.3
1148910 2712.3
1148920 2715.0
1148930 2720.0
1148940 2727.1
1148950 2727.1
1148960 2735.9
1148970 2743.1
1148980 2743.1
1148990 2751.5
1149000 2759.2
1149010 2759.2
1149020 2763.4
1149030 2760.4
1149040 2760.4
1149050 2753.6
1149060 2742.6
1149070 2742.6
1149080 2732.6
1149090 2723.4
1149100 2723.4
1149110 2720.1
1149120 2726.4
1149130 2726.4
1149140 2732.4
1149150 2726.9
1149160 2718.4
1149170 2718.4
1149180 2712.7
1149190 2710.4
1149200 2710.4
1149210 2709.1
1149220 2706.2
1149230 2706.2
1149240 2706.3
1149250 2709.1
1149260 2709.1
1149270 2710.2
1149280 2711.5
1149290 2711.5
1149300 2713.3
1149310 2715.7
1149320 2715.7
1149330 2718.9
1149340 2723.0
1149350 2723.0
1149360 2723.1
1149370 2714.3
1149380 2698.4
1149390 2698.4
1149400 2682.5
1149410 2673.9
1149420 2673.9
1149430 2674.8
1149440 2661.2
1149450 2661.2
1149460 2643.2
1149470 2625.9
1149480 2625.9
1149490 2609.0
1149500 2596.4
1149510 2596.4
1149520 2586.4
1149530 2577.8
1149540 2577.8
1149550 2570.0
1149560 2561.9
1149570 2561.9
1149580 2554.0
1149590 2546.4
1149600 2539.0
1149610 2539.0
1149620 2532.1
1149630 2525.4
1149640 2525.4
1149650 2519.1
1149660 2512.9
1149670 2512.9
1149680 2506.9
1149690 2500.9
1149700 2500.9
1149710 2495.0
1149720 2489.1
1149730 2489.1
1149740 2483.1
1149750 2477.1
1149760 2477.1
1149770 2471.0
1149780 2465.1
1149790 2465.1
1149800 2459.4
1149810 2453.4
1149820 2447.8
1149830 2447.8
1149840 2442.4
1149850 2437.3
1149860 2437.3
1149870 2432.4
1149880 2427.8
1149890 2427.8
1149900 2423.7
1149910 2420.9
1149920 2420.9
1149930 2419.6
1149940 2418.5
1149950 2418.5
1149960 2416.8
1149970 2414.9
1149980 2414.9
1149990 2412.9
1150000 2409.7
1150010 2409.7
1150020 2406.1
1150030 2402.2
1150040 2398.4
1150050 2398.4
1150060 2395.1
1150070 2392.4
1150080 2392.4
1150090 2388.7
1150100 2385.0
1150110 2385.0
1150120 2379.8
1150130 2374.1
1150140 2374.1
1150150 2368.9
1150160 2364.5
1150170 2364.5
1150180 2360.8
1150190 2351.4
1150200 2351.4
1150210 2347.2
1150220 2342.6
1150230 2342.6
1150240 2337.7
1150250 2332.4
1150260 2332.4
1150270 2327.0
1150280 2322.3
1150290 2317.7
1150300 2317.7
1150310 2313.1
1150320 2309.8
1150330 2309.8
1150340 2307.6
1150350 2304.5
1150360 2304.5
1150370 2300.6
1150380 2298.9
1150390 2298.9
1150400 2298.4
1150410 2298.4
1150420 2298.4
1150430 2296.7
1150440 2293.9
1150450 2293.9
1150460 2291.9
1150470 2292.1
1150480 2292.1
1150490 2292.2
1150500 2292.5
1150510 2292.3
1150520 2292.3
1150530 2293.0
1150540 2295.0
1150550 2295.0
1150560 2294.8
1150570 2292.8
1150580 2292.8
1150590 2292.6
1150600 2293.9
1150610 2293.9
1150620 2295.1
1150630 2297.0
1150640 2297.0
1150650 2299.2
1150660 2301.2
1150670 2301.2
1150680 2304.4
1150690 2309.4
1150700 2309.4
1150710 2313.9
1150720 2316.5
1150730 2318.0
1150740 2318.0
1150750 2319.5
1150760 2321.4
1150770 2321.4
1150780 2323.0
1150790 2324.5
1150800 2324.5
1150810 2326.1
1150820 2328.3
1150830 2328.3
1150840 2330.5
1150850 2332.7
1150860 2332.7
1150870 2335.0
1150880 2337.2
1150890 2337.2
1150900 2339.1
1150910 2341.0
1150920 2341.0
1150930 2342.6
1150940 2343.8
1150950 2341.7
1150960 2341.7
1150970 2342.6
1150980 2344.0
1150990 2344.0
1151000 2345.2
1151010 2346.4
1151020 2346.4
1151030 2347.6
1151040 2348.7
1151050 2348.7
1151060 2349.2
1151070 2349.2
1151080 2349.2
1151090 2350.7
1151100 2352.2
1151110 2352.2
1151120 2354.2
1151130 2356.1
1151140 2356.1
1151150 2358.0
1151160 2359.9
1151170 2361.6
1151180 2361.6
1151190 2362.5
1151200 2363.7
1151210 2363.7
1151220 2365.5
1151230 2367.5
1151240 2367.5
1151250 2369.3
1151260 2373.0
1151270 2373.0
1151280 2378.4
1151290 2383.6
1151300 2383.6
1151310 2390.5
1151320 2398.8
1151330 2395.2
1151340 2399.5
1151350 2402.3
1151360 2402.3
1151370 2405.3
1151380 2408.1
1151390 2410.7
1151400 2410.7
1151410 2413.0
1151420 2415.2
1151430 2415.2
1151440 2417.3
1151450 2419.3
1151460 2419.3
1151470 2421.3
1151480 2422.5
1151490 2422.5
1151500 2423.6
1151510 2424.3
1151520 2424.3
1151530 2425.3
1151540 2426.4
1151550 2426.4
1151560 2427.6
1151570 2427.7
1151580 2427.7
1151590 2426.8
1151600 2426.2
1151610 2426.2
1151620 2426.6
1151630 2426.7
1151640 2426.2
1151650 2426.2
1151660 2425.6
1151670 2425.3
1151680 2425.3
1151690 2424.6
1151700 2423.0
1151710 2419.6
1151720 2417.5
1151730 2415.4
1151740 2415.4
1151750 2412.7
1151760 2410.2
1151770 2410.2
1151780 2406.0
1151790 2402.5
1151800 2402.5
1151810 2400.8
1151820 2397.2
1151830 2397.2
1151840 2393.1
1151850 2387.0
1151860 2375.3
1151870 2375.3
1151880 2365.3
1151890 2357.2
1151900 2357.2
1151910 2347.9
1151920 2340.3
1151930 2340.3
1151940 2332.9
1151950 2325.6
1151960 2325.6
1151970 2318.2
1151980 2311.7
1151990 2311.7
1152000 2306.0
1152010 2298.6
1152020 2298.6
1152030 2289.4
1152040 2280.8
1152050 2280.8
1152060 2272.1
1152070 2263.7
1152080 2257.3
1152090 2257.6
1152100 2251.0
1152110 2245.9
1152120 2245.9
1152130 2241.1
1152140 2236.5
1152150 2236.5
1152160 2231.9
1152170 2227.5
1152180 2227.5
1152190 2222.8
1152200 2218.0
1152210 2218.0
1152220 2213.2
1152230 2208.1
1152240 2208.1
1152250 2203.1
1152260 2198.1
1152270 2198.1
1152280 2193.8
1152290 2189.7
1152300 2185.4
1152310 2185.4
1152320 2181.0
1152330 2176.3
1152340 2176.3
1152350 2171.4
1152360 2166.5
1152370 2166.5
1152380 2161.6
1152390 2156.6
1152400 2156.6
1152410 2151.7
1152420 2146.8
1152430 2146.8
1152440 2142.4
1152450 2138.7
1152460 2138.7
1152470 2135.6
1152480 2131.4
1152490 2131.4
1152500 2127.9
1152510 2124.2
1152520 2119.7
1152530 2119.7
1152540 2114.4
1152550 2108.3
1152560 2108.3
1152570 2102.5
1152580 2097.8
1152590 2097.8
1152600 2093.5
1152610 2090.6
1152620 2090.6
1152630 2088.3
1152640 2085.6
1152650 2085.6
1152660 2082.1
1152670 2078.6
1152680 2078.6
1152690 2075.2
1152700 2072.0
1152710 2072.0
1152720 2070.0
1152730 2067.7
1152740 2064.4
1152750 2064.4
1152760 2061.4
1152770 2057.4
1152780 2057.4
1152790 2052.8
1152800 2048.3
1152810 2048.3
1152820 2044.3
1152830 2041.8
1152840 2041.8
1152850 2038.0
1152860 2036.2
1152870 2036.2
1152880 2036.2
1152890 2036.9
1152900 2036.9
1152910 2036.6
1152920 2034.3
1152930 2034.3
1152940 2031.4
1152950 2028.5
1152960 2028.5
1152970 2025.4
1152980 2022.3
1152990 2018.8
1153000 2018.8
1153010 2014.4
1153020 2010.0
1153030 2010.0
1153040 2005.8
1153050 2001.8
1153060 2001.8
1153070 1998.2
1153080 1995.4
1153090 1995.4
1153100 1993.2
1153110 1991.0
1153120 1991.0
1153130 1988.5
1153140 1986.2
1153150 1986.2
1153160 1983.6
1153170 1984.1
1153180 1984.1
1153190 1984.6
1153200 1983.4
1153210 1980.5
1153220 1980.5
1153230 1976.3
1153240 1972.1
1153250 1972.1
1153260 1971.0
1153270 1969.1
1153280 1969.1
1153290 1966.6
1153300 1964.9
1153310 1964.9
1153320 1964.3
1153330 1963.5
1153340 1963.5
1153350 1962.2
1153360 1961.5
1153370 1961.5
1153380 1961.4
1153390 1961.7
1153400 1961.7
1153410 1961.7
1153420 1961.2
1153430 1960.5
1153440 1960.5
1153450 1959.8
1153460 1959.5
1153470 1959.5
1153480 1959.4
1153490 1959.4
1153500 1959.4
1153510 1959.8
1153520 1960.2
1153530 1960.2
1153540 1959.4
1153550 1959.1
1153560 1959.1
1153570 1958.3
1153580 1957.5
1153590 1957.5
1153600 1956.1
1153610 1954.2
1153620 1949.1
1153630 1950.4
1153640 1950.9
1153650 1951.6
1153660 1951.6
1153670 1952.0
1153680 1952.2
1153690 1952.2
1153700 1951.1
1153710 1949.5
1153720 1949.5
1153730 1949.3
1153740 1948.2
1153750 1948.2
1153760 1946.9
1153770 1945.2
1153780 1945.2
1153790 1944.2
1153800 1942.9
1153810 1942.9
1153820 1941.8
1153830 1940.6
1153840 1940.6
1153850 1940.0
1153860 1939.8
1153870 1937.5
1153880 1937.5
1153890 1933.8
1153900 1930.5
1153910 1930.5
1153920 1928.7
1153930 1927.7
1153940 1927.7
1153950 1925.8
1153960 1921.7
1153970 1921.7
1153980 1915.1
1153990 1908.5
1154000 1908.9
1154010 1902.6
1154020 1895.8
1154030 1895.8
1154040 1888.5
1154050 1880.9
1154060 1880.9
1154070 1872.8
1154080 1863.9
1154090 1853.5
1154100 1853.5
1154110 1844.5
1154120 1835.7
1154130 1835.7
1154140 1825.6
1154150 1819.1
1154160 1819.1
1154170 1816.5
1154180 1815.2
1154190 1815.2
1154200 1819.9
1154210 1826.6
1154220 1826.6
1154230 1832.3
1154240 1838.4
1154250 1838.4
1154260 1843.7
1154270 1849.5
1154280 1849.5
1154290 1854.8
1154300 1858.0
1154310 1861.6
1154320 1861.6
1154330 1866.6
1154340 1869.9
1154350 1869.9
1154360 1871.8
1154370 1874.2
1154380 1874.2
1154390 1873.3
1154400 1878.0
1154410 1878.0
1154420 1883.5
1154430 1888.8
1154440 1888.8
1154450 1892.1
1154460 1894.0
1154470 1894.0
1154480 1895.2
1154490 1895.9
1154500 1895.9
1154510 1896.1
1154520 1895.8
1154530 1895.8
1154540 1896.5
1154550 1897.3
1154560 1897.2
1154570 1897.2
1154580 1897.9
1154590 1899.5
1154600 1899.5
1154610 1901.4
1154620 1904.3
1154630 1904.3
1154640 1903.7
1154650 1903.0
1154660 1903.0
1154670 1908.1
1154680 1914.8
1154690 1914.8
1154700 1918.8
1154710 1922.8
1154720 1922.8
1154730 1925.4
1154740 1923.1
1154750 1923.1
1154760 1920.1
1154770 1912.3
1154780 1913.8
1154790 1913.8
1154800 1915.3
1154810 1919.6
1154820 1919.6
1154830 1921.1
1154840 1920.3
1154850 1920.3
1154860 1919.7
1154870 1922.0
1154880 1922.0
1154890 1923.5
1154900 1924.6
1154910 1924.6
1154920 1926.5
1154930 1927.1
1154940 1927.1
1154950 1926.4
1154960 1926.9
1154970 1926.9
1154980 1925.4
1154990 1925.0
1155000 1925.9
1155010 1925.9
1155020 1925.6
1155030 1925.1
1155040 1925.1
1155050 1927.2
1155060 1932.2
1155070 1932.2
1155080 1936.0
1155090 1937.4
1155100 1937.4
1155110 1939.1
1155120 1940.8
1155130 1940.8
1155140 1942.7
1155150 1945.7
1155160 1941.1
1155170 1945.7
1155180 1950.2
1155190 1950.2
1155200 1953.4
1155210 1956.3
1155220 1959.5
1155230 1959.5
1155240 1960.2
1155250 1960.0
1155260 1960.0
1155270 1961.4
1155280 1962.5
1155290 1962.5
1155300 1963.2
1155310 1964.3
1155320 1964.3
1155330 1965.0
1155340 1965.2
1155350 1965.2
1155360 1966.5
1155370 1968.6
1155380 1968.6
1155390 1971.5
1155400 1975.4
1155410 1975.4
1155420 1978.8
1155430 1981.0
1155440 1982.8
1155450 1982.8
1155460 1985.5
1155470 1988.5
1155480 1988.5
1155490 1990.9
1155500 1992.8
1155510 1992.8
1155520 1994.7
1155530 1996.8
1155540 1996.2
1155550 1997.4
1155560 1998.7
1155570 1998.7
1155580 1999.7
1155590 2001.0
1155600 2001.0
1155610 2002.3
1155620 2002.8
1155630 2002.8
1155640 2000.9
1155650 1999.2
1155660 1997.0
1155670 1997.0
1155680 1995.3
1155690 1990.7
1155700 1990.7
1155710 1984.9
1155720 1973.5
1155730 1973.5
1155740 1962.3
1155750 1953.9
1155760 1953.9
1155770 1948.3
1155780 1942.9
1155790 1942.9
1155800 1938.5
1155810 1936.5
1155820 1936.5
1155830 1937.5
1155840 1936.6
1155850 1936.6
1155860 1935.7
1155870 1937.9
1155880 1937.9
1155890 1943.2
1155900 1947.1
1155910 1945.4
1155920 1945.4
1155930 1936.4
1155940 1926.4
1155950 1926.4
1155960 1915.2
1155970 1905.7
1155980 1905.7
1155990 1894.7
1156000 1883.6
1156010 1883.6
1156020 1876.0
1156030 1871.4
1156040 1871.4
1156050 1870.1
1156060 1869.1
1156070 1869.1
1156080 1866.5
1156090 1864.7
1156100 1864.7
1156110 1862.2
1156120 1858.4
1156130 1854.4
1156140 1854.4
1156150 1850.5
1156160 1846.6
1156170 1846.6
1156180 1843.5
1156190 1839.3
1156200 1839.3
1156210 1835.2
1156220 1833.2
1156230 1833.2
1156240 1832.1
1156250 1832.7
1156260 1832.7
1156270 1834.2
1156280 1836.1
1156290 1836.1
1156300 1838.2
1156310 1840.0
1156320 1836.8
1156330 1836.0
1156340 1834.0
1156350 1832.3
1156360 1832.3
1156370 1830.5
1156380 1828.6
1156390 1828.6
1156400 1827.4
1156410 1828.2
1156420 1828.2
1156430 1828.7
1156440 1829.5
1156450 1829.5
1156460 1830.1
1156470 1831.2
1156480 1831.2
1156490 1832.0
1156500 1831.3
1156510 1831.3
1156520 1829.7
1156530 1828.0
1156540 1828.0
1156550 1825.4
1156560 1822.3
1156570 1816.7
1156580 1816.7
1156590 1808.3
1156600 1799.6
1156610 1799.6
1156620 1791.7
1156630 1783.9
1156640 1783.9
1156650 1776.9
1156660 1772.8
1156670 1772.8
1156680 1770.7
1156690 1766.8
1156700 1763.1
1156710 1759.0
1156720 1754.9
1156730 1754.9
1156740 1750.9
1156750 1748.1
1156760 1748.1
1156770 1747.5
1156780 1747.1
1156790 1747.1
1156800 1747.1
1156810 1748.4
1156820 1751.0
1156830 1751.0
1156840 1754.0
1156850 1755.9
1156860 1755.9
1156870 1754.8
1156880 1748.6
1156890 1748.6
1156900 1740.7
1156910 1733.5
1156920 1733.5
1156930 1728.1
1156940 1722.3
1156950 1722.3
1156960 1716.8
1156970 1711.7
1156980 1711.7
1156990 1709.0
1157000 1705.8
1157010 1700.2
1157020 1700.2
1157030 1693.3
1157040 1689.6
1157050 1689.6
1157060 1691.7
1157070 1695.0
1157080 1695.0
1157090 1686.6
1157100 1684.8
1157110 1684.8
1157120 1680.6
1157130 1676.6
1157140 1676.6
1157150 1674.1
1157160 1670.1
1157170 1670.1
1157180 1669.6
1157190 1669.7
1157200 1669.7
1157210 1670.3
1157220 1671.2
1157230 1671.2
1157240 1671.5
1157250 1671.6
1157260 1672.4
1157270 1672.4
1157280 1673.0
1157290 1673.9
1157300 1673.9
1157310 1675.5
1157320 1678.4
1157330 1678.4
1157340 1680.8
1157350 1682.0
1157360 1682.0
1157370 1681.3
1157380 1679.4
1157390 1679.4
1157400 1679.8
1157410 1681.9
1157420 1681.9
1157430 1681.4
1157440 1680.1
1157450 1680.1
1157460 1679.0
1157470 1676.5
1157480 1669.4
1157490 1669.4
1157500 1664.4
1157510 1659.1
1157520 1659.1
1157530 1655.8
1157540 1651.7
1157550 1651.7
1157560 1647.3
1157570 1642.8
1157580 1642.8
1157590 1639.4
1157600 1635.6
1157610 1635.6
1157620 1630.0
1157630 1624.0
1157640 1624.0
1157650 1618.9
1157660 1617.7
1157670 1617.7
1157680 1618.2
1157690 1620.7
1157700 1625.7
1157710 1625.7
1157720 1628.9
1157730 1631.9
1157740 1631.9
1157750 1634.5
1157760 1633.2
1157770 1633.2
1157780 1631.4
1157790 1631.3
1157800 1631.3
1157810 1633.2
1157820 1633.0
1157830 1633.0
1157840 1631.0
1157850 1631.2
1157860 1631.2
1157870 1629.0
1157880 1629.4
1157890 1629.4
1157900 1626.8
1157910 1622.8
1157920 1617.4
1157930 1617.4
1157940 1612.3
1157950 1603.5
1157960 1603.5
1157970 1593.3
1157980 1581.9
1157990 1581.9
1158000 1575.4
1158010 1581.0
1158020 1581.0
1158030 1584.6
1158040 1588.9
1158050 1588.9
1158060 1595.4
1158070 1601.0
1158080 1601.0
1158090 1604.1
1158100 1606.4
1158110 1606.4
1158120 1609.3
1158130 1612.4
1158140 1615.8
1158150 1615.8
1158160 1615.9
1158170 1614.3
1158180 1614.3
1158190 1612.8
1158200 1609.6
1158210 1609.6
1158220 1609.1
1158230 1609.8
1158240 1609.8
1158250 1604.0
1158260 1601.8
1158270 1601.8
1158280 1602.0
1158290 1602.8
1158300 1602.8
1158310 1604.9
1158320 1605.7
1158330 1605.7
1158340 1605.2
1158350 1605.1
1158360 1606.9
1158370 1606.9
1158380 1609.1
1158390 1611.0
1158400 1611.0
1158410 1612.3
1158420 1612.6
1158430 1612.6
1158440 1610.7
1158450 1610.0
1158460 1610.0
1158470 1612.1
1158480 1615.0
1158490 1615.0
1158500 1616.1
1158510 1616.8
1158520 1616.8
1158530 1617.3
1158540 1616.8
1158550 1616.8
1158560 1614.5
1158570 1614.0
1158580 1615.7
1158590 1615.7
1158600 1618.5
1158610 1620.3
1158620 1620.3
1158630 1618.4
1158640 1612.3
1158650 1612.3
1158660 1612.5
1158670 1611.5
1158680 1611.5
1158690 1610.9
1158700 1611.7
1158710 1611.7
1158720 1612.7
1158730 1613.5
1158740 1613.5
1158750 1614.2
1158760 1612.9
1158770 1612.9
1158780 1611.7
1158790 1611.7
1158800 1611.7
1158810 1611.5
1158820 1610.4
1158830 1609.4
1158840 1609.4
1158850 1608.9
1158860 1609.2
1158870 1609.2
1158880 1609.2
1158890 1609.6
1158900 1609.6
1158910 1610.2
1158920 1611.0
1158930 1611.0
1158940 1611.1
1158950 1611.4
1158960 1611.4
1158970 1611.7
1158980 1611.2
1158990 1611.2
1159000 1609.3
1159010 1605.7
1159020 1605.7
1159030 1600.0
1159040 1598.2
1159050 1596.2
1159060 1596.2
1159070 1593.8
1159080 1591.5
1159090 1591.5
1159100 1589.9
1159110 1588.1
1159120 1588.1
1159130 1586.7
1159140 1585.2
1159150 1585.2
1159160 1582.7
1159170 1581.4
1159180 1581.4
1159190 1580.3
1159200 1579.1
1159210 1579.1
1159220 1578.4
1159230 1578.6
1159240 1578.6
1159250 1579.3
1159260 1580.5
1159270 1580.3
1159280 1580.3
1159290 1579.2
1159300 1578.4
1159310 1578.4
1159320 1577.7
1159330 1578.5
1159340 1578.5
1159350 1578.8
1159360 1578.7
1159370 1578.7
1159380 1578.7
1159390 1579.0
1159400 1579.0
1159410 1579.0
1159420 1570.3
1159430 1570.3
1159440 1565.8
1159450 1562.7
1159460 1562.7
1159470 1561.5
1159480 1558.0
1159490 1554.5
1159500 1554.5
1159510 1552.8
1159520 1551.9
1159530 1551.9
1159540 1550.4
1159550 1547.5
1159560 1547.5
1159570 1543.4
1159580 1540.4
1159590 1540.4
1159600 1539.4
1159610 1540.1
1159620 1540.1
1159630 1541.3
1159640 1541.2
1159650 1541.2
1159660 1540.4
1159670 1540.6
1159680 1540.6
1159690 1541.0
1159700 1540.4
1159710 1543.4
1159720 1543.4
1159730 1543.7
1159740 1543.2
1159750 1543.2
1159760 1543.3
1159770 1543.6
1159780 1543.6
1159790 1543.9
1159800 1544.4
1159810 1540.9
1159820 1540.4
1159830 1538.5
1159840 1538.5
1159850 1537.1
1159860 1535.6
1159870 1535.6
1159880 1533.3
1159890 1530.2
1159900 1530.2
1159910 1527.3
1159920 1523.9
1159930 1519.4
1159940 1519.4
1159950 1514.5
1159960 1509.0
1159970 1509.0
1159980 1504.1
1159990 1500.0
