1140000 2834.5
1140010 2834.1
1140020 2834.3
1140030 2834.3
1140040 2829.9
1140050 2824.4
1140060 2824.8
1140070 2819.4
1140080 2814.8
1140090 2809.6
1140100 2809.6
1140110 2803.7
1140120 2798.0
1140130 2798.0
1140140 2790.4
1140150 2784.2
1140160 2784.2
1140170 2782.8
1140180 2782.2
1140190 2782.2
1140200 2783.0
1140210 2784.3
1140220 2784.3
1140230 2782.8
1140240 2779.6
1140250 2779.6
1140260 2777.6
1140270 2776.1
1140280 2776.1
1140290 2774.2
1140300 2769.3
1140310 2755.7
1140320 2755.7
1140330 2744.0
1140340 2737.7
1140350 2737.7
1140360 2733.6
1140370 2732.5
1140380 2732.5
1140390 2723.7
1140400 2706.2
1140410 2706.2
1140420 2697.0
1140430 2690.6
1140440 2690.6
1140450 2681.6
1140460 2672.6
1140470 2672.6
1140480 2666.3
1140490 2661.2
1140500 2661.2
1140510 2654.0
1140520 2646.1
1140530 2640.0
1140540 2640.0
1140550 2635.2
1140560 2631.4
1140570 2631.4
1140580 2627.9
1140590 2624.3
1140600 2624.3
1140610 2622.7
1140620 2621.5
1140630 2621.5
1140640 2618.5
1140650 2614.6
1140660 2614.6
1140670 2611.3
1140680 2609.9
1140690 2609.9
1140700 2608.4
1140710 2605.9
1140720 2605.9
1140730 2603.3
1140740 2603.7
1140750 2603.7
1140760 2602.0
1140770 2599.8
1140780 2600.4
1140790 2600.4
1140800 2594.0
1140810 2593.1
1140820 2593.1
1140830 2591.2
1140840 2589.0
1140850 2589.0
1140860 2587.6
1140870 2588.1
1140880 2588.1
1140890 2588.6
1140900 2588.7
1140910 2588.7
1140920 2588.4
1140930 2590.1
1140940 2590.1
1140950 2590.9
1140960 2592.8
1140970 2592.8
1140980 2595.8
1140990 2596.6
1141000 2596.3
1141010 2596.3
1141020 2597.4
1141030 2598.5
1141040 2598.5
1141050 2597.2
1141060 2598.0
1141070 2598.0
1141080 2598.5
1141090 2599.2
1141100 2599.2
1141110 2600.4
1141120 2600.8
1141130 2600.8
1141140 2599.6
1141150 2597.4
1141160 2597.4
1141170 2593.5
1141180 2591.6
1141190 2591.6
1141200 2588.9
1141210 2581.9
1141220 2571.5
1141230 2571.5
1141240 2564.1
1141250 2557.2
1141260 2557.2
1141270 2550.7
1141280 2544.7
1141290 2544.7
1141300 2538.8
1141310 2532.8
1141320 2532.8
1141330 2524.0
1141340 2506.2
1141350 2506.2
1141360 2489.2
1141370 2475.7
1141380 2475.7
1141390 2461.0
1141400 2451.2
1141410 2451.2
1141420 2444.1
1141430 2437.5
1141440 2431.3
1141450 2431.3
1141460 2425.3
1141470 2419.4
1141480 2419.4
1141490 2413.2
1141500 2407.5
1141510 2407.5
1141520 2402.2
1141530 2397.3
1141540 2398.4
1141550 2394.5
1141560 2391.0
1141570 2391.0
1141580 2387.8
1141590 2385.4
1141600 2385.4
1141610 2382.1
1141620 2378.4
1141630 2378.4
1141640 2375.1
1141650 2372.1
1141660 2368.7
1141670 2368.7
1141680 2363.7
1141690 2358.1
1141700 2358.1
1141710 2352.4
1141720 2347.7
1141730 2347.7
1141740 2343.1
1141750 2338.0
1141760 2338.0
1141770 2334.0
1141780 2326.4
1141790 2326.4
1141800 2316.3
1141810 2307.6
1141820 2307.6
1141830 2298.6
1141840 2289.5
1141850 2289.5
1141860 2280.3
1141870 2270.1
1141880 2260.1
1141890 2260.1
1141900 2254.0
1141910 2240.9
1141920 2240.9
1141930 2235.1
1141940 2230.8
1141950 2230.8
1141960 2234.5
1141970 2233.9
1141980 2233.9
1141990 2228.9
1142000 2224.7
1142010 2224.7
1142020 2218.3
1142030 2212.6
1142040 2212.6
1142050 2205.5
1142060 2198.8
1142070 2198.8
1142080 2189.9
1142090 2182.0
1142100 2173.8
1142110 2173.8
1142120 2165.2
1142130 2155.7
1142140 2155.7
1142150 2149.4
1142160 2143.0
1142170 2143.0
1142180 2135.4
1142190 2129.3
1142200 2129.3
1142210 2128.0
1142220 2123.4
1142230 2123.4
1142240 2118.5
1142250 2109.1
1142260 2109.1
1142270 2097.7
1142280 2087.3
1142290 2087.3
1142300 2081.2
1142310 2076.7
1142320 2076.7
1142330 2073.8
1142340 2072.3
1142350 2066.7
1142360 2066.7
1142370 2052.4
1142380 2040.7
1142390 2040.7
1142400 2032.3
1142410 2026.3
1142420 2026.3
1142430 2021.5
1142440 2018.9
1142450 2018.9
1142460 2015.6
1142470 2009.2
1142480 2009.2
1142490 2003.0
1142500 1995.1
1142510 1995.1
1142520 1985.4
1142530 1977.5
1142540 1977.5
1142550 1971.1
1142560 1965.2
1142570 1958.8
1142580 1958.8
1142590 1951.7
1142600 1944.5
1142610 1944.5
1142620 1935.9
1142630 1930.3
1142640 1930.3
1142650 1916.3
1142660 1910.1
1142670 1910.1
1142680 1904.9
1142690 1899.5
1142700 1899.5
1142710 1895.8
1142720 1893.7
1142730 1893.7
1142740 1893.1
1142750 1893.0
1142760 1893.0
1142770 1893.4
1142780 1894.0
1142790 1894.4
1142800 1894.4
1142810 1895.4
1142820 1898.9
1142830 1898.9
1142840 1904.2
1142850 1907.6
1142860 1907.6
1142870 1910.8
1142880 1914.6
1142890 1914.6
1142900 1916.7
1142910 1917.5
1142920 1917.5
1142930 1920.9
1142940 1925.3
1142950 1925.3
1142960 1929.6
1142970 1934.4
1142980 1934.4
1142990 1938.7
1143000 1943.4
1143010 1949.1
1143020 1957.1
1143030 1961.3
1143040 1965.0
1143050 1965.0
1143060 1968.5
1143070 1971.6
1143080 1971.6
1143090 1975.5
1143100 1980.2
1143110 1980.2
1143120 1985.1
1143130 1989.6
1143140 1989.6
1143150 1995.2
1143160 2002.4
1143170 2002.4
1143180 2009.5
1143190 2019.0
1143200 2019.0
1143210 2027.7
1143220 2034.3
1143230 2039.4
1143240 2039.4
1143250 2046.3
1143260 2053.8
1143270 2053.8
1143280 2064.0
1143290 2074.6
1143300 2074.6
1143310 2083.3
1143320 2091.7
1143330 2091.7
1143340 2106.6
1143350 2126.0
1143360 2126.0
1143370 2143.9
1143380 2154.1
1143390 2161.1
1143400 2169.0
1143410 2173.6
1143420 2173.6
1143430 2178.0
1143440 2184.1
1143450 2189.3
1143460 2189.3
1143470 2194.5
1143480 2198.0
1143490 2198.0
1143500 2199.3
1143510 2199.8
1143520 2199.8
1143530 2199.6
1143540 2200.6
1143550 2200.6
1143560 2200.8
1143570 2200.5
1143580 2200.5
1143590 2200.0
1143600 2200.4
1143610 2200.4
1143620 2201.8
1143630 2202.7
1143640 2202.7
1143650 2203.5
1143660 2203.9
1143670 2203.9
1143680 2204.6
1143690 2205.4
1143700 2206.3
1143710 2206.3
1143720 2207.7
1143730 2209.2
1143740 2209.2
1143750 2210.1
1143760 2212.5
1143770 2214.7
1143780 2218.2
1143790 2222.3
1143800 2222.3
1143810 2225.0
1143820 2227.1
1143830 2227.1
1143840 2230.6
1143850 2236.8
1143860 2236.8
1143870 2244.3
1143880 2252.2
1143890 2252.2
1143900 2263.4
1143910 2272.9
1143920 2280.9
1143930 2280.9
1143940 2287.2
1143950 2291.3
1143960 2291.3
1143970 2293.8
1143980 2295.4
1143990 2295.4
1144000 2295.7
1144010 2294.9
1144020 2294.9
1144030 2293.9
1144040 2294.0
1144050 2294.0
1144060 2295.8
1144070 2299.4
1144080 2299.4
1144090 2303.8
1144100 2307.7
1144110 2307.7
1144120 2309.9
1144130 2311.1
1144140 2311.7
1144150 2311.7
1144160 2313.4
1144170 2315.2
1144180 2315.2
1144190 2317.2
1144200 2319.4
1144210 2319.4
1144220 2321.4
1144230 2324.0
1144240 2324.0
1144250 2327.0
1144260 2331.6
1144270 2331.6
1144280 2336.6
1144290 2342.1
1144300 2342.1
1144310 2348.3
1144320 2354.0
1144330 2354.0
1144340 2360.6
1144350 2367.3
1144360 2373.1
1144370 2373.1
1144380 2379.9
1144390 2387.3
1144400 2387.3
1144410 2394.4
1144420 2402.3
1144430 2402.3
1144440 2409.4
1144450 2415.4
1144460 2415.4
1144470 2421.9
1144480 2428.6
1144490 2428.6
1144500 2433.7
1144510 2441.2
1144520 2441.2
1144530 2444.5
1144540 2446.8
1144550 2446.8
1144560 2448.3
1144570 2450.6
1144580 2453.0
1144590 2453.0
1144600 2455.3
1144610 2457.7
1144620 2457.7
1144630 2458.0
1144640 2456.3
1144650 2456.3
1144660 2454.2
1144670 2451.8
1144680 2451.8
1144690 2449.3
1144700 2447.7
1144710 2447.7
1144720 2445.6
1144730 2442.6
1144740 2442.6
1144750 2438.5
1144760 2434.6
1144770 2434.6
1144780 2432.4
1144790 2432.0
1144800 2432.0
1144810 2432.0
1144820 2432.1
1144830 2433.1
1144840 2433.1
1144850 2435.5
1144860 2437.7
1144870 2437.7
1144880 2436.6
1144890 2440.4
1144900 2440.4
1144910 2445.1
1144920 2450.1
1144930 2450.1
1144940 2455.2
1144950 2460.8
1144960 2460.8
1144970 2466.7
1144980 2472.9
1144990 2472.9
1145000 2478.8
1145010 2484.9
1145020 2484.9
1145030 2491.3
1145040 2501.2
1145050 2514.7
1145060 2514.7
1145070 2531.7
1145080 2544.2
1145090 2544.2
1145100 2553.8
1145110 2561.8
1145120 2561.8
1145130 2569.2
1145140 2576.4
1145150 2576.4
1145160 2583.8
1145170 2592.3
1145180 2592.3
1145190 2603.8
1145200 2617.3
1145210 2617.3
1145220 2626.2
1145230 2630.1
1145240 2630.1
1145250 2638.4
1145260 2630.9
1145270 2636.7
1145280 2636.7
1145290 2642.4
1145300 2648.1
1145310 2648.1
1145320 2653.1
1145330 2656.8
1145340 2656.8
1145350 2659.8
1145360 2662.7
1145370 2662.7
1145380 2664.5
1145390 2666.6
1145400 2666.6
1145410 2669.3
1145420 2672.1
1145430 2672.1
1145440 2674.2
1145450 2674.7
1145460 2674.7
1145470 2673.4
1145480 2674.9
1145490 2677.7
1145500 2677.7
1145510 2679.5
1145520 2679.6
1145530 2679.6
1145540 2680.7
1145550 2681.9
1145560 2681.9
1145570 2682.9
1145580 2683.7
1145590 2683.7
1145600 2683.1
1145610 2682.3
1145620 2682.3
1145630 2679.2
1145640 2678.7
1145650 2678.7
1145660 2678.7
1145670 2680.0
1145680 2680.0
1145690 2682.4
1145700 2684.7
1145710 2687.4
1145720 2687.4
1145730 2689.8
1145740 2687.8
1145750 2687.8
1145760 2686.2
1145770 2685.7
1145780 2685.7
1145790 2686.0
1145800 2687.5
1145810 2687.5
1145820 2690.4
1145830 2695.9
1145840 2695.9
1145850 2702.1
1145860 2708.2
1145870 2708.2
1145880 2713.8
1145890 2719.3
1145900 2719.3
1145910 2724.9
1145920 2730.7
1145930 2736.4
1145940 2736.4
1145950 2742.1
1145960 2747.9
1145970 2747.9
1145980 2754.2
1145990 2760.9
1146000 2760.9
1146010 2767.2
1146020 2774.2
1146030 2774.2
1146040 2781.3
1146050 2791.1
1146060 2791.1
1146070 2799.7
1146080 2808.8
1146090 2808.8
1146100 2818.0
1146110 2831.5
1146120 2831.5
1146130 2847.0
1146140 2857.2
1146150 2864.0
1146160 2864.0
1146170 2871.3
1146180 2879.2
1146190 2879.2
1146200 2885.8
1146210 2893.0
1146220 2893.0
1146230 2900.1
1146240 2907.3
1146250 2907.3
1146260 2914.8
1146270 2922.3
1146280 2922.3
1146290 2929.6
1146300 2936.7
1146310 2936.7
1146320 2940.6
1146330 2932.8
1146340 2932.8
1146350 2914.3
1146360 2895.9
1146370 2887.3
1146380 2882.6
1146390 2876.7
1146400 2875.4
1146410 2875.4
1146420 2870.2
1146430 2862.7
1146440 2862.7
1146450 2853.8
1146460 2849.3
1146470 2849.3
1146480 2852.3
1146490 2856.6
1146500 2856.6
1146510 2860.4
1146520 2853.5
1146530 2853.5
1146540 2844.9
1146550 2835.0
1146560 2835.0
1146570 2817.5
1146580 2798.8
1146590 2798.8
1146600 2795.3
1146610 2792.2
1146620 2783.2
1146630 2783.2
1146640 2774.3
1146650 2768.0
1146660 2768.0
1146670 2763.0
1146680 2756.0
1146690 2756.0
1146700 2746.5
1146710 2740.6
1146720 2740.6
1146730 2735.4
1146740 2728.5
1146750 2728.5
1146760 2718.4
1146770 2713.9
1146780 2713.9
1146790 2710.4
1146800 2707.7
1146810 2707.7
1146820 2706.0
1146830 2704.3
1146840 2701.6
1146850 2701.6
1146860 2697.8
1146870 2696.2
1146880 2696.2
1146890 2698.9
1146900 2702.7
1146910 2702.7
1146920 2708.0
1146930 2712.4
1146940 2712.4
1146950 2713.7
1146960 2712.6
1146970 2712.6
1146980 2712.1
1146990 2712.0
1147000 2712.0
1147010 2709.9
1147020 2706.7
1147030 2706.7
1147040 2705.9
1147050 2706.7
1147060 2710.2
1147070 2710.2
1147080 2710.9
1147090 2709.7
1147100 2709.7
1147110 2709.1
1147120 2710.1
1147130 2709.1
1147140 2711.1
1147150 2712.7
1147160 2712.7
1147170 2716.2
1147180 2718.7
1147190 2718.7
1147200 2721.3
1147210 2725.6
1147220 2725.6
1147230 2729.3
1147240 2734.0
1147250 2734.0
1147260 2738.5
1147270 2743.3
1147280 2748.9
1147290 2748.9
1147300 2755.5
1147310 2763.3
1147320 2763.3
1147330 2771.1
1147340 2778.2
1147350 2778.2
1147360 2783.3
1147370 2784.0
1147380 2784.0
1147390 2783.7
1147400 2781.3
1147410 2781.3
1147420 2779.8
1147430 2774.0
1147440 2774.0
1147450 2756.4
1147460 2726.9
1147470 2726.9
1147480 2705.7
1147490 2697.1
1147500 2691.3
1147510 2685.7
1147520 2679.8
1147530 2675.3
1147540 2675.3
1147550 2672.6
1147560 2663.8
1147570 2663.8
1147580 2649.4
1147590 2629.0
1147600 2629.0
1147610 2621.4
1147620 2617.4
1147630 2617.4
1147640 2614.4
1147650 2611.0
1147660 2611.0
1147670 2607.7
1147680 2604.4
1147690 2604.4
1147700 2600.2
1147710 2595.9
1147720 2591.9
1147730 2591.9
1147740 2586.7
1147750 2580.4
1147760 2580.4
1147770 2577.3
1147780 2576.1
1147790 2576.1
1147800 2575.3
1147810 2575.2
1147820 2575.2
1147830 2576.7
1147840 2577.7
1147850 2577.7
1147860 2578.3
1147870 2579.0
1147880 2574.0
1147890 2578.5
1147900 2584.0
1147910 2584.0
1147920 2588.6
1147930 2592.6
1147940 2592.6
1147950 2596.2
1147960 2599.9
1147970 2603.5
1147980 2603.5
1147990 2607.8
1148000 2613.0
1148010 2613.0
1148020 2618.7
1148030 2624.5
1148040 2624.5
1148050 2629.9
1148060 2636.2
1148070 2636.2
1148080 2645.2
1148090 2656.7
1148100 2656.7
1148110 2667.2
1148120 2679.1
1148130 2679.1
1148140 2690.6
1148150 2695.7
1148160 2695.7
1148170 2691.7
1148180 2685.3
1148190 2679.4
1148200 2679.4
1148210 2673.5
1148220 2667.5
1148230 2667.5
1148240 2662.1
1148250 2658.0
1148260 2652.1
1148270 2648.8
1148280 2645.5
1148290 2645.5
1148300 2641.8
1148310 2638.1
1148320 2638.1
1148330 2635.8
1148340 2633.5
1148350 2633.5
1148360 2631.2
1148370 2629.0
1148380 2629.0
1148390 2627.4
1148400 2625.7
1148410 2625.2
1148420 2625.2
1148430 2625.8
1148440 2625.7
1148450 2625.7
1148460 2625.9
1148470 2626.0
1148480 2626.0
1148490 2627.4
1148500 2628.9
1148510 2628.9
1148520 2630.2
1148530 2632.6
1148540 2632.6
1148550 2636.5
1148560 2643.1
1148570 2643.1
1148580 2650.6
1148590 2657.1
1148600 2657.1
1148610 2668.6
1148620 2677.6
1148630 2685.5
1148640 2685.3
1148650 2692.8
1148660 2697.3
1148670 2697.3
1148680 2695.5
1148690 2695.8
1148700 2695.8
1148710 2699.0
1148720 2700.7
1148730 2700.7
1148740 2701.7
1148750 2706.0
1148760 2706.0
1148770 2716.0
1148780 2722.2
1148790 2722.2
1148800 2728.0
1148810 2733.2
1148820 2733.2
1148830 2728.1
1148840 2719.3
1148850 2711.9
1148860 2711.9
1148870 2707.2
1148880 2701.3
1148890 2701.3
1148900 2693.2
1148910 2684.6
1148920 2684.6
1148930 2680.3
1148940 2673.7
1148950 2673.7
1148960 2664.5
1148970 2656.6
1148980 2656.6
1148990 2651.0
1149000 2648.2
1149010 2648.2
1149020 2634.7
1149030 2629.3
1149040 2629.3
1149050 2625.4
1149060 2620.2
1149070 2610.7
1149080 2610.7
1149090 2601.6
1149100 2594.9
1149110 2594.9
1149120 2589.5
1149130 2584.0
1149140 2584.0
1149150 2580.9
1149160 2579.5
1149170 2579.5
1149180 2577.9
1149190 2577.7
1149200 2577.7
1149210 2581.0
1149220 2584.1
1149230 2584.1
1149240 2586.7
1149250 2587.8
1149260 2587.8
1149270 2586.9
1149280 2584.9
1149290 2584.9
1149300 2583.6
1149310 2586.2
1149320 2590.9
1149330 2590.9
1149340 2595.2
1149350 2599.2
1149360 2599.2
1149370 2605.6
1149380 2616.0
1149390 2611.8
1149400 2618.8
1149410 2627.9
1149420 2627.9
1149430 2636.9
1149440 2645.2
1149450 2645.2
1149460 2649.9
1149470 2653.9
1149480 2653.9
1149490 2661.0
1149500 2666.2
1149510 2666.2
1149520 2669.6
1149530 2673.7
1149540 2679.8
1149550 2679.8
1149560 2683.5
1149570 2685.1
1149580 2685.1
1149590 2679.8
1149600 2669.3
1149610 2669.3
1149620 2656.4
1149630 2645.2
1149640 2645.2
1149650 2635.7
1149660 2626.2
1149670 2626.2
1149680 2616.9
1149690 2607.6
1149700 2607.6
1149710 2600.0
1149720 2593.9
1149730 2593.9
1149740 2588.6
1149750 2578.5
1149760 2564.0
1149770 2575.3
1149780 2564.9
1149790 2552.8
1149800 2552.8
1149810 2538.2
1149820 2525.8
1149830 2525.8
1149840 2514.3
1149850 2503.3
1149860 2503.3
1149870 2492.0
1149880 2482.8
1149890 2482.8
1149900 2474.6
1149910 2466.2
1149920 2466.2
1149930 2454.7
1149940 2440.7
1149950 2440.7
1149960 2426.3
1149970 2406.8
1149980 2392.9
1149990 2392.9
1150000 2381.8
1150010 2369.5
1150020 2369.5
1150030 2356.4
1150040 2345.9
1150050 2345.9
1150060 2337.1
1150070 2330.1
1150080 2330.1
1150090 2323.5
1150100 2317.0
1150110 2317.0
1150120 2311.1
1150130 2305.6
1150140 2305.6
1150150 2303.2
1150160 2299.0
1150170 2299.0
1150180 2295.1
1150190 2290.4
1150200 2285.4
1150210 2285.4
1150220 2280.7
1150230 2276.1
1150240 2276.1
1150250 2271.5
1150260 2266.7
1150270 2266.7
1150280 2261.8
1150290 2257.2
1150300 2257.2
1150310 2252.8
1150320 2248.3
1150330 2248.3
1150340 2243.9
1150350 2239.7
1150360 2239.7
1150370 2235.9
1150380 2232.3
1150390 2232.3
1150400 2228.9
1150410 2225.9
1150420 2223.2
1150430 2223.2
1150440 2221.8
1150450 2222.3
1150460 2222.3
1150470 2223.4
1150480 2224.3
1150490 2224.3
1150500 2224.1
1150510 2225.0
1150520 2225.0
1150530 2223.6
1150540 2225.1
1150550 2225.1
1150560 2228.3
1150570 2230.6
1150580 2230.6
1150590 2233.0
1150600 2235.9
1150610 2235.9
1150620 2236.0
1150630 2233.4
1150640 2230.5
1150650 2230.5
1150660 2230.8
1150670 2230.4
1150680 2230.4
1150690 2229.7
1150700 2230.1
1150710 2230.1
1150720 2233.1
1150730 2236.7
1150740 2236.7
1150750 2239.8
1150760 2242.9
1150770 2242.9
1150780 2246.7
1150790 2250.0
1150800 2250.0
1150810 2250.3
1150820 2252.7
1150830 2252.7
1150840 2257.7
1150850 2263.5
1150860 2263.5
1150870 2268.8
1150880 2271.2
1150890 2273.3
1150900 2273.3
1150910 2271.9
1150920 2273.6
1150930 2273.6
1150940 2275.5
1150950 2278.3
1150960 2278.3
1150970 2281.8
1150980 2285.7
1150990 2285.7
1151000 2288.8
1151010 2290.0
1151020 2290.0
1151030 2289.3
1151040 2288.2
1151050 2288.2
1151060 2288.0
1151070 2287.8
1151080 2287.8
1151090 2287.6
1151100 2287.6
1151110 2287.8
1151120 2287.8
1151130 2288.2
1151140 2288.3
1151150 2288.3
1151160 2288.3
1151170 2289.8
1151180 2289.8
1151190 2292.2
1151200 2294.7
1151210 2294.7
1151220 2297.3
1151230 2300.0
1151240 2300.0
1151250 2303.1
1151260 2306.5
1151270 2306.5
1151280 2310.3
1151290 2309.7
1151300 2309.7
1151310 2313.7
1151320 2316.9
1151330 2319.6
1151340 2319.6
1151350 2322.4
1151360 2325.0
1151370 2325.0
1151380 2327.5
1151390 2329.5
1151400 2329.5
1151410 2330.9
1151420 2332.0
1151430 2332.0
1151440 2332.4
1151450 2332.3
1151460 2332.3
1151470 2332.9
1151480 2334.4
1151490 2334.4
1151500 2336.3
1151510 2338.0
1151520 2338.0
1151530 2340.0
1151540 2341.9
1151550 2343.6
1151560 2343.6
1151570 2345.4
1151580 2346.8
1151590 2346.8
1151600 2347.8
1151610 2348.9
1151620 2348.9
1151630 2350.4
1151640 2351.5
1151650 2351.5
1151660 2351.9
1151670 2349.9
1151680 2349.9
1151690 2350.4
1151700 2350.8
1151710 2350.8
1151720 2350.9
1151730 2350.4
1151740 2350.4
1151750 2349.8
1151760 2349.0
1151770 2347.8
1151780 2347.8
1151790 2346.6
1151800 2345.4
1151810 2345.4
1151820 2344.2
1151830 2342.8
1151840 2342.8
1151850 2341.1
1151860 2339.0
1151870 2339.0
1151880 2336.8
1151890 2332.3
1151900 2332.3
1151910 2325.7
1151920 2321.0
1151930 2321.0
1151940 2318.4
1151950 2315.4
1151960 2315.4
1151970 2313.4
1151980 2307.6
1151990 2300.5
1152000 2300.5
1152010 2292.2
1152020 2285.1
1152030 2285.1
1152040 2277.7
1152050 2269.5
1152060 2269.5
1152070 2261.0
1152080 2253.9
1152090 2253.9
1152100 2246.5
1152110 2239.3
1152120 2239.3
1152130 2232.2
1152140 2226.0
1152150 2226.0
1152160 2221.0
1152170 2217.1
1152180 2217.1
1152190 2213.3
1152200 2209.2
1152210 2209.2
1152220 2204.3
1152230 2199.6
1152240 2196.0
1152250 2196.0
1152260 2193.5
1152270 2190.9
1152280 2190.9
1152290 2187.7
1152300 2184.1
1152310 2184.1
1152320 2180.4
1152330 2176.4
1152340 2176.4
1152350 2172.6
1152360 2168.2
1152370 2168.2
1152380 2162.7
1152390 2157.1
1152400 2157.1
1152410 2152.6
1152420 2148.9
1152430 2147.5
1152440 2143.6
1152450 2138.7
1152460 2134.9
1152470 2134.9
1152480 2130.8
1152490 2126.5
1152500 2126.5
1152510 2123.0
1152520 2119.6
1152530 2119.6
1152540 2116.8
1152550 2114.4
1152560 2114.4
1152570 2111.1
1152580 2105.9
1152590 2105.9
1152600 2101.2
1152610 2098.0
1152620 2098.0
1152630 2096.1
1152640 2094.3
1152650 2094.3
1152660 2092.3
1152670 2090.8
1152680 2088.6
1152690 2088.6
1152700 2084.6
1152710 2080.6
1152720 2080.6
1152730 2078.0
1152740 2076.2
1152750 2076.2
1152760 2072.8
1152770 2069.8
1152780 2069.8
1152790 2066.5
1152800 2063.9
1152810 2063.9
1152820 2061.2
1152830 2057.9
1152840 2057.9
1152850 2054.6
1152860 2051.1
1152870 2051.1
1152880 2048.4
1152890 2044.3
1152900 2040.4
1152910 2040.4
1152920 2037.7
1152930 2034.6
1152940 2034.6
1152950 2029.9
1152960 2023.8
1152970 2023.8
1152980 2016.5
1152990 2011.5
1153000 2011.5
1153010 2008.1
1153020 2004.3
1153030 2004.3
1153040 2000.0
1153050 1994.7
1153060 1994.7
1153070 1990.7
1153080 1987.0
1153090 1987.0
1153100 1983.1
1153110 1978.6
1153120 1974.1
1153130 1974.1
1153140 1970.5
1153150 1968.0
1153160 1968.0
1153170 1966.0
1153180 1964.3
1153190 1964.3
1153200 1964.1
1153210 1959.7
1153220 1959.7
1153230 1953.4
1153240 1945.4
1153250 1945.4
1153260 1937.6
1153270 1930.7
1153280 1930.7
1153290 1924.1
1153300 1918.1
1153310 1918.1
1153320 1912.3
1153330 1908.0
1153340 1906.2
1153350 1906.2
1153360 1903.9
1153370 1901.2
1153380 1901.2
1153390 1898.7
1153400 1895.3
1153410 1895.3
1153420 1892.7
1153430 1890.5
1153440 1890.5
1153450 1888.0
1153460 1887.1
1153470 1887.1
1153480 1886.6
1153490 1886.0
1153500 1886.0
1153510 1884.0
1153520 1881.3
1153530 1881.3
1153540 1879.4
1153550 1877.9
1153560 1875.9
1153570 1875.9
1153580 1871.7
1153590 1869.9
1153600 1869.9
1153610 1867.3
1153620 1865.1
1153630 1865.1
1153640 1863.4
1153650 1861.5
1153660 1861.5
1153670 1860.9
1153680 1861.3
1153690 1861.3
1153700 1861.0
1153710 1861.2
1153720 1861.2
1153730 1861.4
1153740 1860.6
1153750 1860.6
1153760 1860.0
1153770 1858.9
1153780 1858.9
1153790 1856.9
1153800 1854.6
1153810 1852.0
1153820 1852.0
1153830 1849.2
1153840 1848.4
1153850 1848.4
1153860 1847.0
1153870 1845.4
1153880 1845.4
1153890 1844.2
1153900 1843.2
1153910 1843.2
1153920 1842.4
1153930 1842.5
1153940 1842.5
1153950 1841.1
1153960 1840.3
1153970 1837.3
1153980 1837.4
1153990 1837.0
1154000 1837.0
1154010 1835.6
1154020 1833.6
1154030 1829.5
1154040 1829.5
1154050 1822.9
1154060 1816.8
1154070 1816.8
1154080 1812.1
1154090 1807.1
1154100 1807.1
1154110 1801.9
1154120 1797.3
1154130 1797.3
1154140 1793.0
1154150 1786.3
1154160 1786.3
1154170 1778.9
1154180 1770.5
1154190 1770.5
1154200 1763.0
1154210 1756.6
1154220 1756.6
1154230 1753.3
1154240 1749.7
1154250 1745.5
1154260 1745.5
1154270 1744.8
1154280 1749.4
1154290 1749.4
1154300 1754.0
1154310 1758.7
1154320 1758.7
1154330 1763.5
1154340 1768.3
1154350 1761.8
1154360 1763.0
1154370 1762.0
1154380 1762.0
1154390 1762.1
1154400 1766.3
1154410 1766.3
1154420 1770.3
1154430 1772.4
1154440 1772.4
1154450 1775.2
1154460 1778.3
1154470 1782.0
1154480 1782.0
1154490 1785.6
1154500 1789.1
1154510 1789.1
1154520 1792.7
1154530 1796.5
1154540 1796.5
1154550 1799.9
1154560 1803.4
1154570 1803.4
1154580 1806.8
1154590 1808.3
1154600 1808.3
1154610 1807.2
1154620 1808.6
1154630 1808.6
1154640 1810.0
1154650 1810.8
1154660 1810.8
1154670 1812.0
1154680 1813.3
1154690 1814.4
1154700 1814.4
1154710 1815.8
1154720 1816.2
1154730 1810.9
1154740 1812.0
1154750 1813.0
1154760 1813.0
1154770 1814.0
1154780 1814.9
1154790 1814.9
1154800 1814.7
1154810 1813.8
1154820 1813.8
1154830 1813.5
1154840 1812.6
1154850 1812.6
1154860 1811.9
1154870 1813.4
1154880 1813.4
1154890 1814.9
1154900 1816.6
1154910 1818.9
1154920 1818.9
1154930 1820.1
1154940 1821.3
1154950 1821.3
1154960 1821.8
1154970 1821.8
1154980 1821.8
1154990 1821.9
1155000 1821.2
1155010 1821.2
1155020 1820.6
1155030 1818.3
1155040 1818.3
1155050 1817.6
1155060 1819.4
1155070 1819.4
1155080 1820.0
1155090 1820.5
1155100 1820.5
1155110 1820.8
1155120 1813.7
1155130 1814.5
1155140 1814.5
1155150 1816.0
1155160 1820.3
1155170 1820.3
1155180 1825.0
1155190 1828.8
1155200 1828.8
1155210 1830.6
1155220 1832.5
1155230 1832.5
1155240 1835.0
1155250 1837.9
1155260 1837.9
1155270 1841.5
1155280 1844.8
1155290 1844.8
1155300 1847.7
1155310 1850.9
1155320 1850.9
1155330 1854.7
1155340 1858.7
1155350 1858.7
1155360 1861.9
1155370 1865.5
1155380 1869.5
1155390 1869.5
1155400 1874.1
1155410 1877.6
1155420 1877.6
1155430 1881.1
1155440 1884.3
1155450 1884.3
1155460 1887.8
1155470 1891.5
1155480 1891.5
1155490 1894.7
1155500 1896.3
1155510 1892.2
1155520 1892.1
1155530 1892.2
1155540 1892.2
1155550 1892.5
1155560 1892.2
1155570 1892.2
1155580 1891.7
1155590 1890.2
1155600 1886.4
1155610 1886.4
1155620 1881.3
1155630 1876.9
1155640 1876.9
1155650 1873.3
1155660 1868.6
1155670 1868.6
1155680 1864.8
1155690 1861.3
1155700 1861.3
1155710 1856.0
1155720 1850.2
1155730 1850.2
1155740 1845.6
1155750 1839.8
1155760 1839.8
1155770 1835.0
1155780 1831.9
1155790 1831.9
1155800 1828.8
1155810 1825.1
1155820 1821.1
1155830 1821.1
1155840 1815.2
1155850 1811.6
1155860 1811.6
1155870 1811.0
1155880 1810.9
1155890 1803.2
1155900 1803.5
1155910 1799.7
1155920 1799.7
1155930 1792.0
1155940 1785.2
1155950 1785.2
1155960 1776.4
1155970 1772.7
1155980 1772.7
1155990 1770.4
1156000 1768.6
1156010 1768.6
1156020 1760.6
1156030 1752.4
1156040 1748.9
1156050 1748.9
1156060 1745.5
1156070 1742.1
1156080 1742.1
1156090 1738.7
1156100 1735.7
1156110 1735.7
1156120 1738.7
1156130 1738.1
1156140 1738.1
1156150 1735.6
1156160 1732.6
1156170 1732.6
1156180 1729.1
1156190 1728.4
1156200 1728.4
1156210 1728.9
1156220 1728.8
1156230 1728.8
1156240 1727.6
1156250 1726.1
1156260 1724.3
1156270 1724.3
1156280 1719.5
1156290 1718.7
1156300 1718.7
1156310 1718.4
1156320 1717.2
1156330 1717.2
1156340 1715.4
1156350 1713.4
1156360 1713.4
1156370 1711.7
1156380 1711.7
1156390 1711.7
1156400 1712.2
1156410 1712.1
1156420 1712.1
1156430 1711.4
1156440 1710.3
1156450 1710.3
1156460 1709.0
1156470 1706.1
1156480 1700.7
1156490 1700.7
1156500 1694.5
1156510 1688.0
1156520 1688.0
1156530 1684.2
1156540 1682.2
1156550 1682.2
1156560 1682.1
1156570 1683.5
1156580 1683.5
1156590 1685.0
1156600 1683.3
1156610 1683.3
1156620 1681.9
1156630 1681.4
1156640 1681.4
1156650 1678.5
1156660 1671.5
1156670 1671.5
1156680 1672.2
1156690 1673.0
1156700 1673.2
1156710 1673.2
1156720 1672.9
1156730 1674.4
1156740 1674.4
1156750 1675.0
1156760 1673.7
1156770 1673.7
1156780 1670.4
1156790 1663.5
1156800 1663.5
1156810 1655.9
1156820 1648.3
1156830 1648.3
1156840 1641.1
1156850 1634.6
1156860 1634.6
1156870 1628.4
1156880 1624.1
1156890 1624.1
1156900 1626.3
1156910 1630.4
1156920 1630.4
1156930 1634.5
1156940 1637.8
1156950 1640.7
1156960 1640.7
1156970 1642.2
1156980 1639.9
1156990 1639.9
1157000 1635.0
1157010 1629.7
1157020 1629.7
1157030 1624.9
1157040 1620.0
1157050 1616.1
1157060 1611.2
1157070 1606.6
1157080 1606.6
1157090 1602.9
1157100 1599.9
1157110 1599.9
1157120 1597.8
1157130 1595.5
1157140 1595.5
1157150 1593.4
1157160 1591.6
1157170 1589.8
1157180 1589.8
1157190 1587.9
1157200 1584.8
1157210 1584.8
1157220 1578.7
1157230 1572.9
1157240 1572.9
1157250 1566.4
1157260 1562.3
1157270 1562.3
1157280 1563.0
1157290 1561.8
1157300 1561.8
1157310 1559.6
1157320 1559.5
1157330 1559.5
1157340 1562.5
1157350 1563.5
1157360 1563.5
1157370 1561.4
1157380 1561.2
1157390 1562.2
1157400 1562.2
1157410 1562.8
1157420 1563.0
1157430 1563.0
1157440 1559.6
1157450 1560.9
1157460 1560.9
1157470 1559.1
1157480 1556.9
1157490 1556.9
1157500 1556.0
1157510 1556.3
1157520 1556.3
1157530 1554.7
1157540 1549.5
1157550 1549.5
1157560 1544.5
1157570 1541.7
1157580 1541.7
1157590 1538.9
1157600 1534.7
1157610 1532.0
1157620 1532.0
1157630 1530.1
1157640 1529.1
1157650 1529.1
1157660 1527.1
1157670 1525.0
1157680 1525.0
1157690 1523.6
1157700 1519.3
1157710 1519.3
1157720 1519.5
1157730 1524.9
1157740 1524.9
1157750 1530.4
1157760 1531.7
1157770 1531.7
1157780 1528.2
1157790 1525.5
1157800 1525.5
1157810 1523.1
1157820 1521.1
1157830 1515.5
1157840 1515.5
1157850 1511.7
1157860 1509.1
1157870 1509.1
1157880 1509.6
1157890 1508.6
1157900 1508.6
1157910 1507.4
1157920 1505.3
1157930 1505.3
1157940 1503.3
1157950 1499.5
1157960 1499.5
1157970 1492.6
1157980 1482.4
1157990 1482.4
1158000 1477.0
1158010 1482.9
1158020 1482.9
1158030 1490.0
1158040 1495.0
1158050 1500.0
1158060 1500.0
1158070 1505.6
1158080 1508.3
1158090 1508.3
1158100 1508.3
1158110 1507.9
1158120 1507.9
1158130 1508.0
1158140 1509.1
1158150 1509.1
1158160 1508.2
1158170 1506.8
1158180 1506.8
1158190 1506.3
1158200 1506.2
1158210 1506.2
1158220 1499.9
1158230 1498.3
1158240 1498.3
1158250 1493.7
1158260 1488.1
1158270 1482.0
1158280 1482.0
1158290 1481.7
1158300 1486.4
1158310 1486.4
1158320 1491.5
1158330 1496.4
1158340 1496.4
1158350 1499.5
1158360 1500.7
1158370 1500.7
1158380 1502.7
1158390 1503.2
1158400 1503.2
1158410 1503.8
1158420 1505.9
1158430 1505.9
1158440 1507.7
1158450 1508.0
1158460 1508.0
1158470 1508.7
1158480 1510.7
1158490 1510.7
1158500 1514.7
1158510 1515.5
1158520 1516.7
1158530 1516.7
1158540 1517.4
1158550 1519.0
1158560 1519.0
1158570 1520.7
1158580 1523.2
1158590 1523.2
1158600 1521.4
1158610 1524.2
1158620 1524.2
1158630 1527.4
1158640 1531.0
1158650 1531.0
1158660 1533.4
1158670 1534.7
1158680 1534.7
1158690 1536.3
1158700 1537.7
1158710 1537.7
1158720 1538.2
1158730 1538.8
1158740 1537.7
1158750 1537.7
1158760 1536.6
1158770 1536.6
1158780 1536.6
1158790 1537.0
1158800 1536.7
1158810 1536.7
1158820 1535.0
1158830 1533.8
1158840 1533.8
1158850 1533.0
1158860 1532.2
1158870 1532.2
1158880 1530.9
1158890 1529.7
1158900 1529.7
1158910 1529.7
1158920 1529.9
1158930 1529.9
1158940 1529.1
1158950 1527.9
1158960 1526.3
1158970 1526.3
1158980 1524.8
1158990 1518.6
1159000 1518.6
1159010 1515.8
1159020 1509.8
1159030 1509.8
1159040 1504.6
1159050 1501.7
1159060 1501.7
1159070 1499.1
1159080 1497.4
1159090 1497.4
1159100 1496.9
1159110 1496.8
1159120 1496.8
1159130 1496.4
1159140 1495.2
1159150 1495.2
1159160 1493.3
1159170 1491.2
1159180 1489.7
1159190 1489.7
1159200 1487.9
1159210 1485.7
1159220 1485.7
1159230 1483.3
1159240 1480.7
1159250 1480.7
1159260 1478.8
1159270 1477.9
1159280 1477.9
1159290 1477.2
1159300 1475.8
1159310 1475.8
1159320 1474.6
1159330 1473.1
1159340 1473.1
1159350 1472.0
1159360 1470.9
1159370 1470.9
1159380 1462.3
1159390 1461.6
1159400 1460.7
1159410 1460.7
1159420 1458.0
1159430 1456.5
1159440 1456.5
1159450 1455.6
1159460 1456.0
1159470 1456.0
1159480 1458.8
1159490 1458.5
1159500 1458.5
1159510 1455.2
1159520 1451.1
1159530 1451.1
1159540 1447.2
1159550 1444.1
1159560 1444.1
1159570 1441.6
1159580 1440.9
1159590 1440.9
1159600 1440.7
1159610 1441.8
1159620 1438.6
1159630 1438.6
1159640 1433.4
1159650 1434.6
1159660 1434.6
1159670 1438.0
1159680 1440.0
1159690 1440.0
1159700 1440.8
1159710 1440.7
1159720 1440.7
1159730 1432.7
1159740 1422.8
1159750 1422.8
1159760 1413.3
1159770 1398.8
1159780 1398.8
1159790 1395.0
1159800 1391.6
1159810 1391.6
1159820 1387.9
1159830 1384.9
1159840 1384.2
1159850 1384.2
1159860 1384.2
1159870 1382.6
1159880 1382.6
1159890 1380.6
1159900 1379.1
1159910 1379.1
1159920 1376.0
1159930 1375.0
1159940 1375.0
1159950 1373.7
1159960 1374.2
1159970 1374.2
1159980 1374.6
1159990 1375.7
