1140000 2603.2
1140010 2605.2
1140020 2605.2
1140030 2608.4
1140040 2610.0
1140050 2610.0
1140060 2612.5
1140070 2609.2
1140080 2609.2
1140090 2612.5
1140100 2617.0
1140110 2621.7
1140120 2621.7
1140130 2622.5
1140140 2621.3
1140150 2621.3
1140160 2621.5
1140170 2621.2
1140180 2621.2
1140190 2619.0
1140200 2617.1
1140210 2617.1
1140220 2616.1
1140230 2610.0
1140240 2610.0
1140250 2603.5
1140260 2599.4
1140270 2599.4
1140280 2591.7
1140290 2586.3
1140300 2586.3
1140310 2581.8
1140320 2577.8
1140330 2573.4
1140340 2573.4
1140350 2564.2
1140360 2556.1
1140370 2556.1
1140380 2547.7
1140390 2539.7
1140400 2539.7
1140410 2534.0
1140420 2529.9
1140430 2529.9
1140440 2520.6
1140450 2515.7
1140460 2515.7
1140470 2510.7
1140480 2506.8
1140490 2506.8
1140500 2502.2
1140510 2497.5
1140520 2497.5
1140530 2494.5
1140540 2492.0
1140550 2489.6
1140560 2489.6
1140570 2486.3
1140580 2483.0
1140590 2483.0
1140600 2479.7
1140610 2476.7
1140620 2476.7
1140630 2472.8
1140640 2469.0
1140650 2469.0
1140660 2466.7
1140670 2463.6
1140680 2463.6
1140690 2461.6
1140700 2459.2
1140710 2459.2
1140720 2456.3
1140730 2452.8
1140740 2452.8
1140750 2448.9
1140760 2445.1
1140770 2441.0
1140780 2441.0
1140790 2437.5
1140800 2434.7
1140810 2429.7
1140820 2426.9
1140830 2424.9
1140840 2424.9
1140850 2424.0
1140860 2422.5
1140870 2422.5
1140880 2420.7
1140890 2421.7
1140900 2421.7
1140910 2424.0
1140920 2426.3
1140930 2426.3
1140940 2428.5
1140950 2431.6
1140960 2431.6
1140970 2435.2
1140980 2439.3
1140990 2445.7
1141000 2445.7
1141010 2449.6
1141020 2451.9
1141030 2451.9
1141040 2453.4
1141050 2455.2
1141060 2455.2
1141070 2457.2
1141080 2459.3
1141090 2459.3
1141100 2461.2
1141110 2463.2
1141120 2463.2
1141130 2464.8
1141140 2466.7
1141150 2466.7
1141160 2469.2
1141170 2472.3
1141180 2468.3
1141190 2471.2
1141200 2472.9
1141210 2472.9
1141220 2473.6
1141230 2473.1
1141240 2472.1
1141250 2472.1
1141260 2471.7
1141270 2471.5
1141280 2471.5
1141290 2471.1
1141300 2471.0
1141310 2471.0
1141320 2471.2
1141330 2469.9
1141340 2469.9
1141350 2467.0
1141360 2464.8
1141370 2464.8
1141380 2462.8
1141390 2459.8
1141400 2459.8
1141410 2458.0
1141420 2456.7
1141430 2456.7
1141440 2456.0
1141450 2455.3
1141460 2454.0
1141470 2454.0
1141480 2453.4
1141490 2454.0
1141500 2454.0
1141510 2455.5
1141520 2456.4
1141530 2456.4
1141540 2454.1
1141550 2443.9
1141560 2443.9
1141570 2436.7
1141580 2430.0
1141590 2430.0
1141600 2421.1
1141610 2413.7
1141620 2413.7
1141630 2411.6
1141640 2408.6
1141650 2408.6
1141660 2404.5
1141670 2400.6
1141680 2394.9
1141690 2394.9
1141700 2390.4
1141710 2388.4
1141720 2388.4
1141730 2385.0
1141740 2380.1
1141750 2380.1
1141760 2374.9
1141770 2367.0
1141780 2367.0
1141790 2357.6
1141800 2350.5
1141810 2350.5
1141820 2342.1
1141830 2333.7
1141840 2333.7
1141850 2322.8
1141860 2306.2
1141870 2306.2
1141880 2291.2
1141890 2278.9
1141900 2268.3
1141910 2268.3
1141920 2283.1
1141930 2275.8
1141940 2275.8
1141950 2260.9
1141960 2243.1
1141970 2243.1
1141980 2227.4
1141990 2219.1
1142000 2219.1
1142010 2212.1
1142020 2205.5
1142030 2205.5
1142040 2199.4
1142050 2193.6
1142060 2193.6
1142070 2183.6
1142080 2164.9
1142090 2164.9
1142100 2149.4
1142110 2136.7
1142120 2120.6
1142130 2120.6
1142140 2104.6
1142150 2095.2
1142160 2095.2
1142170 2089.3
1142180 2084.9
1142190 2084.9
1142200 2078.7
1142210 2075.5
1142220 2075.5
1142230 2074.9
1142240 2071.4
1142250 2071.4
1142260 2060.2
1142270 2042.2
1142280 2042.2
1142290 2029.8
1142300 2022.6
1142310 2022.6
1142320 2016.4
1142330 2010.3
1142340 2004.1
1142350 2004.1
1142360 1997.8
1142370 1991.3
1142380 1991.3
1142390 1984.8
1142400 1978.6
1142410 1978.6
1142420 1973.0
1142430 1967.3
1142440 1967.3
1142450 1961.2
1142460 1955.2
1142470 1955.2
1142480 1949.1
1142490 1943.3
1142500 1943.3
1142510 1937.9
1142520 1931.8
1142530 1931.8
1142540 1926.1
1142550 1920.9
1142560 1916.3
1142570 1916.3
1142580 1912.8
1142590 1909.8
1142600 1909.8
1142610 1907.9
1142620 1907.9
1142630 1907.9
1142640 1908.0
1142650 1908.0
1142660 1908.5
1142670 1909.3
1142680 1912.8
1142690 1912.8
1142700 1916.0
1142710 1919.5
1142720 1919.5
1142730 1923.5
1142740 1927.7
1142750 1927.7
1142760 1931.7
1142770 1936.1
1142780 1936.1
1142790 1940.9
1142800 1945.7
1142810 1950.6
1142820 1950.6
1142830 1955.7
1142840 1961.0
1142850 1961.0
1142860 1966.7
1142870 1972.6
1142880 1972.6
1142890 1978.5
1142900 1984.8
1142910 1984.8
1142920 1991.2
1142930 1997.9
1142940 1997.9
1142950 2004.7
1142960 2011.4
1142970 2011.4
1142980 2018.3
1142990 2025.3
1143000 2025.3
1143010 2032.3
1143020 2039.3
1143030 2047.8
1143040 2047.8
1143050 2055.9
1143060 2063.8
1143070 2063.8
1143080 2070.1
1143090 2077.5
1143100 2077.5
1143110 2087.3
1143120 2098.9
1143130 2098.9
1143140 2109.8
1143150 2116.6
1143160 2116.6
1143170 2123.5
1143180 2130.4
1143190 2130.4
1143200 2137.3
1143210 2145.3
1143220 2145.3
1143230 2161.5
1143240 2181.1
1143250 2199.3
1143260 2199.3
1143270 2209.3
1143280 2217.5
1143290 2217.5
1143300 2224.5
1143310 2231.6
1143320 2231.6
1143330 2238.7
1143340 2245.9
1143350 2245.9
1143360 2252.9
1143370 2259.9
1143380 2259.9
1143390 2269.2
1143400 2283.6
1143410 2283.6
1143420 2291.1
1143430 2296.8
1143440 2296.8
1143450 2302.6
1143460 2309.3
1143470 2315.3
1143480 2315.3
1143490 2320.6
1143500 2326.6
1143510 2326.6
1143520 2334.3
1143530 2341.4
1143540 2341.4
1143550 2348.3
1143560 2355.4
1143570 2355.4
1143580 2361.1
1143590 2366.9
1143600 2366.9
1143610 2372.9
1143620 2377.6
1143630 2377.6
1143640 2380.2
1143650 2384.4
1143660 2384.4
1143670 2390.5
1143680 2397.4
1143690 2404.8
1143700 2404.8
1143710 2412.9
1143720 2421.4
1143730 2421.4
1143740 2428.5
1143750 2434.7
1143760 2434.7
1143770 2442.2
1143780 2452.2
1143790 2452.2
1143800 2460.0
1143810 2467.9
1143820 2467.9
1143830 2475.7
1143840 2483.8
1143850 2483.8
1143860 2491.5
1143870 2499.1
1143880 2499.1
1143890 2506.4
1143900 2511.5
1143910 2514.9
1143920 2514.9
1143930 2519.0
1143940 2524.7
1143950 2524.7
1143960 2531.7
1143970 2539.2
1143980 2539.2
1143990 2547.3
1144000 2555.6
1144010 2555.6
1144020 2563.5
1144030 2570.7
1144040 2570.7
1144050 2578.1
1144060 2585.4
1144070 2585.4
1144080 2590.3
1144090 2592.1
1144100 2592.1
1144110 2594.4
1144120 2596.4
1144130 2598.0
1144140 2598.0
1144150 2599.3
1144160 2602.0
1144170 2602.0
1144180 2605.3
1144190 2607.8
1144200 2607.8
1144210 2609.3
1144220 2610.3
1144230 2610.3
1144240 2610.4
1144250 2613.5
1144260 2613.5
1144270 2615.0
1144280 2618.6
1144290 2618.6
1144300 2621.2
1144310 2620.5
1144320 2620.5
1144330 2616.9
1144340 2613.0
1144350 2611.1
1144360 2611.1
1144370 2611.5
1144380 2611.7
1144390 2611.7
1144400 2609.5
1144410 2610.2
1144420 2610.2
1144430 2611.3
1144440 2606.1
1144450 2606.1
1144460 2602.0
1144470 2603.6
1144480 2603.6
1144490 2603.8
1144500 2599.7
1144510 2599.7
1144520 2611.9
1144530 2611.9
1144540 2611.9
1144550 2608.0
1144560 2604.6
1144570 2604.6
1144580 2603.1
1144590 2598.8
1144600 2597.2
1144610 2597.2
1144620 2597.4
1144630 2598.1
1144640 2598.1
1144650 2601.2
1144660 2603.8
1144670 2603.8
1144680 2606.9
1144690 2612.6
1144700 2612.6
1144710 2617.0
1144720 2613.1
1144730 2613.1
1144740 2607.8
1144750 2603.2
1144760 2603.2
1144770 2594.6
1144780 2585.3
1144790 2585.3
1144800 2584.1
1144810 2580.3
1144820 2574.2
1144830 2574.2
1144840 2574.2
1144850 2573.5
1144860 2573.5
1144870 2565.5
1144880 2556.9
1144890 2580.2
1144900 2576.4
1144910 2573.3
1144920 2573.3
1144930 2572.5
1144940 2569.7
1144950 2569.7
1144960 2570.3
1144970 2572.4
1144980 2572.4
1144990 2574.5
1145000 2575.0
1145010 2575.0
1145020 2573.1
1145030 2569.0
1145040 2567.2
1145050 2567.2
1145060 2570.5
1145070 2576.9
1145080 2576.9
1145090 2583.5
1145100 2588.0
1145110 2588.0
1145120 2590.4
1145130 2594.1
1145140 2594.1
1145150 2596.0
1145160 2596.7
1145170 2596.7
1145180 2597.2
1145190 2597.3
1145200 2597.3
1145210 2597.3
1145220 2597.5
1145230 2597.5
1145240 2598.9
1145250 2599.9
1145260 2601.1
1145270 2599.7
1145280 2601.1
1145290 2603.1
1145300 2603.1
1145310 2605.7
1145320 2607.4
1145330 2607.4
1145340 2607.6
1145350 2606.4
1145360 2606.4
1145370 2605.1
1145380 2605.2
1145390 2605.2
1145400 2605.3
1145410 2606.3
1145420 2606.3
1145430 2607.9
1145440 2609.2
1145450 2609.2
1145460 2610.6
1145470 2612.5
1145480 2614.1
1145490 2614.1
1145500 2615.5
1145510 2617.0
1145520 2617.0
1145530 2618.8
1145540 2619.5
1145550 2619.5
1145560 2621.2
1145570 2625.3
1145580 2625.3
1145590 2631.3
1145600 2636.9
1145610 2636.9
1145620 2643.0
1145630 2649.9
1145640 2663.3
1145650 2668.4
1145660 2673.7
1145670 2673.7
1145680 2681.1
1145690 2689.6
1145700 2698.6
1145710 2698.6
1145720 2707.4
1145730 2715.5
1145740 2715.5
1145750 2726.7
1145760 2732.7
1145770 2732.7
1145780 2737.6
1145790 2742.5
1145800 2742.5
1145810 2746.8
1145820 2751.1
1145830 2751.1
1145840 2756.9
1145850 2763.7
1145860 2763.7
1145870 2770.6
1145880 2779.1
1145890 2779.1
1145900 2787.2
1145910 2797.0
1145920 2808.5
1145930 2808.5
1145940 2822.3
1145950 2832.9
1145960 2832.9
1145970 2840.0
1145980 2841.2
1145990 2841.2
1146000 2839.0
1146010 2823.1
1146020 2812.5
1146030 2807.2
1146040 2806.2
1146050 2806.2
1146060 2805.4
1146070 2803.0
1146080 2803.0
1146090 2794.4
1146100 2787.4
1146110 2787.4
1146120 2779.5
1146130 2770.5
1146140 2770.5
1146150 2760.2
1146160 2748.5
1146170 2742.3
1146180 2742.3
1146190 2737.8
1146200 2733.3
1146210 2733.3
1146220 2728.9
1146230 2724.5
1146240 2724.5
1146250 2720.0
1146260 2716.0
1146270 2716.0
1146280 2713.6
1146290 2711.8
1146300 2711.8
1146310 2709.5
1146320 2707.1
1146330 2707.1
1146340 2707.7
1146350 2710.5
1146360 2710.5
1146370 2714.4
1146380 2719.0
1146390 2721.4
1146400 2721.4
1146410 2731.4
1146420 2742.3
1146430 2742.3
1146440 2747.7
1146450 2751.5
1146460 2751.5
1146470 2744.3
1146480 2723.6
1146490 2723.6
1146500 2697.8
1146510 2681.2
1146520 2681.2
1146530 2664.8
1146540 2651.2
1146550 2651.2
1146560 2638.2
1146570 2624.0
1146580 2624.0
1146590 2618.0
1146600 2614.3
1146610 2611.5
1146620 2611.5
1146630 2608.5
1146640 2606.1
1146650 2606.1
1146660 2603.2
1146670 2599.7
1146680 2599.7
1146690 2596.2
1146700 2592.6
1146710 2592.6
1146720 2589.2
1146730 2585.4
1146740 2585.4
1146750 2581.4
1146760 2577.3
1146770 2573.6
1146780 2569.5
1146790 2565.5
1146800 2565.5
1146810 2561.6
1146820 2557.6
1146830 2554.0
1146840 2554.0
1146850 2550.7
1146860 2547.5
1146870 2547.5
1146880 2543.1
1146890 2538.6
1146900 2538.6
1146910 2533.6
1146920 2529.1
1146930 2529.1
1146940 2524.9
1146950 2521.4
1146960 2521.4
1146970 2519.8
1146980 2518.8
1146990 2518.8
1147000 2517.5
1147010 2515.2
1147020 2515.2
1147030 2515.1
1147040 2516.3
1147050 2519.5
1147060 2519.5
1147070 2523.3
1147080 2527.3
1147090 2527.3
1147100 2531.5
1147110 2533.6
1147120 2533.6
1147130 2535.0
1147140 2533.0
1147150 2533.0
1147160 2534.8
1147170 2539.1
1147180 2539.1
1147190 2544.1
1147200 2548.8
1147210 2548.8
1147220 2551.3
1147230 2554.4
1147240 2554.4
1147250 2557.6
1147260 2560.4
1147270 2563.8
1147280 2563.8
1147290 2568.5
1147300 2573.3
1147310 2573.3
1147320 2577.5
1147330 2583.1
1147340 2583.1
1147350 2590.4
1147360 2597.7
1147370 2597.7
1147380 2604.5
1147390 2610.9
1147400 2610.9
1147410 2618.7
1147420 2634.3
1147430 2634.3
1147440 2653.1
1147450 2662.4
1147460 2662.4
1147470 2655.7
1147480 2643.3
1147490 2630.9
1147500 2630.9
1147510 2622.4
1147520 2617.7
1147530 2617.7
1147540 2610.8
1147550 2605.8
1147560 2605.8
1147570 2602.5
1147580 2599.7
1147590 2599.7
1147600 2597.6
1147610 2596.4
1147620 2596.4
1147630 2592.7
1147640 2587.3
1147650 2587.3
1147660 2580.1
1147670 2574.8
1147680 2574.8
1147690 2574.3
1147700 2574.6
1147710 2574.6
1147720 2573.9
1147730 2572.9
1147740 2570.4
1147750 2570.4
1147760 2569.0
1147770 2564.0
1147780 2564.0
1147790 2557.0
1147800 2550.0
1147810 2550.0
1147820 2542.4
1147830 2537.3
1147840 2537.3
1147850 2534.5
1147860 2530.0
1147870 2530.0
1147880 2526.1
1147890 2521.8
1147900 2521.8
1147910 2517.9
1147920 2516.4
1147930 2516.4
1147940 2517.2
1147950 2516.2
1147960 2514.6
1147970 2514.6
1147980 2513.6
1147990 2511.4
1148000 2511.4
1148010 2506.6
1148020 2502.6
1148030 2502.6
1148040 2500.5
1148050 2498.6
1148060 2498.6
1148070 2496.0
1148080 2495.9
1148090 2495.9
1148100 2496.6
1148110 2495.6
1148120 2495.6
1148130 2491.4
1148140 2481.4
1148150 2481.4
1148160 2469.3
1148170 2463.0
1148180 2460.0
1148190 2460.0
1148200 2458.0
1148210 2457.0
1148220 2457.0
1148230 2456.3
1148240 2454.5
1148250 2454.5
1148260 2452.1
1148270 2444.3
1148280 2444.3
1148290 2443.3
1148300 2442.3
1148310 2442.3
1148320 2441.4
1148330 2439.6
1148340 2439.6
1148350 2438.6
1148360 2438.9
1148370 2438.9
1148380 2438.9
1148390 2439.2
1148400 2441.3
1148410 2441.3
1148420 2444.8
1148430 2447.9
1148440 2447.9
1148450 2450.8
1148460 2454.3
1148470 2454.3
1148480 2459.3
1148490 2465.0
1148500 2465.0
1148510 2470.2
1148520 2474.4
1148530 2474.4
1148540 2477.1
1148550 2478.0
1148560 2478.0
1148570 2479.1
1148580 2481.4
1148590 2481.4
1148600 2482.4
1148610 2483.5
1148620 2484.9
1148630 2484.9
1148640 2487.1
1148650 2488.9
1148660 2488.9
1148670 2495.8
1148680 2503.3
1148690 2503.3
1148700 2511.8
1148710 2518.8
1148720 2518.8
1148730 2524.7
1148740 2530.4
1148750 2530.4
1148760 2535.9
1148770 2542.3
1148780 2542.3
1148790 2550.7
1148800 2559.4
1148810 2559.4
1148820 2566.4
1148830 2572.9
1148840 2580.2
1148850 2580.2
1148860 2586.4
1148870 2592.2
1148880 2592.2
1148890 2600.2
1148900 2608.5
1148910 2608.5
1148920 2613.3
1148930 2616.4
1148940 2616.4
1148950 2619.0
1148960 2616.5
1148970 2616.5
1148980 2606.1
1148990 2595.3
1149000 2595.3
1149010 2586.1
1149020 2576.3
1149030 2579.8
1149040 2564.6
1149050 2550.6
1149060 2538.4
1149070 2538.4
1149080 2526.5
1149090 2517.1
1149100 2517.1
1149110 2509.3
1149120 2502.0
1149130 2502.0
1149140 2495.2
1149150 2488.4
1149160 2488.4
1149170 2481.9
1149180 2475.4
1149190 2475.4
1149200 2469.1
1149210 2462.9
1149220 2462.9
1149230 2457.2
1149240 2452.6
1149250 2452.6
1149260 2448.2
1149270 2444.1
1149280 2444.1
1149290 2440.5
1149300 2437.4
1149310 2435.4
1149320 2435.4
1149330 2435.4
1149340 2438.9
1149350 2438.9
1149360 2442.0
1149370 2443.5
1149380 2443.5
1149390 2442.6
1149400 2443.3
1149410 2443.3
1149420 2445.6
1149430 2446.9
1149440 2446.9
1149450 2450.3
1149460 2455.3
1149470 2455.3
1149480 2461.1
1149490 2466.8
1149500 2466.8
1149510 2472.1
1149520 2477.3
1149530 2482.3
1149540 2482.3
1149550 2487.6
1149560 2498.3
1149570 2498.3
1149580 2513.2
1149590 2526.3
1149600 2526.3
1149610 2533.5
1149620 2537.2
1149630 2537.2
1149640 2537.7
1149650 2542.0
1149660 2542.0
1149670 2552.6
1149680 2559.9
1149690 2559.9
1149700 2565.5
1149710 2569.3
1149720 2569.3
1149730 2570.4
1149740 2574.0
1149750 2578.6
1149760 2578.6
1149770 2580.9
1149780 2572.4
1149790 2572.4
1149800 2577.2
1149810 2583.0
1149820 2583.0
1149830 2588.3
1149840 2590.0
1149850 2590.0
1149860 2578.4
1149870 2560.7
1149880 2560.7
1149890 2550.6
1149900 2540.1
1149910 2540.1
1149920 2529.2
1149930 2524.2
1149940 2524.2
1149950 2519.5
1149960 2509.0
1149970 2495.3
1149980 2495.3
1149990 2487.0
1150000 2479.5
1150010 2479.5
1150020 2467.7
1150030 2454.1
1150040 2454.1
1150050 2442.4
1150060 2432.7
1150070 2432.7
1150080 2420.9
1150090 2411.0
1150100 2411.0
1150110 2402.9
1150120 2395.8
1150130 2395.8
1150140 2389.3
1150150 2382.4
1150160 2395.0
1150170 2387.8
1150180 2380.6
1150190 2373.5
1150200 2373.5
1150210 2371.5
1150220 2365.1
1150230 2365.1
1150240 2356.2
1150250 2346.5
1150260 2346.5
1150270 2335.8
1150280 2325.7
1150290 2325.7
1150300 2316.1
1150310 2305.0
1150320 2305.0
1150330 2292.4
1150340 2280.9
1150350 2280.9
1150360 2268.7
1150370 2257.7
1150380 2257.7
1150390 2248.6
1150400 2240.0
1150410 2232.7
1150420 2232.7
1150430 2226.4
1150440 2220.4
1150450 2220.4
1150460 2214.8
1150470 2208.9
1150480 2208.9
1150490 2203.4
1150500 2197.7
1150510 2197.7
1150520 2192.2
1150530 2186.9
1150540 2186.6
1150550 2181.6
1150560 2176.8
1150570 2176.8
1150580 2171.8
1150590 2166.6
1150600 2166.6
1150610 2161.6
1150620 2157.3
1150630 2153.5
1150640 2153.5
1150650 2149.6
1150660 2146.8
1150670 2146.8
1150680 2145.1
1150690 2144.4
1150700 2144.4
1150710 2146.1
1150720 2147.9
1150730 2147.9
1150740 2149.2
1150750 2150.1
1150760 2150.1
1150770 2150.9
1150780 2150.1
1150790 2150.1
1150800 2148.0
1150810 2148.1
1150820 2148.1
1150830 2148.0
1150840 2147.9
1150850 2148.5
1150860 2148.5
1150870 2148.5
1150880 2148.7
1150890 2148.7
1150900 2151.4
1150910 2155.5
1150920 2151.6
1150930 2155.0
1150940 2156.6
1150950 2156.6
1150960 2158.0
1150970 2160.2
1150980 2160.2
1150990 2159.4
1151000 2155.6
1151010 2155.6
1151020 2153.2
1151030 2152.7
1151040 2152.7
1151050 2155.2
1151060 2158.6
1151070 2158.6
1151080 2161.0
1151090 2164.4
1151100 2169.0
1151110 2169.0
1151120 2173.4
1151130 2177.6
1151140 2177.6
1151150 2182.3
1151160 2186.1
1151170 2186.1
1151180 2189.7
1151190 2193.1
1151200 2193.1
1151210 2196.2
1151220 2199.0
1151230 2199.0
1151240 2202.1
1151250 2205.0
1151260 2205.0
1151270 2207.7
1151280 2209.6
1151290 2209.6
1151300 2207.9
1151310 2209.8
1151320 2211.1
1151330 2211.1
1151340 2212.3
1151350 2214.2
1151360 2214.2
1151370 2216.0
1151380 2217.9
1151390 2217.9
1151400 2219.5
1151410 2220.9
1151420 2220.9
1151430 2221.7
1151440 2222.4
1151450 2222.4
1151460 2223.5
1151470 2224.6
1151480 2224.6
1151490 2225.6
1151500 2226.3
1151510 2226.3
1151520 2226.9
1151530 2226.8
1151540 2225.8
1151550 2225.8
1151560 2225.2
1151570 2225.5
1151580 2225.5
1151590 2226.3
1151600 2227.0
1151610 2227.0
1151620 2227.4
1151630 2228.9
1151640 2228.9
1151650 2230.4
1151660 2231.8
1151670 2231.8
1151680 2230.4
1151690 2231.8
1151700 2231.8
1151710 2233.0
1151720 2233.6
1151730 2233.6
1151740 2235.2
1151750 2237.6
1151760 2239.4
1151770 2239.4
1151780 2241.0
1151790 2242.3
1151800 2242.3
1151810 2242.6
1151820 2242.7
1151830 2242.7
1151840 2242.7
1151850 2242.0
1151860 2242.0
1151870 2241.3
1151880 2240.7
1151890 2240.7
1151900 2240.8
1151910 2240.9
1151920 2240.9
1151930 2240.8
1151940 2241.0
1151950 2241.0
1151960 2241.5
1151970 2241.9
1151980 2242.4
1151990 2242.4
1152000 2243.1
1152010 2244.0
1152020 2244.0
1152030 2245.2
1152040 2246.2
1152050 2246.2
1152060 2244.0
1152070 2244.8
1152080 2244.8
1152090 2245.6
1152100 2246.2
1152110 2246.2
1152120 2247.4
1152130 2249.1
1152140 2249.1
1152150 2250.5
1152160 2250.4
1152170 2250.4
1152180 2249.0
1152190 2247.1
1152200 2244.2
1152210 2244.2
1152220 2240.3
1152230 2236.0
1152240 2236.0
1152250 2230.6
1152260 2226.2
1152270 2226.2
1152280 2219.4
1152290 2210.3
1152300 2210.3
1152310 2202.5
1152320 2196.8
1152330 2196.8
1152340 2190.5
1152350 2182.8
1152360 2182.8
1152370 2174.5
1152380 2159.2
1152390 2159.2
1152400 2140.0
1152410 2128.8
1152420 2122.9
1152430 2122.9
1152440 2116.5
1152450 2112.1
1152460 2112.1
1152470 2103.9
1152480 2095.8
1152490 2095.8
1152500 2089.9
1152510 2085.5
1152520 2085.5
1152530 2082.7
1152540 2080.8
1152550 2080.8
1152560 2079.6
1152570 2078.4
1152580 2078.4
1152590 2076.9
1152600 2075.2
1152610 2075.2
1152620 2073.4
1152630 2071.4
1152640 2071.4
1152650 2069.0
1152660 2066.4
1152670 2063.7
1152680 2063.7
1152690 2061.6
1152700 2059.6
1152710 2059.6
1152720 2056.9
1152730 2053.2
1152740 2053.2
1152750 2049.8
1152760 2047.6
1152770 2047.6
1152780 2044.7
1152790 2040.5
1152800 2040.5
1152810 2036.1
1152820 2031.7
1152830 2030.4
1152840 2026.1
1152850 2021.8
1152860 2021.8
1152870 2018.3
1152880 2014.5
1152890 2010.1
1152900 2010.1
1152910 2004.3
1152920 1999.3
1152930 1999.3
1152940 1995.7
1152950 1991.3
1152960 1991.3
1152970 1986.9
1152980 1982.4
1152990 1982.4
1153000 1978.1
1153010 1973.0
1153020 1973.0
1153030 1967.5
1153040 1961.9
1153050 1961.9
1153060 1955.5
1153070 1948.6
1153080 1948.6
1153090 1942.9
1153100 1939.4
1153110 1934.8
1153120 1934.8
1153130 1929.3
1153140 1924.2
1153150 1924.2
1153160 1920.3
1153170 1917.0
1153180 1917.0
1153190 1914.8
1153200 1913.0
1153210 1910.1
1153220 1908.7
1153230 1907.5
1153240 1907.5
1153250 1905.8
1153260 1903.5
1153270 1903.5
1153280 1901.0
1153290 1898.5
1153300 1898.5
1153310 1895.9
1153320 1893.5
1153330 1890.4
1153340 1890.4
1153350 1886.5
1153360 1883.1
1153370 1883.1
1153380 1879.3
1153390 1875.9
1153400 1875.9
1153410 1873.0
1153420 1870.8
1153430 1870.8
1153440 1869.3
1153450 1867.0
1153460 1867.0
1153470 1864.2
1153480 1861.9
1153490 1861.9
1153500 1859.6
1153510 1856.0
1153520 1856.0
1153530 1853.1
1153540 1850.7
1153550 1848.8
1153560 1848.8
1153570 1846.7
1153580 1843.3
1153590 1842.7
1153600 1838.6
1153610 1835.6
1153620 1835.6
1153630 1834.0
1153640 1832.8
1153650 1832.8
1153660 1831.5
1153670 1829.3
1153680 1829.3
1153690 1827.0
1153700 1823.9
1153710 1823.9
1153720 1821.2
1153730 1817.6
1153740 1817.6
1153750 1814.4
1153760 1809.7
1153770 1803.7
1153780 1803.7
1153790 1797.7
1153800 1793.0
1153810 1793.0
1153820 1789.9
1153830 1788.0
1153840 1788.0
1153850 1786.2
1153860 1784.8
1153870 1784.8
1153880 1783.5
1153890 1781.8
1153900 1781.8
1153910 1780.0
1153920 1778.3
1153930 1778.3
1153940 1777.2
1153950 1776.7
1153960 1776.7
1153970 1776.2
1153980 1770.8
1153990 1771.2
1154000 1771.2
1154010 1770.7
1154020 1770.7
1154030 1770.7
1154040 1771.9
1154050 1773.3
1154060 1773.3
1154070 1773.7
1154080 1772.7
1154090 1772.7
1154100 1769.9
1154110 1764.5
1154120 1764.5
1154130 1758.4
1154140 1754.1
1154150 1754.1
1154160 1750.2
1154170 1746.7
1154180 1746.7
1154190 1742.5
1154200 1737.3
1154210 1732.5
1154220 1732.5
1154230 1727.4
1154240 1723.1
1154250 1723.1
1154260 1719.6
1154270 1715.3
1154280 1715.3
1154290 1712.1
1154300 1710.1
1154310 1710.1
1154320 1706.8
1154330 1700.6
1154340 1700.6
1154350 1693.6
1154360 1689.2
1154370 1689.2
1154380 1683.3
1154390 1677.9
1154400 1677.9
1154410 1672.2
1154420 1664.1
1154430 1664.1
1154440 1656.2
1154450 1645.6
1154460 1636.3
1154470 1636.3
1154480 1631.2
1154490 1631.0
1154500 1631.0
1154510 1632.6
1154520 1631.5
1154530 1631.5
1154540 1629.0
1154550 1630.6
1154560 1630.6
1154570 1634.0
1154580 1636.8
1154590 1636.8
1154600 1638.2
1154610 1640.1
1154620 1640.1
1154630 1647.4
1154640 1652.0
1154650 1652.0
1154660 1653.7
1154670 1657.4
1154680 1659.7
1154690 1659.7
1154700 1661.6
1154710 1661.6
1154720 1661.6
1154730 1660.9
1154740 1662.5
1154750 1659.0
1154760 1661.7
1154770 1664.7
1154780 1664.7
1154790 1667.8
1154800 1671.0
1154810 1671.0
1154820 1673.6
1154830 1676.1
1154840 1676.1
1154850 1675.7
1154860 1671.3
1154870 1671.3
1154880 1671.5
1154890 1674.0
1154900 1676.5
1154910 1676.5
1154920 1681.5
1154930 1689.1
1154940 1689.1
1154950 1694.4
1154960 1697.2
1154970 1697.2
1154980 1698.6
1154990 1698.4
1155000 1698.4
1155010 1697.8
1155020 1696.7
1155030 1696.7
1155040 1691.1
1155050 1683.9
1155060 1683.9
1155070 1677.5
1155080 1675.9
1155090 1675.9
1155100 1676.6
1155110 1678.1
1155120 1678.6
1155130 1673.9
1155140 1673.8
1155150 1673.4
1155160 1673.4
1155170 1672.7
1155180 1670.8
1155190 1670.8
1155200 1669.9
1155210 1670.3
1155220 1670.3
1155230 1670.2
1155240 1669.1
1155250 1669.1
1155260 1667.8
1155270 1667.4
1155280 1667.4
1155290 1670.4
1155300 1674.7
1155310 1674.7
1155320 1679.1
1155330 1685.7
1155340 1691.5
1155350 1691.5
1155360 1695.9
1155370 1700.6
1155380 1700.6
1155390 1705.5
1155400 1709.6
1155410 1709.6
1155420 1712.2
1155430 1713.5
1155440 1713.5
1155450 1713.8
1155460 1713.6
1155470 1713.6
1155480 1712.4
1155490 1711.6
1155500 1711.6
1155510 1711.4
1155520 1706.4
1155530 1706.4
1155540 1703.4
1155550 1699.5
1155560 1697.1
1155570 1697.1
1155580 1695.1
1155590 1693.2
1155600 1693.2
1155610 1690.5
1155620 1687.3
1155630 1687.3
1155640 1684.6
1155650 1682.8
1155660 1682.8
1155670 1681.8
1155680 1679.5
1155690 1679.5
1155700 1675.5
1155710 1671.4
1155720 1671.4
1155730 1667.2
1155740 1664.0
1155750 1664.0
1155760 1661.3
1155770 1658.2
1155780 1654.6
1155790 1654.6
1155800 1650.5
1155810 1646.7
1155820 1646.7
1155830 1645.1
1155840 1643.2
1155850 1643.2
1155860 1639.6
1155870 1635.0
1155880 1635.0
1155890 1630.3
1155900 1623.2
1155910 1623.2
1155920 1618.7
1155930 1615.2
1155940 1615.2
1155950 1611.5
1155960 1607.9
1155970 1607.9
1155980 1607.0
1155990 1604.9
1156000 1599.5
1156010 1599.5
1156020 1593.2
1156030 1587.6
1156040 1587.6
1156050 1583.0
1156060 1580.7
1156070 1580.7
1156080 1578.8
1156090 1576.8
1156100 1576.8
1156110 1575.6
1156120 1575.8
1156130 1575.8
1156140 1576.4
1156150 1576.7
1156160 1576.7
1156170 1576.5
1156180 1575.1
1156190 1575.1
1156200 1573.9
1156210 1573.2
1156220 1573.2
1156230 1572.4
1156240 1571.2
1156250 1569.5
1156260 1569.5
1156270 1567.7
1156280 1565.9
1156290 1559.6
1156300 1557.2
1156310 1555.4
1156320 1555.4
1156330 1553.8
1156340 1552.0
1156350 1552.0
1156360 1551.4
1156370 1548.9
1156380 1548.9
1156390 1545.2
1156400 1541.9
1156410 1541.9
1156420 1539.1
1156430 1536.5
1156440 1536.5
1156450 1536.3
1156460 1538.3
1156470 1539.9
1156480 1539.9
1156490 1540.1
1156500 1539.9
1156510 1539.9
1156520 1540.8
1156530 1541.8
1156540 1541.8
1156550 1541.4
1156560 1538.8
1156570 1538.8
1156580 1536.2
1156590 1534.9
1156600 1534.9
1156610 1532.6
1156620 1529.1
1156630 1529.1
1156640 1524.1
1156650 1519.4
1156660 1519.4
1156670 1511.3
1156680 1507.5
1156690 1504.7
1156700 1504.7
1156710 1501.4
1156720 1497.3
1156730 1497.3
1156740 1498.9
1156750 1502.0
1156760 1502.0
1156770 1504.0
1156780 1503.9
1156790 1503.9
1156800 1502.7
1156810 1500.7
1156820 1500.7
1156830 1498.7
1156840 1496.6
1156850 1496.6
1156860 1494.4
1156870 1492.4
1156880 1492.4
1156890 1488.6
1156900 1486.5
1156910 1486.1
1156920 1486.1
1156930 1483.4
1156940 1480.0
1156950 1480.0
1156960 1476.2
1156970 1472.8
1156980 1472.8
1156990 1476.2
1157000 1484.0
1157010 1484.0
1157020 1489.1
1157030 1492.3
1157040 1492.3
1157050 1495.2
1157060 1489.6
1157070 1489.6
1157080 1489.2
1157090 1488.3
1157100 1488.3
1157110 1487.7
1157120 1487.7
1157130 1487.5
1157140 1487.5
1157150 1487.0
1157160 1486.0
1157170 1486.0
1157180 1482.4
1157190 1478.4
1157200 1478.4
1157210 1476.2
1157220 1475.1
1157230 1475.1
1157240 1474.5
1157250 1474.6
1157260 1474.6
1157270 1474.8
1157280 1474.4
1157290 1474.4
1157300 1473.2
1157310 1471.9
1157320 1471.9
1157330 1468.8
1157340 1464.3
1157350 1458.4
1157360 1458.4
1157370 1451.9
1157380 1445.9
1157390 1445.9
1157400 1440.1
1157410 1434.9
1157420 1434.9
1157430 1429.7
1157440 1423.1
1157450 1426.0
1157460 1419.3
1157470 1416.9
1157480 1416.9
1157490 1417.4
1157500 1418.6
1157510 1418.6
1157520 1419.9
1157530 1421.1
1157540 1421.1
1157550 1421.4
1157560 1421.0
1157570 1418.9
1157580 1418.9
1157590 1414.9
1157600 1411.3
1157610 1411.3
1157620 1407.0
1157630 1401.4
1157640 1401.4
1157650 1394.9
1157660 1386.8
1157670 1386.8
1157680 1379.8
1157690 1374.2
1157700 1374.2
1157710 1369.4
1157720 1365.4
1157730 1365.4
1157740 1363.5
1157750 1365.5
1157760 1365.5
1157770 1366.7
1157780 1368.0
1157790 1370.5
1157800 1370.5
1157810 1374.1
1157820 1378.8
1157830 1378.8
1157840 1375.7
1157850 1375.9
1157860 1375.9
1157870 1372.9
1157880 1374.0
1157890 1374.0
1157900 1374.3
1157910 1372.9
1157920 1372.9
1157930 1373.7
1157940 1375.4
1157950 1375.4
1157960 1376.5
1157970 1371.0
1157980 1371.0
1157990 1357.2
1158000 1342.6
1158010 1333.5
1158020 1333.5
1158030 1324.9
1158040 1317.8
1158050 1317.8
1158060 1316.6
1158070 1321.5
1158080 1321.5
1158090 1325.2
1158100 1326.6
1158110 1326.6
1158120 1327.4
1158130 1327.8
1158140 1327.8
1158150 1328.6
1158160 1329.1
1158170 1329.1
1158180 1329.6
1158190 1331.3
1158200 1331.3
1158210 1328.7
1158220 1328.7
1158230 1326.0
1158240 1335.2
1158250 1341.3
1158260 1347.7
1158270 1347.7
1158280 1352.2
1158290 1356.1
1158300 1356.1
1158310 1359.3
1158320 1362.1
1158330 1362.1
1158340 1365.1
1158350 1368.0
1158360 1368.0
1158370 1370.0
1158380 1370.8
1158390 1370.8
1158400 1370.7
1158410 1369.6
1158420 1369.6
1158430 1369.3
1158440 1368.9
1158450 1368.9
1158460 1369.3
1158470 1370.6
1158480 1371.4
1158490 1371.4
1158500 1374.2
1158510 1375.9
1158520 1375.9
1158530 1376.4
1158540 1375.8
1158550 1375.8
1158560 1374.8
1158570 1372.9
1158580 1372.9
1158590 1371.3
1158600 1370.6
1158610 1370.6
1158620 1366.3
1158630 1367.8
1158640 1367.8
1158650 1369.3
1158660 1369.6
1158670 1369.6
1158680 1369.0
1158690 1367.5
1158700 1365.9
1158710 1365.9
1158720 1365.5
1158730 1364.9
1158740 1364.9
1158750 1361.9
1158760 1358.3
1158770 1358.3
1158780 1354.3
1158790 1350.4
1158800 1350.4
1158810 1345.3
1158820 1342.1
1158830 1342.1
1158840 1338.8
1158850 1334.5
1158860 1334.5
1158870 1329.0
1158880 1324.0
1158890 1324.0
1158900 1321.0
1158910 1319.1
1158920 1317.4
1158930 1317.4
1158940 1314.3
1158950 1312.5
1158960 1312.5
1158970 1311.2
1158980 1309.3
1158990 1309.3
1159000 1302.4
1159010 1301.6
1159020 1301.6
1159030 1302.0
1159040 1301.8
1159050 1301.8
1159060 1302.4
1159070 1303.6
1159080 1303.6
1159090 1306.5
1159100 1308.8
1159110 1308.8
1159120 1309.9
1159130 1308.3
1159140 1304.1
1159150 1304.1
1159160 1300.0
1159170 1296.4
1159180 1296.4
1159190 1293.7
1159200 1293.2
1159210 1293.2
1159220 1291.7
1159230 1291.0
1159240 1291.0
1159250 1290.2
1159260 1288.3
1159270 1288.3
1159280 1287.5
1159290 1288.0
1159300 1288.0
1159310 1285.3
1159320 1282.9
1159330 1282.9
1159340 1281.7
1159350 1280.6
1159360 1278.8
1159370 1278.8
1159380 1276.8
1159390 1270.9
1159400 1270.9
1159410 1266.3
1159420 1260.6
1159430 1260.6
1159440 1256.4
1159450 1253.9
1159460 1253.9
1159470 1252.7
1159480 1250.8
1159490 1250.8
1159500 1247.3
1159510 1244.0
1159520 1244.0
1159530 1242.0
1159540 1240.0
1159550 1240.0
1159560 1237.9
1159570 1236.5
1159580 1235.9
1159590 1235.9
1159600 1235.4
1159610 1234.7
1159620 1234.7
1159630 1233.8
1159640 1232.5
1159650 1232.5
1159660 1230.6
1159670 1228.6
1159680 1228.6
1159690 1226.5
1159700 1224.2
1159710 1224.2
1159720 1221.7
1159730 1217.7
1159740 1217.7
1159750 1214.8
1159760 1213.7
1159770 1213.7
1159780 1207.0
1159790 1204.0
1159800 1199.3
1159810 1199.3
1159820 1193.2
1159830 1187.7
1159840 1187.7
1159850 1188.7
1159860 1192.4
1159870 1192.4
1159880 1193.0
1159890 1193.3
1159900 1193.3
1159910 1194.4
1159920 1195.4
1159930 1195.4
1159940 1195.9
1159950 1196.1
1159960 1196.1
1159970 1195.9
1159980 1195.2
1159990 1195.2
