1140000 2847.3
1140010 2847.3
1140020 2840.9
1140030 2835.1
1140040 2835.1
1140050 2830.3
1140060 2824.5
1140070 2824.5
1140080 2821.3
1140090 2820.1
1140100 2818.7
1140110 2818.7
1140120 2814.9
1140130 2809.9
1140140 2809.9
1140150 2806.4
1140160 2803.3
1140170 2803.3
1140180 2801.0
1140190 2797.1
1140200 2797.1
1140210 2784.4
1140220 2769.5
1140230 2769.5
1140240 2766.0
1140250 2758.0
1140260 2758.0
1140270 2743.9
1140280 2731.0
1140290 2731.0
1140300 2721.1
1140310 2713.6
1140320 2713.6
1140330 2707.0
1140340 2699.9
1140350 2692.1
1140360 2692.1
1140370 2684.4
1140380 2677.9
1140390 2677.9
1140400 2672.7
1140410 2667.3
1140420 2667.3
1140430 2661.3
1140440 2656.3
1140450 2656.3
1140460 2654.0
1140470 2647.6
1140480 2647.6
1140490 2640.5
1140500 2636.9
1140510 2636.9
1140520 2633.9
1140530 2631.7
1140540 2631.7
1140550 2633.5
1140560 2634.8
1140570 2634.5
1140580 2634.5
1140590 2633.2
1140600 2631.8
1140610 2629.3
1140620 2624.9
1140630 2618.0
1140640 2618.0
1140650 2614.7
1140660 2614.1
1140670 2614.1
1140680 2614.7
1140690 2616.8
1140700 2616.8
1140710 2618.1
1140720 2617.3
1140730 2617.3
1140740 2616.2
1140750 2617.6
1140760 2617.6
1140770 2616.5
1140780 2614.1
1140790 2612.7
1140800 2612.7
1140810 2610.0
1140820 2609.1
1140830 2609.1
1140840 2609.9
1140850 2610.9
1140860 2610.9
1140870 2609.9
1140880 2610.6
1140890 2610.6
1140900 2612.5
1140910 2613.5
1140920 2613.5
1140930 2615.6
1140940 2618.3
1140950 2618.3
1140960 2620.5
1140970 2619.4
1140980 2619.4
1140990 2619.4
1141000 2618.2
1141010 2618.5
1141020 2618.5
1141030 2617.9
1141040 2615.5
1141050 2615.5
1141060 2614.8
1141070 2615.7
1141080 2615.7
1141090 2618.0
1141100 2617.5
1141110 2617.5
1141120 2610.5
1141130 2598.8
1141140 2598.8
1141150 2586.6
1141160 2576.3
1141170 2576.3
1141180 2568.1
1141190 2558.1
1141200 2558.1
1141210 2546.2
1141220 2535.6
1141230 2525.1
1141240 2525.1
1141250 2515.7
1141260 2505.8
1141270 2505.8
1141280 2498.6
1141290 2494.7
1141300 2494.7
1141310 2489.3
1141320 2482.7
1141330 2482.7
1141340 2491.9
1141350 2486.4
1141360 2486.4
1141370 2475.8
1141380 2466.4
1141390 2466.4
1141400 2457.7
1141410 2449.7
1141420 2449.7
1141430 2442.6
1141440 2436.6
1141450 2436.6
1141460 2430.7
1141470 2425.6
1141480 2420.6
1141490 2420.6
1141500 2415.5
1141510 2410.3
1141520 2410.3
1141530 2404.9
1141540 2399.8
1141550 2399.8
1141560 2394.4
1141570 2388.8
1141580 2388.8
1141590 2383.7
1141600 2378.9
1141610 2378.9
1141620 2374.4
1141630 2370.7
1141640 2370.7
1141650 2367.2
1141660 2363.8
1141670 2363.8
1141680 2359.9
1141690 2355.0
1141700 2349.0
1141710 2348.3
1141720 2343.3
1141730 2338.0
1141740 2338.0
1141750 2332.0
1141760 2327.0
1141770 2327.0
1141780 2323.5
1141790 2320.2
1141800 2320.2
1141810 2316.4
1141820 2313.1
1141830 2313.1
1141840 2308.1
1141850 2301.4
1141860 2301.4
1141870 2294.7
1141880 2287.8
1141890 2287.8
1141900 2281.0
1141910 2274.9
1141920 2269.9
1141930 2269.9
1141940 2264.9
1141950 2259.7
1141960 2259.7
1141970 2255.8
1141980 2251.3
1141990 2251.3
1142000 2245.8
1142010 2240.2
1142020 2240.2
1142030 2235.3
1142040 2231.4
1142050 2231.4
1142060 2226.8
1142070 2219.7
1142080 2217.7
1142090 2210.5
1142100 2202.7
1142110 2202.7
1142120 2195.1
1142130 2188.6
1142140 2178.0
1142150 2178.0
1142160 2171.1
1142170 2165.7
1142180 2165.7
1142190 2161.2
1142200 2157.6
1142210 2157.6
1142220 2153.7
1142230 2137.0
1142240 2137.0
1142250 2119.2
1142260 2111.0
1142270 2111.0
1142280 2104.0
1142290 2097.1
1142300 2097.1
1142310 2090.5
1142320 2083.4
1142330 2083.4
1142340 2076.3
1142350 2069.0
1142360 2062.2
1142370 2062.2
1142380 2056.5
1142390 2051.2
1142400 2051.2
1142410 2046.2
1142420 2041.1
1142430 2041.1
1142440 2037.0
1142450 2031.7
1142460 2031.7
1142470 2030.0
1142480 2027.8
1142490 2027.8
1142500 2022.6
1142510 2016.6
1142520 2016.6
1142530 2011.3
1142540 2003.1
1142550 2003.1
1142560 1992.7
1142570 1985.1
1142580 1980.6
1142590 1980.6
1142600 1976.5
1142610 1971.7
1142620 1971.7
1142630 1966.6
1142640 1954.9
1142650 1954.9
1142660 1939.1
1142670 1927.7
1142680 1927.7
1142690 1920.0
1142700 1913.5
1142710 1913.5
1142720 1907.2
1142730 1901.2
1142740 1901.2
1142750 1897.5
1142760 1893.7
1142770 1893.7
1142780 1887.8
1142790 1881.2
1142800 1877.5
1142810 1877.5
1142820 1883.7
1142830 1889.1
1142840 1889.1
1142850 1888.7
1142860 1888.0
1142870 1888.0
1142880 1888.8
1142890 1891.0
1142900 1891.0
1142910 1894.9
1142920 1899.7
1142930 1899.7
1142940 1903.4
1142950 1907.6
1142960 1907.6
1142970 1911.3
1142980 1915.0
1142990 1915.0
1143000 1919.1
1143010 1922.7
1143020 1922.7
1143030 1926.6
1143040 1930.6
1143050 1935.3
1143060 1935.3
1143070 1940.7
1143080 1946.0
1143090 1946.0
1143100 1950.6
1143110 1955.6
1143120 1955.6
1143130 1962.0
1143140 1969.6
1143150 1969.6
1143160 1977.2
1143170 1984.2
1143180 1984.2
1143190 1991.4
1143200 2002.6
1143210 2002.6
1143220 2010.4
1143230 2018.5
1143240 2018.5
1143250 2027.0
1143260 2034.7
1143270 2041.6
1143280 2041.6
1143290 2048.6
1143300 2055.7
1143310 2055.7
1143320 2061.9
1143330 2067.4
1143340 2067.4
1143350 2074.3
1143360 2081.9
1143370 2081.9
1143380 2088.1
1143390 2092.6
1143400 2092.6
1143410 2097.1
1143420 2105.5
1143430 2105.5
1143440 2114.9
1143450 2123.9
1143460 2123.9
1143470 2132.5
1143480 2137.6
1143490 2141.0
1143500 2141.0
1143510 2145.4
1143520 2150.9
1143530 2150.9
1143540 2157.1
1143550 2160.7
1143560 2160.7
1143570 2185.1
1143580 2187.2
1143590 2187.2
1143600 2188.4
1143610 2192.9
1143620 2192.9
1143630 2193.7
1143640 2190.9
1143650 2190.9
1143660 2192.1
1143670 2198.7
1143680 2198.7
1143690 2205.5
1143700 2210.4
1143710 2213.8
1143720 2213.8
1143730 2216.4
1143740 2219.7
1143750 2219.7
1143760 2223.5
1143770 2226.7
1143780 2226.7
1143790 2229.2
1143800 2231.3
1143810 2231.3
1143820 2234.3
1143830 2235.5
1143840 2235.5
1143850 2237.7
1143860 2240.9
1143870 2240.9
1143880 2245.2
1143890 2249.9
1143900 2249.9
1143910 2254.3
1143920 2258.8
1143930 2262.8
1143940 2263.8
1143950 2267.2
1143960 2269.8
1143970 2269.8
1143980 2271.6
1143990 2272.7
1144000 2272.7
1144010 2272.9
1144020 2272.2
1144030 2272.2
1144040 2274.0
1144050 2276.8
1144060 2276.8
1144070 2279.1
1144080 2281.1
1144090 2281.1
1144100 2284.2
1144110 2287.2
1144120 2287.2
1144130 2292.6
1144140 2298.8
1144150 2306.1
1144160 2306.1
1144170 2313.2
1144180 2318.9
1144190 2318.9
1144200 2322.7
1144210 2324.8
1144220 2324.8
1144230 2326.8
1144240 2328.9
1144250 2328.9
1144260 2330.6
1144270 2331.9
1144280 2331.9
1144290 2333.5
1144300 2337.0
1144310 2338.3
1144320 2342.2
1144330 2347.1
1144340 2347.1
1144350 2352.9
1144360 2359.6
1144370 2359.6
1144380 2367.2
1144390 2375.0
1144400 2382.7
1144410 2382.7
1144420 2390.9
1144430 2398.8
1144440 2398.8
1144450 2406.4
1144460 2414.0
1144470 2414.0
1144480 2421.4
1144490 2428.8
1144500 2428.8
1144510 2435.3
1144520 2439.2
1144530 2439.2
1144540 2443.2
1144550 2448.3
1144560 2448.3
1144570 2453.3
1144580 2456.4
1144590 2456.4
1144600 2457.5
1144610 2458.5
1144620 2459.1
1144630 2459.1
1144640 2458.8
1144650 2458.5
1144660 2458.5
1144670 2458.4
1144680 2458.7
1144690 2457.7
1144700 2457.8
1144710 2457.3
1144720 2457.3
1144730 2457.2
1144740 2460.1
1144750 2460.1
1144760 2463.7
1144770 2466.6
1144780 2466.6
1144790 2468.9
1144800 2470.8
1144810 2470.8
1144820 2472.1
1144830 2472.6
1144840 2472.2
1144850 2472.2
1144860 2472.0
1144870 2472.0
1144880 2472.0
1144890 2473.3
1144900 2477.1
1144910 2477.1
1144920 2481.6
1144930 2486.6
1144940 2486.6
1144950 2491.8
1144960 2497.2
1144970 2497.2
1144980 2503.1
1144990 2508.7
1145000 2508.7
1145010 2514.2
1145020 2519.2
1145030 2519.2
1145040 2523.9
1145050 2533.2
1145060 2538.4
1145070 2538.4
1145080 2545.9
1145090 2551.8
1145100 2551.8
1145110 2563.4
1145120 2572.0
1145130 2572.0
1145140 2583.4
1145150 2593.2
1145160 2593.2
1145170 2605.4
1145180 2614.5
1145190 2614.5
1145200 2626.6
1145210 2646.2
1145220 2646.2
1145230 2661.1
1145240 2674.5
1145250 2674.5
1145260 2685.0
1145270 2695.7
1145280 2705.5
1145290 2705.5
1145300 2717.7
1145310 2727.0
1145320 2727.0
1145330 2725.3
1145340 2720.0
1145350 2720.0
1145360 2724.4
1145370 2731.5
1145380 2731.5
1145390 2735.3
1145400 2740.2
1145410 2740.2
1145420 2747.4
1145430 2742.1
1145440 2742.1
1145450 2750.6
1145460 2760.9
1145470 2760.9
1145480 2768.3
1145490 2766.9
1145500 2759.9
1145510 2759.9
1145520 2763.1
1145530 2760.3
1145540 2760.3
1145550 2758.2
1145560 2755.6
1145570 2755.6
1145580 2751.1
1145590 2749.4
1145600 2749.4
1145610 2745.8
1145620 2743.6
1145630 2743.6
1145640 2741.5
1145650 2740.6
1145660 2740.6
1145670 2740.9
1145680 2745.3
1145690 2745.3
1145700 2751.4
1145710 2752.1
1145720 2752.1
1145730 2755.0
1145740 2752.2
1145750 2747.2
1145760 2747.2
1145770 2745.1
1145780 2744.6
1145790 2744.6
1145800 2744.6
1145810 2739.2
1145820 2739.2
1145830 2742.7
1145840 2745.6
1145850 2745.6
1145860 2748.5
1145870 2752.7
1145880 2752.7
1145890 2757.7
1145900 2762.0
1145910 2762.0
1145920 2766.8
1145930 2776.6
1145940 2776.6
1145950 2784.8
1145960 2785.2
1145970 2785.2
1145980 2785.2
1145990 2786.8
1146000 2791.2
1146010 2791.2
1146020 2797.3
1146030 2804.5
1146040 2804.5
1146050 2812.9
1146060 2823.2
1146070 2823.2
1146080 2831.9
1146090 2840.2
1146100 2840.2
1146110 2848.5
1146120 2858.9
1146130 2858.9
1146140 2872.9
1146150 2885.3
1146160 2885.3
1146170 2893.1
1146180 2890.5
1146190 2898.2
1146200 2898.2
1146210 2906.1
1146220 2915.4
1146230 2915.4
1146240 2925.1
1146250 2930.3
1146260 2930.3
1146270 2934.1
1146280 2938.1
1146290 2938.1
1146300 2941.7
1146310 2940.1
1146320 2940.1
1146330 2936.9
1146340 2934.5
1146350 2934.5
1146360 2931.9
1146370 2929.5
1146380 2929.5
1146390 2924.9
1146400 2919.9
1146410 2917.7
1146420 2917.7
1146430 2914.8
1146440 2916.8
1146450 2916.8
1146460 2915.6
1146470 2916.1
1146480 2916.1
1146490 2913.7
1146500 2899.5
1146510 2899.5
1146520 2882.8
1146530 2873.5
1146540 2873.5
1146550 2860.4
1146560 2843.6
1146570 2843.6
1146580 2834.3
1146590 2825.5
1146600 2825.5
1146610 2820.1
1146620 2816.5
1146630 2814.6
1146640 2814.6
1146650 2812.3
1146660 2809.9
1146670 2809.9
1146680 2803.4
1146690 2795.3
1146700 2795.3
1146710 2789.3
1146720 2784.4
1146730 2784.4
1146740 2779.6
1146750 2774.5
1146760 2774.5
1146770 2768.9
1146780 2764.5
1146790 2764.5
1146800 2762.9
1146810 2762.5
1146820 2762.5
1146830 2761.2
1146840 2756.7
1146850 2751.8
1146860 2751.8
1146870 2748.9
1146880 2744.7
1146890 2744.7
1146900 2739.3
1146910 2733.7
1146920 2733.7
1146930 2727.3
1146940 2724.7
1146950 2724.7
1146960 2721.7
1146970 2721.1
1146980 2721.1
1146990 2720.5
1147000 2720.1
1147010 2720.1
1147020 2721.7
1147030 2723.2
1147040 2723.2
1147050 2725.2
1147060 2726.4
1147070 2726.4
1147080 2727.2
1147090 2730.1
1147100 2734.1
1147110 2734.1
1147120 2737.6
1147130 2741.0
1147140 2741.0
1147150 2745.9
1147160 2751.0
1147170 2751.0
1147180 2756.1
1147190 2761.8
1147200 2761.8
1147210 2769.6
1147220 2778.1
1147230 2778.1
1147240 2785.7
1147250 2788.6
1147260 2788.6
1147270 2794.4
1147280 2801.4
1147290 2801.4
1147300 2804.2
1147310 2800.3
1147320 2798.5
1147330 2798.5
1147340 2797.4
1147350 2796.8
1147360 2796.8
1147370 2794.7
1147380 2793.8
1147390 2793.8
1147400 2793.5
1147410 2789.6
1147420 2789.6
1147430 2777.7
1147440 2763.4
1147450 2763.4
1147460 2754.7
1147470 2747.4
1147480 2747.4
1147490 2736.3
1147500 2725.4
1147510 2725.4
1147520 2714.8
1147530 2703.9
1147540 2696.1
1147550 2696.1
1147560 2686.1
1147570 2677.7
1147580 2677.7
1147590 2671.3
1147600 2664.6
1147610 2664.6
1147620 2657.9
1147630 2652.1
1147640 2652.1
1147650 2647.3
1147660 2643.5
1147670 2643.5
1147680 2633.7
1147690 2630.4
1147700 2630.4
1147710 2628.2
1147720 2626.5
1147730 2626.5
1147740 2625.0
1147750 2623.7
1147760 2622.6
1147770 2622.6
1147780 2621.2
1147790 2621.7
1147800 2621.7
1147810 2621.2
1147820 2620.3
1147830 2620.3
1147840 2622.0
1147850 2624.0
1147860 2624.0
1147870 2624.9
1147880 2626.0
1147890 2626.0
1147900 2627.7
1147910 2629.7
1147920 2629.7
1147930 2631.4
1147940 2634.6
1147950 2634.6
1147960 2639.0
1147970 2643.6
1147980 2649.6
1147990 2649.6
1148000 2656.4
1148010 2663.6
1148020 2663.6
1148030 2670.4
1148040 2680.3
1148050 2680.3
1148060 2688.3
1148070 2711.6
1148080 2711.6
1148090 2720.7
1148100 2723.0
1148110 2723.0
1148120 2725.7
1148130 2728.4
1148140 2728.4
1148150 2732.0
1148160 2734.7
1148170 2734.7
1148180 2729.6
1148190 2723.3
1148200 2722.2
1148210 2722.2
1148220 2719.4
1148230 2715.2
1148240 2715.2
1148250 2711.5
1148260 2710.5
1148270 2710.5
1148280 2703.8
1148290 2697.8
1148300 2697.8
1148310 2693.6
1148320 2688.8
1148330 2688.8
1148340 2685.9
1148350 2685.3
1148360 2685.3
1148370 2686.2
1148380 2686.1
1148390 2686.1
1148400 2689.0
1148410 2690.5
1148420 2690.5
1148430 2688.2
1148440 2680.2
1148450 2682.0
1148460 2682.0
1148470 2684.9
1148480 2689.3
1148490 2689.3
1148500 2693.3
1148510 2694.5
1148520 2694.5
1148530 2699.0
1148540 2705.6
1148550 2705.6
1148560 2709.4
1148570 2711.7
1148580 2711.7
1148590 2716.3
1148600 2721.1
1148610 2721.1
1148620 2725.2
1148630 2732.7
1148640 2732.7
1148650 2742.7
1148660 2751.7
1148670 2757.5
1148680 2757.5
1148690 2757.1
1148700 2757.0
1148710 2757.0
1148720 2759.6
1148730 2761.8
1148740 2761.8
1148750 2764.0
1148760 2767.8
1148770 2767.8
1148780 2769.6
1148790 2766.4
1148800 2766.4
1148810 2762.6
1148820 2753.6
1148830 2753.6
1148840 2752.5
1148850 2751.8
1148860 2751.8
1148870 2748.4
1148880 2741.5
1148890 2731.4
1148900 2731.4
1148910 2723.3
1148920 2714.9
1148930 2714.9
1148940 2709.3
1148950 2708.3
1148960 2708.3
1148970 2708.1
1148980 2703.5
1148990 2703.5
1149000 2698.4
1149010 2694.2
1149020 2694.2
1149030 2682.5
1149040 2666.4
1149050 2666.4
1149060 2651.7
1149070 2643.7
1149080 2643.7
1149090 2638.3
1149100 2633.8
1149110 2629.7
1149120 2629.7
1149130 2625.5
1149140 2621.2
1149150 2621.2
1149160 2616.8
1149170 2613.1
1149180 2613.1
1149190 2607.2
1149200 2607.8
1149210 2607.8
1149220 2610.0
1149230 2611.6
1149240 2611.6
1149250 2610.4
1149260 2608.7
1149270 2608.7
1149280 2610.0
1149290 2614.7
1149300 2614.7
1149310 2619.8
1149320 2624.9
1149330 2631.5
1149340 2631.5
1149350 2642.2
1149360 2652.4
1149370 2652.4
1149380 2661.6
1149390 2668.5
1149400 2668.5
1149410 2674.5
1149420 2679.8
1149430 2679.8
1149440 2690.3
1149450 2699.9
1149460 2699.9
1149470 2703.7
1149480 2703.7
1149490 2703.7
1149500 2697.3
1149510 2686.9
1149520 2686.9
1149530 2681.1
1149540 2673.2
1149550 2666.0
1149560 2666.0
1149570 2665.0
1149580 2657.6
1149590 2657.6
1149600 2652.2
1149610 2647.5
1149620 2647.5
1149630 2640.7
1149640 2631.7
1149650 2631.7
1149660 2622.5
1149670 2606.0
1149680 2606.0
1149690 2588.2
1149700 2576.5
1149710 2576.5
1149720 2561.2
1149730 2541.2
1149740 2541.2
1149750 2523.0
1149760 2506.1
1149770 2506.1
1149780 2495.4
1149790 2486.1
1149800 2476.0
1149810 2476.0
1149820 2466.0
1149830 2456.2
1149840 2456.2
1149850 2447.0
1149860 2436.9
1149870 2436.9
1149880 2429.5
1149890 2423.7
1149900 2423.7
1149910 2415.6
1149920 2405.4
1149930 2405.4
1149940 2393.9
1149950 2386.3
1149960 2386.3
1149970 2378.5
1149980 2372.0
1149990 2372.0
1150000 2365.7
1150010 2359.9
1150020 2354.3
1150030 2354.3
1150040 2348.8
1150050 2343.5
1150060 2343.5
1150070 2338.5
1150080 2333.9
1150090 2333.9
1150100 2329.8
1150110 2326.3
1150120 2326.3
1150130 2323.0
1150140 2318.4
1150150 2318.4
1150160 2314.0
1150170 2309.4
1150180 2309.4
1150190 2302.9
1150200 2296.2
1150210 2296.2
1150220 2290.5
1150230 2285.5
1150240 2281.6
1150250 2281.6
1150260 2277.7
1150270 2273.7
1150280 2273.7
1150290 2269.9
1150300 2266.2
1150310 2266.2
1150320 2262.4
1150330 2255.4
1150340 2255.4
1150350 2251.8
1150360 2249.3
1150370 2249.3
1150380 2248.5
1150390 2246.1
1150400 2246.1
1150410 2243.1
1150420 2241.6
1150430 2241.6
1150440 2242.0
1150450 2243.0
1150460 2244.5
1150470 2244.5
1150480 2246.7
1150490 2249.3
1150500 2249.3
1150510 2250.0
1150520 2248.6
1150530 2248.6
1150540 2244.8
1150550 2243.1
1150560 2243.1
1150570 2243.1
1150580 2244.1
1150590 2244.1
1150600 2243.6
1150610 2242.1
1150620 2242.1
1150630 2241.5
1150640 2242.4
1150650 2242.4
1150660 2245.3
1150670 2249.4
1150680 2253.3
1150690 2253.3
1150700 2258.3
1150710 2258.8
1150720 2258.8
1150730 2262.5
1150740 2265.6
1150750 2265.6
1150760 2267.3
1150770 2265.4
1150780 2265.4
1150790 2264.8
1150800 2267.2
1150810 2267.2
1150820 2271.2
1150830 2274.4
1150840 2274.4
1150850 2277.5
1150860 2281.9
1150870 2281.9
1150880 2286.4
1150890 2290.2
1150900 2293.3
1150910 2293.3
1150920 2295.8
1150930 2297.8
1150940 2297.8
1150950 2299.7
1150960 2302.0
1150970 2302.0
1150980 2303.8
1150990 2305.2
1151000 2305.2
1151010 2306.3
1151020 2307.3
1151030 2307.3
1151040 2308.1
1151050 2308.7
1151060 2308.7
1151070 2309.0
1151080 2309.4
1151090 2306.8
1151100 2306.9
1151110 2307.4
1151120 2307.8
1151130 2307.8
1151140 2308.1
1151150 2308.8
1151160 2308.8
1151170 2309.3
1151180 2310.2
1151190 2310.2
1151200 2311.0
1151210 2312.3
1151220 2312.3
1151230 2313.4
1151240 2314.4
1151250 2314.4
1151260 2318.4
1151270 2319.9
1151280 2319.9
1151290 2323.2
1151300 2328.2
1151310 2328.2
1151320 2333.5
1151330 2339.4
1151340 2339.4
1151350 2345.3
1151360 2351.2
1151370 2356.1
1151380 2356.1
1151390 2360.6
1151400 2364.3
1151410 2364.3
1151420 2367.1
1151430 2368.9
1151440 2368.9
1151450 2369.7
1151460 2370.1
1151470 2364.6
1151480 2364.3
1151490 2364.1
1151500 2364.1
1151510 2364.3
1151520 2365.0
1151530 2365.0
1151540 2365.8
1151550 2366.5
1151560 2366.5
1151570 2367.3
1151580 2367.6
1151590 2368.4
1151600 2368.4
1151610 2369.0
1151620 2369.6
1151630 2369.6
1151640 2370.4
1151650 2371.2
1151660 2371.2
1151670 2371.3
1151680 2371.0
1151690 2371.0
1151700 2370.9
1151710 2370.4
1151720 2370.4
1151730 2369.5
1151740 2368.4
1151750 2368.4
1151760 2367.5
1151770 2367.6
1151780 2367.6
1151790 2366.6
1151800 2364.7
1151810 2362.2
1151820 2362.2
1151830 2359.6
1151840 2357.1
1151850 2355.6
1151860 2352.3
1151870 2348.7
1151880 2348.7
1151890 2345.7
1151900 2341.4
1151910 2341.4
1151920 2336.3
1151930 2329.1
1151940 2329.1
1151950 2322.7
1151960 2315.4
1151970 2315.4
1151980 2307.6
1151990 2301.1
1152000 2301.1
1152010 2294.9
1152020 2288.3
1152030 2280.9
1152040 2280.9
1152050 2274.4
1152060 2266.6
1152070 2266.6
1152080 2258.6
1152090 2253.6
1152100 2253.6
1152110 2247.2
1152120 2239.1
1152130 2239.1
1152140 2231.0
1152150 2224.0
1152160 2224.0
1152170 2217.3
1152180 2210.6
1152190 2210.6
1152200 2204.6
1152210 2201.3
1152220 2201.3
1152230 2199.4
1152240 2196.6
1152250 2194.4
1152260 2194.4
1152270 2192.8
1152280 2190.7
1152290 2190.7
1152300 2187.3
1152310 2184.1
1152320 2184.1
1152330 2180.6
1152340 2174.1
1152350 2174.1
1152360 2168.1
1152370 2163.0
1152380 2163.0
1152390 2158.2
1152400 2153.4
1152410 2153.4
1152420 2147.7
1152430 2143.0
1152440 2143.0
1152450 2139.0
1152460 2134.7
1152470 2130.7
1152480 2130.7
1152490 2126.2
1152500 2122.0
1152510 2122.0
1152520 2117.6
1152530 2112.8
1152540 2112.8
1152550 2109.7
1152560 2108.4
1152570 2108.4
1152580 2106.0
1152590 2102.8
1152600 2102.8
1152610 2099.5
1152620 2097.1
1152630 2097.1
1152640 2094.1
1152650 2091.8
1152660 2091.8
1152670 2090.0
1152680 2088.0
1152690 2088.0
1152700 2086.6
1152710 2084.1
1152720 2078.7
1152730 2078.7
1152740 2073.5
1152750 2068.7
1152760 2068.7
1152770 2063.9
1152780 2058.1
1152790 2058.1
1152800 2054.7
1152810 2051.3
1152820 2051.3
1152830 2048.2
1152840 2045.2
1152850 2045.2
1152860 2042.7
1152870 2040.2
1152880 2040.2
1152890 2036.5
1152900 2033.3
1152910 2033.3
1152920 2029.3
1152930 2025.4
1152940 2021.5
1152950 2021.5
1152960 2017.5
1152970 2013.0
1152980 2013.0
1152990 2008.6
1153000 2005.6
1153010 2005.6
1153020 2001.5
1153030 1997.2
1153040 1997.2
1153050 1992.7
1153060 1988.3
1153070 1988.3
1153080 1983.7
1153090 1978.6
1153100 1978.6
1153110 1973.1
1153120 1967.7
1153130 1967.7
1153140 1963.3
1153150 1959.6
1153160 1956.2
1153170 1956.2
1153180 1952.3
1153190 1947.6
1153200 1947.6
1153210 1943.1
1153220 1939.2
1153230 1939.2
1153240 1935.4
1153250 1931.6
1153260 1931.6
1153270 1928.2
1153280 1924.8
1153290 1924.8
1153300 1921.4
1153310 1918.3
1153320 1918.3
1153330 1915.9
1153340 1913.9
1153350 1913.9
1153360 1912.1
1153370 1910.3
1153380 1907.3
1153390 1907.3
1153400 1905.3
1153410 1904.4
1153420 1904.4
1153430 1903.6
1153440 1902.7
1153450 1902.7
1153460 1902.1
1153470 1902.0
1153480 1902.0
1153490 1901.3
1153500 1900.5
1153510 1900.5
1153520 1901.7
1153530 1903.4
1153540 1903.4
1153550 1903.6
1153560 1902.1
1153570 1902.1
1153580 1898.6
1153590 1895.8
1153600 1893.4
1153610 1893.4
1153620 1890.7
1153630 1888.5
1153640 1888.5
1153650 1886.6
1153660 1885.1
1153670 1885.1
1153680 1883.5
1153690 1881.2
1153700 1881.2
1153710 1879.6
1153720 1878.7
1153730 1878.7
1153740 1877.6
1153750 1876.1
1153760 1873.4
1153770 1871.8
1153780 1871.7
1153790 1871.7
1153800 1871.8
1153810 1871.9
1153820 1872.6
1153830 1872.6
1153840 1873.0
1153850 1873.3
1153860 1873.3
1153870 1872.9
1153880 1872.3
1153890 1872.3
1153900 1871.8
1153910 1871.5
1153920 1871.5
1153930 1870.9
1153940 1867.9
1153950 1867.9
1153960 1864.1
1153970 1860.6
1153980 1860.6
1153990 1857.2
1154000 1854.1
1154010 1854.1
1154020 1851.5
1154030 1848.0
1154040 1840.4
1154050 1840.4
1154060 1832.3
1154070 1825.8
1154080 1825.8
1154090 1821.4
1154100 1817.0
1154110 1817.0
1154120 1813.8
1154130 1808.7
1154140 1808.7
1154150 1797.9
1154160 1793.5
1154170 1793.5
1154180 1788.7
1154190 1782.7
1154200 1782.7
1154210 1776.5
1154220 1768.2
1154230 1768.2
1154240 1765.4
1154250 1768.4
1154260 1768.4
1154270 1771.8
1154280 1774.9
1154290 1778.0
1154300 1778.0
1154310 1782.8
1154320 1788.5
1154330 1788.5
1154340 1793.8
1154350 1795.8
1154360 1795.8
1154370 1797.7
1154380 1798.9
1154390 1798.9
1154400 1799.9
1154410 1799.5
1154420 1799.5
1154430 1800.2
1154440 1802.6
1154450 1802.6
1154460 1805.4
1154470 1809.6
1154480 1809.6
1154490 1811.9
1154500 1813.4
1154510 1815.3
1154520 1815.3
1154530 1814.6
1154540 1818.8
1154550 1818.8
1154560 1822.5
1154570 1825.9
1154580 1825.9
1154590 1829.0
1154600 1831.2
1154610 1831.2
1154620 1830.9
1154630 1830.6
1154640 1830.6
1154650 1831.7
1154660 1833.2
1154670 1833.2
1154680 1835.3
1154690 1837.8
1154700 1837.8
1154710 1842.0
1154720 1846.3
1154730 1848.5
1154740 1848.5
1154750 1849.1
1154760 1848.9
1154770 1848.9
1154780 1848.5
1154790 1847.1
1154800 1847.1
1154810 1845.2
1154820 1845.4
1154830 1845.4
1154840 1847.8
1154850 1849.2
1154860 1849.2
1154870 1849.7
1154880 1850.4
1154890 1850.4
1154900 1850.8
1154910 1850.2
1154920 1846.0
1154930 1844.6
1154940 1844.3
1154950 1844.9
1154960 1844.9
1154970 1845.6
1154980 1845.7
1154990 1845.7
1155000 1846.7
1155010 1847.7
1155020 1847.7
1155030 1848.4
1155040 1849.7
1155050 1849.7
1155060 1849.3
1155070 1848.1
1155080 1848.1
1155090 1849.3
1155100 1851.8
1155110 1851.8
1155120 1855.2
1155130 1859.5
1155140 1859.5
1155150 1863.9
1155160 1868.2
1155170 1871.7
1155180 1871.7
1155190 1873.4
1155200 1875.3
1155210 1875.3
1155220 1878.0
1155230 1880.7
1155240 1880.7
1155250 1882.7
1155260 1884.1
1155270 1884.1
1155280 1887.2
1155290 1892.4
1155300 1885.7
1155310 1890.8
1155320 1895.8
1155330 1895.8
1155340 1898.5
1155350 1901.2
1155360 1901.2
1155370 1904.4
1155380 1905.8
1155390 1905.2
1155400 1905.2
1155410 1906.8
1155420 1909.8
1155430 1909.8
1155440 1913.3
1155450 1915.6
1155460 1915.6
1155470 1918.0
1155480 1921.3
1155490 1921.3
1155500 1924.8
1155510 1927.9
1155520 1927.9
1155530 1930.8
1155540 1933.4
1155550 1933.4
1155560 1935.3
1155570 1936.1
1155580 1936.1
1155590 1935.9
1155600 1933.2
1155610 1928.8
1155620 1928.8
1155630 1924.4
1155640 1917.9
1155650 1917.9
1155660 1913.4
1155670 1911.5
1155680 1911.5
1155690 1903.6
1155700 1899.5
1155710 1899.5
1155720 1895.6
1155730 1893.8
1155740 1893.8
1155750 1892.7
1155760 1891.5
1155770 1891.5
1155780 1884.2
1155790 1875.5
1155800 1875.5
1155810 1868.4
1155820 1863.1
1155830 1863.1
1155840 1859.2
1155850 1856.3
1155860 1854.2
1155870 1854.2
1155880 1848.8
1155890 1840.7
1155900 1840.7
1155910 1833.9
1155920 1825.8
1155930 1825.8
1155940 1821.8
1155950 1820.8
1155960 1820.8
1155970 1821.6
1155980 1824.7
1155990 1824.7
1156000 1827.3
1156010 1819.5
1156020 1819.5
1156030 1813.7
1156040 1810.3
1156050 1810.3
1156060 1801.9
1156070 1782.2
1156080 1776.6
1156090 1776.6
1156100 1774.3
1156110 1772.7
1156120 1772.7
1156130 1770.9
1156140 1769.7
1156150 1769.7
1156160 1769.1
1156170 1767.0
1156180 1767.0
1156190 1764.8
1156200 1762.0
1156210 1762.0
1156220 1759.8
1156230 1758.7
1156240 1758.7
1156250 1758.4
1156260 1757.4
1156270 1757.4
1156280 1754.5
1156290 1752.8
1156300 1753.1
1156310 1753.1
1156320 1753.6
1156330 1754.3
1156340 1754.3
1156350 1754.6
1156360 1754.5
1156370 1754.5
1156380 1755.0
1156390 1754.7
1156400 1754.7
1156410 1753.9
1156420 1752.6
1156430 1752.6
1156440 1750.0
1156450 1748.7
1156460 1742.6
1156470 1742.6
1156480 1741.5
1156490 1741.5
1156500 1740.5
1156510 1740.2
1156520 1738.1
1156530 1738.1
1156540 1736.4
1156550 1736.8
1156560 1736.8
1156570 1735.5
1156580 1734.3
1156590 1734.3
1156600 1733.8
1156610 1732.2
1156620 1732.2
1156630 1728.9
1156640 1726.2
1156650 1726.2
1156660 1725.2
1156670 1726.0
1156680 1726.0
1156690 1726.1
1156700 1722.9
1156710 1722.9
1156720 1717.5
1156730 1712.0
1156740 1706.7
1156750 1706.7
1156760 1700.6
1156770 1693.5
1156780 1693.5
1156790 1686.3
1156800 1679.1
1156810 1679.1
1156820 1671.9
1156830 1663.9
1156840 1663.9
1156850 1657.8
1156860 1661.3
1156870 1661.3
1156880 1665.1
1156890 1669.0
1156900 1669.0
1156910 1672.8
1156920 1676.5
1156930 1676.5
1156940 1679.9
1156950 1680.1
1156960 1675.8
1156970 1675.8
1156980 1668.9
1156990 1662.1
1157000 1662.1
1157010 1656.1
1157020 1650.5
1157030 1650.5
1157040 1644.4
1157050 1638.4
1157060 1638.4
1157070 1633.7
1157080 1629.4
1157090 1629.4
1157100 1625.0
1157110 1621.2
1157120 1621.2
1157130 1617.5
1157140 1614.0
1157150 1614.0
1157160 1609.0
1157170 1608.1
1157180 1608.1
1157190 1608.2
1157200 1606.5
1157210 1604.2
1157220 1604.2
1157230 1597.6
1157240 1596.1
1157250 1596.1
1157260 1595.4
1157270 1593.2
1157280 1593.2
1157290 1592.0
1157300 1592.4
1157310 1592.4
1157320 1592.6
1157330 1592.8
1157340 1592.8
1157350 1592.0
1157360 1591.8
1157370 1591.8
1157380 1592.2
1157390 1594.6
1157400 1594.6
1157410 1596.8
1157420 1598.6
1157430 1600.5
1157440 1600.5
1157450 1599.8
1157460 1594.9
1157470 1594.9
1157480 1592.1
1157490 1592.7
1157500 1592.7
1157510 1591.3
1157520 1588.9
1157530 1588.9
1157540 1587.7
1157550 1585.8
1157560 1585.8
1157570 1580.9
1157580 1576.1
1157590 1576.1
1157600 1574.1
1157610 1572.5
1157620 1567.6
1157630 1566.6
1157640 1565.8
1157650 1563.7
1157660 1563.7
1157670 1559.9
1157680 1554.2
1157690 1554.2
1157700 1549.2
1157710 1547.0
1157720 1547.0
1157730 1549.7
1157740 1554.6
1157750 1554.6
1157760 1558.7
1157770 1556.5
1157780 1556.5
1157790 1552.0
1157800 1551.5
1157810 1551.5
1157820 1553.6
1157830 1555.0
1157840 1555.0
1157850 1554.7
1157860 1552.9
1157870 1552.2
1157880 1552.2
1157890 1552.3
1157900 1551.6
1157910 1551.6
1157920 1547.9
1157930 1542.9
1157940 1542.9
1157950 1537.6
1157960 1531.3
1157970 1531.3
1157980 1523.8
1157990 1517.5
1158000 1517.5
1158010 1505.1
1158020 1511.3
1158030 1511.3
1158040 1520.5
1158050 1530.2
1158060 1530.2
1158070 1538.1
1158080 1542.6
1158090 1544.4
1158100 1544.4
1158110 1543.0
1158120 1541.5
1158130 1541.5
1158140 1540.8
1158150 1540.4
1158160 1540.4
1158170 1538.6
1158180 1537.3
1158190 1537.3
1158200 1537.2
1158210 1537.7
1158220 1537.7
1158230 1534.4
1158240 1529.5
1158250 1529.5
1158260 1526.1
1158270 1529.8
1158280 1529.8
1158290 1534.0
1158300 1535.3
1158310 1536.5
1158320 1536.5
1158330 1537.8
1158340 1539.3
1158350 1539.3
1158360 1542.8
1158370 1546.0
1158380 1546.0
1158390 1548.6
1158400 1541.7
1158410 1541.7
1158420 1541.8
1158430 1541.7
1158440 1541.7
1158450 1541.1
1158460 1541.9
1158470 1541.9
1158480 1545.1
1158490 1549.6
1158500 1549.6
1158510 1551.6
1158520 1551.4
1158530 1554.3
1158540 1554.3
1158550 1555.0
1158560 1554.9
1158570 1554.9
1158580 1555.7
1158590 1556.8
1158600 1556.8
1158610 1556.5
1158620 1557.3
1158630 1557.3
1158640 1559.3
1158650 1561.6
1158660 1561.6
1158670 1563.0
1158680 1563.6
1158690 1563.6
1158700 1564.3
1158710 1565.4
1158720 1565.4
1158730 1566.9
1158740 1568.4
1158750 1568.4
1158760 1568.9
1158770 1569.4
1158780 1570.6
1158790 1567.0
1158800 1567.6
1158810 1567.9
1158820 1567.9
1158830 1567.2
1158840 1565.5
1158850 1565.5
1158860 1565.3
1158870 1566.1
1158880 1566.1
1158890 1565.8
1158900 1565.0
1158910 1565.0
1158920 1564.5
1158930 1563.7
1158940 1563.7
1158950 1563.1
1158960 1562.0
1158970 1562.0
1158980 1560.3
1158990 1558.0
1159000 1555.7
1159010 1555.7
1159020 1553.7
1159030 1552.0
1159040 1552.0
1159050 1549.7
1159060 1546.7
1159070 1546.7
1159080 1543.8
1159090 1540.7
1159100 1540.7
1159110 1537.5
1159120 1534.8
1159130 1534.8
1159140 1532.3
1159150 1530.0
1159160 1530.0
1159170 1528.0
1159180 1521.1
1159190 1521.1
1159200 1520.0
1159210 1518.8
1159220 1517.8
1159230 1517.8
1159240 1517.0
1159250 1515.9
1159260 1515.9
1159270 1514.6
1159280 1512.9
1159290 1512.9
1159300 1511.8
1159310 1511.6
1159320 1511.6
1159330 1512.2
1159340 1511.8
1159350 1511.8
1159360 1511.5
1159370 1510.8
1159380 1510.8
1159390 1508.4
1159400 1504.3
1159410 1504.3
1159420 1501.1
1159430 1498.8
1159440 1497.9
1159450 1497.9
1159460 1496.8
1159470 1495.0
1159480 1495.0
1159490 1492.8
1159500 1490.0
1159510 1490.0
1159520 1490.1
1159530 1487.6
1159540 1487.6
1159550 1485.0
1159560 1482.8
1159570 1479.5
1159580 1478.4
1159590 1479.6
1159600 1479.6
1159610 1480.5
1159620 1479.7
1159630 1479.7
1159640 1473.9
1159650 1473.8
1159660 1477.3
1159670 1477.3
1159680 1478.5
1159690 1479.4
1159700 1479.4
1159710 1479.7
1159720 1480.5
1159730 1480.5
1159740 1481.7
1159750 1481.7
1159760 1481.7
1159770 1479.6
1159780 1476.6
1159790 1476.6
1159800 1472.4
1159810 1468.5
1159820 1468.5
1159830 1464.1
1159840 1461.7
1159850 1461.7
1159860 1457.8
1159870 1455.2
1159880 1452.9
1159890 1452.9
1159900 1451.3
1159910 1447.0
1159920 1447.0
1159930 1441.6
1159940 1440.2
1159950 1440.2
1159960 1431.2
1159970 1428.3
1159980 1428.3
1159990 1428.9
