1140000 2841.1
1140010 2841.1
1140020 2834.5
1140030 2828.7
1140040 2828.7
1140050 2824.9
1140060 2820.9
1140070 2820.9
1140080 2816.3
1140090 2811.1
1140100 2811.1
1140110 2803.2
1140120 2798.7
1140130 2798.7
1140140 2796.5
1140150 2793.6
1140160 2793.6
1140170 2792.6
1140180 2792.7
1140190 2792.7
1140200 2791.7
1140210 2789.1
1140220 2786.7
1140230 2786.7
1140240 2783.6
1140250 2781.3
1140260 2781.3
1140270 2777.6
1140280 2769.6
1140290 2769.6
1140300 2755.8
1140310 2744.7
1140320 2744.7
1140330 2738.2
1140340 2733.1
1140350 2733.1
1140360 2728.0
1140370 2714.2
1140380 2714.2
1140390 2700.6
1140400 2690.7
1140410 2690.7
1140420 2684.0
1140430 2673.7
1140440 2662.1
1140450 2662.1
1140460 2653.7
1140470 2647.1
1140480 2647.1
1140490 2641.8
1140500 2638.0
1140510 2638.0
1140520 2633.1
1140530 2628.2
1140540 2628.2
1140550 2623.7
1140560 2621.5
1140570 2621.5
1140580 2620.7
1140590 2619.7
1140600 2619.7
1140610 2617.5
1140620 2615.6
1140630 2615.6
1140640 2614.9
1140650 2613.8
1140660 2611.6
1140670 2611.6
1140680 2610.7
1140690 2611.7
1140700 2611.7
1140710 2613.3
1140720 2613.0
1140730 2613.0
1140740 2609.7
1140750 2607.5
1140760 2607.5
1140770 2607.5
1140780 2606.4
1140790 2606.4
1140800 2605.1
1140810 2604.4
1140820 2604.4
1140830 2603.1
1140840 2601.9
1140850 2601.9
1140860 2602.1
1140870 2602.1
1140880 2602.1
1140890 2601.5
1140900 2599.8
1140910 2598.7
1140920 2598.7
1140930 2598.5
1140940 2600.5
1140950 2598.7
1140960 2604.9
1140970 2610.8
1140980 2610.8
1140990 2613.0
1141000 2611.7
1141010 2611.7
1141020 2610.6
1141030 2611.2
1141040 2611.2
1141050 2612.1
1141060 2611.4
1141070 2611.4
1141080 2610.4
1141090 2609.9
1141100 2609.9
1141110 2609.8
1141120 2610.2
1141130 2609.4
1141140 2609.4
1141150 2609.4
1141160 2607.3
1141170 2607.3
1141180 2600.6
1141190 2591.7
1141200 2591.7
1141210 2579.6
1141220 2568.4
1141230 2568.4
1141240 2558.3
1141250 2550.4
1141260 2550.4
1141270 2546.2
1141280 2541.5
1141290 2541.5
1141300 2532.9
1141310 2519.5
1141320 2522.4
1141330 2506.4
1141340 2495.7
1141350 2485.3
1141360 2485.3
1141370 2475.1
1141380 2465.0
1141390 2465.0
1141400 2454.0
1141410 2446.9
1141420 2446.9
1141430 2439.8
1141440 2433.0
1141450 2433.0
1141460 2426.5
1141470 2420.6
1141480 2420.6
1141490 2414.8
1141500 2408.5
1141510 2408.5
1141520 2402.0
1141530 2396.1
1141540 2396.1
1141550 2390.5
1141560 2385.1
1141570 2380.1
1141580 2380.1
1141590 2375.8
1141600 2371.9
1141610 2371.9
1141620 2367.7
1141630 2363.3
1141640 2363.3
1141650 2359.0
1141660 2354.9
1141670 2354.9
1141680 2350.8
1141690 2345.7
1141700 2345.7
1141710 2341.7
1141720 2338.5
1141730 2338.5
1141740 2335.6
1141750 2332.5
1141760 2332.5
1141770 2327.6
1141780 2320.9
1141790 2314.0
1141800 2314.0
1141810 2307.7
1141820 2302.3
1141830 2302.3
1141840 2296.2
1141850 2290.5
1141860 2290.5
1141870 2285.8
1141880 2281.3
1141890 2281.3
1141900 2275.6
1141910 2269.6
1141920 2269.6
1141930 2262.0
1141940 2255.8
1141950 2255.8
1141960 2250.1
1141970 2243.8
1141980 2243.8
1141990 2237.3
1142000 2231.8
1142010 2227.4
1142020 2227.4
1142030 2222.5
1142040 2217.1
1142050 2217.1
1142060 2206.8
1142070 2200.1
1142080 2200.1
1142090 2192.7
1142100 2182.9
1142110 2182.9
1142120 2174.9
1142130 2165.1
1142140 2165.1
1142150 2157.2
1142160 2153.1
1142170 2153.1
1142180 2150.9
1142190 2148.3
1142200 2148.3
1142210 2144.5
1142220 2137.3
1142230 2137.3
1142240 2129.1
1142250 2120.8
1142260 2105.7
1142270 2105.7
1142280 2095.9
1142290 2088.4
1142300 2088.4
1142310 2081.5
1142320 2075.6
1142330 2075.6
1142340 2072.2
1142350 2068.2
1142360 2068.2
1142370 2062.1
1142380 2054.6
1142390 2054.6
1142400 2043.6
1142410 2035.5
1142420 2035.5
1142430 2028.5
1142440 2025.3
1142450 2025.3
1142460 2020.4
1142470 2018.0
1142480 2013.7
1142490 2013.7
1142500 2008.5
1142510 2001.0
1142520 2001.0
1142530 1992.6
1142540 1985.6
1142550 1985.6
1142560 1979.1
1142570 1971.2
1142580 1971.2
1142590 1962.8
1142600 1957.4
1142610 1957.4
1142620 1951.3
1142630 1943.9
1142640 1943.9
1142650 1937.2
1142660 1927.0
1142670 1927.0
1142680 1919.5
1142690 1912.1
1142700 1905.7
1142710 1905.7
1142720 1901.4
1142730 1898.8
1142740 1898.8
1142750 1896.9
1142760 1896.4
1142770 1896.4
1142780 1889.4
1142790 1882.6
1142800 1886.1
1142810 1887.3
1142820 1893.8
1142830 1893.8
1142840 1897.1
1142850 1899.0
1142860 1899.0
1142870 1901.8
1142880 1905.3
1142890 1905.3
1142900 1908.2
1142910 1908.9
1142920 1910.3
1142930 1910.3
1142940 1913.7
1142950 1918.3
1142960 1918.3
1142970 1922.7
1142980 1926.9
1142990 1926.9
1143000 1931.5
1143010 1935.7
1143020 1935.7
1143030 1940.5
1143040 1945.3
1143050 1945.3
1143060 1949.8
1143070 1954.0
1143080 1954.0
1143090 1958.5
1143100 1963.7
1143110 1963.7
1143120 1969.5
1143130 1976.1
1143140 1982.9
1143150 1982.9
1143160 1989.2
1143170 2000.4
1143180 2000.4
1143190 2006.3
1143200 2013.4
1143210 2013.4
1143220 2020.7
1143230 2028.0
1143240 2028.0
1143250 2035.8
1143260 2043.6
1143270 2043.6
1143280 2051.5
1143290 2059.3
1143300 2059.3
1143310 2069.9
1143320 2088.1
1143330 2088.1
1143340 2099.5
1143350 2107.9
1143360 2116.8
1143370 2116.8
1143380 2129.3
1143390 2141.4
1143400 2141.4
1143410 2148.4
1143420 2157.2
1143430 2157.2
1143440 2164.3
1143450 2167.1
1143460 2167.1
1143470 2173.0
1143480 2180.2
1143490 2180.2
1143500 2182.8
1143510 2178.9
1143520 2178.9
1143530 2180.6
1143540 2192.4
1143550 2192.4
1143560 2196.3
1143570 2195.2
1143580 2195.2
1143590 2195.3
1143600 2197.2
1143610 2198.6
1143620 2198.6
1143630 2198.0
1143640 2197.7
1143650 2197.7
1143660 2197.9
1143670 2198.5
1143680 2198.5
1143690 2199.6
1143700 2200.1
1143710 2200.1
1143720 2201.2
1143730 2203.4
1143740 2203.4
1143750 2206.5
1143760 2209.3
1143770 2209.3
1143780 2211.7
1143790 2212.6
1143800 2212.6
1143810 2213.3
1143820 2215.9
1143830 2221.0
1143840 2221.0
1143850 2227.3
1143860 2234.0
1143870 2234.0
1143880 2241.0
1143890 2248.3
1143900 2248.3
1143910 2258.9
1143920 2265.3
1143930 2265.3
1143940 2270.3
1143950 2274.2
1143960 2274.2
1143970 2277.5
1143980 2280.8
1143990 2280.8
1144000 2283.5
1144010 2284.6
1144020 2284.6
1144030 2285.7
1144040 2288.0
1144050 2290.7
1144060 2290.7
1144070 2295.7
1144080 2300.2
1144090 2300.2
1144100 2303.1
1144110 2306.8
1144120 2306.8
1144130 2312.2
1144140 2310.8
1144150 2310.8
1144160 2310.8
1144170 2312.4
1144180 2312.4
1144190 2314.9
1144200 2317.8
1144210 2317.8
1144220 2321.3
1144230 2325.3
1144240 2325.3
1144250 2330.8
1144260 2337.0
1144270 2343.1
1144280 2343.1
1144290 2347.9
1144300 2353.1
1144310 2353.1
1144320 2358.6
1144330 2363.1
1144340 2363.1
1144350 2367.8
1144360 2372.0
1144370 2372.0
1144380 2376.9
1144390 2383.3
1144400 2383.3
1144410 2390.0
1144420 2397.5
1144430 2397.5
1144440 2405.4
1144450 2413.4
1144460 2413.4
1144470 2419.6
1144480 2425.3
1144490 2430.9
1144500 2430.9
1144510 2436.0
1144520 2440.3
1144530 2440.3
1144540 2444.3
1144550 2449.5
1144560 2449.5
1144570 2453.5
1144580 2455.6
1144590 2455.6
1144600 2456.4
1144610 2456.0
1144620 2456.0
1144630 2455.1
1144640 2455.1
1144650 2455.1
1144660 2456.5
1144670 2456.0
1144680 2456.0
1144690 2454.2
1144700 2452.2
1144710 2451.6
1144720 2451.6
1144730 2450.5
1144740 2447.7
1144750 2447.7
1144760 2445.4
1144770 2445.0
1144780 2445.0
1144790 2445.2
1144800 2445.3
1144810 2445.3
1144820 2445.6
1144830 2446.7
1144840 2446.7
1144850 2448.1
1144860 2450.5
1144870 2450.5
1144880 2453.8
1144890 2457.2
1144900 2457.2
1144910 2461.2
1144920 2465.8
1144930 2465.8
1144940 2470.5
1144950 2475.3
1144960 2480.5
1144970 2480.5
1144980 2486.4
1144990 2492.8
1145000 2492.8
1145010 2499.5
1145020 2505.9
1145030 2501.6
1145040 2508.9
1145050 2518.0
1145060 2518.0
1145070 2530.8
1145080 2541.2
1145090 2541.2
1145100 2546.1
1145110 2563.2
1145120 2563.2
1145130 2577.9
1145140 2586.0
1145150 2586.0
1145160 2593.7
1145170 2603.5
1145180 2616.1
1145190 2616.1
1145200 2626.8
1145210 2634.0
1145220 2634.0
1145230 2642.3
1145240 2652.0
1145250 2652.0
1145260 2660.9
1145270 2668.5
1145280 2668.5
1145290 2672.1
1145300 2674.6
1145310 2674.6
1145320 2677.9
1145330 2682.4
1145340 2682.4
1145350 2687.9
1145360 2694.1
1145370 2694.1
1145380 2701.1
1145390 2704.1
1145400 2697.1
1145410 2697.1
1145420 2697.0
1145430 2697.9
1145440 2697.9
1145450 2700.4
1145460 2706.4
1145470 2706.4
1145480 2716.4
1145490 2724.2
1145500 2724.2
1145510 2721.5
1145520 2717.6
1145530 2717.6
1145540 2712.7
1145550 2708.6
1145560 2708.6
1145570 2705.4
1145580 2703.0
1145590 2703.0
1145600 2702.3
1145610 2702.3
1145620 2701.8
1145630 2701.8
1145640 2702.5
1145650 2703.6
1145660 2703.6
1145670 2704.8
1145680 2706.2
1145690 2706.2
1145700 2706.9
1145710 2707.1
1145720 2707.1
1145730 2709.0
1145740 2713.9
1145750 2713.9
1145760 2716.0
1145770 2716.5
1145780 2707.7
1145790 2706.5
1145800 2706.1
1145810 2706.1
1145820 2706.7
1145830 2708.2
1145840 2711.0
1145850 2711.0
1145860 2714.5
1145870 2718.3
1145880 2718.3
1145890 2724.0
1145900 2731.4
1145910 2731.4
1145920 2740.8
1145930 2746.3
1145940 2746.3
1145950 2750.5
1145960 2755.5
1145970 2755.5
1145980 2761.5
1145990 2768.1
1146000 2768.1
1146010 2774.9
1146020 2781.7
1146030 2781.7
1146040 2788.3
1146050 2796.5
1146060 2810.5
1146070 2810.5
1146080 2826.2
1146090 2844.6
1146100 2844.6
1146110 2854.9
1146120 2860.1
1146130 2860.1
1146140 2861.9
1146150 2867.2
1146160 2867.2
1146170 2879.4
1146180 2890.2
1146190 2890.2
1146200 2896.4
1146210 2902.6
1146220 2902.6
1146230 2909.1
1146240 2916.0
1146250 2916.0
1146260 2923.0
1146270 2929.7
1146280 2929.7
1146290 2936.3
1146300 2943.0
1146310 2945.0
1146320 2945.0
1146330 2938.1
1146340 2931.1
1146350 2931.1
1146360 2918.9
1146370 2914.0
1146380 2914.0
1146390 2906.9
1146400 2897.4
1146410 2897.4
1146420 2888.9
1146430 2883.1
1146440 2883.1
1146450 2880.7
1146460 2883.6
1146470 2883.6
1146480 2887.9
1146490 2886.3
1146500 2886.3
1146510 2877.8
1146520 2867.5
1146530 2848.0
1146540 2848.0
1146550 2833.8
1146560 2823.9
1146570 2823.9
1146580 2821.3
1146590 2816.6
1146600 2816.6
1146610 2808.1
1146620 2797.6
1146630 2797.6
1146640 2788.8
1146650 2780.4
1146660 2780.4
1146670 2775.2
1146680 2775.2
1146690 2775.2
1146700 2773.1
1146710 2766.2
1146720 2766.2
1146730 2754.9
1146740 2746.5
1146750 2742.2
1146760 2742.2
1146770 2738.3
1146780 2735.8
1146790 2735.8
1146800 2734.1
1146810 2731.6
1146820 2731.6
1146830 2727.6
1146840 2724.2
1146850 2724.2
1146860 2723.3
1146870 2724.1
1146880 2724.1
1146890 2724.8
1146900 2721.4
1146910 2721.4
1146920 2723.0
1146930 2719.1
1146940 2719.1
1146950 2715.1
1146960 2713.9
1146970 2713.3
1146980 2713.3
1146990 2712.5
1147000 2712.0
1147010 2712.0
1147020 2711.1
1147030 2711.3
1147040 2711.3
1147050 2712.7
1147060 2713.7
1147070 2713.7
1147080 2714.8
1147090 2715.7
1147100 2715.7
1147110 2716.5
1147120 2718.7
1147130 2718.7
1147140 2723.7
1147150 2727.9
1147160 2727.9
1147170 2731.9
1147180 2737.1
1147190 2743.1
1147200 2743.1
1147210 2747.9
1147220 2751.8
1147230 2751.8
1147240 2756.1
1147250 2761.3
1147260 2761.3
1147270 2768.6
1147280 2768.9
1147290 2768.9
1147300 2775.5
1147310 2784.2
1147320 2784.2
1147330 2789.4
1147340 2790.1
1147350 2790.1
1147360 2790.8
1147370 2790.8
1147380 2790.8
1147390 2791.1
1147400 2790.2
1147410 2788.6
1147420 2788.6
1147430 2779.9
1147440 2765.8
1147450 2765.8
1147460 2748.3
1147470 2730.5
1147480 2730.5
1147490 2715.2
1147500 2709.8
1147510 2709.8
1147520 2707.4
1147530 2701.6
1147540 2701.6
1147550 2686.2
1147560 2670.8
1147570 2670.8
1147580 2658.3
1147590 2649.0
1147600 2649.0
1147610 2644.4
1147620 2639.9
1147630 2634.7
1147640 2634.7
1147650 2629.8
1147660 2620.9
1147670 2620.9
1147680 2616.3
1147690 2612.0
1147700 2612.0
1147710 2608.1
1147720 2603.7
1147730 2603.7
1147740 2600.0
1147750 2598.0
1147760 2598.0
1147770 2597.2
1147780 2596.3
1147790 2596.3
1147800 2596.3
1147810 2596.0
1147820 2596.0
1147830 2596.5
1147840 2597.6
1147850 2597.6
1147860 2597.8
1147870 2598.4
1147880 2600.8
1147890 2600.8
1147900 2603.6
1147910 2606.2
1147920 2606.2
1147930 2610.3
1147940 2615.3
1147950 2615.3
1147960 2620.2
1147970 2624.7
1147980 2624.7
1147990 2629.3
1148000 2634.0
1148010 2634.0
1148020 2638.9
1148030 2637.3
1148040 2637.3
1148050 2642.8
1148060 2654.9
1148070 2654.9
1148080 2667.1
1148090 2674.6
1148100 2680.6
1148110 2680.6
1148120 2685.4
1148130 2691.7
1148140 2691.7
1148150 2700.3
1148160 2702.7
1148170 2702.7
1148180 2697.3
1148190 2692.1
1148200 2692.1
1148210 2688.0
1148220 2684.2
1148230 2684.2
1148240 2680.2
1148250 2677.3
1148260 2677.3
1148270 2674.1
1148280 2670.2
1148290 2670.2
1148300 2665.9
1148310 2663.1
1148320 2661.5
1148330 2661.5
1148340 2659.2
1148350 2656.8
1148360 2656.8
1148370 2654.6
1148380 2653.6
1148390 2653.6
1148400 2652.4
1148410 2645.1
1148420 2645.1
1148430 2646.8
1148440 2647.3
1148450 2647.3
1148460 2647.4
1148470 2649.3
1148480 2649.3
1148490 2652.8
1148500 2654.4
1148510 2654.4
1148520 2657.3
1148530 2661.5
1148540 2665.5
1148550 2665.5
1148560 2674.4
1148570 2683.0
1148580 2683.0
1148590 2686.6
1148600 2691.1
1148610 2691.1
1148620 2697.9
1148630 2705.6
1148640 2705.6
1148650 2708.7
1148660 2715.6
1148670 2715.6
1148680 2723.9
1148690 2725.8
1148700 2725.8
1148710 2727.2
1148720 2729.1
1148730 2729.1
1148740 2731.3
1148750 2734.2
1148760 2738.3
1148770 2738.3
1148780 2741.9
1148790 2740.7
1148800 2740.7
1148810 2739.7
1148820 2735.6
1148830 2735.6
1148840 2734.8
1148850 2731.3
1148860 2731.3
1148870 2725.8
1148880 2719.7
1148890 2719.7
1148900 2712.7
1148910 2705.2
1148920 2705.2
1148930 2696.4
1148940 2685.2
1148950 2685.2
1148960 2678.1
1148970 2675.6
1148980 2674.2
1148990 2674.2
1149000 2670.9
1149010 2665.6
1149020 2665.6
1149030 2659.0
1149040 2655.6
1149050 2655.6
1149060 2643.7
1149070 2630.2
1149080 2630.2
1149090 2618.2
1149100 2612.6
1149110 2612.6
1149120 2608.2
1149130 2604.9
1149140 2604.9
1149150 2602.1
1149160 2599.1
1149170 2594.4
1149180 2591.9
1149190 2590.7
1149200 2590.7
1149210 2592.4
1149220 2596.1
1149230 2596.8
1149240 2596.8
1149250 2596.4
1149260 2594.9
1149270 2594.9
1149280 2594.4
1149290 2595.5
1149300 2595.5
1149310 2597.9
1149320 2602.0
1149330 2602.0
1149340 2608.0
1149350 2614.8
1149360 2614.8
1149370 2622.3
1149380 2630.4
1149390 2630.4
1149400 2638.7
1149410 2646.2
1149420 2646.2
1149430 2654.8
1149440 2666.4
1149450 2677.6
1149460 2677.6
1149470 2688.8
1149480 2700.4
1149490 2700.4
1149500 2709.4
1149510 2710.4
1149520 2710.4
1149530 2702.3
1149540 2693.5
1149550 2693.5
1149560 2679.2
1149570 2666.0
1149580 2666.0
1149590 2655.2
1149600 2646.5
1149610 2646.5
1149620 2640.0
1149630 2633.5
1149640 2633.5
1149650 2626.8
1149660 2620.0
1149670 2612.3
1149680 2612.3
1149690 2605.0
1149700 2596.9
1149710 2596.9
1149720 2582.3
1149730 2561.8
1149740 2561.8
1149750 2544.4
1149760 2531.1
1149770 2531.1
1149780 2519.8
1149790 2513.6
1149800 2513.6
1149810 2505.1
1149820 2492.5
1149830 2492.5
1149840 2481.0
1149850 2471.9
1149860 2471.9
1149870 2461.6
1149880 2450.2
1149890 2440.6
1149900 2440.6
1149910 2430.9
1149920 2425.0
1149930 2425.0
1149940 2414.3
1149950 2404.9
1149960 2404.9
1149970 2393.8
1149980 2379.7
1149990 2379.7
1150000 2368.0
1150010 2358.2
1150020 2358.2
1150030 2350.1
1150040 2343.4
1150050 2343.4
1150060 2337.1
1150070 2330.9
1150080 2330.9
1150090 2324.7
1150100 2318.5
1150110 2313.5
1150120 2313.5
1150130 2308.8
1150140 2304.2
1150150 2304.2
1150160 2299.7
1150170 2294.9
1150180 2294.9
1150190 2290.3
1150200 2286.0
1150210 2286.0
1150220 2281.8
1150230 2278.1
1150240 2278.1
1150250 2274.5
1150260 2270.6
1150270 2270.6
1150280 2266.4
1150290 2261.9
1150300 2260.3
1150310 2255.8
1150320 2250.7
1150330 2245.9
1150340 2245.9
1150350 2241.8
1150360 2239.0
1150370 2239.0
1150380 2237.2
1150390 2235.5
1150400 2235.5
1150410 2233.4
1150420 2231.6
1150430 2231.6
1150440 2231.1
1150450 2233.4
1150460 2233.4
1150470 2234.1
1150480 2234.5
1150490 2234.5
1150500 2234.8
1150510 2235.5
1150520 2235.5
1150530 2238.2
1150540 2242.0
1150550 2242.0
1150560 2244.4
1150570 2242.7
1150580 2239.4
1150590 2239.4
1150600 2237.3
1150610 2238.6
1150620 2238.6
1150630 2238.1
1150640 2236.9
1150650 2236.9
1150660 2235.7
1150670 2236.0
1150680 2234.2
1150690 2235.5
1150700 2239.1
1150710 2239.1
1150720 2243.8
1150730 2248.0
1150740 2248.0
1150750 2251.2
1150760 2254.0
1150770 2254.0
1150780 2255.7
1150790 2255.9
1150800 2255.9
1150810 2255.9
1150820 2258.4
1150830 2263.4
1150840 2263.4
1150850 2269.2
1150860 2274.5
1150870 2274.5
1150880 2278.2
1150890 2280.9
1150900 2280.9
1150910 2283.8
1150920 2286.7
1150930 2286.7
1150940 2288.9
1150950 2291.1
1150960 2291.1
1150970 2293.9
1150980 2296.3
1150990 2296.3
1151000 2297.8
1151010 2298.4
1151020 2298.7
1151030 2298.7
1151040 2298.9
1151050 2298.5
1151060 2295.7
1151070 2296.1
1151080 2296.5
1151090 2296.5
1151100 2296.8
1151110 2296.9
1151120 2296.9
1151130 2297.2
1151140 2297.5
1151150 2297.5
1151160 2297.5
1151170 2298.1
1151180 2298.1
1151190 2299.7
1151200 2302.0
1151210 2302.0
1151220 2304.4
1151230 2306.7
1151240 2309.3
1151250 2309.3
1151260 2312.7
1151270 2316.9
1151280 2316.9
1151290 2321.3
1151300 2325.8
1151310 2325.8
1151320 2330.2
1151330 2334.1
1151340 2334.1
1151350 2337.6
1151360 2340.8
1151370 2340.8
1151380 2343.3
1151390 2345.3
1151400 2345.3
1151410 2346.8
1151420 2347.4
1151430 2347.4
1151440 2343.8
1151450 2344.3
1151460 2345.3
1151470 2345.3
1151480 2346.6
1151490 2347.4
1151500 2347.4
1151510 2348.3
1151520 2349.4
1151530 2349.4
1151540 2350.8
1151550 2352.2
1151560 2352.2
1151570 2353.6
1151580 2354.7
1151590 2354.7
1151600 2355.6
1151610 2356.7
1151620 2356.7
1151630 2357.8
1151640 2358.6
1151650 2358.6
1151660 2358.9
1151670 2359.5
1151680 2360.0
1151690 2360.0
1151700 2360.2
1151710 2360.1
1151720 2360.1
1151730 2359.9
1151740 2359.2
1151750 2359.2
1151760 2358.1
1151770 2356.9
1151780 2356.9
1151790 2356.3
1151800 2355.0
1151810 2355.0
1151820 2351.2
1151830 2349.5
1151840 2349.5
1151850 2347.7
1151860 2345.8
1151870 2345.8
1151880 2342.5
1151890 2337.5
1151900 2332.0
1151910 2332.0
1151920 2327.3
1151930 2323.1
1151940 2323.1
1151950 2318.4
1151960 2313.2
1151970 2313.2
1151980 2306.2
1151990 2299.1
1152000 2299.1
1152010 2291.4
1152020 2284.9
1152030 2284.9
1152040 2279.0
1152050 2273.1
1152060 2273.1
1152070 2267.3
1152080 2260.1
1152090 2260.1
1152100 2252.7
1152110 2244.4
1152120 2244.4
1152130 2237.1
1152140 2229.6
1152150 2222.2
1152160 2222.2
1152170 2215.7
1152180 2209.6
1152190 2209.6
1152200 2204.2
1152210 2200.0
1152220 2200.0
1152230 2196.6
1152240 2194.8
1152250 2194.8
1152260 2193.8
1152270 2192.8
1152280 2192.8
1152290 2190.2
1152300 2187.6
1152310 2187.6
1152320 2184.3
1152330 2180.8
1152340 2180.8
1152350 2177.5
1152360 2172.8
1152370 2167.1
1152380 2167.1
1152390 2162.1
1152400 2155.6
1152410 2155.6
1152420 2149.4
1152430 2144.9
1152440 2144.9
1152450 2141.6
1152460 2137.7
1152470 2137.7
1152480 2132.6
1152490 2127.3
1152500 2127.3
1152510 2122.2
1152520 2118.1
1152530 2118.1
1152540 2116.6
1152550 2115.4
1152560 2115.4
1152570 2113.3
1152580 2110.9
1152590 2108.4
1152600 2108.4
1152610 2104.8
1152620 2101.9
1152630 2101.9
1152640 2099.5
1152650 2097.5
1152660 2097.5
1152670 2095.6
1152680 2093.2
1152690 2093.2
1152700 2090.3
1152710 2086.8
1152720 2086.8
1152730 2083.5
1152740 2079.1
1152750 2079.1
1152760 2074.2
1152770 2069.7
1152780 2069.7
1152790 2064.7
1152800 2060.3
1152810 2055.8
1152820 2055.8
1152830 2052.6
1152840 2050.0
1152850 2050.0
1152860 2046.5
1152870 2043.0
1152880 2043.0
1152890 2039.3
1152900 2035.7
1152910 2035.7
1152920 2032.9
1152930 2028.7
1152940 2028.7
1152950 2023.5
1152960 2018.3
1152970 2018.9
1152980 2015.0
1152990 2012.5
1153000 2012.5
1153010 2007.9
1153020 2003.8
1153030 2000.4
1153040 2000.4
1153050 1996.7
1153060 1992.6
1153070 1992.6
1153080 1988.7
1153090 1984.6
1153100 1984.6
1153110 1980.7
1153120 1975.9
1153130 1975.9
1153140 1969.9
1153150 1963.1
1153160 1963.1
1153170 1955.8
1153180 1949.3
1153190 1949.3
1153200 1943.6
1153210 1938.0
1153220 1938.0
1153230 1932.7
1153240 1927.9
1153250 1923.8
1153260 1923.8
1153270 1920.2
1153280 1917.2
1153290 1917.2
1153300 1913.8
1153310 1910.9
1153320 1910.9
1153330 1909.5
1153340 1907.8
1153350 1906.4
1153360 1904.2
1153370 1901.9
1153380 1901.9
1153390 1900.1
1153400 1898.4
1153410 1898.4
1153420 1897.1
1153430 1896.0
1153440 1896.0
1153450 1894.2
1153460 1892.4
1153470 1892.7
1153480 1892.7
1153490 1892.9
1153500 1892.0
1153510 1892.0
1153520 1891.6
1153530 1889.4
1153540 1889.4
1153550 1886.5
1153560 1883.9
1153570 1883.9
1153580 1882.9
1153590 1881.7
1153600 1881.7
1153610 1880.7
1153620 1878.5
1153630 1878.5
1153640 1876.3
1153650 1874.2
1153660 1874.2
1153670 1873.1
1153680 1872.6
1153690 1872.6
1153700 1872.1
1153710 1871.8
1153720 1871.4
1153730 1868.8
1153740 1868.2
1153750 1867.4
1153760 1867.4
1153770 1865.4
1153780 1863.7
1153790 1863.7
1153800 1861.8
1153810 1860.0
1153820 1860.0
1153830 1858.2
1153840 1857.1
1153850 1857.1
1153860 1856.1
1153870 1855.4
1153880 1855.4
1153890 1855.1
1153900 1854.9
1153910 1854.9
1153920 1854.8
1153930 1854.5
1153940 1853.3
1153950 1853.3
1153960 1850.5
1153970 1847.1
1153980 1847.1
1153990 1843.3
1154000 1840.7
1154010 1840.7
1154020 1838.7
1154030 1837.3
1154040 1837.3
1154050 1833.3
1154060 1827.4
1154070 1827.4
1154080 1821.6
1154090 1816.0
1154100 1816.0
1154110 1811.1
1154120 1805.2
1154130 1805.2
1154140 1799.6
1154150 1792.0
1154160 1784.3
1154170 1784.3
1154180 1776.7
1154190 1770.5
1154200 1770.5
1154210 1765.4
1154220 1761.1
1154230 1761.1
1154240 1755.4
1154250 1755.3
1154260 1755.3
1154270 1759.3
1154280 1764.0
1154290 1764.0
1154300 1769.4
1154310 1775.0
1154320 1775.0
1154330 1779.3
1154340 1782.7
1154350 1782.7
1154360 1785.6
1154370 1787.8
1154380 1786.7
1154390 1786.7
1154400 1784.0
1154410 1782.7
1154420 1782.7
1154430 1786.3
1154440 1790.6
1154450 1790.6
1154460 1794.5
1154470 1797.8
1154480 1797.8
1154490 1801.1
1154500 1799.4
1154510 1799.4
1154520 1801.4
1154530 1804.0
1154540 1804.0
1154550 1807.3
1154560 1811.4
1154570 1811.4
1154580 1815.8
1154590 1818.1
1154600 1819.1
1154610 1819.1
1154620 1819.6
1154630 1820.5
1154640 1820.5
1154650 1821.7
1154660 1822.6
1154670 1822.6
1154680 1823.2
1154690 1824.7
1154700 1824.7
1154710 1827.0
1154720 1828.7
1154730 1828.7
1154740 1829.9
1154750 1830.9
1154760 1830.9
1154770 1832.2
1154780 1833.3
1154790 1833.3
1154800 1833.2
1154810 1833.1
1154820 1832.1
1154830 1832.1
1154840 1831.7
1154850 1831.4
1154860 1831.4
1154870 1831.5
1154880 1832.9
1154890 1828.6
1154900 1829.6
1154910 1830.4
1154920 1830.4
1154930 1830.5
1154940 1829.4
1154950 1829.4
1154960 1829.1
1154970 1829.6
1154980 1829.6
1154990 1830.1
1155000 1830.7
1155010 1830.7
1155020 1832.0
1155030 1832.7
1155040 1832.7
1155050 1832.9
1155060 1833.5
1155070 1834.7
1155080 1834.7
1155090 1835.4
1155100 1835.4
1155110 1835.4
1155120 1835.9
1155130 1837.5
1155140 1837.5
1155150 1840.8
1155160 1844.2
1155170 1844.2
1155180 1847.3
1155190 1850.7
1155200 1850.7
1155210 1852.5
1155220 1854.4
1155230 1854.4
1155240 1856.5
1155250 1859.2
1155260 1859.2
1155270 1856.7
1155280 1859.7
1155290 1863.3
1155300 1863.3
1155310 1866.1
1155320 1871.0
1155330 1871.0
1155340 1875.8
1155350 1879.2
1155360 1879.2
1155370 1881.4
1155380 1883.6
1155390 1883.6
1155400 1886.7
1155410 1890.7
1155420 1890.7
1155430 1894.2
1155440 1897.4
1155450 1897.4
1155460 1900.5
1155470 1903.3
1155480 1903.3
1155490 1905.6
1155500 1907.2
1155510 1908.8
1155520 1908.8
1155530 1910.7
1155540 1914.4
1155550 1914.4
1155560 1916.8
1155570 1916.1
1155580 1916.1
1155590 1912.6
1155600 1909.1
1155610 1909.1
1155620 1905.1
1155630 1901.5
1155640 1901.5
1155650 1896.8
1155660 1886.9
1155670 1886.9
1155680 1882.2
1155690 1878.9
1155700 1878.9
1155710 1875.4
1155720 1873.9
1155730 1867.9
1155740 1867.9
1155750 1860.8
1155760 1860.6
1155770 1860.6
1155780 1860.4
1155790 1851.2
1155800 1851.2
1155810 1844.5
1155820 1839.1
1155830 1839.1
1155840 1835.1
1155850 1831.7
1155860 1831.7
1155870 1830.6
1155880 1831.6
1155890 1831.6
1155900 1830.2
1155910 1822.5
1155920 1822.5
1155930 1814.3
1155940 1804.2
1155950 1798.2
1155960 1798.2
1155970 1795.8
1155980 1797.0
1155990 1797.0
1156000 1801.3
1156010 1797.6
1156020 1797.6
1156030 1787.8
1156040 1766.9
1156050 1766.9
1156060 1762.2
1156070 1759.1
1156080 1759.1
1156090 1755.3
1156100 1751.9
1156110 1751.9
1156120 1751.3
1156130 1753.1
1156140 1753.1
1156150 1751.7
1156160 1749.2
1156170 1745.9
1156180 1745.9
1156190 1743.0
1156200 1741.3
1156210 1741.3
1156220 1741.3
1156230 1740.2
1156240 1740.2
1156250 1738.8
1156260 1736.8
1156270 1736.8
1156280 1735.0
1156290 1734.3
1156300 1734.3
1156310 1734.6
1156320 1733.9
1156330 1733.9
1156340 1733.1
1156350 1733.5
1156360 1733.5
1156370 1734.4
1156380 1734.5
1156390 1734.1
1156400 1734.1
1156410 1733.7
1156420 1733.3
1156430 1728.2
1156440 1726.4
1156450 1723.5
1156460 1723.5
1156470 1719.3
1156480 1715.4
1156490 1715.4
1156500 1712.4
1156510 1709.4
1156520 1709.4
1156530 1709.1
1156540 1706.0
1156550 1706.0
1156560 1707.8
1156570 1708.2
1156580 1708.2
1156590 1707.1
1156600 1706.1
1156610 1706.1
1156620 1704.9
1156630 1703.3
1156640 1700.9
1156650 1700.9
1156660 1700.4
1156670 1700.9
1156680 1700.9
1156690 1700.4
1156700 1699.6
1156710 1699.6
1156720 1698.4
1156730 1697.9
1156740 1697.9
1156750 1694.0
1156760 1686.7
1156770 1686.7
1156780 1679.8
1156790 1673.6
1156800 1673.6
1156810 1668.0
1156820 1657.5
1156830 1657.5
1156840 1651.0
1156850 1643.8
1156860 1637.9
1156870 1637.9
1156880 1639.7
1156890 1644.1
1156900 1644.1
1156910 1648.7
1156920 1653.3
1156930 1653.3
1156940 1657.3
1156950 1659.7
1156960 1659.7
1156970 1659.3
1156980 1653.8
1156990 1653.8
1157000 1647.9
1157010 1643.0
1157020 1643.0
1157030 1637.2
1157040 1631.1
1157050 1631.1
1157060 1625.0
1157070 1620.5
1157080 1615.8
1157090 1615.8
1157100 1612.3
1157110 1609.4
1157120 1609.4
1157130 1607.0
1157140 1605.0
1157150 1605.0
1157160 1602.8
1157170 1599.3
1157180 1599.3
1157190 1592.4
1157200 1585.6
1157210 1585.6
1157220 1579.4
1157230 1577.7
1157240 1577.7
1157250 1579.6
1157260 1578.7
1157270 1578.7
1157280 1575.7
1157290 1573.3
1157300 1572.7
1157310 1572.7
1157320 1573.9
1157330 1576.3
1157340 1576.3
1157350 1574.9
1157360 1573.2
1157370 1573.2
1157380 1573.3
1157390 1575.3
1157400 1575.3
1157410 1577.6
1157420 1579.8
1157430 1579.8
1157440 1582.1
1157450 1582.1
1157460 1582.1
1157470 1579.0
1157480 1575.6
1157490 1575.6
1157500 1575.7
1157510 1575.4
1157520 1573.5
1157530 1573.5
1157540 1569.6
1157550 1567.4
1157560 1567.4
1157570 1563.8
1157580 1560.6
1157590 1555.0
1157600 1550.8
1157610 1546.9
1157620 1546.9
1157630 1545.1
1157640 1544.0
1157650 1544.0
1157660 1543.1
1157670 1541.5
1157680 1541.5
1157690 1539.0
1157700 1533.5
1157710 1533.5
1157720 1530.0
1157730 1534.2
1157740 1539.5
1157750 1539.5
1157760 1542.2
1157770 1539.9
1157780 1539.9
1157790 1536.7
1157800 1533.5
1157810 1533.5
1157820 1529.5
1157830 1528.6
1157840 1528.6
1157850 1530.2
1157860 1533.3
1157870 1533.3
1157880 1533.1
1157890 1532.0
1157900 1532.0
1157910 1529.3
1157920 1524.3
1157930 1524.3
1157940 1520.5
1157950 1516.2
1157960 1510.3
1157970 1510.3
1157980 1493.2
1157990 1486.4
1158000 1486.4
1158010 1491.6
1158020 1499.5
1158030 1499.5
1158040 1506.5
1158050 1512.8
1158060 1512.8
1158070 1518.1
1158080 1520.6
1158090 1520.6
1158100 1521.0
1158110 1521.3
1158120 1521.3
1158130 1521.5
1158140 1521.5
1158150 1521.5
1158160 1521.5
1158170 1521.4
1158180 1521.4
1158190 1521.2
1158200 1521.1
1158210 1521.1
1158220 1521.1
1158230 1519.2
1158240 1513.6
1158250 1513.6
1158260 1506.6
1158270 1504.8
1158280 1504.8
1158290 1507.3
1158300 1510.4
1158310 1510.4
1158320 1513.7
1158330 1517.9
1158340 1517.9
1158350 1521.7
1158360 1523.2
1158370 1517.3
1158380 1516.2
1158390 1517.2
1158400 1517.2
1158410 1519.0
1158420 1520.2
1158430 1520.6
1158440 1520.6
1158450 1520.4
1158460 1521.0
1158470 1521.0
1158480 1523.1
1158490 1527.2
1158500 1527.2
1158510 1528.7
1158520 1529.4
1158530 1529.4
1158540 1530.7
1158550 1532.8
1158560 1532.8
1158570 1534.8
1158580 1536.9
1158590 1536.9
1158600 1538.8
1158610 1541.7
1158620 1541.7
1158630 1545.1
1158640 1547.8
1158650 1550.9
1158660 1550.9
1158670 1552.3
1158680 1552.8
1158690 1552.8
1158700 1553.8
1158710 1555.0
1158720 1555.0
1158730 1554.7
1158740 1554.3
1158750 1554.3
1158760 1550.9
1158770 1551.8
1158780 1551.8
1158790 1552.2
1158800 1551.8
1158810 1551.8
1158820 1550.3
1158830 1549.2
1158840 1549.2
1158850 1548.2
1158860 1546.9
1158870 1546.3
1158880 1546.3
1158890 1546.4
1158900 1546.9
1158910 1546.9
1158920 1545.9
1158930 1544.2
1158940 1544.2
1158950 1542.6
1158960 1540.8
1158970 1540.8
1158980 1538.9
1158990 1536.6
1159000 1536.6
1159010 1533.9
1159020 1531.3
1159030 1531.3
1159040 1527.3
1159050 1524.7
1159060 1524.7
1159070 1522.9
1159080 1520.9
1159090 1519.0
1159100 1519.0
1159110 1516.5
1159120 1514.4
1159130 1514.4
1159140 1512.7
1159150 1506.2
1159160 1506.2
1159170 1504.8
1159180 1503.5
1159190 1503.5
1159200 1501.8
1159210 1498.6
1159220 1498.6
1159230 1496.3
1159240 1494.8
1159250 1494.8
1159260 1493.6
1159270 1492.4
1159280 1492.4
1159290 1491.1
1159300 1490.2
1159310 1489.0
1159320 1489.0
1159330 1488.0
1159340 1487.3
1159350 1487.3
1159360 1486.7
1159370 1486.1
1159380 1486.1
1159390 1485.1
1159400 1483.8
1159410 1483.8
1159420 1482.4
1159430 1481.5
1159440 1481.5
1159450 1481.7
1159460 1481.4
1159470 1481.4
1159480 1479.6
1159490 1477.6
1159500 1477.6
1159510 1474.5
1159520 1470.2
1159530 1467.5
1159540 1462.2
1159550 1461.9
1159560 1461.4
1159570 1461.4
1159580 1460.4
1159590 1459.4
1159600 1459.4
1159610 1458.9
1159620 1456.1
1159630 1456.1
1159640 1453.0
1159650 1453.8
1159660 1453.8
1159670 1455.6
1159680 1456.7
1159690 1456.7
1159700 1457.4
1159710 1457.4
1159720 1457.4
1159730 1453.7
1159740 1449.7
1159750 1446.4
1159760 1446.4
1159770 1439.6
1159780 1433.6
1159790 1433.6
1159800 1429.8
1159810 1426.6
1159820 1426.6
1159830 1427.4
1159840 1428.3
1159850 1428.3
1159860 1426.9
1159870 1418.9
1159880 1418.9
1159890 1421.5
1159900 1423.8
1159910 1423.8
1159920 1418.3
1159930 1406.9
1159940 1406.9
1159950 1401.8
1159960 1403.7
1159970 1403.7
1159980 1403.7
1159990 1399.3
