1140000 2826.0
1140010 2827.1
1140020 2830.8
1140030 2830.8
1140040 2828.7
1140050 2824.8
1140060 2824.8
1140070 2819.4
1140080 2814.8
1140090 2814.8
1140100 2809.6
1140110 2803.7
1140120 2798.0
1140130 2798.0
1140140 2790.4
1140150 2784.2
1140160 2784.2
1140170 2782.8
1140180 2778.7
1140190 2778.7
1140200 2779.5
1140210 2780.3
1140220 2780.3
1140230 2779.4
1140240 2776.7
1140250 2776.7
1140260 2774.7
1140270 2772.9
1140280 2772.9
1140290 2771.1
1140300 2768.4
1140310 2768.4
1140320 2755.3
1140330 2743.6
1140340 2737.8
1140350 2737.8
1140360 2733.5
1140370 2730.7
1140380 2730.7
1140390 2722.3
1140400 2707.4
1140410 2707.4
1140420 2698.3
1140430 2690.6
1140440 2690.6
1140450 2681.6
1140460 2672.6
1140470 2672.6
1140480 2666.3
1140490 2661.2
1140500 2661.2
1140510 2654.0
1140520 2646.1
1140530 2646.1
1140540 2640.0
1140550 2640.1
1140560 2636.4
1140570 2636.4
1140580 2632.5
1140590 2628.5
1140600 2628.5
1140610 2625.4
1140620 2623.2
1140630 2623.2
1140640 2619.8
1140650 2615.1
1140660 2615.1
1140670 2610.8
1140680 2607.9
1140690 2607.9
1140700 2606.5
1140710 2603.1
1140720 2603.1
1140730 2600.5
1140740 2599.2
1140750 2599.2
1140760 2598.8
1140770 2596.0
1140780 2595.4
1140790 2595.4
1140800 2594.0
1140810 2593.1
1140820 2593.1
1140830 2591.2
1140840 2589.0
1140850 2589.0
1140860 2587.6
1140870 2588.1
1140880 2588.1
1140890 2588.6
1140900 2588.7
1140910 2588.7
1140920 2584.8
1140930 2586.9
1140940 2586.9
1140950 2585.9
1140960 2586.7
1140970 2586.7
1140980 2589.3
1140990 2590.4
1141000 2589.8
1141010 2589.8
1141020 2589.5
1141030 2589.1
1141040 2589.1
1141050 2588.3
1141060 2589.1
1141070 2589.1
1141080 2589.8
1141090 2591.6
1141100 2591.6
1141110 2593.6
1141120 2595.7
1141130 2595.7
1141140 2594.7
1141150 2593.7
1141160 2593.7
1141170 2593.5
1141180 2591.6
1141190 2591.6
1141200 2588.9
1141210 2581.9
1141220 2571.5
1141230 2571.5
1141240 2564.1
1141250 2557.2
1141260 2557.2
1141270 2550.7
1141280 2544.7
1141290 2544.3
1141300 2539.2
1141310 2533.4
1141320 2533.4
1141330 2523.9
1141340 2505.0
1141350 2505.0
1141360 2487.1
1141370 2473.8
1141380 2473.8
1141390 2462.0
1141400 2453.4
1141410 2453.4
1141420 2446.2
1141430 2438.8
1141440 2438.8
1141450 2431.9
1141460 2425.8
1141470 2419.8
1141480 2419.8
1141490 2413.9
1141500 2408.3
1141510 2408.3
1141520 2403.0
1141530 2398.4
1141540 2398.4
1141550 2394.5
1141560 2391.0
1141570 2391.0
1141580 2387.8
1141590 2385.4
1141600 2385.4
1141610 2382.1
1141620 2378.4
1141630 2378.4
1141640 2375.1
1141650 2372.1
1141660 2374.5
1141670 2371.9
1141680 2366.7
1141690 2360.7
1141700 2360.7
1141710 2355.1
1141720 2349.9
1141730 2349.9
1141740 2344.8
1141750 2339.1
1141760 2339.1
1141770 2333.7
1141780 2325.5
1141790 2325.5
1141800 2316.2
1141810 2307.8
1141820 2307.8
1141830 2300.1
1141840 2291.8
1141850 2291.8
1141860 2283.6
1141870 2273.3
1141880 2273.3
1141890 2261.0
1141900 2249.1
1141910 2240.9
1141920 2240.9
1141930 2235.1
1141940 2230.8
1141950 2230.8
1141960 2234.5
1141970 2233.9
1141980 2233.9
1141990 2228.9
1142000 2224.7
1142010 2224.7
1142020 2218.3
1142030 2209.4
1142040 2209.4
1142050 2200.7
1142060 2194.0
1142070 2194.0
1142080 2185.6
1142090 2179.0
1142100 2179.0
1142110 2171.3
1142120 2163.6
1142130 2155.9
1142140 2155.9
1142150 2148.3
1142160 2140.0
1142170 2140.0
1142180 2133.1
1142190 2125.3
1142200 2125.3
1142210 2119.0
1142220 2116.4
1142230 2116.4
1142240 2111.7
1142250 2104.4
1142260 2104.4
1142270 2094.9
1142280 2087.3
1142290 2087.3
1142300 2081.2
1142310 2076.7
1142320 2076.7
1142330 2073.8
1142340 2072.3
1142350 2066.7
1142360 2066.7
1142370 2052.4
1142380 2040.7
1142390 2040.7
1142400 2032.0
1142410 2023.8
1142420 2023.8
1142430 2018.7
1142440 2015.0
1142450 2015.0
1142460 2011.3
1142470 2005.0
1142480 2005.0
1142490 1997.4
1142500 1990.1
1142510 1990.1
1142520 1983.1
1142530 1975.0
1142540 1975.0
1142550 1966.8
1142560 1960.7
1142570 1954.2
1142580 1954.2
1142590 1947.8
1142600 1939.9
1142610 1939.9
1142620 1931.0
1142630 1924.9
1142640 1924.9
1142650 1916.3
1142660 1910.1
1142670 1910.1
1142680 1904.9
1142690 1899.5
1142700 1899.5
1142710 1895.8
1142720 1893.7
1142730 1893.7
1142740 1893.1
1142750 1893.0
1142760 1893.0
1142770 1894.9
1142780 1895.3
1142790 1895.3
1142800 1896.9
1142810 1899.2
1142820 1903.6
1142830 1903.6
1142840 1908.0
1142850 1910.7
1142860 1910.7
1142870 1913.9
1142880 1917.3
1142890 1917.3
1142900 1919.3
1142910 1921.3
1142920 1921.3
1142930 1925.2
1142940 1930.3
1142950 1930.3
1142960 1934.9
1142970 1940.4
1142980 1940.4
1142990 1945.5
1143000 1950.9
1143010 1950.9
1143020 1957.1
1143030 1961.3
1143040 1965.0
1143050 1965.0
1143060 1968.5
1143070 1971.6
1143080 1971.6
1143090 1975.5
1143100 1980.2
1143110 1980.2
1143120 1985.1
1143130 1989.6
1143140 1994.7
1143150 1999.4
1143160 2006.0
1143170 2006.0
1143180 2014.6
1143190 2023.1
1143200 2023.1
1143210 2031.2
1143220 2039.4
1143230 2039.4
1143240 2045.9
1143250 2051.9
1143260 2058.8
1143270 2058.8
1143280 2067.4
1143290 2078.2
1143300 2078.2
1143310 2088.4
1143320 2100.7
1143330 2100.7
1143340 2118.6
1143350 2137.8
1143360 2137.8
1143370 2150.3
1143380 2161.1
1143390 2161.1
1143400 2169.0
1143410 2173.6
1143420 2173.6
1143430 2178.0
1143440 2184.1
1143450 2184.1
1143460 2189.3
1143470 2194.5
1143480 2198.0
1143490 2198.0
1143500 2199.3
1143510 2199.2
1143520 2199.2
1143530 2198.7
1143540 2199.1
1143550 2199.1
1143560 2199.2
1143570 2198.9
1143580 2198.9
1143590 2198.6
1143600 2198.8
1143610 2198.8
1143620 2200.1
1143630 2202.7
1143640 2202.7
1143650 2205.1
1143660 2207.6
1143670 2207.6
1143680 2209.1
1143690 2209.7
1143700 2209.7
1143710 2209.7
1143720 2211.3
1143730 2212.9
1143740 2212.9
1143750 2213.5
1143760 2214.7
1143770 2214.7
1143780 2218.2
1143790 2222.3
1143800 2222.3
1143810 2225.0
1143820 2227.1
1143830 2227.1
1143840 2230.6
1143850 2236.8
1143860 2236.8
1143870 2244.3
1143880 2253.8
1143890 2253.8
1143900 2263.4
1143910 2273.3
1143920 2281.3
1143930 2281.3
1143940 2288.7
1143950 2293.4
1143960 2293.4
1143970 2296.1
1143980 2297.8
1143990 2297.8
1144000 2298.9
1144010 2299.1
1144020 2299.1
1144030 2298.3
1144040 2297.1
1144050 2297.1
1144060 2298.1
1144070 2300.6
1144080 2300.6
1144090 2304.0
1144100 2306.8
1144110 2306.8
1144120 2308.7
1144130 2310.2
1144140 2310.2
1144150 2311.7
1144160 2313.4
1144170 2315.2
1144180 2315.2
1144190 2317.2
1144200 2319.4
1144210 2319.4
1144220 2321.4
1144230 2324.0
1144240 2324.0
1144250 2327.0
1144260 2331.5
1144270 2331.5
1144280 2336.0
1144290 2341.3
1144300 2341.3
1144310 2346.7
1144320 2351.6
1144330 2351.6
1144340 2358.4
1144350 2365.5
1144360 2365.5
1144370 2372.7
1144380 2379.7
1144390 2386.9
1144400 2386.9
1144410 2394.3
1144420 2402.5
1144430 2402.5
1144440 2410.0
1144450 2416.8
1144460 2416.8
1144470 2423.8
1144480 2430.6
1144490 2430.6
1144500 2436.5
1144510 2441.2
1144520 2441.2
1144530 2444.5
1144540 2446.8
1144550 2446.8
1144560 2448.3
1144570 2450.6
1144580 2450.6
1144590 2453.0
1144600 2455.3
1144610 2457.7
1144620 2457.7
1144630 2454.8
1144640 2453.8
1144650 2453.8
1144660 2452.4
1144670 2451.9
1144680 2451.9
1144690 2450.8
1144700 2448.5
1144710 2448.5
1144720 2445.3
1144730 2441.5
1144740 2441.5
1144750 2436.1
1144760 2432.4
1144770 2432.4
1144780 2431.9
1144790 2431.9
1144800 2431.9
1144810 2431.9
1144820 2431.9
1144830 2432.0
1144840 2432.0
1144850 2432.5
1144860 2433.7
1144870 2433.7
1144880 2436.6
1144890 2440.4
1144900 2440.4
1144910 2445.1
1144920 2450.1
1144930 2450.1
1144940 2455.2
1144950 2460.8
1144960 2460.8
1144970 2466.7
1144980 2472.9
1144990 2472.9
1145000 2475.0
1145010 2480.5
1145020 2480.5
1145030 2486.3
1145040 2496.1
1145050 2513.3
1145060 2513.3
1145070 2530.1
1145080 2540.3
1145090 2540.3
1145100 2550.2
1145110 2558.0
1145120 2558.0
1145130 2564.8
1145140 2572.1
1145150 2572.1
1145160 2579.3
1145170 2585.4
1145180 2585.4
1145190 2592.5
1145200 2602.1
1145210 2602.1
1145220 2611.2
1145230 2616.8
1145240 2616.8
1145250 2624.2
1145260 2630.9
1145270 2636.7
1145280 2636.7
1145290 2642.4
1145300 2648.1
1145310 2648.1
1145320 2653.1
1145330 2656.8
1145340 2656.8
1145350 2659.8
1145360 2662.7
1145370 2662.7
1145380 2657.3
1145390 2659.5
1145400 2659.5
1145410 2662.2
1145420 2664.8
1145430 2664.8
1145440 2666.9
1145450 2667.6
1145460 2667.6
1145470 2666.1
1145480 2664.9
1145490 2666.6
1145500 2666.6
1145510 2669.2
1145520 2671.0
1145530 2671.0
1145540 2673.8
1145550 2675.6
1145560 2675.6
1145570 2676.7
1145580 2677.3
1145590 2677.3
1145600 2677.8
1145610 2678.5
1145620 2678.5
1145630 2679.2
1145640 2678.7
1145650 2678.7
1145660 2678.7
1145670 2680.0
1145680 2680.0
1145690 2682.4
1145700 2684.7
1145710 2684.7
1145720 2687.4
1145730 2689.8
1145740 2687.8
1145750 2681.6
1145760 2680.1
1145770 2679.7
1145780 2679.7
1145790 2681.8
1145800 2685.2
1145810 2685.2
1145820 2690.9
1145830 2697.0
1145840 2697.0
1145850 2702.3
1145860 2707.3
1145870 2707.3
1145880 2712.5
1145890 2717.8
1145900 2717.8
1145910 2723.2
1145920 2728.8
1145930 2728.8
1145940 2734.7
1145950 2740.7
1145960 2746.9
1145970 2746.9
1145980 2753.4
1145990 2760.2
1146000 2760.2
1146010 2767.2
1146020 2774.2
1146030 2774.2
1146040 2781.3
1146050 2791.1
1146060 2791.1
1146070 2799.7
1146080 2808.8
1146090 2808.8
1146100 2818.0
1146110 2831.5
1146120 2831.5
1146130 2848.2
1146140 2853.4
1146150 2853.4
1146160 2863.6
1146170 2870.4
1146180 2876.0
1146190 2876.0
1146200 2882.5
1146210 2889.8
1146220 2889.8
1146230 2897.5
1146240 2905.3
1146250 2905.3
1146260 2914.5
1146270 2924.2
1146280 2924.2
1146290 2933.0
1146300 2941.1
1146310 2941.1
1146320 2941.9
1146330 2931.8
1146340 2931.8
1146350 2915.5
1146360 2897.0
1146370 2897.0
1146380 2882.6
1146390 2876.7
1146400 2875.4
1146410 2875.4
1146420 2870.2
1146430 2862.7
1146440 2862.7
1146450 2853.8
1146460 2849.3
1146470 2849.3
1146480 2852.3
1146490 2856.6
1146500 2848.4
1146510 2852.4
1146520 2849.6
1146530 2849.6
1146540 2841.1
1146550 2829.6
1146560 2829.6
1146570 2811.5
1146580 2794.5
1146590 2794.5
1146600 2786.1
1146610 2785.8
1146620 2781.1
1146630 2781.1
1146640 2771.9
1146650 2762.8
1146660 2762.8
1146670 2756.8
1146680 2752.5
1146690 2752.5
1146700 2741.6
1146710 2734.8
1146720 2734.8
1146730 2729.5
1146740 2723.7
1146750 2723.7
1146760 2718.4
1146770 2713.9
1146780 2713.9
1146790 2710.4
1146800 2707.7
1146810 2707.7
1146820 2706.0
1146830 2704.3
1146840 2701.6
1146850 2701.6
1146860 2697.8
1146870 2696.2
1146880 2689.5
1146890 2691.8
1146900 2696.3
1146910 2696.3
1146920 2703.9
1146930 2709.3
1146940 2709.3
1146950 2712.3
1146960 2713.1
1146970 2713.1
1146980 2712.5
1146990 2712.2
1147000 2712.2
1147010 2710.9
1147020 2706.4
1147030 2706.4
1147040 2703.2
1147050 2703.1
1147060 2703.1
1147070 2706.4
1147080 2709.2
1147090 2708.5
1147100 2708.5
1147110 2708.0
1147120 2709.1
1147130 2709.1
1147140 2711.1
1147150 2712.7
1147160 2712.7
1147170 2716.2
1147180 2718.7
1147190 2718.7
1147200 2721.3
1147210 2725.6
1147220 2725.6
1147230 2729.3
1147240 2734.0
1147250 2728.6
1147260 2733.1
1147270 2737.9
1147280 2737.9
1147290 2744.1
1147300 2752.1
1147310 2760.8
1147320 2760.8
1147330 2766.7
1147340 2772.9
1147350 2772.9
1147360 2779.4
1147370 2782.9
1147380 2782.9
1147390 2781.6
1147400 2777.9
1147410 2777.9
1147420 2776.7
1147430 2767.4
1147440 2767.4
1147450 2746.4
1147460 2718.7
1147470 2718.7
1147480 2703.0
1147490 2692.3
1147500 2692.3
1147510 2685.7
1147520 2679.8
1147530 2675.3
1147540 2675.3
1147550 2672.6
1147560 2663.8
1147570 2663.8
1147580 2649.4
1147590 2629.0
1147600 2629.0
1147610 2621.4
1147620 2617.4
1147630 2611.5
1147640 2608.5
1147650 2605.8
1147660 2605.8
1147670 2602.6
1147680 2599.5
1147690 2599.5
1147700 2595.7
1147710 2591.6
1147720 2591.6
1147730 2587.8
1147740 2582.6
1147750 2576.2
1147760 2576.2
1147770 2573.4
1147780 2572.1
1147790 2572.1
1147800 2571.1
1147810 2570.7
1147820 2570.7
1147830 2570.4
1147840 2570.9
1147850 2570.9
1147860 2572.2
1147870 2574.0
1147880 2574.0
1147890 2578.5
1147900 2584.0
1147910 2584.0
1147920 2588.6
1147930 2592.6
1147940 2592.6
1147950 2596.2
1147960 2599.9
1147970 2603.5
1147980 2603.5
1147990 2607.8
1148000 2609.7
1148010 2609.7
1148020 2615.3
1148030 2620.7
1148040 2620.7
1148050 2626.2
1148060 2633.0
1148070 2633.0
1148080 2642.6
1148090 2652.7
1148100 2652.7
1148110 2662.8
1148120 2673.2
1148130 2673.2
1148140 2682.4
1148150 2687.7
1148160 2687.7
1148170 2686.0
1148180 2680.7
1148190 2674.3
1148200 2674.3
1148210 2666.4
1148220 2660.0
1148230 2660.0
1148240 2655.4
1148250 2652.1
1148260 2652.1
1148270 2648.8
1148280 2645.5
1148290 2645.5
1148300 2641.8
1148310 2638.1
1148320 2638.1
1148330 2635.8
1148340 2633.5
1148350 2633.5
1148360 2631.2
1148370 2629.0
1148380 2623.1
1148390 2621.3
1148400 2619.8
1148410 2618.7
1148420 2618.7
1148430 2618.9
1148440 2618.9
1148450 2618.9
1148460 2619.1
1148470 2618.9
1148480 2618.9
1148490 2620.1
1148500 2621.5
1148510 2621.5
1148520 2623.0
1148530 2625.9
1148540 2625.9
1148550 2630.0
1148560 2636.8
1148570 2636.8
1148580 2644.7
1148590 2654.1
1148600 2654.1
1148610 2661.5
1148620 2669.6
1148630 2669.6
1148640 2685.3
1148650 2692.8
1148660 2697.3
1148670 2697.3
1148680 2695.5
1148690 2695.8
1148700 2695.8
1148710 2699.0
1148720 2700.7
1148730 2700.7
1148740 2701.7
1148750 2706.0
1148760 2700.2
1148770 2708.2
1148780 2714.5
1148790 2714.5
1148800 2722.9
1148810 2729.2
1148820 2729.2
1148830 2726.9
1148840 2718.2
1148850 2718.2
1148860 2708.6
1148870 2700.1
1148880 2692.9
1148890 2692.9
1148900 2685.4
1148910 2678.4
1148920 2678.4
1148930 2672.2
1148940 2667.6
1148950 2667.6
1148960 2660.3
1148970 2653.0
1148980 2653.0
1148990 2646.1
1149000 2640.5
1149010 2640.5
1149020 2634.7
1149030 2629.3
1149040 2629.3
1149050 2625.4
1149060 2620.2
1149070 2620.2
1149080 2610.7
1149090 2601.6
1149100 2594.9
1149110 2594.9
1149120 2589.5
1149130 2584.0
1149140 2580.8
1149150 2576.3
1149160 2574.4
1149170 2574.4
1149180 2573.4
1149190 2573.4
1149200 2573.4
1149210 2576.3
1149220 2579.4
1149230 2579.4
1149240 2582.2
1149250 2582.9
1149260 2582.9
1149270 2582.4
1149280 2580.7
1149290 2580.7
1149300 2579.7
1149310 2582.0
1149320 2585.6
1149330 2585.6
1149340 2588.9
1149350 2592.8
1149360 2592.8
1149370 2599.7
1149380 2611.8
1149390 2611.8
1149400 2618.8
1149410 2627.9
1149420 2627.9
1149430 2636.9
1149440 2645.2
1149450 2645.2
1149460 2649.9
1149470 2653.9
1149480 2653.9
1149490 2661.0
1149500 2666.2
1149510 2658.5
1149520 2662.8
1149530 2666.8
1149540 2670.2
1149550 2670.2
1149560 2674.1
1149570 2680.8
1149580 2680.8
1149590 2683.1
1149600 2674.0
1149610 2674.0
1149620 2663.0
1149630 2651.6
1149640 2651.6
1149650 2641.0
1149660 2630.5
1149670 2630.5
1149680 2616.9
1149690 2604.5
1149700 2604.5
1149710 2596.7
1149720 2590.4
1149730 2590.4
1149740 2586.1
1149750 2582.3
1149760 2575.3
1149770 2575.3
1149780 2564.9
1149790 2552.8
1149800 2552.8
1149810 2538.2
1149820 2525.8
1149830 2525.8
1149840 2514.3
1149850 2503.3
1149860 2503.3
1149870 2492.0
1149880 2482.8
1149890 2490.3
1149900 2481.8
1149910 2473.5
1149920 2473.5
1149930 2464.2
1149940 2453.1
1149950 2453.1
1149960 2440.9
1149970 2421.4
1149980 2421.4
1149990 2399.9
1150000 2386.4
1150010 2374.8
1150020 2374.8
1150030 2362.9
1150040 2349.9
1150050 2349.9
1150060 2338.3
1150070 2330.9
1150080 2330.9
1150090 2324.9
1150100 2318.8
1150110 2318.8
1150120 2312.9
1150130 2307.7
1150140 2307.7
1150150 2303.2
1150160 2299.0
1150170 2299.0
1150180 2295.1
1150190 2290.4
1150200 2290.4
1150210 2285.4
1150220 2280.7
1150230 2276.1
1150240 2276.1
1150250 2271.5
1150260 2266.7
1150270 2266.8
1150280 2261.9
1150290 2257.3
1150300 2257.3
1150310 2252.6
1150320 2248.0
1150330 2248.0
1150340 2243.4
1150350 2239.2
1150360 2239.2
1150370 2235.2
1150380 2231.6
1150390 2231.6
1150400 2228.3
1150410 2224.9
1150420 2224.9
1150430 2221.8
1150440 2219.7
1150450 2219.1
1150460 2219.1
1150470 2220.1
1150480 2221.8
1150490 2221.8
1150500 2222.2
1150510 2223.0
1150520 2223.0
1150530 2223.6
1150540 2225.1
1150550 2225.1
1150560 2228.3
1150570 2230.6
1150580 2230.6
1150590 2233.0
1150600 2235.9
1150610 2235.9
1150620 2236.0
1150630 2233.4
1150640 2233.4
1150650 2230.5
1150660 2228.6
1150670 2228.5
1150680 2228.5
1150690 2227.5
1150700 2227.7
1150710 2227.7
1150720 2229.3
1150730 2232.3
1150740 2232.3
1150750 2235.7
1150760 2238.9
1150770 2238.9
1150780 2243.2
1150790 2246.5
1150800 2246.5
1150810 2247.5
1150820 2250.1
1150830 2250.1
1150840 2255.6
1150850 2261.4
1150860 2261.4
1150870 2265.5
1150880 2268.0
1150890 2270.1
1150900 2270.1
1150910 2271.9
1150920 2273.6
1150930 2273.6
1150940 2275.5
1150950 2278.3
1150960 2278.3
1150970 2281.8
1150980 2285.7
1150990 2285.7
1151000 2288.8
1151010 2290.0
1151020 2290.0
1151030 2286.6
1151040 2285.1
1151050 2285.1
1151060 2284.7
1151070 2284.3
1151080 2284.3
1151090 2284.0
1151100 2284.3
1151110 2284.4
1151120 2284.4
1151130 2284.9
1151140 2285.1
1151150 2285.1
1151160 2285.2
1151170 2286.6
1151180 2286.6
1151190 2288.9
1151200 2291.2
1151210 2291.2
1151220 2293.5
1151230 2295.6
1151240 2295.6
1151250 2298.3
1151260 2301.6
1151270 2301.6
1151280 2305.4
1151290 2309.7
1151300 2309.7
1151310 2313.7
1151320 2316.9
1151330 2316.9
1151340 2319.6
1151350 2322.4
1151360 2325.0
1151370 2325.0
1151380 2327.5
1151390 2329.5
1151400 2329.5
1151410 2328.5
1151420 2329.7
1151430 2329.7
1151440 2330.0
1151450 2330.3
1151460 2330.3
1151470 2331.0
1151480 2332.1
1151490 2332.1
1151500 2334.3
1151510 2336.1
1151520 2336.1
1151530 2337.6
1151540 2339.3
1151550 2339.3
1151560 2341.0
1151570 2342.6
1151580 2344.1
1151590 2344.1
1151600 2345.4
1151610 2346.6
1151620 2346.6
1151630 2347.8
1151640 2348.8
1151650 2348.8
1151660 2349.4
1151670 2349.9
1151680 2349.9
1151690 2350.4
1151700 2350.8
1151710 2350.8
1151720 2350.9
1151730 2350.4
1151740 2350.4
1151750 2349.8
1151760 2349.0
1151770 2349.0
1151780 2347.8
1151790 2343.2
1151800 2342.1
1151810 2342.1
1151820 2341.0
1151830 2339.7
1151840 2339.7
1151850 2338.3
1151860 2336.7
1151870 2336.7
1151880 2334.9
1151890 2329.5
1151900 2329.5
1151910 2323.2
1151920 2319.3
1151930 2319.3
1151940 2317.2
1151950 2314.3
1151960 2314.3
1151970 2312.6
1151980 2307.9
1151990 2307.9
1152000 2301.2
1152010 2293.2
1152020 2285.2
1152030 2285.2
1152040 2278.3
1152050 2269.5
1152060 2269.5
1152070 2261.0
1152080 2253.9
1152090 2253.9
1152100 2246.5
1152110 2239.3
1152120 2239.3
1152130 2232.2
1152140 2226.0
1152150 2226.0
1152160 2221.0
1152170 2217.1
1152180 2219.3
1152190 2215.4
1152200 2211.1
1152210 2211.1
1152220 2205.9
1152230 2200.6
1152240 2196.4
1152250 2196.4
1152260 2193.2
1152270 2189.7
1152280 2189.7
1152290 2186.2
1152300 2182.6
1152310 2182.6
1152320 2178.9
1152330 2175.0
1152340 2175.0
1152350 2171.1
1152360 2166.9
1152370 2166.9
1152380 2161.6
1152390 2156.0
1152400 2156.0
1152410 2151.1
1152420 2147.5
1152430 2147.5
1152440 2143.6
1152450 2138.7
1152460 2134.9
1152470 2134.9
1152480 2130.8
1152490 2126.5
1152500 2126.5
1152510 2123.0
1152520 2119.6
1152530 2119.6
1152540 2116.8
1152550 2114.4
1152560 2112.9
1152570 2109.5
1152580 2104.8
1152590 2104.8
1152600 2099.7
1152610 2096.7
1152620 2096.7
1152630 2094.5
1152640 2092.7
1152650 2092.7
1152660 2090.6
1152670 2088.3
1152680 2085.6
1152690 2085.6
1152700 2082.6
1152710 2079.7
1152720 2079.7
1152730 2076.9
1152740 2075.7
1152750 2075.7
1152760 2073.7
1152770 2071.1
1152780 2071.1
1152790 2066.9
1152800 2064.1
1152810 2064.1
1152820 2061.2
1152830 2057.9
1152840 2057.9
1152850 2054.6
1152860 2051.1
1152870 2051.1
1152880 2048.4
1152890 2044.3
1152900 2044.3
1152910 2040.4
1152920 2037.7
1152930 2034.6
1152940 2037.0
1152950 2032.4
1152960 2025.4
1152970 2025.4
1152980 2018.7
1152990 2012.1
1153000 2012.1
1153010 2008.5
1153020 2004.2
1153030 2004.2
1153040 1998.4
1153050 1993.5
1153060 1993.5
1153070 1990.0
1153080 1986.5
1153090 1986.5
1153100 1982.4
1153110 1978.2
1153120 1978.2
1153130 1974.2
1153140 1972.0
1153150 1970.6
1153160 1970.6
1153170 1969.1
1153180 1967.3
1153190 1967.3
1153200 1964.1
1153210 1959.7
1153220 1959.7
1153230 1953.4
1153240 1945.4
1153250 1945.4
1153260 1937.6
1153270 1930.7
1153280 1930.7
1153290 1924.1
1153300 1918.1
1153310 1918.1
1153320 1915.5
1153330 1911.0
1153340 1911.0
1153350 1908.3
1153360 1905.6
1153370 1902.3
1153380 1902.3
1153390 1899.3
1153400 1894.9
1153410 1894.9
1153420 1891.3
1153430 1888.4
1153440 1888.4
1153450 1887.0
1153460 1886.4
1153470 1886.4
1153480 1885.7
1153490 1884.9
1153500 1884.9
1153510 1884.1
1153520 1882.4
1153530 1882.4
1153540 1878.9
1153550 1875.6
1153560 1875.6
1153570 1872.5
1153580 1871.7
1153590 1869.9
1153600 1869.9
1153610 1867.3
1153620 1865.1
1153630 1865.1
1153640 1863.4
1153650 1861.5
1153660 1861.5
1153670 1860.9
1153680 1861.3
1153690 1861.3
1153700 1861.0
1153710 1859.4
1153720 1859.4
1153730 1858.9
1153740 1858.0
1153750 1858.0
1153760 1857.0
1153770 1855.7
1153780 1855.7
1153790 1854.1
1153800 1851.5
1153810 1848.9
1153820 1848.9
1153830 1846.4
1153840 1845.5
1153850 1845.5
1153860 1844.5
1153870 1843.3
1153880 1843.3
1153890 1842.2
1153900 1840.9
1153910 1840.9
1153920 1839.6
1153930 1838.4
1153940 1838.4
1153950 1837.1
1153960 1837.3
1153970 1837.3
1153980 1837.4
1153990 1837.0
1154000 1837.0
1154010 1835.6
1154020 1833.6
1154030 1829.5
1154040 1829.5
1154050 1822.9
1154060 1816.8
1154070 1816.8
1154080 1812.1
1154090 1808.1
1154100 1808.1
1154110 1801.1
1154120 1793.8
1154130 1793.8
1154140 1789.3
1154150 1783.2
1154160 1783.2
1154170 1775.4
1154180 1768.0
1154190 1768.0
1154200 1761.3
1154210 1755.5
1154220 1755.5
1154230 1751.6
1154240 1747.6
1154250 1743.4
1154260 1743.4
1154270 1741.5
1154280 1744.5
1154290 1744.5
1154300 1748.4
1154310 1753.0
1154320 1753.0
1154330 1758.0
1154340 1761.8
1154350 1761.8
1154360 1763.0
1154370 1762.0
1154380 1762.0
1154390 1762.1
1154400 1766.3
1154410 1766.3
1154420 1770.3
1154430 1772.4
1154440 1772.4
1154450 1775.2
1154460 1778.3
1154470 1776.0
1154480 1779.7
1154490 1782.9
1154500 1786.1
1154510 1786.1
1154520 1789.7
1154530 1793.3
1154540 1793.3
1154550 1796.9
1154560 1800.1
1154570 1800.1
1154580 1803.3
1154590 1803.3
1154600 1803.3
1154610 1802.4
1154620 1803.8
1154630 1803.8
1154640 1805.3
1154650 1806.6
1154660 1806.6
1154670 1807.7
1154680 1809.0
1154690 1809.0
1154700 1810.1
1154710 1811.0
1154720 1810.9
1154730 1810.9
1154740 1812.0
1154750 1813.0
1154760 1813.0
1154770 1814.0
1154780 1814.9
1154790 1814.9
1154800 1814.7
1154810 1813.8
1154820 1813.8
1154830 1813.5
1154840 1812.6
1154850 1812.6
1154860 1807.1
1154870 1809.3
1154880 1809.3
1154890 1811.7
1154900 1814.1
1154910 1814.1
1154920 1817.0
1154930 1819.1
1154940 1820.3
1154950 1820.3
1154960 1820.7
1154970 1819.9
1154980 1819.9
1154990 1819.0
1155000 1817.9
1155010 1817.9
1155020 1815.9
1155030 1812.8
1155040 1812.8
1155050 1812.1
1155060 1813.7
1155070 1813.7
1155080 1814.0
1155090 1814.3
1155100 1814.3
1155110 1814.7
1155120 1813.7
1155130 1813.7
1155140 1814.5
1155150 1816.0
1155160 1820.3
1155170 1820.3
1155180 1825.0
1155190 1828.8
1155200 1828.8
1155210 1830.6
1155220 1832.5
1155230 1832.5
1155240 1828.9
1155250 1832.1
1155260 1832.1
1155270 1836.0
1155280 1839.9
1155290 1839.9
1155300 1843.3
1155310 1846.1
1155320 1846.1
1155330 1849.6
1155340 1853.5
1155350 1853.5
1155360 1857.6
1155370 1862.3
1155380 1866.4
1155390 1866.4
1155400 1870.2
1155410 1874.3
1155420 1874.3
1155430 1876.9
1155440 1880.2
1155450 1880.2
1155460 1883.3
1155470 1886.8
1155480 1886.8
1155490 1890.5
1155500 1892.2
1155510 1892.2
1155520 1892.1
1155530 1892.2
1155540 1892.2
1155550 1892.5
1155560 1892.2
1155570 1892.2
1155580 1891.7
1155590 1890.2
1155600 1886.4
1155610 1886.4
1155620 1881.3
1155630 1871.9
1155640 1871.9
1155650 1867.0
1155660 1862.6
1155670 1862.6
1155680 1859.0
1155690 1855.4
1155700 1855.4
1155710 1850.1
1155720 1844.3
1155730 1844.3
1155740 1839.0
1155750 1833.9
1155760 1833.9
1155770 1829.0
1155780 1825.1
1155790 1825.1
1155800 1821.6
1155810 1818.0
1155820 1813.4
1155830 1813.4
1155840 1808.2
1155850 1804.8
1155860 1804.8
1155870 1803.1
1155880 1803.2
1155890 1803.2
1155900 1803.5
1155910 1799.7
1155920 1799.7
1155930 1792.0
1155940 1785.2
1155950 1785.2
1155960 1776.4
1155970 1772.7
1155980 1772.7
1155990 1770.4
1156000 1768.6
1156010 1758.5
1156020 1750.4
1156030 1745.7
1156040 1745.7
1156050 1742.7
1156060 1739.6
1156070 1736.5
1156080 1736.5
1156090 1733.2
1156100 1730.8
1156110 1730.8
1156120 1732.6
1156130 1731.9
1156140 1731.9
1156150 1730.1
1156160 1727.3
1156170 1727.3
1156180 1725.1
1156190 1725.2
1156200 1725.2
1156210 1725.7
1156220 1725.1
1156230 1725.1
1156240 1723.8
1156250 1722.4
1156260 1722.4
1156270 1720.9
1156280 1719.5
1156290 1718.7
1156300 1718.7
1156310 1718.4
1156320 1717.2
1156330 1717.2
1156340 1715.4
1156350 1713.4
1156360 1713.4
1156370 1711.7
1156380 1711.7
1156390 1711.7
1156400 1707.7
1156410 1707.0
1156420 1707.0
1156430 1705.9
1156440 1705.2
1156450 1705.2
1156460 1704.0
1156470 1700.6
1156480 1700.6
1156490 1695.0
1156500 1689.3
1156510 1682.8
1156520 1682.8
1156530 1679.0
1156540 1676.9
1156550 1676.9
1156560 1675.8
1156570 1675.7
1156580 1675.7
1156590 1677.5
1156600 1676.9
1156610 1676.9
1156620 1675.1
1156630 1675.3
1156640 1675.3
1156650 1673.0
1156660 1671.5
1156670 1671.5
1156680 1672.2
1156690 1673.0
1156700 1673.0
1156710 1673.2
1156720 1672.9
1156730 1674.4
1156740 1674.4
1156750 1675.0
1156760 1673.7
1156770 1673.7
1156780 1670.4
1156790 1660.6
1156800 1660.6
1156810 1653.2
1156820 1645.6
1156830 1645.6
1156840 1638.1
1156850 1631.1
1156860 1631.1
1156870 1624.6
1156880 1620.4
1156890 1620.4
1156900 1620.9
1156910 1624.5
1156920 1624.5
1156930 1628.3
1156940 1632.0
1156950 1635.1
1156960 1635.1
1156970 1636.7
1156980 1635.1
1156990 1635.1
1157000 1630.5
1157010 1625.5
1157020 1625.5
1157030 1621.0
1157040 1616.1
1157050 1616.1
1157060 1611.2
1157070 1606.6
1157080 1606.6
1157090 1602.9
1157100 1599.9
1157110 1599.9
1157120 1597.8
1157130 1595.5
1157140 1595.5
1157150 1593.4
1157160 1591.6
1157170 1589.8
1157180 1587.6
1157190 1585.7
1157200 1582.8
1157210 1582.8
1157220 1576.9
1157230 1570.9
1157240 1570.9
1157250 1565.4
1157260 1559.4
1157270 1559.4
1157280 1556.7
1157290 1557.2
1157300 1557.2
1157310 1556.1
1157320 1554.8
1157330 1554.8
1157340 1556.9
1157350 1558.1
1157360 1558.1
1157370 1556.9
1157380 1556.6
1157390 1557.1
1157400 1557.1
1157410 1556.9
1157420 1557.2
1157430 1557.2
1157440 1559.6
1157450 1560.9
1157460 1560.9
1157470 1559.1
1157480 1556.9
1157490 1556.9
1157500 1556.0
1157510 1556.3
1157520 1556.3
1157530 1554.7
1157540 1549.5
1157550 1549.5
1157560 1539.3
1157570 1536.4
1157580 1536.4
1157590 1533.6
1157600 1530.0
1157610 1530.0
1157620 1527.9
1157630 1526.0
1157640 1524.3
1157650 1524.3
1157660 1522.9
1157670 1521.9
1157680 1521.9
1157690 1519.6
1157700 1513.9
1157710 1513.9
1157720 1515.3
1157730 1520.2
1157740 1520.2
1157750 1524.7
1157760 1526.4
1157770 1526.4
1157780 1523.8
1157790 1521.1
1157800 1521.1
1157810 1519.4
1157820 1517.2
1157830 1517.2
1157840 1515.5
1157850 1511.7
1157860 1509.1
1157870 1509.1
1157880 1509.6
1157890 1508.6
1157900 1508.6
1157910 1507.4
1157920 1505.3
1157930 1505.3
1157940 1503.3
1157950 1496.8
1157960 1496.8
1157970 1490.9
1157980 1480.9
1157990 1480.9
1158000 1473.3
1158010 1478.2
1158020 1478.2
1158030 1485.7
1158040 1490.3
1158050 1490.3
1158060 1495.2
1158070 1501.0
1158080 1504.1
1158090 1504.1
1158100 1503.9
1158110 1503.3
1158120 1503.3
1158130 1504.1
1158140 1505.8
1158150 1505.8
1158160 1504.4
1158170 1501.6
1158180 1501.6
1158190 1500.3
1158200 1500.2
1158210 1500.2
1158220 1499.9
1158230 1498.3
1158240 1498.3
1158250 1493.7
1158260 1488.1
1158270 1488.1
1158280 1482.0
1158290 1481.7
1158300 1486.4
1158310 1486.4
1158320 1491.5
1158330 1496.4
1158340 1489.4
1158350 1493.5
1158360 1495.8
1158370 1495.8
1158380 1498.0
1158390 1500.0
1158400 1500.0
1158410 1500.9
1158420 1502.0
1158430 1502.0
1158440 1503.8
1158450 1505.0
1158460 1505.0
1158470 1506.0
1158480 1508.1
1158490 1508.1
1158500 1510.6
1158510 1511.3
1158520 1512.3
1158530 1512.3
1158540 1513.3
1158550 1515.0
1158560 1515.0
1158570 1516.7
1158580 1519.0
1158590 1519.0
1158600 1521.4
1158610 1524.2
1158620 1524.2
1158630 1527.4
1158640 1531.0
1158650 1531.0
1158660 1533.4
1158670 1534.7
1158680 1534.7
1158690 1536.3
1158700 1537.7
1158710 1537.7
1158720 1538.2
1158730 1533.5
1158740 1532.7
1158750 1532.7
1158760 1531.3
1158770 1530.7
1158780 1530.7
1158790 1530.4
1158800 1530.2
1158810 1530.2
1158820 1529.6
1158830 1528.6
1158840 1528.6
1158850 1527.7
1158860 1527.2
1158870 1527.2
1158880 1525.4
1158890 1523.4
1158900 1523.4
1158910 1523.9
1158920 1525.4
1158930 1525.4
1158940 1525.3
1158950 1523.5
1158960 1521.1
1158970 1521.1
1158980 1519.8
1158990 1518.6
1159000 1518.6
1159010 1515.8
1159020 1509.8
1159030 1509.8
1159040 1504.6
1159050 1501.7
1159060 1501.7
1159070 1499.1
1159080 1497.4
1159090 1497.4
1159100 1496.9
1159110 1496.8
1159120 1491.3
1159130 1491.1
1159140 1490.0
1159150 1490.0
1159160 1488.4
1159170 1487.0
1159180 1487.0
1159190 1485.6
1159200 1483.6
1159210 1481.1
1159220 1481.1
1159230 1479.0
1159240 1476.9
1159250 1476.9
1159260 1474.8
1159270 1473.5
1159280 1473.5
1159290 1471.6
1159300 1469.9
1159310 1469.9
1159320 1468.8
1159330 1467.5
1159340 1467.5
1159350 1465.7
1159360 1463.9
1159370 1463.9
1159380 1462.3
1159390 1461.6
1159400 1461.6
1159410 1460.7
1159420 1458.0
1159430 1456.5
1159440 1456.5
1159450 1455.6
1159460 1456.0
1159470 1456.0
1159480 1458.8
1159490 1458.5
1159500 1458.5
1159510 1451.4
1159520 1447.9
1159530 1447.9
1159540 1444.3
1159550 1439.5
1159560 1439.5
1159570 1435.4
1159580 1433.7
1159590 1433.7
1159600 1434.0
1159610 1435.9
1159620 1435.9
1159630 1433.1
1159640 1427.8
1159650 1427.7
1159660 1427.7
1159670 1431.6
1159680 1433.2
1159690 1433.2
1159700 1433.3
1159710 1433.1
1159720 1433.1
1159730 1427.8
1159740 1418.0
1159750 1418.0
1159760 1406.2
1159770 1398.8
1159780 1398.8
1159790 1395.0
1159800 1391.6
1159810 1391.6
1159820 1387.9
1159830 1384.9
1159840 1384.9
1159850 1384.2
1159860 1384.2
1159870 1382.6
1159880 1382.6
1159890 1380.6
1159900 1369.4
1159910 1369.4
1159920 1367.5
1159930 1368.5
1159940 1368.5
1159950 1367.9
1159960 1367.8
1159970 1367.8
1159980 1368.4
1159990 1370.2
