1140000 2503.0
1140010 2500.6
1140020 2500.6
1140030 2498.2
1140040 2495.8
1140050 2495.8
1140060 2493.4
1140070 2490.8
1140080 2490.8
1140090 2488.1
1140100 2485.6
1140110 2485.6
1140120 2483.2
1140130 2480.8
1140140 2478.2
1140150 2478.2
1140160 2475.2
1140170 2472.5
1140180 2472.5
1140190 2470.0
1140200 2467.8
1140210 2467.8
1140220 2465.7
1140230 2463.8
1140240 2463.8
1140250 2462.0
1140260 2460.6
1140270 2460.6
1140280 2458.7
1140290 2457.1
1140300 2457.1
1140310 2456.1
1140320 2455.5
1140330 2455.5
1140340 2455.4
1140350 2455.3
1140360 2455.3
1140370 2455.2
1140380 2455.0
1140390 2454.6
1140400 2454.6
1140410 2454.3
1140420 2454.4
1140430 2454.4
1140440 2455.0
1140450 2454.5
1140460 2454.5
1140470 2452.7
1140480 2448.2
1140490 2448.2
1140500 2442.7
1140510 2437.7
1140520 2437.7
1140530 2431.8
1140540 2424.9
1140550 2424.9
1140560 2419.3
1140570 2415.3
1140580 2415.3
1140590 2409.1
1140600 2401.3
1140610 2392.3
1140620 2392.3
1140630 2389.0
1140640 2381.9
1140650 2381.9
1140660 2377.2
1140670 2373.1
1140680 2373.1
1140690 2370.9
1140700 2370.1
1140710 2370.1
1140720 2370.1
1140730 2369.2
1140740 2369.2
1140750 2366.8
1140760 2363.8
1140770 2363.8
1140780 2361.0
1140790 2358.4
1140800 2358.4
1140810 2355.4
1140820 2353.9
1140830 2350.8
1140840 2350.8
1140850 2346.8
1140860 2340.5
1140870 2340.5
1140880 2330.2
1140890 2322.1
1140900 2322.1
1140910 2310.4
1140920 2293.9
1140930 2293.9
1140940 2285.0
1140950 2280.7
1140960 2280.7
1140970 2276.1
1140980 2270.8
1140990 2270.8
1141000 2269.4
1141010 2263.3
1141020 2263.3
1141030 2257.9
1141040 2252.5
1141050 2239.5
1141060 2239.5
1141070 2225.9
1141080 2210.3
1141090 2210.3
1141100 2202.0
1141110 2197.9
1141120 2197.9
1141130 2193.5
1141140 2189.2
1141150 2189.2
1141160 2185.2
1141170 2181.2
1141180 2181.2
1141190 2177.1
1141200 2172.7
1141210 2172.7
1141220 2168.5
1141230 2164.5
1141240 2164.5
1141250 2160.6
1141260 2156.6
1141270 2156.6
1141280 2153.1
1141290 2149.6
1141300 2145.6
1141310 2145.6
1141320 2141.8
1141330 2138.1
1141340 2138.1
1141350 2135.0
1141360 2131.9
1141370 2133.1
1141380 2129.9
1141390 2126.8
1141400 2126.8
1141410 2123.3
1141420 2119.9
1141430 2119.9
1141440 2116.3
1141450 2112.7
1141460 2112.7
1141470 2109.0
1141480 2105.4
1141490 2105.4
1141500 2101.9
1141510 2098.4
1141520 2095.2
1141530 2095.2
1141540 2091.5
1141550 2088.1
1141560 2088.1
1141570 2084.4
1141580 2080.6
1141590 2080.6
1141600 2076.9
1141610 2073.4
1141620 2073.4
1141630 2070.2
1141640 2066.8
1141650 2066.8
1141660 2063.3
1141670 2060.0
1141680 2060.0
1141690 2056.9
1141700 2053.9
1141710 2053.9
1141720 2050.8
1141730 2047.8
1141740 2045.6
1141750 2045.6
1141760 2041.9
1141770 2038.9
1141780 2038.9
1141790 2035.2
1141800 2032.1
1141810 2032.1
1141820 2028.4
1141830 2025.5
1141840 2025.5
1141850 2022.5
1141860 2018.8
1141870 2018.8
1141880 2015.0
1141890 2010.4
1141900 2010.4
1141910 2005.3
1141920 1999.9
1141930 1999.9
1141940 1994.3
1141950 1988.1
1141960 1981.9
1141970 1981.9
1141980 1974.6
1141990 1969.2
1142000 1969.2
1142010 1964.6
1142020 1961.4
1142030 1961.4
1142040 1959.7
1142050 1956.8
1142060 1956.8
1142070 1953.4
1142080 1949.3
1142090 1949.3
1142100 1944.5
1142110 1940.2
1142120 1940.2
1142130 1935.0
1142140 1930.0
1142150 1930.0
1142160 1925.4
1142170 1921.8
1142180 1919.5
1142190 1919.5
1142200 1916.5
1142210 1913.0
1142220 1913.0
1142230 1907.9
1142240 1901.6
1142250 1901.6
1142260 1895.7
1142270 1889.1
1142280 1889.1
1142290 1883.2
1142300 1876.0
1142310 1876.0
1142320 1868.5
1142330 1862.4
1142340 1862.4
1142350 1856.5
1142360 1851.3
1142370 1851.3
1142380 1846.3
1142390 1841.1
1142400 1841.1
1142410 1836.8
1142420 1831.8
1142430 1826.7
1142440 1826.7
1142450 1822.7
1142460 1819.6
1142470 1819.6
1142480 1819.9
1142490 1817.7
1142500 1817.7
1142510 1815.9
1142520 1814.3
1142530 1814.3
1142540 1812.1
1142550 1810.3
1142560 1810.3
1142570 1809.4
1142580 1808.8
1142590 1808.8
1142600 1807.9
1142610 1806.8
1142620 1806.8
1142630 1805.2
1142640 1804.4
1142650 1808.6
1142660 1808.6
1142670 1814.9
1142680 1820.0
1142690 1820.0
1142700 1824.5
1142710 1828.3
1142720 1828.3
1142730 1832.0
1142740 1836.3
1142750 1836.3
1142760 1839.1
1142770 1842.8
1142780 1842.8
1142790 1846.6
1142800 1849.5
1142810 1849.5
1142820 1851.9
1142830 1855.0
1142840 1855.0
1142850 1854.1
1142860 1855.7
1142870 1856.4
1142880 1856.4
1142890 1856.5
1142900 1858.3
1142910 1858.3
1142920 1858.8
1142930 1858.8
1142940 1858.8
1142950 1858.9
1142960 1859.1
1142970 1859.1
1142980 1859.7
1142990 1861.3
1143000 1861.3
1143010 1864.8
1143020 1866.3
1143030 1866.3
1143040 1867.1
1143050 1868.7
1143060 1868.7
1143070 1868.8
1143080 1870.4
1143090 1871.6
1143100 1871.6
1143110 1872.3
1143120 1871.3
1143130 1871.3
1143140 1872.5
1143150 1876.0
1143160 1876.0
1143170 1883.2
1143180 1891.3
1143190 1891.3
1143200 1898.4
1143210 1904.4
1143220 1904.8
1143230 1910.3
1143240 1915.8
1143250 1915.8
1143260 1922.2
1143270 1928.6
1143280 1928.6
1143290 1935.4
1143300 1943.3
1143310 1951.6
1143320 1951.6
1143330 1959.2
1143340 1965.1
1143350 1965.1
1143360 1970.8
1143370 1976.9
1143380 1976.9
1143390 1983.3
1143400 1989.7
1143410 1989.7
1143420 1996.5
1143430 2003.6
1143440 2003.6
1143450 2010.7
1143460 2017.7
1143470 2017.7
1143480 2024.5
1143490 2030.3
1143500 2030.3
1143510 2034.7
1143520 2038.9
1143530 2042.1
1143540 2042.1
1143550 2045.2
1143560 2050.0
1143570 2050.0
1143580 2056.0
1143590 2061.0
1143600 2061.0
1143610 2063.4
1143620 2065.7
1143630 2065.7
1143640 2068.3
1143650 2070.7
1143660 2070.7
1143670 2072.7
1143680 2074.6
1143690 2074.6
1143700 2078.0
1143710 2082.2
1143720 2082.2
1143730 2085.7
1143740 2087.2
1143750 2087.2
1143760 2088.3
1143770 2089.6
1143780 2090.3
1143790 2090.3
1143800 2090.8
1143810 2092.4
1143820 2092.4
1143830 2094.3
1143840 2096.9
1143850 2096.9
1143860 2100.1
1143870 2102.9
1143880 2102.9
1143890 2105.8
1143900 2109.7
1143910 2109.7
1143920 2113.6
1143930 2117.4
1143940 2117.4
1143950 2121.2
1143960 2127.0
1143970 2127.0
1143980 2130.8
1143990 2134.3
1144000 2137.6
1144010 2137.6
1144020 2140.9
1144030 2144.3
1144040 2144.3
1144050 2147.5
1144060 2150.8
1144070 2150.8
1144080 2153.4
1144090 2155.9
1144100 2155.9
1144110 2157.3
1144120 2159.1
1144130 2159.1
1144140 2161.3
1144150 2163.5
1144160 2163.5
1144170 2166.8
1144180 2170.9
1144190 2170.9
1144200 2174.8
1144210 2178.3
1144220 2182.3
1144230 2182.3
1144240 2186.6
1144250 2190.8
1144260 2190.8
1144270 2193.8
1144280 2196.0
1144290 2196.0
1144300 2201.2
1144310 2210.8
1144320 2210.8
1144330 2221.9
1144340 2235.5
1144350 2235.5
1144360 2245.5
1144370 2252.5
1144380 2252.5
1144390 2258.6
1144400 2268.2
1144410 2268.2
1144420 2275.2
1144430 2282.6
1144440 2289.9
1144450 2289.9
1144460 2293.8
1144470 2296.2
1144480 2296.2
1144490 2297.5
1144500 2293.8
1144510 2293.8
1144520 2296.5
1144530 2304.3
1144540 2304.3
1144550 2316.5
1144560 2328.9
1144570 2328.9
1144580 2334.9
1144590 2340.1
1144600 2340.1
1144610 2344.6
1144620 2348.3
1144630 2348.3
1144640 2351.8
1144650 2355.5
1144660 2359.6
1144670 2359.6
1144680 2363.6
1144690 2367.0
1144700 2367.0
1144710 2368.5
1144720 2371.8
1144730 2371.8
1144740 2375.3
1144750 2379.1
1144760 2379.1
1144770 2382.8
1144780 2386.3
1144790 2386.3
1144800 2390.0
1144810 2393.7
1144820 2393.7
1144830 2398.3
1144840 2403.1
1144850 2403.1
1144860 2407.5
1144870 2411.5
1144880 2411.5
1144890 2415.8
1144900 2420.6
1144910 2424.7
1144920 2424.7
1144930 2428.6
1144940 2432.5
1144950 2432.5
1144960 2436.2
1144970 2439.7
1144980 2439.7
1144990 2443.6
1145000 2446.9
1145010 2446.9
1145020 2449.9
1145030 2453.3
1145040 2453.3
1145050 2456.3
1145060 2458.8
1145070 2458.8
1145080 2460.5
1145090 2462.2
1145100 2462.2
1145110 2463.3
1145120 2463.9
1145130 2464.9
1145140 2464.9
1145150 2465.1
1145160 2465.5
1145170 2465.5
1145180 2466.3
1145190 2467.1
1145200 2467.1
1145210 2468.7
1145220 2471.9
1145230 2471.9
1145240 2474.5
1145250 2476.5
1145260 2476.5
1145270 2480.6
1145280 2484.4
1145290 2484.4
1145300 2488.2
1145310 2491.3
1145320 2491.3
1145330 2494.8
1145340 2499.9
1145350 2510.4
1145360 2510.4
1145370 2516.9
1145380 2522.9
1145390 2522.9
1145400 2529.2
1145410 2534.6
1145420 2534.6
1145430 2542.3
1145440 2549.4
1145450 2549.4
1145460 2548.9
1145470 2552.8
1145480 2552.8
1145490 2556.0
1145500 2556.7
1145510 2556.7
1145520 2555.1
1145530 2554.9
1145540 2554.9
1145550 2555.3
1145560 2555.9
1145570 2556.3
1145580 2556.3
1145590 2556.4
1145600 2556.4
1145610 2556.4
1145620 2556.2
1145630 2556.2
1145640 2556.2
1145650 2556.3
1145660 2556.6
1145670 2556.6
1145680 2557.5
1145690 2560.2
1145700 2560.2
1145710 2565.5
1145720 2571.4
1145730 2571.4
1145740 2575.4
1145750 2577.1
1145760 2577.1
1145770 2577.8
1145780 2578.9
1145790 2580.5
1145800 2580.5
1145810 2582.4
1145820 2585.0
1145830 2588.0
1145840 2590.1
1145850 2591.6
1145860 2591.6
1145870 2592.7
1145880 2595.6
1145890 2595.6
1145900 2599.7
1145910 2604.4
1145920 2604.4
1145930 2609.7
1145940 2615.1
1145950 2615.1
1145960 2619.7
1145970 2623.9
1145980 2623.9
1145990 2627.2
1146000 2630.1
1146010 2630.1
1146020 2633.5
1146030 2636.8
1146040 2639.2
1146050 2639.2
1146060 2641.2
1146070 2642.3
1146080 2642.3
1146090 2642.4
1146100 2643.6
1146110 2643.6
1146120 2641.8
1146130 2638.8
1146140 2638.8
1146150 2637.8
1146160 2637.3
1146170 2637.3
1146180 2637.7
1146190 2636.2
1146200 2636.2
1146210 2630.0
1146220 2632.0
1146230 2632.0
1146240 2633.4
1146250 2633.7
1146260 2632.7
1146270 2632.7
1146280 2633.6
1146290 2635.5
1146300 2635.5
1146310 2637.6
1146320 2639.7
1146330 2639.7
1146340 2640.5
1146350 2641.4
1146360 2641.4
1146370 2644.4
1146380 2647.9
1146390 2647.9
1146400 2649.4
1146410 2649.1
1146420 2649.1
1146430 2647.1
1146440 2646.5
1146450 2646.5
1146460 2646.8
1146470 2648.0
1146480 2651.2
1146490 2651.2
1146500 2655.6
1146510 2660.4
1146520 2660.4
1146530 2665.3
1146540 2670.5
1146550 2670.5
1146560 2675.8
1146570 2681.6
1146580 2679.9
1146590 2686.2
1146600 2692.8
1146610 2692.8
1146620 2700.2
1146630 2707.1
1146640 2707.1
1146650 2714.2
1146660 2721.8
1146670 2721.8
1146680 2730.1
1146690 2738.1
1146700 2746.1
1146710 2746.1
1146720 2754.2
1146730 2762.3
1146740 2762.3
1146750 2770.9
1146760 2779.3
1146770 2779.3
1146780 2787.8
1146790 2800.4
1146800 2800.4
1146810 2811.7
1146820 2820.6
1146830 2820.6
1146840 2830.7
1146850 2840.7
1146860 2840.7
1146870 2840.1
1146880 2828.4
1146890 2828.4
1146900 2816.1
1146910 2803.9
1146920 2794.5
1146930 2794.5
1146940 2788.8
1146950 2780.4
1146960 2785.8
1146970 2774.4
1146980 2764.7
1146990 2764.7
1147000 2755.4
1147010 2747.8
1147020 2747.8
1147030 2741.2
1147040 2730.6
1147050 2730.6
1147060 2717.5
1147070 2705.3
1147080 2705.3
1147090 2693.3
1147100 2681.5
1147110 2681.5
1147120 2672.2
1147130 2665.4
1147140 2665.4
1147150 2661.9
1147160 2659.5
1147170 2657.9
1147180 2657.9
1147190 2656.3
1147200 2653.9
1147210 2653.9
1147220 2650.7
1147230 2646.7
1147240 2646.7
1147250 2642.1
1147260 2638.4
1147270 2638.4
1147280 2633.1
1147290 2627.3
1147300 2627.3
1147310 2622.9
1147320 2618.8
1147330 2623.6
1147340 2619.6
1147350 2615.4
1147360 2615.4
1147370 2610.5
1147380 2605.6
1147390 2600.4
1147400 2600.4
1147410 2594.7
1147420 2588.8
1147430 2588.8
1147440 2582.7
1147450 2576.3
1147460 2576.3
1147470 2569.8
1147480 2563.4
1147490 2563.4
1147500 2557.0
1147510 2550.9
1147520 2550.9
1147530 2545.0
1147540 2539.2
1147550 2539.2
1147560 2533.6
1147570 2527.8
1147580 2527.8
1147590 2522.3
1147600 2518.6
1147610 2515.8
1147620 2515.8
1147630 2512.9
1147640 2511.1
1147650 2511.1
1147660 2509.9
1147670 2508.4
1147680 2508.4
1147690 2506.7
1147700 2504.6
1147710 2509.9
1147720 2507.6
1147730 2505.1
1147740 2505.1
1147750 2502.4
1147760 2499.9
1147770 2499.9
1147780 2497.3
1147790 2494.6
1147800 2494.6
1147810 2491.8
1147820 2489.0
1147830 2486.5
1147840 2486.5
1147850 2484.3
1147860 2482.3
1147870 2482.3
1147880 2480.4
1147890 2478.2
1147900 2478.2
1147910 2475.5
1147920 2472.5
1147930 2472.5
1147940 2469.9
1147950 2467.5
1147960 2467.5
1147970 2464.1
1147980 2460.3
1147990 2460.3
1148000 2457.8
1148010 2458.1
1148020 2458.1
1148030 2457.8
1148040 2458.0
1148050 2457.9
1148060 2457.9
1148070 2458.7
1148080 2459.1
1148090 2462.0
1148100 2461.1
1148110 2459.3
1148120 2459.3
1148130 2455.7
1148140 2454.2
1148150 2454.2
1148160 2454.8
1148170 2454.1
1148180 2454.1
1148190 2453.0
1148200 2455.2
1148210 2455.2
1148220 2457.6
1148230 2459.0
1148240 2459.0
1148250 2459.0
1148260 2457.9
1148270 2457.9
1148280 2456.6
1148290 2456.2
1148300 2456.5
1148310 2456.5
1148320 2457.9
1148330 2459.5
1148340 2459.5
1148350 2460.1
1148360 2461.6
1148370 2461.6
1148380 2462.7
1148390 2463.1
1148400 2463.1
1148410 2463.3
1148420 2464.2
1148430 2464.2
1148440 2468.7
1148450 2474.8
1148460 2478.9
1148470 2485.1
1148480 2490.8
1148490 2490.8
1148500 2496.7
1148510 2505.3
1148520 2509.6
1148530 2509.6
1148540 2513.5
1148550 2524.4
1148560 2524.4
1148570 2541.6
1148580 2553.6
1148590 2553.6
1148600 2558.2
1148610 2558.6
1148620 2558.6
1148630 2560.5
1148640 2560.4
1148650 2560.4
1148660 2557.1
1148670 2553.7
1148680 2553.7
1148690 2551.8
1148700 2550.5
1148710 2550.5
1148720 2547.4
1148730 2546.1
1148740 2546.7
1148750 2546.7
1148760 2548.2
1148770 2557.4
1148780 2557.4
1148790 2559.2
1148800 2561.4
1148810 2561.4
1148820 2566.4
1148830 2569.2
1148840 2582.0
1148850 2586.0
1148860 2587.8
1148870 2587.8
1148880 2583.2
1148890 2580.1
1148900 2580.1
1148910 2578.1
1148920 2585.6
1148930 2585.6
1148940 2594.4
1148950 2602.4
1148960 2608.6
1148970 2608.6
1148980 2610.8
1148990 2606.6
1149000 2606.6
1149010 2597.8
1149020 2594.0
1149030 2594.0
1149040 2597.1
1149050 2602.3
1149060 2602.3
1149070 2610.1
1149080 2620.6
1149090 2620.6
1149100 2626.7
1149110 2632.7
1149120 2632.7
1149130 2634.7
1149140 2632.9
1149150 2632.9
1149160 2628.4
1149170 2625.1
1149180 2625.0
1149190 2625.0
1149200 2626.4
1149210 2627.3
1149220 2638.4
1149230 2642.6
1149240 2645.4
1149250 2645.4
1149260 2648.6
1149270 2648.5
1149280 2648.5
1149290 2650.6
1149300 2654.4
1149310 2654.4
1149320 2656.7
1149330 2655.3
1149340 2655.3
1149350 2657.2
1149360 2663.2
1149370 2663.2
1149380 2668.2
1149390 2670.0
1149400 2670.0
1149410 2672.1
1149420 2674.4
1149430 2676.3
1149440 2676.3
1149450 2678.2
1149460 2679.9
1149470 2679.9
1149480 2679.8
1149490 2681.9
1149500 2681.9
1149510 2684.7
1149520 2688.0
1149530 2688.0
1149540 2688.8
1149550 2689.0
1149560 2689.0
1149570 2691.0
1149580 2694.5
1149590 2694.5
1149600 2696.3
1149610 2697.7
1149620 2697.7
1149630 2700.2
1149640 2689.9
1149650 2678.1
1149660 2678.1
1149670 2670.7
1149680 2664.4
1149690 2664.4
1149700 2660.2
1149710 2657.4
1149720 2657.4
1149730 2655.7
1149740 2653.9
1149750 2653.9
1149760 2653.4
1149770 2654.2
1149780 2654.2
1149790 2654.5
1149800 2650.4
1149810 2650.4
1149820 2646.5
1149830 2643.4
1149840 2643.4
1149850 2641.2
1149860 2638.7
1149870 2637.1
1149880 2637.1
1149890 2634.9
1149900 2633.5
1149910 2633.5
1149920 2629.3
1149930 2628.4
1149940 2628.4
1149950 2628.4
1149960 2622.3
1149970 2622.3
1149980 2606.0
1149990 2595.7
1150000 2595.7
1150010 2583.2
1150020 2575.6
1150030 2575.6
1150040 2572.3
1150050 2560.0
1150060 2560.0
1150070 2550.3
1150080 2544.1
1150090 2535.4
1150100 2535.4
1150110 2527.3
1150120 2518.7
1150130 2518.7
1150140 2510.2
1150150 2504.4
1150160 2504.4
1150170 2498.0
1150180 2491.6
1150190 2491.6
1150200 2485.4
1150210 2479.4
1150220 2479.4
1150230 2474.1
1150240 2469.4
1150250 2469.4
1150260 2466.1
1150270 2463.8
1150280 2463.8
1150290 2461.9
1150300 2461.2
1150310 2460.7
1150320 2460.7
1150330 2461.1
1150340 2461.7
1150350 2461.7
1150360 2460.2
1150370 2464.1
1150380 2464.1
1150390 2469.7
1150400 2474.4
1150410 2474.4
1150420 2478.0
1150430 2480.6
1150440 2480.6
1150450 2480.4
1150460 2476.8
1150470 2476.8
1150480 2474.8
1150490 2476.3
1150500 2476.3
1150510 2479.5
1150520 2478.5
1150530 2478.5
1150540 2479.7
1150550 2484.4
1150560 2489.0
1150570 2489.0
1150580 2492.7
1150590 2494.4
1150600 2494.4
1150610 2494.3
1150620 2495.9
1150630 2495.9
1150640 2498.3
1150650 2500.8
1150660 2500.8
1150670 2501.8
1150680 2500.6
1150690 2500.6
1150700 2501.6
1150710 2504.6
1150720 2504.6
1150730 2505.3
1150740 2512.4
1150750 2512.4
1150760 2519.2
1150770 2526.9
1150780 2535.3
1150790 2535.3
1150800 2541.9
1150810 2546.7
1150820 2546.7
1150830 2549.2
1150840 2551.2
1150850 2551.2
1150860 2551.8
1150870 2552.2
1150880 2552.2
1150890 2555.8
1150900 2561.2
1150910 2561.2
1150920 2559.6
1150930 2557.1
1150940 2557.1
1150950 2556.0
1150960 2556.5
1150970 2556.5
1150980 2556.6
1150990 2553.3
1151000 2551.9
1151010 2551.9
1151020 2551.2
1151030 2549.4
1151040 2549.4
1151050 2548.7
1151060 2547.0
1151070 2547.0
1151080 2544.1
1151090 2542.9
1151100 2542.9
1151110 2541.9
1151120 2537.2
1151130 2537.2
1151140 2539.1
1151150 2541.9
1151160 2541.9
1151170 2544.6
1151180 2547.1
1151190 2547.1
1151200 2548.7
1151210 2545.5
1151220 2543.9
1151230 2543.9
1151240 2544.6
1151250 2544.5
1151260 2544.5
1151270 2546.6
1151280 2549.0
1151290 2549.0
1151300 2550.8
1151310 2551.1
1151320 2551.1
1151330 2550.9
1151340 2551.3
1151350 2551.3
1151360 2551.5
1151370 2551.2
1151380 2551.2
1151390 2551.6
1151400 2552.1
1151410 2552.1
1151420 2549.0
1151430 2539.2
1151440 2526.6
1151450 2526.6
1151460 2515.0
1151470 2503.8
1151480 2503.8
1151490 2494.2
1151500 2489.7
1151510 2489.7
1151520 2482.4
1151530 2475.4
1151540 2475.4
1151550 2468.0
1151560 2461.2
1151570 2461.2
1151580 2455.9
1151590 2451.9
1151600 2451.9
1151610 2447.9
1151620 2441.4
1151630 2441.4
1151640 2433.5
1151650 2426.6
1151660 2420.4
1151670 2420.4
1151680 2413.6
1151690 2407.6
1151700 2407.6
1151710 2401.1
1151720 2394.1
1151730 2394.1
1151740 2387.3
1151750 2380.4
1151760 2380.4
1151770 2373.4
1151780 2365.4
1151790 2365.4
1151800 2356.5
1151810 2348.5
1151820 2348.5
1151830 2342.0
1151840 2335.3
1151850 2335.3
1151860 2329.0
1151870 2321.2
1151880 2323.7
1151890 2318.5
1151900 2314.2
1151910 2309.4
1151920 2309.4
1151930 2306.0
1151940 2301.5
1151950 2301.5
1151960 2295.8
1151970 2289.9
1151980 2289.9
1151990 2286.4
1152000 2282.0
1152010 2282.0
1152020 2276.7
1152030 2273.0
1152040 2273.0
1152050 2268.0
1152060 2262.8
1152070 2262.8
1152080 2259.5
1152090 2255.5
1152100 2255.5
1152110 2251.6
1152120 2247.7
1152130 2244.4
1152140 2244.4
1152150 2241.9
1152160 2239.5
1152170 2239.5
1152180 2237.6
1152190 2236.4
1152200 2236.4
1152210 2236.4
1152220 2236.9
1152230 2236.9
1152240 2237.4
1152250 2237.9
1152260 2232.5
1152270 2233.0
1152280 2234.9
1152290 2234.9
1152300 2237.0
1152310 2238.1
1152320 2238.1
1152330 2239.1
1152340 2238.6
1152350 2234.6
1152360 2234.6
1152370 2229.1
1152380 2223.5
1152390 2223.5
1152400 2218.9
1152410 2215.5
1152420 2215.5
1152430 2213.3
1152440 2211.9
1152450 2211.9
1152460 2209.4
1152470 2207.0
1152480 2207.0
1152490 2205.1
1152500 2202.3
1152510 2202.3
1152520 2200.0
1152530 2198.3
1152540 2198.3
1152550 2196.6
1152560 2194.7
1152570 2192.3
1152580 2192.3
1152590 2189.6
1152600 2187.4
1152610 2187.4
1152620 2184.7
1152630 2181.9
1152640 2180.5
1152650 2178.7
1152660 2177.4
1152670 2177.4
1152680 2176.2
1152690 2174.8
1152700 2174.8
1152710 2173.5
1152720 2172.3
1152730 2172.3
1152740 2171.2
1152750 2170.4
1152760 2170.4
1152770 2170.3
1152780 2170.5
1152790 2170.0
1152800 2170.0
1152810 2171.3
1152820 2173.4
1152830 2173.4
1152840 2172.3
1152850 2170.4
1152860 2170.4
1152870 2170.3
1152880 2171.2
1152890 2171.2
1152900 2171.6
1152910 2172.5
1152920 2172.5
1152930 2173.7
1152940 2175.8
1152950 2175.8
1152960 2178.7
1152970 2180.7
1152980 2180.7
1152990 2182.5
1153000 2185.3
1153010 2185.3
1153020 2180.9
1153030 2182.9
1153040 2185.0
1153050 2185.0
1153060 2187.5
1153070 2190.6
1153080 2190.6
1153090 2193.3
1153100 2193.4
1153110 2193.4
1153120 2192.9
1153130 2191.2
1153140 2191.2
1153150 2189.3
1153160 2186.6
1153170 2186.6
1153180 2183.4
1153190 2182.1
1153200 2182.1
1153210 2182.2
1153220 2182.5
1153230 2182.5
1153240 2182.2
1153250 2183.2
1153260 2184.6
1153270 2184.6
1153280 2184.1
1153290 2181.8
1153300 2181.8
1153310 2178.7
1153320 2175.3
1153330 2175.3
1153340 2172.3
1153350 2169.2
1153360 2169.2
1153370 2166.3
1153380 2163.1
1153390 2163.1
1153400 2158.7
1153410 2153.4
1153420 2153.4
1153430 2152.1
1153440 2149.2
1153450 2149.2
1153460 2145.7
1153470 2142.0
1153480 2138.0
1153490 2138.0
1153500 2134.0
1153510 2130.3
1153520 2130.3
1153530 2126.6
1153540 2121.8
1153550 2121.8
1153560 2116.9
1153570 2111.7
1153580 2111.7
1153590 2105.1
1153600 2098.8
1153610 2098.8
1153620 2091.7
1153630 2084.5
1153640 2084.5
1153650 2077.0
1153660 2069.8
1153670 2069.8
1153680 2064.0
1153690 2059.1
1153700 2055.4
1153710 2055.4
1153720 2052.6
1153730 2049.4
1153740 2049.4
1153750 2045.7
1153760 2042.7
1153770 2042.7
1153780 2040.0
1153790 2036.6
1153800 2036.6
1153810 2033.8
1153820 2031.4
1153830 2031.4
1153840 2029.0
1153850 2025.5
1153860 2025.5
1153870 2021.4
1153880 2018.0
1153890 2018.0
1153900 2012.7
1153910 2005.5
1153920 1999.1
1153930 1999.1
1153940 1992.7
1153950 1986.8
1153960 1986.8
1153970 1982.1
1153980 1979.6
1153990 1979.6
1154000 1977.3
1154010 1974.9
1154020 1974.9
1154030 1975.9
1154040 1977.5
1154050 1977.5
1154060 1979.0
1154070 1982.8
1154080 1982.8
1154090 1985.6
1154100 1986.1
1154110 1986.1
1154120 1988.5
1154130 1991.8
1154140 1993.8
1154150 1993.8
1154160 1994.6
1154170 1996.1
1154180 1996.1
1154190 2000.0
1154200 2001.9
1154210 2001.9
1154220 2002.7
1154230 2000.6
1154240 2000.6
1154250 2000.0
1154260 2001.6
1154270 2001.6
1154280 2003.6
1154290 2004.2
1154300 2004.2
1154310 2005.2
1154320 2006.2
1154330 2006.2
1154340 2007.6
1154350 2010.6
1154360 2010.6
1154370 2013.2
1154380 2015.7
1154390 2018.0
1154400 2018.0
1154410 2020.4
1154420 2025.4
1154430 2025.4
1154440 2034.2
1154450 2041.3
1154460 2041.3
1154470 2046.9
1154480 2051.4
1154490 2051.4
1154500 2055.4
1154510 2058.6
1154520 2058.6
1154530 2061.7
1154540 2064.9
1154550 2064.9
1154560 2065.9
1154570 2069.1
1154580 2069.1
1154590 2072.4
1154600 2075.5
1154610 2079.2
1154620 2079.2
1154630 2082.7
1154640 2085.9
1154650 2085.9
1154660 2088.7
1154670 2092.4
1154680 2092.4
1154690 2096.9
1154700 2101.9
1154710 2101.9
1154720 2107.2
1154730 2112.2
1154740 2112.2
1154750 2118.1
1154760 2124.1
1154770 2124.1
1154780 2130.7
1154790 2137.3
1154800 2137.3
1154810 2143.5
1154820 2149.4
1154830 2155.3
1154840 2155.3
1154850 2160.8
1154860 2165.0
1154870 2165.0
1154880 2166.7
1154890 2167.1
1154900 2167.1
1154910 2164.7
1154920 2160.0
1154930 2160.0
1154940 2143.4
1154950 2130.6
1154960 2130.6
1154970 2115.6
1154980 2109.3
1154990 2109.3
1155000 2107.7
1155010 2105.0
1155020 2105.0
1155030 2102.8
1155040 2101.2
1155050 2101.5
1155060 2101.5
1155070 2103.9
1155080 2107.6
1155090 2107.6
1155100 2112.0
1155110 2115.5
1155120 2115.5
1155130 2119.0
1155140 2120.7
1155150 2120.7
1155160 2123.1
1155170 2125.7
1155180 2125.7
1155190 2128.0
1155200 2130.4
1155210 2130.4
1155220 2132.6
1155230 2134.0
1155240 2134.0
1155250 2134.5
1155260 2134.6
1155270 2134.8
1155280 2134.8
1155290 2133.0
1155300 2134.2
1155310 2134.2
1155320 2138.0
1155330 2136.0
1155340 2136.0
1155350 2138.4
1155360 2140.5
1155370 2140.5
1155380 2142.5
1155390 2145.0
1155400 2145.0
1155410 2147.0
1155420 2147.9
1155430 2147.9
1155440 2148.8
1155450 2150.3
1155460 2150.3
1155470 2151.7
1155480 2152.9
1155490 2152.9
1155500 2153.7
1155510 2156.8
1155520 2160.3
1155530 2160.3
1155540 2163.4
1155550 2166.1
1155560 2166.1
1155570 2168.4
1155580 2170.5
1155590 2170.5
1155600 2172.3
1155610 2173.6
1155620 2173.6
1155630 2174.9
1155640 2175.1
1155650 2175.1
1155660 2173.5
1155670 2170.2
1155680 2170.2
1155690 2164.1
1155700 2157.1
1155710 2155.4
1155720 2148.3
1155730 2142.0
1155740 2136.3
1155750 2136.3
1155760 2132.0
1155770 2127.3
1155780 2127.3
1155790 2121.2
1155800 2113.6
1155810 2113.6
1155820 2106.7
1155830 2102.2
1155840 2102.2
1155850 2099.5
1155860 2096.1
1155870 2096.1
1155880 2088.4
1155890 2081.1
1155900 2081.1
1155910 2075.6
1155920 2070.8
1155930 2070.8
1155940 2067.6
1155950 2065.7
1155960 2064.2
1155970 2064.2
1155980 2063.1
1155990 2063.6
1156000 2063.6
1156010 2065.1
1156020 2058.8
1156030 2058.8
1156040 2048.1
1156050 2040.4
1156060 2040.4
1156070 2034.0
1156080 2028.7
1156090 2028.7
1156100 2020.0
1156110 2015.1
1156120 2015.1
1156130 2011.6
1156140 2009.4
1156150 2009.4
1156160 2006.3
1156170 2002.6
1156180 1997.7
1156190 1997.7
1156200 1993.6
1156210 1988.5
1156220 1988.5
1156230 1982.9
1156240 1977.2
1156250 1977.2
1156260 1972.2
1156270 1967.7
1156280 1967.7
1156290 1963.2
1156300 1959.1
1156310 1959.1
1156320 1955.8
1156330 1954.3
1156340 1954.3
1156350 1954.5
1156360 1954.9
1156370 1954.9
1156380 1955.1
1156390 1955.3
1156400 1956.8
1156410 1956.8
1156420 1960.0
1156430 1963.1
1156440 1963.1
1156450 1962.5
1156460 1959.5
1156470 1959.5
1156480 1955.1
1156490 1947.0
1156500 1947.0
1156510 1944.0
1156520 1941.5
1156530 1941.5
1156540 1940.2
1156550 1938.3
1156560 1938.3
1156570 1935.3
1156580 1932.6
1156590 1932.6
1156600 1929.7
1156610 1927.1
1156620 1927.1
1156630 1924.3
1156640 1921.4
1156650 1919.1
1156660 1919.1
1156670 1917.1
1156680 1914.5
1156690 1914.5
1156700 1912.5
1156710 1910.1
1156720 1910.1
1156730 1907.3
1156740 1902.9
1156750 1902.9
1156760 1898.6
1156770 1894.9
1156780 1894.9
1156790 1890.9
1156800 1886.7
1156810 1886.7
1156820 1882.3
1156830 1877.9
1156840 1877.9
1156850 1874.0
1156860 1869.3
1156870 1865.7
1156880 1865.7
1156890 1861.8
1156900 1858.8
1156910 1858.8
1156920 1855.1
1156930 1851.0
1156940 1851.0
1156950 1846.4
1156960 1841.3
1156970 1841.3
1156980 1836.3
1156990 1831.6
1157000 1831.6
1157010 1829.5
1157020 1830.7
1157030 1830.7
1157040 1833.4
1157050 1837.6
1157060 1837.6
1157070 1841.7
1157080 1840.1
1157090 1835.4
1157100 1835.4
1157110 1832.9
1157120 1832.5
1157130 1832.5
1157140 1832.4
1157150 1832.2
1157160 1832.2
1157170 1831.6
1157180 1831.1
1157190 1831.1
1157200 1832.3
1157210 1833.5
1157220 1833.5
1157230 1835.8
1157240 1840.2
1157250 1840.2
1157260 1845.2
1157270 1848.5
1157280 1848.5
1157290 1849.6
1157300 1848.0
1157310 1843.4
1157320 1843.4
1157330 1839.9
1157340 1836.9
1157350 1836.9
1157360 1834.9
1157370 1832.8
1157380 1832.8
1157390 1829.5
1157400 1824.1
1157410 1824.1
1157420 1818.3
1157430 1813.7
1157440 1813.7
1157450 1809.7
1157460 1808.0
1157470 1808.0
1157480 1805.7
1157490 1799.9
1157500 1799.9
1157510 1793.7
1157520 1788.5
1157530 1784.0
1157540 1784.0
1157550 1780.4
1157560 1777.0
1157570 1777.0
1157580 1774.1
1157590 1771.4
1157600 1771.4
1157610 1767.3
1157620 1763.3
1157630 1763.3
1157640 1759.9
1157650 1752.9
1157660 1752.9
1157670 1750.6
1157680 1750.3
1157690 1750.3
1157700 1753.3
1157710 1756.0
1157720 1756.0
1157730 1759.8
1157740 1761.1
1157750 1757.4
1157760 1757.4
1157770 1751.8
1157780 1744.0
1157790 1744.0
1157800 1734.8
1157810 1727.3
1157820 1727.3
1157830 1722.6
1157840 1722.2
1157850 1722.2
1157860 1724.1
1157870 1725.8
1157880 1725.8
1157890 1728.2
1157900 1729.0
1157910 1729.0
1157920 1730.8
1157930 1733.6
1157940 1733.6
1157950 1736.1
1157960 1738.4
1157970 1738.4
1157980 1740.7
1157990 1744.0
1158000 1747.3
1158010 1747.3
1158020 1749.8
1158030 1754.0
1158040 1750.0
1158050 1755.3
1158060 1758.1
1158070 1758.1
1158080 1757.4
1158090 1755.6
1158100 1755.6
1158110 1756.0
1158120 1756.9
1158130 1756.9
1158140 1757.3
1158150 1757.6
1158160 1757.6
1158170 1758.0
1158180 1757.8
1158190 1757.8
1158200 1757.9
1158210 1758.1
1158220 1758.1
1158230 1758.1
1158240 1758.3
1158250 1758.9
1158260 1758.9
1158270 1760.9
1158280 1763.4
1158290 1763.4
1158300 1763.9
1158310 1763.1
1158320 1763.1
1158330 1763.8
1158340 1764.9
1158350 1764.9
1158360 1766.2
1158370 1767.3
1158380 1767.3
1158390 1768.2
1158400 1769.4
1158410 1769.4
1158420 1771.0
1158430 1770.2
1158440 1771.6
1158450 1771.6
1158460 1772.6
1158470 1773.7
1158480 1773.7
1158490 1774.6
1158500 1775.5
1158510 1775.5
1158520 1776.7
1158530 1777.8
1158540 1777.8
1158550 1779.1
1158560 1780.4
1158570 1780.4
1158580 1781.6
1158590 1782.6
1158600 1782.6
1158610 1783.2
1158620 1783.4
1158630 1783.4
1158640 1784.3
1158650 1785.2
1158660 1786.1
1158670 1786.1
1158680 1787.2
1158690 1787.6
1158700 1787.6
1158710 1786.2
1158720 1785.0
1158730 1785.0
1158740 1784.9
1158750 1784.4
1158760 1784.4
1158770 1784.0
1158780 1785.3
1158790 1785.3
1158800 1784.7
1158810 1780.1
1158820 1780.1
1158830 1778.7
1158840 1778.5
1158850 1778.5
1158860 1777.7
1158870 1777.4
1158880 1777.6
1158890 1777.6
1158900 1777.7
1158910 1777.5
1158920 1777.5
1158930 1777.5
1158940 1778.1
1158950 1778.1
1158960 1778.0
1158970 1778.4
1158980 1778.4
1158990 1780.0
1159000 1780.5
1159010 1780.5
1159020 1780.8
1159030 1781.3
1159040 1781.3
1159050 1782.0
1159060 1782.6
1159070 1782.6
1159080 1783.3
1159090 1783.4
1159100 1782.9
1159110 1782.9
1159120 1782.2
1159130 1781.6
1159140 1781.6
1159150 1781.1
1159160 1780.5
1159170 1780.5
1159180 1779.8
1159190 1779.2
1159200 1775.6
1159210 1774.7
1159220 1774.1
1159230 1774.1
1159240 1773.4
1159250 1772.8
1159260 1772.8
1159270 1772.5
1159280 1772.1
1159290 1772.1
1159300 1770.2
1159310 1766.2
1159320 1766.2
1159330 1763.4
1159340 1760.7
1159350 1758.4
1159360 1758.4
1159370 1756.0
1159380 1753.9
1159390 1753.9
1159400 1751.3
1159410 1747.4
1159420 1747.4
1159430 1741.5
1159440 1737.0
1159450 1737.0
1159460 1734.1
1159470 1731.7
1159480 1731.7
1159490 1729.8
1159500 1727.7
1159510 1727.7
1159520 1725.7
1159530 1723.3
1159540 1723.3
1159550 1721.4
1159560 1720.5
1159570 1719.6
1159580 1719.6
1159590 1714.6
1159600 1711.6
1159610 1711.6
1159620 1707.2
1159630 1703.8
1159640 1703.8
1159650 1700.9
1159660 1699.6
1159670 1699.6
1159680 1700.3
1159690 1699.5
1159700 1699.5
1159710 1699.0
1159720 1697.9
1159730 1697.9
1159740 1698.8
1159750 1697.6
1159760 1697.6
1159770 1694.7
1159780 1692.2
1159790 1689.9
1159800 1689.9
1159810 1687.5
1159820 1686.3
1159830 1686.3
1159840 1686.9
1159850 1688.4
1159860 1688.4
1159870 1690.0
1159880 1688.0
1159890 1688.0
1159900 1682.6
1159910 1678.7
1159920 1678.7
1159930 1678.1
1159940 1678.6
1159950 1678.6
1159960 1679.3
1159970 1681.1
1159980 1681.1
1159990 1677.4
