1140000 2593.9
1140010 2591.8
1140020 2591.8
1140030 2588.8
1140040 2585.8
1140050 2585.8
1140060 2583.3
1140070 2581.6
1140080 2581.6
1140090 2587.8
1140100 2582.1
1140110 2582.1
1140120 2580.0
1140130 2579.5
1140140 2579.6
1140150 2579.6
1140160 2579.9
1140170 2580.2
1140180 2580.2
1140190 2578.9
1140200 2579.5
1140210 2579.5
1140220 2579.8
1140230 2581.3
1140240 2581.3
1140250 2583.9
1140260 2588.0
1140270 2588.0
1140280 2589.7
1140290 2588.6
1140300 2588.6
1140310 2586.8
1140320 2584.3
1140330 2584.3
1140340 2579.2
1140350 2577.6
1140360 2576.7
1140370 2576.7
1140380 2574.6
1140390 2573.5
1140400 2573.5
1140410 2571.5
1140420 2564.8
1140430 2564.8
1140440 2558.7
1140450 2555.4
1140460 2562.7
1140470 2560.5
1140480 2556.5
1140490 2556.5
1140500 2551.9
1140510 2548.0
1140520 2548.0
1140530 2545.2
1140540 2542.5
1140550 2542.5
1140560 2540.5
1140570 2539.0
1140580 2537.5
1140590 2537.5
1140600 2536.6
1140610 2535.6
1140620 2535.6
1140630 2533.2
1140640 2533.6
1140650 2533.6
1140660 2538.6
1140670 2540.8
1140680 2540.8
1140690 2543.7
1140700 2538.5
1140710 2538.5
1140720 2523.2
1140730 2518.4
1140740 2518.4
1140750 2520.5
1140760 2512.1
1140770 2512.1
1140780 2494.3
1140790 2482.9
1140800 2470.4
1140810 2470.4
1140820 2457.8
1140830 2457.0
1140840 2457.0
1140850 2448.4
1140860 2443.5
1140870 2443.5
1140880 2440.2
1140890 2438.7
1140900 2438.7
1140910 2437.5
1140920 2434.1
1140930 2434.1
1140940 2431.0
1140950 2421.9
1140960 2421.9
1140970 2411.3
1140980 2399.3
1140990 2399.3
1141000 2389.2
1141010 2381.0
1141020 2381.0
1141030 2375.3
1141040 2368.5
1141050 2358.3
1141060 2358.3
1141070 2345.8
1141080 2331.4
1141090 2331.4
1141100 2321.7
1141110 2315.1
1141120 2315.1
1141130 2307.8
1141140 2301.0
1141150 2301.0
1141160 2294.5
1141170 2287.3
1141180 2287.3
1141190 2281.1
1141200 2282.8
1141210 2282.8
1141220 2277.2
1141230 2271.1
1141240 2271.1
1141250 2267.8
1141260 2265.6
1141270 2263.6
1141280 2263.6
1141290 2260.4
1141300 2256.3
1141310 2256.3
1141320 2251.5
1141330 2245.2
1141340 2245.2
1141350 2237.0
1141360 2230.4
1141370 2230.4
1141380 2229.0
1141390 2228.1
1141400 2228.1
1141410 2224.6
1141420 2220.4
1141430 2220.4
1141440 2216.3
1141450 2212.4
1141460 2212.4
1141470 2208.4
1141480 2205.0
1141490 2202.2
1141500 2202.2
1141510 2200.0
1141520 2197.1
1141530 2197.1
1141540 2194.3
1141550 2191.0
1141560 2191.0
1141570 2192.8
1141580 2189.4
1141590 2189.4
1141600 2185.7
1141610 2182.1
1141620 2182.1
1141630 2178.8
1141640 2176.3
1141650 2176.3
1141660 2175.5
1141670 2176.8
1141680 2176.8
1141690 2173.0
1141700 2166.4
1141710 2160.6
1141720 2160.6
1141730 2155.3
1141740 2150.6
1141750 2150.6
1141760 2146.5
1141770 2142.9
1141780 2142.9
1141790 2139.7
1141800 2134.6
1141810 2134.6
1141820 2128.2
1141830 2123.2
1141840 2123.2
1141850 2117.0
1141860 2109.9
1141870 2109.9
1141880 2102.2
1141890 2095.6
1141900 2095.6
1141910 2088.7
1141920 2081.5
1141930 2075.1
1141940 2079.9
1141950 2073.9
1141960 2068.8
1141970 2068.8
1141980 2064.2
1141990 2059.6
1142000 2059.6
1142010 2054.9
1142020 2050.9
1142030 2050.9
1142040 2047.2
1142050 2042.8
1142060 2042.8
1142070 2036.7
1142080 2031.7
1142090 2031.7
1142100 2026.2
1142110 2020.7
1142120 2020.7
1142130 2014.6
1142140 2009.0
1142150 2009.0
1142160 2003.8
1142170 2000.0
1142180 1997.1
1142190 1997.1
1142200 1992.9
1142210 1988.1
1142220 1988.1
1142230 1984.5
1142240 1982.9
1142250 1982.9
1142260 1982.3
1142270 1981.6
1142280 1981.6
1142290 1981.8
1142300 1980.6
1142310 1990.2
1142320 1989.4
1142330 1987.3
1142340 1987.3
1142350 1985.2
1142360 1984.5
1142370 1984.5
1142380 1981.0
1142390 1977.1
1142400 1973.9
1142410 1973.9
1142420 1973.9
1142430 1974.9
1142440 1974.9
1142450 1975.1
1142460 1976.8
1142470 1976.8
1142480 1977.0
1142490 1971.7
1142500 1971.7
1142510 1967.1
1142520 1967.1
1142530 1967.1
1142540 1963.9
1142550 1953.6
1142560 1953.6
1142570 1946.2
1142580 1944.9
1142590 1944.9
1142600 1942.7
1142610 1937.1
1142620 1932.7
1142630 1932.7
1142640 1929.6
1142650 1927.6
1142660 1927.6
1142670 1924.1
1142680 1924.8
1142690 1924.8
1142700 1917.6
1142710 1911.4
1142720 1911.4
1142730 1904.7
1142740 1898.0
1142750 1898.0
1142760 1894.7
1142770 1889.2
1142780 1889.2
1142790 1882.5
1142800 1877.6
1142810 1877.6
1142820 1871.5
1142830 1865.6
1142840 1862.0
1142850 1862.0
1142860 1855.3
1142870 1845.6
1142880 1845.6
1142890 1831.2
1142900 1824.3
1142910 1824.3
1142920 1836.9
1142930 1838.8
1142940 1838.8
1142950 1839.3
1142960 1841.7
1142970 1841.7
1142980 1846.4
1142990 1849.9
1143000 1849.9
1143010 1852.2
1143020 1855.5
1143030 1855.5
1143040 1861.5
1143050 1870.4
1143060 1877.8
1143070 1877.8
1143080 1886.1
1143090 1894.3
1143100 1894.3
1143110 1901.3
1143120 1906.5
1143130 1906.5
1143140 1910.1
1143150 1916.5
1143160 1916.5
1143170 1922.4
1143180 1929.2
1143190 1929.2
1143200 1937.0
1143210 1945.0
1143220 1945.0
1143230 1952.4
1143240 1959.3
1143250 1959.3
1143260 1965.1
1143270 1969.3
1143280 1969.3
1143290 1973.0
1143300 1978.7
1143310 1985.0
1143320 1985.0
1143330 1990.5
1143340 1993.7
1143350 1993.7
1143360 1996.9
1143370 2001.3
1143380 2001.3
1143390 2005.9
1143400 2010.9
1143410 2010.9
1143420 2018.0
1143430 2021.9
1143440 2021.9
1143450 2024.6
1143460 2028.6
1143470 2028.6
1143480 2033.4
1143490 2038.9
1143500 2038.9
1143510 2044.3
1143520 2049.2
1143530 2054.3
1143540 2054.3
1143550 2060.9
1143560 2068.8
1143570 2068.8
1143580 2077.3
1143590 2086.1
1143600 2086.1
1143610 2093.1
1143620 2099.5
1143630 2099.5
1143640 2106.0
1143650 2112.4
1143660 2112.4
1143670 2117.5
1143680 2120.0
1143690 2120.0
1143700 2121.0
1143710 2121.5
1143720 2121.5
1143730 2122.3
1143740 2123.5
1143750 2125.3
1143760 2125.3
1143770 2128.1
1143780 2131.6
1143790 2131.6
1143800 2139.3
1143810 2143.2
1143820 2143.2
1143830 2148.4
1143840 2154.1
1143850 2154.1
1143860 2159.3
1143870 2165.0
1143880 2165.0
1143890 2171.3
1143900 2177.5
1143910 2177.5
1143920 2183.4
1143930 2189.3
1143940 2189.3
1143950 2194.0
1143960 2196.9
1143970 2199.5
1143980 2199.5
1143990 2204.2
1144000 2210.5
1144010 2210.5
1144020 2216.7
1144030 2222.4
1144040 2222.4
1144050 2229.1
1144060 2236.5
1144070 2236.5
1144080 2243.5
1144090 2249.8
1144100 2249.8
1144110 2256.1
1144120 2263.0
1144130 2263.0
1144140 2269.3
1144150 2274.9
1144160 2274.9
1144170 2287.4
1144180 2293.1
1144190 2298.3
1144200 2298.3
1144210 2303.3
1144220 2306.3
1144230 2306.3
1144240 2307.6
1144250 2308.8
1144260 2308.8
1144270 2310.7
1144280 2314.1
1144290 2314.1
1144300 2317.7
1144310 2322.1
1144320 2322.1
1144330 2327.2
1144340 2331.9
1144350 2331.9
1144360 2336.3
1144370 2343.0
1144380 2343.0
1144390 2349.3
1144400 2354.8
1144410 2360.5
1144420 2360.5
1144430 2364.9
1144440 2366.5
1144450 2366.5
1144460 2369.6
1144470 2374.4
1144480 2374.4
1144490 2376.7
1144500 2378.1
1144510 2378.1
1144520 2378.9
1144530 2379.1
1144540 2375.6
1144550 2375.6
1144560 2379.6
1144570 2379.6
1144580 2382.9
1144590 2386.4
1144600 2386.4
1144610 2389.9
1144620 2393.8
1144630 2393.8
1144640 2397.2
1144650 2399.8
1144660 2403.6
1144670 2403.6
1144680 2408.0
1144690 2412.1
1144700 2412.1
1144710 2415.7
1144720 2418.5
1144730 2418.5
1144740 2421.4
1144750 2424.8
1144760 2424.8
1144770 2429.2
1144780 2434.6
1144790 2434.6
1144800 2439.1
1144810 2441.5
1144820 2441.5
1144830 2443.5
1144840 2446.6
1144850 2446.6
1144860 2450.0
1144870 2453.5
1144880 2459.4
1144890 2459.4
1144900 2465.0
1144910 2471.1
1144920 2471.1
1144930 2475.1
1144940 2476.3
1144950 2476.3
1144960 2479.0
1144970 2482.0
1144980 2482.0
1144990 2485.7
1145000 2489.8
1145010 2489.8
1145020 2496.2
1145030 2500.3
1145040 2500.3
1145050 2500.9
1145060 2501.5
1145070 2501.5
1145080 2504.3
1145090 2508.3
1145100 2511.0
1145110 2511.0
1145120 2512.2
1145130 2512.8
1145140 2512.8
1145150 2511.9
1145160 2510.5
1145170 2510.5
1145180 2509.9
1145190 2508.5
1145200 2508.5
1145210 2508.9
1145220 2509.5
1145230 2509.5
1145240 2508.9
1145250 2507.6
1145260 2507.6
1145270 2508.2
1145280 2514.1
1145290 2516.3
1145300 2524.9
1145310 2531.1
1145320 2534.2
1145330 2534.2
1145340 2538.5
1145350 2540.5
1145360 2540.5
1145370 2541.7
1145380 2545.3
1145390 2545.3
1145400 2548.7
1145410 2550.6
1145420 2550.6
1145430 2553.5
1145440 2556.9
1145450 2556.9
1145460 2558.0
1145470 2558.4
1145480 2558.4
1145490 2558.9
1145500 2558.9
1145510 2558.9
1145520 2558.5
1145530 2558.8
1145540 2558.8
1145550 2558.8
1145560 2559.9
1145570 2561.4
1145580 2561.4
1145590 2562.7
1145600 2564.7
1145610 2564.7
1145620 2566.5
1145630 2568.0
1145640 2568.0
1145650 2570.5
1145660 2568.9
1145670 2568.9
1145680 2570.3
1145690 2571.3
1145700 2571.3
1145710 2572.4
1145720 2573.6
1145730 2573.6
1145740 2574.8
1145750 2575.4
1145760 2575.6
1145770 2575.6
1145780 2575.5
1145790 2574.8
1145800 2574.8
1145810 2573.6
1145820 2573.4
1145830 2573.4
1145840 2574.0
1145850 2574.9
1145860 2574.9
1145870 2575.8
1145880 2576.7
1145890 2576.7
1145900 2577.7
1145910 2579.5
1145920 2579.5
1145930 2581.9
1145940 2584.4
1145950 2584.4
1145960 2586.7
1145970 2588.6
1145980 2588.6
1145990 2590.4
1146000 2592.0
1146010 2593.4
1146020 2593.4
1146030 2595.2
1146040 2599.9
1146050 2599.9
1146060 2599.8
1146070 2600.2
1146080 2600.2
1146090 2604.7
1146100 2611.9
1146110 2611.9
1146120 2618.8
1146130 2624.3
1146140 2624.3
1146150 2629.0
1146160 2633.0
1146170 2633.0
1146180 2636.7
1146190 2639.7
1146200 2639.7
1146210 2641.6
1146220 2642.9
1146230 2644.9
1146240 2644.9
1146250 2646.9
1146260 2648.9
1146270 2648.9
1146280 2650.6
1146290 2652.4
1146300 2652.4
1146310 2652.5
1146320 2651.3
1146330 2651.3
1146340 2651.6
1146350 2654.1
1146360 2654.1
1146370 2657.5
1146380 2661.5
1146390 2661.5
1146400 2666.2
1146410 2672.5
1146420 2672.5
1146430 2676.3
1146440 2679.2
1146450 2681.4
1146460 2681.4
1146470 2683.9
1146480 2686.2
1146490 2686.2
1146500 2689.2
1146510 2693.1
1146520 2693.1
1146530 2697.3
1146540 2700.9
1146550 2700.9
1146560 2704.0
1146570 2707.3
1146580 2707.3
1146590 2710.9
1146600 2714.6
1146610 2714.6
1146620 2718.4
1146630 2721.4
1146640 2721.4
1146650 2723.1
1146660 2723.6
1146670 2722.4
1146680 2722.4
1146690 2721.1
1146700 2719.8
1146710 2719.8
1146720 2718.0
1146730 2717.6
1146740 2717.6
1146750 2718.6
1146760 2720.8
1146770 2720.8
1146780 2724.2
1146790 2727.4
1146800 2727.4
1146810 2733.3
1146820 2739.7
1146830 2739.7
1146840 2746.7
1146850 2753.5
1146860 2753.5
1146870 2759.8
1146880 2766.5
1146890 2774.0
1146900 2774.0
1146910 2780.1
1146920 2783.3
1146930 2783.3
1146940 2787.0
1146950 2791.5
1146960 2791.5
1146970 2796.8
1146980 2801.2
1146990 2801.2
1147000 2804.2
1147010 2807.9
1147020 2807.9
1147030 2813.2
1147040 2817.7
1147050 2817.7
1147060 2822.2
1147070 2828.1
1147080 2828.1
1147090 2834.4
1147100 2840.8
1147110 2840.8
1147120 2846.4
1147130 2850.0
1147140 2846.7
1147150 2846.7
1147160 2848.7
1147170 2843.1
1147180 2843.1
1147190 2838.8
1147200 2836.4
1147210 2836.4
1147220 2837.3
1147230 2838.7
1147240 2838.7
1147250 2834.5
1147260 2827.2
1147270 2827.2
1147280 2823.3
1147290 2826.9
1147300 2826.9
1147310 2830.1
1147320 2827.2
1147330 2827.2
1147340 2820.2
1147350 2812.2
1147360 2802.6
1147370 2802.6
1147380 2793.5
1147390 2782.8
1147400 2782.8
1147410 2772.7
1147420 2761.4
1147430 2761.4
1147440 2750.4
1147450 2741.5
1147460 2741.5
1147470 2736.4
1147480 2732.6
1147490 2732.6
1147500 2724.8
1147510 2716.6
1147520 2716.6
1147530 2706.5
1147540 2706.4
1147550 2706.4
1147560 2703.6
1147570 2703.2
1147580 2702.1
1147590 2702.1
1147600 2695.4
1147610 2688.4
1147620 2688.4
1147630 2681.6
1147640 2677.9
1147650 2677.9
1147660 2669.3
1147670 2663.4
1147680 2663.4
1147690 2660.8
1147700 2662.6
1147710 2662.6
1147720 2661.7
1147730 2657.3
1147740 2657.3
1147750 2655.9
1147760 2656.3
1147770 2656.3
1147780 2654.0
1147790 2643.3
1147800 2639.8
1147810 2639.8
1147820 2639.7
1147830 2636.5
1147840 2636.5
1147850 2640.6
1147860 2645.9
1147870 2645.9
1147880 2646.5
1147890 2643.6
1147900 2643.6
1147910 2642.2
1147920 2629.9
1147930 2629.9
1147940 2619.8
1147950 2616.2
1147960 2616.2
1147970 2617.5
1147980 2611.4
1147990 2611.4
1148000 2605.0
1148010 2604.9
1148020 2605.6
1148030 2605.6
1148040 2604.9
1148050 2603.9
1148060 2603.9
1148070 2606.1
1148080 2606.8
1148090 2606.8
1148100 2603.4
1148110 2602.6
1148120 2602.6
1148130 2601.9
1148140 2597.2
1148150 2597.2
1148160 2594.5
1148170 2594.4
1148180 2594.4
1148190 2594.6
1148200 2597.0
1148210 2597.0
1148220 2598.2
1148230 2594.1
1148240 2590.9
1148250 2590.9
1148260 2589.5
1148270 2590.6
1148280 2590.6
1148290 2597.0
1148300 2595.8
1148310 2595.8
1148320 2595.1
1148330 2595.1
1148340 2595.1
1148350 2595.7
1148360 2596.1
1148370 2596.1
1148380 2595.8
1148390 2594.9
1148400 2594.9
1148410 2593.4
1148420 2591.5
1148430 2591.5
1148440 2589.8
1148450 2586.2
1148460 2586.2
1148470 2584.0
1148480 2583.4
1148490 2580.9
1148500 2580.9
1148510 2577.5
1148520 2577.8
1148530 2577.8
1148540 2580.2
1148550 2578.1
1148560 2578.1
1148570 2578.5
1148580 2582.0
1148590 2582.0
1148600 2584.3
1148610 2583.8
1148620 2583.8
1148630 2581.4
1148640 2580.7
1148650 2580.7
1148660 2584.3
1148670 2591.0
1148680 2591.0
1148690 2590.5
1148700 2588.9
1148710 2588.0
1148720 2588.0
1148730 2589.1
1148740 2588.3
1148750 2588.3
1148760 2590.1
1148770 2593.0
1148780 2593.0
1148790 2597.7
1148800 2601.0
1148810 2601.0
1148820 2603.0
1148830 2603.3
1148840 2603.3
1148850 2602.6
1148860 2601.9
1148870 2601.9
1148880 2600.8
1148890 2601.2
1148900 2601.2
1148910 2603.2
1148920 2604.9
1148930 2606.2
1148940 2606.2
1148950 2608.0
1148960 2612.1
1148970 2612.1
1148980 2616.1
1148990 2618.8
1149000 2618.8
1149010 2621.4
1149020 2623.5
1149030 2623.5
1149040 2625.1
1149050 2633.1
1149060 2633.1
1149070 2637.0
1149080 2640.8
1149090 2640.8
1149100 2645.4
1149110 2651.5
1149120 2651.5
1149130 2657.3
1149140 2663.1
1149150 2671.5
1149160 2671.5
1149170 2683.4
1149180 2697.8
1149190 2697.8
1149200 2710.5
1149210 2721.3
1149220 2721.3
1149230 2732.2
1149240 2742.4
1149250 2742.4
1149260 2732.7
1149270 2718.9
1149280 2718.9
1149290 2704.7
1149300 2689.1
1149310 2689.1
1149320 2677.7
1149330 2665.2
1149340 2665.2
1149350 2651.9
1149360 2642.2
1149370 2634.1
1149380 2634.1
1149390 2626.5
1149400 2617.6
1149410 2617.6
1149420 2608.6
1149430 2601.5
1149440 2601.5
1149450 2594.7
1149460 2587.7
1149470 2587.7
1149480 2580.6
1149490 2573.8
1149500 2573.8
1149510 2567.2
1149520 2560.8
1149530 2560.8
1149540 2554.4
1149550 2548.2
1149560 2548.2
1149570 2542.1
1149580 2536.3
1149590 2536.3
1149600 2530.7
1149610 2525.1
1149620 2519.7
1149630 2519.7
1149640 2514.2
1149650 2509.3
1149660 2509.3
1149670 2506.0
1149680 2503.1
1149690 2503.1
1149700 2499.8
1149710 2496.5
1149720 2496.5
1149730 2493.2
1149740 2490.0
1149750 2490.0
1149760 2487.0
1149770 2484.7
1149780 2484.7
1149790 2483.4
1149800 2478.2
1149810 2478.2
1149820 2479.9
1149830 2481.1
1149840 2480.3
1149850 2480.3
1149860 2478.6
1149870 2477.5
1149880 2477.5
1149890 2476.8
1149900 2475.8
1149910 2475.8
1149920 2474.7
1149930 2473.2
1149940 2473.2
1149950 2472.0
1149960 2472.4
1149970 2472.4
1149980 2474.0
1149990 2475.8
1150000 2475.8
1150010 2476.8
1150020 2476.8
1150030 2476.8
1150040 2478.8
1150050 2481.3
1150060 2482.7
1150070 2482.7
1150080 2481.6
1150090 2480.2
1150100 2480.2
1150110 2478.2
1150120 2475.9
1150130 2475.9
1150140 2472.9
1150150 2458.6
1150160 2458.6
1150170 2439.4
1150180 2428.7
1150190 2428.7
1150200 2417.9
1150210 2411.0
1150220 2411.0
1150230 2404.4
1150240 2398.7
1150250 2398.7
1150260 2393.9
1150270 2389.9
1150280 2386.1
1150290 2386.1
1150300 2383.3
1150310 2380.1
1150320 2380.1
1150330 2376.9
1150340 2374.6
1150350 2374.6
1150360 2372.3
1150370 2370.1
1150380 2370.1
1150390 2368.5
1150400 2367.2
1150410 2367.2
1150420 2366.9
1150430 2366.5
1150440 2366.5
1150450 2366.2
1150460 2365.9
1150470 2365.9
1150480 2365.2
1150490 2362.5
1150500 2361.0
1150510 2361.0
1150520 2361.3
1150530 2360.1
1150540 2360.1
1150550 2361.2
1150560 2357.9
1150570 2357.9
1150580 2360.3
1150590 2362.2
1150600 2362.2
1150610 2364.4
1150620 2367.8
1150630 2367.8
1150640 2372.6
1150650 2378.5
1150660 2378.5
1150670 2381.4
1150680 2384.7
1150690 2384.7
1150700 2389.0
1150710 2392.0
1150720 2395.3
1150730 2395.3
1150740 2400.6
1150750 2405.9
1150760 2405.9
1150770 2410.8
1150780 2415.5
1150790 2415.5
1150800 2419.5
1150810 2422.5
1150820 2422.5
1150830 2423.9
1150840 2423.1
1150850 2423.1
1150860 2423.2
1150870 2424.8
1150880 2424.8
1150890 2426.7
1150900 2428.8
1150910 2428.8
1150920 2431.8
1150930 2433.5
1150940 2428.3
1150950 2428.2
1150960 2427.6
1150970 2426.5
1150980 2426.5
1150990 2425.4
1151000 2424.5
1151010 2424.5
1151020 2424.0
1151030 2423.3
1151040 2423.3
1151050 2424.0
1151060 2424.3
1151070 2424.3
1151080 2423.8
1151090 2424.4
1151100 2424.4
1151110 2425.6
1151120 2427.0
1151130 2427.0
1151140 2428.9
1151150 2431.0
1151160 2431.0
1151170 2433.4
1151180 2436.3
1151190 2439.8
1151200 2439.8
1151210 2443.4
1151220 2446.5
1151230 2446.5
1151240 2449.0
1151250 2452.9
1151260 2452.9
1151270 2455.2
1151280 2455.0
1151290 2455.0
1151300 2457.7
1151310 2461.1
1151320 2454.7
1151330 2460.7
1151340 2467.8
1151350 2467.8
1151360 2474.6
1151370 2481.1
1151380 2481.1
1151390 2487.8
1151400 2495.4
1151410 2504.2
1151420 2504.2
1151430 2508.8
1151440 2510.7
1151450 2510.7
1151460 2511.6
1151470 2512.6
1151480 2512.6
1151490 2513.9
1151500 2516.3
1151510 2516.3
1151520 2519.4
1151530 2518.5
1151540 2518.5
1151550 2515.6
1151560 2512.5
1151570 2512.5
1151580 2509.9
1151590 2507.5
1151600 2507.5
1151610 2504.3
1151620 2500.6
1151630 2498.7
1151640 2498.7
1151650 2494.9
1151660 2490.6
1151670 2490.6
1151680 2486.0
1151690 2477.2
1151700 2481.6
1151710 2475.2
1151720 2467.2
1151730 2467.2
1151740 2459.6
1151750 2447.8
1151760 2447.8
1151770 2433.2
1151780 2421.4
1151790 2421.4
1151800 2412.2
1151810 2403.1
1151820 2403.1
1151830 2392.0
1151840 2381.2
1151850 2371.8
1151860 2371.8
1151870 2363.3
1151880 2355.6
1151890 2355.6
1151900 2347.6
1151910 2339.6
1151920 2339.6
1151930 2332.3
1151940 2325.5
1151950 2325.5
1151960 2319.1
1151970 2313.2
1151980 2313.2
1151990 2307.5
1152000 2301.8
1152010 2301.8
1152020 2297.2
1152030 2292.4
1152040 2292.4
1152050 2287.6
1152060 2282.8
1152070 2282.8
1152080 2275.8
1152090 2271.7
1152100 2267.5
1152110 2267.5
1152120 2264.2
1152130 2261.0
1152140 2261.0
1152150 2257.7
1152160 2253.7
1152170 2253.7
1152180 2250.4
1152190 2247.5
1152200 2247.5
1152210 2243.7
1152220 2239.1
1152230 2239.1
1152240 2234.8
1152250 2232.2
1152260 2232.2
1152270 2228.9
1152280 2224.0
1152290 2224.0
1152300 2218.3
1152310 2209.5
1152320 2201.6
1152330 2201.6
1152340 2191.6
1152350 2183.9
1152360 2183.9
1152370 2178.2
1152380 2172.0
1152390 2172.0
1152400 2165.9
1152410 2160.2
1152420 2160.2
1152430 2154.9
1152440 2149.7
1152450 2149.7
1152460 2146.4
1152470 2142.1
1152480 2142.1
1152490 2143.1
1152500 2142.1
1152510 2142.1
1152520 2140.6
1152530 2140.1
1152540 2139.2
1152550 2139.2
1152560 2138.0
1152570 2137.8
1152580 2137.8
1152590 2138.0
1152600 2138.1
1152610 2138.1
1152620 2136.3
1152630 2131.2
1152640 2131.2
1152650 2125.9
1152660 2122.2
1152670 2122.2
1152680 2120.3
1152690 2120.2
1152700 2120.2
1152710 2120.8
1152720 2121.3
1152730 2121.3
1152740 2121.1
1152750 2118.9
1152760 2116.4
1152770 2116.4
1152780 2113.8
1152790 2109.6
1152800 2109.6
1152810 2103.8
1152820 2099.0
1152830 2099.0
1152840 2096.5
1152850 2089.4
1152860 2089.4
1152870 2087.3
1152880 2082.1
1152890 2082.1
1152900 2075.8
1152910 2073.4
1152920 2073.4
1152930 2072.4
1152940 2071.0
1152950 2071.0
1152960 2068.8
1152970 2065.3
1152980 2060.5
1152990 2060.5
1153000 2056.1
1153010 2052.0
1153020 2052.0
1153030 2048.4
1153040 2045.1
1153050 2045.1
1153060 2042.5
1153070 2040.9
1153080 2040.9
1153090 2040.7
1153100 2041.7
1153110 2041.7
1153120 2041.7
1153130 2040.9
1153140 2040.9
1153150 2040.4
1153160 2040.0
1153170 2040.0
1153180 2039.7
1153190 2040.1
1153200 2041.6
1153210 2041.6
1153220 2041.9
1153230 2036.7
1153240 2036.7
1153250 2037.1
1153260 2037.6
1153270 2037.6
1153280 2037.5
1153290 2038.4
1153300 2038.4
1153310 2039.4
1153320 2040.6
1153330 2040.6
1153340 2041.7
1153350 2040.6
1153360 2040.6
1153370 2040.4
1153380 2040.8
1153390 2040.8
1153400 2041.1
1153410 2041.2
1153420 2041.2
1153430 2042.4
1153440 2042.2
1153450 2043.3
1153460 2043.3
1153470 2042.8
1153480 2043.0
1153490 2043.0
1153500 2043.9
1153510 2045.0
1153520 2045.0
1153530 2045.8
1153540 2045.8
1153550 2045.8
1153560 2044.7
1153570 2044.3
1153580 2044.3
1153590 2044.4
1153600 2043.1
1153610 2038.8
1153620 2037.8
1153630 2037.2
1153640 2037.2
1153650 2036.1
1153660 2033.5
1153670 2031.3
1153680 2031.3
1153690 2027.0
1153700 2020.7
1153710 2020.7
1153720 2015.0
1153730 2009.6
1153740 2009.6
1153750 2005.2
1153760 2000.0
1153770 2000.0
1153780 1995.0
1153790 1989.9
1153800 1989.9
1153810 1985.9
1153820 1981.8
1153830 1981.8
1153840 1976.9
1153850 1970.6
1153860 1970.6
1153870 1962.3
1153880 1955.8
1153890 1950.6
1153900 1950.6
1153910 1946.6
1153920 1942.5
1153930 1942.5
1153940 1938.0
1153950 1933.9
1153960 1933.9
1153970 1928.5
1153980 1923.3
1153990 1923.3
1154000 1914.3
1154010 1909.5
1154020 1909.5
1154030 1904.5
1154040 1898.5
1154050 1898.5
1154060 1892.9
1154070 1887.4
1154080 1887.4
1154090 1882.6
1154100 1880.7
1154110 1883.3
1154120 1883.3
1154130 1887.8
1154140 1893.2
1154150 1893.2
1154160 1898.5
1154170 1901.8
1154180 1901.8
1154190 1906.3
1154200 1909.5
1154210 1909.5
1154220 1911.6
1154230 1914.3
1154240 1914.3
1154250 1914.5
1154260 1915.1
1154270 1915.1
1154280 1916.7
1154290 1920.5
1154300 1920.5
1154310 1926.3
1154320 1931.3
1154330 1936.0
1154340 1936.0
1154350 1941.7
1154360 1949.4
1154370 1949.4
1154380 1952.5
1154390 1956.2
1154400 1956.2
1154410 1960.3
1154420 1962.6
1154430 1962.6
1154440 1964.0
1154450 1964.9
1154460 1964.9
1154470 1966.4
1154480 1969.9
1154490 1969.9
1154500 1973.7
1154510 1974.9
1154520 1974.9
1154530 1976.5
1154540 1979.6
1154550 1981.6
1154560 1981.6
1154570 1983.6
1154580 1985.1
1154590 1985.1
1154600 1986.8
1154610 1989.4
1154620 1989.4
1154630 1992.2
1154640 1993.4
1154650 1993.4
1154660 1994.9
1154670 1997.9
1154680 1997.9
1154690 1999.5
1154700 1999.4
1154710 1999.4
1154720 1999.0
1154730 2000.1
1154740 2000.1
1154750 2003.7
1154760 2006.1
1154770 1999.5
1154780 2001.9
1154790 2005.7
1154800 2010.4
1154810 2010.4
1154820 2012.7
1154830 2014.0
1154840 2014.0
1154850 2014.7
1154860 2015.2
1154870 2015.2
1154880 2015.9
1154890 2015.9
1154900 2015.9
1154910 2015.0
1154920 2011.4
1154930 2011.4
1154940 2007.8
1154950 2005.4
1154960 2005.4
1154970 2007.1
1154980 2008.2
1154990 2008.2
1155000 2006.3
1155010 2002.7
1155020 2001.9
1155030 2001.9
1155040 2002.0
1155050 2003.7
1155060 2003.7
1155070 2005.7
1155080 2006.9
1155090 2006.9
1155100 2007.8
1155110 2009.7
1155120 2009.7
1155130 2011.8
1155140 2014.7
1155150 2012.3
1155160 2015.0
1155170 2018.2
1155180 2018.2
1155190 2021.6
1155200 2024.6
1155210 2024.6
1155220 2026.5
1155230 2027.7
1155240 2029.6
1155250 2029.6
1155260 2030.8
1155270 2032.1
1155280 2032.1
1155290 2034.0
1155300 2034.6
1155310 2034.6
1155320 2035.4
1155330 2036.3
1155340 2036.3
1155350 2036.8
1155360 2038.1
1155370 2038.1
1155380 2040.5
1155390 2044.0
1155400 2044.0
1155410 2047.2
1155420 2050.6
1155430 2050.6
1155440 2054.3
1155450 2056.7
1155460 2058.4
1155470 2058.4
1155480 2060.0
1155490 2063.3
1155500 2063.3
1155510 2067.1
1155520 2067.8
1155530 2067.8
1155540 2063.8
1155550 2066.7
1155560 2066.7
1155570 2068.3
1155580 2069.1
1155590 2069.1
1155600 2071.2
1155610 2073.4
1155620 2073.4
1155630 2076.7
1155640 2078.7
1155650 2078.7
1155660 2078.6
1155670 2079.1
1155680 2081.6
1155690 2081.6
1155700 2077.4
1155710 2069.0
1155720 2069.0
1155730 2066.9
1155740 2064.0
1155750 2064.0
1155760 2063.0
1155770 2061.2
1155780 2061.2
1155790 2058.7
1155800 2057.2
1155810 2057.2
1155820 2053.7
1155830 2048.6
1155840 2048.6
1155850 2041.0
1155860 2034.4
1155870 2034.4
1155880 2026.4
1155890 2018.6
1155900 2010.1
1155910 2010.1
1155920 2000.1
1155930 1988.3
1155940 1988.3
1155950 1972.9
1155960 1960.6
1155970 1960.6
1155980 1953.1
1155990 1947.9
1156000 1947.9
1156010 1942.9
1156020 1939.5
1156030 1939.5
1156040 1935.8
1156050 1931.6
1156060 1931.6
1156070 1927.9
1156080 1925.6
1156090 1925.6
1156100 1924.7
1156110 1922.2
1156120 1922.2
1156130 1919.3
1156140 1916.8
1156150 1913.9
1156160 1913.9
1156170 1909.1
1156180 1905.5
1156190 1905.5
1156200 1903.6
1156210 1902.2
1156220 1902.2
1156230 1901.7
1156240 1901.1
1156250 1901.1
1156260 1900.5
1156270 1899.7
1156280 1899.7
1156290 1898.1
1156300 1896.8
1156310 1893.1
1156320 1891.9
1156330 1889.0
1156340 1889.0
1156350 1886.4
1156360 1885.9
1156370 1885.6
1156380 1885.6
1156390 1883.7
1156400 1881.7
1156410 1881.7
1156420 1879.5
1156430 1877.3
1156440 1877.3
1156450 1875.2
1156460 1873.8
1156470 1873.8
1156480 1872.3
1156490 1870.4
1156500 1870.4
1156510 1868.6
1156520 1867.4
1156530 1867.4
1156540 1865.5
1156550 1863.8
1156560 1863.8
1156570 1863.1
1156580 1862.6
1156590 1862.1
1156600 1862.1
1156610 1860.4
1156620 1858.1
1156630 1858.1
1156640 1856.0
1156650 1854.5
1156660 1854.5
1156670 1852.5
1156680 1850.8
1156690 1850.8
1156700 1844.3
1156710 1843.9
1156720 1843.9
1156730 1843.3
1156740 1843.5
1156750 1843.5
1156760 1843.1
1156770 1838.9
1156780 1838.9
1156790 1834.3
1156800 1828.4
1156810 1820.4
1156820 1820.4
1156830 1812.6
1156840 1805.5
1156850 1805.5
1156860 1800.7
1156870 1797.5
1156880 1797.5
1156890 1793.9
1156900 1791.5
1156910 1791.5
1156920 1789.9
1156930 1788.4
1156940 1788.4
1156950 1786.5
1156960 1784.9
1156970 1784.9
1156980 1784.2
1156990 1781.9
1157000 1781.9
1157010 1777.0
1157020 1772.7
1157030 1770.8
1157040 1770.8
1157050 1771.1
1157060 1772.6
1157070 1772.6
1157080 1770.3
1157090 1770.9
1157100 1770.9
1157110 1772.0
1157120 1773.4
1157130 1773.4
1157140 1774.6
1157150 1774.4
1157160 1774.4
1157170 1773.7
1157180 1773.9
1157190 1773.9
1157200 1773.9
1157210 1774.0
1157220 1774.0
1157230 1774.0
1157240 1773.3
1157250 1774.1
1157260 1774.1
1157270 1774.9
1157280 1775.0
1157290 1775.0
1157300 1774.6
1157310 1774.7
1157320 1774.7
1157330 1774.9
1157340 1775.1
1157350 1775.1
1157360 1774.7
1157370 1772.9
1157380 1772.9
1157390 1767.9
1157400 1764.1
1157410 1764.1
1157420 1761.7
1157430 1757.0
1157440 1757.0
1157450 1750.4
1157460 1743.6
1157470 1742.2
1157480 1733.7
1157490 1725.2
1157500 1717.8
1157510 1717.8
1157520 1711.6
1157530 1708.3
1157540 1708.3
1157550 1706.2
1157560 1704.8
1157570 1704.8
1157580 1703.8
1157590 1703.5
1157600 1703.5
1157610 1705.1
1157620 1707.0
1157630 1707.0
1157640 1709.0
1157650 1711.1
1157660 1711.1
1157670 1711.7
1157680 1709.4
1157690 1709.4
1157700 1702.9
1157710 1697.7
1157720 1694.9
1157730 1694.9
1157740 1693.9
1157750 1694.8
1157760 1694.8
1157770 1695.3
1157780 1692.7
1157790 1692.7
1157800 1689.1
1157810 1683.7
1157820 1683.7
1157830 1678.1
1157840 1672.5
1157850 1672.5
1157860 1667.8
1157870 1659.2
1157880 1659.2
1157890 1650.5
1157900 1644.0
1157910 1644.0
1157920 1641.2
1157930 1642.4
1157940 1642.7
1157950 1642.7
1157960 1646.0
1157970 1652.6
1157980 1652.6
1157990 1658.5
1158000 1663.1
1158010 1663.1
1158020 1665.1
1158030 1666.1
1158040 1666.1
1158050 1668.1
1158060 1670.5
1158070 1670.5
1158080 1673.5
1158090 1675.3
1158100 1675.3
1158110 1673.9
1158120 1675.9
1158130 1675.9
1158140 1679.7
1158150 1682.5
1158160 1684.7
1158170 1684.7
1158180 1687.3
1158190 1690.2
1158200 1690.2
1158210 1693.9
1158220 1695.1
1158230 1695.1
1158240 1694.5
1158250 1689.5
1158260 1689.5
1158270 1689.6
1158280 1690.8
1158290 1690.8
1158300 1692.1
1158310 1692.7
1158320 1692.7
1158330 1692.6
1158340 1692.7
1158350 1692.7
1158360 1693.0
1158370 1694.0
1158380 1696.4
1158390 1696.4
1158400 1697.8
1158410 1698.4
1158420 1698.4
1158430 1699.1
1158440 1700.1
1158450 1700.1
1158460 1700.5
1158470 1699.8
1158480 1699.8
1158490 1700.0
1158500 1699.5
1158510 1699.5
1158520 1697.8
1158530 1695.5
1158540 1695.5
1158550 1694.0
1158560 1694.2
1158570 1694.2
1158580 1693.9
1158590 1692.9
1158600 1691.7
1158610 1691.7
1158620 1691.5
1158630 1691.2
1158640 1687.2
1158650 1685.7
1158660 1686.0
1158670 1686.0
1158680 1685.0
1158690 1684.3
1158700 1684.3
1158710 1684.5
1158720 1685.0
1158730 1685.0
1158740 1684.9
1158750 1683.8
1158760 1683.8
1158770 1683.5
1158780 1684.2
1158790 1684.2
1158800 1684.9
1158810 1685.7
1158820 1685.7
1158830 1685.7
1158840 1685.5
1158850 1685.4
1158860 1685.4
1158870 1685.8
1158880 1686.4
1158890 1686.4
1158900 1687.5
1158910 1689.2
1158920 1689.2
1158930 1690.9
1158940 1691.8
1158950 1691.8
1158960 1691.5
1158970 1690.4
1158980 1690.4
1158990 1686.9
1159000 1684.1
1159010 1684.1
1159020 1682.8
1159030 1677.7
1159040 1677.7
1159050 1678.0
1159060 1677.4
1159070 1675.7
1159080 1675.7
1159090 1675.2
1159100 1674.9
1159110 1674.9
1159120 1675.5
1159130 1676.1
1159140 1676.1
1159150 1674.7
1159160 1671.0
1159170 1671.0
1159180 1667.2
1159190 1665.3
1159200 1665.3
1159210 1663.2
1159220 1661.8
1159230 1661.8
1159240 1661.1
1159250 1658.7
1159260 1658.7
1159270 1654.3
1159280 1651.2
1159290 1649.3
1159300 1649.3
1159310 1646.9
1159320 1644.6
1159330 1644.6
1159340 1642.0
1159350 1639.7
1159360 1639.7
1159370 1638.9
1159380 1639.5
1159390 1639.5
1159400 1639.3
1159410 1640.6
1159420 1639.0
1159430 1640.6
1159440 1642.0
1159450 1642.0
1159460 1641.2
1159470 1636.6
1159480 1636.6
1159490 1631.0
1159500 1627.2
1159510 1623.8
1159520 1623.8
1159530 1619.7
1159540 1615.9
1159550 1615.9
1159560 1613.7
1159570 1611.9
1159580 1611.9
1159590 1609.3
1159600 1606.6
1159610 1606.6
1159620 1605.3
1159630 1604.6
1159640 1604.6
1159650 1603.6
1159660 1602.7
1159670 1602.7
1159680 1600.4
1159690 1596.7
1159700 1596.7
1159710 1594.1
1159720 1595.7
1159730 1598.3
1159740 1598.3
1159750 1600.1
1159760 1601.2
1159770 1601.2
1159780 1601.5
1159790 1601.5
1159800 1601.5
1159810 1596.8
1159820 1595.3
1159830 1595.3
1159840 1595.4
1159850 1596.7
1159860 1596.7
1159870 1600.4
1159880 1604.2
1159890 1604.2
1159900 1607.6
1159910 1610.8
1159920 1610.8
1159930 1611.8
1159940 1609.9
1159950 1606.6
1159960 1606.6
1159970 1603.0
1159980 1599.8
1159990 1599.8
