1140000 2644.6
1140010 2644.6
1140020 2642.6
1140030 2641.6
1140040 2640.1
1140050 2640.1
1140060 2637.5
1140070 2637.7
1140080 2637.7
1140090 2638.1
1140100 2632.8
1140110 2632.8
1140120 2626.9
1140130 2620.6
1140140 2620.6
1140150 2616.1
1140160 2612.7
1140170 2612.7
1140180 2621.6
1140190 2622.5
1140200 2622.5
1140210 2623.1
1140220 2622.7
1140230 2622.7
1140240 2621.1
1140250 2621.3
1140260 2624.8
1140270 2624.8
1140280 2627.2
1140290 2625.7
1140300 2625.7
1140310 2621.0
1140320 2617.0
1140330 2617.0
1140340 2618.6
1140350 2619.1
1140360 2619.1
1140370 2615.0
1140380 2608.6
1140390 2608.6
1140400 2601.8
1140410 2598.0
1140420 2598.0
1140430 2596.0
1140440 2596.0
1140450 2596.0
1140460 2600.1
1140470 2598.0
1140480 2591.4
1140490 2591.4
1140500 2586.2
1140510 2582.4
1140520 2582.4
1140530 2579.8
1140540 2577.0
1140550 2586.7
1140560 2585.9
1140570 2585.1
1140580 2585.1
1140590 2587.0
1140600 2585.3
1140610 2585.3
1140620 2582.9
1140630 2584.1
1140640 2584.1
1140650 2586.0
1140660 2591.2
1140670 2591.2
1140680 2593.6
1140690 2598.5
1140700 2598.5
1140710 2603.1
1140720 2600.5
1140730 2589.1
1140740 2589.1
1140750 2580.8
1140760 2570.6
1140770 2570.6
1140780 2552.6
1140790 2535.3
1140800 2535.3
1140810 2529.7
1140820 2518.3
1140830 2518.3
1140840 2510.2
1140850 2505.7
1140860 2505.7
1140870 2500.7
1140880 2492.8
1140890 2492.8
1140900 2487.9
1140910 2486.4
1140920 2500.8
1140930 2497.4
1140940 2491.5
1140950 2482.3
1140960 2482.3
1140970 2469.0
1140980 2456.5
1140990 2456.5
1141000 2444.1
1141010 2429.4
1141020 2429.4
1141030 2414.8
1141040 2405.7
1141050 2405.7
1141060 2396.1
1141070 2387.1
1141080 2387.1
1141090 2377.7
1141100 2369.0
1141110 2369.0
1141120 2358.1
1141130 2352.3
1141140 2352.3
1141150 2343.5
1141160 2332.2
1141170 2321.0
1141180 2321.0
1141190 2314.3
1141200 2309.3
1141210 2309.3
1141220 2303.9
1141230 2297.7
1141240 2297.7
1141250 2294.2
1141260 2290.1
1141270 2290.1
1141280 2283.0
1141290 2278.2
1141300 2278.2
1141310 2272.2
1141320 2266.6
1141330 2266.6
1141340 2266.0
1141350 2266.4
1141360 2266.4
1141370 2263.2
1141380 2258.7
1141390 2253.7
1141400 2253.7
1141410 2249.0
1141420 2244.4
1141430 2244.4
1141440 2240.6
1141450 2237.9
1141460 2237.9
1141470 2235.0
1141480 2232.6
1141490 2232.6
1141500 2230.5
1141510 2227.5
1141520 2227.5
1141530 2223.9
1141540 2219.9
1141550 2219.9
1141560 2215.8
1141570 2211.6
1141580 2211.6
1141590 2207.6
1141600 2203.4
1141610 2199.6
1141620 2199.6
1141630 2196.2
1141640 2192.8
1141650 2192.8
1141660 2192.5
1141670 2189.7
1141680 2189.7
1141690 2188.1
1141700 2185.0
1141710 2185.0
1141720 2178.9
1141730 2173.3
1141740 2173.3
1141750 2168.5
1141760 2164.2
1141770 2164.2
1141780 2159.8
1141790 2155.5
1141800 2155.5
1141810 2151.2
1141820 2147.2
1141830 2144.8
1141840 2144.8
1141850 2143.6
1141860 2135.2
1141870 2135.2
1141880 2125.0
1141890 2118.8
1141900 2118.8
1141910 2113.0
1141920 2107.1
1141930 2107.1
1141940 2104.1
1141950 2101.3
1141960 2101.3
1141970 2093.3
1141980 2086.0
1141990 2086.0
1142000 2079.7
1142010 2073.0
1142020 2073.0
1142030 2071.5
1142040 2065.6
1142050 2065.6
1142060 2059.7
1142070 2053.9
1142080 2050.3
1142090 2050.3
1142100 2047.3
1142110 2044.9
1142120 2044.9
1142130 2042.6
1142140 2042.1
1142150 2042.1
1142160 2042.0
1142170 2034.8
1142180 2034.8
1142190 2026.1
1142200 2021.4
1142210 2021.4
1142220 2019.1
1142230 2020.0
1142240 2020.0
1142250 2021.8
1142260 2021.3
1142270 2021.3
1142280 2019.9
1142290 2019.7
1142300 2022.3
1142310 2022.3
1142320 2026.2
1142330 2033.8
1142340 2033.8
1142350 2035.9
1142360 2033.0
1142370 2033.0
1142380 2031.1
1142390 2029.0
1142400 2040.1
1142410 2038.2
1142420 2036.0
1142430 2036.0
1142440 2032.3
1142450 2029.1
1142460 2029.1
1142470 2023.5
1142480 2021.3
1142490 2021.3
1142500 2022.1
1142510 2017.4
1142520 2010.1
1142530 2010.1
1142540 2005.2
1142550 1999.9
1142560 1999.9
1142570 1992.8
1142580 1983.8
1142590 1983.8
1142600 1973.6
1142610 1963.1
1142620 1963.1
1142630 1953.8
1142640 1947.8
1142650 1947.8
1142660 1942.8
1142670 1941.3
1142680 1941.3
1142690 1940.1
1142700 1937.9
1142710 1937.9
1142720 1932.5
1142730 1923.1
1142740 1913.2
1142750 1913.2
1142760 1907.0
1142770 1900.8
1142780 1900.8
1142790 1894.1
1142800 1888.7
1142810 1888.7
1142820 1883.0
1142830 1876.8
1142840 1876.8
1142850 1869.7
1142860 1861.5
1142870 1861.5
1142880 1845.3
1142890 1840.4
1142900 1840.4
1142910 1850.8
1142920 1854.1
1142930 1854.1
1142940 1856.3
1142950 1857.5
1142960 1858.9
1142970 1858.9
1142980 1861.3
1142990 1864.0
1143000 1864.0
1143010 1867.6
1143020 1873.2
1143030 1873.2
1143040 1879.6
1143050 1885.3
1143060 1885.3
1143070 1890.9
1143080 1897.8
1143090 1897.8
1143100 1906.9
1143110 1915.5
1143120 1915.5
1143130 1924.3
1143140 1933.1
1143150 1933.1
1143160 1940.5
1143170 1944.3
1143180 1944.3
1143190 1947.7
1143200 1955.1
1143210 1965.9
1143220 1965.9
1143230 1975.2
1143240 1983.7
1143250 1983.7
1143260 1991.7
1143270 1999.8
1143280 1999.8
1143290 2006.8
1143300 2012.4
1143310 2012.4
1143320 2017.0
1143330 2021.0
1143340 2021.0
1143350 2024.6
1143360 2029.7
1143370 2029.7
1143380 2033.9
1143390 2035.2
1143400 2035.2
1143410 2035.2
1143420 2036.2
1143430 2038.5
1143440 2038.5
1143450 2040.9
1143460 2044.5
1143470 2044.5
1143480 2049.2
1143490 2054.1
1143500 2054.1
1143510 2063.9
1143520 2070.2
1143530 2070.2
1143540 2075.6
1143550 2080.6
1143560 2080.6
1143570 2084.9
1143580 2090.1
1143590 2090.1
1143600 2096.3
1143610 2102.6
1143620 2102.6
1143630 2107.3
1143640 2112.2
1143650 2117.0
1143660 2117.0
1143670 2121.3
1143680 2126.0
1143690 2126.0
1143700 2131.4
1143710 2136.4
1143720 2136.4
1143730 2140.9
1143740 2145.3
1143750 2145.3
1143760 2149.3
1143770 2153.2
1143780 2153.2
1143790 2157.5
1143800 2162.1
1143810 2162.1
1143820 2165.9
1143830 2169.8
1143840 2169.8
1143850 2173.9
1143860 2178.3
1143870 2183.0
1143880 2183.0
1143890 2194.5
1143900 2201.1
1143910 2201.1
1143920 2206.6
1143930 2211.7
1143940 2211.7
1143950 2217.7
1143960 2224.6
1143970 2224.6
1143980 2230.1
1143990 2235.9
1144000 2235.9
1144010 2242.9
1144020 2252.6
1144030 2252.6
1144040 2264.4
1144050 2275.8
1144060 2275.8
1144070 2284.9
1144080 2294.5
1144090 2304.2
1144100 2304.2
1144110 2311.8
1144120 2319.7
1144130 2319.7
1144140 2327.6
1144150 2334.9
1144160 2334.9
1144170 2343.0
1144180 2350.0
1144190 2350.0
1144200 2354.7
1144210 2357.0
1144220 2357.0
1144230 2358.1
1144240 2357.7
1144250 2357.7
1144260 2366.0
1144270 2362.1
1144280 2362.1
1144290 2358.2
1144300 2355.1
1144310 2356.4
1144320 2356.4
1144330 2358.0
1144340 2358.3
1144350 2358.3
1144360 2356.5
1144370 2358.1
1144380 2358.1
1144390 2360.3
1144400 2361.0
1144410 2361.0
1144420 2361.9
1144430 2365.1
1144440 2365.1
1144450 2369.4
1144460 2372.9
1144470 2372.9
1144480 2375.9
1144490 2378.5
1144500 2378.5
1144510 2380.5
1144520 2381.4
1144530 2381.4
1144540 2381.2
1144550 2382.1
1144560 2384.6
1144570 2384.6
1144580 2385.8
1144590 2387.1
1144600 2387.1
1144610 2389.8
1144620 2395.8
1144630 2397.3
1144640 2405.0
1144650 2412.6
1144660 2412.6
1144670 2417.5
1144680 2420.3
1144690 2420.3
1144700 2421.1
1144710 2422.0
1144720 2422.0
1144730 2424.7
1144740 2428.8
1144750 2428.8
1144760 2431.8
1144770 2434.5
1144780 2438.7
1144790 2438.7
1144800 2443.3
1144810 2446.8
1144820 2446.8
1144830 2449.0
1144840 2450.9
1144850 2450.9
1144860 2452.7
1144870 2455.5
1144880 2455.5
1144890 2459.5
1144900 2462.9
1144910 2462.9
1144920 2465.7
1144930 2468.5
1144940 2468.5
1144950 2471.0
1144960 2473.1
1144970 2473.1
1144980 2476.3
1144990 2482.1
1145000 2486.3
1145010 2486.3
1145020 2488.9
1145030 2493.4
1145040 2493.4
1145050 2497.9
1145060 2500.8
1145070 2500.8
1145080 2503.7
1145090 2506.0
1145100 2506.0
1145110 2507.7
1145120 2508.7
1145130 2508.7
1145140 2509.0
1145150 2509.1
1145160 2509.1
1145170 2509.9
1145180 2511.4
1145190 2511.4
1145200 2514.4
1145210 2518.3
1145220 2522.4
1145230 2522.4
1145240 2526.3
1145250 2529.2
1145260 2529.2
1145270 2531.1
1145280 2532.2
1145290 2532.2
1145300 2532.6
1145310 2533.0
1145320 2533.0
1145330 2535.5
1145340 2539.0
1145350 2539.0
1145360 2544.7
1145370 2547.5
1145380 2548.0
1145390 2548.1
1145400 2549.9
1145410 2549.9
1145420 2552.3
1145430 2553.0
1145440 2554.2
1145450 2554.2
1145460 2557.1
1145470 2560.5
1145480 2560.5
1145490 2561.8
1145500 2562.5
1145510 2562.5
1145520 2563.1
1145530 2563.6
1145540 2563.6
1145550 2564.2
1145560 2564.4
1145570 2564.4
1145580 2564.6
1145590 2564.4
1145600 2564.4
1145610 2563.8
1145620 2563.2
1145630 2563.2
1145640 2561.9
1145650 2561.4
1145660 2561.4
1145670 2562.0
1145680 2560.7
1145690 2559.2
1145700 2559.2
1145710 2558.9
1145720 2560.0
1145730 2560.0
1145740 2561.2
1145750 2564.6
1145760 2564.6
1145770 2566.1
1145780 2567.1
1145790 2567.1
1145800 2566.9
1145810 2568.2
1145820 2568.2
1145830 2569.8
1145840 2572.0
1145850 2572.0
1145860 2573.4
1145870 2575.2
1145880 2575.2
1145890 2577.6
1145900 2580.4
1145910 2583.1
1145920 2583.1
1145930 2585.5
1145940 2588.2
1145950 2588.2
1145960 2591.2
1145970 2592.7
1145980 2592.7
1145990 2594.3
1146000 2598.1
1146010 2598.1
1146020 2601.2
1146030 2602.3
1146040 2602.3
1146050 2605.3
1146060 2609.6
1146070 2609.6
1146080 2614.2
1146090 2619.2
1146100 2619.2
1146110 2623.8
1146120 2627.4
1146130 2635.6
1146140 2635.6
1146150 2640.0
1146160 2645.9
1146170 2645.9
1146180 2652.1
1146190 2657.6
1146200 2657.6
1146210 2661.6
1146220 2664.4
1146230 2664.4
1146240 2666.4
1146250 2668.2
1146260 2668.2
1146270 2669.5
1146280 2669.9
1146290 2669.9
1146300 2669.5
1146310 2668.7
1146320 2668.7
1146330 2669.0
1146340 2668.6
1146350 2668.6
1146360 2668.6
1146370 2669.8
1146380 2672.5
1146390 2672.5
1146400 2675.7
1146410 2677.6
1146420 2677.6
1146430 2679.6
1146440 2683.5
1146450 2683.5
1146460 2685.1
1146470 2685.7
1146480 2685.7
1146490 2686.4
1146500 2691.8
1146510 2691.8
1146520 2691.7
1146530 2693.5
1146540 2693.5
1146550 2695.8
1146560 2697.1
1146570 2698.6
1146580 2698.6
1146590 2700.1
1146600 2702.0
1146610 2702.0
1146620 2704.1
1146630 2706.0
1146640 2706.0
1146650 2708.3
1146660 2710.6
1146670 2710.6
1146680 2712.2
1146690 2714.4
1146700 2714.4
1146710 2716.5
1146720 2718.7
1146730 2718.7
1146740 2721.4
1146750 2724.1
1146760 2724.1
1146770 2727.0
1146780 2733.4
1146790 2741.0
1146800 2741.0
1146810 2745.2
1146820 2749.6
1146830 2749.6
1146840 2753.6
1146850 2759.3
1146860 2759.3
1146870 2765.5
1146880 2771.4
1146890 2771.4
1146900 2777.9
1146910 2782.7
1146920 2782.7
1146930 2786.4
1146940 2789.4
1146950 2789.4
1146960 2792.6
1146970 2795.6
1146980 2795.6
1146990 2798.4
1147000 2800.3
1147010 2800.3
1147020 2802.9
1147030 2807.1
1147040 2812.9
1147050 2812.9
1147060 2818.6
1147070 2824.1
1147080 2824.1
1147090 2829.1
1147100 2832.8
1147110 2832.8
1147120 2835.9
1147130 2839.1
1147140 2839.1
1147150 2844.8
1147160 2850.4
1147170 2850.4
1147180 2856.5
1147190 2863.4
1147200 2863.4
1147210 2870.0
1147220 2873.8
1147230 2873.8
1147240 2873.3
1147250 2875.6
1147260 2865.8
1147270 2865.8
1147280 2857.3
1147290 2849.9
1147300 2849.9
1147310 2842.4
1147320 2836.1
1147330 2836.1
1147340 2832.2
1147350 2827.3
1147360 2827.3
1147370 2823.2
1147380 2821.3
1147390 2821.3
1147400 2815.3
1147410 2809.0
1147420 2809.0
1147430 2801.1
1147440 2792.9
1147450 2792.9
1147460 2785.2
1147470 2777.8
1147480 2769.6
1147490 2769.6
1147500 2760.8
1147510 2753.9
1147520 2753.9
1147530 2746.3
1147540 2742.0
1147550 2742.0
1147560 2740.1
1147570 2736.1
1147580 2736.1
1147590 2734.5
1147600 2729.1
1147610 2729.1
1147620 2720.8
1147630 2721.5
1147640 2721.5
1147650 2714.6
1147660 2711.6
1147670 2711.6
1147680 2711.1
1147690 2710.3
1147700 2709.7
1147710 2709.7
1147720 2707.8
1147730 2707.5
1147740 2707.5
1147750 2705.8
1147760 2701.7
1147770 2701.7
1147780 2702.8
1147790 2697.5
1147800 2697.5
1147810 2694.4
1147820 2690.9
1147830 2690.9
1147840 2686.6
1147850 2682.2
1147860 2682.2
1147870 2675.6
1147880 2668.8
1147890 2668.8
1147900 2661.3
1147910 2656.6
1147920 2651.9
1147930 2651.9
1147940 2651.5
1147950 2651.5
1147960 2651.5
1147970 2652.3
1147980 2655.6
1147990 2655.6
1148000 2655.3
1148010 2671.1
1148020 2671.1
1148030 2668.2
1148040 2668.1
1148050 2668.1
1148060 2667.4
1148070 2667.0
1148080 2667.0
1148090 2667.2
1148100 2665.1
1148110 2665.1
1148120 2664.1
1148130 2662.7
1148140 2658.7
1148150 2658.7
1148160 2651.6
1148170 2644.7
1148180 2644.7
1148190 2647.7
1148200 2652.4
1148210 2652.4
1148220 2654.2
1148230 2647.4
1148240 2647.4
1148250 2639.9
1148260 2630.8
1148270 2630.8
1148280 2627.4
1148290 2631.4
1148300 2631.4
1148310 2633.3
1148320 2628.4
1148330 2628.4
1148340 2625.6
1148350 2623.7
1148360 2623.7
1148370 2622.3
1148380 2628.7
1148390 2628.0
1148400 2628.0
1148410 2626.0
1148420 2622.7
1148430 2622.7
1148440 2619.3
1148450 2615.9
1148460 2615.9
1148470 2611.5
1148480 2608.3
1148490 2608.3
1148500 2606.5
1148510 2604.8
1148520 2604.8
1148530 2605.0
1148540 2605.5
1148550 2605.5
1148560 2605.8
1148570 2605.4
1148580 2605.4
1148590 2604.8
1148600 2604.4
1148610 2604.5
1148620 2604.5
1148630 2604.5
1148640 2606.3
1148650 2606.3
1148660 2607.7
1148670 2608.6
1148680 2608.6
1148690 2609.9
1148700 2611.2
1148710 2611.2
1148720 2611.0
1148730 2609.9
1148740 2609.9
1148750 2607.9
1148760 2611.7
1148770 2611.7
1148780 2613.8
1148790 2617.1
1148800 2617.1
1148810 2620.3
1148820 2622.6
1148830 2624.5
1148840 2624.5
1148850 2626.6
1148860 2626.7
1148870 2626.7
1148880 2626.2
1148890 2625.2
1148900 2625.2
1148910 2626.2
1148920 2629.1
1148930 2629.1
1148940 2633.6
1148950 2637.3
1148960 2637.3
1148970 2639.5
1148980 2641.3
1148990 2641.3
1149000 2643.9
1149010 2646.2
1149020 2646.2
1149030 2647.7
1149040 2650.2
1149050 2652.5
1149060 2652.5
1149070 2654.6
1149080 2657.9
1149090 2657.9
1149100 2662.3
1149110 2667.1
1149120 2667.1
1149130 2672.8
1149140 2682.7
1149150 2682.7
1149160 2688.8
1149170 2695.3
1149180 2695.3
1149190 2703.6
1149200 2714.0
1149210 2714.0
1149220 2722.6
1149230 2730.6
1149240 2730.6
1149250 2741.1
1149260 2749.7
1149270 2744.8
1149280 2744.8
1149290 2731.5
1149300 2704.9
1149310 2704.9
1149320 2687.7
1149330 2678.1
1149340 2678.1
1149350 2667.4
1149360 2653.1
1149370 2653.1
1149380 2642.6
1149390 2632.7
1149400 2632.7
1149410 2621.7
1149420 2609.0
1149430 2609.0
1149440 2600.0
1149450 2592.7
1149460 2592.7
1149470 2585.4
1149480 2578.1
1149490 2578.1
1149500 2571.0
1149510 2564.0
1149520 2556.4
1149530 2556.4
1149540 2549.7
1149550 2543.3
1149560 2543.3
1149570 2537.0
1149580 2530.8
1149590 2530.8
1149600 2524.7
1149610 2518.7
1149620 2518.7
1149630 2512.5
1149640 2506.5
1149650 2506.5
1149660 2501.0
1149670 2496.0
1149680 2496.0
1149690 2491.1
1149700 2486.0
1149710 2486.0
1149720 2481.4
1149730 2477.9
1149740 2474.4
1149750 2474.4
1149760 2471.4
1149770 2469.6
1149780 2469.6
1149790 2468.1
1149800 2466.2
1149810 2466.2
1149820 2464.6
1149830 2463.6
1149840 2463.6
1149850 2463.3
1149860 2463.4
1149870 2463.4
1149880 2465.0
1149890 2464.8
1149900 2465.1
1149910 2464.4
1149920 2462.6
1149930 2462.6
1149940 2460.1
1149950 2457.1
1149960 2454.2
1149970 2454.2
1149980 2452.8
1149990 2452.5
1150000 2452.5
1150010 2451.3
1150020 2446.0
1150030 2446.0
1150040 2440.2
1150050 2437.5
1150060 2437.5
1150070 2437.4
1150080 2437.9
1150090 2437.9
1150100 2436.8
1150110 2434.5
1150120 2434.5
1150130 2434.2
1150140 2433.3
1150150 2433.3
1150160 2426.7
1150170 2416.5
1150180 2405.3
1150190 2405.3
1150200 2397.7
1150210 2392.0
1150220 2392.0
1150230 2387.5
1150240 2383.5
1150250 2383.5
1150260 2380.3
1150270 2376.7
1150280 2373.8
1150290 2370.8
1150300 2367.7
1150310 2367.7
1150320 2364.0
1150330 2361.6
1150340 2361.6
1150350 2361.2
1150360 2359.7
1150370 2359.7
1150380 2356.8
1150390 2353.9
1150400 2350.5
1150410 2350.5
1150420 2346.8
1150430 2343.7
1150440 2343.7
1150450 2342.0
1150460 2340.6
1150470 2340.6
1150480 2337.3
1150490 2335.0
1150500 2335.0
1150510 2336.3
1150520 2338.8
1150530 2338.8
1150540 2339.5
1150550 2341.0
1150560 2341.0
1150570 2341.8
1150580 2343.6
1150590 2343.6
1150600 2344.9
1150610 2345.1
1150620 2346.3
1150630 2346.3
1150640 2349.6
1150650 2351.6
1150660 2351.6
1150670 2354.5
1150680 2357.9
1150690 2357.9
1150700 2363.9
1150710 2370.3
1150720 2370.3
1150730 2374.4
1150740 2378.1
1150750 2378.1
1150760 2382.2
1150770 2386.2
1150780 2386.2
1150790 2389.3
1150800 2392.1
1150810 2392.1
1150820 2396.4
1150830 2400.3
1150840 2400.3
1150850 2404.3
1150860 2407.7
1150870 2409.1
1150880 2409.1
1150890 2409.2
1150900 2408.7
1150910 2408.7
1150920 2407.4
1150930 2406.2
1150940 2406.2
1150950 2405.0
1150960 2403.7
1150970 2403.7
1150980 2402.2
1150990 2401.1
1151000 2401.1
1151010 2400.2
1151020 2399.9
1151030 2394.1
1151040 2394.3
1151050 2394.8
1151060 2394.8
1151070 2396.0
1151080 2397.1
1151090 2397.6
1151100 2397.6
1151110 2398.3
1151120 2399.2
1151130 2399.2
1151140 2400.7
1151150 2402.3
1151160 2402.3
1151170 2404.1
1151180 2406.8
1151190 2406.8
1151200 2410.3
1151210 2414.1
1151220 2414.1
1151230 2417.9
1151240 2421.5
1151250 2421.5
1151260 2425.7
1151270 2428.7
1151280 2428.7
1151290 2428.7
1151300 2431.6
1151310 2436.3
1151320 2436.3
1151330 2441.9
1151340 2449.4
1151350 2449.4
1151360 2460.5
1151370 2471.6
1151380 2471.6
1151390 2482.4
1151400 2489.6
1151410 2489.6
1151420 2489.6
1151430 2492.9
1151440 2492.9
1151450 2493.5
1151460 2494.0
1151470 2494.0
1151480 2494.7
1151490 2495.4
1151500 2495.4
1151510 2495.1
1151520 2496.9
1151530 2496.9
1151540 2496.9
1151550 2495.7
1151560 2494.4
1151570 2494.4
1151580 2491.2
1151590 2488.3
1151600 2488.3
1151610 2487.1
1151620 2485.8
1151630 2485.8
1151640 2483.8
1151650 2479.7
1151660 2479.7
1151670 2472.5
1151680 2466.9
1151690 2466.9
1151700 2463.4
1151710 2457.8
1151720 2457.8
1151730 2451.7
1151740 2445.1
1151750 2439.3
1151760 2439.3
1151770 2433.2
1151780 2426.2
1151790 2426.2
1151800 2416.9
1151810 2411.9
1151820 2411.9
1151830 2404.6
1151840 2394.7
1151850 2394.7
1151860 2383.9
1151870 2372.7
1151880 2372.7
1151890 2361.7
1151900 2351.5
1151910 2351.5
1151920 2342.2
1151930 2330.5
1151940 2330.5
1151950 2321.1
1151960 2314.4
1151970 2307.6
1151980 2307.6
1151990 2301.2
1152000 2295.0
1152010 2295.0
1152020 2288.7
1152030 2282.5
1152040 2282.5
1152050 2277.2
1152060 2272.4
1152070 2272.4
1152080 2267.3
1152090 2261.8
1152100 2261.8
1152110 2256.7
1152120 2252.5
1152130 2252.5
1152140 2249.0
1152150 2246.1
1152160 2246.1
1152170 2244.2
1152180 2239.0
1152190 2239.0
1152200 2236.0
1152210 2233.4
1152220 2230.5
1152230 2230.5
1152240 2226.9
1152250 2223.1
1152260 2223.1
1152270 2218.9
1152280 2215.3
1152290 2215.3
1152300 2211.8
1152310 2208.4
1152320 2208.4
1152330 2204.2
1152340 2200.0
1152350 2200.0
1152360 2194.8
1152370 2187.8
1152380 2187.8
1152390 2181.4
1152400 2171.9
1152410 2171.9
1152420 2161.5
1152430 2152.7
1152440 2147.8
1152450 2147.8
1152460 2142.9
1152470 2137.2
1152480 2137.2
1152490 2130.2
1152500 2124.4
1152510 2124.4
1152520 2122.5
1152530 2122.6
1152540 2122.6
1152550 2123.0
1152560 2117.5
1152570 2117.5
1152580 2116.0
1152590 2115.0
1152600 2115.0
1152610 2114.4
1152620 2113.7
1152630 2113.7
1152640 2112.9
1152650 2112.5
1152660 2111.7
1152670 2111.7
1152680 2108.9
1152690 2105.4
1152700 2105.4
1152710 2102.0
1152720 2098.3
1152730 2098.3
1152740 2095.2
1152750 2093.3
1152760 2093.3
1152770 2093.1
1152780 2092.9
1152790 2092.9
1152800 2092.7
1152810 2091.3
1152820 2091.3
1152830 2088.0
1152840 2082.2
1152850 2082.2
1152860 2076.3
1152870 2071.1
1152880 2067.3
1152890 2067.3
1152900 2064.5
1152910 2062.3
1152920 2062.3
1152930 2059.0
1152940 2053.1
1152950 2053.1
1152960 2049.3
1152970 2046.3
1152980 2046.3
1152990 2043.2
1153000 2039.8
1153010 2039.8
1153020 2036.5
1153030 2033.7
1153040 2033.7
1153050 2031.5
1153060 2029.3
1153070 2029.3
1153080 2028.0
1153090 2026.8
1153100 2023.7
1153110 2023.7
1153120 2021.7
1153130 2022.3
1153140 2022.3
1153150 2021.1
1153160 2020.2
1153170 2020.2
1153180 2019.2
1153190 2017.5
1153200 2017.5
1153210 2015.5
1153220 2014.2
1153230 2014.2
1153240 2014.2
1153250 2015.0
1153260 2015.0
1153270 2015.4
1153280 2016.6
1153290 2016.6
1153300 2018.7
1153310 2020.2
1153320 2020.0
1153330 2013.8
1153340 2014.3
1153350 2015.8
1153360 2015.8
1153370 2016.1
1153380 2017.0
1153390 2017.0
1153400 2017.1
1153410 2016.9
1153420 2016.9
1153430 2014.8
1153440 2014.9
1153450 2014.9
1153460 2015.1
1153470 2016.2
1153480 2016.2
1153490 2017.1
1153500 2017.6
1153510 2017.6
1153520 2018.8
1153530 2020.3
1153540 2020.3
1153550 2021.1
1153560 2021.5
1153570 2021.4
1153580 2021.4
1153590 2020.8
1153600 2019.7
1153610 2019.7
1153620 2019.9
1153630 2020.0
1153640 2020.0
1153650 2019.2
1153660 2017.8
1153670 2017.8
1153680 2016.0
1153690 2014.9
1153700 2014.9
1153710 2009.9
1153720 2007.4
1153730 2007.4
1153740 2002.9
1153750 1996.9
1153760 1996.9
1153770 1991.5
1153780 1986.7
1153790 1980.7
1153800 1980.7
1153810 1976.3
1153820 1972.6
1153830 1972.6
1153840 1969.2
1153850 1965.4
1153860 1965.4
1153870 1961.1
1153880 1956.0
1153890 1956.0
1153900 1950.4
1153910 1944.3
1153920 1944.3
1153930 1937.4
1153940 1930.3
1153950 1930.3
1153960 1924.1
1153970 1918.4
1153980 1918.4
1153990 1912.3
1154000 1905.9
1154010 1899.5
1154020 1899.5
1154030 1893.4
1154040 1888.3
1154050 1888.3
1154060 1882.7
1154070 1876.5
1154080 1876.5
1154090 1869.2
1154100 1863.5
1154110 1863.5
1154120 1861.7
1154130 1863.9
1154140 1863.9
1154150 1866.9
1154160 1870.3
1154170 1870.3
1154180 1874.1
1154190 1877.9
1154200 1877.9
1154210 1881.0
1154220 1881.5
1154230 1883.7
1154240 1883.7
1154250 1888.3
1154260 1895.3
1154270 1895.3
1154280 1901.9
1154290 1908.3
1154300 1908.3
1154310 1914.8
1154320 1918.5
1154330 1918.5
1154340 1922.7
1154350 1928.5
1154360 1928.5
1154370 1933.6
1154380 1937.3
1154390 1937.3
1154400 1938.9
1154410 1941.2
1154420 1941.2
1154430 1944.6
1154440 1948.4
1154450 1952.6
1154460 1952.6
1154470 1956.5
1154480 1955.2
1154490 1955.2
1154500 1956.3
1154510 1957.3
1154520 1957.3
1154530 1957.8
1154540 1958.6
1154550 1958.6
1154560 1959.4
1154570 1958.6
1154580 1958.6
1154590 1957.0
1154600 1961.2
1154610 1961.2
1154620 1964.6
1154630 1967.2
1154640 1967.2
1154650 1969.2
1154660 1970.3
1154670 1971.8
1154680 1971.8
1154690 1974.7
1154700 1978.2
1154710 1978.2
1154720 1980.3
1154730 1982.8
1154740 1982.8
1154750 1984.4
1154760 1985.6
1154770 1985.6
1154780 1988.5
1154790 1992.7
1154800 1992.7
1154810 1994.3
1154820 1994.0
1154830 1994.0
1154840 1993.2
1154850 1993.2
1154860 1987.7
1154870 1988.6
1154880 1989.4
1154890 1989.4
1154900 1990.5
1154910 1992.1
1154920 1991.9
1154930 1991.9
1154940 1990.6
1154950 1990.5
1154960 1990.5
1154970 1988.8
1154980 1986.5
1154990 1986.5
1155000 1984.5
1155010 1982.4
1155020 1982.4
1155030 1981.3
1155040 1982.5
1155050 1982.5
1155060 1984.2
1155070 1986.4
1155080 1986.4
1155090 1988.9
1155100 1991.5
1155110 1991.5
1155120 1994.2
1155130 1996.7
1155140 2000.1
1155150 2000.1
1155160 2004.0
1155170 2008.3
1155180 2008.3
1155190 2012.0
1155200 2013.4
1155210 2013.4
1155220 2015.0
1155230 2014.7
1155240 2014.7
1155250 2012.4
1155260 2012.3
1155270 2012.3
1155280 2012.8
1155290 2013.4
1155300 2013.4
1155310 2014.0
1155320 2015.1
1155330 2015.1
1155340 2016.4
1155350 2018.4
1155360 2021.7
1155370 2021.7
1155380 2025.3
1155390 2029.0
1155400 2029.0
1155410 2031.4
1155420 2031.9
1155430 2031.9
1155440 2033.1
1155450 2035.7
1155460 2035.7
1155470 2036.3
1155480 2036.4
1155490 2036.4
1155500 2038.3
1155510 2040.8
1155520 2040.8
1155530 2042.5
1155540 2043.8
1155550 2043.8
1155560 2046.5
1155570 2049.3
1155580 2049.6
1155590 2049.6
1155600 2051.2
1155610 2053.5
1155620 2053.5
1155630 2050.1
1155640 2050.4
1155650 2050.4
1155660 2048.4
1155670 2044.9
1155680 2044.9
1155690 2041.7
1155700 2039.6
1155710 2039.6
1155720 2037.1
1155730 2034.0
1155740 2034.0
1155750 2031.9
1155760 2029.8
1155770 2029.8
1155780 2028.5
1155790 2027.6
1155800 2024.4
1155810 2024.4
1155820 2023.8
1155830 2023.3
1155840 2023.3
1155850 2019.9
1155860 2011.8
1155870 2011.8
1155880 1997.3
1155890 1988.7
1155900 1988.7
1155910 1984.3
1155920 1979.1
1155930 1979.1
1155940 1969.3
1155950 1957.3
1155960 1957.3
1155970 1944.1
1155980 1935.8
1155990 1935.8
1156000 1931.9
1156010 1928.4
1156020 1921.7
1156030 1921.7
1156040 1917.8
1156050 1913.6
1156060 1913.6
1156070 1909.6
1156080 1906.8
1156090 1906.8
1156100 1902.8
1156110 1898.5
1156120 1898.5
1156130 1893.6
1156140 1888.6
1156150 1888.6
1156160 1884.9
1156170 1881.6
1156180 1881.6
1156190 1880.0
1156200 1879.4
1156210 1879.4
1156220 1879.2
1156230 1879.3
1156240 1879.3
1156250 1879.9
1156260 1881.5
1156270 1881.8
1156280 1881.8
1156290 1879.5
1156300 1878.3
1156310 1878.3
1156320 1876.6
1156330 1875.2
1156340 1875.2
1156350 1874.8
1156360 1874.2
1156370 1874.2
1156380 1873.5
1156390 1871.8
1156400 1868.9
1156410 1867.0
1156420 1865.3
1156430 1865.3
1156440 1864.5
1156450 1863.4
1156460 1863.4
1156470 1862.0
1156480 1860.7
1156490 1859.4
1156500 1859.4
1156510 1858.4
1156520 1857.5
1156530 1857.5
1156540 1855.0
1156550 1851.3
1156560 1851.3
1156570 1847.8
1156580 1845.0
1156590 1845.0
1156600 1842.6
1156610 1839.3
1156620 1839.3
1156630 1834.3
1156640 1830.9
1156650 1830.9
1156660 1828.5
1156670 1825.7
1156680 1825.7
1156690 1823.7
1156700 1822.4
1156710 1821.9
1156720 1821.9
1156730 1821.2
1156740 1820.2
1156750 1820.2
1156760 1819.3
1156770 1817.5
1156780 1817.5
1156790 1811.0
1156800 1807.6
1156810 1807.6
1156820 1800.2
1156830 1794.3
1156840 1794.3
1156850 1789.8
1156860 1785.2
1156870 1785.2
1156880 1781.2
1156890 1779.8
1156900 1779.8
1156910 1778.6
1156920 1775.6
1156930 1772.7
1156940 1772.7
1156950 1769.0
1156960 1764.2
1156970 1764.2
1156980 1762.8
1156990 1762.9
1157000 1762.9
1157010 1763.5
1157020 1760.4
1157030 1760.4
1157040 1756.4
1157050 1752.7
1157060 1752.7
1157070 1749.1
1157080 1749.0
1157090 1749.0
1157100 1749.3
1157110 1749.7
1157120 1749.7
1157130 1750.2
1157140 1750.1
1157150 1749.7
1157160 1749.7
1157170 1749.3
1157180 1742.9
1157190 1742.9
1157200 1742.7
1157210 1743.0
1157220 1743.0
1157230 1743.1
1157240 1742.5
1157250 1742.5
1157260 1743.9
1157270 1745.2
1157280 1745.2
1157290 1745.5
1157300 1745.4
1157310 1745.4
1157320 1745.9
1157330 1746.5
1157340 1746.5
1157350 1747.5
1157360 1749.5
1157370 1750.5
1157380 1750.5
1157390 1748.6
1157400 1743.9
1157410 1743.9
1157420 1738.6
1157430 1733.2
1157440 1733.2
1157450 1729.7
1157460 1727.1
1157470 1727.1
1157480 1723.1
1157490 1719.3
1157500 1719.3
1157510 1714.2
1157520 1707.0
1157530 1707.0
1157540 1699.6
1157550 1693.5
1157560 1693.5
1157570 1686.1
1157580 1680.9
1157590 1680.9
1157600 1678.8
1157610 1678.1
1157620 1679.2
1157630 1679.2
1157640 1680.8
1157650 1682.6
1157660 1682.6
1157670 1685.3
1157680 1688.4
1157690 1688.4
1157700 1689.6
1157710 1686.4
1157720 1686.4
1157730 1682.3
1157740 1678.6
1157750 1678.6
1157760 1676.4
1157770 1676.2
1157780 1676.2
1157790 1679.1
1157800 1680.4
1157810 1680.4
1157820 1676.6
1157830 1671.7
1157840 1668.1
1157850 1668.1
1157860 1664.2
1157870 1657.4
1157880 1657.4
1157890 1649.4
1157900 1634.9
1157910 1634.9
1157920 1627.7
1157930 1633.0
1157940 1633.0
1157950 1635.1
1157960 1641.7
1157970 1641.7
1157980 1645.4
1157990 1646.8
1158000 1646.8
1158010 1645.7
1158020 1644.7
1158030 1644.7
1158040 1645.6
1158050 1647.3
1158060 1648.2
1158070 1648.2
1158080 1646.7
1158090 1646.5
1158100 1646.5
1158110 1649.2
1158120 1651.5
1158130 1651.5
1158140 1654.8
1158150 1659.8
1158160 1659.8
1158170 1665.3
1158180 1669.4
1158190 1669.4
1158200 1671.2
1158210 1671.9
1158220 1671.9
1158230 1672.3
1158240 1672.5
1158250 1672.5
1158260 1673.5
1158270 1674.1
1158280 1674.3
1158290 1674.3
1158300 1674.3
1158310 1673.9
1158320 1673.9
1158330 1675.0
1158340 1671.7
1158350 1671.7
1158360 1672.8
1158370 1675.0
1158380 1675.0
1158390 1677.1
1158400 1678.7
1158410 1678.7
1158420 1680.5
1158430 1682.8
1158440 1682.8
1158450 1683.7
1158460 1683.5
1158470 1683.5
1158480 1683.6
1158490 1683.2
1158500 1681.9
1158510 1681.9
1158520 1679.5
1158530 1677.8
1158540 1677.8
1158550 1676.2
1158560 1674.9
1158570 1674.9
1158580 1671.9
1158590 1670.8
1158600 1670.8
1158610 1671.1
1158620 1671.4
1158630 1671.4
1158640 1671.6
1158650 1671.1
1158660 1671.1
1158670 1670.5
1158680 1669.6
1158690 1669.6
1158700 1668.6
1158710 1668.5
1158720 1667.8
1158730 1663.2
1158740 1661.0
1158750 1659.1
1158760 1659.1
1158770 1657.4
1158780 1656.7
1158790 1656.7
1158800 1655.5
1158810 1654.3
1158820 1654.3
1158830 1653.4
1158840 1651.9
1158850 1651.9
1158860 1652.0
1158870 1653.2
1158880 1653.2
1158890 1654.9
1158900 1656.9
1158910 1656.9
1158920 1658.6
1158930 1659.6
1158940 1659.6
1158950 1659.9
1158960 1659.7
1158970 1659.4
1158980 1659.4
1158990 1659.3
1159000 1659.7
1159010 1659.7
1159020 1659.2
1159030 1655.9
1159040 1655.9
1159050 1650.6
1159060 1648.4
1159070 1648.4
1159080 1646.9
1159090 1646.0
1159100 1646.0
1159110 1646.1
1159120 1640.0
1159130 1640.0
1159140 1638.9
1159150 1638.2
1159160 1638.2
1159170 1637.0
1159180 1635.8
1159190 1635.2
1159200 1635.2
1159210 1634.1
1159220 1632.6
1159230 1632.6
1159240 1631.1
1159250 1629.6
1159260 1629.6
1159270 1628.8
1159280 1627.4
1159290 1627.4
1159300 1625.8
1159310 1624.1
1159320 1624.1
1159330 1622.6
1159340 1621.3
1159350 1621.3
1159360 1621.4
1159370 1622.8
1159380 1622.8
1159390 1625.2
1159400 1626.9
1159410 1627.7
1159420 1627.7
1159430 1627.6
1159440 1627.3
1159450 1627.3
1159460 1625.7
1159470 1622.4
1159480 1622.4
1159490 1617.5
1159500 1610.8
1159510 1605.7
1159520 1602.1
1159530 1600.7
1159540 1600.7
1159550 1596.7
1159560 1592.1
1159570 1592.1
1159580 1588.4
1159590 1586.7
1159600 1586.7
1159610 1585.8
1159620 1584.9
1159630 1585.9
1159640 1585.9
1159650 1586.0
1159660 1584.0
1159670 1584.0
1159680 1581.9
1159690 1580.3
1159700 1580.3
1159710 1578.2
1159720 1580.3
1159730 1580.3
1159740 1581.7
1159750 1582.6
1159760 1582.6
1159770 1581.5
1159780 1580.4
1159790 1580.4
1159800 1579.4
1159810 1579.6
1159820 1579.6
1159830 1580.1
1159840 1580.2
1159850 1580.2
1159860 1580.2
1159870 1580.0
1159880 1580.5
1159890 1580.5
1159900 1576.2
1159910 1577.9
1159920 1577.9
1159930 1579.6
1159940 1578.4
1159950 1578.4
1159960 1574.1
1159970 1572.1
1159980 1572.1
1159990 1569.5
