1140000 2558.9
1140010 2549.1
1140020 2540.3
1140030 2540.3
1140040 2532.7
1140050 2524.2
1140060 2517.2
1140070 2517.2
1140080 2509.2
1140090 2501.3
1140100 2501.3
1140110 2494.3
1140120 2491.8
1140130 2491.8
1140140 2481.6
1140150 2474.8
1140160 2474.8
1140170 2468.5
1140180 2460.3
1140190 2460.3
1140200 2453.4
1140210 2448.5
1140220 2448.5
1140230 2442.6
1140240 2435.4
1140250 2435.4
1140260 2427.4
1140270 2420.2
1140280 2412.9
1140290 2412.9
1140300 2405.1
1140310 2394.9
1140320 2394.9
1140330 2381.8
1140340 2373.8
1140350 2373.8
1140360 2366.2
1140370 2357.9
1140380 2357.9
1140390 2350.2
1140400 2343.1
1140410 2343.1
1140420 2337.7
1140430 2334.7
1140440 2334.7
1140450 2332.2
1140460 2327.4
1140470 2327.4
1140480 2321.0
1140490 2321.4
1140500 2310.8
1140510 2310.8
1140520 2300.0
1140530 2295.0
1140540 2295.0
1140550 2291.0
1140560 2287.2
1140570 2287.2
1140580 2283.8
1140590 2280.9
1140600 2280.9
1140610 2278.5
1140620 2277.1
1140630 2277.1
1140640 2275.8
1140650 2273.2
1140660 2273.2
1140670 2270.0
1140680 2266.8
1140690 2266.8
1140700 2262.9
1140710 2258.8
1140720 2254.3
1140730 2254.3
1140740 2249.9
1140750 2245.8
1140760 2245.8
1140770 2242.2
1140780 2238.9
1140790 2238.9
1140800 2235.4
1140810 2232.2
1140820 2232.2
1140830 2228.8
1140840 2225.0
1140850 2225.0
1140860 2225.3
1140870 2220.7
1140880 2220.7
1140890 2215.4
1140900 2209.1
1140910 2209.1
1140920 2203.5
1140930 2199.2
1140940 2199.2
1140950 2195.6
1140960 2192.5
1140970 2190.3
1140980 2190.3
1140990 2188.8
1141000 2187.7
1141010 2187.7
1141020 2186.5
1141030 2184.9
1141040 2184.9
1141050 2183.5
1141060 2180.9
1141070 2180.9
1141080 2177.3
1141090 2173.1
1141100 2173.1
1141110 2168.5
1141120 2164.5
1141130 2164.5
1141140 2160.4
1141150 2157.0
1141160 2157.0
1141170 2155.3
1141180 2153.4
1141190 2148.7
1141200 2148.7
1141210 2141.5
1141220 2130.4
1141230 2134.7
1141240 2123.7
1141250 2114.6
1141260 2114.6
1141270 2104.9
1141280 2094.8
1141290 2094.8
1141300 2086.5
1141310 2080.8
1141320 2080.8
1141330 2074.9
1141340 2068.8
1141350 2068.8
1141360 2062.7
1141370 2058.7
1141380 2058.7
1141390 2053.9
1141400 2046.5
1141410 2040.4
1141420 2040.4
1141430 2035.6
1141440 2031.7
1141450 2031.7
1141460 2027.1
1141470 2022.8
1141480 2022.8
1141490 2018.9
1141500 2013.0
1141510 2013.0
1141520 2004.7
1141530 1996.3
1141540 1996.3
1141550 1986.2
1141560 1973.6
1141570 1973.6
1141580 1966.3
1141590 1959.9
1141600 1962.8
1141610 1956.1
1141620 1949.7
1141630 1942.4
1141640 1942.4
1141650 1935.3
1141660 1928.3
1141670 1928.3
1141680 1920.9
1141690 1914.2
1141700 1914.2
1141710 1907.7
1141720 1900.4
1141730 1900.4
1141740 1893.5
1141750 1888.8
1141760 1888.8
1141770 1884.1
1141780 1878.3
1141790 1878.3
1141800 1873.1
1141810 1869.6
1141820 1869.6
1141830 1867.8
1141840 1868.9
1141850 1868.9
1141860 1868.7
1141870 1863.7
1141880 1857.8
1141890 1857.8
1141900 1851.4
1141910 1844.5
1141920 1844.5
1141930 1838.6
1141940 1833.8
1141950 1833.8
1141960 1831.4
1141970 1831.2
1141980 1831.2
1141990 1827.0
1142000 1822.5
1142010 1822.5
1142020 1819.6
1142030 1817.7
1142040 1817.7
1142050 1815.3
1142060 1811.5
1142070 1811.5
1142080 1806.5
1142090 1801.2
1142100 1796.9
1142110 1796.9
1142120 1793.6
1142130 1789.3
1142140 1789.3
1142150 1782.5
1142160 1775.3
1142170 1775.3
1142180 1768.4
1142190 1761.1
1142200 1761.1
1142210 1753.0
1142220 1744.5
1142230 1744.5
1142240 1736.4
1142250 1727.7
1142260 1727.7
1142270 1720.1
1142280 1713.0
1142290 1713.0
1142300 1706.8
1142310 1701.3
1142320 1696.3
1142330 1696.3
1142340 1695.8
1142350 1695.2
1142360 1695.2
1142370 1694.7
1142380 1694.7
1142390 1694.7
1142400 1695.9
1142410 1699.4
1142420 1699.4
1142430 1702.2
1142440 1704.6
1142450 1704.6
1142460 1707.7
1142470 1710.8
1142480 1710.8
1142490 1714.1
1142500 1717.3
1142510 1717.3
1142520 1720.3
1142530 1723.4
1142540 1726.2
1142550 1726.2
1142560 1729.8
1142570 1733.2
1142580 1733.2
1142590 1736.7
1142600 1740.9
1142610 1740.9
1142620 1744.8
1142630 1748.6
1142640 1748.6
1142650 1752.4
1142660 1756.6
1142670 1756.6
1142680 1761.1
1142690 1765.1
1142700 1765.1
1142710 1769.6
1142720 1774.4
1142730 1774.4
1142740 1779.6
1142750 1785.3
1142760 1785.3
1142770 1791.3
1142780 1797.4
1142790 1803.5
1142800 1803.5
1142810 1809.9
1142820 1816.7
1142830 1816.7
1142840 1824.6
1142850 1832.2
1142860 1832.2
1142870 1839.0
1142880 1845.7
1142890 1845.7
1142900 1852.8
1142910 1859.4
1142920 1859.4
1142930 1866.5
1142940 1874.3
1142950 1874.3
1142960 1884.3
1142970 1898.2
1142980 1898.2
1142990 1907.8
1143000 1915.7
1143010 1924.1
1143020 1924.1
1143030 1931.9
1143040 1940.1
1143050 1940.1
1143060 1948.5
1143070 1957.3
1143080 1958.1
1143090 1966.7
1143100 1975.7
1143110 1975.7
1143120 1985.4
1143130 1994.7
1143140 1994.7
1143150 2003.1
1143160 2011.8
1143170 2011.8
1143180 2020.3
1143190 2029.5
1143200 2029.5
1143210 2036.4
1143220 2044.3
1143230 2054.2
1143240 2054.2
1143250 2063.2
1143260 2072.4
1143270 2072.4
1143280 2078.8
1143290 2080.2
1143300 2080.2
1143310 2084.3
1143320 2090.6
1143330 2090.6
1143340 2096.3
1143350 2100.2
1143360 2100.2
1143370 2106.6
1143380 2116.1
1143390 2116.1
1143400 2126.1
1143410 2133.1
1143420 2133.1
1143430 2139.2
1143440 2144.9
1143450 2147.8
1143460 2147.8
1143470 2152.1
1143480 2155.9
1143490 2155.9
1143500 2159.6
1143510 2162.6
1143520 2162.6
1143530 2164.9
1143540 2168.3
1143550 2168.3
1143560 2172.0
1143570 2174.2
1143580 2174.2
1143590 2176.4
1143600 2179.5
1143610 2179.5
1143620 2182.2
1143630 2184.6
1143640 2184.6
1143650 2187.8
1143660 2190.4
1143670 2190.4
1143680 2193.1
1143690 2195.9
1143700 2198.6
1143710 2198.6
1143720 2201.1
1143730 2203.6
1143740 2203.6
1143750 2205.7
1143760 2208.0
1143770 2208.0
1143780 2210.2
1143790 2213.5
1143800 2213.5
1143810 2215.9
1143820 2212.6
1143830 2212.6
1143840 2215.5
1143850 2218.4
1143860 2218.4
1143870 2221.4
1143880 2226.2
1143890 2226.2
1143900 2232.3
1143910 2236.4
1143920 2238.6
1143930 2238.6
1143940 2241.9
1143950 2245.5
1143960 2245.5
1143970 2248.8
1143980 2251.9
1143990 2251.9
1144000 2255.9
1144010 2261.0
1144020 2261.0
1144030 2264.5
1144040 2266.1
1144050 2266.1
1144060 2269.2
1144070 2275.8
1144080 2275.8
1144090 2281.5
1144100 2285.5
1144110 2285.5
1144120 2289.4
1144130 2293.5
1144140 2296.7
1144150 2296.7
1144160 2298.7
1144170 2301.4
1144180 2301.4
1144190 2305.2
1144200 2303.3
1144210 2303.3
1144220 2308.1
1144230 2312.5
1144240 2312.5
1144250 2318.6
1144260 2325.2
1144270 2325.2
1144280 2330.0
1144290 2332.3
1144300 2332.3
1144310 2333.9
1144320 2334.6
1144330 2334.6
1144340 2335.7
1144350 2339.0
1144360 2343.0
1144370 2343.0
1144380 2346.7
1144390 2350.3
1144400 2350.3
1144410 2354.4
1144420 2358.3
1144430 2358.3
1144440 2362.5
1144450 2367.4
1144460 2367.4
1144470 2372.3
1144480 2376.5
1144490 2376.5
1144500 2379.2
1144510 2381.5
1144520 2381.5
1144530 2384.4
1144540 2388.8
1144550 2388.8
1144560 2394.7
1144570 2401.4
1144580 2401.4
1144590 2407.2
1144600 2412.5
1144610 2416.8
1144620 2416.8
1144630 2421.4
1144640 2426.2
1144650 2426.2
1144660 2431.7
1144670 2437.5
1144680 2437.5
1144690 2441.7
1144700 2445.5
1144710 2445.5
1144720 2449.2
1144730 2453.2
1144740 2453.2
1144750 2457.6
1144760 2462.2
1144770 2462.2
1144780 2466.0
1144790 2470.3
1144800 2470.3
1144810 2472.8
1144820 2475.1
1144830 2477.4
1144840 2477.4
1144850 2481.8
1144860 2486.1
1144870 2486.1
1144880 2489.6
1144890 2493.3
1144900 2493.3
1144910 2497.5
1144920 2500.3
1144930 2500.3
1144940 2499.0
1144950 2500.5
1144960 2500.5
1144970 2502.6
1144980 2504.3
1144990 2504.3
1145000 2506.3
1145010 2510.5
1145020 2510.5
1145030 2515.9
1145040 2522.8
1145050 2529.8
1145060 2529.8
1145070 2536.4
1145080 2543.0
1145090 2543.0
1145100 2551.5
1145110 2559.6
1145120 2559.6
1145130 2566.9
1145140 2575.5
1145150 2575.5
1145160 2585.9
1145170 2594.1
1145180 2594.1
1145190 2598.6
1145200 2602.3
1145210 2602.3
1145220 2604.7
1145230 2608.1
1145240 2608.1
1145250 2610.8
1145260 2614.3
1145270 2617.0
1145280 2617.0
1145290 2618.9
1145300 2620.5
1145310 2620.5
1145320 2620.1
1145330 2623.7
1145340 2623.7
1145350 2628.9
1145360 2635.8
1145370 2635.8
1145380 2644.3
1145390 2652.9
1145400 2652.9
1145410 2660.4
1145420 2668.9
1145430 2668.9
1145440 2678.2
1145450 2688.5
1145460 2688.5
1145470 2693.4
1145480 2696.7
1145490 2696.7
1145500 2700.8
1145510 2707.2
1145520 2713.9
1145530 2713.9
1145540 2720.7
1145550 2728.6
1145560 2728.6
1145570 2736.0
1145580 2744.2
1145590 2744.2
1145600 2751.4
1145610 2757.1
1145620 2757.1
1145630 2763.3
1145640 2770.5
1145650 2770.5
1145660 2777.4
1145670 2787.4
1145680 2787.4
1145690 2801.9
1145700 2808.0
1145710 2808.0
1145720 2804.5
1145730 2793.0
1145740 2783.3
1145750 2783.3
1145760 2775.3
1145770 2766.9
1145780 2766.9
1145790 2759.4
1145800 2749.6
1145810 2749.6
1145820 2739.5
1145830 2729.7
1145840 2729.7
1145850 2722.2
1145860 2715.2
1145870 2715.2
1145880 2708.2
1145890 2701.5
1145900 2701.5
1145910 2694.6
1145920 2685.6
1145930 2685.6
1145940 2679.0
1145950 2674.2
1145960 2670.6
1145970 2670.6
1145980 2667.0
1145990 2663.5
1146000 2663.5
1146010 2660.2
1146020 2659.0
1146030 2659.0
1146040 2657.8
1146050 2656.2
1146060 2662.5
1146070 2659.2
1146080 2654.0
1146090 2654.0
1146100 2652.5
1146110 2650.6
1146120 2650.6
1146130 2650.7
1146140 2650.6
1146150 2650.6
1146160 2647.1
1146170 2641.5
1146180 2639.1
1146190 2639.1
1146200 2635.9
1146210 2635.5
1146220 2635.5
1146230 2627.7
1146240 2620.9
1146250 2620.9
1146260 2617.0
1146270 2615.8
1146280 2615.8
1146290 2613.9
1146300 2612.3
1146310 2612.3
1146320 2611.0
1146330 2611.9
1146340 2611.9
1146350 2612.6
1146360 2612.7
1146370 2612.7
1146380 2613.5
1146390 2613.1
1146400 2613.1
1146410 2612.0
1146420 2608.8
1146430 2606.1
1146440 2611.5
1146450 2607.3
1146460 2603.0
1146470 2603.0
1146480 2599.2
1146490 2590.3
1146500 2590.3
1146510 2578.1
1146520 2563.9
1146530 2563.9
1146540 2552.7
1146550 2545.2
1146560 2545.2
1146570 2542.2
1146580 2540.4
1146590 2540.4
1146600 2538.2
1146610 2536.0
1146620 2536.0
1146630 2533.6
1146640 2531.3
1146650 2528.7
1146660 2528.7
1146670 2525.7
1146680 2522.5
1146690 2522.5
1146700 2519.0
1146710 2515.0
1146720 2515.0
1146730 2511.1
1146740 2507.3
1146750 2507.3
1146760 2503.8
1146770 2500.2
1146780 2500.2
1146790 2496.4
1146800 2492.3
1146810 2495.6
1146820 2492.3
1146830 2489.5
1146840 2489.5
1146850 2486.5
1146860 2483.2
1146870 2480.4
1146880 2480.4
1146890 2478.0
1146900 2475.4
1146910 2475.4
1146920 2472.6
1146930 2470.1
1146940 2470.1
1146950 2467.9
1146960 2465.4
1146970 2465.4
1146980 2462.8
1146990 2459.9
1147000 2459.9
1147010 2456.7
1147020 2453.4
1147030 2453.4
1147040 2450.2
1147050 2447.5
1147060 2447.5
1147070 2445.1
1147080 2441.7
1147090 2438.7
1147100 2438.7
1147110 2435.9
1147120 2433.3
1147130 2433.3
1147140 2430.9
1147150 2428.7
1147160 2428.7
1147170 2426.4
1147180 2424.1
1147190 2425.0
1147200 2422.6
1147210 2420.4
1147220 2420.4
1147230 2418.1
1147240 2411.5
1147250 2411.5
1147260 2404.9
1147270 2400.7
1147280 2400.7
1147290 2397.5
1147300 2394.2
1147310 2394.2
1147320 2390.5
1147330 2386.8
1147340 2382.3
1147350 2382.3
1147360 2377.1
1147370 2370.7
1147380 2370.7
1147390 2364.4
1147400 2360.4
1147410 2360.4
1147420 2357.0
1147430 2354.2
1147440 2354.2
1147450 2351.7
1147460 2349.1
1147470 2349.1
1147480 2346.5
1147490 2343.2
1147500 2343.2
1147510 2339.6
1147520 2335.8
1147530 2335.8
1147540 2330.6
1147550 2324.1
1147560 2319.3
1147570 2315.5
1147580 2309.7
1147590 2303.7
1147600 2303.7
1147610 2298.1
1147620 2292.8
1147630 2292.8
1147640 2288.2
1147650 2284.6
1147660 2284.6
1147670 2281.9
1147680 2278.8
1147690 2278.8
1147700 2275.3
1147710 2271.6
1147720 2271.6
1147730 2269.8
1147740 2268.2
1147750 2268.2
1147760 2266.8
1147770 2265.3
1147780 2264.0
1147790 2264.0
1147800 2262.6
1147810 2261.5
1147820 2261.5
1147830 2260.4
1147840 2258.8
1147850 2258.8
1147860 2256.5
1147870 2255.3
1147880 2255.3
1147890 2255.7
1147900 2255.9
1147910 2255.9
1147920 2256.3
1147930 2256.1
1147940 2254.7
1147950 2254.1
1147960 2254.0
1147970 2254.0
1147980 2253.9
1147990 2253.5
1148000 2253.1
1148010 2253.1
1148020 2252.9
1148030 2252.5
1148040 2252.5
1148050 2252.0
1148060 2251.3
1148070 2251.3
1148080 2250.4
1148090 2249.0
1148100 2249.0
1148110 2247.6
1148120 2246.2
1148130 2246.2
1148140 2244.7
1148150 2243.2
1148160 2243.2
1148170 2241.4
1148180 2239.5
1148190 2239.5
1148200 2237.8
1148210 2236.8
1148220 2235.2
1148230 2235.2
1148240 2233.6
1148250 2232.1
1148260 2232.1
1148270 2230.9
1148280 2229.8
1148290 2229.8
1148300 2228.4
1148310 2226.7
1148320 2225.3
1148330 2223.5
1148340 2221.9
1148350 2221.9
1148360 2220.8
1148370 2220.2
1148380 2220.2
1148390 2219.6
1148400 2218.6
1148410 2218.6
1148420 2217.1
1148430 2215.0
1148440 2215.0
1148450 2211.6
1148460 2209.6
1148470 2209.0
1148480 2209.0
1148490 2208.1
1148500 2205.6
1148510 2205.6
1148520 2200.2
1148530 2195.5
1148540 2195.5
1148550 2195.7
1148560 2196.3
1148570 2196.3
1148580 2194.7
1148590 2194.2
1148600 2194.2
1148610 2193.4
1148620 2192.3
1148630 2192.3
1148640 2191.3
1148650 2190.1
1148660 2190.1
1148670 2187.5
1148680 2182.5
1148690 2176.0
1148700 2172.3
1148710 2165.0
1148720 2158.4
1148730 2158.4
1148740 2154.8
1148750 2151.8
1148760 2151.8
1148770 2148.2
1148780 2144.2
1148790 2144.2
1148800 2138.6
1148810 2134.2
1148820 2134.2
1148830 2131.3
1148840 2127.8
1148850 2127.8
1148860 2122.4
1148870 2115.8
1148880 2115.8
1148890 2110.9
1148900 2107.7
1148910 2105.2
1148920 2105.2
1148930 2104.2
1148940 2104.7
1148950 2104.7
1148960 2104.5
1148970 2101.9
1148980 2101.9
1148990 2097.1
1149000 2090.7
1149010 2090.7
1149020 2088.5
1149030 2092.6
1149040 2092.6
1149050 2094.1
1149060 2092.2
1149070 2092.2
1149080 2091.7
1149090 2089.7
1149100 2089.7
1149110 2089.6
1149120 2088.8
1149130 2090.7
1149140 2090.7
1149150 2094.0
1149160 2097.5
1149170 2097.5
1149180 2101.4
1149190 2106.1
1149200 2106.1
1149210 2113.1
1149220 2121.0
1149230 2121.0
1149240 2127.0
1149250 2132.6
1149260 2132.6
1149270 2137.2
1149280 2139.1
1149290 2139.1
1149300 2139.2
1149310 2141.0
1149320 2141.0
1149330 2144.9
1149340 2148.9
1149350 2148.9
1149360 2153.4
1149370 2158.7
1149380 2164.4
1149390 2164.4
1149400 2169.9
1149410 2175.6
1149420 2175.6
1149430 2181.1
1149440 2186.0
1149450 2186.0
1149460 2193.7
1149470 2196.1
1149480 2196.1
1149490 2196.6
1149500 2195.6
1149510 2195.6
1149520 2194.3
1149530 2195.0
1149540 2195.0
1149550 2199.9
1149560 2205.7
1149570 2205.7
1149580 2215.1
1149590 2230.8
1149600 2243.9
1149610 2243.9
1149620 2246.5
1149630 2248.4
1149640 2248.4
1149650 2248.4
1149660 2247.9
1149670 2247.9
1149680 2248.7
1149690 2251.2
1149700 2251.2
1149710 2255.7
1149720 2262.5
1149730 2262.5
1149740 2268.8
1149750 2275.3
1149760 2275.3
1149770 2282.2
1149780 2289.8
1149790 2289.8
1149800 2296.7
1149810 2303.2
1149820 2308.6
1149830 2308.7
1149840 2313.3
1149850 2316.0
1149860 2316.0
1149870 2317.2
1149880 2316.9
1149890 2316.9
1149900 2316.8
1149910 2320.2
1149920 2320.2
1149930 2326.5
1149940 2332.8
1149950 2332.8
1149960 2338.7
1149970 2345.3
1149980 2345.3
1149990 2352.4
1150000 2360.2
1150010 2360.2
1150020 2370.0
1150030 2382.8
1150040 2398.7
1150050 2398.7
1150060 2409.7
1150070 2417.5
1150080 2417.5
1150090 2421.3
1150100 2423.1
1150110 2423.1
1150120 2424.2
1150130 2425.0
1150140 2425.0
1150150 2425.4
1150160 2425.9
1150170 2425.9
1150180 2426.7
1150190 2427.9
1150200 2427.9
1150210 2423.9
1150220 2426.7
1150230 2426.7
1150240 2429.6
1150250 2432.5
1150260 2432.5
1150270 2436.1
1150280 2440.5
1150290 2444.7
1150300 2444.7
1150310 2449.0
1150320 2452.6
1150330 2452.6
1150340 2456.0
1150350 2460.2
1150360 2460.2
1150370 2465.6
1150380 2471.4
1150390 2471.4
1150400 2477.2
1150410 2483.3
1150420 2483.3
1150430 2490.0
1150440 2497.7
1150450 2497.7
1150460 2505.3
1150470 2512.9
1150480 2512.9
1150490 2519.6
1150500 2523.3
1150510 2526.9
1150520 2526.9
1150530 2531.7
1150540 2537.7
1150550 2537.7
1150560 2543.1
1150570 2548.0
1150580 2548.0
1150590 2550.4
1150600 2559.0
1150610 2559.0
1150620 2566.9
1150630 2572.7
1150640 2572.7
1150650 2578.8
1150660 2584.9
1150670 2584.9
1150680 2591.2
1150690 2597.6
1150700 2597.6
1150710 2604.1
1150720 2614.8
1150730 2625.5
1150740 2625.5
1150750 2629.4
1150760 2633.6
1150770 2633.6
1150780 2639.0
1150790 2644.6
1150800 2644.6
1150810 2650.0
1150820 2657.7
1150830 2657.7
1150840 2667.2
1150850 2675.0
1150860 2675.0
1150870 2681.9
1150880 2688.6
1150890 2688.6
1150900 2694.2
1150910 2699.5
1150920 2699.5
1150930 2704.0
1150940 2704.5
1150950 2700.8
1150960 2700.8
1150970 2696.1
1150980 2695.5
1150990 2695.5
1151000 2691.9
1151010 2688.5
1151020 2688.5
1151030 2687.7
1151040 2688.5
1151050 2688.5
1151060 2687.4
1151070 2684.3
1151080 2684.3
1151090 2679.8
1151100 2675.9
1151110 2675.9
1151120 2673.0
1151130 2671.3
1151140 2671.3
1151150 2670.1
1151160 2670.0
1151170 2670.0
1151180 2671.7
1151190 2674.5
1151200 2677.0
1151210 2677.0
1151220 2679.2
1151230 2680.2
1151240 2680.2
1151250 2679.8
1151260 2680.3
1151270 2680.3
1151280 2682.4
1151290 2686.8
1151300 2686.8
1151310 2689.8
1151320 2693.6
1151330 2693.6
1151340 2694.7
1151350 2690.5
1151360 2690.5
1151370 2688.5
1151380 2684.8
1151390 2684.8
1151400 2681.5
1151410 2680.1
1151420 2680.7
1151430 2680.7
1151440 2678.1
1151450 2674.9
1151460 2674.9
1151470 2673.4
1151480 2672.4
1151490 2672.4
1151500 2673.4
1151510 2673.7
1151520 2673.7
1151530 2674.0
1151540 2670.8
1151550 2670.8
1151560 2672.9
1151570 2671.9
1151580 2671.9
1151590 2671.3
1151600 2671.1
1151610 2671.1
1151620 2673.0
1151630 2673.2
1151640 2672.3
1151650 2672.3
1151660 2669.9
1151670 2672.7
1151680 2672.7
1151690 2675.3
1151700 2674.4
1151710 2674.4
1151720 2670.2
1151730 2659.7
1151740 2659.7
1151750 2661.3
1151760 2663.6
1151770 2663.6
1151780 2663.9
1151790 2666.3
1151800 2666.3
1151810 2667.5
1151820 2667.0
1151830 2667.0
1151840 2666.8
1151850 2670.7
1151860 2672.6
1151870 2672.6
1151880 2672.0
1151890 2670.6
1151900 2670.6
1151910 2668.4
1151920 2663.2
1151930 2663.2
1151940 2658.2
1151950 2652.9
1151960 2652.9
1151970 2648.9
1151980 2646.8
1151990 2646.8
1152000 2644.2
1152010 2643.5
1152020 2643.5
1152030 2644.3
1152040 2644.9
1152050 2644.9
1152060 2642.2
1152070 2639.5
1152080 2639.5
1152090 2633.0
1152100 2625.4
1152110 2617.0
1152120 2611.4
1152130 2602.8
1152140 2594.9
1152150 2594.9
1152160 2586.2
1152170 2575.3
1152180 2575.3
1152190 2562.9
1152200 2548.0
1152210 2548.0
1152220 2534.3
1152230 2524.3
1152240 2524.3
1152250 2517.4
1152260 2510.9
1152270 2510.9
1152280 2504.5
1152290 2498.4
1152300 2498.4
1152310 2492.6
1152320 2487.2
1152330 2481.9
1152340 2481.9
1152350 2478.6
1152360 2476.8
1152370 2476.8
1152380 2476.1
1152390 2477.7
1152400 2477.7
1152410 2477.5
1152420 2477.8
1152430 2477.8
1152440 2479.2
1152450 2479.2
1152460 2479.2
1152470 2477.8
1152480 2475.7
1152490 2475.7
1152500 2472.6
1152510 2471.6
1152520 2471.6
1152530 2472.2
1152540 2472.3
1152550 2472.9
1152560 2472.9
1152570 2473.5
1152580 2472.3
1152590 2472.3
1152600 2469.7
1152610 2468.4
1152620 2468.4
1152630 2467.4
1152640 2466.2
1152650 2466.2
1152660 2465.4
1152670 2465.3
1152680 2465.3
1152690 2467.0
1152700 2467.8
1152710 2467.8
1152720 2468.4
1152730 2469.5
1152740 2469.5
1152750 2471.7
1152760 2473.7
1152770 2476.2
1152780 2476.2
1152790 2478.4
1152800 2480.6
1152810 2480.6
1152820 2482.1
1152830 2481.8
1152840 2481.8
1152850 2481.4
1152860 2481.2
1152870 2481.2
1152880 2477.3
1152890 2473.5
1152900 2473.5
1152910 2468.2
1152920 2463.2
1152930 2463.2
1152940 2458.2
1152950 2448.3
1152960 2448.3
1152970 2433.1
1152980 2425.1
1152990 2425.1
1153000 2419.0
1153010 2404.6
1153020 2389.6
1153030 2389.6
1153040 2381.9
1153050 2376.5
1153060 2376.5
1153070 2371.4
1153080 2366.1
1153090 2366.1
1153100 2361.9
1153110 2358.9
1153120 2358.9
1153130 2355.7
1153140 2353.4
1153150 2353.4
1153160 2353.5
1153170 2353.3
1153180 2353.3
1153190 2353.4
1153200 2353.9
1153210 2353.9
1153220 2355.3
1153230 2358.3
1153240 2360.8
1153250 2360.8
1153260 2358.4
1153270 2361.3
1153280 2361.3
1153290 2363.4
1153300 2361.1
1153310 2361.1
1153320 2354.3
1153330 2348.4
1153340 2348.4
1153350 2341.5
1153360 2335.2
1153370 2335.2
1153380 2330.8
1153390 2328.4
1153400 2328.4
1153410 2324.6
1153420 2325.1
1153430 2325.1
1153440 2327.9
1153450 2333.4
1153460 2339.8
1153470 2339.8
1153480 2349.8
1153490 2358.5
1153500 2358.5
1153510 2363.8
1153520 2370.9
1153530 2370.9
1153540 2368.2
1153550 2365.4
1153560 2365.4
1153570 2363.4
1153580 2356.8
1153590 2356.8
1153600 2346.5
1153610 2329.8
1153620 2329.8
1153630 2321.2
1153640 2316.4
1153650 2311.7
1153660 2308.0
1153670 2304.8
1153680 2303.5
1153690 2303.5
1153700 2302.1
1153710 2300.9
1153720 2300.9
1153730 2301.6
1153740 2301.7
1153750 2301.7
1153760 2302.2
1153770 2304.1
1153780 2304.1
1153790 2306.9
1153800 2308.2
1153810 2308.2
1153820 2309.8
1153830 2312.4
1153840 2312.4
1153850 2315.1
1153860 2318.7
1153870 2318.7
1153880 2324.0
1153890 2329.8
1153900 2329.8
1153910 2336.3
1153920 2344.3
1153930 2351.7
1153940 2351.7
1153950 2356.8
1153960 2362.0
1153970 2362.0
1153980 2366.1
1153990 2368.5
1154000 2368.5
1154010 2369.6
1154020 2369.3
1154030 2367.2
1154040 2366.1
1154050 2364.3
1154060 2364.3
1154070 2361.2
1154080 2362.2
1154090 2362.2
1154100 2363.0
1154110 2358.6
1154120 2358.6
1154130 2345.4
1154140 2333.8
1154150 2328.1
1154160 2328.1
1154170 2323.1
1154180 2317.1
1154190 2317.1
1154200 2315.9
1154210 2314.4
1154220 2314.4
1154230 2312.6
1154240 2310.9
1154250 2310.9
1154260 2311.3
1154270 2314.3
1154280 2314.3
1154290 2317.9
1154300 2320.8
1154310 2320.8
1154320 2324.1
1154330 2326.8
1154340 2326.8
1154350 2328.6
1154360 2329.4
1154370 2330.8
1154380 2330.8
1154390 2334.0
1154400 2332.0
1154410 2327.7
1154420 2326.2
1154430 2325.7
1154440 2325.7
1154450 2325.3
1154460 2325.6
1154470 2325.6
1154480 2326.2
1154490 2327.4
1154500 2327.4
1154510 2328.9
1154520 2330.0
1154530 2330.0
1154540 2329.9
1154550 2330.0
1154560 2330.0
1154570 2331.7
1154580 2333.3
1154590 2336.0
1154600 2336.0
1154610 2338.8
1154620 2341.9
1154630 2341.9
1154640 2344.8
1154650 2348.9
1154660 2348.9
1154670 2354.1
1154680 2359.9
1154690 2359.9
1154700 2366.6
1154710 2373.9
1154720 2373.9
1154730 2381.9
1154740 2393.3
1154750 2393.3
1154760 2407.5
1154770 2418.2
1154780 2418.2
1154790 2425.5
1154800 2431.7
1154810 2431.7
1154820 2437.4
1154830 2443.4
1154840 2449.6
1154850 2449.6
1154860 2456.1
1154870 2463.3
1154880 2463.3
1154890 2470.6
1154900 2479.6
1154910 2479.6
1154920 2489.0
1154930 2497.0
1154940 2497.0
1154950 2506.6
1154960 2516.1
1154970 2516.1
1154980 2525.8
1154990 2535.7
1155000 2535.7
1155010 2544.0
1155020 2552.1
1155030 2552.1
1155040 2558.4
1155050 2563.8
1155060 2569.0
1155070 2569.0
1155080 2574.1
1155090 2579.1
1155100 2579.1
1155110 2583.9
1155120 2588.2
1155130 2588.2
1155140 2591.9
1155150 2593.5
1155160 2593.5
1155170 2590.3
1155180 2585.2
1155190 2585.2
1155200 2570.7
1155210 2552.9
1155220 2552.9
1155230 2538.5
1155240 2524.2
1155250 2524.2
1155260 2509.6
1155270 2496.7
1155280 2483.1
1155290 2483.1
1155300 2471.0
1155310 2465.2
1155320 2465.2
1155330 2458.4
1155340 2453.1
1155350 2453.1
1155360 2445.8
1155370 2429.6
1155380 2429.6
1155390 2415.8
1155400 2404.7
1155410 2404.7
1155420 2395.2
1155430 2385.0
1155440 2385.0
1155450 2374.3
1155460 2361.3
1155470 2361.3
1155480 2348.5
1155490 2337.0
1155500 2325.2
1155510 2325.2
1155520 2317.3
1155530 2305.5
1155540 2305.5
1155550 2293.7
1155560 2285.4
1155570 2285.6
1155580 2276.9
1155590 2271.0
1155600 2271.0
1155610 2265.4
1155620 2260.0
1155630 2260.0
1155640 2254.7
1155650 2250.1
1155660 2250.1
1155670 2245.4
1155680 2240.6
1155690 2240.6
1155700 2235.6
1155710 2230.8
1155720 2230.8
1155730 2226.3
1155740 2221.6
1155750 2217.0
1155760 2217.0
1155770 2212.4
1155780 2207.8
1155790 2207.8
1155800 2203.1
1155810 2198.7
1155820 2198.7
1155830 2194.3
1155840 2190.2
1155850 2190.2
1155860 2186.4
1155870 2182.3
1155880 2182.3
1155890 2177.5
1155900 2173.1
1155910 2173.1
1155920 2168.6
1155930 2163.3
1155940 2163.3
1155950 2159.1
1155960 2153.9
1155970 2149.1
1155980 2149.1
1155990 2144.0
1156000 2137.9
1156010 2137.9
1156020 2132.1
1156030 2125.2
1156040 2125.2
1156050 2119.7
1156060 2115.3
1156070 2115.3
1156080 2109.0
1156090 2102.7
1156100 2102.7
1156110 2097.1
1156120 2091.5
1156130 2091.5
1156140 2087.2
1156150 2082.6
1156160 2082.6
1156170 2078.3
1156180 2074.3
1156190 2070.9
1156200 2070.9
1156210 2068.8
1156220 2067.0
1156230 2067.0
1156240 2065.0
1156250 2062.5
1156260 2062.5
1156270 2060.2
1156280 2057.8
1156290 2057.8
1156300 2056.4
1156310 2054.3
1156320 2054.3
1156330 2053.5
1156340 2052.2
1156350 2052.2
1156360 2049.8
1156370 2046.9
1156380 2046.9
1156390 2044.2
1156400 2040.6
1156410 2036.0
1156420 2036.0
1156430 2031.9
1156440 2029.2
1156450 2029.2
1156460 2026.8
1156470 2024.5
1156480 2024.5
1156490 2022.0
1156500 2019.6
1156510 2019.6
1156520 2017.3
1156530 2015.7
1156540 2015.7
1156550 2014.6
1156560 2013.7
1156570 2013.7
1156580 2011.8
1156590 2010.4
1156600 2010.4
1156610 2011.6
1156620 2012.8
1156630 2012.1
1156640 2012.1
1156650 2011.8
1156660 2011.8
1156670 2011.8
1156680 2011.7
1156690 2012.5
1156700 2012.5
1156710 2013.4
1156720 2015.0
1156730 2009.8
1156740 2010.6
1156750 2011.5
1156760 2011.5
1156770 2012.2
1156780 2013.1
1156790 2013.1
1156800 2015.4
1156810 2017.1
1156820 2017.1
1156830 2019.6
1156840 2022.1
1156850 2022.1
1156860 2024.3
1156870 2026.0
1156880 2028.4
1156890 2028.4
1156900 2030.0
1156910 2029.1
1156920 2029.1
1156930 2029.4
1156940 2030.7
1156950 2030.7
1156960 2032.7
1156970 2032.8
1156980 2032.8
1156990 2033.5
1157000 2036.0
1157010 2036.0
1157020 2039.7
1157030 2042.7
1157040 2042.7
1157050 2044.5
1157060 2045.1
1157070 2045.1
1157080 2045.6
1157090 2047.5
1157100 2050.0
1157110 2050.0
1157120 2046.7
1157130 2049.2
1157140 2049.2
1157150 2053.3
1157160 2056.0
1157170 2056.0
1157180 2055.9
1157190 2056.1
1157200 2056.1
1157210 2057.7
1157220 2057.7
1157230 2057.7
1157240 2059.5
1157250 2062.9
1157260 2062.9
1157270 2066.4
1157280 2066.2
1157290 2066.2
1157300 2067.4
1157310 2068.9
1157320 2070.7
1157330 2070.7
1157340 2071.7
1157350 2072.2
1157360 2072.2
1157370 2072.8
1157380 2074.2
1157390 2074.2
1157400 2078.1
1157410 2081.8
1157420 2081.8
1157430 2084.7
1157440 2087.8
1157450 2087.8
1157460 2091.0
1157470 2094.8
1157480 2094.8
1157490 2098.7
1157500 2097.9
1157510 2097.9
1157520 2101.8
1157530 2105.0
1157540 2107.9
1157550 2107.9
1157560 2110.9
1157570 2113.0
1157580 2113.0
1157590 2115.3
1157600 2116.5
1157610 2116.5
1157620 2115.8
1157630 2116.0
1157640 2116.0
1157650 2116.2
1157660 2116.2
1157670 2116.2
1157680 2115.7
1157690 2115.2
1157700 2115.2
1157710 2114.9
1157720 2114.7
1157730 2114.7
1157740 2114.4
1157750 2113.7
1157760 2113.7
1157770 2112.6
1157780 2112.5
1157790 2113.4
1157800 2113.4
1157810 2115.7
1157820 2117.6
1157830 2117.6
1157840 2118.1
1157850 2118.0
1157860 2118.0
1157870 2118.3
1157880 2118.8
1157890 2114.5
1157900 2113.4
1157910 2112.4
1157920 2112.4
1157930 2111.3
1157940 2110.0
1157950 2110.0
1157960 2107.2
1157970 2101.2
1157980 2101.2
1157990 2096.6
1158000 2093.6
1158010 2089.9
1158020 2089.9
1158030 2084.6
1158040 2080.5
1158050 2080.5
1158060 2077.6
1158070 2074.7
1158080 2074.7
1158090 2071.6
1158100 2067.5
1158110 2067.5
1158120 2064.2
1158130 2061.4
1158140 2061.4
1158150 2059.2
1158160 2057.3
1158170 2057.3
1158180 2055.3
1158190 2053.2
1158200 2053.2
1158210 2051.6
1158220 2050.7
1158230 2049.0
1158240 2049.0
1158250 2048.6
1158260 2049.6
1158270 2049.6
1158280 2046.8
1158290 2048.0
1158300 2048.0
1158310 2049.5
1158320 2051.2
1158330 2051.2
1158340 2052.7
1158350 2054.0
1158360 2054.0
1158370 2055.1
1158380 2056.4
1158390 2056.4
1158400 2057.9
1158410 2059.6
1158420 2059.6
1158430 2061.1
1158440 2061.5
1158450 2061.5
1158460 2061.5
1158470 2061.5
1158480 2061.5
1158490 2061.5
1158500 2061.1
1158510 2060.3
1158520 2060.3
1158530 2059.1
1158540 2057.4
1158550 2057.4
1158560 2055.4
1158570 2052.8
1158580 2052.8
1158590 2051.9
1158600 2052.1
1158610 2052.1
1158620 2052.4
1158630 2052.9
1158640 2052.9
1158650 2053.4
1158660 2053.8
1158670 2050.7
1158680 2050.7
1158690 2051.6
1158700 2052.7
1158710 2052.7
1158720 2053.6
1158730 2054.4
1158740 2054.4
1158750 2055.3
1158760 2056.0
1158770 2056.0
1158780 2056.6
1158790 2057.1
1158800 2057.1
1158810 2057.2
1158820 2057.4
1158830 2057.4
1158840 2057.3
1158850 2056.7
1158860 2056.7
1158870 2055.9
1158880 2055.1
1158890 2055.1
1158900 2054.4
1158910 2054.0
1158920 2053.9
1158930 2053.9
1158940 2052.9
1158950 2052.2
1158960 2052.2
1158970 2051.9
1158980 2051.2
1158990 2051.2
1159000 2050.1
1159010 2048.3
1159020 2048.3
1159030 2045.8
1159040 2044.1
1159050 2044.1
1159060 2038.6
1159070 2038.7
1159080 2038.7
1159090 2038.7
1159100 2037.9
1159110 2037.9
1159120 2036.5
1159130 2035.2
1159140 2032.9
1159150 2032.9
1159160 2030.9
1159170 2029.9
1159180 2029.9
1159190 2028.7
1159200 2027.8
1159210 2027.8
1159220 2026.8
1159230 2025.2
1159240 2025.2
1159250 2022.6
1159260 2022.7
1159270 2022.7
1159280 2023.2
1159290 2022.4
1159300 2022.4
1159310 2021.9
1159320 2021.5
1159330 2021.5
1159340 2020.9
1159350 2020.0
1159360 2019.3
1159370 2019.3
1159380 2018.3
1159390 2017.8
1159400 2017.8
1159410 2017.2
1159420 2016.6
1159430 2016.6
1159440 2016.0
1159450 2012.9
1159460 2012.9
1159470 2011.9
1159480 2011.2
1159490 2011.2
1159500 2009.7
1159510 2006.8
1159520 2006.8
1159530 2005.9
1159540 2005.6
1159550 2005.6
1159560 2005.1
1159570 2004.6
1159580 2003.5
1159590 2003.5
1159600 2002.7
1159610 2002.5
1159620 2002.5
1159630 2002.0
1159640 2002.1
1159650 2002.1
1159660 2004.3
1159670 2003.8
1159680 2003.8
1159690 2003.0
1159700 2003.0
1159710 2003.0
1159720 2002.6
1159730 2002.2
1159740 2002.2
1159750 2001.9
1159760 2001.6
1159770 2001.6
1159780 2000.6
1159790 2001.0
1159800 2001.0
1159810 2001.8
1159820 2001.6
1159830 2001.3
1159840 1998.9
1159850 1999.2
1159860 1998.1
1159870 1998.1
1159880 1997.2
1159890 1996.3
1159900 1996.3
1159910 1995.2
1159920 1993.4
1159930 1993.4
1159940 1992.3
1159950 1991.4
1159960 1991.4
1159970 1991.4
1159980 1990.9
1159990 1990.9
