1140000 2610.3
1140010 2602.4
1140020 2602.4
1140030 2593.5
1140040 2584.2
1140050 2574.9
1140060 2574.9
1140070 2565.9
1140080 2556.6
1140090 2556.6
1140100 2547.3
1140110 2535.9
1140120 2535.9
1140130 2525.1
1140140 2516.4
1140150 2516.4
1140160 2508.3
1140170 2500.0
1140180 2501.0
1140190 2491.7
1140200 2483.0
1140210 2483.0
1140220 2475.5
1140230 2469.4
1140240 2469.4
1140250 2463.6
1140260 2459.0
1140270 2459.0
1140280 2454.5
1140290 2450.6
1140300 2446.4
1140310 2446.4
1140320 2442.0
1140330 2436.3
1140340 2436.3
1140350 2429.6
1140360 2421.1
1140370 2421.1
1140380 2413.3
1140390 2406.3
1140400 2406.3
1140410 2399.1
1140420 2390.2
1140430 2390.2
1140440 2383.4
1140450 2376.2
1140460 2376.2
1140470 2371.7
1140480 2367.3
1140490 2367.3
1140500 2357.7
1140510 2354.4
1140520 2350.2
1140530 2350.2
1140540 2346.3
1140550 2353.3
1140560 2353.3
1140570 2351.0
1140580 2349.1
1140590 2349.1
1140600 2346.9
1140610 2343.9
1140620 2343.9
1140630 2342.3
1140640 2340.4
1140650 2340.4
1140660 2336.6
1140670 2332.6
1140680 2332.6
1140690 2328.6
1140700 2324.4
1140710 2324.4
1140720 2314.6
1140730 2302.0
1140740 2290.5
1140750 2290.5
1140760 2283.9
1140770 2278.8
1140780 2278.8
1140790 2274.7
1140800 2269.7
1140810 2269.7
1140820 2264.9
1140830 2259.1
1140840 2259.1
1140850 2252.5
1140860 2245.4
1140870 2245.4
1140880 2238.1
1140890 2231.7
1140900 2231.7
1140910 2225.9
1140920 2221.6
1140930 2221.6
1140940 2215.3
1140950 2210.9
1140960 2208.2
1140970 2208.2
1140980 2207.1
1140990 2206.4
1141000 2206.4
1141010 2202.7
1141020 2195.6
1141030 2195.6
1141040 2188.4
1141050 2184.4
1141060 2184.4
1141070 2180.9
1141080 2177.4
1141090 2177.4
1141100 2174.1
1141110 2170.0
1141120 2170.0
1141130 2165.2
1141140 2161.1
1141150 2161.1
1141160 2157.3
1141170 2154.1
1141180 2154.1
1141190 2151.0
1141200 2148.2
1141210 2145.8
1141220 2145.8
1141230 2143.6
1141240 2141.3
1141250 2141.3
1141260 2138.9
1141270 2135.7
1141280 2135.7
1141290 2132.3
1141300 2128.3
1141310 2128.3
1141320 2123.9
1141330 2117.7
1141340 2117.7
1141350 2111.6
1141360 2106.9
1141370 2106.9
1141380 2103.0
1141390 2097.4
1141400 2097.4
1141410 2087.3
1141420 2077.4
1141430 2069.0
1141440 2069.0
1141450 2062.3
1141460 2056.5
1141470 2056.5
1141480 2051.1
1141490 2045.4
1141500 2045.4
1141510 2038.3
1141520 2031.4
1141530 2031.4
1141540 2023.7
1141550 2017.7
1141560 2017.7
1141570 2011.8
1141580 2007.1
1141590 2007.1
1141600 2002.2
1141610 1995.6
1141620 1995.6
1141630 1988.6
1141640 1981.9
1141650 1975.6
1141660 1980.0
1141670 1973.5
1141680 1965.9
1141690 1965.9
1141700 1958.8
1141710 1952.4
1141720 1952.4
1141730 1945.0
1141740 1936.1
1141750 1936.1
1141760 1928.4
1141770 1922.4
1141780 1922.4
1141790 1916.9
1141800 1907.4
1141810 1907.4
1141820 1898.9
1141830 1893.0
1141840 1893.0
1141850 1887.8
1141860 1884.7
1141870 1882.1
1141880 1882.1
1141890 1878.3
1141900 1873.4
1141910 1873.4
1141920 1867.8
1141930 1861.5
1141940 1861.5
1141950 1855.1
1141960 1849.2
1141970 1849.2
1141980 1844.0
1141990 1839.8
1142000 1839.8
1142010 1835.8
1142020 1829.6
1142030 1831.8
1142040 1825.4
1142050 1820.9
1142060 1820.9
1142070 1816.9
1142080 1811.3
1142090 1811.3
1142100 1804.6
1142110 1796.5
1142120 1789.7
1142130 1789.7
1142140 1783.1
1142150 1777.1
1142160 1777.1
1142170 1771.3
1142180 1767.1
1142190 1767.1
1142200 1763.0
1142210 1758.1
1142220 1758.1
1142230 1752.5
1142240 1747.4
1142250 1747.4
1142260 1741.6
1142270 1733.6
1142280 1733.6
1142290 1723.9
1142300 1718.9
1142310 1718.9
1142320 1717.1
1142330 1715.2
1142340 1713.3
1142350 1713.3
1142360 1711.4
1142370 1709.2
1142380 1709.2
1142390 1706.7
1142400 1704.4
1142410 1704.4
1142420 1701.7
1142430 1700.2
1142440 1700.2
1142450 1701.4
1142460 1704.2
1142470 1704.2
1142480 1708.0
1142490 1710.1
1142500 1710.1
1142510 1712.0
1142520 1713.9
1142530 1713.9
1142540 1716.3
1142550 1718.7
1142560 1721.4
1142570 1721.4
1142580 1723.6
1142590 1726.8
1142600 1726.8
1142610 1730.8
1142620 1735.7
1142630 1735.7
1142640 1740.8
1142650 1749.1
1142660 1749.1
1142670 1756.3
1142680 1763.4
1142690 1763.4
1142700 1771.1
1142710 1778.3
1142720 1778.3
1142730 1786.5
1142740 1794.8
1142750 1794.8
1142760 1801.4
1142770 1808.2
1142780 1813.6
1142790 1813.6
1142800 1819.8
1142810 1826.7
1142820 1826.7
1142830 1834.1
1142840 1840.7
1142850 1840.7
1142860 1848.0
1142870 1855.7
1142880 1855.7
1142890 1863.8
1142900 1872.7
1142910 1872.7
1142920 1881.4
1142930 1888.7
1142940 1888.7
1142950 1896.0
1142960 1902.9
1142970 1902.9
1142980 1909.9
1142990 1920.1
1143000 1920.1
1143010 1931.8
1143020 1941.6
1143030 1950.3
1143040 1950.3
1143050 1959.7
1143060 1966.2
1143070 1966.2
1143080 1971.1
1143090 1974.6
1143100 1974.6
1143110 1980.8
1143120 1988.2
1143130 1988.2
1143140 1993.8
1143150 2002.1
1143160 2002.1
1143170 2011.3
1143180 2019.4
1143190 2019.4
1143200 2027.4
1143210 2034.9
1143220 2034.9
1143230 2040.6
1143240 2045.3
1143250 2048.5
1143260 2048.5
1143270 2051.2
1143280 2054.2
1143290 2054.2
1143300 2059.5
1143310 2067.2
1143320 2067.2
1143330 2075.6
1143340 2083.8
1143350 2083.8
1143360 2090.8
1143370 2095.5
1143380 2095.5
1143390 2100.0
1143400 2105.3
1143410 2105.3
1143420 2110.2
1143430 2115.2
1143440 2115.2
1143450 2119.8
1143460 2124.4
1143470 2129.0
1143480 2129.0
1143490 2132.7
1143500 2136.1
1143510 2134.2
1143520 2135.7
1143530 2137.6
1143540 2137.6
1143550 2139.9
1143560 2141.7
1143570 2141.7
1143580 2143.4
1143590 2146.0
1143600 2146.0
1143610 2148.1
1143620 2150.5
1143630 2150.5
1143640 2153.5
1143650 2157.1
1143660 2157.1
1143670 2161.7
1143680 2165.6
1143690 2167.4
1143700 2167.4
1143710 2168.7
1143720 2170.3
1143730 2170.3
1143740 2171.8
1143750 2173.4
1143760 2173.4
1143770 2174.9
1143780 2178.0
1143790 2178.0
1143800 2183.2
1143810 2187.5
1143820 2187.5
1143830 2189.9
1143840 2191.9
1143850 2191.9
1143860 2193.8
1143870 2197.7
1143880 2197.7
1143890 2199.1
1143900 2201.8
1143910 2203.6
1143920 2203.6
1143930 2207.0
1143940 2211.6
1143950 2211.6
1143960 2215.5
1143970 2220.1
1143980 2220.1
1143990 2225.0
1144000 2229.1
1144010 2229.1
1144020 2232.5
1144030 2235.3
1144040 2235.3
1144050 2238.8
1144060 2244.5
1144070 2244.5
1144080 2249.0
1144090 2251.8
1144100 2251.8
1144110 2255.8
1144120 2259.7
1144130 2259.7
1144140 2263.6
1144150 2268.0
1144160 2273.8
1144170 2273.8
1144180 2279.1
1144190 2283.0
1144200 2283.0
1144210 2286.8
1144220 2291.3
1144230 2291.3
1144240 2296.1
1144250 2300.4
1144260 2297.3
1144270 2301.9
1144280 2306.9
1144290 2306.9
1144300 2312.4
1144310 2317.6
1144320 2317.6
1144330 2321.8
1144340 2327.2
1144350 2327.2
1144360 2331.5
1144370 2336.1
1144380 2341.9
1144390 2341.9
1144400 2346.6
1144410 2350.0
1144420 2350.0
1144430 2353.2
1144440 2357.2
1144450 2357.2
1144460 2362.6
1144470 2368.4
1144480 2368.4
1144490 2373.1
1144500 2377.7
1144510 2377.7
1144520 2382.0
1144530 2385.1
1144540 2385.1
1144550 2387.7
1144560 2392.4
1144570 2392.4
1144580 2397.0
1144590 2402.8
1144600 2407.7
1144610 2407.7
1144620 2412.2
1144630 2421.2
1144640 2421.2
1144650 2425.3
1144660 2429.6
1144670 2429.6
1144680 2434.1
1144690 2437.9
1144700 2437.9
1144710 2439.7
1144720 2439.3
1144730 2439.3
1144740 2438.9
1144750 2441.4
1144760 2441.4
1144770 2444.8
1144780 2448.1
1144790 2448.1
1144800 2449.1
1144810 2449.7
1144820 2451.9
1144830 2451.9
1144840 2455.2
1144850 2457.1
1144860 2457.1
1144870 2458.6
1144880 2458.8
1144890 2458.8
1144900 2458.0
1144910 2459.9
1144920 2459.9
1144930 2465.9
1144940 2472.0
1144950 2472.0
1144960 2477.3
1144970 2482.9
1144980 2482.9
1144990 2489.3
1145000 2496.0
1145010 2501.1
1145020 2507.2
1145030 2513.4
1145040 2513.4
1145050 2519.8
1145060 2526.3
1145070 2532.2
1145080 2532.2
1145090 2537.5
1145100 2541.8
1145110 2541.8
1145120 2545.5
1145130 2549.1
1145140 2549.1
1145150 2553.1
1145160 2557.2
1145170 2557.2
1145180 2561.2
1145190 2565.5
1145200 2565.5
1145210 2571.3
1145220 2577.7
1145230 2577.7
1145240 2584.1
1145250 2589.6
1145260 2589.6
1145270 2594.2
1145280 2596.8
1145290 2599.7
1145300 2599.7
1145310 2605.7
1145320 2613.6
1145330 2613.6
1145340 2623.9
1145350 2633.2
1145360 2633.2
1145370 2639.2
1145380 2637.0
1145390 2637.0
1145400 2640.3
1145410 2644.6
1145420 2644.6
1145430 2649.4
1145440 2656.1
1145450 2656.1
1145460 2666.8
1145470 2677.6
1145480 2677.6
1145490 2693.0
1145500 2707.4
1145510 2716.7
1145520 2716.7
1145530 2725.8
1145540 2734.3
1145550 2734.3
1145560 2741.3
1145570 2744.6
1145580 2744.6
1145590 2750.6
1145600 2762.0
1145610 2762.0
1145620 2772.4
1145630 2783.2
1145640 2783.2
1145650 2789.8
1145660 2793.9
1145670 2793.9
1145680 2801.3
1145690 2809.2
1145700 2809.2
1145710 2817.0
1145720 2826.0
1145730 2836.4
1145740 2836.4
1145750 2842.0
1145760 2834.1
1145770 2834.1
1145780 2820.2
1145790 2808.5
1145800 2808.5
1145810 2800.8
1145820 2791.9
1145830 2791.9
1145840 2783.9
1145850 2778.5
1145860 2778.5
1145870 2774.8
1145880 2772.1
1145890 2772.1
1145900 2766.4
1145910 2753.5
1145920 2753.5
1145930 2744.4
1145940 2738.9
1145950 2738.9
1145960 2732.9
1145970 2725.5
1145980 2721.1
1145990 2721.1
1146000 2718.3
1146010 2716.8
1146020 2716.8
1146030 2718.0
1146040 2720.4
1146050 2720.4
1146060 2721.1
1146070 2722.6
1146080 2722.6
1146090 2722.5
1146100 2721.7
1146110 2721.7
1146120 2722.9
1146130 2729.3
1146140 2729.3
1146150 2725.5
1146160 2716.1
1146170 2716.1
1146180 2708.4
1146190 2706.5
1146200 2698.3
1146210 2698.3
1146220 2697.1
1146230 2698.4
1146240 2698.4
1146250 2696.0
1146260 2696.1
1146270 2696.1
1146280 2696.1
1146290 2694.4
1146300 2694.4
1146310 2693.9
1146320 2694.6
1146330 2694.6
1146340 2698.7
1146350 2696.3
1146360 2696.3
1146370 2689.3
1146380 2680.6
1146390 2680.6
1146400 2671.8
1146410 2663.3
1146420 2655.0
1146430 2655.0
1146440 2646.3
1146450 2638.9
1146460 2638.9
1146470 2630.2
1146480 2617.3
1146490 2617.3
1146500 2611.1
1146510 2604.9
1146520 2604.9
1146530 2601.1
1146540 2598.0
1146550 2598.0
1146560 2595.4
1146570 2592.7
1146580 2592.7
1146590 2589.7
1146600 2586.1
1146610 2586.1
1146620 2581.2
1146630 2576.9
1146640 2574.4
1146650 2574.4
1146660 2572.0
1146670 2569.6
1146680 2569.6
1146690 2566.7
1146700 2563.8
1146710 2563.8
1146720 2560.2
1146730 2554.4
1146740 2554.4
1146750 2546.3
1146760 2537.6
1146770 2537.6
1146780 2532.7
1146790 2530.0
1146800 2530.0
1146810 2527.8
1146820 2525.8
1146830 2525.8
1146840 2523.1
1146850 2520.1
1146860 2520.1
1146870 2517.2
1146880 2518.5
1146890 2515.0
1146900 2515.0
1146910 2511.2
1146920 2507.4
1146930 2507.4
1146940 2503.3
1146950 2499.0
1146960 2499.0
1146970 2495.0
1146980 2491.5
1146990 2491.5
1147000 2487.9
1147010 2484.3
1147020 2484.3
1147030 2479.8
1147040 2475.7
1147050 2475.7
1147060 2472.2
1147070 2468.8
1147080 2468.8
1147090 2465.1
1147100 2461.3
1147110 2457.4
1147120 2457.4
1147130 2453.3
1147140 2448.9
1147150 2448.9
1147160 2444.6
1147170 2440.5
1147180 2440.5
1147190 2436.8
1147200 2433.1
1147210 2433.1
1147220 2429.5
1147230 2425.8
1147240 2425.8
1147250 2423.3
1147260 2420.1
1147270 2420.1
1147280 2417.3
1147290 2414.1
1147300 2414.1
1147310 2410.5
1147320 2407.2
1147330 2403.4
1147340 2403.4
1147350 2397.3
1147360 2390.9
1147370 2390.9
1147380 2385.3
1147390 2381.2
1147400 2381.2
1147410 2376.9
1147420 2373.1
1147430 2373.1
1147440 2368.9
1147450 2364.4
1147460 2364.4
1147470 2359.8
1147480 2354.7
1147490 2354.7
1147500 2349.1
1147510 2344.1
1147520 2344.1
1147530 2338.5
1147540 2332.2
1147550 2322.8
1147560 2322.8
1147570 2314.9
1147580 2307.7
1147590 2307.7
1147600 2302.3
1147610 2297.3
1147620 2297.3
1147630 2294.2
1147640 2289.2
1147650 2289.2
1147660 2284.7
1147670 2281.4
1147680 2281.4
1147690 2278.5
1147700 2275.7
1147710 2275.7
1147720 2273.0
1147730 2270.6
1147740 2270.6
1147750 2268.2
1147760 2266.1
1147770 2266.1
1147780 2264.1
1147790 2262.1
1147800 2260.0
1147810 2260.0
1147820 2257.8
1147830 2255.9
1147840 2255.9
1147850 2254.1
1147860 2252.4
1147870 2252.4
1147880 2250.8
1147890 2249.1
1147900 2249.1
1147910 2247.7
1147920 2246.3
1147930 2246.3
1147940 2244.6
1147950 2243.6
1147960 2243.6
1147970 2243.9
1147980 2243.7
1147990 2243.7
1148000 2243.0
1148010 2240.1
1148020 2239.7
1148030 2239.7
1148040 2240.4
1148050 2239.8
1148060 2239.8
1148070 2239.0
1148080 2238.2
1148090 2238.2
1148100 2237.9
1148110 2237.7
1148120 2237.7
1148130 2237.0
1148140 2236.3
1148150 2236.3
1148160 2235.7
1148170 2235.0
1148180 2235.0
1148190 2233.6
1148200 2231.9
1148210 2231.9
1148220 2230.0
1148230 2228.1
1148240 2226.3
1148250 2226.3
1148260 2224.5
1148270 2222.7
1148280 2222.7
1148290 2220.9
1148300 2219.4
1148310 2219.4
1148320 2217.7
1148330 2215.8
1148340 2215.8
1148350 2214.1
1148360 2212.1
1148370 2212.1
1148380 2210.1
1148390 2207.3
1148400 2207.3
1148410 2205.3
1148420 2202.5
1148430 2202.5
1148440 2200.6
1148450 2199.2
1148460 2196.2
1148470 2196.2
1148480 2193.1
1148490 2189.2
1148500 2189.2
1148510 2184.0
1148520 2179.7
1148530 2179.7
1148540 2178.1
1148550 2178.3
1148560 2178.3
1148570 2177.4
1148580 2174.6
1148590 2174.6
1148600 2170.4
1148610 2167.3
1148620 2167.3
1148630 2164.7
1148640 2163.3
1148650 2163.3
1148660 2162.4
1148670 2161.5
1148680 2161.5
1148690 2160.9
1148700 2158.7
1148710 2155.4
1148720 2155.4
1148730 2150.6
1148740 2145.9
1148750 2145.9
1148760 2139.8
1148770 2136.6
1148780 2136.6
1148790 2134.4
1148800 2131.7
1148810 2131.7
1148820 2129.9
1148830 2131.0
1148840 2131.0
1148850 2132.4
1148860 2131.5
1148870 2131.5
1148880 2130.2
1148890 2128.7
1148900 2128.7
1148910 2127.7
1148920 2126.8
1148930 2126.0
1148940 2126.0
1148950 2124.6
1148960 2123.3
1148970 2123.3
1148980 2122.4
1148990 2120.8
1149000 2120.8
1149010 2119.7
1149020 2118.9
1149030 2118.9
1149040 2120.3
1149050 2122.6
1149060 2122.6
1149070 2124.4
1149080 2126.0
1149090 2126.0
1149100 2130.9
1149110 2133.7
1149120 2133.7
1149130 2135.4
1149140 2143.7
1149150 2147.1
1149160 2147.1
1149170 2149.1
1149180 2152.1
1149190 2152.1
1149200 2155.7
1149210 2159.5
1149220 2159.5
1149230 2161.9
1149240 2165.9
1149250 2165.9
1149260 2172.6
1149270 2178.6
1149280 2178.6
1149290 2183.5
1149300 2187.9
1149310 2187.9
1149320 2192.0
1149330 2196.8
1149340 2196.8
1149350 2203.5
1149360 2210.8
1149370 2217.6
1149380 2217.6
1149390 2223.4
1149400 2231.5
1149410 2231.5
1149420 2238.6
1149430 2244.4
1149440 2244.4
1149450 2249.7
1149460 2253.9
1149470 2253.9
1149480 2256.1
1149490 2259.5
1149500 2259.5
1149510 2260.9
1149520 2266.5
1149530 2266.5
1149540 2265.9
1149550 2265.2
1149560 2265.2
1149570 2265.2
1149580 2265.8
1149590 2265.8
1149600 2269.9
1149610 2276.2
1149620 2281.6
1149630 2281.6
1149640 2286.6
1149650 2289.3
1149660 2289.3
1149670 2289.7
1149680 2290.5
1149690 2290.5
1149700 2292.0
1149710 2293.4
1149720 2293.4
1149730 2295.5
1149740 2298.0
1149750 2298.0
1149760 2300.0
1149770 2301.3
1149780 2301.3
1149790 2303.6
1149800 2307.3
1149810 2307.3
1149820 2311.0
1149830 2314.2
1149840 2317.1
1149850 2317.1
1149860 2320.6
1149870 2325.0
1149880 2325.0
1149890 2328.7
1149900 2327.6
1149910 2327.6
1149920 2330.7
1149930 2334.4
1149940 2334.4
1149950 2337.9
1149960 2340.7
1149970 2340.7
1149980 2342.7
1149990 2344.9
1150000 2344.9
1150010 2347.6
1150020 2351.2
1150030 2351.2
1150040 2355.7
1150050 2361.1
1150060 2366.8
1150070 2366.8
1150080 2372.4
1150090 2377.1
1150100 2377.1
1150110 2382.0
1150120 2386.5
1150130 2386.5
1150140 2390.8
1150150 2394.7
1150160 2394.7
1150170 2399.0
1150180 2403.1
1150190 2403.1
1150200 2407.9
1150210 2411.1
1150220 2411.1
1150230 2415.9
1150240 2422.7
1150250 2422.7
1150260 2429.3
1150270 2433.6
1150280 2435.2
1150290 2435.2
1150300 2436.3
1150310 2438.9
1150320 2438.9
1150330 2442.5
1150340 2447.5
1150350 2447.5
1150360 2453.6
1150370 2457.3
1150380 2457.3
1150390 2461.1
1150400 2463.2
1150410 2463.2
1150420 2465.0
1150430 2468.4
1150440 2468.4
1150450 2473.2
1150460 2479.4
1150470 2479.4
1150480 2486.8
1150490 2494.3
1150500 2494.3
1150510 2500.3
1150520 2504.2
1150530 2507.1
1150540 2507.1
1150550 2510.2
1150560 2513.5
1150570 2513.5
1150580 2517.3
1150590 2522.0
1150600 2522.0
1150610 2527.3
1150620 2532.4
1150630 2532.4
1150640 2537.7
1150650 2542.7
1150660 2539.0
1150670 2545.5
1150680 2552.9
1150690 2552.9
1150700 2560.5
1150710 2568.3
1150720 2568.3
1150730 2576.4
1150740 2585.6
1150750 2594.3
1150760 2594.3
1150770 2603.0
1150780 2611.4
1150790 2611.4
1150800 2619.7
1150810 2628.0
1150820 2628.0
1150830 2636.0
1150840 2641.1
1150850 2641.1
1150860 2639.2
1150870 2639.9
1150880 2639.9
1150890 2639.0
1150900 2637.1
1150910 2637.1
1150920 2634.9
1150930 2627.7
1150940 2627.7
1150950 2625.3
1150960 2623.5
1150970 2622.2
1150980 2622.2
1150990 2622.0
1151000 2622.4
1151010 2622.4
1151020 2623.1
1151030 2624.6
1151040 2616.4
1151050 2617.9
1151060 2619.7
1151070 2619.7
1151080 2620.2
1151090 2619.3
1151100 2619.3
1151110 2617.9
1151120 2615.8
1151130 2615.8
1151140 2614.9
1151150 2613.9
1151160 2613.9
1151170 2614.1
1151180 2615.8
1151190 2616.8
1151200 2616.8
1151210 2618.0
1151220 2619.1
1151230 2619.1
1151240 2619.6
1151250 2619.7
1151260 2619.7
1151270 2620.2
1151280 2620.3
1151290 2620.3
1151300 2621.4
1151310 2623.2
1151320 2623.2
1151330 2624.6
1151340 2626.4
1151350 2626.4
1151360 2628.7
1151370 2631.3
1151380 2631.3
1151390 2632.5
1151400 2628.9
1151410 2628.1
1151420 2618.9
1151430 2617.5
1151440 2615.8
1151450 2615.8
1151460 2613.7
1151470 2611.0
1151480 2611.0
1151490 2609.2
1151500 2607.8
1151510 2607.8
1151520 2606.1
1151530 2603.2
1151540 2603.2
1151550 2599.9
1151560 2598.4
1151570 2598.4
1151580 2596.7
1151590 2594.2
1151600 2594.2
1151610 2593.1
1151620 2594.1
1151630 2594.1
1151640 2596.5
1151650 2599.9
1151660 2598.3
1151670 2598.3
1151680 2597.5
1151690 2595.8
1151700 2595.8
1151710 2591.4
1151720 2589.6
1151730 2589.6
1151740 2591.5
1151750 2593.2
1151760 2593.2
1151770 2593.9
1151780 2594.8
1151790 2594.8
1151800 2588.5
1151810 2590.6
1151820 2590.6
1151830 2593.0
1151840 2594.8
1151850 2594.8
1151860 2595.7
1151870 2590.9
1151880 2587.9
1151890 2587.9
1151900 2590.4
1151910 2593.8
1151920 2593.8
1151930 2593.4
1151940 2590.3
1151950 2590.3
1151960 2588.6
1151970 2587.5
1151980 2587.5
1151990 2586.7
1152000 2585.6
1152010 2585.6
1152020 2585.2
1152030 2585.2
1152040 2585.2
1152050 2584.4
1152060 2583.4
1152070 2583.4
1152080 2583.4
1152090 2584.7
1152100 2586.4
1152110 2586.4
1152120 2588.0
1152130 2590.2
1152140 2590.2
1152150 2586.4
1152160 2576.5
1152170 2576.5
1152180 2570.3
1152190 2563.7
1152200 2563.7
1152210 2557.4
1152220 2550.5
1152230 2550.5
1152240 2543.0
1152250 2533.1
1152260 2533.1
1152270 2522.8
1152280 2514.9
1152290 2514.9
1152300 2508.5
1152310 2503.2
1152320 2498.7
1152330 2498.7
1152340 2494.0
1152350 2488.3
1152360 2488.3
1152370 2481.8
1152380 2475.1
1152390 2475.1
1152400 2469.9
1152410 2465.5
1152420 2465.5
1152430 2463.0
1152440 2461.3
1152450 2461.3
1152460 2459.8
1152470 2459.5
1152480 2459.5
1152490 2460.2
1152500 2461.1
1152510 2461.1
1152520 2459.0
1152530 2454.9
1152540 2454.9
1152550 2452.7
1152560 2449.4
1152570 2448.3
1152580 2448.3
1152590 2448.0
1152600 2447.3
1152610 2447.3
1152620 2445.3
1152630 2441.9
1152640 2441.9
1152650 2438.5
1152660 2435.5
1152670 2435.5
1152680 2433.7
1152690 2432.2
1152700 2432.2
1152710 2430.2
1152720 2429.7
1152730 2429.7
1152740 2428.7
1152750 2428.4
1152760 2428.4
1152770 2425.7
1152780 2423.2
1152790 2421.5
1152800 2421.5
1152810 2418.6
1152820 2417.3
1152830 2417.3
1152840 2416.8
1152850 2418.0
1152860 2418.0
1152870 2419.6
1152880 2423.1
1152890 2423.1
1152900 2426.7
1152910 2427.5
1152920 2427.5
1152930 2428.8
1152940 2429.1
1152950 2422.7
1152960 2421.5
1152970 2416.7
1152980 2416.7
1152990 2402.3
1153000 2383.6
1153010 2374.2
1153020 2374.2
1153030 2366.9
1153040 2362.1
1153050 2362.1
1153060 2356.3
1153070 2350.3
1153080 2350.3
1153090 2344.7
1153100 2339.1
1153110 2339.1
1153120 2333.8
1153130 2328.1
1153140 2328.1
1153150 2322.9
1153160 2317.9
1153170 2317.9
1153180 2313.3
1153190 2310.1
1153200 2310.1
1153210 2309.1
1153220 2309.9
1153230 2309.8
1153240 2309.8
1153250 2309.0
1153260 2308.7
1153270 2308.7
1153280 2307.7
1153290 2306.1
1153300 2306.1
1153310 2305.4
1153320 2304.3
1153330 2298.3
1153340 2296.3
1153350 2294.2
1153360 2294.2
1153370 2292.5
1153380 2290.3
1153390 2290.3
1153400 2286.8
1153410 2281.1
1153420 2281.1
1153430 2275.3
1153440 2269.7
1153450 2269.7
1153460 2267.9
1153470 2268.9
1153480 2269.3
1153490 2269.3
1153500 2269.9
1153510 2271.7
1153520 2271.7
1153530 2271.8
1153540 2271.1
1153550 2271.1
1153560 2271.9
1153570 2274.4
1153580 2274.4
1153590 2273.5
1153600 2270.9
1153610 2270.9
1153620 2269.8
1153630 2270.8
1153640 2270.8
1153650 2274.6
1153660 2280.5
1153670 2280.5
1153680 2286.5
1153690 2291.4
1153700 2290.4
1153710 2288.8
1153720 2287.4
1153730 2285.7
1153740 2285.7
1153750 2284.5
1153760 2284.0
1153770 2284.0
1153780 2284.1
1153790 2285.6
1153800 2285.6
1153810 2288.3
1153820 2291.1
1153830 2291.1
1153840 2294.6
1153850 2297.4
1153860 2297.4
1153870 2299.6
1153880 2300.4
1153890 2300.4
1153900 2302.5
1153910 2307.2
1153920 2313.4
1153930 2313.4
1153940 2319.5
1153950 2323.9
1153960 2323.9
1153970 2327.2
1153980 2330.4
1153990 2330.4
1154000 2332.6
1154010 2333.2
1154020 2333.2
1154030 2333.7
1154040 2334.8
1154050 2334.8
1154060 2333.9
1154070 2329.7
1154080 2329.7
1154090 2323.3
1154100 2309.9
1154110 2309.9
1154120 2299.1
1154130 2287.3
1154140 2280.5
1154150 2280.5
1154160 2275.7
1154170 2271.4
1154180 2271.4
1154190 2268.9
1154200 2268.3
1154210 2268.3
1154220 2270.0
1154230 2273.4
1154240 2273.4
1154250 2277.3
1154260 2280.8
1154270 2280.8
1154280 2282.8
1154290 2283.0
1154300 2283.0
1154310 2284.0
1154320 2286.1
1154330 2286.1
1154340 2288.8
1154350 2291.2
1154360 2293.5
1154370 2293.5
1154380 2297.4
1154390 2301.2
1154400 2301.2
1154410 2302.3
1154420 2300.7
1154430 2300.7
1154440 2301.2
1154450 2300.6
1154460 2300.6
1154470 2301.7
1154480 2298.6
1154490 2298.6
1154500 2299.8
1154510 2299.8
1154520 2299.8
1154530 2299.7
1154540 2299.3
1154550 2299.3
1154560 2299.8
1154570 2300.4
1154580 2300.4
1154590 2302.6
1154600 2307.1
1154610 2312.4
1154620 2312.4
1154630 2317.8
1154640 2323.0
1154650 2323.0
1154660 2330.5
1154670 2338.5
1154680 2338.5
1154690 2334.6
1154700 2333.0
1154710 2333.0
1154720 2334.7
1154730 2338.3
1154740 2338.3
1154750 2341.5
1154760 2345.6
1154770 2345.6
1154780 2352.7
1154790 2358.7
1154800 2358.7
1154810 2364.5
1154820 2376.9
1154830 2388.9
1154840 2388.9
1154850 2401.8
1154860 2408.5
1154870 2408.5
1154880 2420.2
1154890 2431.4
1154900 2431.4
1154910 2443.4
1154920 2458.5
1154930 2458.5
1154940 2471.0
1154950 2488.2
1154960 2488.2
1154970 2502.8
1154980 2512.9
1154990 2512.9
1155000 2519.5
1155010 2525.4
1155020 2525.4
1155030 2530.4
1155040 2535.3
1155050 2540.3
1155060 2540.3
1155070 2545.2
1155080 2549.7
1155090 2549.7
1155100 2554.0
1155110 2558.7
1155120 2558.7
1155130 2563.7
1155140 2568.9
1155150 2568.9
1155160 2574.1
1155170 2578.5
1155180 2578.5
1155190 2580.0
1155200 2578.4
1155210 2578.4
1155220 2572.9
1155230 2564.5
1155240 2564.5
1155250 2550.9
1155260 2540.3
1155270 2528.4
1155280 2528.4
1155290 2516.0
1155300 2505.0
1155310 2505.0
1155320 2493.3
1155330 2477.8
1155340 2477.8
1155350 2458.6
1155360 2444.4
1155370 2444.4
1155380 2434.1
1155390 2423.9
1155400 2423.9
1155410 2411.8
1155420 2399.6
1155430 2399.6
1155440 2388.5
1155450 2376.8
1155460 2376.8
1155470 2365.5
1155480 2352.4
1155490 2352.4
1155500 2338.0
1155510 2324.9
1155520 2315.9
1155530 2315.9
1155540 2307.7
1155550 2299.6
1155560 2299.6
1155570 2291.7
1155580 2284.1
1155590 2284.1
1155600 2277.2
1155610 2271.1
1155620 2271.1
1155630 2267.5
1155640 2262.0
1155650 2262.0
1155660 2256.5
1155670 2251.3
1155680 2251.3
1155690 2246.1
1155700 2240.9
1155710 2240.9
1155720 2235.2
1155730 2229.4
1155740 2223.2
1155750 2223.2
1155760 2217.6
1155770 2212.4
1155780 2212.4
1155790 2207.1
1155800 2201.7
1155810 2201.7
1155820 2196.4
1155830 2191.9
1155840 2191.9
1155850 2186.6
1155860 2180.8
1155870 2180.8
1155880 2175.6
1155890 2170.1
1155900 2170.1
1155910 2165.0
1155920 2160.5
1155930 2160.5
1155940 2156.7
1155950 2154.8
1155960 2153.1
1155970 2153.1
1155980 2150.7
1155990 2148.0
1156000 2148.0
1156010 2145.2
1156020 2143.1
1156030 2143.1
1156040 2137.9
1156050 2132.4
1156060 2132.4
1156070 2127.1
1156080 2122.0
1156090 2122.0
1156100 2116.7
1156110 2111.7
1156120 2111.7
1156130 2107.4
1156140 2102.7
1156150 2102.7
1156160 2097.8
1156170 2092.7
1156180 2087.3
1156190 2087.3
1156200 2082.1
1156210 2076.8
1156220 2076.8
1156230 2071.2
1156240 2065.6
1156250 2065.6
1156260 2060.7
1156270 2056.7
1156280 2056.7
1156290 2051.5
1156300 2045.4
1156310 2045.4
1156320 2040.2
1156330 2035.6
1156340 2035.6
1156350 2031.1
1156360 2027.2
1156370 2027.2
1156380 2023.4
1156390 2021.4
1156400 2021.4
1156410 2019.2
1156420 2017.4
1156430 2015.6
1156440 2015.6
1156450 2014.6
1156460 2013.9
1156470 2013.9
1156480 2014.0
1156490 2014.9
1156500 2014.9
1156510 2014.9
1156520 2014.2
1156530 2014.2
1156540 2012.8
1156550 2011.2
1156560 2011.2
1156570 2009.5
1156580 2007.7
1156590 2007.7
1156600 2005.9
1156610 2004.1
1156620 2004.1
1156630 2002.3
1156640 1999.5
1156650 1994.2
1156660 1994.2
1156670 1988.8
1156680 1988.5
1156690 1988.5
1156700 1989.2
1156710 1991.1
1156720 1991.1
1156730 1992.0
1156740 1989.7
1156750 1989.7
1156760 1986.8
1156770 1985.8
1156780 1985.8
1156790 1983.4
1156800 1983.7
1156810 1983.7
1156820 1983.5
1156830 1983.4
1156840 1983.4
1156850 1983.2
1156860 1983.6
1156870 1985.9
1156880 1985.9
1156890 1988.6
1156900 1991.9
1156910 1991.9
1156920 1995.4
1156930 1997.8
1156940 1997.8
1156950 2000.2
1156960 2001.2
1156970 2001.2
1156980 2001.9
1156990 2002.5
1157000 2002.5
1157010 2004.1
1157020 2005.8
1157030 2005.8
1157040 2006.6
1157050 2005.5
1157060 2005.5
1157070 2004.7
1157080 2004.8
1157090 2005.8
1157100 2005.8
1157110 2006.1
1157120 2006.5
1157130 2006.5
1157140 2007.8
1157150 2010.1
1157160 2010.1
1157170 2013.0
1157180 2010.8
1157190 2010.8
1157200 2011.6
1157210 2012.5
1157220 2012.5
1157230 2016.0
1157240 2018.7
1157250 2018.7
1157260 2020.6
1157270 2024.8
1157280 2024.8
1157290 2026.1
1157300 2025.9
1157310 2028.1
1157320 2028.1
1157330 2029.4
1157340 2031.0
1157350 2031.0
1157360 2032.4
1157370 2033.7
1157380 2033.7
1157390 2035.7
1157400 2038.4
1157410 2038.4
1157420 2040.8
1157430 2043.6
1157440 2043.6
1157450 2047.3
1157460 2050.7
1157470 2050.7
1157480 2054.1
1157490 2057.7
1157500 2057.7
1157510 2061.2
1157520 2064.4
1157530 2064.4
1157540 2066.8
1157550 2068.7
1157560 2070.4
1157570 2064.8
1157580 2065.8
1157590 2067.4
1157600 2067.4
1157610 2068.7
1157620 2068.6
1157630 2068.6
1157640 2067.7
1157650 2066.5
1157660 2066.5
1157670 2065.5
1157680 2066.4
1157690 2066.4
1157700 2067.7
1157710 2068.7
1157720 2068.7
1157730 2070.0
1157740 2069.5
1157750 2069.5
1157760 2069.0
1157770 2068.1
1157780 2067.9
1157790 2067.9
1157800 2066.4
1157810 2066.3
1157820 2066.3
1157830 2067.3
1157840 2068.1
1157850 2068.1
1157860 2069.4
1157870 2071.0
1157880 2071.0
1157890 2071.4
1157900 2071.3
1157910 2071.3
1157920 2070.5
1157930 2069.2
1157940 2069.2
1157950 2066.3
1157960 2056.1
1157970 2056.1
1157980 2052.3
1157990 2048.2
1158000 2043.4
1158010 2043.4
1158020 2040.7
1158030 2039.2
1158040 2039.2
1158050 2038.2
1158060 2037.4
1158070 2037.4
1158080 2036.7
1158090 2035.9
1158100 2035.9
1158110 2034.9
1158120 2034.1
1158130 2034.1
1158140 2032.9
1158150 2031.3
1158160 2031.3
1158170 2030.0
1158180 2028.5
1158190 2028.5
1158200 2027.1
1158210 2026.3
1158220 2025.7
1158230 2025.7
1158240 2025.1
1158250 2024.0
1158260 2024.0
1158270 2022.7
1158280 2021.3
1158290 2021.3
1158300 2020.3
1158310 2019.7
1158320 2019.7
1158330 2019.6
1158340 2019.7
1158350 2016.8
1158360 2016.7
1158370 2016.6
1158380 2016.6
1158390 2017.1
1158400 2017.7
1158410 2017.7
1158420 2018.4
1158430 2018.9
1158440 2018.9
1158450 2019.4
1158460 2019.9
1158470 2020.1
1158480 2020.1
1158490 2020.1
1158500 2020.4
1158510 2020.4
1158520 2020.3
1158530 2020.0
1158540 2020.0
1158550 2019.4
1158560 2018.9
1158570 2018.9
1158580 2018.2
1158590 2015.0
1158600 2015.0
1158610 2012.2
1158620 2011.9
1158630 2011.9
1158640 2014.3
1158650 2016.9
1158660 2016.9
1158670 2017.7
1158680 2017.7
1158690 2017.7
1158700 2017.7
1158710 2017.4
1158720 2016.9
1158730 2016.9
1158740 2010.6
1158750 2010.5
1158760 2010.5
1158770 2010.6
1158780 2010.1
1158790 2010.1
1158800 2009.5
1158810 2009.4
1158820 2009.4
1158830 2009.5
1158840 2009.4
1158850 2009.4
1158860 2008.8
1158870 2008.3
1158880 2008.3
1158890 2007.7
1158900 2007.3
1158910 2007.4
1158920 2007.4
1158930 2007.4
1158940 2006.4
1158950 2006.4
1158960 2005.9
1158970 2005.8
1158980 2005.8
1158990 2005.1
1159000 2004.3
1159010 2004.3
1159020 2003.4
1159030 2002.2
1159040 2002.2
1159050 2001.7
1159060 2001.4
1159070 2001.4
1159080 2001.0
1159090 2000.7
1159100 2000.7
1159110 1999.3
1159120 1998.2
1159130 1995.4
1159140 1995.4
1159150 1994.6
1159160 1993.6
1159170 1993.6
1159180 1993.3
1159190 1992.6
1159200 1992.6
1159210 1991.5
1159220 1992.8
1159230 1992.8
1159240 1993.1
1159250 1990.4
1159260 1990.4
1159270 1988.2
1159280 1990.4
1159290 1990.4
1159300 1991.9
1159310 1992.7
1159320 1992.7
1159330 1992.1
1159340 1990.7
1159350 1989.9
1159360 1989.9
1159370 1989.4
1159380 1989.2
1159390 1989.2
1159400 1988.9
1159410 1988.4
1159420 1988.4
1159430 1987.8
1159440 1987.2
1159450 1987.2
1159460 1986.7
1159470 1986.5
1159480 1986.5
1159490 1986.6
1159500 1986.1
1159510 1986.1
1159520 1981.3
1159530 1981.2
1159540 1981.2
1159550 1980.7
1159560 1980.9
1159570 1980.9
1159580 1981.2
1159590 1981.2
1159600 1980.4
1159610 1980.4
1159620 1979.7
1159630 1979.5
1159640 1979.5
1159650 1978.5
1159660 1976.6
1159670 1976.6
1159680 1977.0
1159690 1979.6
1159700 1979.6
1159710 1979.5
1159720 1978.7
1159730 1978.7
1159740 1978.2
1159750 1979.3
1159760 1979.3
1159770 1980.7
1159780 1980.0
1159790 1980.0
1159800 1979.0
1159810 1978.2
1159820 1977.5
1159830 1977.5
1159840 1977.0
1159850 1976.3
1159860 1976.3
1159870 1975.4
1159880 1974.9
1159890 1974.9
1159900 1974.5
1159910 1971.5
1159920 1971.5
1159930 1971.4
1159940 1971.0
1159950 1971.0
1159960 1970.3
1159970 1969.4
1159980 1969.4
1159990 1968.1
