1140000 2531.8
1140010 2531.8
1140020 2527.8
1140030 2524.3
1140040 2524.3
1140050 2520.9
1140060 2518.3
1140070 2518.3
1140080 2515.1
1140090 2511.3
1140100 2511.3
1140110 2506.5
1140120 2504.4
1140130 2504.4
1140140 2502.9
1140150 2499.0
1140160 2499.0
1140170 2493.5
1140180 2490.3
1140190 2484.6
1140200 2484.6
1140210 2477.7
1140220 2472.4
1140230 2472.4
1140240 2468.4
1140250 2463.2
1140260 2463.2
1140270 2457.5
1140280 2451.3
1140290 2451.3
1140300 2445.2
1140310 2440.0
1140320 2440.0
1140330 2436.3
1140340 2433.9
1140350 2433.9
1140360 2432.5
1140370 2432.2
1140380 2432.2
1140390 2432.6
1140400 2432.6
1140410 2432.7
1140420 2432.7
1140430 2433.2
1140440 2432.2
1140450 2432.2
1140460 2426.7
1140470 2418.7
1140480 2418.7
1140490 2410.8
1140500 2402.0
1140510 2402.0
1140520 2396.0
1140530 2389.9
1140540 2389.0
1140550 2381.9
1140560 2373.7
1140570 2373.7
1140580 2363.9
1140590 2353.9
1140600 2353.9
1140610 2345.6
1140620 2337.9
1140630 2331.7
1140640 2331.7
1140650 2326.4
1140660 2322.5
1140670 2322.5
1140680 2321.9
1140690 2318.4
1140700 2318.4
1140710 2302.5
1140720 2292.7
1140730 2292.7
1140740 2285.1
1140750 2277.8
1140760 2277.8
1140770 2271.6
1140780 2266.0
1140790 2266.0
1140800 2261.5
1140810 2257.8
1140820 2257.8
1140830 2253.9
1140840 2249.6
1140850 2245.5
1140860 2245.5
1140870 2241.3
1140880 2237.5
1140890 2237.5
1140900 2234.5
1140910 2226.4
1140920 2226.4
1140930 2224.2
1140940 2220.8
1140950 2220.8
1140960 2217.5
1140970 2214.6
1140980 2214.6
1140990 2210.0
1141000 2205.5
1141010 2205.5
1141020 2202.5
1141030 2201.0
1141040 2201.0
1141050 2200.5
1141060 2199.8
1141070 2199.8
1141080 2198.2
1141090 2195.5
1141100 2192.9
1141110 2192.9
1141120 2191.3
1141130 2190.7
1141140 2190.7
1141150 2190.7
1141160 2190.7
1141170 2190.7
1141180 2191.0
1141190 2189.8
1141200 2189.8
1141210 2188.0
1141220 2186.6
1141230 2186.6
1141240 2185.2
1141250 2182.6
1141260 2182.6
1141270 2179.6
1141280 2172.0
1141290 2172.0
1141300 2170.3
1141310 2169.9
1141320 2168.4
1141330 2168.4
1141340 2164.7
1141350 2160.7
1141360 2160.7
1141370 2156.3
1141380 2151.9
1141390 2151.9
1141400 2147.2
1141410 2142.1
1141420 2142.1
1141430 2137.2
1141440 2132.0
1141450 2132.0
1141460 2126.4
1141470 2120.4
1141480 2120.4
1141490 2114.0
1141500 2107.5
1141510 2107.5
1141520 2100.8
1141530 2094.2
1141540 2087.7
1141550 2087.7
1141560 2081.0
1141570 2074.5
1141580 2074.5
1141590 2068.0
1141600 2060.7
1141610 2060.7
1141620 2053.5
1141630 2046.5
1141640 2046.5
1141650 2040.9
1141660 2034.7
1141670 2034.7
1141680 2029.4
1141690 2023.8
1141700 2023.8
1141710 2018.2
1141720 2013.1
1141730 2013.1
1141740 2008.3
1141750 2003.0
1141760 1997.9
1141770 1997.9
1141780 1992.0
1141790 1987.0
1141800 1987.0
1141810 1983.5
1141820 1981.6
1141830 1981.6
1141840 1980.0
1141850 1977.4
1141860 1977.4
1141870 1973.6
1141880 1967.5
1141890 1967.5
1141900 1961.3
1141910 1954.9
1141920 1954.9
1141930 1948.4
1141940 1943.3
1141950 1943.3
1141960 1938.8
1141970 1934.6
1141980 1934.6
1141990 1930.8
1142000 1925.9
1142010 1920.4
1142020 1923.9
1142030 1921.9
1142040 1920.4
1142050 1920.4
1142060 1917.1
1142070 1911.0
1142080 1911.0
1142090 1902.5
1142100 1894.5
1142110 1894.5
1142120 1887.9
1142130 1879.0
1142140 1879.0
1142150 1867.6
1142160 1861.3
1142170 1861.3
1142180 1856.0
1142190 1848.7
1142200 1848.7
1142210 1841.8
1142220 1836.3
1142230 1828.9
1142240 1828.9
1142250 1823.0
1142260 1817.5
1142270 1817.5
1142280 1811.0
1142290 1803.6
1142300 1803.6
1142310 1797.3
1142320 1792.4
1142330 1792.4
1142340 1791.1
1142350 1793.8
1142360 1793.8
1142370 1797.1
1142380 1800.7
1142390 1798.6
1142400 1800.3
1142410 1801.9
1142420 1801.9
1142430 1803.1
1142440 1802.1
1142450 1798.3
1142460 1798.3
1142470 1795.8
1142480 1794.4
1142490 1794.4
1142500 1791.3
1142510 1788.7
1142520 1788.7
1142530 1787.1
1142540 1784.8
1142550 1784.8
1142560 1782.1
1142570 1778.8
1142580 1778.8
1142590 1777.3
1142600 1777.4
1142610 1777.4
1142620 1774.6
1142630 1770.3
1142640 1770.3
1142650 1767.4
1142660 1771.8
1142670 1779.8
1142680 1779.8
1142690 1787.9
1142700 1795.9
1142710 1795.9
1142720 1799.7
1142730 1799.7
1142740 1799.7
1142750 1800.9
1142760 1808.3
1142770 1808.3
1142780 1811.1
1142790 1815.1
1142800 1815.1
1142810 1819.8
1142820 1824.9
1142830 1824.9
1142840 1831.6
1142850 1839.2
1142860 1839.2
1142870 1847.2
1142880 1854.4
1142890 1861.5
1142900 1861.5
1142910 1869.5
1142920 1878.8
1142930 1878.8
1142940 1888.3
1142950 1896.0
1142960 1896.0
1142970 1902.8
1142980 1909.9
1142990 1909.9
1143000 1919.5
1143010 1928.2
1143020 1928.2
1143030 1933.3
1143040 1938.1
1143050 1938.1
1143060 1941.5
1143070 1944.7
1143080 1944.7
1143090 1948.5
1143100 1954.2
1143110 1954.2
1143120 1961.7
1143130 1964.6
1143140 1970.6
1143150 1970.6
1143160 1974.3
1143170 1977.3
1143180 1977.3
1143190 1979.7
1143200 1981.3
1143210 1981.3
1143220 1986.1
1143230 1991.7
1143240 1991.7
1143250 1998.4
1143260 2006.2
1143270 2006.2
1143280 2010.2
1143290 2012.3
1143300 2012.3
1143310 2014.9
1143320 2018.1
1143330 2018.1
1143340 2020.9
1143350 2023.8
1143360 2026.5
1143370 2026.5
1143380 2029.5
1143390 2032.8
1143400 2032.8
1143410 2035.7
1143420 2038.4
1143430 2038.4
1143440 2042.5
1143450 2045.5
1143460 2045.5
1143470 2047.7
1143480 2050.7
1143490 2050.7
1143500 2053.1
1143510 2055.9
1143520 2055.9
1143530 2057.2
1143540 2058.1
1143550 2058.1
1143560 2059.6
1143570 2061.2
1143580 2062.9
1143590 2062.9
1143600 2064.5
1143610 2066.5
1143620 2066.5
1143630 2069.0
1143640 2072.1
1143650 2072.1
1143660 2075.1
1143670 2077.9
1143680 2077.9
1143690 2080.6
1143700 2086.2
1143710 2086.2
1143720 2093.0
1143730 2099.0
1143740 2099.0
1143750 2103.6
1143760 2107.7
1143770 2107.7
1143780 2109.4
1143790 2110.7
1143800 2111.9
1143810 2111.9
1143820 2116.2
1143830 2122.4
1143840 2122.4
1143850 2129.5
1143860 2136.7
1143870 2136.5
1143880 2143.9
1143890 2151.8
1143900 2151.8
1143910 2157.9
1143920 2161.0
1143930 2161.0
1143940 2162.9
1143950 2165.1
1143960 2165.1
1143970 2167.4
1143980 2169.1
1143990 2169.1
1144000 2172.2
1144010 2175.9
1144020 2175.9
1144030 2180.0
1144040 2184.5
1144050 2190.1
1144060 2190.1
1144070 2197.1
1144080 2203.5
1144090 2203.5
1144100 2210.0
1144110 2217.9
1144120 2217.9
1144130 2225.5
1144140 2232.7
1144150 2232.7
1144160 2239.7
1144170 2245.7
1144180 2245.7
1144190 2251.4
1144200 2257.1
1144210 2257.1
1144220 2261.2
1144230 2264.1
1144240 2264.1
1144250 2263.3
1144260 2265.4
1144270 2268.1
1144280 2268.1
1144290 2272.4
1144300 2275.7
1144310 2275.7
1144320 2279.2
1144330 2282.4
1144340 2282.4
1144350 2285.3
1144360 2288.8
1144370 2288.8
1144380 2292.6
1144390 2297.0
1144400 2297.0
1144410 2301.2
1144420 2305.1
1144430 2305.1
1144440 2308.6
1144450 2312.3
1144460 2312.3
1144470 2316.0
1144480 2319.0
1144490 2321.6
1144500 2321.6
1144510 2323.8
1144520 2326.7
1144530 2326.7
1144540 2330.3
1144550 2334.3
1144560 2334.3
1144570 2338.2
1144580 2341.8
1144590 2341.8
1144600 2345.6
1144610 2350.1
1144620 2347.0
1144630 2351.8
1144640 2356.1
1144650 2356.1
1144660 2359.4
1144670 2362.9
1144680 2362.9
1144690 2366.7
1144700 2370.3
1144710 2374.0
1144720 2374.0
1144730 2378.2
1144740 2382.2
1144750 2382.2
1144760 2385.6
1144770 2388.8
1144780 2388.8
1144790 2393.1
1144800 2398.4
1144810 2398.4
1144820 2403.8
1144830 2409.2
1144840 2409.2
1144850 2414.2
1144860 2418.8
1144870 2418.8
1144880 2423.1
1144890 2427.0
1144900 2427.0
1144910 2430.5
1144920 2434.0
1144930 2437.7
1144940 2437.7
1144950 2441.3
1144960 2445.5
1144970 2445.5
1144980 2450.1
1144990 2453.3
1145000 2453.3
1145010 2456.9
1145020 2460.3
1145030 2460.3
1145040 2464.3
1145050 2470.2
1145060 2470.2
1145070 2476.0
1145080 2481.0
1145090 2481.0
1145100 2484.4
1145110 2485.7
1145120 2485.7
1145130 2488.1
1145140 2491.0
1145150 2491.0
1145160 2494.7
1145170 2499.2
1145180 2503.7
1145190 2503.7
1145200 2508.5
1145210 2514.2
1145220 2514.2
1145230 2520.5
1145240 2526.8
1145250 2526.8
1145260 2533.5
1145270 2539.7
1145280 2539.7
1145290 2545.8
1145300 2552.9
1145310 2552.9
1145320 2561.2
1145330 2568.8
1145340 2568.8
1145350 2576.3
1145360 2583.6
1145370 2583.7
1145380 2590.5
1145390 2596.8
1145400 2601.8
1145410 2601.8
1145420 2604.6
1145430 2606.9
1145440 2606.9
1145450 2609.0
1145460 2610.8
1145470 2610.8
1145480 2612.8
1145490 2613.2
1145500 2613.2
1145510 2614.6
1145520 2619.7
1145530 2619.7
1145540 2621.6
1145550 2620.8
1145560 2620.8
1145570 2623.1
1145580 2626.5
1145590 2626.5
1145600 2630.3
1145610 2634.5
1145620 2639.2
1145630 2639.2
1145640 2643.7
1145650 2648.0
1145660 2648.0
1145670 2651.5
1145680 2655.2
1145690 2655.2
1145700 2658.1
1145710 2660.5
1145720 2660.5
1145730 2664.0
1145740 2664.2
1145750 2664.2
1145760 2669.1
1145770 2673.3
1145780 2673.3
1145790 2674.1
1145800 2673.6
1145810 2673.6
1145820 2674.3
1145830 2675.4
1145840 2676.9
1145850 2676.9
1145860 2677.6
1145870 2678.3
1145880 2678.3
1145890 2682.0
1145900 2686.4
1145910 2686.4
1145920 2690.6
1145930 2694.7
1145940 2694.7
1145950 2698.5
1145960 2701.9
1145970 2701.9
1145980 2706.2
1145990 2711.0
1146000 2711.0
1146010 2716.7
1146020 2724.0
1146030 2724.0
1146040 2732.4
1146050 2740.6
1146060 2740.6
1146070 2751.6
1146080 2760.0
1146090 2764.3
1146100 2764.3
1146110 2765.8
1146120 2773.7
1146130 2773.7
1146140 2785.2
1146150 2797.7
1146160 2797.7
1146170 2808.1
1146180 2820.6
1146190 2820.6
1146200 2831.3
1146210 2837.4
1146220 2837.4
1146230 2842.6
1146240 2851.4
1146250 2851.4
1146260 2859.8
1146270 2866.9
1146280 2866.9
1146290 2872.9
1146300 2878.8
1146310 2884.9
1146320 2884.9
1146330 2891.8
1146340 2899.6
1146350 2899.6
1146360 2906.6
1146370 2911.1
1146380 2911.1
1146390 2911.8
1146400 2908.7
1146410 2908.7
1146420 2902.4
1146430 2891.6
1146440 2891.6
1146450 2881.2
1146460 2872.7
1146470 2872.7
1146480 2868.7
1146490 2880.3
1146500 2880.3
1146510 2882.3
1146520 2880.7
1146530 2874.8
1146540 2874.8
1146550 2866.5
1146560 2858.2
1146570 2858.2
1146580 2848.5
1146590 2834.1
1146600 2834.1
1146610 2828.2
1146620 2829.0
1146630 2829.0
1146640 2826.0
1146650 2825.4
1146660 2825.4
1146670 2826.2
1146680 2819.0
1146690 2819.0
1146700 2806.7
1146710 2795.4
1146720 2795.4
1146730 2780.9
1146740 2771.0
1146750 2763.7
1146760 2763.7
1146770 2756.4
1146780 2749.3
1146790 2749.3
1146800 2742.9
1146810 2737.1
1146820 2737.1
1146830 2731.5
1146840 2725.7
1146850 2725.7
1146860 2720.2
1146870 2710.8
1146880 2710.8
1146890 2706.8
1146900 2701.4
1146910 2701.4
1146920 2697.5
1146930 2692.4
1146940 2692.4
1146950 2687.5
1146960 2685.1
1146970 2685.7
1146980 2685.7
1146990 2682.9
1147000 2675.0
1147010 2675.0
1147020 2670.0
1147030 2667.4
1147040 2667.4
1147050 2666.2
1147060 2666.0
1147070 2666.0
1147080 2664.5
1147090 2660.9
1147100 2660.9
1147110 2654.9
1147120 2643.9
1147130 2643.9
1147140 2634.8
1147150 2636.1
1147160 2636.1
1147170 2630.4
1147180 2625.1
1147190 2625.1
1147200 2622.9
1147210 2618.1
1147220 2610.1
1147230 2610.1
1147240 2602.3
1147250 2596.1
1147260 2596.1
1147270 2590.7
1147280 2584.3
1147290 2584.3
1147300 2575.6
1147310 2566.8
1147320 2566.8
1147330 2557.1
1147340 2546.7
1147350 2546.7
1147360 2537.1
1147370 2527.0
1147380 2527.0
1147390 2517.1
1147400 2505.7
1147410 2505.7
1147420 2495.9
1147430 2484.1
1147440 2472.3
1147450 2472.3
1147460 2459.8
1147470 2448.2
1147480 2448.2
1147490 2440.0
1147500 2432.5
1147510 2432.5
1147520 2425.3
1147530 2418.1
1147540 2418.1
1147550 2410.9
1147560 2402.8
1147570 2402.8
1147580 2395.2
1147590 2385.9
1147600 2385.9
1147610 2378.4
1147620 2381.0
1147630 2381.0
1147640 2379.3
1147650 2378.2
1147660 2377.5
1147670 2377.5
1147680 2376.3
1147690 2373.9
1147700 2373.9
1147710 2371.8
1147720 2369.7
1147730 2369.7
1147740 2368.8
1147750 2367.3
1147760 2367.3
1147770 2362.6
1147780 2354.6
1147790 2354.6
1147800 2346.3
1147810 2338.4
1147820 2338.4
1147830 2332.7
1147840 2329.9
1147850 2329.9
1147860 2327.7
1147870 2325.0
1147880 2322.9
1147890 2322.9
1147900 2320.5
1147910 2316.4
1147920 2316.4
1147930 2312.5
1147940 2308.9
1147950 2308.9
1147960 2305.3
1147970 2301.5
1147980 2301.5
1147990 2301.7
1148000 2297.3
1148010 2297.3
1148020 2294.3
1148030 2292.0
1148040 2292.0
1148050 2290.5
1148060 2288.9
1148070 2288.9
1148080 2286.8
1148090 2284.2
1148100 2284.2
1148110 2280.6
1148120 2277.4
1148130 2276.0
1148140 2276.0
1148150 2275.4
1148160 2277.3
1148170 2277.3
1148180 2279.8
1148190 2280.9
1148200 2280.9
1148210 2281.7
1148220 2282.9
1148230 2282.9
1148240 2282.9
1148250 2282.6
1148260 2282.6
1148270 2282.2
1148280 2281.8
1148290 2281.8
1148300 2281.2
1148310 2280.3
1148320 2280.3
1148330 2279.4
1148340 2278.0
1148350 2276.2
1148360 2276.2
1148370 2280.2
1148380 2276.9
1148390 2276.9
1148400 2274.1
1148410 2272.0
1148420 2272.0
1148430 2270.3
1148440 2268.8
1148450 2268.8
1148460 2268.3
1148470 2267.7
1148480 2267.7
1148490 2268.4
1148500 2269.2
1148510 2269.2
1148520 2268.9
1148530 2268.8
1148540 2268.8
1148550 2268.9
1148560 2267.8
1148570 2267.0
1148580 2267.0
1148590 2267.4
1148600 2266.9
1148610 2266.9
1148620 2264.8
1148630 2260.8
1148640 2260.8
1148650 2256.8
1148660 2252.8
1148670 2252.8
1148680 2249.8
1148690 2246.9
1148700 2246.9
1148710 2245.5
1148720 2245.0
1148730 2245.0
1148740 2245.0
1148750 2251.6
1148760 2251.6
1148770 2253.3
1148780 2254.3
1148790 2254.9
1148800 2254.9
1148810 2255.9
1148820 2256.5
1148830 2256.5
1148840 2256.2
1148850 2255.7
1148860 2255.7
1148870 2254.8
1148880 2253.4
1148890 2253.4
1148900 2251.7
1148910 2250.3
1148920 2250.3
1148930 2249.7
1148940 2248.5
1148950 2248.5
1148960 2248.0
1148970 2248.7
1148980 2248.7
1148990 2250.5
1149000 2252.5
1149010 2254.2
1149020 2254.2
1149030 2255.8
1149040 2257.7
1149050 2257.7
1149060 2259.4
1149070 2260.5
1149080 2260.5
1149090 2261.2
1149100 2260.8
1149110 2260.8
1149120 2261.3
1149130 2268.3
1149140 2268.3
1149150 2271.6
1149160 2275.5
1149170 2275.5
1149180 2278.8
1149190 2282.6
1149200 2282.6
1149210 2286.8
1149220 2289.5
1149230 2289.5
1149240 2292.8
1149250 2299.4
1149260 2307.4
1149270 2307.4
1149280 2314.6
1149290 2318.0
1149300 2318.0
1149310 2321.1
1149320 2325.0
1149330 2325.0
1149340 2334.7
1149350 2347.8
1149360 2347.8
1149370 2359.1
1149380 2368.6
1149390 2368.6
1149400 2377.5
1149410 2387.1
1149420 2387.1
1149430 2394.3
1149440 2399.9
1149450 2399.9
1149460 2405.0
1149470 2409.4
1149480 2418.9
1149490 2418.9
1149500 2424.1
1149510 2433.9
1149520 2433.9
1149530 2437.7
1149540 2442.7
1149550 2442.7
1149560 2449.2
1149570 2457.4
1149580 2457.4
1149590 2465.4
1149600 2473.2
1149610 2473.2
1149620 2480.0
1149630 2483.1
1149640 2483.1
1149650 2481.4
1149660 2480.8
1149670 2480.8
1149680 2483.2
1149690 2488.0
1149700 2491.6
1149710 2491.6
1149720 2494.7
1149730 2497.1
1149740 2497.1
1149750 2499.2
1149760 2497.4
1149770 2497.4
1149780 2489.4
1149790 2481.8
1149800 2481.8
1149810 2476.0
1149820 2473.2
1149830 2473.2
1149840 2471.7
1149850 2472.5
1149860 2472.5
1149870 2474.3
1149880 2482.8
1149890 2482.8
1149900 2485.2
1149910 2487.3
1149920 2489.3
1149930 2489.3
1149940 2494.2
1149950 2498.0
1149960 2498.0
1149970 2497.5
1149980 2493.0
1149990 2493.0
1150000 2493.1
1150010 2494.4
1150020 2494.4
1150030 2495.2
1150040 2497.1
1150050 2497.1
1150060 2496.7
1150070 2496.5
1150080 2496.5
1150090 2497.3
1150100 2500.4
1150110 2500.4
1150120 2503.8
1150130 2506.7
1150140 2506.7
1150150 2510.7
1150160 2516.7
1150170 2522.5
1150180 2522.5
1150190 2527.3
1150200 2523.9
1150210 2523.9
1150220 2521.3
1150230 2527.6
1150240 2527.6
1150250 2532.0
1150260 2543.9
1150270 2543.9
1150280 2549.5
1150290 2552.9
1150300 2552.9
1150310 2551.1
1150320 2547.9
1150330 2547.9
1150340 2547.3
1150350 2547.9
1150360 2547.9
1150370 2548.9
1150380 2550.9
1150390 2554.0
1150400 2554.0
1150410 2556.2
1150420 2560.6
1150430 2560.6
1150440 2571.2
1150450 2580.1
1150460 2580.1
1150470 2584.1
1150480 2586.0
1150490 2586.0
1150500 2588.8
1150510 2592.6
1150520 2592.6
1150530 2596.4
1150540 2598.1
1150550 2598.1
1150560 2599.7
1150570 2602.4
1150580 2602.4
1150590 2602.1
1150600 2602.9
1150610 2603.0
1150620 2603.0
1150630 2601.5
1150640 2605.0
1150650 2605.0
1150660 2604.7
1150670 2605.6
1150680 2605.6
1150690 2609.4
1150700 2610.9
1150710 2610.9
1150720 2613.5
1150730 2615.5
1150740 2615.5
1150750 2617.3
1150760 2621.2
1150770 2621.2
1150780 2628.0
1150790 2635.1
1150800 2635.1
1150810 2637.7
1150820 2630.3
1150830 2619.2
1150840 2619.2
1150850 2608.6
1150860 2596.4
1150870 2596.4
1150880 2585.2
1150890 2573.2
1150900 2573.2
1150910 2559.2
1150920 2548.8
1150930 2548.8
1150940 2540.6
1150950 2534.3
1150960 2534.3
1150970 2528.1
1150980 2521.9
1150990 2521.9
1151000 2515.9
1151010 2510.0
1151020 2511.4
1151030 2505.7
1151040 2500.7
1151050 2496.4
1151060 2496.4
1151070 2492.8
1151080 2488.5
1151090 2488.5
1151100 2483.2
1151110 2478.3
1151120 2478.3
1151130 2474.2
1151140 2470.2
1151150 2470.2
1151160 2466.5
1151170 2463.0
1151180 2463.0
1151190 2459.4
1151200 2456.4
1151210 2456.4
1151220 2454.9
1151230 2454.1
1151240 2454.1
1151250 2453.7
1151260 2453.1
1151270 2453.1
1151280 2452.4
1151290 2450.9
1151300 2449.9
1151310 2449.9
1151320 2448.7
1151330 2447.2
1151340 2447.2
1151350 2444.9
1151360 2441.8
1151370 2441.8
1151380 2439.5
1151390 2437.4
1151400 2436.3
1151410 2434.1
1151420 2432.7
1151430 2432.7
1151440 2429.3
1151450 2423.5
1151460 2423.5
1151470 2419.5
1151480 2416.8
1151490 2416.8
1151500 2413.4
1151510 2410.4
1151520 2408.7
1151530 2408.7
1151540 2408.2
1151550 2408.7
1151560 2408.7
1151570 2409.9
1151580 2410.6
1151590 2410.6
1151600 2409.7
1151610 2408.3
1151620 2408.3
1151630 2406.5
1151640 2404.6
1151650 2404.6
1151660 2401.5
1151670 2396.4
1151680 2396.4
1151690 2390.5
1151700 2385.1
1151710 2385.1
1151720 2379.4
1151730 2375.2
1151740 2372.7
1151750 2372.7
1151760 2372.2
1151770 2372.1
1151780 2368.6
1151790 2368.0
1151800 2369.9
1151810 2369.9
1151820 2373.8
1151830 2378.5
1151840 2378.5
1151850 2382.7
1151860 2386.2
1151870 2386.2
1151880 2387.9
1151890 2388.6
1151900 2388.6
1151910 2389.2
1151920 2388.8
1151930 2388.8
1151940 2387.3
1151950 2386.6
1151960 2386.0
1151970 2386.0
1151980 2384.7
1151990 2382.1
1152000 2382.1
1152010 2376.9
1152020 2372.5
1152030 2372.5
1152040 2369.0
1152050 2365.9
1152060 2365.9
1152070 2363.9
1152080 2363.2
1152090 2363.2
1152100 2362.6
1152110 2361.5
1152120 2361.5
1152130 2359.1
1152140 2356.6
1152150 2356.6
1152160 2354.4
1152170 2349.0
1152180 2348.2
1152190 2348.2
1152200 2347.6
1152210 2346.5
1152220 2346.5
1152230 2345.5
1152240 2345.0
1152250 2345.0
1152260 2344.9
1152270 2345.1
1152280 2345.1
1152290 2345.3
1152300 2345.2
1152310 2345.2
1152320 2345.6
1152330 2345.6
1152340 2345.6
1152350 2346.0
1152360 2347.6
1152370 2347.6
1152380 2349.5
1152390 2351.1
1152400 2351.1
1152410 2352.6
1152420 2355.0
1152430 2358.3
1152440 2358.3
1152450 2361.5
1152460 2366.1
1152470 2366.1
1152480 2371.6
1152490 2375.0
1152500 2375.0
1152510 2377.0
1152520 2377.5
1152530 2377.5
1152540 2377.5
1152550 2372.2
1152560 2372.2
1152570 2373.1
1152580 2374.5
1152590 2374.5
1152600 2375.5
1152610 2373.3
1152620 2373.3
1152630 2369.2
1152640 2367.1
1152650 2364.7
1152660 2364.7
1152670 2362.4
1152680 2360.0
1152690 2360.0
1152700 2358.2
1152710 2357.0
1152720 2357.0
1152730 2355.3
1152740 2353.2
1152750 2353.2
1152760 2350.3
1152770 2347.1
1152780 2347.1
1152790 2344.7
1152800 2343.1
1152810 2343.1
1152820 2340.9
1152830 2338.4
1152840 2338.4
1152850 2337.8
1152860 2337.7
1152870 2337.0
1152880 2337.0
1152890 2332.1
1152900 2323.7
1152910 2323.7
1152920 2316.9
1152930 2315.9
1152940 2315.9
1152950 2311.5
1152960 2309.1
1152970 2309.1
1152980 2305.9
1152990 2302.8
1153000 2302.8
1153010 2299.3
1153020 2294.4
1153030 2294.4
1153040 2289.4
1153050 2283.2
1153060 2283.2
1153070 2277.1
1153080 2272.2
1153090 2267.6
1153100 2267.6
1153110 2263.4
1153120 2258.9
1153130 2258.9
1153140 2254.0
1153150 2249.7
1153160 2249.7
1153170 2245.3
1153180 2241.0
1153190 2241.0
1153200 2237.4
1153210 2233.2
1153220 2233.2
1153230 2228.6
1153240 2224.7
1153250 2224.7
1153260 2220.7
1153270 2216.2
1153280 2216.2
1153290 2211.8
1153300 2207.7
1153310 2200.4
1153320 2200.4
1153330 2195.5
1153340 2190.6
1153350 2190.6
1153360 2186.0
1153370 2181.0
1153380 2181.0
1153390 2174.7
1153400 2168.0
1153410 2168.0
1153420 2162.8
1153430 2158.0
1153440 2158.0
1153450 2156.3
1153460 2155.3
1153470 2155.3
1153480 2153.4
1153490 2151.2
1153500 2151.2
1153510 2147.9
1153520 2144.3
1153530 2144.3
1153540 2139.3
1153550 2134.1
1153560 2129.2
1153570 2129.2
1153580 2123.8
1153590 2117.7
1153600 2117.7
1153610 2112.8
1153620 2110.4
1153630 2110.4
1153640 2109.7
1153650 2110.0
1153660 2110.0
1153670 2108.8
1153680 2107.1
1153690 2107.1
1153700 2101.8
1153710 2100.2
1153720 2100.2
1153730 2099.7
1153740 2098.0
1153750 2098.0
1153760 2096.9
1153770 2096.7
1153780 2096.9
1153790 2096.9
1153800 2097.0
1153810 2098.1
1153820 2098.1
1153830 2099.5
1153840 2101.0
1153850 2101.0
1153860 2102.2
1153870 2105.6
1153880 2105.6
1153890 2106.8
1153900 2107.2
1153910 2107.2
1153920 2110.8
1153930 2113.3
1153940 2113.3
1153950 2115.0
1153960 2118.1
1153970 2118.1
1153980 2121.8
1153990 2125.6
1154000 2128.6
1154010 2128.6
1154020 2129.9
1154030 2130.8
1154040 2130.8
1154050 2134.1
1154060 2137.0
1154070 2137.0
1154080 2134.5
1154090 2136.0
1154100 2136.0
1154110 2136.5
1154120 2136.1
1154130 2136.1
1154140 2134.6
1154150 2133.0
1154160 2133.0
1154170 2132.9
1154180 2131.3
1154190 2131.3
1154200 2131.6
1154210 2131.7
1154220 2131.0
1154230 2131.0
1154240 2131.6
1154250 2131.6
1154260 2131.6
1154270 2131.7
1154280 2130.5
1154290 2130.5
1154300 2129.0
1154310 2128.1
1154320 2128.1
1154330 2127.4
1154340 2127.3
1154350 2127.3
1154360 2127.5
1154370 2127.9
1154380 2127.9
1154390 2128.9
1154400 2129.6
1154410 2129.6
1154420 2130.4
1154430 2131.0
1154440 2131.0
1154450 2133.5
1154460 2133.0
1154470 2136.3
1154480 2136.3
1154490 2139.8
1154500 2143.4
1154510 2143.4
1154520 2147.4
1154530 2151.9
1154540 2151.9
1154550 2156.1
1154560 2160.3
1154570 2160.3
1154580 2165.4
1154590 2170.7
1154600 2170.7
1154610 2176.7
1154620 2185.0
1154630 2185.0
1154640 2194.8
1154650 2203.3
1154660 2203.3
1154670 2211.1
1154680 2218.7
1154690 2226.1
1154700 2226.1
1154710 2234.0
1154720 2241.6
1154730 2241.6
1154740 2249.3
1154750 2256.3
1154760 2256.3
1154770 2263.3
1154780 2270.7
1154790 2270.7
1154800 2278.8
1154810 2287.0
1154820 2287.0
1154830 2295.1
1154840 2302.7
1154850 2300.8
1154860 2308.5
1154870 2316.2
1154880 2316.2
1154890 2324.4
1154900 2332.7
1154910 2341.2
1154920 2341.2
1154930 2349.8
1154940 2358.3
1154950 2358.3
1154960 2366.4
1154970 2374.9
1154980 2374.9
1154990 2384.4
1155000 2390.5
1155010 2390.5
1155020 2393.4
1155030 2393.1
1155040 2393.1
1155050 2386.2
1155060 2377.7
1155070 2377.7
1155080 2370.4
1155090 2366.9
1155100 2366.9
1155110 2363.9
1155120 2364.3
1155130 2367.1
1155140 2367.1
1155150 2368.6
1155160 2368.5
1155170 2368.5
1155180 2366.8
1155190 2364.9
1155200 2364.9
1155210 2360.9
1155220 2358.4
1155230 2352.4
1155240 2352.4
1155250 2353.4
1155260 2353.4
1155270 2355.1
1155280 2356.0
1155290 2356.0
1155300 2354.6
1155310 2351.8
1155320 2351.8
1155330 2346.4
1155340 2341.4
1155350 2335.7
1155360 2335.7
1155370 2330.0
1155380 2324.6
1155390 2324.6
1155400 2319.7
1155410 2315.0
1155420 2315.0
1155430 2310.0
1155440 2304.5
1155450 2304.5
1155460 2298.3
1155470 2291.6
1155480 2291.6
1155490 2285.0
1155500 2277.4
1155510 2277.4
1155520 2269.9
1155530 2267.5
1155540 2267.5
1155550 2271.0
1155560 2277.4
1155570 2277.4
1155580 2281.8
1155590 2285.2
1155600 2290.8
1155610 2290.8
1155620 2293.1
1155630 2294.8
1155640 2294.8
1155650 2296.4
1155660 2298.5
1155670 2298.5
1155680 2299.1
1155690 2298.5
1155700 2298.5
1155710 2295.4
1155720 2290.0
1155730 2290.0
1155740 2283.4
1155750 2276.7
1155760 2276.7
1155770 2269.4
1155780 2262.0
1155790 2262.0
1155800 2254.9
1155810 2249.2
1155820 2244.1
1155830 2244.1
1155840 2239.9
1155850 2236.5
1155860 2236.5
1155870 2229.5
1155880 2221.7
1155890 2221.7
1155900 2215.6
1155910 2211.6
1155920 2211.6
1155930 2207.8
1155940 2203.4
1155950 2203.4
1155960 2197.6
1155970 2193.5
1155980 2193.5
1155990 2188.3
1156000 2181.4
1156010 2177.2
1156020 2177.5
1156030 2181.1
1156040 2183.3
1156050 2183.3
1156060 2186.9
1156070 2193.2
1156080 2193.2
1156090 2199.4
1156100 2202.2
1156110 2202.2
1156120 2198.7
1156130 2192.6
1156140 2192.6
1156150 2182.8
1156160 2174.0
1156170 2174.0
1156180 2165.8
1156190 2154.7
1156200 2154.7
1156210 2145.5
1156220 2136.6
1156230 2136.6
1156240 2131.1
1156250 2125.1
1156260 2119.3
1156270 2119.3
1156280 2114.7
1156290 2106.0
1156300 2106.0
1156310 2094.4
1156320 2090.1
1156330 2090.1
1156340 2087.3
1156350 2084.5
1156360 2084.5
1156370 2078.1
1156380 2070.4
1156390 2073.6
1156400 2063.2
1156410 2051.5
1156420 2051.5
1156430 2038.8
1156440 2029.1
1156450 2029.1
1156460 2018.6
1156470 2012.4
1156480 2005.9
1156490 2005.9
1156500 1999.6
1156510 1993.2
1156520 1993.2
1156530 1986.5
1156540 1979.1
1156550 1979.1
1156560 1973.5
1156570 1969.8
1156580 1969.8
1156590 1965.3
1156600 1961.4
1156610 1961.4
1156620 1959.0
1156630 1958.4
1156640 1958.4
1156650 1957.1
1156660 1955.6
1156670 1955.6
1156680 1952.7
1156690 1949.7
1156700 1949.7
1156710 1946.9
1156720 1944.2
1156730 1942.0
1156740 1942.0
1156750 1941.3
1156760 1940.7
1156770 1940.7
1156780 1936.9
1156790 1933.5
1156800 1933.5
1156810 1931.9
1156820 1932.9
1156830 1932.9
1156840 1934.2
1156850 1934.9
1156860 1934.9
1156870 1937.8
1156880 1939.9
1156890 1939.9
1156900 1940.5
1156910 1942.6
1156920 1942.6
1156930 1945.0
1156940 1941.6
1156950 1934.5
1156960 1934.5
1156970 1928.4
1156980 1922.6
1156990 1922.6
1157000 1917.4
1157010 1912.8
1157020 1912.8
1157030 1908.3
1157040 1903.2
1157050 1903.2
1157060 1897.2
1157070 1891.6
1157080 1891.6
1157090 1886.0
1157100 1881.1
1157110 1881.1
1157120 1877.7
1157130 1874.8
1157140 1874.8
1157150 1872.4
1157160 1870.6
1157170 1868.5
1157180 1868.5
1157190 1867.2
1157200 1865.7
1157210 1865.7
1157220 1865.6
1157230 1864.9
1157240 1864.9
1157250 1863.7
1157260 1862.5
1157270 1862.5
1157280 1861.3
1157290 1860.3
1157300 1860.3
1157310 1858.9
1157320 1857.6
1157330 1857.6
1157340 1856.1
1157350 1855.8
1157360 1855.8
1157370 1855.7
1157380 1856.0
1157390 1855.6
1157400 1855.6
1157410 1855.6
1157420 1857.6
1157430 1857.6
1157440 1859.7
1157450 1863.0
1157460 1863.0
1157470 1866.1
1157480 1867.7
1157490 1867.7
1157500 1869.9
1157510 1873.0
1157520 1873.0
1157530 1876.1
1157540 1878.3
1157550 1874.8
1157560 1877.3
1157570 1880.2
1157580 1880.2
1157590 1882.0
1157600 1883.6
1157610 1885.5
1157620 1885.5
1157630 1886.6
1157640 1887.2
1157650 1887.2
1157660 1884.0
1157670 1883.4
1157680 1883.4
1157690 1883.5
1157700 1883.4
1157710 1883.4
1157720 1884.3
1157730 1885.3
1157740 1885.3
1157750 1884.9
1157760 1884.4
1157770 1884.4
1157780 1883.8
1157790 1883.8
1157800 1883.8
1157810 1884.2
1157820 1884.4
1157830 1884.4
1157840 1883.7
1157850 1881.4
1157860 1880.6
1157870 1880.6
1157880 1881.3
1157890 1882.2
1157900 1882.2
1157910 1882.9
1157920 1883.8
1157930 1883.8
1157940 1880.4
1157950 1881.1
1157960 1881.1
1157970 1881.6
1157980 1882.1
1157990 1882.1
1158000 1882.5
1158010 1883.1
1158020 1883.1
1158030 1883.8
1158040 1884.5
1158050 1884.5
1158060 1885.6
1158070 1886.7
1158080 1888.0
1158090 1888.0
1158100 1889.1
1158110 1889.9
1158120 1889.9
1158130 1890.3
1158140 1890.7
1158150 1890.7
1158160 1890.5
1158170 1890.1
1158180 1890.1
1158190 1889.6
1158200 1888.6
1158210 1888.6
1158220 1887.2
1158230 1886.5
1158240 1886.5
1158250 1886.1
1158260 1885.7
1158270 1885.7
1158280 1884.9
1158290 1884.1
1158300 1882.9
1158310 1882.9
1158320 1882.1
1158330 1877.7
1158340 1877.7
1158350 1877.5
1158360 1877.9
1158370 1877.9
1158380 1877.8
1158390 1876.9
1158400 1876.9
1158410 1876.7
1158420 1876.8
1158430 1876.8
1158440 1876.9
1158450 1877.2
1158460 1877.2
1158470 1877.3
1158480 1876.8
1158490 1876.8
1158500 1877.5
1158510 1879.0
1158520 1879.7
1158530 1879.7
1158540 1879.7
1158550 1878.9
1158560 1878.9
1158570 1879.1
1158580 1880.0
1158590 1880.0
1158600 1881.0
1158610 1882.3
1158620 1882.3
1158630 1883.9
1158640 1884.9
1158650 1884.9
1158660 1887.3
1158670 1888.9
1158680 1888.9
1158690 1890.1
1158700 1891.1
1158710 1891.1
1158720 1889.3
1158730 1890.6
1158740 1892.2
1158750 1892.2
1158760 1893.8
1158770 1894.7
1158780 1894.7
1158790 1894.8
1158800 1894.5
1158810 1894.5
1158820 1894.4
1158830 1894.2
1158840 1894.2
1158850 1893.8
1158860 1895.7
1158870 1895.7
1158880 1896.9
1158890 1897.2
1158900 1897.2
1158910 1897.1
1158920 1896.2
1158930 1896.2
1158940 1895.3
1158950 1894.3
1158960 1894.3
1158970 1893.6
1158980 1893.2
1158990 1893.1
1159000 1893.1
1159010 1893.8
1159020 1894.3
1159030 1894.3
1159040 1893.9
1159050 1892.8
1159060 1892.8
1159070 1892.1
1159080 1891.4
1159090 1891.4
1159100 1890.5
1159110 1883.6
1159120 1883.6
1159130 1882.4
1159140 1881.0
1159150 1881.0
1159160 1879.6
1159170 1879.1
1159180 1879.1
1159190 1878.3
1159200 1877.7
1159210 1876.9
1159220 1876.9
1159230 1876.5
1159240 1876.0
1159250 1876.0
1159260 1875.7
1159270 1875.7
1159280 1875.7
1159290 1875.6
1159300 1874.9
1159310 1874.9
1159320 1873.6
1159330 1872.3
1159340 1872.3
1159350 1871.5
1159360 1870.3
1159370 1870.3
1159380 1868.2
1159390 1866.8
1159400 1866.8
1159410 1866.5
1159420 1865.8
1159430 1863.3
1159440 1863.3
1159450 1861.4
1159460 1861.2
1159470 1861.2
1159480 1861.0
1159490 1861.4
1159500 1857.0
1159510 1858.0
1159520 1858.6
1159530 1858.6
1159540 1858.6
1159550 1858.9
1159560 1858.9
1159570 1859.6
1159580 1860.2
1159590 1860.2
1159600 1859.8
1159610 1858.4
1159620 1858.4
1159630 1856.9
1159640 1856.5
1159650 1857.3
1159660 1857.3
1159670 1857.7
1159680 1858.2
1159690 1858.2
1159700 1858.7
1159710 1859.1
1159720 1859.1
1159730 1859.2
1159740 1858.8
1159750 1858.8
1159760 1858.7
1159770 1858.6
1159780 1858.6
1159790 1858.1
1159800 1857.9
1159810 1857.9
1159820 1858.4
1159830 1858.9
1159840 1858.9
1159850 1858.8
1159860 1858.4
1159870 1858.4
1159880 1858.4
1159890 1854.2
1159900 1854.3
1159910 1854.3
1159920 1854.3
1159930 1854.2
1159940 1854.2
1159950 1854.2
1159960 1853.8
1159970 1853.8
1159980 1853.1
1159990 1852.4
