1140000 2501.6
1140010 2491.0
1140020 2478.7
1140030 2478.7
1140040 2468.3
1140050 2459.3
1140060 2459.3
1140070 2450.7
1140080 2442.3
1140090 2442.3
1140100 2434.8
1140110 2425.1
1140120 2425.1
1140130 2413.4
1140140 2407.4
1140150 2399.3
1140160 2399.3
1140170 2390.7
1140180 2380.6
1140190 2380.6
1140200 2370.1
1140210 2361.4
1140220 2361.4
1140230 2352.4
1140240 2344.5
1140250 2344.5
1140260 2337.9
1140270 2331.3
1140280 2331.3
1140290 2324.6
1140300 2317.2
1140310 2317.2
1140320 2309.9
1140330 2303.9
1140340 2303.9
1140350 2298.0
1140360 2292.0
1140370 2292.0
1140380 2286.3
1140390 2280.8
1140400 2275.3
1140410 2275.3
1140420 2269.7
1140430 2264.1
1140440 2264.1
1140450 2258.5
1140460 2253.1
1140470 2253.1
1140480 2247.7
1140490 2242.5
1140500 2242.5
1140510 2238.0
1140520 2233.9
1140530 2233.9
1140540 2230.2
1140550 2226.7
1140560 2226.7
1140570 2222.7
1140580 2218.8
1140590 2218.8
1140600 2214.9
1140610 2210.8
1140620 2206.9
1140630 2206.9
1140640 2202.8
1140650 2198.5
1140660 2198.5
1140670 2194.8
1140680 2191.8
1140690 2191.8
1140700 2188.0
1140710 2183.8
1140720 2183.8
1140730 2180.1
1140740 2176.9
1140750 2176.9
1140760 2174.0
1140770 2171.2
1140780 2171.2
1140790 2168.4
1140800 2165.5
1140810 2165.5
1140820 2162.2
1140830 2159.0
1140840 2155.3
1140850 2155.3
1140860 2151.6
1140870 2148.4
1140880 2153.5
1140890 2150.3
1140900 2147.7
1140910 2147.7
1140920 2145.1
1140930 2142.6
1140940 2142.6
1140950 2139.3
1140960 2135.8
1140970 2135.8
1140980 2132.7
1140990 2131.0
1141000 2131.0
1141010 2130.3
1141020 2128.7
1141030 2128.7
1141040 2123.7
1141050 2118.5
1141060 2113.1
1141070 2113.1
1141080 2107.3
1141090 2100.5
1141100 2100.5
1141110 2093.3
1141120 2086.3
1141130 2086.3
1141140 2079.3
1141150 2072.5
1141160 2072.5
1141170 2065.8
1141180 2057.2
1141190 2057.2
1141200 2046.5
1141210 2038.7
1141220 2038.7
1141230 2033.6
1141240 2027.8
1141250 2033.4
1141260 2028.0
1141270 2021.1
1141280 2021.1
1141290 2014.8
1141300 2008.8
1141310 2002.6
1141320 2002.6
1141330 1995.7
1141340 1989.0
1141350 1989.0
1141360 1983.1
1141370 1977.8
1141380 1977.8
1141390 1972.7
1141400 1968.2
1141410 1968.2
1141420 1962.5
1141430 1954.0
1141440 1954.0
1141450 1945.4
1141460 1939.2
1141470 1939.2
1141480 1933.8
1141490 1928.7
1141500 1928.7
1141510 1923.2
1141520 1916.6
1141530 1909.6
1141540 1909.6
1141550 1905.5
1141560 1902.6
1141570 1902.6
1141580 1901.1
1141590 1899.9
1141600 1899.9
1141610 1897.6
1141620 1892.1
1141630 1892.1
1141640 1884.2
1141650 1877.1
1141660 1877.1
1141670 1870.7
1141680 1864.5
1141690 1864.5
1141700 1858.2
1141710 1852.9
1141720 1852.9
1141730 1847.5
1141740 1842.3
1141750 1841.8
1141760 1841.8
1141770 1840.7
1141780 1839.5
1141790 1839.5
1141800 1834.7
1141810 1827.6
1141820 1827.6
1141830 1820.3
1141840 1808.3
1141850 1808.3
1141860 1793.3
1141870 1780.8
1141880 1780.8
1141890 1771.6
1141900 1763.2
1141910 1763.2
1141920 1755.2
1141930 1747.7
1141940 1747.7
1141950 1740.2
1141960 1733.7
1141970 1729.7
1141980 1729.7
1141990 1731.0
1142000 1727.8
1142010 1727.8
1142020 1724.9
1142030 1722.8
1142040 1722.8
1142050 1719.4
1142060 1715.4
1142070 1715.4
1142080 1712.0
1142090 1708.6
1142100 1708.6
1142110 1703.6
1142120 1698.9
1142130 1698.9
1142140 1695.8
1142150 1692.9
1142160 1692.9
1142170 1690.3
1142180 1687.9
1142190 1687.9
1142200 1684.9
1142210 1682.7
1142220 1682.2
1142230 1682.2
1142240 1682.1
1142250 1682.7
1142260 1682.7
1142270 1683.2
1142280 1683.5
1142290 1683.5
1142300 1683.7
1142310 1686.0
1142320 1686.0
1142330 1688.4
1142340 1689.9
1142350 1689.9
1142360 1691.8
1142370 1693.8
1142380 1693.8
1142390 1695.7
1142400 1697.7
1142410 1697.7
1142420 1699.5
1142430 1701.6
1142440 1703.2
1142450 1703.2
1142460 1705.5
1142470 1707.7
1142480 1707.7
1142490 1709.2
1142500 1711.5
1142510 1711.5
1142520 1713.8
1142530 1717.6
1142540 1717.6
1142550 1720.7
1142560 1723.3
1142570 1723.3
1142580 1726.3
1142590 1731.7
1142600 1731.7
1142610 1738.9
1142620 1747.3
1142630 1747.3
1142640 1755.6
1142650 1764.4
1142660 1772.6
1142670 1772.6
1142680 1779.9
1142690 1787.4
1142700 1787.4
1142710 1793.9
1142720 1802.0
1142730 1798.8
1142740 1807.2
1142750 1814.8
1142760 1814.8
1142770 1821.8
1142780 1828.7
1142790 1828.7
1142800 1835.0
1142810 1842.4
1142820 1842.4
1142830 1851.1
1142840 1858.4
1142850 1858.4
1142860 1864.5
1142870 1870.6
1142880 1877.8
1142890 1877.8
1142900 1886.5
1142910 1894.9
1142920 1894.9
1142930 1903.0
1142940 1913.6
1142950 1913.6
1142960 1921.0
1142970 1926.4
1142980 1926.4
1142990 1932.7
1143000 1939.1
1143010 1939.1
1143020 1946.4
1143030 1953.8
1143040 1953.8
1143050 1964.4
1143060 1974.3
1143070 1974.3
1143080 1986.4
1143090 1997.0
1143100 1993.5
1143110 2000.9
1143120 2007.1
1143130 2014.0
1143140 2014.0
1143150 2021.9
1143160 2030.3
1143170 2030.3
1143180 2038.0
1143190 2046.6
1143200 2046.6
1143210 2054.7
1143220 2062.2
1143230 2062.2
1143240 2069.3
1143250 2076.8
1143260 2076.8
1143270 2081.8
1143280 2084.6
1143290 2084.6
1143300 2089.5
1143310 2096.4
1143320 2096.4
1143330 2102.8
1143340 2110.1
1143350 2116.1
1143360 2116.1
1143370 2120.2
1143380 2124.0
1143390 2124.0
1143400 2128.5
1143410 2134.6
1143420 2134.6
1143430 2141.4
1143440 2147.3
1143450 2147.3
1143460 2152.3
1143470 2154.0
1143480 2154.0
1143490 2160.1
1143500 2166.7
1143510 2166.7
1143520 2173.0
1143530 2180.8
1143540 2180.8
1143550 2189.0
1143560 2194.7
1143570 2200.0
1143580 2200.0
1143590 2206.7
1143600 2212.4
1143610 2212.4
1143620 2217.5
1143630 2223.2
1143640 2223.2
1143650 2227.9
1143660 2231.4
1143670 2231.4
1143680 2235.5
1143690 2238.6
1143700 2238.6
1143710 2241.8
1143720 2246.1
1143730 2246.1
1143740 2250.8
1143750 2257.0
1143760 2257.0
1143770 2261.4
1143780 2264.8
1143790 2267.8
1143800 2267.8
1143810 2270.9
1143820 2274.8
1143830 2274.8
1143840 2279.0
1143850 2283.1
1143860 2283.1
1143870 2287.0
1143880 2291.2
1143890 2291.2
1143900 2295.6
1143910 2301.4
1143920 2301.4
1143930 2307.4
1143940 2312.3
1143950 2312.3
1143960 2317.1
1143970 2321.6
1143980 2321.6
1143990 2327.6
1144000 2333.8
1144010 2333.8
1144020 2339.9
1144030 2346.3
1144040 2352.5
1144050 2352.5
1144060 2362.1
1144070 2371.9
1144080 2371.9
1144090 2378.4
1144100 2384.6
1144110 2384.6
1144120 2389.6
1144130 2394.2
1144140 2394.2
1144150 2398.7
1144160 2403.1
1144170 2403.1
1144180 2405.4
1144190 2408.3
1144200 2408.3
1144210 2411.0
1144220 2409.8
1144230 2409.8
1144240 2413.8
1144250 2416.6
1144260 2418.1
1144270 2418.1
1144280 2420.0
1144290 2422.6
1144300 2422.6
1144310 2424.1
1144320 2425.5
1144330 2425.5
1144340 2425.8
1144350 2426.4
1144360 2426.4
1144370 2429.4
1144380 2432.3
1144390 2432.3
1144400 2434.9
1144410 2437.0
1144420 2437.0
1144430 2438.9
1144440 2442.8
1144450 2442.8
1144460 2448.4
1144470 2452.4
1144480 2455.0
1144490 2455.0
1144500 2457.8
1144510 2459.6
1144520 2459.6
1144530 2462.3
1144540 2465.1
1144550 2465.1
1144560 2468.8
1144570 2472.5
1144580 2472.5
1144590 2471.3
1144600 2473.4
1144610 2473.4
1144620 2476.2
1144630 2479.2
1144640 2479.2
1144650 2483.0
1144660 2486.6
1144670 2486.6
1144680 2490.1
1144690 2494.2
1144700 2498.7
1144710 2498.7
1144720 2503.5
1144730 2508.7
1144740 2508.7
1144750 2512.8
1144760 2516.4
1144770 2516.4
1144780 2520.5
1144790 2524.4
1144800 2524.4
1144810 2527.8
1144820 2530.1
1144830 2530.1
1144840 2532.8
1144850 2537.0
1144860 2537.0
1144870 2540.2
1144880 2544.2
1144890 2544.2
1144900 2547.9
1144910 2551.2
1144920 2551.2
1144930 2555.6
1144940 2560.2
1144950 2565.7
1144960 2566.3
1144970 2572.5
1144980 2579.8
1144990 2579.8
1145000 2585.6
1145010 2589.2
1145020 2589.2
1145030 2591.6
1145040 2594.5
1145050 2594.5
1145060 2598.6
1145070 2603.4
1145080 2603.4
1145090 2609.0
1145100 2615.2
1145110 2615.2
1145120 2620.5
1145130 2624.6
1145140 2624.6
1145150 2628.4
1145160 2633.7
1145170 2636.9
1145180 2636.9
1145190 2639.9
1145200 2643.4
1145210 2643.4
1145220 2647.4
1145230 2650.5
1145240 2650.5
1145250 2653.5
1145260 2657.1
1145270 2657.1
1145280 2661.5
1145290 2666.3
1145300 2666.3
1145310 2670.7
1145320 2674.6
1145330 2674.6
1145340 2676.8
1145350 2681.0
1145360 2681.0
1145370 2687.2
1145380 2694.1
1145390 2702.1
1145400 2702.1
1145410 2710.9
1145420 2719.3
1145430 2719.3
1145440 2727.6
1145450 2734.0
1145460 2734.0
1145470 2740.4
1145480 2745.0
1145490 2745.0
1145500 2746.7
1145510 2747.3
1145520 2747.3
1145530 2750.3
1145540 2750.8
1145550 2750.8
1145560 2748.8
1145570 2745.6
1145580 2745.6
1145590 2738.7
1145600 2734.5
1145610 2734.5
1145620 2731.6
1145630 2729.2
1145640 2727.3
1145650 2727.3
1145660 2722.2
1145670 2714.7
1145680 2714.7
1145690 2705.9
1145700 2698.3
1145710 2703.3
1145720 2695.9
1145730 2687.7
1145740 2687.7
1145750 2680.8
1145760 2674.9
1145770 2674.9
1145780 2670.2
1145790 2663.8
1145800 2663.8
1145810 2653.5
1145820 2643.6
1145830 2643.6
1145840 2634.5
1145850 2626.7
1145860 2621.3
1145870 2621.3
1145880 2615.5
1145890 2609.3
1145900 2609.3
1145910 2602.6
1145920 2595.8
1145930 2595.8
1145940 2589.4
1145950 2584.0
1145960 2584.0
1145970 2578.8
1145980 2573.3
1145990 2573.3
1146000 2568.4
1146010 2564.2
1146020 2564.2
1146030 2560.2
1146040 2556.3
1146050 2556.3
1146060 2552.6
1146070 2550.2
1146080 2548.2
1146090 2551.0
1146100 2549.8
1146110 2547.4
1146120 2547.4
1146130 2545.9
1146140 2545.7
1146150 2545.7
1146160 2544.6
1146170 2543.0
1146180 2543.0
1146190 2541.7
1146200 2539.7
1146210 2539.7
1146220 2536.3
1146230 2531.8
1146240 2531.8
1146250 2529.3
1146260 2527.3
1146270 2527.3
1146280 2525.3
1146290 2522.9
1146300 2521.1
1146310 2521.1
1146320 2518.4
1146330 2516.4
1146340 2516.4
1146350 2514.7
1146360 2512.5
1146370 2512.5
1146380 2510.5
1146390 2508.6
1146400 2508.6
1146410 2506.2
1146420 2503.9
1146430 2503.9
1146440 2501.5
1146450 2498.4
1146460 2499.5
1146470 2494.9
1146480 2490.9
1146490 2490.9
1146500 2488.6
1146510 2485.7
1146520 2485.7
1146530 2482.5
1146540 2479.4
1146550 2476.1
1146560 2476.1
1146570 2471.3
1146580 2467.5
1146590 2467.5
1146600 2462.6
1146610 2456.1
1146620 2456.1
1146630 2451.2
1146640 2447.3
1146650 2447.3
1146660 2444.2
1146670 2441.5
1146680 2441.5
1146690 2439.3
1146700 2437.3
1146710 2437.3
1146720 2435.7
1146730 2434.2
1146740 2434.2
1146750 2432.6
1146760 2430.8
1146770 2429.1
1146780 2429.1
1146790 2427.2
1146800 2425.4
1146810 2425.4
1146820 2423.7
1146830 2421.7
1146840 2424.0
1146850 2422.4
1146860 2420.7
1146870 2420.7
1146880 2418.1
1146890 2415.9
1146900 2415.9
1146910 2414.3
1146920 2412.9
1146930 2412.9
1146940 2411.1
1146950 2409.0
1146960 2409.0
1146970 2407.2
1146980 2405.1
1146990 2403.0
1147000 2403.0
1147010 2401.5
1147020 2400.2
1147030 2400.2
1147040 2398.9
1147050 2397.8
1147060 2397.8
1147070 2396.8
1147080 2395.2
1147090 2395.2
1147100 2393.3
1147110 2390.8
1147120 2390.8
1147130 2386.1
1147140 2381.8
1147150 2381.8
1147160 2378.7
1147170 2377.2
1147180 2377.2
1147190 2376.6
1147200 2376.0
1147210 2373.7
1147220 2373.7
1147230 2372.1
1147240 2370.4
1147250 2370.4
1147260 2369.1
1147270 2368.0
1147280 2368.0
1147290 2366.9
1147300 2366.2
1147310 2366.2
1147320 2365.6
1147330 2361.5
1147340 2361.5
1147350 2353.3
1147360 2347.0
1147370 2347.0
1147380 2342.2
1147390 2338.3
1147400 2338.3
1147410 2335.0
1147420 2334.7
1147430 2334.7
1147440 2335.6
1147450 2335.8
1147460 2334.5
1147470 2334.5
1147480 2333.4
1147490 2333.1
1147500 2333.1
1147510 2332.9
1147520 2332.2
1147530 2332.2
1147540 2331.2
1147550 2330.3
1147560 2330.3
1147570 2329.4
1147580 2328.3
1147590 2324.0
1147600 2323.4
1147610 2322.5
1147620 2322.5
1147630 2320.8
1147640 2319.2
1147650 2319.2
1147660 2317.1
1147670 2314.9
1147680 2312.8
1147690 2312.8
1147700 2311.0
1147710 2309.1
1147720 2309.1
1147730 2307.2
1147740 2305.6
1147750 2305.6
1147760 2304.1
1147770 2302.6
1147780 2302.6
1147790 2301.2
1147800 2300.2
1147810 2300.2
1147820 2299.4
1147830 2298.6
1147840 2298.6
1147850 2298.1
1147860 2298.1
1147870 2298.1
1147880 2298.3
1147890 2298.1
1147900 2296.9
1147910 2296.9
1147920 2296.4
1147930 2297.1
1147940 2297.1
1147950 2298.5
1147960 2296.7
1147970 2296.7
1147980 2298.7
1147990 2299.8
1148000 2299.8
1148010 2300.0
1148020 2299.7
1148030 2299.7
1148040 2299.1
1148050 2299.2
1148060 2299.2
1148070 2299.0
1148080 2299.2
1148090 2299.2
1148100 2300.5
1148110 2302.2
1148120 2303.5
1148130 2303.5
1148140 2303.8
1148150 2303.0
1148160 2303.0
1148170 2301.6
1148180 2300.1
1148190 2300.1
1148200 2298.0
1148210 2296.4
1148220 2296.4
1148230 2294.9
1148240 2293.2
1148250 2293.2
1148260 2291.7
1148270 2290.2
1148280 2290.2
1148290 2289.0
1148300 2287.9
1148310 2287.9
1148320 2286.5
1148330 2284.8
1148340 2285.3
1148350 2283.7
1148360 2281.6
1148370 2279.0
1148380 2279.0
1148390 2276.2
1148400 2273.8
1148410 2273.8
1148420 2271.2
1148430 2268.6
1148440 2268.6
1148450 2265.4
1148460 2261.6
1148470 2261.6
1148480 2258.1
1148490 2254.6
1148500 2254.6
1148510 2251.4
1148520 2248.0
1148530 2248.0
1148540 2242.8
1148550 2234.9
1148560 2234.9
1148570 2227.3
1148580 2221.7
1148590 2215.4
1148600 2215.4
1148610 2208.6
1148620 2202.4
1148630 2202.4
1148640 2196.9
1148650 2191.3
1148660 2191.3
1148670 2183.7
1148680 2175.6
1148690 2175.6
1148700 2168.0
1148710 2161.0
1148720 2159.7
1148730 2151.8
1148740 2143.5
1148750 2143.5
1148760 2136.6
1148770 2129.8
1148780 2129.8
1148790 2123.1
1148800 2115.8
1148810 2107.6
1148820 2107.6
1148830 2098.7
1148840 2090.6
1148850 2090.6
1148860 2084.0
1148870 2078.2
1148880 2078.2
1148890 2073.2
1148900 2068.4
1148910 2068.4
1148920 2063.1
1148930 2057.5
1148940 2057.5
1148950 2052.2
1148960 2047.1
1148970 2047.1
1148980 2040.8
1148990 2037.0
1149000 2037.0
1149010 2033.4
1149020 2030.5
1149030 2026.8
1149040 2026.8
1149050 2023.0
1149060 2018.5
1149070 2018.5
1149080 2013.7
1149090 2010.5
1149100 2012.5
1149110 2015.1
1149120 2019.9
1149130 2019.9
1149140 2017.9
1149150 2015.1
1149160 2015.1
1149170 2011.4
1149180 2009.4
1149190 2009.4
1149200 2009.1
1149210 2009.4
1149220 2009.4
1149230 2010.5
1149240 2013.0
1149250 2013.0
1149260 2016.5
1149270 2021.2
1149280 2025.1
1149290 2025.1
1149300 2029.1
1149310 2033.6
1149320 2033.6
1149330 2040.1
1149340 2046.6
1149350 2046.6
1149360 2050.2
1149370 2054.1
1149380 2054.1
1149390 2054.1
1149400 2055.3
1149410 2055.3
1149420 2058.0
1149430 2059.2
1149440 2059.2
1149450 2061.0
1149460 2063.6
1149470 2063.6
1149480 2073.2
1149490 2079.1
1149500 2081.8
1149510 2081.8
1149520 2081.9
1149530 2087.3
1149540 2087.3
1149550 2089.7
1149560 2091.6
1149570 2091.6
1149580 2095.9
1149590 2094.1
1149600 2094.1
1149610 2093.0
1149620 2097.1
1149630 2097.1
1149640 2103.5
1149650 2107.4
1149660 2107.4
1149670 2109.3
1149680 2109.0
1149690 2109.0
1149700 2110.7
1149710 2118.8
1149720 2121.7
1149730 2121.7
1149740 2128.3
1149750 2138.8
1149760 2138.8
1149770 2146.7
1149780 2153.6
1149790 2153.6
1149800 2158.0
1149810 2162.3
1149820 2162.3
1149830 2165.7
1149840 2168.6
1149850 2176.5
1149860 2179.6
1149870 2183.5
1149880 2183.5
1149890 2190.4
1149900 2195.9
1149910 2195.9
1149920 2199.9
1149930 2205.3
1149940 2210.9
1149950 2210.9
1149960 2214.7
1149970 2217.4
1149980 2217.4
1149990 2222.5
1150000 2228.3
1150010 2228.3
1150020 2233.4
1150030 2239.8
1150040 2239.8
1150050 2247.1
1150060 2254.4
1150070 2254.4
1150080 2261.9
1150090 2269.2
1150100 2269.2
1150110 2276.0
1150120 2283.3
1150130 2283.3
1150140 2290.4
1150150 2296.8
1150160 2296.8
1150170 2304.0
1150180 2311.0
1150190 2317.2
1150200 2317.2
1150210 2324.6
1150220 2333.2
1150230 2335.1
1150240 2344.8
1150250 2355.5
1150260 2355.5
1150270 2366.1
1150280 2375.6
1150290 2375.6
1150300 2383.5
1150310 2390.9
1150320 2390.9
1150330 2399.6
1150340 2409.7
1150350 2409.7
1150360 2418.9
1150370 2427.6
1150380 2427.6
1150390 2434.5
1150400 2442.8
1150410 2450.8
1150420 2450.8
1150430 2459.0
1150440 2467.3
1150450 2467.3
1150460 2474.5
1150470 2482.4
1150480 2482.4
1150490 2491.1
1150500 2499.5
1150510 2499.5
1150520 2506.8
1150530 2515.2
1150540 2515.2
1150550 2522.0
1150560 2527.2
1150570 2527.2
1150580 2524.4
1150590 2523.9
1150600 2523.9
1150610 2536.2
1150620 2538.2
1150630 2539.8
1150640 2539.8
1150650 2540.0
1150660 2543.2
1150670 2543.2
1150680 2547.7
1150690 2548.0
1150700 2548.0
1150710 2539.7
1150720 2531.1
1150730 2531.1
1150740 2525.0
1150750 2522.5
1150760 2522.5
1150770 2522.1
1150780 2517.0
1150790 2517.0
1150800 2510.8
1150810 2512.2
1150820 2512.2
1150830 2508.8
1150840 2500.1
1150850 2498.6
1150860 2498.6
1150870 2500.6
1150880 2499.7
1150890 2499.7
1150900 2499.4
1150910 2504.5
1150920 2504.5
1150930 2505.3
1150940 2506.3
1150950 2506.3
1150960 2507.5
1150970 2509.4
1150980 2509.4
1150990 2524.3
1151000 2526.3
1151010 2526.3
1151020 2531.1
1151030 2540.2
1151040 2540.2
1151050 2547.4
1151060 2555.2
1151070 2555.2
1151080 2564.0
1151090 2571.1
1151100 2574.0
1151110 2574.0
1151120 2574.1
1151130 2567.8
1151140 2567.8
1151150 2557.3
1151160 2549.2
1151170 2549.2
1151180 2550.8
1151190 2554.7
1151200 2554.7
1151210 2558.3
1151220 2562.1
1151230 2562.1
1151240 2565.0
1151250 2566.8
1151260 2566.8
1151270 2571.8
1151280 2573.5
1151290 2573.5
1151300 2572.9
1151310 2573.8
1151320 2573.8
1151330 2573.8
1151340 2579.6
1151350 2578.5
1151360 2578.5
1151370 2589.7
1151380 2586.3
1151390 2586.3
1151400 2594.2
1151410 2597.1
1151420 2597.1
1151430 2602.1
1151440 2604.3
1151450 2604.3
1151460 2602.2
1151470 2602.7
1151480 2602.7
1151490 2602.7
1151500 2602.2
1151510 2602.2
1151520 2602.9
1151530 2598.6
1151540 2595.3
1151550 2595.3
1151560 2592.1
1151570 2590.3
1151580 2590.3
1151590 2593.1
1151600 2597.7
1151610 2597.7
1151620 2599.6
1151630 2601.0
1151640 2601.0
1151650 2604.3
1151660 2607.1
1151670 2607.1
1151680 2609.1
1151690 2613.1
1151700 2613.1
1151710 2620.5
1151720 2623.3
1151730 2623.3
1151740 2625.6
1151750 2627.8
1151760 2639.9
1151770 2638.6
1151780 2641.0
1151790 2645.0
1151800 2645.0
1151810 2648.3
1151820 2653.0
1151830 2653.0
1151840 2662.2
1151850 2674.6
1151860 2674.6
1151870 2684.9
1151880 2694.6
1151890 2694.6
1151900 2707.9
1151910 2720.4
1151920 2720.4
1151930 2730.9
1151940 2736.9
1151950 2736.9
1151960 2742.7
1151970 2739.6
1151980 2739.6
1151990 2726.9
1152000 2710.9
1152010 2690.2
1152020 2690.2
1152030 2676.8
1152040 2664.7
1152050 2664.7
1152060 2652.9
1152070 2639.2
1152080 2639.2
1152090 2630.5
1152100 2620.6
1152110 2620.6
1152120 2610.8
1152130 2600.8
1152140 2598.4
1152150 2590.3
1152160 2582.6
1152170 2582.6
1152180 2574.7
1152190 2567.4
1152200 2567.4
1152210 2560.9
1152220 2554.6
1152230 2548.3
1152240 2548.3
1152250 2542.2
1152260 2536.8
1152270 2536.8
1152280 2531.9
1152290 2525.7
1152300 2525.7
1152310 2520.7
1152320 2517.1
1152330 2517.1
1152340 2516.0
1152350 2515.2
1152360 2515.2
1152370 2514.8
1152380 2515.5
1152390 2515.5
1152400 2517.0
1152410 2518.5
1152420 2518.5
1152430 2521.1
1152440 2524.8
1152450 2527.2
1152460 2527.2
1152470 2530.3
1152480 2535.4
1152490 2535.4
1152500 2540.1
1152510 2545.5
1152520 2538.0
1152530 2543.4
1152540 2548.8
1152550 2548.8
1152560 2554.1
1152570 2560.0
1152580 2560.0
1152590 2566.7
1152600 2573.3
1152610 2573.3
1152620 2575.5
1152630 2574.2
1152640 2574.2
1152650 2569.2
1152660 2562.3
1152670 2562.3
1152680 2553.5
1152690 2547.3
1152700 2544.8
1152710 2544.8
1152720 2544.6
1152730 2543.6
1152740 2543.6
1152750 2542.0
1152760 2539.1
1152770 2539.1
1152780 2534.7
1152790 2531.0
1152800 2531.0
1152810 2521.6
1152820 2513.6
1152830 2513.6
1152840 2508.3
1152850 2501.5
1152860 2501.5
1152870 2495.7
1152880 2490.8
1152890 2490.8
1152900 2482.0
1152910 2477.6
1152920 2474.2
1152930 2474.2
1152940 2470.3
1152950 2467.8
1152960 2467.8
1152970 2466.6
1152980 2463.0
1152990 2463.0
1153000 2457.6
1153010 2452.4
1153020 2452.4
1153030 2450.1
1153040 2450.6
1153050 2450.6
1153060 2453.6
1153070 2458.3
1153080 2458.3
1153090 2462.7
1153100 2464.3
1153110 2464.3
1153120 2466.4
1153130 2468.5
1153140 2468.4
1153150 2468.4
1153160 2466.5
1153170 2464.8
1153180 2464.8
1153190 2465.2
1153200 2464.4
1153210 2464.4
1153220 2457.0
1153230 2451.7
1153240 2451.7
1153250 2455.1
1153260 2458.9
1153270 2458.9
1153280 2450.4
1153290 2448.1
1153300 2448.1
1153310 2447.0
1153320 2446.1
1153330 2446.1
1153340 2446.1
1153350 2446.8
1153360 2449.8
1153370 2449.8
1153380 2454.0
1153390 2458.7
1153400 2458.7
1153410 2463.0
1153420 2466.6
1153430 2466.6
1153440 2470.5
1153450 2476.1
1153460 2476.1
1153470 2480.6
1153480 2478.8
1153490 2478.8
1153500 2465.7
1153510 2456.4
1153520 2456.4
1153530 2449.8
1153540 2444.5
1153550 2444.5
1153560 2439.6
1153570 2435.7
1153580 2435.7
1153590 2434.3
1153600 2433.8
1153610 2427.3
1153620 2427.3
1153630 2419.0
1153640 2413.7
1153650 2413.7
1153660 2410.8
1153670 2402.7
1153680 2402.7
1153690 2399.4
1153700 2396.6
1153710 2396.6
1153720 2395.7
1153730 2395.8
1153740 2395.8
1153750 2395.8
1153760 2395.4
1153770 2395.4
1153780 2394.2
1153790 2394.1
1153800 2394.1
1153810 2394.5
1153820 2394.5
1153830 2394.4
1153840 2394.4
1153850 2395.1
1153860 2393.6
1153870 2393.6
1153880 2392.9
1153890 2394.1
1153900 2394.1
1153910 2396.8
1153920 2400.3
1153930 2400.3
1153940 2404.0
1153950 2408.1
1153960 2408.1
1153970 2412.4
1153980 2417.1
1153990 2417.1
1154000 2422.4
1154010 2427.9
1154020 2427.9
1154030 2433.3
1154040 2437.5
1154050 2439.6
1154060 2439.6
1154070 2439.5
1154080 2436.1
1154090 2436.1
1154100 2433.9
1154110 2434.6
1154120 2434.6
1154130 2435.5
1154140 2434.8
1154150 2434.8
1154160 2432.1
1154170 2426.6
1154180 2426.6
1154190 2422.7
1154200 2417.9
1154210 2417.9
1154220 2414.3
1154230 2413.0
1154240 2413.0
1154250 2414.2
1154260 2415.1
1154270 2414.4
1154280 2414.4
1154290 2413.1
1154300 2411.9
1154310 2411.9
1154320 2410.3
1154330 2410.5
1154340 2410.5
1154350 2410.2
1154360 2409.6
1154370 2409.6
1154380 2409.4
1154390 2411.3
1154400 2411.3
1154410 2413.1
1154420 2411.9
1154430 2411.9
1154440 2405.3
1154450 2402.8
1154460 2402.8
1154470 2399.8
1154480 2397.1
1154490 2397.1
1154500 2395.5
1154510 2394.6
1154520 2393.8
1154530 2393.8
1154540 2391.9
1154550 2389.2
1154560 2389.2
1154570 2386.6
1154580 2384.0
1154590 2384.0
1154600 2384.2
1154610 2385.2
1154620 2385.2
1154630 2388.2
1154640 2391.6
1154650 2391.6
1154660 2395.0
1154670 2397.7
1154680 2397.7
1154690 2401.2
1154700 2405.3
1154710 2405.3
1154720 2410.2
1154730 2415.3
1154740 2420.8
1154750 2420.8
1154760 2426.7
1154770 2432.6
1154780 2432.6
1154790 2438.6
1154800 2444.9
1154810 2444.9
1154820 2453.0
1154830 2460.1
1154840 2460.1
1154850 2467.5
1154860 2475.4
1154870 2475.4
1154880 2483.7
1154890 2492.2
1154900 2492.2
1154910 2500.5
1154920 2510.1
1154930 2510.1
1154940 2524.4
1154950 2539.9
1154960 2556.1
1154970 2556.1
1154980 2574.1
1154990 2591.1
1155000 2591.1
1155010 2599.0
1155020 2604.5
1155030 2604.5
1155040 2609.4
1155050 2612.7
1155060 2612.7
1155070 2617.7
1155080 2623.8
1155090 2623.8
1155100 2628.8
1155110 2634.0
1155120 2634.0
1155130 2639.9
1155140 2645.3
1155150 2645.3
1155160 2649.9
1155170 2651.2
1155180 2641.8
1155190 2641.8
1155200 2630.4
1155210 2617.6
1155220 2617.6
1155230 2597.4
1155240 2579.2
1155250 2579.2
1155260 2561.7
1155270 2542.7
1155280 2542.7
1155290 2529.1
1155300 2517.2
1155310 2517.2
1155320 2504.3
1155330 2491.6
1155340 2491.6
1155350 2476.8
1155360 2463.0
1155370 2463.0
1155380 2447.5
1155390 2432.6
1155400 2432.6
1155410 2428.1
1155420 2433.9
1155430 2443.2
1155440 2443.2
1155450 2445.3
1155460 2444.6
1155470 2444.6
1155480 2439.5
1155490 2428.5
1155500 2428.5
1155510 2415.6
1155520 2403.1
1155530 2403.1
1155540 2392.4
1155550 2381.3
1155560 2381.3
1155570 2375.1
1155580 2370.7
1155590 2364.9
1155600 2362.3
1155610 2359.4
1155620 2359.4
1155630 2354.6
1155640 2349.3
1155650 2339.2
1155660 2339.2
1155670 2314.0
1155680 2297.3
1155690 2297.3
1155700 2292.0
1155710 2286.2
1155720 2286.2
1155730 2280.1
1155740 2274.0
1155750 2274.0
1155760 2268.3
1155770 2263.3
1155780 2263.3
1155790 2258.1
1155800 2252.7
1155810 2252.7
1155820 2247.1
1155830 2235.5
1155840 2235.5
1155850 2211.2
1155860 2197.2
1155870 2191.2
1155880 2191.2
1155890 2185.9
1155900 2180.0
1155910 2180.0
1155920 2173.7
1155930 2166.6
1155940 2166.6
1155950 2159.9
1155960 2153.3
1155970 2153.3
1155980 2146.7
1155990 2140.2
1156000 2140.2
1156010 2134.0
1156020 2128.5
1156030 2128.5
1156040 2123.6
1156050 2119.0
1156060 2119.0
1156070 2114.7
1156080 2110.2
1156090 2105.6
1156100 2105.6
1156110 2101.5
1156120 2097.7
1156130 2097.7
1156140 2093.5
1156150 2090.9
1156160 2090.9
1156170 2088.8
1156180 2086.7
1156190 2086.7
1156200 2084.6
1156210 2083.9
1156220 2083.9
1156230 2082.0
1156240 2079.9
1156250 2079.9
1156260 2078.7
1156270 2076.8
1156280 2076.8
1156290 2075.9
1156300 2076.1
1156310 2076.1
1156320 2076.1
1156330 2075.3
1156340 2075.6
1156350 2075.6
1156360 2072.0
1156370 2073.5
1156380 2073.5
1156390 2075.0
1156400 2077.5
1156410 2077.5
1156420 2080.7
1156430 2083.3
1156440 2083.3
1156450 2085.6
1156460 2088.6
1156470 2088.6
1156480 2091.9
1156490 2094.5
1156500 2094.5
1156510 2096.1
1156520 2096.9
1156530 2096.9
1156540 2100.1
1156550 2102.8
1156560 2104.6
1156570 2104.6
1156580 2105.2
1156590 2108.9
1156600 2108.9
1156610 2119.7
1156620 2127.7
1156630 2127.7
1156640 2129.6
1156650 2130.6
1156660 2130.6
1156670 2119.7
1156680 2114.9
1156690 2114.9
1156700 2114.7
1156710 2115.2
1156720 2115.2
1156730 2116.1
1156740 2117.4
1156750 2111.8
1156760 2113.4
1156770 2114.3
1156780 2115.0
1156790 2115.0
1156800 2115.7
1156810 2117.1
1156820 2117.1
1156830 2118.5
1156840 2121.0
1156850 2121.0
1156860 2123.6
1156870 2126.2
1156880 2126.2
1156890 2128.1
1156900 2130.2
1156910 2130.2
1156920 2132.3
1156930 2135.4
1156940 2135.4
1156950 2138.3
1156960 2141.8
1156970 2141.8
1156980 2145.6
1156990 2149.2
1157000 2153.0
1157010 2153.0
1157020 2154.7
1157030 2154.3
1157040 2154.3
1157050 2158.7
1157060 2165.1
1157070 2165.1
1157080 2168.0
1157090 2167.8
1157100 2167.8
1157110 2167.7
1157120 2168.7
1157130 2168.7
1157140 2168.5
1157150 2171.1
1157160 2171.1
1157170 2171.2
1157180 2170.2
1157190 2170.2
1157200 2169.4
1157210 2170.4
1157220 2171.8
1157230 2171.8
1157240 2172.9
1157250 2173.6
1157260 2173.6
1157270 2174.6
1157280 2176.2
1157290 2176.2
1157300 2177.9
1157310 2179.4
1157320 2179.4
1157330 2180.7
1157340 2180.6
1157350 2180.6
1157360 2179.9
1157370 2179.4
1157380 2179.4
1157390 2179.1
1157400 2180.0
1157410 2180.0
1157420 2182.0
1157430 2184.2
1157440 2184.2
1157450 2185.2
1157460 2186.2
1157470 2188.2
1157480 2188.2
1157490 2190.8
1157500 2193.2
1157510 2193.2
1157520 2195.4
1157530 2191.7
1157540 2191.7
1157550 2194.8
1157560 2198.0
1157570 2198.0
1157580 2201.3
1157590 2204.5
1157600 2204.5
1157610 2208.0
1157620 2210.8
1157630 2210.8
1157640 2211.2
1157650 2210.1
1157660 2210.1
1157670 2208.3
1157680 2207.4
1157690 2208.7
1157700 2208.7
1157710 2211.1
1157720 2212.0
1157730 2212.0
1157740 2211.4
1157750 2213.5
1157760 2213.5
1157770 2216.4
1157780 2216.3
1157790 2216.3
1157800 2215.1
1157810 2212.7
1157820 2212.7
1157830 2211.7
1157840 2212.8
1157850 2212.8
1157860 2211.1
1157870 2209.6
1157880 2209.6
1157890 2208.1
1157900 2205.7
1157910 2198.7
1157920 2198.7
1157930 2196.5
1157940 2193.8
1157950 2193.8
1157960 2192.3
1157970 2192.0
1157980 2192.0
1157990 2190.8
1158000 2188.1
1158010 2188.1
1158020 2185.5
1158030 2184.3
1158040 2184.3
1158050 2184.3
1158060 2184.6
1158070 2184.6
1158080 2184.1
1158090 2181.7
1158100 2181.7
1158110 2179.7
1158120 2178.0
1158130 2176.8
1158140 2176.8
1158150 2176.8
1158160 2175.9
1158170 2175.9
1158180 2172.3
1158190 2170.1
1158200 2170.1
1158210 2166.1
1158220 2162.9
1158230 2162.9
1158240 2159.8
1158250 2156.2
1158260 2156.2
1158270 2153.7
1158280 2151.4
1158290 2151.4
1158300 2140.1
1158310 2134.0
1158320 2134.0
1158330 2127.6
1158340 2121.7
1158350 2121.7
1158360 2116.6
1158370 2112.0
1158380 2108.2
1158390 2108.2
1158400 2106.0
1158410 2105.0
1158420 2105.0
1158430 2104.1
1158440 2103.5
1158450 2103.5
1158460 2105.4
1158470 2107.5
1158480 2107.5
1158490 2109.3
1158500 2110.6
1158510 2110.6
1158520 2111.3
1158530 2111.8
1158540 2111.8
1158550 2112.4
1158560 2113.3
1158570 2113.3
1158580 2115.0
1158590 2116.9
1158600 2119.2
1158610 2119.2
1158620 2122.4
1158630 2124.9
1158640 2124.9
1158650 2126.6
1158660 2127.9
1158670 2127.9
1158680 2130.0
1158690 2128.8
1158700 2128.8
1158710 2131.5
1158720 2133.7
1158730 2133.7
1158740 2134.8
1158750 2135.0
1158760 2135.0
1158770 2136.9
1158780 2134.3
1158790 2134.3
1158800 2132.8
1158810 2130.7
1158820 2128.3
1158830 2128.3
1158840 2125.9
1158850 2123.9
1158860 2123.9
1158870 2122.8
1158880 2122.8
1158890 2122.8
1158900 2123.6
1158910 2124.6
1158920 2124.6
1158930 2125.0
1158940 2124.9
1158950 2124.9
1158960 2124.7
1158970 2124.6
1158980 2124.6
1158990 2124.5
1159000 2124.0
1159010 2124.0
1159020 2123.4
1159030 2123.7
1159040 2124.0
1159050 2124.0
1159060 2123.4
1159070 2122.2
1159080 2120.6
1159090 2119.0
1159100 2117.2
1159110 2117.2
1159120 2115.6
1159130 2114.9
1159140 2114.9
1159150 2113.8
1159160 2112.7
1159170 2112.7
1159180 2110.7
1159190 2108.1
1159200 2108.1
1159210 2106.4
1159220 2105.4
1159230 2105.4
1159240 2106.7
1159250 2107.9
1159260 2107.9
1159270 2108.7
1159280 2108.7
1159290 2108.1
1159300 2108.1
1159310 2107.0
1159320 2105.7
1159330 2105.7
1159340 2104.1
1159350 2102.3
1159360 2102.3
1159370 2100.6
1159380 2097.9
1159390 2097.9
1159400 2096.0
1159410 2094.4
1159420 2094.4
1159430 2092.9
1159440 2091.0
1159450 2091.0
1159460 2090.1
1159470 2085.3
1159480 2085.3
1159490 2084.5
1159500 2084.8
1159510 2084.5
1159520 2084.5
1159530 2083.4
1159540 2082.6
1159550 2082.6
1159560 2082.0
1159570 2080.8
1159580 2080.8
1159590 2078.4
1159600 2076.5
1159610 2076.5
1159620 2074.3
1159630 2072.1
1159640 2072.1
1159650 2069.4
1159660 2068.0
1159670 2068.0
1159680 2068.2
1159690 2068.7
1159700 2068.7
1159710 2066.5
1159720 2064.1
1159730 2063.0
1159740 2063.0
1159750 2062.4
1159760 2061.9
1159770 2061.9
1159780 2061.6
1159790 2060.8
1159800 2060.8
1159810 2059.8
1159820 2058.5
1159830 2058.5
1159840 2057.4
1159850 2056.7
1159860 2051.6
1159870 2051.0
1159880 2050.6
1159890 2050.6
1159900 2049.9
1159910 2048.9
1159920 2048.9
1159930 2047.7
1159940 2046.9
1159950 2046.0
1159960 2046.0
1159970 2045.6
1159980 2044.3
1159990 2044.3
