1140000 2195.6
1140010 2203.3
1140020 2210.3
1140030 2215.7
1140040 2215.7
1140050 2219.8
1140060 2223.3
1140070 2223.3
1140080 2227.4
1140090 2230.0
1140100 2230.0
1140110 2230.6
1140120 2231.0
1140130 2231.0
1140140 2231.3
1140150 2232.9
1140160 2235.8
1140170 2235.8
1140180 2239.7
1140190 2243.4
1140200 2243.4
1140210 2247.2
1140220 2251.3
1140230 2251.3
1140240 2255.0
1140250 2259.0
1140260 2259.0
1140270 2262.8
1140280 2266.0
1140290 2266.0
1140300 2267.8
1140310 2269.3
1140320 2269.3
1140330 2270.9
1140340 2273.0
1140350 2273.0
1140360 2274.7
1140370 2277.2
1140380 2280.9
1140390 2280.9
1140400 2278.6
1140410 2275.6
1140420 2275.6
1140430 2271.0
1140440 2265.7
1140450 2265.7
1140460 2260.1
1140470 2255.5
1140480 2255.5
1140490 2249.5
1140500 2240.7
1140510 2240.7
1140520 2232.6
1140530 2225.4
1140540 2225.4
1140550 2218.6
1140560 2212.9
1140570 2212.9
1140580 2205.7
1140590 2197.8
1140600 2197.8
1140610 2190.2
1140620 2180.6
1140630 2166.8
1140640 2166.8
1140650 2157.7
1140660 2146.6
1140670 2146.6
1140680 2136.4
1140690 2124.4
1140700 2124.4
1140710 2113.4
1140720 2100.4
1140730 2100.4
1140740 2089.0
1140750 2080.3
1140760 2080.3
1140770 2071.3
1140780 2064.1
1140790 2064.1
1140800 2057.6
1140810 2051.7
1140820 2051.7
1140830 2047.5
1140840 2043.2
1140850 2039.1
1140860 2039.1
1140870 2034.8
1140880 2029.1
1140890 2029.1
1140900 2022.2
1140910 2015.7
1140920 2015.7
1140930 2010.5
1140940 2005.8
1140950 2005.8
1140960 2001.4
1140970 1996.9
1140980 1996.9
1140990 1992.7
1141000 1988.8
1141010 1988.8
1141020 1984.6
1141030 1980.3
1141040 1980.3
1141050 1975.5
1141060 1971.5
1141070 1968.1
1141080 1968.1
1141090 1964.7
1141100 1958.9
1141110 1958.9
1141120 1951.0
1141130 1942.7
1141140 1942.7
1141150 1934.7
1141160 1926.7
1141170 1926.7
1141180 1917.4
1141190 1908.7
1141200 1908.7
1141210 1902.5
1141220 1895.7
1141230 1895.7
1141240 1888.8
1141250 1882.8
1141260 1882.8
1141270 1878.2
1141280 1873.9
1141290 1873.9
1141300 1869.2
1141310 1863.2
1141320 1856.8
1141330 1856.8
1141340 1849.7
1141350 1842.9
1141360 1842.9
1141370 1836.9
1141380 1832.5
1141390 1832.5
1141400 1829.1
1141410 1825.3
1141420 1825.3
1141430 1819.4
1141440 1813.6
1141450 1813.6
1141460 1809.1
1141470 1802.6
1141480 1802.6
1141490 1793.8
1141500 1785.3
1141510 1785.3
1141520 1776.1
1141530 1767.2
1141540 1759.6
1141550 1759.6
1141560 1752.7
1141570 1745.1
1141580 1745.1
1141590 1737.5
1141600 1729.7
1141610 1729.7
1141620 1722.3
1141630 1715.4
1141640 1715.4
1141650 1709.3
1141660 1703.7
1141670 1703.7
1141680 1697.1
1141690 1688.2
1141700 1688.2
1141710 1679.0
1141720 1669.5
1141730 1669.5
1141740 1662.6
1141750 1659.1
1141760 1656.7
1141770 1656.7
1141780 1651.1
1141790 1644.2
1141800 1644.2
1141810 1639.4
1141820 1634.7
1141830 1634.7
1141840 1632.2
1141850 1632.3
1141860 1634.9
1141870 1637.9
1141880 1638.9
1141890 1638.9
1141900 1641.7
1141910 1646.7
1141920 1646.7
1141930 1652.9
1141940 1659.7
1141950 1659.7
1141960 1667.4
1141970 1675.4
1141980 1675.4
1141990 1683.5
1142000 1690.4
1142010 1694.7
1142020 1694.7
1142030 1699.3
1142040 1704.9
1142050 1704.9
1142060 1710.2
1142070 1717.5
1142080 1717.5
1142090 1725.5
1142100 1733.8
1142110 1733.8
1142120 1741.3
1142130 1748.0
1142140 1748.0
1142150 1754.6
1142160 1761.3
1142170 1761.3
1142180 1769.2
1142190 1777.0
1142200 1777.0
1142210 1783.4
1142220 1789.2
1142230 1793.8
1142240 1793.8
1142250 1796.8
1142260 1802.3
1142270 1802.3
1142280 1808.6
1142290 1813.5
1142300 1813.5
1142310 1818.4
1142320 1822.2
1142330 1822.2
1142340 1825.8
1142350 1828.4
1142360 1828.4
1142370 1830.6
1142380 1833.0
1142390 1833.0
1142400 1835.6
1142410 1838.3
1142420 1838.3
1142430 1840.9
1142440 1843.9
1142450 1847.8
1142460 1847.8
1142470 1851.9
1142480 1855.5
1142490 1855.5
1142500 1859.8
1142510 1864.7
1142520 1864.7
1142530 1870.2
1142540 1875.7
1142550 1875.7
1142560 1881.5
1142570 1887.3
1142580 1887.3
1142590 1893.4
1142600 1897.8
1142610 1897.8
1142620 1904.1
1142630 1910.2
1142640 1910.2
1142650 1916.0
1142660 1922.2
1142670 1922.2
1142680 1928.9
1142690 1934.7
1142700 1939.9
1142710 1939.9
1142720 1945.7
1142730 1950.7
1142740 1950.7
1142750 1956.0
1142760 1961.5
1142770 1961.5
1142780 1965.2
1142790 1967.0
1142800 1967.0
1142810 1968.3
1142820 1970.9
1142830 1970.9
1142840 1974.4
1142850 1978.1
1142860 1978.1
1142870 1980.8
1142880 1982.3
1142890 1982.3
1142900 1984.1
1142910 1985.1
1142920 1985.9
1142930 1985.9
1142940 1986.6
1142950 1987.3
1142960 1987.3
1142970 1987.8
1142980 1988.4
1142990 1988.4
1143000 1988.9
1143010 1989.3
1143020 1989.3
1143030 1989.8
1143040 1990.7
1143050 1990.7
1143060 1991.6
1143070 1992.5
1143080 1992.5
1143090 1993.6
1143100 1994.9
1143110 1994.9
1143120 1996.5
1143130 1997.7
1143140 1999.3
1143150 1999.3
1143160 2001.5
1143170 2003.9
1143180 2003.9
1143190 2007.1
1143200 2011.2
1143210 2011.2
1143220 2015.2
1143230 2019.5
1143240 2019.5
1143250 2024.2
1143260 2029.3
1143270 2029.3
1143280 2034.7
1143290 2040.0
1143300 2040.0
1143310 2045.0
1143320 2049.7
1143330 2049.7
1143340 2052.5
1143350 2055.6
1143360 2055.6
1143370 2057.7
1143380 2059.9
1143390 2062.9
1143400 2062.9
1143410 2066.7
1143420 2070.7
1143430 2070.7
1143440 2074.4
1143450 2078.6
1143460 2078.6
1143470 2083.9
1143480 2089.0
1143490 2089.0
1143500 2093.0
1143510 2095.3
1143520 2095.3
1143530 2100.1
1143540 2106.1
1143550 2106.1
1143560 2110.8
1143570 2115.3
1143580 2115.3
1143590 2120.2
1143600 2124.6
1143610 2127.9
1143620 2127.9
1143630 2131.4
1143640 2135.2
1143650 2135.2
1143660 2141.3
1143670 2147.2
1143680 2147.2
1143690 2152.4
1143700 2157.6
1143710 2157.6
1143720 2165.5
1143730 2171.1
1143740 2171.1
1143750 2176.9
1143760 2181.8
1143770 2181.8
1143780 2186.6
1143790 2191.8
1143800 2191.8
1143810 2196.1
1143820 2199.9
1143830 2205.0
1143840 2205.0
1143850 2210.2
1143860 2215.1
1143870 2215.1
1143880 2220.0
1143890 2224.7
1143900 2224.7
1143910 2229.5
1143920 2234.1
1143930 2234.1
1143940 2239.1
1143950 2244.2
1143960 2244.2
1143970 2249.8
1143980 2257.1
1143990 2257.1
1144000 2265.1
1144010 2270.8
1144020 2270.8
1144030 2277.5
1144040 2282.7
1144050 2282.7
1144060 2288.0
1144070 2293.4
1144080 2299.1
1144090 2302.1
1144100 2308.2
1144110 2314.8
1144120 2314.8
1144130 2321.3
1144140 2327.5
1144150 2327.5
1144160 2333.2
1144170 2338.5
1144180 2338.5
1144190 2343.6
1144200 2348.9
1144210 2348.9
1144220 2354.3
1144230 2360.3
1144240 2360.3
1144250 2367.6
1144260 2374.5
1144270 2374.5
1144280 2379.7
1144290 2384.5
1144300 2390.2
1144310 2390.2
1144320 2396.8
1144330 2404.4
1144340 2404.4
1144350 2411.5
1144360 2417.4
1144370 2417.4
1144380 2422.9
1144390 2429.0
1144400 2429.0
1144410 2435.7
1144420 2442.8
1144430 2442.8
1144440 2450.3
1144450 2457.7
1144460 2460.2
1144470 2467.8
1144480 2474.9
1144490 2474.9
1144500 2481.7
1144510 2487.8
1144520 2494.2
1144530 2494.2
1144540 2501.9
1144550 2509.1
1144560 2509.1
1144570 2516.6
1144580 2526.9
1144590 2526.9
1144600 2538.6
1144610 2547.8
1144620 2547.8
1144630 2555.9
1144640 2564.2
1144650 2564.2
1144660 2572.7
1144670 2580.6
1144680 2580.6
1144690 2587.7
1144700 2597.0
1144710 2597.0
1144720 2607.6
1144730 2617.2
1144740 2617.2
1144750 2628.0
1144760 2636.0
1144770 2642.1
1144780 2642.1
1144790 2647.8
1144800 2652.8
1144810 2652.8
1144820 2655.2
1144830 2652.8
1144840 2652.8
1144850 2656.2
1144860 2659.6
1144870 2659.6
1144880 2661.0
1144890 2662.5
1144900 2662.5
1144910 2665.2
1144920 2665.8
1144930 2665.8
1144940 2661.5
1144950 2655.1
1144960 2655.1
1144970 2648.0
1144980 2640.1
1144990 2632.1
1145000 2632.1
1145010 2625.6
1145020 2619.4
1145030 2619.4
1145040 2613.5
1145050 2606.8
1145060 2606.8
1145070 2595.3
1145080 2582.3
1145090 2582.3
1145100 2572.1
1145110 2561.3
1145120 2561.3
1145130 2549.9
1145140 2540.0
1145150 2540.0
1145160 2528.7
1145170 2517.3
1145180 2517.3
1145190 2509.1
1145200 2502.0
1145210 2496.9
1145220 2496.9
1145230 2491.7
1145240 2487.3
1145250 2487.3
1145260 2482.3
1145270 2478.1
1145280 2478.1
1145290 2475.8
1145300 2475.5
1145310 2475.5
1145320 2474.9
1145330 2473.4
1145340 2473.4
1145350 2471.3
1145360 2469.0
1145370 2469.0
1145380 2466.9
1145390 2465.5
1145400 2465.5
1145410 2464.2
1145420 2464.6
1145430 2464.6
1145440 2468.6
1145450 2476.7
1145460 2484.5
1145470 2484.5
1145480 2491.3
1145490 2497.0
1145500 2497.0
1145510 2502.8
1145520 2508.9
1145530 2508.9
1145540 2514.5
1145550 2520.9
1145560 2520.9
1145570 2526.1
1145580 2529.7
1145590 2529.7
1145600 2535.4
1145610 2538.7
1145620 2538.7
1145630 2540.2
1145640 2536.1
1145650 2536.1
1145660 2525.5
1145670 2529.7
1145680 2544.2
1145690 2544.2
1145700 2556.8
1145710 2567.8
1145720 2567.8
1145730 2576.2
1145740 2574.6
1145750 2574.6
1145760 2569.8
1145770 2562.9
1145780 2562.9
1145790 2556.8
1145800 2548.5
1145810 2548.5
1145820 2541.8
1145830 2540.0
1145840 2540.0
1145850 2535.8
1145860 2532.1
1145870 2532.1
1145880 2529.9
1145890 2524.2
1145900 2519.3
1145910 2519.3
1145920 2516.8
1145930 2511.7
1145940 2511.7
1145950 2508.8
1145960 2514.6
1145970 2514.6
1145980 2505.7
1145990 2505.3
1146000 2505.3
1146010 2509.3
1146020 2501.6
1146030 2501.6
1146040 2496.6
1146050 2495.3
1146060 2495.3
1146070 2498.3
1146080 2500.7
1146090 2500.7
1146100 2498.8
1146110 2497.8
1146120 2497.8
1146130 2496.8
1146140 2497.5
1146150 2499.9
1146160 2499.9
1146170 2501.4
1146180 2501.4
1146190 2501.4
1146200 2499.7
1146210 2497.2
1146220 2497.2
1146230 2495.5
1146240 2494.1
1146250 2494.1
1146260 2493.4
1146270 2497.7
1146280 2497.7
1146290 2502.2
1146300 2503.7
1146310 2503.7
1146320 2504.4
1146330 2512.8
1146340 2512.8
1146350 2513.9
1146360 2513.7
1146370 2513.9
1146380 2513.9
1146390 2515.9
1146400 2519.3
1146410 2519.3
1146420 2523.7
1146430 2524.4
1146440 2524.4
1146450 2526.6
1146460 2531.7
1146470 2531.7
1146480 2543.0
1146490 2547.2
1146500 2547.2
1146510 2550.8
1146520 2547.9
1146530 2547.9
1146540 2549.4
1146550 2556.5
1146560 2556.5
1146570 2562.6
1146580 2568.8
1146590 2573.1
1146600 2573.1
1146610 2579.0
1146620 2584.8
1146630 2584.8
1146640 2584.6
1146650 2585.1
1146660 2585.1
1146670 2588.7
1146680 2586.7
1146690 2586.7
1146700 2584.3
1146710 2588.2
1146720 2588.2
1146730 2583.4
1146740 2578.5
1146750 2578.5
1146760 2574.3
1146770 2569.7
1146780 2569.7
1146790 2565.4
1146800 2561.5
1146810 2559.1
1146820 2559.1
1146830 2557.3
1146840 2556.7
1146850 2556.7
1146860 2556.8
1146870 2557.4
1146880 2557.4
1146890 2557.0
1146900 2556.1
1146910 2556.1
1146920 2555.0
1146930 2554.4
1146940 2554.4
1146950 2554.6
1146960 2555.6
1146970 2555.6
1146980 2553.9
1146990 2548.1
1147000 2548.1
1147010 2538.9
1147020 2528.4
1147030 2528.4
1147040 2520.9
1147050 2514.7
1147060 2509.3
1147070 2509.3
1147080 2501.9
1147090 2497.5
1147100 2497.5
1147110 2493.1
1147120 2490.0
1147130 2490.0
1147140 2489.8
1147150 2490.9
1147160 2490.9
1147170 2491.3
1147180 2490.6
1147190 2490.6
1147200 2490.2
1147210 2491.7
1147220 2491.7
1147230 2493.9
1147240 2496.4
1147250 2496.4
1147260 2498.7
1147270 2500.7
1147280 2504.2
1147290 2504.2
1147300 2509.3
1147310 2514.1
1147320 2514.1
1147330 2519.9
1147340 2526.4
1147350 2526.4
1147360 2532.7
1147370 2537.8
1147380 2537.8
1147390 2543.2
1147400 2549.6
1147410 2549.6
1147420 2553.5
1147430 2547.1
1147440 2547.1
1147450 2540.1
1147460 2519.3
1147470 2519.3
1147480 2512.2
1147490 2507.4
1147500 2499.4
1147510 2499.4
1147520 2495.0
1147530 2488.5
1147540 2488.5
1147550 2481.1
1147560 2474.6
1147570 2474.6
1147580 2469.5
1147590 2464.3
1147600 2464.3
1147610 2458.6
1147620 2453.1
1147630 2453.1
1147640 2448.4
1147650 2443.8
1147660 2443.8
1147670 2440.4
1147680 2439.2
1147690 2439.2
1147700 2438.3
1147710 2438.7
1147720 2438.7
1147730 2439.8
1147740 2436.3
1147750 2429.0
1147760 2429.0
1147770 2421.9
1147780 2416.5
1147790 2416.5
1147800 2410.8
1147810 2406.1
1147820 2406.1
1147830 2402.0
1147840 2394.6
1147850 2394.6
1147860 2393.1
1147870 2396.0
1147880 2396.0
1147890 2397.6
1147900 2398.8
1147910 2398.8
1147920 2400.3
1147930 2401.8
1147940 2401.8
1147950 2400.5
1147960 2398.9
1147970 2398.4
1147980 2398.4
1147990 2397.4
1148000 2396.9
1148010 2396.9
1148020 2397.1
1148030 2399.0
1148040 2399.0
1148050 2401.9
1148060 2404.1
1148070 2404.1
1148080 2407.4
1148090 2409.1
1148100 2409.1
1148110 2409.9
1148120 2408.9
1148130 2408.9
1148140 2409.8
1148150 2413.2
1148160 2413.2
1148170 2417.3
1148180 2425.0
1148190 2430.1
1148200 2430.1
1148210 2429.8
1148220 2435.7
1148230 2435.7
1148240 2438.9
1148250 2444.6
1148260 2444.6
1148270 2449.5
1148280 2452.2
1148290 2452.2
1148300 2450.8
1148310 2447.0
1148320 2447.0
1148330 2442.7
1148340 2439.7
1148350 2439.7
1148360 2438.4
1148370 2438.6
1148380 2438.6
1148390 2438.5
1148400 2437.3
1148410 2437.3
1148420 2436.1
1148430 2434.6
1148440 2432.2
1148450 2432.2
1148460 2429.0
1148470 2425.9
1148480 2425.9
1148490 2424.5
1148500 2422.6
1148510 2422.6
1148520 2420.4
1148530 2419.6
1148540 2419.6
1148550 2417.6
1148560 2415.1
1148570 2415.1
1148580 2414.3
1148590 2411.5
1148600 2411.5
1148610 2410.6
1148620 2409.2
1148630 2409.2
1148640 2407.9
1148650 2406.6
1148660 2405.1
1148670 2405.1
1148680 2402.7
1148690 2400.2
1148700 2400.2
1148710 2398.2
1148720 2396.2
1148730 2396.2
1148740 2395.3
1148750 2396.0
1148760 2396.0
1148770 2397.8
1148780 2399.9
1148790 2399.9
1148800 2402.2
1148810 2404.9
1148820 2404.9
1148830 2407.3
1148840 2410.7
1148850 2410.7
1148860 2414.4
1148870 2417.8
1148880 2420.9
1148890 2420.9
1148900 2423.4
1148910 2418.5
1148920 2418.5
1148930 2410.1
1148940 2401.7
1148950 2401.7
1148960 2392.9
1148970 2385.5
1148980 2385.5
1148990 2377.1
1149000 2368.0
1149010 2368.0
1149020 2359.0
1149030 2350.6
1149040 2350.6
1149050 2345.9
1149060 2339.7
1149070 2339.7
1149080 2332.9
1149090 2324.5
1149100 2324.5
1149110 2319.0
1149120 2315.1
1149130 2312.3
1149140 2312.3
1149150 2310.0
1149160 2307.6
1149170 2307.6
1149180 2304.0
1149190 2299.8
1149200 2299.8
1149210 2294.4
1149220 2288.4
1149230 2288.4
1149240 2285.9
1149250 2285.5
1149260 2285.5
1149270 2283.0
1149280 2280.0
1149290 2280.0
1149300 2277.0
1149310 2273.0
1149320 2273.0
1149330 2267.8
1149340 2260.5
1149350 2250.1
1149360 2250.1
1149370 2243.9
1149380 2239.2
1149390 2239.2
1149400 2233.1
1149410 2225.0
1149420 2225.0
1149430 2221.4
1149440 2220.3
1149450 2220.3
1149460 2215.6
1149470 2209.5
1149480 2209.5
1149490 2201.1
1149500 2192.6
1149510 2192.6
1149520 2185.7
1149530 2179.3
1149540 2179.3
1149550 2172.3
1149560 2165.5
1149570 2158.5
1149580 2158.5
1149590 2151.9
1149600 2144.9
1149610 2144.9
1149620 2139.0
1149630 2133.0
1149640 2133.0
1149650 2126.8
1149660 2120.7
1149670 2120.7
1149680 2114.7
1149690 2108.1
1149700 2108.1
1149710 2102.9
1149720 2099.1
1149730 2093.4
1149740 2089.4
1149750 2085.5
1149760 2085.5
1149770 2080.7
1149780 2076.7
1149790 2076.7
1149800 2073.2
1149810 2067.6
1149820 2060.5
1149830 2060.5
1149840 2050.8
1149850 2041.2
1149860 2041.2
1149870 2031.6
1149880 2024.4
1149890 2024.4
1149900 2014.6
1149910 2001.7
1149920 2001.7
1149930 1992.7
1149940 1989.9
1149950 1989.9
1149960 1984.5
1149970 1974.3
1149980 1974.3
1149990 1967.0
1150000 1961.2
1150010 1961.2
1150020 1956.1
1150030 1951.8
1150040 1947.5
1150050 1947.5
1150060 1942.3
1150070 1935.5
1150080 1935.5
1150090 1928.6
1150100 1922.3
1150110 1920.6
1150120 1915.0
1150130 1910.6
1150140 1910.6
1150150 1906.3
1150160 1902.1
1150170 1902.1
1150180 1898.1
1150190 1894.3
1150200 1894.3
1150210 1890.4
1150220 1886.8
1150230 1886.8
1150240 1883.7
1150250 1880.1
1150260 1875.7
1150270 1875.7
1150280 1872.0
1150290 1871.1
1150300 1871.1
1150310 1872.3
1150320 1873.5
1150330 1873.5
1150340 1873.9
1150350 1875.7
1150360 1875.7
1150370 1877.6
1150380 1879.0
1150390 1879.0
1150400 1881.2
1150410 1884.2
1150420 1884.2
1150430 1887.0
1150440 1890.9
1150450 1890.9
1150460 1895.0
1150470 1897.7
1150480 1899.0
1150490 1902.6
1150500 1905.5
1150510 1907.3
1150520 1907.3
1150530 1909.3
1150540 1912.6
1150550 1912.6
1150560 1916.6
1150570 1922.0
1150580 1922.0
1150590 1926.7
1150600 1930.5
1150610 1930.5
1150620 1930.7
1150630 1933.7
1150640 1933.7
1150650 1940.2
1150660 1949.1
1150670 1949.1
1150680 1960.6
1150690 1967.7
1150700 1967.7
1150710 1974.2
1150720 1980.6
1150730 1987.2
1150740 1987.2
1150750 1993.8
1150760 2000.6
1150770 2000.6
1150780 2007.7
1150790 2014.7
1150800 2014.7
1150810 2021.6
1150820 2028.5
1150830 2028.5
1150840 2035.7
1150850 2043.2
1150860 2041.6
1150870 2049.4
1150880 2057.6
1150890 2057.6
1150900 2065.5
1150910 2073.5
1150920 2073.5
1150930 2082.4
1150940 2091.5
1150950 2101.4
1150960 2101.4
1150970 2111.2
1150980 2121.4
1150990 2121.4
1151000 2136.7
1151010 2152.3
1151020 2152.3
1151030 2162.7
1151040 2173.4
1151050 2173.4
1151060 2182.7
1151070 2182.2
1151080 2182.2
1151090 2173.9
1151100 2169.2
1151110 2169.2
1151120 2168.5
1151130 2172.7
1151140 2172.7
1151150 2180.5
1151160 2192.7
1151170 2192.7
1151180 2213.9
1151190 2229.6
1151200 2227.4
1151210 2227.4
1151220 2222.0
1151230 2219.2
1151240 2219.2
1151250 2223.1
1151260 2226.6
1151270 2226.6
1151280 2241.5
1151290 2258.6
1151300 2258.6
1151310 2275.6
1151320 2289.7
1151330 2289.7
1151340 2304.1
1151350 2318.1
1151360 2318.1
1151370 2331.2
1151380 2344.8
1151390 2344.8
1151400 2357.1
1151410 2371.7
1151420 2388.2
1151430 2388.2
1151440 2395.5
1151450 2399.9
1151460 2399.9
1151470 2405.1
1151480 2411.1
1151490 2411.1
1151500 2417.3
1151510 2423.9
1151520 2423.9
1151530 2430.8
1151540 2437.5
1151550 2437.5
1151560 2444.8
1151570 2452.7
1151580 2452.7
1151590 2459.0
1151600 2461.8
1151610 2461.8
1151620 2457.2
1151630 2460.5
1151640 2453.5
1151650 2453.5
1151660 2448.0
1151670 2444.7
1151680 2444.7
1151690 2445.4
1151700 2447.2
1151710 2447.2
1151720 2449.7
1151730 2446.6
1151740 2446.6
1151750 2442.3
1151760 2437.4
1151770 2437.4
1151780 2431.5
1151790 2426.3
1151800 2426.3
1151810 2424.0
1151820 2424.6
1151830 2424.6
1151840 2429.4
1151850 2431.3
1151860 2431.3
1151870 2429.0
1151880 2427.2
1151890 2426.8
1151900 2426.8
1151910 2426.7
1151920 2426.9
1151930 2426.9
1151940 2425.7
1151950 2419.7
1151960 2419.7
1151970 2412.0
1151980 2411.5
1151990 2411.5
1152000 2418.6
1152010 2428.4
1152020 2428.4
1152030 2430.9
1152040 2431.9
1152050 2431.9
1152060 2431.9
1152070 2430.8
1152080 2430.8
1152090 2428.4
1152100 2425.6
1152110 2423.7
1152120 2423.7
1152130 2423.5
1152140 2422.4
1152150 2422.4
1152160 2422.7
1152170 2425.5
1152180 2425.5
1152190 2428.1
1152200 2430.2
1152210 2430.2
1152220 2434.1
1152230 2438.3
1152240 2438.3
1152250 2443.1
1152260 2453.1
1152270 2453.1
1152280 2458.6
1152290 2461.7
1152300 2461.7
1152310 2463.9
1152320 2465.3
1152330 2469.6
1152340 2469.6
1152350 2475.4
1152360 2481.2
1152370 2481.2
1152380 2487.5
1152390 2494.5
1152400 2494.5
1152410 2501.2
1152420 2508.2
1152430 2508.2
1152440 2515.6
1152450 2523.7
1152460 2523.7
1152470 2533.4
1152480 2548.2
1152490 2548.2
1152500 2558.4
1152510 2563.6
1152520 2563.6
1152530 2565.8
1152540 2569.4
1152550 2569.4
1152560 2563.6
1152570 2556.9
1152580 2554.0
1152590 2554.0
1152600 2553.6
1152610 2556.0
1152620 2556.0
1152630 2555.7
1152640 2552.6
1152650 2552.6
1152660 2550.1
1152670 2544.8
1152680 2544.8
1152690 2540.2
1152700 2534.1
1152710 2534.1
1152720 2528.6
1152730 2520.4
1152740 2520.4
1152750 2511.3
1152760 2506.6
1152770 2517.5
1152780 2517.7
1152790 2516.3
1152800 2515.9
1152810 2515.9
1152820 2510.4
1152830 2502.2
1152840 2502.2
1152850 2496.4
1152860 2497.4
1152870 2497.4
1152880 2494.6
1152890 2492.5
1152900 2492.5
1152910 2497.8
1152920 2500.6
1152930 2500.6
1152940 2500.8
1152950 2501.2
1152960 2501.2
1152970 2500.2
1152980 2496.7
1152990 2496.7
1153000 2503.1
1153010 2506.8
1153020 2504.4
1153030 2504.4
1153040 2497.5
1153050 2490.4
1153060 2490.4
1153070 2482.7
1153080 2479.9
1153090 2479.9
1153100 2480.7
1153110 2480.9
1153120 2480.9
1153130 2482.8
1153140 2483.8
1153150 2489.9
1153160 2489.4
1153170 2488.8
1153180 2488.8
1153190 2486.5
1153200 2483.4
1153210 2483.4
1153220 2480.8
1153230 2478.5
1153240 2476.4
1153250 2476.4
1153260 2476.9
1153270 2478.7
1153280 2478.7
1153290 2480.7
1153300 2482.4
1153310 2482.4
1153320 2484.4
1153330 2486.9
1153340 2486.9
1153350 2489.5
1153360 2492.1
1153370 2492.1
1153380 2494.9
1153390 2497.6
1153400 2497.6
1153410 2500.2
1153420 2502.4
1153430 2502.4
1153440 2504.2
1153450 2505.7
1153460 2505.7
1153470 2506.8
1153480 2507.7
1153490 2508.5
1153500 2508.5
1153510 2509.1
1153520 2509.8
1153530 2509.8
1153540 2515.8
1153550 2516.9
1153560 2516.9
1153570 2518.3
1153580 2520.4
1153590 2520.4
1153600 2523.5
1153610 2527.4
1153620 2527.4
1153630 2531.0
1153640 2534.4
1153650 2534.4
1153660 2537.1
1153670 2540.0
1153680 2540.0
1153690 2542.6
1153700 2545.0
1153710 2547.0
1153720 2547.0
1153730 2549.4
1153740 2551.4
1153750 2551.4
1153760 2553.5
1153770 2555.0
1153780 2555.0
1153790 2558.0
1153800 2561.3
1153810 2561.3
1153820 2564.4
1153830 2568.0
1153840 2568.0
1153850 2572.2
1153860 2577.1
1153870 2577.1
1153880 2582.2
1153890 2585.1
1153900 2585.1
1153910 2589.2
1153920 2595.5
1153930 2600.7
1153940 2600.7
1153950 2606.1
1153960 2609.8
1153970 2609.8
1153980 2612.8
1153990 2618.1
1154000 2618.1
1154010 2624.3
1154020 2631.4
1154030 2631.4
1154040 2637.7
1154050 2643.0
1154060 2643.0
1154070 2648.3
1154080 2654.6
1154090 2654.6
1154100 2661.7
1154110 2666.8
1154120 2666.8
1154130 2671.8
1154140 2676.3
1154150 2676.3
1154160 2679.8
1154170 2680.6
1154180 2678.7
1154190 2678.7
1154200 2677.1
1154210 2675.1
1154220 2675.1
1154230 2673.1
1154240 2671.4
1154250 2671.4
1154260 2668.7
1154270 2666.2
1154280 2666.2
1154290 2661.9
1154300 2652.6
1154310 2652.6
1154320 2643.9
1154330 2633.1
1154340 2633.1
1154350 2627.5
1154360 2623.5
1154370 2623.5
1154380 2616.6
1154390 2609.2
1154400 2602.6
1154410 2602.6
1154420 2593.0
1154430 2584.6
1154440 2584.6
1154450 2581.2
1154460 2575.3
1154470 2575.3
1154480 2572.9
1154490 2574.0
1154500 2574.0
1154510 2576.6
1154520 2579.3
1154530 2579.3
1154540 2581.6
1154550 2584.2
1154560 2584.2
1154570 2586.3
1154580 2588.5
1154590 2588.5
1154600 2590.5
1154610 2591.7
1154620 2594.4
1154630 2594.4
1154640 2597.2
1154650 2593.8
1154660 2593.8
1154670 2588.4
1154680 2581.6
1154690 2581.2
1154700 2573.6
1154710 2561.6
1154720 2561.6
1154730 2547.7
1154740 2538.3
1154750 2538.3
1154760 2531.0
1154770 2523.6
1154780 2523.6
1154790 2516.2
1154800 2509.1
1154810 2509.1
1154820 2503.1
1154830 2498.6
1154840 2498.6
1154850 2495.0
1154860 2489.7
1154870 2482.6
1154880 2482.6
1154890 2472.1
1154900 2463.3
1154910 2463.3
1154920 2457.6
1154930 2456.2
1154940 2456.2
1154950 2455.3
1154960 2453.5
1154970 2453.5
1154980 2450.8
1154990 2443.8
1155000 2443.8
1155010 2431.5
1155020 2422.9
1155030 2422.9
1155040 2417.1
1155050 2413.1
1155060 2413.1
1155070 2411.6
1155080 2410.4
1155090 2411.3
1155100 2411.3
1155110 2413.5
1155120 2415.3
1155130 2415.3
1155140 2415.6
1155150 2416.8
1155160 2416.8
1155170 2417.9
1155180 2419.3
1155190 2419.3
1155200 2421.7
1155210 2424.2
1155220 2424.2
1155230 2425.5
1155240 2428.5
1155250 2428.5
1155260 2432.7
1155270 2438.1
1155280 2438.1
1155290 2442.6
1155300 2449.1
1155310 2456.8
1155320 2456.8
1155330 2462.8
1155340 2467.3
1155350 2467.3
1155360 2467.6
1155370 2470.4
1155380 2470.4
1155390 2471.9
1155400 2469.4
1155410 2469.4
1155420 2469.6
1155430 2472.2
1155440 2472.2
1155450 2474.6
1155460 2475.6
1155470 2475.6
1155480 2480.1
1155490 2482.5
1155500 2482.5
1155510 2481.7
1155520 2483.2
1155530 2483.2
1155540 2483.6
1155550 2482.6
1155560 2481.3
1155570 2481.3
1155580 2480.9
1155590 2480.6
1155600 2480.6
1155610 2474.8
1155620 2469.5
1155630 2469.5
1155640 2468.1
1155650 2469.3
1155660 2469.3
1155670 2472.3
1155680 2474.0
1155690 2474.0
1155700 2469.6
1155710 2467.2
1155720 2467.2
1155730 2470.8
1155740 2475.8
1155750 2475.8
1155760 2482.1
1155770 2486.0
1155780 2489.9
1155790 2489.9
1155800 2493.5
1155810 2496.7
1155820 2496.7
1155830 2500.9
1155840 2507.1
1155850 2499.5
1155860 2506.5
1155870 2512.2
1155880 2512.2
1155890 2517.5
1155900 2522.5
1155910 2522.5
1155920 2527.3
1155930 2533.5
1155940 2533.5
1155950 2540.8
1155960 2547.9
1155970 2547.9
1155980 2555.3
1155990 2563.1
1156000 2570.1
1156010 2570.1
1156020 2577.6
1156030 2585.9
1156040 2585.9
1156050 2594.4
1156060 2605.5
1156070 2605.5
1156080 2615.7
1156090 2623.3
1156100 2623.3
1156110 2629.4
1156120 2636.4
1156130 2636.4
1156140 2644.0
1156150 2651.9
1156160 2651.9
1156170 2656.5
1156180 2661.4
1156190 2661.4
1156200 2666.2
1156210 2671.0
1156220 2671.0
1156230 2669.8
1156240 2674.0
1156250 2677.9
1156260 2677.9
1156270 2681.2
1156280 2683.5
1156290 2683.5
1156300 2686.6
1156310 2690.1
1156320 2690.1
1156330 2693.7
1156340 2697.3
1156350 2697.3
1156360 2700.6
1156370 2703.9
1156380 2703.9
1156390 2707.6
1156400 2711.4
1156410 2711.4
1156420 2715.3
1156430 2719.1
1156440 2719.1
1156450 2723.0
1156460 2727.3
1156470 2731.7
1156480 2731.7
1156490 2736.0
1156500 2740.5
1156510 2740.5
1156520 2744.7
1156530 2748.5
1156540 2748.5
1156550 2752.3
1156560 2756.1
1156570 2756.1
1156580 2759.9
1156590 2763.4
1156600 2763.4
1156610 2767.0
1156620 2766.4
1156630 2766.4
1156640 2770.3
1156650 2774.1
1156660 2774.1
1156670 2777.8
1156680 2781.5
1156690 2785.0
1156700 2785.0
1156710 2788.5
1156720 2791.6
1156730 2791.6
1156740 2794.7
1156750 2797.4
1156760 2797.4
1156770 2800.2
1156780 2802.2
1156790 2802.2
1156800 2797.5
1156810 2786.7
1156820 2786.7
1156830 2777.8
1156840 2770.5
1156850 2770.5
1156860 2762.1
1156870 2748.6
1156880 2748.6
1156890 2734.7
1156900 2722.2
1156910 2722.2
1156920 2712.1
1156930 2701.3
1156940 2689.6
1156950 2689.6
1156960 2679.4
1156970 2663.1
1156980 2663.1
1156990 2645.7
1157000 2631.8
1157010 2636.1
1157020 2619.3
1157030 2607.2
1157040 2607.2
1157050 2593.0
1157060 2581.2
1157070 2581.2
1157080 2568.2
1157090 2553.2
1157100 2553.2
1157110 2540.8
1157120 2529.9
1157130 2529.9
1157140 2522.5
1157150 2515.8
1157160 2509.3
1157170 2509.3
1157180 2502.7
1157190 2495.9
1157200 2495.9
1157210 2488.5
1157220 2481.7
1157230 2481.7
1157240 2475.2
1157250 2468.6
1157260 2468.6
1157270 2462.1
1157280 2455.6
1157290 2455.6
1157300 2449.2
1157310 2442.9
1157320 2442.9
1157330 2436.7
1157340 2430.8
1157350 2430.8
1157360 2425.2
1157370 2419.6
1157380 2414.0
1157390 2416.7
1157400 2410.4
1157410 2402.9
1157420 2402.9
1157430 2398.0
1157440 2393.5
1157450 2393.5
1157460 2389.0
1157470 2385.5
1157480 2385.5
1157490 2382.5
1157500 2380.6
1157510 2380.6
1157520 2377.1
1157530 2369.9
1157540 2369.9
1157550 2366.5
1157560 2364.9
1157570 2364.9
1157580 2362.6
1157590 2360.8
1157600 2360.9
1157610 2360.9
1157620 2360.1
1157630 2357.5
1157640 2357.5
1157650 2354.3
1157660 2352.7
1157670 2352.7
1157680 2352.0
1157690 2350.4
1157700 2350.4
1157710 2348.9
1157720 2348.9
1157730 2348.9
1157740 2348.6
1157750 2346.4
1157760 2346.4
1157770 2348.1
1157780 2346.5
1157790 2346.5
1157800 2345.6
1157810 2345.6
1157820 2345.6
1157830 2346.0
1157840 2346.4
1157850 2346.7
1157860 2346.7
1157870 2346.4
1157880 2346.7
1157890 2346.7
1157900 2347.6
1157910 2347.5
1157920 2347.5
1157930 2347.3
1157940 2347.6
1157950 2347.6
1157960 2348.4
1157970 2350.6
1157980 2350.6
1157990 2355.5
1158000 2360.4
1158010 2360.4
1158020 2363.5
1158030 2365.6
1158040 2365.6
1158050 2367.5
1158060 2369.7
1158070 2371.6
1158080 2371.6
1158090 2372.9
1158100 2374.8
1158110 2374.8
1158120 2378.4
1158130 2383.4
1158140 2383.4
1158150 2390.7
1158160 2397.5
1158170 2400.0
1158180 2406.7
1158190 2414.0
1158200 2414.0
1158210 2421.0
1158220 2427.1
1158230 2427.1
1158240 2431.0
1158250 2433.8
1158260 2433.8
1158270 2436.9
1158280 2439.8
1158290 2442.2
1158300 2442.2
1158310 2446.8
1158320 2453.0
1158330 2453.0
1158340 2459.7
1158350 2465.5
1158360 2465.5
1158370 2472.2
1158380 2479.6
1158390 2479.6
1158400 2486.9
1158410 2494.3
1158420 2494.3
1158430 2501.6
1158440 2509.6
1158450 2509.6
1158460 2516.3
1158470 2526.3
1158480 2526.3
1158490 2539.2
1158500 2551.9
1158510 2551.9
1158520 2560.6
1158530 2564.9
1158540 2570.1
1158550 2570.1
1158560 2575.3
1158570 2584.1
1158580 2584.1
1158590 2590.8
1158600 2596.9
1158610 2596.9
1158620 2600.8
1158630 2604.5
1158640 2604.5
1158650 2608.6
1158660 2613.9
1158670 2613.9
1158680 2617.1
1158690 2618.3
1158700 2618.3
1158710 2618.7
1158720 2618.4
1158730 2618.4
1158740 2617.8
1158750 2613.7
1158760 2605.9
1158770 2605.9
1158780 2595.1
1158790 2585.2
1158800 2585.2
1158810 2575.9
1158820 2564.1
1158830 2564.1
1158840 2551.0
1158850 2536.5
1158860 2536.5
1158870 2519.4
1158880 2505.0
1158890 2505.0
1158900 2496.6
1158910 2489.9
1158920 2489.9
1158930 2483.5
1158940 2477.4
1158950 2478.4
1158960 2472.8
1158970 2467.1
1158980 2461.7
1158990 2461.7
1159000 2457.9
1159010 2454.1
1159020 2454.1
1159030 2451.0
1159040 2448.5
1159050 2448.5
1159060 2445.4
1159070 2446.9
1159080 2446.9
1159090 2446.7
1159100 2442.0
1159110 2442.0
1159120 2440.3
1159130 2440.9
1159140 2440.9
1159150 2441.9
1159160 2444.5
1159170 2444.5
1159180 2447.5
1159190 2449.0
1159200 2449.0
1159210 2447.5
1159220 2445.5
1159230 2443.4
1159240 2443.4
1159250 2440.2
1159260 2434.5
1159270 2434.5
1159280 2428.4
1159290 2423.4
1159300 2423.4
1159310 2419.6
1159320 2417.4
1159330 2417.4
1159340 2417.2
1159350 2418.4
1159360 2418.4
1159370 2418.4
1159380 2416.8
1159390 2416.8
1159400 2413.7
1159410 2409.1
1159420 2409.1
1159430 2404.2
1159440 2399.4
1159450 2394.2
1159460 2394.2
1159470 2387.1
1159480 2378.3
1159490 2378.3
1159500 2371.7
1159510 2366.2
1159520 2366.2
1159530 2361.0
1159540 2356.1
1159550 2356.1
1159560 2350.4
1159570 2344.8
1159580 2344.8
1159590 2339.1
1159600 2332.4
1159610 2332.4
1159620 2327.1
1159630 2323.7
1159640 2323.7
1159650 2321.1
1159660 2319.2
1159670 2318.2
1159680 2318.2
1159690 2317.9
1159700 2317.8
1159710 2317.8
1159720 2316.5
1159730 2312.3
1159740 2312.3
1159750 2303.3
1159760 2297.0
1159770 2297.0
1159780 2291.7
1159790 2286.4
1159800 2286.4
1159810 2282.0
1159820 2277.8
1159830 2277.8
1159840 2273.5
1159850 2269.2
1159860 2269.2
1159870 2265.1
1159880 2261.2
1159890 2258.8
1159900 2258.8
1159910 2258.2
1159920 2257.4
1159930 2257.4
1159940 2257.3
1159950 2256.7
1159960 2256.7
1159970 2255.5
1159980 2254.4
1159990 2254.4
