1140000 2273.1
1140010 2273.1
1140020 2278.3
1140030 2283.8
1140040 2289.7
1140050 2289.7
1140060 2296.2
1140070 2303.6
1140080 2303.6
1140090 2311.1
1140100 2317.7
1140110 2317.7
1140120 2324.2
1140130 2330.3
1140140 2330.3
1140150 2335.3
1140160 2339.8
1140170 2339.8
1140180 2344.7
1140190 2349.8
1140200 2350.2
1140210 2354.9
1140220 2359.6
1140230 2359.6
1140240 2364.2
1140250 2369.0
1140260 2373.2
1140270 2373.2
1140280 2377.1
1140290 2380.2
1140300 2380.2
1140310 2382.8
1140320 2384.3
1140330 2384.3
1140340 2384.8
1140350 2384.6
1140360 2384.6
1140370 2383.3
1140380 2381.1
1140390 2381.1
1140400 2377.4
1140410 2374.0
1140420 2374.0
1140430 2371.2
1140440 2363.0
1140450 2363.0
1140460 2354.8
1140470 2348.8
1140480 2342.8
1140490 2342.8
1140500 2337.7
1140510 2334.5
1140520 2334.5
1140530 2332.4
1140540 2330.4
1140550 2330.4
1140560 2326.3
1140570 2320.1
1140580 2320.1
1140590 2312.9
1140600 2304.7
1140610 2304.7
1140620 2295.5
1140630 2288.4
1140640 2288.4
1140650 2281.6
1140660 2273.2
1140670 2273.2
1140680 2265.7
1140690 2256.9
1140700 2256.9
1140710 2246.7
1140720 2238.4
1140730 2231.8
1140740 2231.8
1140750 2226.3
1140760 2220.0
1140770 2220.0
1140780 2212.3
1140790 2201.3
1140800 2201.3
1140810 2193.8
1140820 2186.3
1140830 2186.3
1140840 2179.6
1140850 2173.1
1140860 2173.1
1140870 2167.0
1140880 2159.9
1140890 2159.9
1140900 2151.5
1140910 2145.3
1140920 2145.3
1140930 2139.4
1140940 2137.1
1140950 2130.4
1140960 2130.4
1140970 2123.5
1140980 2118.2
1140990 2118.2
1141000 2110.1
1141010 2100.3
1141020 2100.3
1141030 2091.0
1141040 2082.0
1141050 2082.0
1141060 2073.4
1141070 2060.9
1141080 2060.9
1141090 2044.3
1141100 2033.6
1141110 2033.6
1141120 2022.3
1141130 2010.9
1141140 2010.9
1141150 2001.5
1141160 1993.3
1141170 1985.0
1141180 1985.0
1141190 1975.3
1141200 1963.8
1141210 1963.8
1141220 1953.1
1141230 1944.0
1141240 1944.0
1141250 1937.6
1141260 1930.9
1141270 1930.9
1141280 1919.0
1141290 1907.6
1141300 1907.6
1141310 1907.8
1141320 1893.7
1141330 1893.7
1141340 1878.8
1141350 1866.4
1141360 1866.4
1141370 1856.8
1141380 1846.6
1141390 1846.6
1141400 1830.3
1141410 1823.6
1141420 1817.5
1141430 1817.5
1141440 1808.9
1141450 1790.6
1141460 1790.6
1141470 1777.3
1141480 1769.9
1141490 1769.9
1141500 1762.3
1141510 1755.1
1141520 1755.1
1141530 1748.2
1141540 1741.7
1141550 1741.7
1141560 1736.2
1141570 1730.3
1141580 1730.3
1141590 1723.6
1141600 1716.9
1141610 1716.9
1141620 1711.3
1141630 1707.8
1141640 1705.0
1141650 1705.0
1141660 1703.0
1141670 1700.6
1141680 1704.1
1141690 1700.1
1141700 1696.8
1141710 1696.8
1141720 1695.0
1141730 1692.5
1141740 1692.5
1141750 1689.2
1141760 1685.9
1141770 1685.9
1141780 1683.0
1141790 1679.3
1141800 1679.3
1141810 1676.1
1141820 1672.8
1141830 1672.8
1141840 1670.0
1141850 1667.4
1141860 1664.1
1141870 1664.1
1141880 1660.7
1141890 1655.2
1141900 1655.2
1141910 1651.0
1141920 1651.4
1141930 1651.4
1141940 1653.9
1141950 1655.9
1141960 1655.9
1141970 1658.4
1141980 1662.6
1141990 1662.6
1142000 1667.3
1142010 1673.0
1142020 1673.0
1142030 1680.7
1142040 1689.5
1142050 1687.7
1142060 1694.3
1142070 1699.1
1142080 1704.6
1142090 1704.6
1142100 1709.5
1142110 1714.2
1142120 1714.2
1142130 1719.0
1142140 1725.4
1142150 1725.4
1142160 1730.7
1142170 1734.1
1142180 1734.1
1142190 1738.0
1142200 1742.0
1142210 1742.0
1142220 1746.1
1142230 1750.2
1142240 1750.2
1142250 1755.1
1142260 1759.9
1142270 1759.9
1142280 1764.3
1142290 1767.4
1142300 1767.4
1142310 1770.1
1142320 1772.8
1142330 1776.0
1142340 1776.0
1142350 1778.4
1142360 1780.0
1142370 1780.0
1142380 1782.8
1142390 1785.9
1142400 1785.9
1142410 1789.0
1142420 1789.5
1142430 1789.5
1142440 1791.1
1142450 1793.5
1142460 1793.5
1142470 1797.6
1142480 1801.7
1142490 1801.7
1142500 1804.6
1142510 1808.3
1142520 1808.3
1142530 1811.6
1142540 1813.5
1142550 1814.5
1142560 1814.5
1142570 1816.3
1142580 1817.5
1142590 1817.5
1142600 1818.9
1142610 1820.9
1142620 1820.9
1142630 1823.9
1142640 1828.4
1142650 1828.4
1142660 1833.8
1142670 1838.0
1142680 1838.0
1142690 1841.4
1142700 1845.5
1142710 1845.5
1142720 1849.5
1142730 1853.9
1142740 1853.9
1142750 1860.4
1142760 1865.5
1142770 1870.1
1142780 1870.1
1142790 1875.9
1142800 1878.4
1142810 1878.4
1142820 1882.6
1142830 1885.8
1142840 1885.8
1142850 1888.3
1142860 1892.6
1142870 1892.6
1142880 1897.1
1142890 1901.4
1142900 1901.4
1142910 1906.0
1142920 1910.5
1142930 1910.5
1142940 1914.6
1142950 1918.1
1142960 1918.1
1142970 1922.2
1142980 1927.6
1142990 1927.6
1143000 1932.8
1143010 1938.9
1143020 1944.7
1143030 1944.7
1143040 1948.4
1143050 1951.9
1143060 1951.9
1143070 1956.3
1143080 1962.0
1143090 1962.0
1143100 1967.6
1143110 1973.6
1143120 1973.6
1143130 1980.4
1143140 1988.0
1143150 1988.0
1143160 1999.4
1143170 2007.2
1143180 2007.2
1143190 2013.9
1143200 2021.5
1143210 2021.5
1143220 2029.2
1143230 2036.5
1143240 2046.8
1143250 2046.8
1143260 2056.7
1143270 2061.2
1143280 2061.2
1143290 2069.8
1143300 2079.3
1143310 2079.3
1143320 2087.2
1143330 2091.5
1143340 2091.5
1143350 2097.0
1143360 2103.7
1143370 2103.7
1143380 2109.1
1143390 2111.2
1143400 2111.2
1143410 2116.5
1143420 2122.5
1143430 2122.5
1143440 2127.8
1143450 2131.9
1143460 2136.3
1143470 2136.3
1143480 2140.4
1143490 2144.1
1143500 2144.1
1143510 2148.6
1143520 2151.4
1143530 2154.4
1143540 2156.2
1143550 2158.4
1143560 2158.4
1143570 2163.6
1143580 2171.1
1143590 2171.1
1143600 2178.1
1143610 2183.6
1143620 2183.6
1143630 2188.8
1143640 2192.9
1143650 2192.9
1143660 2196.6
1143670 2200.3
1143680 2200.3
1143690 2203.4
1143700 2207.4
1143710 2211.6
1143720 2211.6
1143730 2217.3
1143740 2222.7
1143750 2222.7
1143760 2228.6
1143770 2235.9
1143780 2235.9
1143790 2244.3
1143800 2250.4
1143810 2250.4
1143820 2252.6
1143830 2255.3
1143840 2255.3
1143850 2259.5
1143860 2264.7
1143870 2264.7
1143880 2271.1
1143890 2276.8
1143900 2275.7
1143910 2280.9
1143920 2286.0
1143930 2288.5
1143940 2288.5
1143950 2288.7
1143960 2289.2
1143970 2289.2
1143980 2289.8
1143990 2291.0
1144000 2291.0
1144010 2292.0
1144020 2293.7
1144030 2293.7
1144040 2296.5
1144050 2300.9
1144060 2300.9
1144070 2307.5
1144080 2312.5
1144090 2312.5
1144100 2319.2
1144110 2327.0
1144120 2327.0
1144130 2332.5
1144140 2335.1
1144150 2337.9
1144160 2337.9
1144170 2341.3
1144180 2347.0
1144190 2347.0
1144200 2353.2
1144210 2359.8
1144220 2359.8
1144230 2366.4
1144240 2373.0
1144250 2373.0
1144260 2379.4
1144270 2383.6
1144280 2385.6
1144290 2387.0
1144300 2388.9
1144310 2388.9
1144320 2391.2
1144330 2393.9
1144340 2393.9
1144350 2397.4
1144360 2401.6
1144370 2406.0
1144380 2406.0
1144390 2409.8
1144400 2413.3
1144410 2413.3
1144420 2416.4
1144430 2419.5
1144440 2419.5
1144450 2422.1
1144460 2425.5
1144470 2425.5
1144480 2430.3
1144490 2434.1
1144500 2434.1
1144510 2438.6
1144520 2441.8
1144530 2441.8
1144540 2442.9
1144550 2443.8
1144560 2443.8
1144570 2444.7
1144580 2445.0
1144590 2445.0
1144600 2445.7
1144610 2449.0
1144620 2455.3
1144630 2455.3
1144640 2456.5
1144650 2456.0
1144660 2456.0
1144670 2457.3
1144680 2458.9
1144690 2458.9
1144700 2459.3
1144710 2458.7
1144720 2458.7
1144730 2459.8
1144740 2461.7
1144750 2461.7
1144760 2465.2
1144770 2469.6
1144780 2469.6
1144790 2474.5
1144800 2480.0
1144810 2480.0
1144820 2485.7
1144830 2491.5
1144840 2497.6
1144850 2497.6
1144860 2503.5
1144870 2509.0
1144880 2509.0
1144890 2513.9
1144900 2518.1
1144910 2518.1
1144920 2534.7
1144930 2550.0
1144940 2550.0
1144950 2556.7
1144960 2564.9
1144970 2564.9
1144980 2574.4
1144990 2584.4
1145000 2584.4
1145010 2593.1
1145020 2601.2
1145030 2601.2
1145040 2607.9
1145050 2616.1
1145060 2625.3
1145070 2625.3
1145080 2638.8
1145090 2651.7
1145100 2651.7
1145110 2658.3
1145120 2663.9
1145130 2663.9
1145140 2673.9
1145150 2686.5
1145160 2686.5
1145170 2700.8
1145180 2716.2
1145190 2716.2
1145200 2720.7
1145210 2724.2
1145220 2724.2
1145230 2731.0
1145240 2737.2
1145250 2737.2
1145260 2743.6
1145270 2748.7
1145280 2748.7
1145290 2749.1
1145300 2750.8
1145310 2757.0
1145320 2757.0
1145330 2766.5
1145340 2778.8
1145350 2778.8
1145360 2791.6
1145370 2802.1
1145380 2802.1
1145390 2802.9
1145400 2792.9
1145410 2792.9
1145420 2788.6
1145430 2783.4
1145440 2783.4
1145450 2779.3
1145460 2775.9
1145470 2775.9
1145480 2772.6
1145490 2767.8
1145500 2767.8
1145510 2761.0
1145520 2752.1
1145530 2742.3
1145540 2742.3
1145550 2736.3
1145560 2729.0
1145570 2729.0
1145580 2721.1
1145590 2713.3
1145600 2713.3
1145610 2706.1
1145620 2700.3
1145630 2700.3
1145640 2694.2
1145650 2692.0
1145660 2692.0
1145670 2691.1
1145680 2690.6
1145690 2690.6
1145700 2691.2
1145710 2691.0
1145720 2691.0
1145730 2689.3
1145740 2680.4
1145750 2675.5
1145760 2675.5
1145770 2664.6
1145780 2660.3
1145790 2660.3
1145800 2656.1
1145810 2649.6
1145820 2649.6
1145830 2645.5
1145840 2643.7
1145850 2643.7
1145860 2641.7
1145870 2639.4
1145880 2639.4
1145890 2638.2
1145900 2636.3
1145910 2636.3
1145920 2631.5
1145930 2631.8
1145940 2631.8
1145950 2632.7
1145960 2633.4
1145970 2633.4
1145980 2635.8
1145990 2637.6
1146000 2637.7
1146010 2637.7
1146020 2640.4
1146030 2640.5
1146040 2640.5
1146050 2641.0
1146060 2646.0
1146070 2646.0
1146080 2651.7
1146090 2654.1
1146100 2654.1
1146110 2656.2
1146120 2659.2
1146130 2659.2
1146140 2657.3
1146150 2658.4
1146160 2658.4
1146170 2656.1
1146180 2654.0
1146190 2654.0
1146200 2652.4
1146210 2647.5
1146220 2643.1
1146230 2643.1
1146240 2641.9
1146250 2640.5
1146260 2640.5
1146270 2642.8
1146280 2643.9
1146290 2643.9
1146300 2638.1
1146310 2628.3
1146320 2628.3
1146330 2620.9
1146340 2617.4
1146350 2617.4
1146360 2616.0
1146370 2614.9
1146380 2614.9
1146390 2613.8
1146400 2613.2
1146410 2613.2
1146420 2612.6
1146430 2611.7
1146440 2610.6
1146450 2610.6
1146460 2608.5
1146470 2606.2
1146480 2606.2
1146490 2605.0
1146500 2604.3
1146510 2604.3
1146520 2598.6
1146530 2601.7
1146540 2601.7
1146550 2605.9
1146560 2610.1
1146570 2610.1
1146580 2612.3
1146590 2612.3
1146600 2612.3
1146610 2611.5
1146620 2611.6
1146630 2611.6
1146640 2613.6
1146650 2616.5
1146660 2619.7
1146670 2619.7
1146680 2621.9
1146690 2624.2
1146700 2624.2
1146710 2626.3
1146720 2629.1
1146730 2629.1
1146740 2630.8
1146750 2631.5
1146760 2631.5
1146770 2634.4
1146780 2638.3
1146790 2638.3
1146800 2641.6
1146810 2645.0
1146820 2645.0
1146830 2647.8
1146840 2648.2
1146850 2648.2
1146860 2646.2
1146870 2644.4
1146880 2644.4
1146890 2643.0
1146900 2638.5
1146910 2642.7
1146920 2642.7
1146930 2646.9
1146940 2649.4
1146950 2649.4
1146960 2648.9
1146970 2648.3
1146980 2648.3
1146990 2647.7
1147000 2648.1
1147010 2648.1
1147020 2642.0
1147030 2639.3
1147040 2639.3
1147050 2634.4
1147060 2627.8
1147070 2627.8
1147080 2620.7
1147090 2613.8
1147100 2613.8
1147110 2606.3
1147120 2597.4
1147130 2589.5
1147140 2589.5
1147150 2582.5
1147160 2573.9
1147170 2573.9
1147180 2566.8
1147190 2559.4
1147200 2559.4
1147210 2551.3
1147220 2545.4
1147230 2545.4
1147240 2539.7
1147250 2533.3
1147260 2533.3
1147270 2532.1
1147280 2524.4
1147290 2524.4
1147300 2516.3
1147310 2506.4
1147320 2506.4
1147330 2499.3
1147340 2496.2
1147350 2492.6
1147360 2492.6
1147370 2487.8
1147380 2482.5
1147390 2482.5
1147400 2478.1
1147410 2473.1
1147420 2473.1
1147430 2467.2
1147440 2461.5
1147450 2461.5
1147460 2455.9
1147470 2450.7
1147480 2450.7
1147490 2445.6
1147500 2440.8
1147510 2440.8
1147520 2436.2
1147530 2432.2
1147540 2432.2
1147550 2427.4
1147560 2422.4
1147570 2422.4
1147580 2417.5
1147590 2413.2
1147600 2409.6
1147610 2409.6
1147620 2404.8
1147630 2397.8
1147640 2397.8
1147650 2394.5
1147660 2388.5
1147670 2388.5
1147680 2384.6
1147690 2381.0
1147700 2381.0
1147710 2377.4
1147720 2373.6
1147730 2373.6
1147740 2371.1
1147750 2369.5
1147760 2369.5
1147770 2365.4
1147780 2355.7
1147790 2355.7
1147800 2348.9
1147810 2343.4
1147820 2337.6
1147830 2337.6
1147840 2331.9
1147850 2326.5
1147860 2326.5
1147870 2321.0
1147880 2316.3
1147890 2316.3
1147900 2311.8
1147910 2307.7
1147920 2307.7
1147930 2303.0
1147940 2298.2
1147950 2298.2
1147960 2294.1
1147970 2290.8
1147980 2290.8
1147990 2288.0
1148000 2285.2
1148010 2285.2
1148020 2282.4
1148030 2282.1
1148040 2280.0
1148050 2280.0
1148060 2277.1
1148070 2275.1
1148080 2275.1
1148090 2274.8
1148100 2275.0
1148110 2275.0
1148120 2274.7
1148130 2272.6
1148140 2272.6
1148150 2271.3
1148160 2269.4
1148170 2269.4
1148180 2266.1
1148190 2261.5
1148200 2261.5
1148210 2255.7
1148220 2250.8
1148230 2250.8
1148240 2248.5
1148250 2247.1
1148260 2246.0
1148270 2246.0
1148280 2245.2
1148290 2244.2
1148300 2244.2
1148310 2243.3
1148320 2242.1
1148330 2242.1
1148340 2241.6
1148350 2241.3
1148360 2241.3
1148370 2241.2
1148380 2241.3
1148390 2241.3
1148400 2238.4
1148410 2238.4
1148420 2238.4
1148430 2239.0
1148440 2239.2
1148450 2239.2
1148460 2239.4
1148470 2240.6
1148480 2240.6
1148490 2241.6
1148500 2242.3
1148510 2242.5
1148520 2242.5
1148530 2241.8
1148540 2240.5
1148550 2240.5
1148560 2238.9
1148570 2237.5
1148580 2237.5
1148590 2237.0
1148600 2236.8
1148610 2236.8
1148620 2236.1
1148630 2235.8
1148640 2235.8
1148650 2235.9
1148660 2236.2
1148670 2236.2
1148680 2236.9
1148690 2238.9
1148700 2238.9
1148710 2240.5
1148720 2242.4
1148730 2242.4
1148740 2242.4
1148750 2241.5
1148760 2241.1
1148770 2241.1
1148780 2237.8
1148790 2235.4
1148800 2235.4
1148810 2234.5
1148820 2234.1
1148830 2234.1
1148840 2234.1
1148850 2233.0
1148860 2233.0
1148870 2231.4
1148880 2230.0
1148890 2230.0
1148900 2227.3
1148910 2225.2
1148920 2225.2
1148930 2222.0
1148940 2217.7
1148950 2213.7
1148960 2213.7
1148970 2209.5
1148980 2206.7
1148990 2206.7
1149000 2204.5
1149010 2201.9
1149020 2201.9
1149030 2199.2
1149040 2195.9
1149050 2195.9
1149060 2192.7
1149070 2190.1
1149080 2190.1
1149090 2187.9
1149100 2186.0
1149110 2186.0
1149120 2183.9
1149130 2181.6
1149140 2181.6
1149150 2179.2
1149160 2175.8
1149170 2175.8
1149180 2172.7
1149190 2169.4
1149200 2166.2
1149210 2166.2
1149220 2162.8
1149230 2159.0
1149240 2159.0
1149250 2155.2
1149260 2150.4
1149270 2150.4
1149280 2145.4
1149290 2138.0
1149300 2138.0
1149310 2129.5
1149320 2120.8
1149330 2120.8
1149340 2112.5
1149350 2104.6
1149360 2104.6
1149370 2097.6
1149380 2092.9
1149390 2092.9
1149400 2089.9
1149410 2086.9
1149420 2084.0
1149430 2084.0
1149440 2081.1
1149450 2078.3
1149460 2078.3
1149470 2075.4
1149480 2072.4
1149490 2072.4
1149500 2071.4
1149510 2068.4
1149520 2068.4
1149530 2064.6
1149540 2055.4
1149550 2055.4
1149560 2050.9
1149570 2045.3
1149580 2045.3
1149590 2040.9
1149600 2036.5
1149610 2036.5
1149620 2031.6
1149630 2026.8
1149640 2021.1
1149650 2021.1
1149660 2017.0
1149670 2014.3
1149680 2014.3
1149690 2010.3
1149700 2004.8
1149710 2004.8
1149720 1998.8
1149730 1993.3
1149740 1993.3
1149750 1987.5
1149760 1980.6
1149770 1980.6
1149780 1971.9
1149790 1962.4
1149800 1962.4
1149810 1953.3
1149820 1946.5
1149830 1946.5
1149840 1946.5
1149850 1948.5
1149860 1948.5
1149870 1949.5
1149880 1950.4
1149890 1951.9
1149900 1951.9
1149910 1953.5
1149920 1958.8
1149930 1958.8
1149940 1961.1
1149950 1963.7
1149960 1963.7
1149970 1966.4
1149980 1968.8
1149990 1968.8
1150000 1970.1
1150010 1972.7
1150020 1972.7
1150030 1977.5
1150040 1984.5
1150050 1984.5
1150060 1992.0
1150070 1995.3
1150080 1995.3
1150090 1996.9
1150100 1998.8
1150110 1997.2
1150120 1997.2
1150130 1994.6
1150140 1996.7
1150150 1996.7
1150160 2003.1
1150170 2012.2
1150180 2012.2
1150190 2020.3
1150200 2025.0
1150210 2025.0
1150220 2028.5
1150230 2030.9
1150240 2030.9
1150250 2032.7
1150260 2034.5
1150270 2034.5
1150280 2033.3
1150290 2031.7
1150300 2037.5
1150310 2041.0
1150320 2046.9
1150330 2050.6
1150340 2050.6
1150350 2052.7
1150360 2052.8
1150370 2052.8
1150380 2053.6
1150390 2058.3
1150400 2058.3
1150410 2062.7
1150420 2065.4
1150430 2065.4
1150440 2072.9
1150450 2082.4
1150460 2082.4
1150470 2091.2
1150480 2099.4
1150490 2099.4
1150500 2108.5
1150510 2122.8
1150520 2122.8
1150530 2137.2
1150540 2149.2
1150550 2156.7
1150560 2156.7
1150570 2164.1
1150580 2173.3
1150590 2173.3
1150600 2178.6
1150610 2179.4
1150620 2179.4
1150630 2180.8
1150640 2188.6
1150650 2188.6
1150660 2200.2
1150670 2208.8
1150680 2208.8
1150690 2222.6
1150700 2232.1
1150710 2232.1
1150720 2238.6
1150730 2243.6
1150740 2243.6
1150750 2248.2
1150760 2251.4
1150770 2251.4
1150780 2252.9
1150790 2255.2
1150800 2259.3
1150810 2259.3
1150820 2263.2
1150830 2268.3
1150840 2268.3
1150850 2273.9
1150860 2277.0
1150870 2277.0
1150880 2278.2
1150890 2279.6
1150900 2279.6
1150910 2282.4
1150920 2287.1
1150930 2287.1
1150940 2291.6
1150950 2294.3
1150960 2294.3
1150970 2295.9
1150980 2298.5
1150990 2298.5
1151000 2302.9
1151010 2307.1
1151020 2309.6
1151030 2309.6
1151040 2311.3
1151050 2312.7
1151060 2309.8
1151070 2311.2
1151080 2313.7
1151090 2313.7
1151100 2316.5
1151110 2319.1
1151120 2319.1
1151130 2322.6
1151140 2327.2
1151150 2327.2
1151160 2332.7
1151170 2339.1
1151180 2339.1
1151190 2345.8
1151200 2353.5
1151210 2353.5
1151220 2362.7
1151230 2369.4
1151240 2374.5
1151250 2374.5
1151260 2380.6
1151270 2386.8
1151280 2386.8
1151290 2390.4
1151300 2392.8
1151310 2392.8
1151320 2395.6
1151330 2398.6
1151340 2398.6
1151350 2402.5
1151360 2406.7
1151370 2406.7
1151380 2409.7
1151390 2413.6
1151400 2413.6
1151410 2416.4
1151420 2418.9
1151430 2418.9
1151440 2422.3
1151450 2425.8
1151460 2425.8
1151470 2428.2
1151480 2429.7
1151490 2429.9
1151500 2429.9
1151510 2429.9
1151520 2430.4
1151530 2430.4
1151540 2429.9
1151550 2430.4
1151560 2430.4
1151570 2431.9
1151580 2434.5
1151590 2434.5
1151600 2437.8
1151610 2439.7
1151620 2439.7
1151630 2442.2
1151640 2445.6
1151650 2445.6
1151660 2448.3
1151670 2450.8
1151680 2450.8
1151690 2454.4
1151700 2458.1
1151710 2462.5
1151720 2462.5
1151730 2468.7
1151740 2474.5
1151750 2474.5
1151760 2478.4
1151770 2482.8
1151780 2482.8
1151790 2487.4
1151800 2491.1
1151810 2491.1
1151820 2496.4
1151830 2499.2
1151840 2499.2
1151850 2502.0
1151860 2506.6
1151870 2506.6
1151880 2513.1
1151890 2519.7
1151900 2519.7
1151910 2525.2
1151920 2530.8
1151930 2537.6
1151940 2537.6
1151950 2542.5
1151960 2546.8
1151970 2546.8
1151980 2550.2
1151990 2553.0
1152000 2553.0
1152010 2555.3
1152020 2558.1
1152030 2558.1
1152040 2561.2
1152050 2564.3
1152060 2564.3
1152070 2568.0
1152080 2572.2
1152090 2572.2
1152100 2576.3
1152110 2580.9
1152120 2580.9
1152130 2585.9
1152140 2590.7
1152150 2590.7
1152160 2595.3
1152170 2599.7
1152180 2605.9
1152190 2605.9
1152200 2617.6
1152210 2625.8
1152220 2625.8
1152230 2633.4
1152240 2636.5
1152250 2636.5
1152260 2633.4
1152270 2629.0
1152280 2629.0
1152290 2621.9
1152300 2618.5
1152310 2618.5
1152320 2616.3
1152330 2615.9
1152340 2615.9
1152350 2619.5
1152360 2623.0
1152370 2623.0
1152380 2627.5
1152390 2631.7
1152400 2634.9
1152410 2634.9
1152420 2638.3
1152430 2641.3
1152440 2641.3
1152450 2643.6
1152460 2646.9
1152470 2646.9
1152480 2649.4
1152490 2650.9
1152500 2650.9
1152510 2656.1
1152520 2665.4
1152530 2665.4
1152540 2672.5
1152550 2678.5
1152560 2678.5
1152570 2685.8
1152580 2702.5
1152590 2702.5
1152600 2714.7
1152610 2723.6
1152620 2725.5
1152630 2725.5
1152640 2727.8
1152650 2730.8
1152660 2730.8
1152670 2729.5
1152680 2730.7
1152690 2730.7
1152700 2729.4
1152710 2724.6
1152720 2724.6
1152730 2723.3
1152740 2726.1
1152750 2726.1
1152760 2729.1
1152770 2735.3
1152780 2735.3
1152790 2745.7
1152800 2757.4
1152810 2757.4
1152820 2762.4
1152830 2766.5
1152840 2775.5
1152850 2775.5
1152860 2783.7
1152870 2790.9
1152880 2790.9
1152890 2799.6
1152900 2812.9
1152910 2812.9
1152920 2838.0
1152930 2851.7
1152940 2851.7
1152950 2856.3
1152960 2870.5
1152970 2870.5
1152980 2871.1
1152990 2868.7
1153000 2868.7
1153010 2866.0
1153020 2861.3
1153030 2861.3
1153040 2856.1
1153050 2852.4
1153060 2852.4
1153070 2849.5
1153080 2843.6
1153090 2841.8
1153100 2841.8
1153110 2840.9
1153120 2837.5
1153130 2837.5
1153140 2833.2
1153150 2827.5
1153160 2827.5
1153170 2820.2
1153180 2812.4
1153190 2812.4
1153200 2806.6
1153210 2810.7
1153220 2810.7
1153230 2810.3
1153240 2799.6
1153250 2799.6
1153260 2786.9
1153270 2786.7
1153280 2786.7
1153290 2787.2
1153300 2786.8
1153310 2784.6
1153320 2784.6
1153330 2783.0
1153340 2780.7
1153350 2776.3
1153360 2776.2
1153370 2777.7
1153380 2777.7
1153390 2782.2
1153400 2788.8
1153410 2788.8
1153420 2793.7
1153430 2793.7
1153440 2793.7
1153450 2796.9
1153460 2803.0
1153470 2803.0
1153480 2810.3
1153490 2816.8
1153500 2816.8
1153510 2816.8
1153520 2810.9
1153530 2806.6
1153540 2806.6
1153550 2798.8
1153560 2787.8
1153570 2787.8
1153580 2779.7
1153590 2772.9
1153600 2772.9
1153610 2767.8
1153620 2763.8
1153630 2763.8
1153640 2758.5
1153650 2753.7
1153660 2753.7
1153670 2749.8
1153680 2750.2
1153690 2750.2
1153700 2753.1
1153710 2755.4
1153720 2755.4
1153730 2751.9
1153740 2748.8
1153750 2748.8
1153760 2746.2
1153770 2745.8
1153780 2744.2
1153790 2744.2
1153800 2742.5
1153810 2741.6
1153820 2741.6
1153830 2741.3
1153840 2740.9
1153850 2740.9
1153860 2739.7
1153870 2741.1
1153880 2741.1
1153890 2742.6
1153900 2744.0
1153910 2744.0
1153920 2746.7
1153930 2750.6
1153940 2750.6
1153950 2753.9
1153960 2757.5
1153970 2757.5
1153980 2762.3
1153990 2768.0
1154000 2773.4
1154010 2773.4
1154020 2778.5
1154030 2783.3
1154040 2783.3
1154050 2787.7
1154060 2791.3
1154070 2791.3
1154080 2793.8
1154090 2791.2
1154100 2791.2
1154110 2775.4
1154120 2772.9
1154130 2772.9
1154140 2768.5
1154150 2764.0
1154160 2764.0
1154170 2759.0
1154180 2749.9
1154190 2749.9
1154200 2740.5
1154210 2731.1
1154220 2721.3
1154230 2721.3
1154240 2714.6
1154250 2708.6
1154260 2708.6
1154270 2700.3
1154280 2691.7
1154290 2691.7
1154300 2684.2
1154310 2678.4
1154320 2678.4
1154330 2674.9
1154340 2669.8
1154350 2669.8
1154360 2665.4
1154370 2659.4
1154380 2659.4
1154390 2652.8
1154400 2645.7
1154410 2645.7
1154420 2640.6
1154430 2635.8
1154440 2629.2
1154450 2629.2
1154460 2622.7
1154470 2617.5
1154480 2617.5
1154490 2612.5
1154500 2611.1
1154510 2611.1
1154520 2603.3
1154530 2593.9
1154540 2593.9
1154550 2575.8
1154560 2562.1
1154570 2562.1
1154580 2551.7
1154590 2543.9
1154600 2543.9
1154610 2533.1
1154620 2521.3
1154630 2521.3
1154640 2514.9
1154650 2510.2
1154660 2510.2
1154670 2506.0
1154680 2501.7
1154690 2497.3
1154700 2497.3
1154710 2492.8
1154720 2488.2
1154730 2488.2
1154740 2483.6
1154750 2479.3
1154760 2479.3
1154770 2475.4
1154780 2471.5
1154790 2471.5
1154800 2467.3
1154810 2463.6
1154820 2463.6
1154830 2459.7
1154840 2456.8
1154850 2456.8
1154860 2453.9
1154870 2451.3
1154880 2455.5
1154890 2452.0
1154900 2449.0
1154910 2446.9
1154920 2446.9
1154930 2445.7
1154940 2443.9
1154950 2443.9
1154960 2442.1
1154970 2440.1
1154980 2440.1
1154990 2437.1
1155000 2433.4
1155010 2433.4
1155020 2429.6
1155030 2426.7
1155040 2426.7
1155050 2425.1
1155060 2425.4
1155070 2425.4
1155080 2426.8
1155090 2426.4
1155100 2426.4
1155110 2423.2
1155120 2416.8
1155130 2409.7
1155140 2409.7
1155150 2403.9
1155160 2400.2
1155170 2400.2
1155180 2397.6
1155190 2394.5
1155200 2394.5
1155210 2391.4
1155220 2388.2
1155230 2388.2
1155240 2384.7
1155250 2383.6
1155260 2383.6
1155270 2382.3
1155280 2383.2
1155290 2383.2
1155300 2386.0
1155310 2387.7
1155320 2387.7
1155330 2387.9
1155340 2389.8
1155350 2389.8
1155360 2392.6
1155370 2394.2
1155380 2390.6
1155390 2390.6
1155400 2388.2
1155410 2385.0
1155420 2385.0
1155430 2380.9
1155440 2376.6
1155450 2376.6
1155460 2370.2
1155470 2363.7
1155480 2363.7
1155490 2357.0
1155500 2352.3
1155510 2352.3
1155520 2348.3
1155530 2346.8
1155540 2346.8
1155550 2346.5
1155560 2344.7
1155570 2344.7
1155580 2344.7
1155590 2343.6
1155600 2343.7
1155610 2343.7
1155620 2343.7
1155630 2342.7
1155640 2342.7
1155650 2338.6
1155660 2335.9
1155670 2335.9
1155680 2331.4
1155690 2328.2
1155700 2328.2
1155710 2328.2
1155720 2331.3
1155730 2331.3
1155740 2335.6
1155750 2338.3
1155760 2338.3
1155770 2339.4
1155780 2340.5
1155790 2340.5
1155800 2341.7
1155810 2345.0
1155820 2353.3
1155830 2353.3
1155840 2358.7
1155850 2361.4
1155860 2361.4
1155870 2364.2
1155880 2365.6
1155890 2365.6
1155900 2366.3
1155910 2367.7
1155920 2367.7
1155930 2369.4
1155940 2370.0
1155950 2370.0
1155960 2369.7
1155970 2369.1
1155980 2369.1
1155990 2369.2
1156000 2372.3
1156010 2372.3
1156020 2379.4
1156030 2382.0
1156040 2387.8
1156050 2387.8
1156060 2385.8
1156070 2386.7
1156080 2386.7
1156090 2390.8
1156100 2394.5
1156110 2394.5
1156120 2400.6
1156130 2408.1
1156140 2408.1
1156150 2414.8
1156160 2418.0
1156170 2418.0
1156180 2421.9
1156190 2426.2
1156200 2426.2
1156210 2430.5
1156220 2435.0
1156230 2435.0
1156240 2438.8
1156250 2442.4
1156260 2442.4
1156270 2447.1
1156280 2451.6
1156290 2456.5
1156300 2456.5
1156310 2461.7
1156320 2464.9
1156330 2464.9
1156340 2467.8
1156350 2472.0
1156360 2472.0
1156370 2475.4
1156380 2476.3
1156390 2476.3
1156400 2476.3
1156410 2476.6
1156420 2476.6
1156430 2476.4
1156440 2477.0
1156450 2477.0
1156460 2477.4
1156470 2478.6
1156480 2478.6
1156490 2482.0
1156500 2486.9
1156510 2493.9
1156520 2493.9
1156530 2500.3
1156540 2512.8
1156550 2512.8
1156560 2522.7
1156570 2533.2
1156580 2533.2
1156590 2544.0
1156600 2554.3
1156610 2554.3
1156620 2565.3
1156630 2575.8
1156640 2575.8
1156650 2585.4
1156660 2592.5
1156670 2592.5
1156680 2598.2
1156690 2604.9
1156700 2604.9
1156710 2611.7
1156720 2618.8
1156730 2625.2
1156740 2625.2
1156750 2631.7
1156760 2638.4
1156770 2638.4
1156780 2644.1
1156790 2650.3
1156800 2650.3
1156810 2654.0
1156820 2658.7
1156830 2658.7
1156840 2664.1
1156850 2669.5
1156860 2669.5
1156870 2675.2
1156880 2680.9
1156890 2680.9
1156900 2686.3
1156910 2691.6
1156920 2691.6
1156930 2695.2
1156940 2691.7
1156950 2691.7
1156960 2683.4
1156970 2667.4
1156980 2666.1
1156990 2666.1
1157000 2660.8
1157010 2640.6
1157020 2640.6
1157030 2616.1
1157040 2601.0
1157050 2601.0
1157060 2588.9
1157070 2581.7
1157080 2581.7
1157090 2575.9
1157100 2570.4
1157110 2570.4
1157120 2565.6
1157130 2561.5
1157140 2561.5
1157150 2556.7
1157160 2554.1
1157170 2554.1
1157180 2552.9
1157190 2552.7
1157200 2555.8
1157210 2555.8
1157220 2548.2
1157230 2543.2
1157240 2543.2
1157250 2536.0
1157260 2527.4
1157270 2527.4
1157280 2521.8
1157290 2516.6
1157300 2516.6
1157310 2512.7
1157320 2509.1
1157330 2509.1
1157340 2505.0
1157350 2500.1
1157360 2500.1
1157370 2495.1
1157380 2490.6
1157390 2490.6
1157400 2487.5
1157410 2484.7
1157420 2482.5
1157430 2482.5
1157440 2480.8
1157450 2479.9
1157460 2479.9
1157470 2481.0
1157480 2481.0
1157490 2481.0
1157500 2480.6
1157510 2481.1
1157520 2481.1
1157530 2482.5
1157540 2480.3
1157550 2480.3
1157560 2475.9
1157570 2472.8
1157580 2472.8
1157590 2471.7
1157600 2468.6
1157610 2468.6
1157620 2465.8
1157630 2463.8
1157640 2463.3
1157650 2463.3
1157660 2462.4
1157670 2460.7
1157680 2460.7
1157690 2458.1
1157700 2454.0
1157710 2454.0
1157720 2449.2
1157730 2446.0
1157740 2446.0
1157750 2443.7
1157760 2442.5
1157770 2442.5
1157780 2444.7
1157790 2447.5
1157800 2447.5
1157810 2448.5
1157820 2447.9
1157830 2447.9
1157840 2446.9
1157850 2448.0
1157860 2448.0
1157870 2450.1
1157880 2453.0
1157890 2457.5
1157900 2457.5
1157910 2462.8
1157920 2468.4
1157930 2468.4
1157940 2473.4
1157950 2477.1
1157960 2477.1
1157970 2480.5
1157980 2471.6
1157990 2471.6
1158000 2471.4
1158010 2473.1
1158020 2473.1
1158030 2475.3
1158040 2478.2
1158050 2478.2
1158060 2480.9
1158070 2482.5
1158080 2482.5
1158090 2481.7
1158100 2479.7
1158110 2478.3
1158120 2478.3
1158130 2477.1
1158140 2476.0
1158150 2476.0
1158160 2473.5
1158170 2466.1
1158180 2466.1
1158190 2458.6
1158200 2454.2
1158210 2454.2
1158220 2446.1
1158230 2434.3
1158240 2434.3
1158250 2422.0
1158260 2412.3
1158270 2412.3
1158280 2404.1
1158290 2397.9
1158300 2397.9
1158310 2392.9
1158320 2388.9
1158330 2385.8
1158340 2385.8
1158350 2382.4
1158360 2378.5
1158370 2374.2
1158380 2370.2
1158390 2365.5
1158400 2365.5
1158410 2360.6
1158420 2355.6
1158430 2355.6
1158440 2350.7
1158450 2346.8
1158460 2346.8
1158470 2342.7
1158480 2341.6
1158490 2341.6
1158500 2342.0
1158510 2340.9
1158520 2340.9
1158530 2337.8
1158540 2337.3
1158550 2336.6
1158560 2336.6
1158570 2335.1
1158580 2334.4
1158590 2334.4
1158600 2334.6
1158610 2334.1
1158620 2334.1
1158630 2333.8
1158640 2334.1
1158650 2334.1
1158660 2334.6
1158670 2334.3
1158680 2334.3
1158690 2333.8
1158700 2333.6
1158710 2333.6
1158720 2334.7
1158730 2338.5
1158740 2338.5
1158750 2335.8
1158760 2338.6
1158770 2338.6
1158780 2341.8
1158790 2344.0
1158800 2345.5
1158810 2345.5
1158820 2347.0
1158830 2348.7
1158840 2348.7
1158850 2349.2
1158860 2348.6
1158870 2348.6
1158880 2345.8
1158890 2341.9
1158900 2341.9
1158910 2340.9
1158920 2347.5
1158930 2347.5
1158940 2345.2
1158950 2338.8
1158960 2338.8
1158970 2334.6
1158980 2331.9
1158990 2331.9
1159000 2330.2
1159010 2330.0
1159020 2329.1
1159030 2329.1
1159040 2327.5
1159050 2326.7
1159060 2326.7
1159070 2327.6
1159080 2328.7
1159090 2328.7
1159100 2328.4
1159110 2328.3
1159120 2328.3
1159130 2330.6
1159140 2323.3
1159150 2323.3
1159160 2320.9
1159170 2319.1
1159180 2319.1
1159190 2316.7
1159200 2313.6
1159210 2313.6
1159220 2312.5
1159230 2313.4
1159240 2316.1
1159250 2316.1
1159260 2317.5
1159270 2318.9
1159280 2318.9
1159290 2319.6
1159300 2320.2
1159310 2320.2
1159320 2322.0
1159330 2324.9
1159340 2324.9
1159350 2326.3
1159360 2326.9
1159370 2326.9
1159380 2326.8
1159390 2325.6
1159400 2325.6
1159410 2324.2
1159420 2322.2
1159430 2322.2
1159440 2320.2
1159450 2318.6
1159460 2318.6
1159470 2316.0
1159480 2314.6
1159490 2313.0
1159500 2313.0
1159510 2310.8
1159520 2309.2
1159530 2309.2
1159540 2308.4
1159550 2308.0
1159560 2308.0
1159570 2307.6
1159580 2306.9
1159590 2306.9
1159600 2306.6
1159610 2307.2
1159620 2307.2
1159630 2307.9
1159640 2308.4
1159650 2308.4
1159660 2310.1
1159670 2311.8
1159680 2311.8
1159690 2313.2
1159700 2314.5
1159710 2315.8
1159720 2315.8
1159730 2317.5
1159740 2318.3
1159750 2318.3
1159760 2318.9
1159770 2319.1
1159780 2319.1
1159790 2318.4
1159800 2316.8
1159810 2316.8
1159820 2315.8
1159830 2316.6
1159840 2316.6
1159850 2315.2
1159860 2313.4
1159870 2313.4
1159880 2310.9
1159890 2308.5
1159900 2308.5
1159910 2307.0
1159920 2306.2
1159930 2308.7
1159940 2308.7
1159950 2308.2
1159960 2307.3
1159970 2307.3
1159980 2305.8
1159990 2304.2
