1140000 2050.7
1140010 2050.7
1140020 2053.0
1140030 2048.8
1140040 2048.8
1140050 2048.3
1140060 2053.9
1140070 2053.9
1140080 2060.6
1140090 2066.8
1140100 2066.8
1140110 2073.5
1140120 2081.1
1140130 2089.3
1140140 2089.3
1140150 2095.2
1140160 2100.7
1140170 2100.7
1140180 2106.2
1140190 2116.4
1140200 2116.4
1140210 2120.8
1140220 2124.5
1140230 2124.5
1140240 2129.6
1140250 2134.8
1140260 2134.8
1140270 2139.2
1140280 2142.6
1140290 2142.6
1140300 2144.7
1140310 2145.9
1140320 2145.9
1140330 2146.6
1140340 2150.0
1140350 2153.8
1140360 2153.8
1140370 2159.5
1140380 2167.3
1140390 2167.3
1140400 2174.4
1140410 2179.9
1140420 2179.9
1140430 2183.5
1140440 2186.2
1140450 2186.2
1140460 2187.2
1140470 2187.5
1140480 2187.5
1140490 2185.8
1140500 2183.2
1140510 2183.2
1140520 2179.4
1140530 2175.4
1140540 2175.4
1140550 2171.7
1140560 2169.4
1140570 2164.4
1140580 2164.4
1140590 2159.9
1140600 2157.5
1140610 2157.5
1140620 2154.2
1140630 2149.1
1140640 2149.1
1140650 2141.7
1140660 2132.3
1140670 2132.3
1140680 2122.4
1140690 2114.7
1140700 2114.7
1140710 2109.4
1140720 2104.2
1140730 2104.2
1140740 2098.8
1140750 2092.7
1140760 2092.7
1140770 2085.8
1140780 2079.1
1140790 2079.1
1140800 2072.7
1140810 2065.8
1140820 2058.5
1140830 2058.5
1140840 2051.2
1140850 2043.9
1140860 2043.9
1140870 2036.7
1140880 2028.9
1140890 2028.9
1140900 2020.9
1140910 2011.8
1140920 2011.8
1140930 2003.0
1140940 1998.5
1140950 1998.5
1140960 1993.0
1140970 1983.2
1140980 1983.2
1140990 1971.3
1141000 1962.3
1141010 1962.3
1141020 1955.2
1141030 1948.3
1141040 1941.6
1141050 1941.6
1141060 1934.5
1141070 1928.1
1141080 1928.1
1141090 1922.1
1141100 1916.3
1141110 1916.3
1141120 1910.8
1141130 1905.2
1141140 1905.2
1141150 1899.7
1141160 1895.0
1141170 1895.0
1141180 1890.1
1141190 1884.0
1141200 1884.0
1141210 1877.5
1141220 1871.2
1141230 1871.2
1141240 1865.2
1141250 1859.1
1141260 1852.6
1141270 1852.6
1141280 1845.9
1141290 1839.1
1141300 1841.3
1141310 1833.9
1141320 1826.7
1141330 1826.7
1141340 1819.8
1141350 1813.0
1141360 1813.0
1141370 1806.2
1141380 1798.7
1141390 1798.7
1141400 1792.0
1141410 1785.8
1141420 1785.8
1141430 1781.8
1141440 1781.9
1141450 1781.9
1141460 1785.6
1141470 1789.2
1141480 1789.2
1141490 1791.2
1141500 1793.3
1141510 1796.6
1141520 1796.6
1141530 1799.8
1141540 1801.3
1141550 1801.3
1141560 1798.0
1141570 1791.1
1141580 1791.1
1141590 1783.1
1141600 1771.7
1141610 1771.7
1141620 1755.7
1141630 1740.3
1141640 1740.3
1141650 1728.4
1141660 1722.0
1141670 1737.2
1141680 1725.5
1141690 1715.3
1141700 1715.3
1141710 1707.9
1141720 1700.8
1141730 1699.1
1141740 1699.1
1141750 1697.4
1141760 1693.5
1141770 1693.5
1141780 1683.0
1141790 1668.6
1141800 1668.6
1141810 1654.2
1141820 1648.0
1141830 1648.0
1141840 1651.2
1141850 1647.4
1141860 1647.4
1141870 1641.8
1141880 1635.3
1141890 1635.3
1141900 1628.7
1141910 1620.5
1141920 1620.5
1141930 1617.8
1141940 1622.1
1141950 1622.1
1141960 1633.1
1141970 1644.3
1141980 1651.8
1141990 1651.8
1142000 1661.2
1142010 1669.7
1142020 1669.7
1142030 1678.1
1142040 1682.9
1142050 1682.9
1142060 1689.7
1142070 1695.2
1142080 1695.2
1142090 1698.9
1142100 1701.7
1142110 1701.7
1142120 1706.9
1142130 1711.7
1142140 1711.7
1142150 1715.6
1142160 1720.5
1142170 1720.5
1142180 1725.5
1142190 1731.9
1142200 1739.1
1142210 1739.1
1142220 1746.9
1142230 1754.3
1142240 1754.3
1142250 1761.5
1142260 1769.2
1142270 1769.2
1142280 1776.6
1142290 1782.9
1142300 1782.9
1142310 1788.9
1142320 1795.1
1142330 1795.1
1142340 1800.5
1142350 1804.9
1142360 1804.9
1142370 1807.9
1142380 1812.5
1142390 1812.5
1142400 1817.4
1142410 1827.9
1142420 1832.0
1142430 1832.0
1142440 1837.6
1142450 1842.9
1142460 1842.9
1142470 1848.5
1142480 1853.9
1142490 1853.9
1142500 1860.4
1142510 1867.6
1142520 1867.6
1142530 1875.3
1142540 1883.0
1142550 1883.0
1142560 1891.0
1142570 1900.1
1142580 1900.1
1142590 1909.9
1142600 1918.3
1142610 1918.3
1142620 1925.6
1142630 1933.5
1142640 1933.5
1142650 1939.3
1142660 1944.7
1142670 1948.0
1142680 1948.0
1142690 1951.8
1142700 1955.6
1142710 1955.6
1142720 1958.9
1142730 1963.3
1142740 1963.3
1142750 1968.1
1142760 1974.6
1142770 1974.6
1142780 1976.7
1142790 1981.3
1142800 1981.3
1142810 1984.6
1142820 1985.7
1142830 1985.7
1142840 1989.3
1142850 1991.9
1142860 1991.9
1142870 1993.4
1142880 1992.6
1142890 1991.9
1142900 1991.9
1142910 1992.7
1142920 1995.8
1142930 1995.8
1142940 2000.4
1142950 2004.7
1142960 2004.7
1142970 2008.6
1142980 2012.8
1142990 2012.8
1143000 2017.1
1143010 2021.0
1143020 2021.0
1143030 2024.3
1143040 2025.1
1143050 2025.1
1143060 2025.4
1143070 2025.8
1143080 2025.8
1143090 2025.9
1143100 2025.7
1143110 2025.6
1143120 2025.6
1143130 2026.7
1143140 2030.0
1143150 2026.6
1143160 2031.4
1143170 2035.6
1143180 2035.6
1143190 2039.1
1143200 2043.4
1143210 2043.4
1143220 2046.3
1143230 2047.0
1143240 2047.0
1143250 2049.0
1143260 2053.2
1143270 2053.2
1143280 2058.2
1143290 2063.4
1143300 2063.4
1143310 2067.9
1143320 2071.8
1143330 2071.8
1143340 2076.4
1143350 2080.9
1143360 2085.8
1143370 2085.8
1143380 2090.7
1143390 2096.9
1143400 2096.9
1143410 2103.4
1143420 2108.8
1143430 2108.8
1143440 2113.8
1143450 2118.3
1143460 2118.3
1143470 2123.2
1143480 2128.7
1143490 2128.7
1143500 2134.4
1143510 2140.0
1143520 2140.2
1143530 2145.8
1143540 2150.9
1143550 2150.9
1143560 2155.7
1143570 2161.0
1143580 2166.5
1143590 2166.5
1143600 2171.4
1143610 2175.6
1143620 2175.6
1143630 2179.1
1143640 2180.8
1143650 2180.8
1143660 2181.1
1143670 2179.5
1143680 2179.5
1143690 2177.1
1143700 2175.9
1143710 2175.9
1143720 2176.5
1143730 2179.3
1143740 2179.3
1143750 2182.3
1143760 2185.5
1143770 2185.5
1143780 2189.5
1143790 2193.5
1143800 2197.6
1143810 2197.6
1143820 2202.0
1143830 2206.3
1143840 2206.3
1143850 2211.2
1143860 2216.4
1143870 2216.4
1143880 2221.3
1143890 2227.6
1143900 2227.6
1143910 2233.2
1143920 2239.5
1143930 2239.5
1143940 2246.1
1143950 2253.0
1143960 2253.0
1143970 2259.8
1143980 2266.4
1143990 2266.4
1144000 2272.8
1144010 2279.0
1144020 2279.0
1144030 2285.2
1144040 2291.1
1144050 2297.1
1144060 2297.1
1144070 2302.6
1144080 2307.8
1144090 2307.8
1144100 2314.0
1144110 2320.1
1144120 2320.1
1144130 2326.5
1144140 2334.8
1144150 2334.8
1144160 2343.7
1144170 2351.5
1144180 2351.5
1144190 2359.2
1144200 2365.8
1144210 2365.8
1144220 2371.9
1144230 2377.4
1144240 2377.4
1144250 2381.5
1144260 2385.3
1144270 2385.6
1144280 2385.6
1144290 2390.3
1144300 2395.3
1144310 2395.3
1144320 2401.9
1144330 2409.7
1144340 2409.7
1144350 2414.6
1144360 2422.8
1144370 2422.8
1144380 2429.7
1144390 2433.7
1144400 2433.7
1144410 2436.2
1144420 2438.8
1144430 2438.8
1144440 2444.2
1144450 2451.3
1144460 2451.3
1144470 2459.5
1144480 2468.0
1144490 2475.9
1144500 2475.9
1144510 2483.6
1144520 2492.3
1144530 2492.3
1144540 2502.7
1144550 2512.7
1144560 2512.7
1144570 2523.8
1144580 2535.4
1144590 2535.4
1144600 2546.7
1144610 2557.1
1144620 2557.1
1144630 2566.1
1144640 2572.3
1144650 2572.3
1144660 2582.8
1144670 2580.8
1144680 2580.8
1144690 2569.9
1144700 2562.0
1144710 2562.0
1144720 2554.9
1144730 2548.2
1144740 2544.3
1144750 2544.3
1144760 2542.0
1144770 2539.9
1144780 2539.9
1144790 2538.3
1144800 2537.5
1144810 2537.5
1144820 2536.4
1144830 2536.3
1144840 2536.3
1144850 2540.1
1144860 2546.8
1144870 2546.8
1144880 2553.3
1144890 2559.2
1144900 2559.2
1144910 2563.7
1144920 2564.0
1144930 2564.0
1144940 2565.1
1144950 2560.8
1144960 2553.8
1144970 2553.8
1144980 2542.7
1144990 2527.1
1145000 2527.1
1145010 2542.5
1145020 2533.0
1145030 2533.0
1145040 2526.0
1145050 2517.7
1145060 2517.7
1145070 2512.2
1145080 2507.5
1145090 2507.5
1145100 2506.5
1145110 2506.5
1145120 2506.5
1145130 2507.1
1145140 2512.1
1145150 2512.1
1145160 2520.4
1145170 2524.5
1145180 2515.3
1145190 2515.3
1145200 2503.9
1145210 2496.7
1145220 2496.7
1145230 2487.6
1145240 2472.2
1145250 2472.2
1145260 2464.6
1145270 2454.8
1145280 2454.8
1145290 2447.7
1145300 2442.8
1145310 2442.8
1145320 2437.7
1145330 2432.8
1145340 2432.8
1145350 2426.9
1145360 2420.2
1145370 2420.2
1145380 2413.7
1145390 2402.1
1145400 2402.1
1145410 2395.5
1145420 2388.6
1145430 2381.6
1145440 2381.6
1145450 2375.3
1145460 2369.1
1145470 2369.1
1145480 2363.1
1145490 2358.6
1145500 2358.6
1145510 2357.6
1145520 2356.1
1145530 2356.1
1145540 2353.2
1145550 2349.8
1145560 2349.8
1145570 2347.7
1145580 2351.5
1145590 2351.5
1145600 2354.5
1145610 2354.7
1145620 2354.7
1145630 2354.7
1145640 2354.6
1145650 2356.1
1145660 2356.1
1145670 2358.5
1145680 2361.1
1145690 2361.1
1145700 2362.6
1145710 2361.9
1145720 2361.9
1145730 2360.2
1145740 2358.4
1145750 2358.4
1145760 2363.7
1145770 2361.5
1145780 2361.5
1145790 2360.3
1145800 2359.9
1145810 2359.9
1145820 2366.0
1145830 2373.9
1145840 2373.9
1145850 2381.2
1145860 2389.4
1145870 2395.9
1145880 2395.9
1145890 2399.3
1145900 2402.2
1145910 2402.2
1145920 2404.5
1145930 2405.9
1145940 2405.9
1145950 2406.5
1145960 2406.7
1145970 2406.7
1145980 2407.4
1145990 2408.4
1146000 2408.4
1146010 2407.2
1146020 2403.9
1146030 2403.9
1146040 2401.6
1146050 2400.2
1146060 2400.2
1146070 2397.5
1146080 2392.7
1146090 2392.7
1146100 2385.2
1146110 2374.7
1146120 2368.6
1146130 2368.6
1146140 2369.1
1146150 2366.4
1146160 2366.4
1146170 2364.6
1146180 2362.4
1146190 2362.4
1146200 2361.8
1146210 2361.3
1146220 2361.3
1146230 2361.7
1146240 2362.8
1146250 2362.8
1146260 2364.5
1146270 2365.7
1146280 2365.7
1146290 2367.7
1146300 2369.6
1146310 2369.6
1146320 2370.5
1146330 2371.3
1146340 2372.3
1146350 2372.3
1146360 2373.8
1146370 2375.5
1146380 2375.5
1146390 2376.7
1146400 2378.4
1146410 2378.4
1146420 2380.2
1146430 2382.1
1146440 2382.1
1146450 2384.2
1146460 2386.9
1146470 2386.9
1146480 2390.5
1146490 2394.4
1146500 2394.4
1146510 2395.9
1146520 2399.9
1146530 2399.9
1146540 2404.3
1146550 2408.1
1146560 2410.5
1146570 2410.5
1146580 2412.7
1146590 2414.7
1146600 2414.7
1146610 2417.5
1146620 2420.9
1146630 2420.9
1146640 2425.2
1146650 2431.2
1146660 2431.2
1146670 2438.1
1146680 2445.1
1146690 2445.1
1146700 2452.3
1146710 2459.7
1146720 2459.7
1146730 2469.9
1146740 2481.3
1146750 2481.3
1146760 2490.7
1146770 2500.2
1146780 2500.2
1146790 2510.1
1146800 2521.2
1146810 2538.3
1146820 2538.3
1146830 2544.4
1146840 2547.5
1146850 2547.5
1146860 2554.7
1146870 2560.2
1146880 2560.2
1146890 2581.9
1146900 2584.6
1146910 2584.6
1146920 2588.8
1146930 2594.6
1146940 2594.6
1146950 2603.6
1146960 2613.3
1146970 2613.3
1146980 2626.6
1146990 2638.7
1147000 2638.7
1147010 2644.3
1147020 2649.9
1147030 2653.5
1147040 2653.5
1147050 2660.7
1147060 2667.0
1147070 2667.0
1147080 2676.2
1147090 2682.4
1147100 2682.4
1147110 2680.9
1147120 2678.8
1147130 2678.8
1147140 2677.2
1147150 2678.5
1147160 2678.5
1147170 2680.3
1147180 2683.1
1147190 2683.1
1147200 2685.4
1147210 2687.2
1147220 2687.2
1147230 2689.4
1147240 2693.8
1147250 2694.9
1147260 2684.7
1147270 2687.9
1147280 2689.9
1147290 2689.9
1147300 2685.4
1147310 2674.3
1147320 2674.3
1147330 2662.8
1147340 2653.1
1147350 2653.1
1147360 2644.5
1147370 2636.5
1147380 2636.5
1147390 2628.1
1147400 2619.9
1147410 2619.9
1147420 2612.1
1147430 2604.6
1147440 2604.6
1147450 2598.0
1147460 2589.9
1147470 2589.9
1147480 2582.0
1147490 2575.3
1147500 2569.1
1147510 2569.1
1147520 2562.9
1147530 2557.0
1147540 2557.0
1147550 2551.2
1147560 2545.6
1147570 2545.6
1147580 2540.4
1147590 2534.8
1147600 2534.8
1147610 2529.5
1147620 2524.3
1147630 2524.3
1147640 2516.1
1147650 2511.2
1147660 2511.2
1147670 2506.5
1147680 2502.3
1147690 2502.3
1147700 2498.5
1147710 2494.5
1147720 2490.6
1147730 2490.6
1147740 2486.5
1147750 2482.7
1147760 2482.7
1147770 2479.4
1147780 2477.5
1147790 2477.5
1147800 2475.7
1147810 2474.4
1147820 2474.4
1147830 2476.2
1147840 2478.6
1147850 2478.6
1147860 2478.6
1147870 2477.2
1147880 2477.2
1147890 2474.7
1147900 2472.2
1147910 2472.2
1147920 2470.5
1147930 2469.9
1147940 2467.5
1147950 2467.5
1147960 2465.5
1147970 2464.8
1147980 2464.8
1147990 2464.3
1148000 2464.5
1148010 2464.5
1148020 2466.6
1148030 2469.5
1148040 2469.5
1148050 2474.8
1148060 2483.7
1148070 2483.7
1148080 2494.0
1148090 2500.3
1148100 2500.3
1148110 2504.1
1148120 2507.3
1148130 2507.3
1148140 2513.3
1148150 2522.5
1148160 2522.5
1148170 2530.0
1148180 2525.9
1148190 2515.1
1148200 2515.1
1148210 2502.8
1148220 2493.5
1148230 2493.5
1148240 2487.3
1148250 2481.1
1148260 2481.1
1148270 2475.0
1148280 2468.5
1148290 2468.5
1148300 2461.8
1148310 2455.2
1148320 2455.2
1148330 2449.3
1148340 2443.0
1148350 2443.0
1148360 2436.7
1148370 2431.4
1148380 2431.4
1148390 2425.7
1148400 2423.3
1148410 2417.3
1148420 2417.3
1148430 2411.6
1148440 2406.2
1148450 2406.2
1148460 2401.8
1148470 2397.8
1148480 2397.8
1148490 2392.8
1148500 2388.6
1148510 2388.6
1148520 2384.7
1148530 2380.6
1148540 2380.6
1148550 2376.6
1148560 2372.6
1148570 2372.6
1148580 2368.9
1148590 2366.2
1148600 2366.2
1148610 2364.0
1148620 2360.5
1148630 2357.7
1148640 2357.7
1148650 2355.6
1148660 2353.6
1148670 2353.6
1148680 2351.6
1148690 2349.7
1148700 2349.7
1148710 2347.9
1148720 2346.0
1148730 2346.0
1148740 2344.0
1148750 2342.2
1148760 2342.2
1148770 2341.6
1148780 2339.9
1148790 2339.9
1148800 2338.8
1148810 2338.2
1148820 2338.2
1148830 2337.8
1148840 2337.5
1148850 2337.5
1148860 2337.4
1148870 2337.5
1148880 2337.7
1148890 2337.7
1148900 2338.4
1148910 2340.0
1148920 2340.0
1148930 2342.3
1148940 2344.0
1148950 2344.0
1148960 2343.6
1148970 2341.2
1148980 2341.2
1148990 2338.5
1149000 2335.8
1149010 2335.8
1149020 2333.7
1149030 2333.2
1149040 2333.2
1149050 2332.9
1149060 2331.3
1149070 2331.3
1149080 2328.8
1149090 2324.9
1149100 2321.0
1149110 2321.0
1149120 2317.0
1149130 2312.7
1149140 2312.7
1149150 2309.4
1149160 2305.0
1149170 2305.0
1149180 2299.2
1149190 2293.4
1149200 2293.4
1149210 2287.8
1149220 2282.2
1149230 2282.2
1149240 2276.4
1149250 2270.9
1149260 2270.9
1149270 2265.8
1149280 2260.7
1149290 2260.7
1149300 2256.3
1149310 2252.7
1149320 2248.9
1149330 2248.9
1149340 2245.1
1149350 2240.5
1149360 2240.5
1149370 2235.7
1149380 2231.3
1149390 2231.3
1149400 2227.7
1149410 2225.3
1149420 2225.3
1149430 2223.1
1149440 2220.7
1149450 2220.7
1149460 2217.8
1149470 2214.8
1149480 2214.8
1149490 2211.9
1149500 2210.0
1149510 2210.0
1149520 2209.1
1149530 2202.8
1149540 2202.8
1149550 2202.8
1149560 2202.4
1149570 2199.1
1149580 2199.1
1149590 2193.6
1149600 2188.9
1149610 2188.9
1149620 2183.9
1149630 2177.4
1149640 2177.4
1149650 2171.2
1149660 2166.2
1149670 2166.2
1149680 2160.5
1149690 2155.8
1149700 2155.8
1149710 2151.8
1149720 2148.6
1149730 2148.6
1149740 2146.6
1149750 2145.3
1149760 2145.3
1149770 2143.7
1149780 2141.7
1149790 2140.8
1149800 2140.8
1149810 2138.7
1149820 2134.7
1149830 2134.7
1149840 2129.6
1149850 2124.2
1149860 2124.2
1149870 2118.4
1149880 2111.5
1149890 2111.5
1149900 2103.4
1149910 2096.2
1149920 2096.2
1149930 2089.0
1149940 2081.0
1149950 2081.0
1149960 2071.5
1149970 2061.6
1149980 2061.6
1149990 2046.8
1150000 2035.1
1150010 2025.7
1150020 2025.7
1150030 2010.4
1150040 1999.8
1150050 1999.8
1150060 1992.2
1150070 1984.8
1150080 1984.8
1150090 1976.4
1150100 1968.9
1150110 1968.9
1150120 1962.4
1150130 1957.2
1150140 1957.2
1150150 1951.1
1150160 1946.8
1150170 1946.8
1150180 1944.7
1150190 1943.5
1150200 1943.5
1150210 1942.1
1150220 1940.6
1150230 1940.6
1150240 1937.6
1150250 1934.2
1150260 1930.0
1150270 1930.0
1150280 1925.8
1150290 1921.8
1150300 1921.8
1150310 1918.0
1150320 1917.1
1150330 1917.1
1150340 1919.0
1150350 1920.4
1150360 1920.4
1150370 1919.9
1150380 1918.0
1150390 1918.0
1150400 1916.0
1150410 1913.9
1150420 1913.9
1150430 1911.3
1150440 1908.4
1150450 1908.4
1150460 1905.3
1150470 1902.1
1150480 1898.6
1150490 1898.6
1150500 1893.5
1150510 1888.7
1150520 1888.7
1150530 1883.4
1150540 1878.0
1150550 1878.0
1150560 1873.0
1150570 1867.9
1150580 1867.9
1150590 1862.3
1150600 1858.9
1150610 1858.9
1150620 1858.1
1150630 1859.0
1150640 1859.0
1150650 1861.3
1150660 1864.0
1150670 1865.0
1150680 1868.1
1150690 1872.0
1150700 1876.4
1150710 1876.4
1150720 1881.2
1150730 1886.2
1150740 1886.2
1150750 1891.2
1150760 1895.2
1150770 1895.2
1150780 1898.8
1150790 1902.6
1150800 1902.6
1150810 1907.8
1150820 1913.4
1150830 1913.4
1150840 1917.7
1150850 1921.2
1150860 1921.2
1150870 1924.9
1150880 1929.1
1150890 1929.1
1150900 1934.2
1150910 1939.6
1150920 1939.6
1150930 1945.0
1150940 1950.3
1150950 1955.4
1150960 1955.4
1150970 1959.9
1150980 1964.1
1150990 1964.1
1151000 1968.6
1151010 1972.6
1151020 1972.6
1151030 1975.9
1151040 1979.6
1151050 1985.9
1151060 1989.8
1151070 1994.4
1151080 1994.4
1151090 2000.8
1151100 2008.2
1151110 2008.2
1151120 2020.6
1151130 2040.1
1151140 2040.1
1151150 2063.1
1151160 2081.0
1151170 2090.0
1151180 2090.0
1151190 2094.8
1151200 2098.8
1151210 2098.8
1151220 2104.6
1151230 2109.9
1151240 2109.9
1151250 2113.9
1151260 2121.9
1151270 2121.9
1151280 2128.0
1151290 2132.8
1151300 2132.8
1151310 2137.6
1151320 2142.0
1151330 2142.0
1151340 2145.5
1151350 2148.3
1151360 2148.3
1151370 2151.3
1151380 2155.1
1151390 2158.5
1151400 2158.5
1151410 2161.1
1151420 2162.7
1151430 2169.2
1151440 2170.3
1151450 2172.4
1151460 2172.4
1151470 2174.8
1151480 2176.7
1151490 2176.7
1151500 2177.9
1151510 2177.9
1151520 2177.9
1151530 2176.0
1151540 2172.8
1151550 2172.8
1151560 2170.0
1151570 2169.4
1151580 2169.4
1151590 2170.4
1151600 2171.4
1151610 2171.4
1151620 2172.0
1151630 2172.2
1151640 2173.8
1151650 2173.8
1151660 2177.4
1151670 2179.8
1151680 2179.8
1151690 2179.0
1151700 2177.2
1151710 2177.2
1151720 2178.9
1151730 2182.9
1151740 2182.9
1151750 2184.5
1151760 2185.5
1151770 2185.5
1151780 2187.5
1151790 2190.0
1151800 2190.0
1151810 2198.6
1151820 2200.1
1151830 2200.1
1151840 2201.8
1151850 2202.1
1151860 2200.7
1151870 2200.7
1151880 2200.0
1151890 2203.5
1151900 2203.5
1151910 2207.6
1151920 2212.8
1151930 2212.8
1151940 2217.9
1151950 2222.1
1151960 2222.1
1151970 2224.2
1151980 2227.3
1151990 2227.3
1152000 2232.0
1152010 2235.6
1152020 2235.6
1152030 2237.9
1152040 2243.2
1152050 2243.2
1152060 2251.2
1152070 2258.9
1152080 2264.4
1152090 2264.4
1152100 2270.5
1152110 2276.9
1152120 2276.9
1152130 2283.4
1152140 2289.9
1152150 2289.9
1152160 2296.0
1152170 2300.8
1152180 2300.8
1152190 2302.0
1152200 2302.0
1152210 2302.0
1152220 2305.4
1152230 2309.9
1152240 2309.9
1152250 2315.4
1152260 2321.1
1152270 2321.1
1152280 2323.0
1152290 2316.6
1152300 2316.6
1152310 2308.4
1152320 2304.3
1152330 2299.7
1152340 2299.7
1152350 2298.8
1152360 2297.9
1152370 2297.9
1152380 2297.1
1152390 2297.7
1152400 2297.7
1152410 2297.7
1152420 2296.2
1152430 2296.2
1152440 2293.3
1152450 2291.9
1152460 2291.9
1152470 2292.6
1152480 2293.4
1152490 2293.4
1152500 2294.5
1152510 2294.9
1152520 2294.9
1152530 2295.3
1152540 2295.8
1152550 2296.1
1152560 2296.1
1152570 2302.1
1152580 2302.3
1152590 2302.3
1152600 2302.6
1152610 2303.9
1152620 2303.9
1152630 2306.8
1152640 2309.1
1152650 2309.1
1152660 2312.1
1152670 2315.1
1152680 2315.1
1152690 2318.4
1152700 2321.5
1152710 2321.5
1152720 2324.0
1152730 2326.1
1152740 2326.1
1152750 2328.5
1152760 2330.3
1152770 2332.9
1152780 2332.9
1152790 2335.5
1152800 2338.2
1152810 2338.2
1152820 2340.4
1152830 2343.0
1152840 2343.0
1152850 2345.5
1152860 2348.1
1152870 2348.1
1152880 2349.9
1152890 2351.9
1152900 2351.9
1152910 2354.5
1152920 2356.4
1152930 2356.4
1152940 2358.2
1152950 2360.0
1152960 2361.7
1152970 2363.4
1152980 2364.8
1152990 2364.8
1153000 2366.8
1153010 2368.6
1153020 2370.3
1153030 2370.3
1153040 2373.0
1153050 2376.1
1153060 2376.1
1153070 2379.1
1153080 2382.8
1153090 2382.8
1153100 2386.6
1153110 2390.0
1153120 2390.0
1153130 2392.8
1153140 2395.0
1153150 2395.0
1153160 2396.8
1153170 2398.4
1153180 2398.4
1153190 2400.3
1153200 2403.1
1153210 2403.1
1153220 2406.2
1153230 2409.1
1153240 2411.7
1153250 2411.7
1153260 2414.2
1153270 2416.6
1153280 2416.6
1153290 2419.6
1153300 2423.2
1153310 2423.2
1153320 2426.3
1153330 2429.3
1153340 2425.5
1153350 2429.5
1153360 2432.4
1153370 2432.4
1153380 2434.5
1153390 2436.2
1153400 2436.2
1153410 2437.6
1153420 2439.1
1153430 2439.1
1153440 2440.3
1153450 2441.6
1153460 2442.4
1153470 2442.4
1153480 2442.6
1153490 2443.9
1153500 2443.9
1153510 2446.3
1153520 2449.6
1153530 2449.6
1153540 2453.7
1153550 2458.8
1153560 2458.8
1153570 2465.1
1153580 2470.9
1153590 2470.9
1153600 2476.3
1153610 2481.1
1153620 2481.1
1153630 2485.9
1153640 2492.7
1153650 2492.7
1153660 2500.5
1153670 2509.5
1153680 2509.5
1153690 2517.0
1153700 2521.3
1153710 2526.3
1153720 2522.8
1153730 2528.8
1153740 2535.8
1153750 2535.8
1153760 2543.4
1153770 2551.0
1153780 2551.0
1153790 2558.6
1153800 2566.4
1153810 2566.4
1153820 2573.9
1153830 2581.2
1153840 2581.2
1153850 2589.0
1153860 2597.1
1153870 2597.1
1153880 2604.5
1153890 2610.8
1153900 2610.8
1153910 2617.0
1153920 2623.6
1153930 2630.6
1153940 2630.6
1153950 2637.9
1153960 2645.4
1153970 2645.4
1153980 2653.0
1153990 2660.6
1154000 2660.6
1154010 2670.0
1154020 2680.2
1154030 2680.2
1154040 2689.1
1154050 2697.0
1154060 2697.0
1154070 2705.6
1154080 2715.5
1154090 2715.5
1154100 2724.1
1154110 2731.8
1154120 2731.8
1154130 2739.6
1154140 2748.2
1154150 2758.4
1154160 2758.4
1154170 2768.1
1154180 2776.6
1154190 2776.6
1154200 2786.3
1154210 2798.0
1154220 2798.0
1154230 2811.4
1154240 2811.9
1154250 2811.9
1154260 2805.5
1154270 2800.0
1154280 2800.0
1154290 2795.5
1154300 2792.7
1154310 2792.7
1154320 2789.8
1154330 2785.5
1154340 2785.5
1154350 2777.4
1154360 2768.3
1154370 2768.3
1154380 2756.0
1154390 2746.2
1154400 2727.6
1154410 2727.6
1154420 2713.3
1154430 2703.8
1154440 2703.8
1154450 2695.5
1154460 2687.5
1154470 2687.5
1154480 2680.6
1154490 2671.8
1154500 2671.8
1154510 2664.9
1154520 2658.3
1154530 2658.3
1154540 2652.1
1154550 2645.8
1154560 2645.8
1154570 2639.2
1154580 2632.0
1154590 2632.0
1154600 2624.5
1154610 2616.6
1154620 2609.3
1154630 2609.3
1154640 2603.5
1154650 2598.1
1154660 2598.1
1154670 2590.0
1154680 2576.7
1154690 2576.7
1154700 2566.6
1154710 2559.9
1154720 2559.9
1154730 2553.5
1154740 2548.1
1154750 2548.1
1154760 2543.1
1154770 2539.2
1154780 2539.2
1154790 2534.7
1154800 2529.8
1154810 2529.8
1154820 2525.9
1154830 2521.1
1154840 2514.0
1154850 2514.0
1154860 2492.2
1154870 2472.7
1154880 2479.9
1154890 2463.7
1154900 2453.0
1154910 2453.0
1154920 2442.8
1154930 2436.4
1154940 2436.4
1154950 2432.2
1154960 2429.6
1154970 2429.6
1154980 2426.9
1154990 2424.2
1155000 2424.2
1155010 2421.8
1155020 2420.8
1155030 2420.8
1155040 2420.4
1155050 2420.2
1155060 2420.2
1155070 2418.9
1155080 2417.3
1155090 2417.4
1155100 2417.4
1155110 2418.5
1155120 2420.3
1155130 2420.3
1155140 2420.7
1155150 2421.8
1155160 2421.8
1155170 2422.8
1155180 2423.6
1155190 2423.6
1155200 2423.8
1155210 2424.5
1155220 2424.5
1155230 2425.8
1155240 2427.6
1155250 2427.6
1155260 2431.1
1155270 2433.3
1155280 2433.3
1155290 2436.3
1155300 2440.7
1155310 2445.0
1155320 2445.0
1155330 2448.3
1155340 2451.4
1155350 2451.4
1155360 2453.5
1155370 2455.7
1155380 2455.7
1155390 2457.9
1155400 2460.9
1155410 2460.9
1155420 2464.4
1155430 2468.0
1155440 2468.0
1155450 2470.5
1155460 2473.5
1155470 2473.5
1155480 2477.3
1155490 2483.0
1155500 2483.0
1155510 2491.8
1155520 2501.8
1155530 2511.1
1155540 2511.1
1155550 2520.8
1155560 2530.0
1155570 2530.0
1155580 2536.2
1155590 2540.9
1155600 2540.9
1155610 2546.7
1155620 2553.0
1155630 2553.0
1155640 2557.3
1155650 2560.2
1155660 2560.2
1155670 2564.8
1155680 2570.1
1155690 2570.1
1155700 2575.8
1155710 2582.1
1155720 2582.1
1155730 2588.4
1155740 2594.0
1155750 2594.0
1155760 2598.1
1155770 2600.9
1155780 2603.6
1155790 2603.6
1155800 2606.5
1155810 2609.5
1155820 2609.5
1155830 2613.2
1155840 2618.7
1155850 2618.7
1155860 2624.7
1155870 2630.9
1155880 2630.9
1155890 2638.1
1155900 2646.3
1155910 2646.3
1155920 2654.2
1155930 2660.1
1155940 2660.1
1155950 2665.3
1155960 2670.3
1155970 2670.3
1155980 2675.4
1155990 2680.4
1156000 2686.4
1156010 2686.4
1156020 2691.6
1156030 2695.6
1156040 2695.6
1156050 2704.4
1156060 2717.0
1156070 2717.0
1156080 2726.9
1156090 2734.5
1156100 2734.5
1156110 2741.8
1156120 2749.7
1156130 2749.7
1156140 2758.5
1156150 2769.4
1156160 2769.4
1156170 2778.1
1156180 2785.1
1156190 2785.1
1156200 2790.5
1156210 2795.4
1156220 2800.6
1156230 2800.6
1156240 2805.3
1156250 2809.5
1156260 2809.5
1156270 2812.3
1156280 2815.0
1156290 2815.0
1156300 2819.7
1156310 2824.6
1156320 2824.6
1156330 2829.4
1156340 2833.4
1156350 2833.4
1156360 2836.5
1156370 2839.2
1156380 2839.2
1156390 2842.3
1156400 2846.0
1156410 2846.0
1156420 2845.0
1156430 2848.8
1156440 2848.8
1156450 2852.3
1156460 2856.1
1156470 2860.0
1156480 2860.0
1156490 2863.7
1156500 2868.1
1156510 2868.1
1156520 2872.1
1156530 2875.2
1156540 2875.2
1156550 2877.3
1156560 2878.1
1156570 2878.1
1156580 2878.9
1156590 2880.3
1156600 2880.3
1156610 2881.9
1156620 2882.4
1156630 2882.4
1156640 2879.3
1156650 2872.3
1156660 2872.3
1156670 2859.4
1156680 2845.6
1156690 2835.8
1156700 2835.8
1156710 2832.0
1156720 2827.2
1156730 2827.2
1156740 2818.8
1156750 2814.7
1156760 2814.7
1156770 2815.1
1156780 2814.5
1156790 2814.5
1156800 2806.5
1156810 2812.8
1156820 2812.8
1156830 2806.5
1156840 2796.0
1156850 2796.0
1156860 2771.1
1156870 2750.4
1156880 2750.4
1156890 2725.4
1156900 2706.4
1156910 2693.7
1156920 2693.7
1156930 2679.3
1156940 2665.9
1156950 2665.9
1156960 2658.1
1156970 2639.5
1156980 2639.5
1156990 2618.8
1157000 2595.6
1157010 2595.6
1157020 2584.4
1157030 2570.3
1157040 2570.3
1157050 2536.2
1157060 2503.4
1157070 2503.4
1157080 2482.3
1157090 2470.1
1157100 2470.1
1157110 2462.7
1157120 2455.2
1157130 2455.2
1157140 2447.5
1157150 2439.9
1157160 2432.3
1157170 2432.3
1157180 2424.8
1157190 2417.4
1157200 2417.4
1157210 2410.1
1157220 2403.0
1157230 2403.0
1157240 2396.0
1157250 2389.3
1157260 2389.3
1157270 2382.7
1157280 2376.2
1157290 2376.2
1157300 2370.0
1157310 2364.1
1157320 2364.1
1157330 2358.6
1157340 2353.3
1157350 2353.3
1157360 2348.1
1157370 2342.9
1157380 2338.2
1157390 2338.2
1157400 2333.7
1157410 2328.9
1157420 2328.9
1157430 2324.8
1157440 2321.2
1157450 2321.2
1157460 2317.7
1157470 2314.0
1157480 2314.0
1157490 2310.8
1157500 2308.4
1157510 2308.4
1157520 2305.5
1157530 2302.9
1157540 2302.9
1157550 2300.5
1157560 2298.4
1157570 2298.4
1157580 2297.2
1157590 2296.5
1157600 2296.5
1157610 2296.5
1157620 2295.4
1157630 2293.1
1157640 2293.1
1157650 2290.9
1157660 2290.9
1157670 2290.9
1157680 2291.4
1157690 2291.3
1157700 2291.3
1157710 2291.2
1157720 2291.6
1157730 2291.6
1157740 2293.6
1157750 2295.9
1157760 2295.9
1157770 2297.5
1157780 2299.4
1157790 2299.4
1157800 2300.6
1157810 2302.5
1157820 2302.5
1157830 2303.3
1157840 2302.7
1157850 2302.1
1157860 2302.1
1157870 2302.0
1157880 2304.9
1157890 2304.9
1157900 2309.5
1157910 2313.6
1157920 2313.6
1157930 2316.6
1157940 2318.7
1157950 2318.7
1157960 2319.2
1157970 2320.9
1157980 2320.9
1157990 2322.8
1158000 2322.7
1158010 2322.7
1158020 2323.9
1158030 2325.8
1158040 2325.8
1158050 2326.5
1158060 2326.8
1158070 2327.0
1158080 2327.0
1158090 2327.2
1158100 2328.5
1158110 2328.5
1158120 2331.1
1158130 2334.8
1158140 2334.8
1158150 2341.5
1158160 2349.1
1158170 2349.1
1158180 2357.3
1158190 2365.6
1158200 2365.6
1158210 2374.0
1158220 2382.6
1158230 2382.6
1158240 2391.2
1158250 2399.2
1158260 2399.2
1158270 2407.4
1158280 2415.3
1158290 2421.5
1158300 2421.5
1158310 2428.0
1158320 2433.4
1158330 2433.4
1158340 2438.7
1158350 2443.8
1158360 2448.6
1158370 2453.5
1158380 2457.1
1158390 2457.1
1158400 2460.1
1158410 2464.9
1158420 2464.9
1158430 2469.3
1158440 2473.3
1158450 2473.3
1158460 2476.8
1158470 2479.3
1158480 2479.3
1158490 2481.2
1158500 2483.6
1158510 2483.6
1158520 2488.4
1158530 2493.6
1158540 2495.8
1158550 2495.8
1158560 2497.4
1158570 2500.5
1158580 2500.5
1158590 2505.2
1158600 2509.1
1158610 2509.1
1158620 2511.9
1158630 2513.7
1158640 2513.7
1158650 2515.2
1158660 2516.7
1158670 2516.7
1158680 2518.5
1158690 2520.8
1158700 2520.8
1158710 2523.3
1158720 2526.5
1158730 2526.5
1158740 2531.5
1158750 2537.4
1158760 2535.6
1158770 2535.6
1158780 2527.6
1158790 2518.7
1158800 2518.7
1158810 2512.9
1158820 2508.2
1158830 2508.2
1158840 2504.3
1158850 2501.5
1158860 2501.5
1158870 2497.6
1158880 2491.9
1158890 2491.9
1158900 2485.7
1158910 2478.0
1158920 2478.0
1158930 2470.5
1158940 2464.3
1158950 2464.3
1158960 2458.3
1158970 2452.2
1158980 2446.5
1158990 2446.5
1159000 2440.7
1159010 2434.6
1159020 2434.6
1159030 2429.3
1159040 2424.9
1159050 2424.9
1159060 2420.9
1159070 2415.9
1159080 2415.9
1159090 2411.5
1159100 2408.2
1159110 2408.2
1159120 2406.2
1159130 2406.1
1159140 2412.3
1159150 2413.1
1159160 2413.7
1159170 2413.7
1159180 2412.5
1159190 2410.0
1159200 2410.0
1159210 2406.7
1159220 2403.6
1159230 2401.3
1159240 2401.3
1159250 2399.2
1159260 2396.7
1159270 2396.7
1159280 2394.9
1159290 2395.0
1159300 2395.0
1159310 2394.9
1159320 2390.7
1159330 2390.7
1159340 2379.6
1159350 2367.4
1159360 2367.4
1159370 2357.6
1159380 2351.0
1159390 2351.0
1159400 2345.2
1159410 2341.1
1159420 2341.1
1159430 2337.8
1159440 2334.9
1159450 2334.3
1159460 2334.3
1159470 2336.1
1159480 2336.8
1159490 2336.8
1159500 2337.0
1159510 2336.8
1159520 2336.8
1159530 2337.9
1159540 2336.0
1159550 2336.0
1159560 2333.6
1159570 2332.6
1159580 2332.6
1159590 2334.3
1159600 2336.1
1159610 2336.1
1159620 2338.0
1159630 2338.0
1159640 2338.0
1159650 2336.0
1159660 2330.8
1159670 2323.2
1159680 2323.2
1159690 2315.6
1159700 2309.2
1159710 2309.2
1159720 2304.1
1159730 2300.8
1159740 2300.8
1159750 2297.9
1159760 2295.4
1159770 2295.4
1159780 2291.8
1159790 2289.1
1159800 2289.1
1159810 2285.9
1159820 2279.2
1159830 2279.2
1159840 2271.4
1159850 2264.5
1159860 2264.5
1159870 2258.3
1159880 2252.5
1159890 2252.5
1159900 2247.1
1159910 2241.4
1159920 2234.5
1159930 2234.5
1159940 2230.4
1159950 2227.2
1159960 2227.2
1159970 2225.2
1159980 2224.8
1159990 2224.8
