1140000 1716.9
1140010 1723.2
1140020 1729.7
1140030 1729.7
1140040 1734.8
1140050 1739.0
1140060 1739.0
1140070 1742.9
1140080 1747.4
1140090 1747.4
1140100 1753.5
1140110 1759.1
1140120 1759.1
1140130 1763.7
1140140 1767.6
1140150 1767.6
1140160 1771.7
1140170 1776.0
1140180 1781.2
1140190 1781.2
1140200 1788.1
1140210 1796.5
1140220 1796.5
1140230 1805.2
1140240 1813.8
1140250 1813.8
1140260 1820.8
1140270 1827.3
1140280 1827.3
1140290 1833.6
1140300 1840.1
1140310 1840.1
1140320 1847.1
1140330 1855.2
1140340 1855.2
1140350 1863.4
1140360 1871.6
1140370 1871.6
1140380 1886.1
1140390 1894.7
1140400 1894.7
1140410 1902.0
1140420 1910.2
1140430 1917.7
1140440 1917.7
1140450 1923.4
1140460 1928.8
1140470 1928.8
1140480 1934.6
1140490 1940.6
1140500 1940.6
1140510 1947.0
1140520 1951.1
1140530 1951.1
1140540 1954.0
1140550 1955.8
1140560 1955.8
1140570 1956.3
1140580 1957.5
1140590 1957.5
1140600 1959.2
1140610 1962.0
1140620 1962.0
1140630 1965.2
1140640 1968.5
1140650 1972.6
1140660 1972.6
1140670 1976.7
1140680 1980.4
1140690 1980.4
1140700 1983.5
1140710 1985.0
1140720 1985.0
1140730 1984.0
1140740 1981.2
1140750 1983.3
1140760 1977.9
1140770 1971.8
1140780 1971.8
1140790 1964.8
1140800 1956.6
1140810 1956.6
1140820 1948.1
1140830 1938.0
1140840 1938.0
1140850 1929.5
1140860 1918.8
1140870 1907.6
1140880 1907.6
1140890 1900.0
1140900 1893.5
1140910 1893.5
1140920 1888.0
1140930 1881.8
1140940 1881.8
1140950 1875.5
1140960 1869.1
1140970 1869.1
1140980 1861.7
1140990 1852.6
1141000 1852.6
1141010 1842.9
1141020 1830.6
1141030 1830.6
1141040 1817.2
1141050 1807.7
1141060 1807.7
1141070 1800.2
1141080 1793.7
1141090 1793.7
1141100 1788.1
1141110 1780.0
1141120 1766.4
1141130 1766.4
1141140 1757.7
1141150 1749.2
1141160 1749.2
1141170 1741.5
1141180 1731.9
1141190 1731.9
1141200 1719.7
1141210 1709.8
1141220 1709.8
1141230 1702.4
1141240 1694.7
1141250 1694.7
1141260 1687.4
1141270 1680.9
1141280 1680.9
1141290 1673.5
1141300 1664.9
1141310 1664.9
1141320 1657.3
1141330 1650.1
1141340 1642.9
1141350 1642.9
1141360 1635.6
1141370 1625.5
1141380 1625.5
1141390 1617.1
1141400 1610.6
1141410 1610.6
1141420 1605.2
1141430 1599.9
1141440 1599.9
1141450 1594.3
1141460 1589.0
1141470 1589.0
1141480 1584.0
1141490 1580.3
1141500 1580.3
1141510 1576.8
1141520 1571.6
1141530 1571.6
1141540 1565.8
1141550 1561.1
1141560 1561.1
1141570 1558.1
1141580 1554.6
1141590 1550.9
1141600 1550.9
1141610 1546.6
1141620 1542.0
1141630 1542.0
1141640 1535.5
1141650 1528.6
1141660 1528.6
1141670 1527.2
1141680 1529.9
1141690 1529.9
1141700 1533.5
1141710 1539.6
1141720 1539.6
1141730 1547.1
1141740 1556.5
1141750 1556.5
1141760 1568.7
1141770 1579.8
1141780 1579.8
1141790 1592.0
1141800 1600.1
1141810 1606.5
1141820 1606.5
1141830 1612.4
1141840 1615.1
1141850 1613.4
1141860 1617.9
1141870 1624.9
1141880 1624.9
1141890 1631.2
1141900 1638.9
1141910 1638.9
1141920 1647.1
1141930 1655.6
1141940 1655.6
1141950 1664.7
1141960 1673.6
1141970 1673.6
1141980 1682.1
1141990 1689.6
1142000 1689.6
1142010 1694.6
1142020 1698.3
1142030 1701.7
1142040 1701.7
1142050 1706.6
1142060 1711.3
1142070 1711.3
1142080 1714.2
1142090 1715.4
1142100 1715.4
1142110 1717.1
1142120 1720.1
1142130 1720.1
1142140 1722.8
1142150 1724.8
1142160 1724.8
1142170 1727.1
1142180 1730.5
1142190 1730.5
1142200 1733.8
1142210 1737.3
1142220 1736.3
1142230 1739.5
1142240 1741.5
1142250 1741.5
1142260 1743.3
1142270 1745.7
1142280 1748.3
1142290 1748.3
1142300 1751.3
1142310 1754.7
1142320 1754.7
1142330 1759.1
1142340 1763.7
1142350 1763.7
1142360 1768.0
1142370 1771.9
1142380 1771.9
1142390 1776.0
1142400 1780.7
1142410 1780.7
1142420 1786.2
1142430 1790.7
1142440 1790.7
1142450 1794.1
1142460 1798.7
1142470 1798.7
1142480 1803.6
1142490 1808.9
1142500 1814.1
1142510 1814.1
1142520 1819.7
1142530 1827.0
1142540 1827.0
1142550 1834.0
1142560 1837.4
1142570 1837.4
1142580 1843.0
1142590 1848.6
1142600 1848.6
1142610 1854.9
1142620 1861.4
1142630 1861.4
1142640 1868.1
1142650 1873.7
1142660 1873.7
1142670 1879.5
1142680 1885.0
1142690 1885.0
1142700 1890.5
1142710 1895.3
1142720 1895.3
1142730 1901.6
1142740 1906.7
1142750 1910.5
1142760 1910.5
1142770 1914.8
1142780 1921.8
1142790 1921.8
1142800 1928.6
1142810 1936.1
1142820 1936.1
1142830 1942.4
1142840 1947.7
1142850 1947.7
1142860 1952.9
1142870 1956.9
1142880 1956.9
1142890 1960.0
1142900 1962.9
1142910 1962.9
1142920 1966.8
1142930 1971.0
1142940 1971.0
1142950 1976.1
1142960 1981.0
1142970 1982.2
1142980 1982.2
1142990 1989.6
1143000 2002.3
1143010 2002.3
1143020 2011.3
1143030 2018.7
1143040 2018.7
1143050 2025.7
1143060 2032.1
1143070 2032.1
1143080 2038.3
1143090 2044.7
1143100 2044.7
1143110 2051.7
1143120 2058.6
1143130 2058.6
1143140 2065.1
1143150 2071.1
1143160 2071.1
1143170 2077.1
1143180 2082.8
1143190 2088.6
1143200 2088.6
1143210 2094.7
1143220 2100.7
1143230 2100.7
1143240 2106.3
1143250 2112.3
1143260 2112.3
1143270 2118.5
1143280 2125.0
1143290 2125.0
1143300 2131.7
1143310 2138.7
1143320 2138.7
1143330 2145.8
1143340 2152.7
1143350 2152.7
1143360 2160.8
1143370 2168.9
1143380 2168.9
1143390 2176.8
1143400 2184.4
1143410 2184.4
1143420 2191.9
1143430 2198.7
1143440 2204.8
1143450 2204.8
1143460 2210.9
1143470 2216.8
1143480 2216.8
1143490 2221.3
1143500 2224.3
1143510 2224.3
1143520 2227.8
1143530 2233.0
1143540 2233.0
1143550 2237.7
1143560 2242.7
1143570 2242.7
1143580 2248.7
1143590 2254.4
1143600 2254.4
1143610 2258.9
1143620 2265.7
1143630 2265.7
1143640 2271.3
1143650 2276.5
1143660 2282.3
1143670 2282.3
1143680 2288.5
1143690 2293.6
1143700 2293.6
1143710 2296.5
1143720 2299.7
1143730 2299.7
1143740 2301.7
1143750 2304.1
1143760 2304.1
1143770 2307.3
1143780 2311.6
1143790 2311.6
1143800 2316.5
1143810 2321.8
1143820 2321.8
1143830 2327.1
1143840 2332.4
1143850 2332.4
1143860 2337.6
1143870 2342.6
1143880 2347.5
1143890 2347.5
1143900 2352.0
1143910 2355.5
1143920 2355.5
1143930 2358.8
1143940 2362.6
1143950 2362.6
1143960 2366.4
1143970 2370.5
1143980 2370.5
1143990 2374.7
1144000 2379.1
1144010 2379.1
1144020 2383.7
1144030 2388.1
1144040 2388.1
1144050 2392.6
1144060 2397.6
1144070 2397.6
1144080 2400.8
1144090 2404.6
1144100 2404.6
1144110 2407.9
1144120 2411.9
1144130 2416.4
1144140 2416.4
1144150 2420.6
1144160 2423.1
1144170 2423.1
1144180 2420.7
1144190 2415.9
1144200 2415.9
1144210 2411.1
1144220 2404.9
1144230 2404.9
1144240 2398.1
1144250 2390.7
1144260 2390.7
1144270 2382.8
1144280 2377.3
1144290 2377.3
1144300 2371.5
1144310 2361.6
1144320 2361.6
1144330 2351.4
1144340 2344.1
1144350 2337.6
1144360 2337.6
1144370 2332.2
1144380 2333.9
1144390 2333.9
1144400 2334.5
1144410 2328.7
1144420 2328.7
1144430 2320.2
1144440 2308.6
1144450 2308.6
1144460 2303.2
1144470 2295.2
1144480 2295.2
1144490 2288.2
1144500 2285.6
1144510 2285.6
1144520 2280.2
1144530 2272.8
1144540 2272.8
1144550 2266.7
1144560 2262.9
1144570 2262.9
1144580 2261.9
1144590 2262.5
1144600 2263.0
1144610 2263.0
1144620 2262.8
1144630 2261.9
1144640 2261.9
1144650 2260.1
1144660 2259.1
1144670 2259.1
1144680 2258.5
1144690 2257.0
1144700 2257.0
1144710 2254.7
1144720 2252.9
1144730 2252.9
1144740 2250.6
1144750 2247.4
1144760 2247.4
1144770 2244.3
1144780 2242.9
1144790 2242.9
1144800 2241.9
1144810 2239.7
1144820 2237.0
1144830 2243.4
1144840 2239.9
1144850 2237.3
1144860 2237.3
1144870 2235.5
1144880 2234.0
1144890 2234.0
1144900 2232.8
1144910 2231.2
1144920 2231.2
1144930 2229.4
1144940 2228.4
1144950 2228.4
1144960 2227.2
1144970 2225.4
1144980 2225.4
1144990 2224.1
1145000 2222.9
1145010 2222.9
1145020 2219.2
1145030 2214.9
1145040 2212.4
1145050 2212.4
1145060 2212.1
1145070 2210.7
1145080 2210.7
1145090 2208.4
1145100 2205.6
1145110 2205.6
1145120 2202.3
1145130 2200.2
1145140 2200.2
1145150 2199.5
1145160 2198.9
1145170 2198.9
1145180 2196.5
1145190 2192.7
1145200 2197.2
1145210 2193.2
1145220 2189.1
1145230 2189.1
1145240 2186.8
1145250 2185.3
1145260 2185.3
1145270 2183.3
1145280 2183.3
1145290 2184.6
1145300 2184.6
1145310 2185.8
1145320 2188.4
1145330 2188.4
1145340 2191.8
1145350 2196.0
1145360 2196.0
1145370 2199.0
1145380 2201.7
1145390 2201.7
1145400 2204.1
1145410 2207.5
1145420 2207.5
1145430 2212.0
1145440 2215.0
1145450 2215.0
1145460 2216.9
1145470 2220.9
1145480 2220.9
1145490 2227.3
1145500 2233.8
1145510 2240.7
1145520 2240.7
1145530 2246.2
1145540 2251.1
1145550 2251.1
1145560 2255.4
1145570 2261.5
1145580 2261.9
1145590 2269.0
1145600 2276.9
1145610 2276.9
1145620 2284.7
1145630 2292.0
1145640 2292.0
1145650 2296.4
1145660 2296.9
1145670 2296.9
1145680 2297.4
1145690 2300.0
1145700 2300.0
1145710 2303.8
1145720 2307.7
1145730 2307.7
1145740 2316.4
1145750 2323.6
1145760 2328.8
1145770 2328.8
1145780 2331.2
1145790 2332.6
1145800 2332.6
1145810 2336.7
1145820 2342.5
1145830 2342.5
1145840 2350.0
1145850 2355.0
1145860 2355.0
1145870 2359.1
1145880 2364.0
1145890 2364.0
1145900 2368.9
1145910 2374.3
1145920 2374.3
1145930 2380.7
1145940 2388.8
1145950 2387.4
1145960 2395.9
1145970 2403.8
1145980 2409.2
1145990 2409.2
1146000 2415.1
1146010 2420.3
1146020 2420.3
1146030 2424.8
1146040 2427.7
1146050 2427.7
1146060 2430.0
1146070 2432.3
1146080 2432.3
1146090 2434.9
1146100 2438.2
1146110 2438.2
1146120 2442.4
1146130 2447.2
1146140 2447.2
1146150 2452.2
1146160 2457.7
1146170 2457.7
1146180 2462.9
1146190 2468.1
1146200 2472.9
1146210 2472.9
1146220 2478.1
1146230 2481.8
1146240 2481.8
1146250 2485.1
1146260 2488.7
1146270 2488.7
1146280 2492.3
1146290 2495.8
1146300 2495.8
1146310 2499.5
1146320 2503.4
1146330 2497.4
1146340 2501.7
1146350 2507.4
1146360 2507.4
1146370 2512.1
1146380 2514.1
1146390 2514.1
1146400 2516.1
1146410 2520.6
1146420 2520.6
1146430 2528.4
1146440 2537.5
1146450 2545.9
1146460 2545.9
1146470 2554.3
1146480 2561.3
1146490 2561.3
1146500 2568.2
1146510 2573.9
1146520 2573.9
1146530 2578.1
1146540 2580.2
1146550 2580.2
1146560 2579.3
1146570 2581.3
1146580 2581.3
1146590 2586.6
1146600 2588.9
1146610 2588.9
1146620 2590.7
1146630 2591.6
1146640 2591.6
1146650 2589.5
1146660 2588.6
1146670 2590.3
1146680 2590.3
1146690 2591.1
1146700 2586.2
1146710 2586.2
1146720 2583.8
1146730 2583.9
1146740 2583.9
1146750 2584.8
1146760 2585.8
1146770 2585.8
1146780 2587.1
1146790 2588.3
1146800 2588.3
1146810 2589.5
1146820 2589.6
1146830 2589.6
1146840 2590.3
1146850 2591.5
1146860 2591.5
1146870 2593.9
1146880 2597.9
1146890 2602.1
1146900 2602.1
1146910 2605.2
1146920 2612.1
1146930 2612.1
1146940 2619.1
1146950 2625.0
1146960 2625.0
1146970 2629.8
1146980 2634.1
1146990 2634.1
1147000 2637.7
1147010 2640.8
1147020 2640.8
1147030 2642.6
1147040 2645.1
1147050 2645.1
1147060 2646.9
1147070 2650.9
1147080 2648.2
1147090 2652.9
1147100 2657.4
1147110 2657.4
1147120 2661.6
1147130 2665.3
1147140 2670.4
1147150 2670.4
1147160 2675.7
1147170 2681.5
1147180 2681.5
1147190 2688.5
1147200 2696.9
1147210 2696.9
1147220 2706.7
1147230 2715.1
1147240 2715.1
1147250 2723.1
1147260 2730.6
1147270 2730.6
1147280 2737.0
1147290 2740.1
1147300 2740.1
1147310 2742.4
1147320 2744.2
1147330 2744.2
1147340 2746.6
1147350 2752.7
1147360 2759.5
1147370 2759.5
1147380 2765.6
1147390 2779.3
1147400 2779.3
1147410 2796.4
1147420 2807.7
1147430 2807.7
1147440 2817.4
1147450 2811.1
1147460 2811.1
1147470 2795.1
1147480 2771.3
1147490 2771.3
1147500 2752.9
1147510 2732.0
1147520 2732.0
1147530 2706.0
1147540 2689.7
1147550 2689.7
1147560 2682.2
1147570 2674.3
1147580 2674.3
1147590 2666.1
1147600 2657.9
1147610 2648.9
1147620 2648.9
1147630 2639.2
1147640 2627.1
1147650 2627.1
1147660 2619.6
1147670 2605.9
1147680 2605.9
1147690 2596.2
1147700 2588.8
1147710 2588.8
1147720 2582.4
1147730 2577.1
1147740 2577.1
1147750 2572.0
1147760 2566.9
1147770 2566.9
1147780 2562.8
1147790 2558.8
1147800 2558.8
1147810 2555.5
1147820 2552.1
1147830 2545.3
1147840 2545.3
1147850 2542.4
1147860 2539.1
1147870 2539.1
1147880 2536.5
1147890 2534.0
1147900 2534.0
1147910 2532.3
1147920 2530.3
1147930 2530.3
1147940 2529.3
1147950 2528.0
1147960 2528.0
1147970 2525.7
1147980 2523.2
1147990 2523.2
1148000 2521.1
1148010 2518.9
1148020 2518.9
1148030 2517.5
1148040 2517.6
1148050 2517.7
1148060 2517.7
1148070 2517.4
1148080 2517.2
1148090 2517.2
1148100 2518.4
1148110 2520.9
1148120 2520.9
1148130 2523.3
1148140 2525.9
1148150 2525.9
1148160 2530.7
1148170 2535.0
1148180 2535.0
1148190 2535.5
1148200 2534.2
1148210 2531.8
1148220 2532.3
1148230 2534.3
1148240 2534.3
1148250 2530.0
1148260 2521.8
1148270 2521.8
1148280 2516.3
1148290 2510.8
1148300 2505.3
1148310 2505.3
1148320 2499.6
1148330 2493.7
1148340 2493.7
1148350 2487.2
1148360 2480.9
1148370 2480.9
1148380 2474.1
1148390 2467.3
1148400 2467.3
1148410 2460.8
1148420 2455.5
1148430 2455.5
1148440 2451.2
1148450 2447.8
1148460 2447.8
1148470 2445.3
1148480 2444.0
1148490 2444.0
1148500 2442.6
1148510 2441.9
1148520 2441.7
1148530 2441.7
1148540 2440.8
1148550 2439.3
1148560 2439.3
1148570 2438.9
1148580 2441.0
1148590 2434.1
1148600 2436.8
1148610 2440.0
1148620 2440.0
1148630 2443.8
1148640 2446.9
1148650 2446.9
1148660 2449.0
1148670 2449.3
1148680 2449.3
1148690 2449.3
1148700 2449.8
1148710 2449.8
1148720 2450.0
1148730 2449.9
1148740 2450.3
1148750 2450.3
1148760 2451.4
1148770 2451.6
1148780 2451.6
1148790 2453.4
1148800 2456.9
1148810 2456.9
1148820 2459.0
1148830 2461.3
1148840 2461.3
1148850 2463.1
1148860 2463.5
1148870 2463.5
1148880 2463.0
1148890 2462.4
1148900 2462.4
1148910 2461.6
1148920 2460.3
1148930 2460.3
1148940 2459.1
1148950 2458.5
1148960 2457.1
1148970 2458.4
1148980 2459.2
1148990 2459.9
1149000 2459.9
1149010 2461.0
1149020 2461.3
1149030 2461.3
1149040 2459.4
1149050 2456.5
1149060 2456.5
1149070 2454.7
1149080 2453.3
1149090 2453.3
1149100 2452.0
1149110 2450.9
1149120 2450.9
1149130 2449.4
1149140 2446.1
1149150 2446.1
1149160 2442.8
1149170 2440.0
1149180 2440.0
1149190 2433.9
1149200 2425.0
1149210 2411.8
1149220 2411.8
1149230 2401.2
1149240 2393.4
1149250 2393.4
1149260 2386.5
1149270 2378.3
1149280 2378.3
1149290 2370.6
1149300 2364.0
1149310 2364.0
1149320 2357.9
1149330 2351.1
1149340 2349.9
1149350 2343.8
1149360 2338.5
1149370 2338.5
1149380 2334.3
1149390 2330.6
1149400 2330.6
1149410 2326.2
1149420 2321.6
1149430 2321.6
1149440 2317.1
1149450 2312.4
1149460 2307.8
1149470 2307.8
1149480 2303.0
1149490 2298.2
1149500 2298.2
1149510 2294.4
1149520 2290.7
1149530 2290.7
1149540 2286.1
1149550 2277.5
1149560 2277.5
1149570 2266.2
1149580 2257.4
1149590 2257.4
1149600 2250.2
1149610 2245.5
1149620 2245.5
1149630 2241.2
1149640 2238.0
1149650 2238.0
1149660 2235.8
1149670 2233.2
1149680 2230.3
1149690 2230.3
1149700 2226.9
1149710 2222.2
1149720 2218.2
1149730 2213.7
1149740 2208.5
1149750 2208.5
1149760 2202.6
1149770 2196.6
1149780 2196.6
1149790 2190.7
1149800 2184.5
1149810 2184.5
1149820 2178.3
1149830 2171.0
1149840 2171.0
1149850 2162.4
1149860 2153.5
1149870 2153.5
1149880 2145.1
1149890 2138.0
1149900 2132.2
1149910 2132.2
1149920 2126.1
1149930 2120.6
1149940 2120.6
1149950 2115.2
1149960 2110.9
1149970 2110.9
1149980 2106.7
1149990 2101.6
1150000 2101.6
1150010 2096.7
1150020 2091.8
1150030 2091.8
1150040 2086.5
1150050 2082.8
1150060 2082.8
1150070 2079.6
1150080 2075.2
1150090 2075.2
1150100 2067.4
1150110 2064.0
1150120 2064.0
1150130 2061.8
1150140 2060.9
1150150 2059.9
1150160 2059.9
1150170 2059.3
1150180 2058.3
1150190 2058.3
1150200 2057.1
1150210 2055.5
1150220 2055.5
1150230 2053.1
1150240 2051.1
1150250 2051.1
1150260 2050.1
1150270 2050.0
1150280 2050.0
1150290 2049.7
1150300 2048.4
1150310 2048.4
1150320 2044.5
1150330 2037.8
1150340 2037.8
1150350 2030.7
1150360 2023.3
1150370 2014.6
1150380 2014.6
1150390 2005.9
1150400 1997.8
1150410 1997.8
1150420 1990.2
1150430 1983.4
1150440 1983.4
1150450 1977.6
1150460 1972.3
1150470 1972.3
1150480 1964.5
1150490 1958.2
1150500 1958.2
1150510 1950.7
1150520 1942.4
1150530 1942.4
1150540 1936.9
1150550 1934.8
1150560 1934.8
1150570 1932.2
1150580 1930.1
1150590 1923.2
1150600 1923.2
1150610 1913.1
1150620 1907.0
1150630 1907.0
1150640 1900.3
1150650 1894.1
1150660 1894.1
1150670 1887.9
1150680 1882.0
1150690 1882.0
1150700 1876.7
1150710 1872.2
1150720 1872.2
1150730 1867.7
1150740 1861.8
1150750 1861.8
1150760 1855.2
1150770 1848.9
1150780 1848.9
1150790 1843.8
1150800 1839.2
1150810 1839.2
1150820 1833.5
1150830 1827.0
1150840 1820.9
1150850 1820.9
1150860 1814.4
1150870 1810.0
1150880 1810.0
1150890 1806.4
1150900 1803.0
1150910 1803.0
1150920 1798.9
1150930 1797.7
1150940 1797.7
1150950 1798.9
1150960 1801.6
1150970 1801.6
1150980 1802.5
1150990 1803.1
1151000 1803.1
1151010 1803.2
1151020 1803.2
1151030 1803.2
1151040 1803.9
1151050 1804.2
1151060 1804.4
1151070 1804.4
1151080 1804.9
1151090 1804.0
1151100 1804.0
1151110 1806.7
1151120 1811.6
1151130 1811.6
1151140 1815.5
1151150 1818.0
1151160 1818.0
1151170 1822.0
1151180 1826.7
1151190 1826.7
1151200 1831.9
1151210 1839.1
1151220 1839.1
1151230 1845.1
1151240 1856.4
1151250 1856.4
1151260 1864.0
1151270 1880.8
1151280 1880.8
1151290 1896.2
1151300 1903.5
1151310 1912.8
1151320 1912.8
1151330 1923.4
1151340 1934.7
1151350 1934.7
1151360 1940.9
1151370 1946.3
1151380 1946.3
1151390 1951.7
1151400 1958.0
1151410 1958.0
1151420 1967.7
1151430 1971.6
1151440 1971.6
1151450 1972.5
1151460 1972.4
1151470 1972.4
1151480 1971.5
1151490 1969.6
1151500 1969.6
1151510 1968.8
1151520 1969.1
1151530 1970.5
1151540 1970.5
1151550 1973.3
1151560 1977.2
1151570 1977.2
1151580 1982.5
1151590 1988.7
1151600 1988.7
1151610 1995.5
1151620 2001.9
1151630 2001.9
1151640 2011.6
1151650 2019.5
1151660 2019.5
1151670 2025.8
1151680 2032.5
1151690 2032.5
1151700 2040.0
1151710 2052.8
1151720 2052.8
1151730 2063.0
1151740 2070.3
1151750 2077.2
1151760 2077.2
1151770 2085.2
1151780 2090.3
1151790 2090.3
1151800 2096.0
1151810 2102.3
1151820 2102.3
1151830 2107.9
1151840 2115.1
1151850 2115.1
1151860 2122.5
1151870 2128.3
1151880 2128.3
1151890 2135.2
1151900 2143.0
1151910 2143.0
1151920 2149.5
1151930 2155.8
1151940 2155.8
1151950 2161.4
1151960 2167.5
1151970 2167.5
1151980 2176.2
1151990 2190.9
1152000 2204.8
1152010 2204.8
1152020 2213.6
1152030 2219.1
1152040 2219.1
1152050 2225.6
1152060 2233.0
1152070 2233.0
1152080 2240.6
1152090 2247.7
1152100 2247.7
1152110 2255.1
1152120 2262.4
1152130 2262.4
1152140 2269.6
1152150 2276.5
1152160 2276.5
1152170 2283.5
1152180 2290.4
1152190 2290.4
1152200 2297.2
1152210 2304.0
1152220 2310.5
1152230 2310.5
1152240 2317.5
1152250 2326.6
1152260 2326.6
1152270 2344.8
1152280 2369.3
1152290 2369.3
1152300 2380.7
1152310 2394.8
1152320 2394.8
1152330 2405.0
1152340 2413.2
1152350 2413.2
1152360 2423.5
1152370 2431.0
1152380 2431.0
1152390 2428.5
1152400 2433.4
1152410 2433.4
1152420 2439.4
1152430 2445.6
1152440 2450.8
1152450 2450.8
1152460 2454.2
1152470 2460.3
1152480 2460.3
1152490 2470.1
1152500 2474.3
1152510 2474.3
1152520 2478.2
1152530 2482.1
1152540 2482.1
1152550 2485.9
1152560 2490.3
1152570 2490.3
1152580 2494.1
1152590 2497.0
1152600 2497.0
1152610 2498.8
1152620 2499.4
1152630 2499.4
1152640 2500.4
1152650 2501.3
1152660 2501.3
1152670 2502.1
1152680 2503.6
1152690 2504.9
1152700 2504.9
1152710 2504.7
1152720 2504.3
1152730 2504.3
1152740 2505.1
1152750 2507.1
1152760 2507.1
1152770 2505.3
1152780 2507.7
1152790 2507.7
1152800 2508.8
1152810 2509.4
1152820 2509.4
1152830 2510.7
1152840 2512.8
1152850 2512.8
1152860 2516.7
1152870 2519.6
1152880 2519.6
1152890 2521.3
1152900 2522.7
1152910 2524.4
1152920 2524.4
1152930 2524.1
1152940 2521.8
1152950 2521.8
1152960 2518.9
1152970 2517.2
1152980 2517.2
1152990 2515.6
1153000 2511.2
1153010 2511.2
1153020 2505.8
1153030 2502.2
1153040 2502.2
1153050 2499.0
1153060 2494.7
1153070 2494.7
1153080 2492.8
1153090 2493.6
1153100 2493.6
1153110 2495.5
1153120 2497.7
1153130 2497.7
1153140 2500.3
1153150 2496.1
1153160 2497.0
1153170 2497.0
1153180 2498.4
1153190 2500.9
1153200 2500.9
1153210 2505.0
1153220 2509.8
1153230 2509.8
1153240 2514.9
1153250 2520.1
1153260 2520.1
1153270 2525.7
1153280 2531.3
1153290 2531.3
1153300 2537.9
1153310 2543.2
1153320 2543.2
1153330 2548.6
1153340 2554.4
1153350 2554.4
1153360 2561.5
1153370 2576.0
1153380 2586.2
1153390 2586.2
1153400 2597.6
1153410 2611.3
1153420 2611.3
1153430 2619.9
1153440 2625.3
1153450 2625.3
1153460 2628.6
1153470 2630.5
1153480 2630.5
1153490 2633.2
1153500 2637.3
1153510 2637.3
1153520 2642.8
1153530 2635.9
1153540 2635.9
1153550 2646.1
1153560 2654.8
1153570 2654.8
1153580 2660.2
1153590 2672.6
1153600 2683.0
1153610 2683.0
1153620 2690.0
1153630 2697.8
1153640 2697.8
1153650 2705.6
1153660 2713.7
1153670 2713.7
1153680 2721.7
1153690 2729.8
1153700 2729.8
1153710 2735.5
1153720 2738.7
1153730 2738.7
1153740 2741.4
1153750 2743.8
1153760 2743.8
1153770 2746.3
1153780 2748.9
1153790 2748.9
1153800 2751.9
1153810 2754.9
1153820 2754.9
1153830 2757.4
1153840 2760.5
1153850 2765.2
1153860 2765.2
1153870 2770.2
1153880 2778.5
1153890 2778.5
1153900 2783.9
1153910 2787.5
1153920 2780.2
1153930 2786.7
1153940 2794.9
1153950 2794.9
1153960 2803.1
1153970 2810.2
1153980 2810.2
1153990 2816.0
1154000 2818.5
1154010 2818.5
1154020 2808.9
1154030 2803.7
1154040 2803.7
1154050 2803.9
1154060 2801.5
1154070 2800.7
1154080 2800.7
1154090 2800.9
1154100 2794.4
1154110 2794.4
1154120 2781.7
1154130 2769.0
1154140 2769.0
1154150 2756.5
1154160 2747.6
1154170 2747.6
1154180 2742.8
1154190 2739.7
1154200 2739.7
1154210 2735.0
1154220 2729.8
1154230 2729.8
1154240 2723.1
1154250 2717.8
1154260 2717.8
1154270 2716.1
1154280 2715.1
1154290 2714.6
1154300 2711.3
1154310 2711.4
1154320 2713.7
1154330 2713.7
1154340 2720.7
1154350 2728.2
1154360 2728.2
1154370 2735.6
1154380 2743.2
1154390 2743.2
1154400 2750.8
1154410 2756.5
1154420 2756.5
1154430 2763.7
1154440 2765.6
1154450 2765.6
1154460 2767.6
1154470 2766.5
1154480 2766.5
1154490 2761.2
1154500 2758.3
1154510 2758.3
1154520 2752.9
1154530 2746.8
1154540 2737.7
1154550 2737.7
1154560 2723.1
1154570 2708.0
1154580 2708.0
1154590 2716.1
1154600 2704.4
1154610 2704.4
1154620 2696.1
1154630 2678.7
1154640 2678.7
1154650 2658.7
1154660 2651.5
1154670 2651.5
1154680 2645.7
1154690 2637.3
1154700 2637.3
1154710 2635.8
1154720 2634.3
1154730 2634.3
1154740 2632.1
1154750 2629.7
1154760 2627.3
1154770 2627.3
1154780 2624.1
1154790 2620.8
1154800 2620.8
1154810 2617.0
1154820 2612.9
1154830 2612.9
1154840 2609.1
1154850 2605.5
1154860 2605.5
1154870 2602.1
1154880 2599.2
1154890 2599.2
1154900 2596.4
1154910 2593.2
1154920 2593.2
1154930 2589.4
1154940 2587.4
1154950 2587.4
1154960 2586.0
1154970 2585.5
1154980 2585.5
1154990 2584.6
1155000 2583.9
1155010 2583.0
1155020 2583.0
1155030 2582.4
1155040 2581.7
1155050 2581.7
1155060 2582.3
1155070 2580.1
1155080 2580.1
1155090 2582.1
1155100 2582.0
1155110 2582.0
1155120 2583.3
1155130 2583.5
1155140 2583.5
1155150 2584.1
1155160 2586.6
1155170 2586.6
1155180 2587.5
1155190 2589.3
1155200 2589.3
1155210 2590.6
1155220 2593.7
1155230 2596.3
1155240 2596.3
1155250 2596.6
1155260 2597.5
1155270 2597.5
1155280 2600.3
1155290 2601.2
1155300 2601.2
1155310 2604.0
1155320 2606.5
1155330 2606.5
1155340 2609.2
1155350 2612.0
1155360 2612.0
1155370 2616.1
1155380 2620.3
1155390 2620.3
1155400 2625.0
1155410 2629.5
1155420 2629.5
1155430 2633.1
1155440 2637.3
1155450 2641.0
1155460 2635.0
1155470 2639.1
1155480 2642.9
1155490 2642.9
1155500 2646.4
1155510 2649.9
1155520 2649.9
1155530 2653.4
1155540 2658.1
1155550 2658.1
1155560 2665.3
1155570 2671.8
1155580 2671.8
1155590 2679.6
1155600 2686.6
1155610 2686.6
1155620 2693.1
1155630 2699.0
1155640 2699.0
1155650 2706.5
1155660 2718.1
1155670 2718.1
1155680 2729.3
1155690 2737.9
1155700 2747.3
1155710 2747.3
1155720 2754.2
1155730 2762.3
1155740 2762.3
1155750 2772.1
1155760 2783.2
1155770 2783.2
1155780 2799.8
1155790 2811.4
1155800 2811.4
1155810 2819.2
1155820 2824.0
1155830 2824.0
1155840 2826.5
1155850 2825.3
1155860 2825.3
1155870 2813.0
1155880 2799.6
1155890 2799.6
1155900 2792.5
1155910 2787.5
1155920 2780.9
1155930 2780.9
1155940 2765.2
1155950 2751.2
1155960 2751.2
1155970 2735.6
1155980 2711.2
1155990 2711.2
1156000 2688.8
1156010 2677.8
1156020 2677.8
1156030 2671.1
1156040 2664.0
1156050 2664.0
1156060 2658.1
1156070 2652.2
1156080 2652.2
1156090 2646.0
1156100 2637.0
1156110 2637.0
1156120 2626.6
1156130 2615.8
1156140 2609.6
1156150 2609.6
1156160 2605.9
1156170 2603.3
1156180 2603.3
1156190 2601.3
1156200 2599.1
1156210 2599.1
1156220 2597.3
1156230 2591.2
1156240 2591.2
1156250 2588.6
1156260 2586.8
1156270 2586.8
1156280 2586.4
1156290 2584.3
1156300 2584.3
1156310 2580.5
1156320 2575.0
1156330 2575.0
1156340 2567.9
1156350 2560.6
1156360 2560.6
1156370 2554.7
1156380 2549.5
1156390 2546.0
1156400 2546.0
1156410 2543.7
1156420 2541.2
1156430 2541.2
1156440 2537.8
1156450 2534.5
1156460 2534.5
1156470 2532.3
1156480 2529.6
1156490 2529.6
1156500 2525.9
1156510 2522.8
1156520 2522.8
1156530 2521.4
1156540 2520.1
1156550 2520.1
1156560 2519.2
1156570 2520.7
1156580 2520.7
1156590 2521.4
1156600 2521.0
1156610 2519.5
1156620 2525.6
1156630 2522.8
1156640 2520.0
1156650 2520.0
1156660 2517.2
1156670 2514.5
1156680 2514.5
1156690 2511.7
1156700 2508.8
1156710 2508.8
1156720 2505.4
1156730 2500.7
1156740 2500.7
1156750 2496.0
1156760 2491.0
1156770 2491.0
1156780 2484.6
1156790 2476.7
1156800 2476.7
1156810 2470.3
1156820 2466.5
1156830 2457.4
1156840 2457.4
1156850 2442.9
1156860 2434.2
1156870 2434.2
1156880 2426.4
1156890 2414.1
1156900 2414.1
1156910 2397.5
1156920 2387.1
1156930 2387.1
1156940 2370.4
1156950 2355.8
1156960 2355.8
1156970 2347.5
1156980 2340.5
1156990 2340.5
1157000 2337.0
1157010 2330.7
1157020 2330.7
1157030 2324.6
1157040 2318.3
1157050 2318.3
1157060 2312.0
1157070 2305.4
1157080 2298.4
1157090 2298.4
1157100 2291.3
1157110 2284.8
1157120 2284.8
1157130 2279.4
1157140 2274.4
1157150 2274.4
1157160 2270.2
1157170 2266.2
1157180 2266.2
1157190 2261.8
1157200 2257.1
1157210 2257.1
1157220 2253.3
1157230 2248.1
1157240 2248.1
1157250 2242.8
1157260 2238.1
1157270 2238.1
1157280 2233.3
1157290 2228.7
1157300 2224.1
1157310 2224.1
1157320 2219.8
1157330 2215.5
1157340 2215.5
1157350 2211.2
1157360 2206.7
1157370 2206.7
1157380 2201.9
1157390 2199.6
1157400 2199.6
1157410 2195.0
1157420 2190.2
1157430 2190.2
1157440 2184.0
1157450 2178.8
1157460 2178.8
1157470 2174.6
1157480 2170.0
1157490 2170.0
1157500 2165.4
1157510 2160.8
1157520 2160.8
1157530 2156.0
1157540 2151.4
1157550 2147.0
1157560 2147.0
1157570 2142.6
1157580 2138.2
1157590 2138.2
1157600 2134.0
1157610 2129.8
1157620 2129.8
1157630 2125.6
1157640 2121.7
1157650 2121.7
1157660 2117.9
1157670 2114.6
1157680 2114.6
1157690 2111.4
1157700 2108.5
1157710 2108.5
1157720 2105.6
1157730 2103.0
1157740 2103.0
1157750 2100.6
1157760 2098.9
1157770 2098.8
1157780 2098.0
1157790 2096.4
1157800 2093.3
1157810 2093.3
1157820 2091.7
1157830 2091.1
1157840 2091.1
1157850 2091.0
1157860 2089.6
1157870 2089.6
1157880 2090.1
1157890 2089.9
1157900 2089.9
1157910 2091.0
1157920 2096.3
1157930 2096.3
1157940 2102.0
1157950 2107.6
1157960 2107.6
1157970 2114.5
1157980 2121.5
1157990 2128.2
1158000 2128.2
1158010 2133.9
1158020 2138.9
1158030 2138.9
1158040 2143.6
1158050 2147.9
1158060 2147.9
1158070 2152.0
1158080 2155.8
1158090 2155.8
1158100 2159.2
1158110 2162.4
1158120 2162.4
1158130 2165.4
1158140 2168.3
1158150 2168.3
1158160 2172.2
1158170 2178.3
1158180 2178.3
1158190 2183.4
1158200 2189.3
1158210 2189.3
1158220 2194.6
1158230 2200.0
1158240 2205.1
1158250 2205.1
1158260 2209.4
1158270 2213.0
1158280 2213.0
1158290 2216.9
1158300 2220.4
1158310 2220.4
1158320 2223.8
1158330 2227.0
1158340 2227.0
1158350 2230.7
1158360 2235.2
1158370 2235.2
1158380 2240.6
1158390 2246.8
1158400 2246.8
1158410 2254.0
1158420 2260.7
1158430 2260.7
1158440 2266.7
1158450 2272.4
1158460 2278.6
1158470 2278.6
1158480 2285.7
1158490 2293.5
1158500 2293.5
1158510 2304.1
1158520 2312.2
1158530 2312.2
1158540 2319.6
1158550 2327.3
1158560 2329.3
1158570 2342.2
1158580 2356.2
1158590 2356.2
1158600 2363.0
1158610 2364.3
1158620 2364.3
1158630 2365.2
1158640 2366.8
1158650 2366.8
1158660 2368.6
1158670 2372.7
1158680 2377.1
1158690 2377.1
1158700 2380.7
1158710 2384.9
1158720 2384.9
1158730 2388.3
1158740 2391.9
1158750 2391.9
1158760 2394.3
1158770 2397.3
1158780 2397.3
1158790 2400.1
1158800 2403.9
1158810 2403.9
1158820 2408.6
1158830 2411.6
1158840 2411.6
1158850 2414.7
1158860 2418.7
1158870 2418.7
1158880 2421.9
1158890 2424.6
1158900 2424.6
1158910 2426.6
1158920 2429.8
1158930 2433.3
1158940 2433.3
1158950 2439.2
1158960 2442.0
1158970 2442.0
1158980 2444.1
1158990 2445.5
1159000 2445.5
1159010 2446.9
1159020 2448.5
1159030 2448.5
1159040 2450.8
1159050 2452.0
1159060 2452.0
1159070 2449.8
1159080 2443.0
1159090 2443.0
1159100 2436.3
1159110 2429.5
1159120 2429.5
1159130 2422.8
1159140 2415.7
1159150 2408.3
1159160 2408.3
1159170 2401.3
1159180 2393.9
1159190 2393.9
1159200 2385.7
1159210 2378.3
1159220 2378.3
1159230 2371.1
1159240 2363.5
1159250 2363.5
1159260 2357.8
1159270 2354.7
1159280 2354.7
1159290 2351.4
1159300 2346.5
1159310 2346.5
1159320 2340.4
1159330 2334.1
1159340 2330.2
1159350 2324.1
1159360 2317.5
1159370 2310.5
1159380 2310.5
1159390 2303.6
1159400 2297.1
1159410 2297.1
1159420 2290.8
1159430 2284.6
1159440 2284.6
1159450 2278.1
1159460 2272.4
1159470 2272.4
1159480 2267.9
1159490 2263.5
1159500 2263.5
1159510 2258.8
1159520 2253.1
1159530 2253.1
1159540 2246.8
1159550 2240.2
1159560 2240.2
1159570 2233.5
1159580 2228.2
1159590 2228.2
1159600 2224.9
1159610 2222.6
1159620 2219.1
1159630 2219.1
1159640 2215.8
1159650 2212.3
1159660 2212.3
1159670 2207.7
1159680 2204.2
1159690 2204.2
1159700 2201.2
1159710 2197.8
1159720 2197.8
1159730 2195.2
1159740 2190.0
1159750 2190.0
1159760 2185.4
1159770 2180.1
1159780 2180.1
1159790 2174.4
1159800 2168.0
1159810 2168.0
1159820 2161.1
1159830 2154.2
1159840 2147.7
1159850 2147.7
1159860 2141.7
1159870 2136.3
1159880 2136.3
1159890 2131.5
1159900 2127.3
1159910 2127.3
1159920 2123.6
1159930 2120.5
1159940 2120.5
1159950 2117.9
1159960 2115.3
1159970 2115.3
1159980 2112.8
1159990 2110.4
