1140000 1561.7
1140010 1565.6
1140020 1569.6
1140030 1569.6
1140040 1572.6
1140050 1575.2
1140060 1575.2
1140070 1577.1
1140080 1581.3
1140090 1581.3
1140100 1584.1
1140110 1587.4
1140120 1587.4
1140130 1589.9
1140140 1591.9
1140150 1591.9
1140160 1594.9
1140170 1597.3
1140180 1597.3
1140190 1600.6
1140200 1605.9
1140210 1605.9
1140220 1610.1
1140230 1614.4
1140240 1618.5
1140250 1618.5
1140260 1621.7
1140270 1624.9
1140280 1624.9
1140290 1628.3
1140300 1630.7
1140310 1630.7
1140320 1632.8
1140330 1635.2
1140340 1635.2
1140350 1637.7
1140360 1639.1
1140370 1639.1
1140380 1640.3
1140390 1643.2
1140400 1643.2
1140410 1645.9
1140420 1648.3
1140430 1648.3
1140440 1650.6
1140450 1657.1
1140460 1657.1
1140470 1659.5
1140480 1663.5
1140490 1668.4
1140500 1668.4
1140510 1674.3
1140520 1678.8
1140530 1678.8
1140540 1683.8
1140550 1691.5
1140560 1691.5
1140570 1698.1
1140580 1702.9
1140590 1702.9
1140600 1704.3
1140610 1704.0
1140620 1704.0
1140630 1702.8
1140640 1698.8
1140650 1698.8
1140660 1695.9
1140670 1691.8
1140680 1691.8
1140690 1687.5
1140700 1683.6
1140710 1680.1
1140720 1680.1
1140730 1676.7
1140740 1675.7
1140750 1675.7
1140760 1676.0
1140770 1677.2
1140780 1677.2
1140790 1679.2
1140800 1679.6
1140810 1679.6
1140820 1687.9
1140830 1688.2
1140840 1688.2
1140850 1686.7
1140860 1684.1
1140870 1684.1
1140880 1683.6
1140890 1683.8
1140900 1683.8
1140910 1683.4
1140920 1682.9
1140930 1684.1
1140940 1684.1
1140950 1686.9
1140960 1684.6
1140970 1684.6
1140980 1682.2
1140990 1681.5
1141000 1681.5
1141010 1678.4
1141020 1672.8
1141030 1672.8
1141040 1670.5
1141050 1669.5
1141060 1669.5
1141070 1664.5
1141080 1660.5
1141090 1660.5
1141100 1657.7
1141110 1655.9
1141120 1655.9
1141130 1655.2
1141140 1652.3
1141150 1652.3
1141160 1647.2
1141170 1641.3
1141180 1636.0
1141190 1637.5
1141200 1631.6
1141210 1626.4
1141220 1626.4
1141230 1622.6
1141240 1615.7
1141250 1615.7
1141260 1609.5
1141270 1602.7
1141280 1602.7
1141290 1595.9
1141300 1588.0
1141310 1588.0
1141320 1579.9
1141330 1574.1
1141340 1574.1
1141350 1568.1
1141360 1561.4
1141370 1561.4
1141380 1550.4
1141390 1540.7
1141400 1534.1
1141410 1534.1
1141420 1528.4
1141430 1521.4
1141440 1521.4
1141450 1512.2
1141460 1496.2
1141470 1496.2
1141480 1480.7
1141490 1463.7
1141500 1463.7
1141510 1443.7
1141520 1440.0
1141530 1440.0
1141540 1447.5
1141550 1462.8
1141560 1461.4
1141570 1471.9
1141580 1484.9
1141590 1484.9
1141600 1493.2
1141610 1500.0
1141620 1500.0
1141630 1507.2
1141640 1515.8
1141650 1522.9
1141660 1522.9
1141670 1531.8
1141680 1540.6
1141690 1540.6
1141700 1552.5
1141710 1567.2
1141720 1567.2
1141730 1571.9
1141740 1574.7
1141750 1574.7
1141760 1578.5
1141770 1582.4
1141780 1582.4
1141790 1583.6
1141800 1585.3
1141810 1585.3
1141820 1590.9
1141830 1599.6
1141840 1599.6
1141850 1609.0
1141860 1617.0
1141870 1622.9
1141880 1622.9
1141890 1627.9
1141900 1632.6
1141910 1632.6
1141920 1637.3
1141930 1639.3
1141940 1639.3
1141950 1644.5
1141960 1650.2
1141970 1650.2
1141980 1656.0
1141990 1660.0
1142000 1660.0
1142010 1665.5
1142020 1673.7
1142030 1673.7
1142040 1683.5
1142050 1691.5
1142060 1691.5
1142070 1698.7
1142080 1705.0
1142090 1711.4
1142100 1711.4
1142110 1719.0
1142120 1726.7
1142130 1726.7
1142140 1733.4
1142150 1741.1
1142160 1741.1
1142170 1749.1
1142180 1754.8
1142190 1754.8
1142200 1761.1
1142210 1767.5
1142220 1767.5
1142230 1772.6
1142240 1777.9
1142250 1777.9
1142260 1783.4
1142270 1788.7
1142280 1788.7
1142290 1795.3
1142300 1802.3
1142310 1802.3
1142320 1808.3
1142330 1813.4
1142340 1818.0
1142350 1818.0
1142360 1822.8
1142370 1828.0
1142380 1828.0
1142390 1833.2
1142400 1837.9
1142410 1837.9
1142420 1842.9
1142430 1847.1
1142440 1847.1
1142450 1850.0
1142460 1853.5
1142470 1853.5
1142480 1856.1
1142490 1857.6
1142500 1857.6
1142510 1859.5
1142520 1863.5
1142530 1863.5
1142540 1870.8
1142550 1877.9
1142560 1884.1
1142570 1884.1
1142580 1889.7
1142590 1895.5
1142600 1895.5
1142610 1899.7
1142620 1903.6
1142630 1903.6
1142640 1908.2
1142650 1914.1
1142660 1914.1
1142670 1920.6
1142680 1927.2
1142690 1927.2
1142700 1935.1
1142710 1942.3
1142720 1942.3
1142730 1946.7
1142740 1952.9
1142750 1952.9
1142760 1959.9
1142770 1967.5
1142780 1967.5
1142790 1974.7
1142800 1981.1
1142810 1986.7
1142820 1986.7
1142830 1992.6
1142840 1997.7
1142850 1997.7
1142860 2002.4
1142870 2006.8
1142880 2006.8
1142890 2011.6
1142900 2016.5
1142910 2016.5
1142920 2020.2
1142930 2024.4
1142940 2024.4
1142950 2028.7
1142960 2033.2
1142970 2033.2
1142980 2037.6
1142990 2042.1
1143000 2042.1
1143010 2046.1
1143020 2050.3
1143030 2053.9
1143040 2057.3
1143050 2059.8
1143060 2063.0
1143070 2063.0
1143080 2066.3
1143090 2068.6
1143100 2068.6
1143110 2070.1
1143120 2073.4
1143130 2073.4
1143140 2077.1
1143150 2079.9
1143160 2079.9
1143170 2081.8
1143180 2083.8
1143190 2083.8
1143200 2086.6
1143210 2089.9
1143220 2089.9
1143230 2093.3
1143240 2097.4
1143250 2097.4
1143260 2101.4
1143270 2103.6
1143280 2104.9
1143290 2104.9
1143300 2106.7
1143310 2108.5
1143320 2108.5
1143330 2110.4
1143340 2112.6
1143350 2112.6
1143360 2114.4
1143370 2116.8
1143380 2116.8
1143390 2120.2
1143400 2123.2
1143410 2128.8
1143420 2132.0
1143430 2135.6
1143440 2135.6
1143450 2138.8
1143460 2141.0
1143470 2141.0
1143480 2142.8
1143490 2145.1
1143500 2147.4
1143510 2147.4
1143520 2150.4
1143530 2153.8
1143540 2153.8
1143550 2157.5
1143560 2160.9
1143570 2160.9
1143580 2163.7
1143590 2166.1
1143600 2166.1
1143610 2168.0
1143620 2170.0
1143630 2170.0
1143640 2171.7
1143650 2173.6
1143660 2173.6
1143670 2175.8
1143680 2177.7
1143690 2177.7
1143700 2180.3
1143710 2183.6
1143720 2187.7
1143730 2187.7
1143740 2192.5
1143750 2197.2
1143760 2197.2
1143770 2201.7
1143780 2205.7
1143790 2210.4
1143800 2214.9
1143810 2221.2
1143820 2221.2
1143830 2230.8
1143840 2237.5
1143850 2237.5
1143860 2240.5
1143870 2242.3
1143880 2242.3
1143890 2243.1
1143900 2242.4
1143910 2242.4
1143920 2241.1
1143930 2240.0
1143940 2240.0
1143950 2239.4
1143960 2238.5
1143970 2237.6
1143980 2237.6
1143990 2235.7
1144000 2232.8
1144010 2232.8
1144020 2228.8
1144030 2224.3
1144040 2224.3
1144050 2219.2
1144060 2213.9
1144070 2213.9
1144080 2208.4
1144090 2202.7
1144100 2202.7
1144110 2197.2
1144120 2192.6
1144130 2192.6
1144140 2188.1
1144150 2182.1
1144160 2184.2
1144170 2178.0
1144180 2171.5
1144190 2163.8
1144200 2163.8
1144210 2156.9
1144220 2150.7
1144230 2150.7
1144240 2144.4
1144250 2136.9
1144260 2136.9
1144270 2129.2
1144280 2122.9
1144290 2122.9
1144300 2117.3
1144310 2111.9
1144320 2111.9
1144330 2106.8
1144340 2101.8
1144350 2101.8
1144360 2097.3
1144370 2093.2
1144380 2093.2
1144390 2089.1
1144400 2085.4
1144410 2085.4
1144420 2082.4
1144430 2079.6
1144440 2077.5
1144450 2077.5
1144460 2074.7
1144470 2071.8
1144480 2071.8
1144490 2071.2
1144500 2070.9
1144510 2070.9
1144520 2070.3
1144530 2068.9
1144540 2068.9
1144550 2065.1
1144560 2060.0
1144570 2060.0
1144580 2053.3
1144590 2048.5
1144600 2048.5
1144610 2046.2
1144620 2044.3
1144630 2044.3
1144640 2044.9
1144650 2044.8
1144660 2047.1
1144670 2047.1
1144680 2049.0
1144690 2049.8
1144700 2049.8
1144710 2051.1
1144720 2051.0
1144730 2051.0
1144740 2050.0
1144750 2051.8
1144760 2051.8
1144770 2054.6
1144780 2056.1
1144790 2056.1
1144800 2056.1
1144810 2054.3
1144820 2054.3
1144830 2052.2
1144840 2049.9
1144850 2049.9
1144860 2047.9
1144870 2046.6
1144880 2045.8
1144890 2045.8
1144900 2047.1
1144910 2045.3
1144920 2045.3
1144930 2046.8
1144940 2048.9
1144950 2048.9
1144960 2052.2
1144970 2056.9
1144980 2056.9
1144990 2060.5
1145000 2062.7
1145010 2062.7
1145020 2065.6
1145030 2068.1
1145040 2068.1
1145050 2069.5
1145060 2071.1
1145070 2071.1
1145080 2072.8
1145090 2074.2
1145100 2074.2
1145110 2075.0
1145120 2076.3
1145130 2077.6
1145140 2077.6
1145150 2077.9
1145160 2078.7
1145170 2078.7
1145180 2082.9
1145190 2086.7
1145200 2086.7
1145210 2089.7
1145220 2093.3
1145230 2093.3
1145240 2098.5
1145250 2104.1
1145260 2104.1
1145270 2109.2
1145280 2114.3
1145290 2114.3
1145300 2119.7
1145310 2125.1
1145320 2125.1
1145330 2130.5
1145340 2136.2
1145350 2142.2
1145360 2142.2
1145370 2147.7
1145380 2153.6
1145390 2153.6
1145400 2159.3
1145410 2164.0
1145420 2164.0
1145430 2168.3
1145440 2172.3
1145450 2172.3
1145460 2176.2
1145470 2182.0
1145480 2182.0
1145490 2187.4
1145500 2191.5
1145510 2191.5
1145520 2195.9
1145530 2200.4
1145540 2200.4
1145550 2205.1
1145560 2209.8
1145570 2209.8
1145580 2214.9
1145590 2220.2
1145600 2225.9
1145610 2225.9
1145620 2231.5
1145630 2237.2
1145640 2237.2
1145650 2241.1
1145660 2245.1
1145670 2245.1
1145680 2248.9
1145690 2252.3
1145700 2252.3
1145710 2256.1
1145720 2259.4
1145730 2259.4
1145740 2262.8
1145750 2266.3
1145760 2266.3
1145770 2269.8
1145780 2273.5
1145790 2273.5
1145800 2277.7
1145810 2282.9
1145820 2289.0
1145830 2289.0
1145840 2295.9
1145850 2303.4
1145860 2303.4
1145870 2310.5
1145880 2315.8
1145890 2315.8
1145900 2319.8
1145910 2324.0
1145920 2324.0
1145930 2328.4
1145940 2332.0
1145950 2332.0
1145960 2335.6
1145970 2339.4
1145980 2339.4
1145990 2343.0
1146000 2346.6
1146010 2346.6
1146020 2350.5
1146030 2355.3
1146040 2360.0
1146050 2360.0
1146060 2364.8
1146070 2369.7
1146080 2369.7
1146090 2374.5
1146100 2379.3
1146110 2379.3
1146120 2383.8
1146130 2388.5
1146140 2388.5
1146150 2393.7
1146160 2398.9
1146170 2398.9
1146180 2403.8
1146190 2408.6
1146200 2408.6
1146210 2413.8
1146220 2419.1
1146230 2419.1
1146240 2424.2
1146250 2429.6
1146260 2429.6
1146270 2434.9
1146280 2440.1
1146290 2445.1
1146300 2445.1
1146310 2449.8
1146320 2454.6
1146330 2454.6
1146340 2459.5
1146350 2464.6
1146360 2464.6
1146370 2469.5
1146380 2474.3
1146390 2474.3
1146400 2482.1
1146410 2486.6
1146420 2486.6
1146430 2490.8
1146440 2494.5
1146450 2494.5
1146460 2498.5
1146470 2503.9
1146480 2503.9
1146490 2509.9
1146500 2517.9
1146510 2527.4
1146520 2527.4
1146530 2535.9
1146540 2545.2
1146550 2545.2
1146560 2552.6
1146570 2557.9
1146580 2557.9
1146590 2564.0
1146600 2571.1
1146610 2571.1
1146620 2576.6
1146630 2582.6
1146640 2582.6
1146650 2588.3
1146660 2590.8
1146670 2590.8
1146680 2589.8
1146690 2589.5
1146700 2589.5
1146710 2589.3
1146720 2590.2
1146730 2590.2
1146740 2592.8
1146750 2595.9
1146760 2599.6
1146770 2599.6
1146780 2602.2
1146790 2608.1
1146800 2608.1
1146810 2613.5
1146820 2617.5
1146830 2617.5
1146840 2620.5
1146850 2622.5
1146860 2622.5
1146870 2624.1
1146880 2624.7
1146890 2624.7
1146900 2624.4
1146910 2624.4
1146920 2624.4
1146930 2621.5
1146940 2618.2
1146950 2618.2
1146960 2615.4
1146970 2615.5
1146980 2620.6
1146990 2620.6
1147000 2628.0
1147010 2632.9
1147020 2632.9
1147030 2636.1
1147040 2637.4
1147050 2637.4
1147060 2634.9
1147070 2627.1
1147080 2627.1
1147090 2618.5
1147100 2610.1
1147110 2610.1
1147120 2606.2
1147130 2601.5
1147140 2601.5
1147150 2602.8
1147160 2592.6
1147170 2592.6
1147180 2582.8
1147190 2576.8
1147200 2576.8
1147210 2572.5
1147220 2569.4
1147230 2568.0
1147240 2568.0
1147250 2565.5
1147260 2561.5
1147270 2561.5
1147280 2557.7
1147290 2555.3
1147300 2555.3
1147310 2557.3
1147320 2558.7
1147330 2558.7
1147340 2556.3
1147350 2551.6
1147360 2551.6
1147370 2546.3
1147380 2542.6
1147390 2542.6
1147400 2543.7
1147410 2547.0
1147420 2547.0
1147430 2552.0
1147440 2555.3
1147450 2555.6
1147460 2555.6
1147470 2557.2
1147480 2557.8
1147490 2557.8
1147500 2556.1
1147510 2557.5
1147520 2557.5
1147530 2568.6
1147540 2570.1
1147550 2570.1
1147560 2574.1
1147570 2579.1
1147580 2579.1
1147590 2583.2
1147600 2585.8
1147610 2585.8
1147620 2589.5
1147630 2593.8
1147640 2593.8
1147650 2597.4
1147660 2603.9
1147670 2612.6
1147680 2612.6
1147690 2618.8
1147700 2623.4
1147710 2623.4
1147720 2623.9
1147730 2630.3
1147740 2630.3
1147750 2637.1
1147760 2641.7
1147770 2641.7
1147780 2641.0
1147790 2640.3
1147800 2640.3
1147810 2638.6
1147820 2635.1
1147830 2635.1
1147840 2629.5
1147850 2633.0
1147860 2633.0
1147870 2647.7
1147880 2659.0
1147890 2659.0
1147900 2670.0
1147910 2689.0
1147920 2694.3
1147930 2694.3
1147940 2696.4
1147950 2697.0
1147960 2697.0
1147970 2700.2
1147980 2703.2
1147990 2703.2
1148000 2706.0
1148010 2709.6
1148020 2709.6
1148030 2711.6
1148040 2711.0
1148050 2711.0
1148060 2713.6
1148070 2717.3
1148080 2717.3
1148090 2719.6
1148100 2722.1
1148110 2722.1
1148120 2728.5
1148130 2739.0
1148140 2746.8
1148150 2746.8
1148160 2748.6
1148170 2747.6
1148180 2747.6
1148190 2742.9
1148200 2733.8
1148210 2733.8
1148220 2724.1
1148230 2714.3
1148240 2714.3
1148250 2707.8
1148260 2699.2
1148270 2699.2
1148280 2689.4
1148290 2675.8
1148300 2675.8
1148310 2667.7
1148320 2660.7
1148330 2660.7
1148340 2654.3
1148350 2648.2
1148360 2648.2
1148370 2640.8
1148380 2632.4
1148390 2624.9
1148400 2624.9
1148410 2619.7
1148420 2614.9
1148430 2614.9
1148440 2610.9
1148450 2607.6
1148460 2607.6
1148470 2604.9
1148480 2602.7
1148490 2602.7
1148500 2602.0
1148510 2602.2
1148520 2602.2
1148530 2602.3
1148540 2602.9
1148550 2602.9
1148560 2604.7
1148570 2607.5
1148580 2607.5
1148590 2610.5
1148600 2613.5
1148610 2616.8
1148620 2616.8
1148630 2620.4
1148640 2624.4
1148650 2624.4
1148660 2627.5
1148670 2629.6
1148680 2629.6
1148690 2629.2
1148700 2626.5
1148710 2626.5
1148720 2625.3
1148730 2624.4
1148740 2624.4
1148750 2623.2
1148760 2621.4
1148770 2621.4
1148780 2617.9
1148790 2611.5
1148800 2611.5
1148810 2597.5
1148820 2592.1
1148830 2592.9
1148840 2592.9
1148850 2587.4
1148860 2581.4
1148870 2581.4
1148880 2577.6
1148890 2572.2
1148900 2572.2
1148910 2567.2
1148920 2562.7
1148930 2562.7
1148940 2557.5
1148950 2552.3
1148960 2552.3
1148970 2547.3
1148980 2543.2
1148990 2543.2
1149000 2536.3
1149010 2529.2
1149020 2529.2
1149030 2524.0
1149040 2514.9
1149050 2514.9
1149060 2511.2
1149070 2508.7
1149080 2507.3
1149090 2507.3
1149100 2506.8
1149110 2506.4
1149120 2506.4
1149130 2506.3
1149140 2505.2
1149150 2505.2
1149160 2502.8
1149170 2497.4
1149180 2497.4
1149190 2493.3
1149200 2489.7
1149210 2489.7
1149220 2485.3
1149230 2481.3
1149240 2481.3
1149250 2479.7
1149260 2480.6
1149270 2480.6
1149280 2478.4
1149290 2474.1
1149300 2471.2
1149310 2471.2
1149320 2471.3
1149330 2470.6
1149340 2470.6
1149350 2468.5
1149360 2466.1
1149370 2466.1
1149380 2463.2
1149390 2460.2
1149400 2460.2
1149410 2457.8
1149420 2446.7
1149430 2446.7
1149440 2443.8
1149450 2441.2
1149460 2441.2
1149470 2438.0
1149480 2433.3
1149490 2433.3
1149500 2425.5
1149510 2413.6
1149520 2413.6
1149530 2397.0
1149540 2383.3
1149550 2374.3
1149560 2374.3
1149570 2367.0
1149580 2360.4
1149590 2360.4
1149600 2353.7
1149610 2347.2
1149620 2347.2
1149630 2340.9
1149640 2334.3
1149650 2334.3
1149660 2327.1
1149670 2320.5
1149680 2320.5
1149690 2314.6
1149700 2309.0
1149710 2309.0
1149720 2303.4
1149730 2297.8
1149740 2297.8
1149750 2293.0
1149760 2287.7
1149770 2281.5
1149780 2281.5
1149790 2275.8
1149800 2269.9
1149810 2269.9
1149820 2264.7
1149830 2260.0
1149840 2260.0
1149850 2257.0
1149860 2255.2
1149870 2255.2
1149880 2253.9
1149890 2251.4
1149900 2251.4
1149910 2249.1
1149920 2247.5
1149930 2247.5
1149940 2246.6
1149950 2246.2
1149960 2246.2
1149970 2245.0
1149980 2242.7
1149990 2241.8
1150000 2241.8
1150010 2239.9
1150020 2237.3
1150030 2237.3
1150040 2237.4
1150050 2236.9
1150060 2236.9
1150070 2233.4
1150080 2228.1
1150090 2228.1
1150100 2222.3
1150110 2214.7
1150120 2214.7
1150130 2205.6
1150140 2197.4
1150150 2197.4
1150160 2189.6
1150170 2181.7
1150180 2181.9
1150190 2174.3
1150200 2165.7
1150210 2165.7
1150220 2154.1
1150230 2139.5
1150240 2128.4
1150250 2128.4
1150260 2116.6
1150270 2103.1
1150280 2103.1
1150290 2088.6
1150300 2070.6
1150310 2070.6
1150320 2059.0
1150330 2050.1
1150340 2050.1
1150350 2039.8
1150360 2029.5
1150370 2029.5
1150380 2020.5
1150390 2011.7
1150400 2011.7
1150410 2003.2
1150420 1994.3
1150430 1994.3
1150440 1985.6
1150450 1976.9
1150460 1970.9
1150470 1970.9
1150480 1964.7
1150490 1953.7
1150500 1953.7
1150510 1936.9
1150520 1919.5
1150530 1919.5
1150540 1903.4
1150550 1893.6
1150560 1896.5
1150570 1889.1
1150580 1880.3
1150590 1880.3
1150600 1872.0
1150610 1864.0
1150620 1864.0
1150630 1856.6
1150640 1849.5
1150650 1849.5
1150660 1841.9
1150670 1834.1
1150680 1834.1
1150690 1827.1
1150700 1820.3
1150710 1813.6
1150720 1813.6
1150730 1806.8
1150740 1800.4
1150750 1800.4
1150760 1794.0
1150770 1787.4
1150780 1787.4
1150790 1781.1
1150800 1774.6
1150810 1774.6
1150820 1768.1
1150830 1761.4
1150840 1761.4
1150850 1753.8
1150860 1747.5
1150870 1747.5
1150880 1742.0
1150890 1736.6
1150900 1736.6
1150910 1731.6
1150920 1727.7
1150930 1724.3
1150940 1724.8
1150950 1720.7
1150960 1716.8
1150970 1716.8
1150980 1714.0
1150990 1712.2
1151000 1712.2
1151010 1710.8
1151020 1709.6
1151030 1709.6
1151040 1708.0
1151050 1708.0
1151060 1708.0
1151070 1709.3
1151080 1711.9
1151090 1711.9
1151100 1714.4
1151110 1716.9
1151120 1716.9
1151130 1719.1
1151140 1721.6
1151150 1724.6
1151160 1724.6
1151170 1727.9
1151180 1731.2
1151190 1731.2
1151200 1733.8
1151210 1736.8
1151220 1736.8
1151230 1740.9
1151240 1746.0
1151250 1746.0
1151260 1751.6
1151270 1757.6
1151280 1757.6
1151290 1762.8
1151300 1767.2
1151310 1767.2
1151320 1776.5
1151330 1780.2
1151340 1780.2
1151350 1783.7
1151360 1788.4
1151370 1788.4
1151380 1795.7
1151390 1805.7
1151400 1820.6
1151410 1820.6
1151420 1834.4
1151430 1854.5
1151440 1854.5
1151450 1879.7
1151460 1895.9
1151470 1895.9
1151480 1906.4
1151490 1913.8
1151500 1913.8
1151510 1917.8
1151520 1922.5
1151530 1922.5
1151540 1928.2
1151550 1936.2
1151560 1936.2
1151570 1945.1
1151580 1952.1
1151590 1952.1
1151600 1958.4
1151610 1964.7
1151620 1971.6
1151630 1971.6
1151640 1978.6
1151650 1986.1
1151660 1986.1
1151670 1993.1
1151680 2000.0
1151690 2000.0
1151700 2007.7
1151710 2014.7
1151720 2014.7
1151730 2021.4
1151740 2028.0
1151750 2028.0
1151760 2035.1
1151770 2041.8
1151780 2041.8
1151790 2048.6
1151800 2055.5
1151810 2055.5
1151820 2061.6
1151830 2067.1
1151840 2067.1
1151850 2072.7
1151860 2079.0
1151870 2085.1
1151880 2085.1
1151890 2091.3
1151900 2097.2
1151910 2097.2
1151920 2103.1
1151930 2108.8
1151940 2108.8
1151950 2114.3
1151960 2120.3
1151970 2120.3
1151980 2126.7
1151990 2133.2
1152000 2133.2
1152010 2139.7
1152020 2146.0
1152030 2146.0
1152040 2154.0
1152050 2164.0
1152060 2164.0
1152070 2174.7
1152080 2175.1
1152090 2181.3
1152100 2181.3
1152110 2188.3
1152120 2195.1
1152130 2195.1
1152140 2201.9
1152150 2209.0
1152160 2209.0
1152170 2215.6
1152180 2222.4
1152190 2222.4
1152200 2229.4
1152210 2235.8
1152220 2235.8
1152230 2242.1
1152240 2249.0
1152250 2249.0
1152260 2256.0
1152270 2262.8
1152280 2262.8
1152290 2269.8
1152300 2276.5
1152310 2276.5
1152320 2282.8
1152330 2291.5
1152340 2299.2
1152350 2299.2
1152360 2307.6
1152370 2316.2
1152380 2316.2
1152390 2324.6
1152400 2332.4
1152410 2332.4
1152420 2338.8
1152430 2345.5
1152440 2345.5
1152450 2352.4
1152460 2359.2
1152470 2359.2
1152480 2365.3
1152490 2371.2
1152500 2371.2
1152510 2376.4
1152520 2381.8
1152530 2381.8
1152540 2386.6
1152550 2391.6
1152560 2396.9
1152570 2396.9
1152580 2402.0
1152590 2406.7
1152600 2406.7
1152610 2411.8
1152620 2417.2
1152630 2417.2
1152640 2422.6
1152650 2427.0
1152660 2427.0
1152670 2429.9
1152680 2431.4
1152690 2431.4
1152700 2432.7
1152710 2434.4
1152720 2434.4
1152730 2436.8
1152740 2439.9
1152750 2439.9
1152760 2443.6
1152770 2447.8
1152780 2452.7
1152790 2452.7
1152800 2458.6
1152810 2465.1
1152820 2465.1
1152830 2471.5
1152840 2477.9
1152850 2478.2
1152860 2484.4
1152870 2490.5
1152880 2490.5
1152890 2495.8
1152900 2498.8
1152910 2498.8
1152920 2500.5
1152930 2502.6
1152940 2502.6
1152950 2506.0
1152960 2511.4
1152970 2511.4
1152980 2518.0
1152990 2525.3
1153000 2525.3
1153010 2531.6
1153020 2537.9
1153030 2545.6
1153040 2545.6
1153050 2553.7
1153060 2561.5
1153070 2561.5
1153080 2568.6
1153090 2574.4
1153100 2574.4
1153110 2579.9
1153120 2584.8
1153130 2584.8
1153140 2588.7
1153150 2592.0
1153160 2592.0
1153170 2595.4
1153180 2599.3
1153190 2599.3
1153200 2603.6
1153210 2607.4
1153220 2607.4
1153230 2611.4
1153240 2615.2
1153250 2618.8
1153260 2618.8
1153270 2622.5
1153280 2627.0
1153290 2627.0
1153300 2630.7
1153310 2634.5
1153320 2634.5
1153330 2639.2
1153340 2643.6
1153350 2643.6
1153360 2647.6
1153370 2652.1
1153380 2652.1
1153390 2657.6
1153400 2662.9
1153410 2662.9
1153420 2668.3
1153430 2674.3
1153440 2674.3
1153450 2680.9
1153460 2691.6
1153470 2691.6
1153480 2702.8
1153490 2710.7
1153500 2718.0
1153510 2718.0
1153520 2724.3
1153530 2731.4
1153540 2731.4
1153550 2737.5
1153560 2743.7
1153570 2743.7
1153580 2749.9
1153590 2756.2
1153600 2756.2
1153610 2759.3
1153620 2766.3
1153630 2766.3
1153640 2770.8
1153650 2774.6
1153660 2774.6
1153670 2779.9
1153680 2785.6
1153690 2785.6
1153700 2791.2
1153710 2797.7
1153720 2806.3
1153730 2806.3
1153740 2819.8
1153750 2832.5
1153760 2832.5
1153770 2841.3
1153780 2843.5
1153790 2843.5
1153800 2850.8
1153810 2859.2
1153820 2859.2
1153830 2866.5
1153840 2872.1
1153850 2872.1
1153860 2878.7
1153870 2886.6
1153880 2886.6
1153890 2896.3
1153900 2907.5
1153910 2907.5
1153920 2919.6
1153930 2931.7
1153940 2948.0
1153950 2948.0
1153960 2961.6
1153970 2976.1
1153980 2976.1
1153990 2993.0
1154000 3019.7
1154010 3019.7
1154020 3033.5
1154030 3051.7
1154040 3051.7
1154050 3069.6
1154060 3083.8
1154070 3083.8
1154080 3090.2
1154090 3093.4
1154100 3093.4
1154110 3090.1
1154120 3079.6
1154130 3079.6
1154140 3073.9
1154150 3074.5
1154160 3074.5
1154170 3067.6
1154180 3058.4
1154190 3053.5
1154200 3053.5
1154210 3048.5
1154220 3045.6
1154230 3045.6
1154240 3045.5
1154250 3047.7
1154260 3047.7
1154270 3050.3
1154280 3054.3
1154290 3054.3
1154300 3057.4
1154310 3040.2
1154320 3040.2
1154330 3024.7
1154340 3021.5
1154350 3021.5
1154360 3021.4
1154370 3022.9
1154380 3014.4
1154390 3018.8
1154400 3022.0
1154410 3023.7
1154420 3023.7
1154430 3025.2
1154440 3027.0
1154450 3027.0
1154460 3029.9
1154470 3033.8
1154480 3033.8
1154490 3038.7
1154500 3043.7
1154510 3043.7
1154520 3051.3
1154530 3060.7
1154540 3060.7
1154550 3065.4
1154560 3058.9
1154570 3058.9
1154580 3051.4
1154590 3039.7
1154600 3039.7
1154610 3027.4
1154620 3016.6
1154630 3016.6
1154640 3007.9
1154650 3003.4
1154660 3000.8
1154670 3000.8
1154680 2997.7
1154690 2990.8
1154700 2990.8
1154710 2986.5
1154720 2983.8
1154730 2983.8
1154740 2976.7
1154750 2974.0
1154760 2966.0
1154770 2969.4
1154780 2971.0
1154790 2971.0
1154800 2967.6
1154810 2963.2
1154820 2963.2
1154830 2958.8
1154840 2955.3
1154850 2955.3
1154860 2952.2
1154870 2946.9
1154880 2939.4
1154890 2939.4
1154900 2931.5
1154910 2929.1
1154920 2929.1
1154930 2928.5
1154940 2934.9
1154950 2934.9
1154960 2938.9
1154970 2939.0
1154980 2939.0
1154990 2938.1
1155000 2936.1
1155010 2936.1
1155020 2940.6
1155030 2945.0
1155040 2945.0
1155050 2946.8
1155060 2948.5
1155070 2948.5
1155080 2950.6
1155090 2952.9
1155100 2954.5
1155110 2954.5
1155120 2956.6
1155130 2959.7
1155140 2959.7
1155150 2966.3
1155160 2968.3
1155170 2968.3
1155180 2970.8
1155190 2973.0
1155200 2973.0
1155210 2974.6
1155220 2975.2
1155230 2975.2
1155240 2973.7
1155250 2972.8
1155260 2972.8
1155270 2971.4
1155280 2970.4
1155290 2970.4
1155300 2970.0
1155310 2970.9
1155320 2970.9
1155330 2972.8
1155340 2974.3
1155350 2975.3
1155360 2975.3
1155370 2975.7
1155380 2975.7
1155390 2975.7
1155400 2972.5
1155410 2960.3
1155420 2960.3
1155430 2950.6
1155440 2943.0
1155450 2943.0
1155460 2936.5
1155470 2928.6
1155480 2928.6
1155490 2920.2
1155500 2911.8
1155510 2911.8
1155520 2902.7
1155530 2894.3
1155540 2903.7
1155550 2896.9
1155560 2891.7
1155570 2889.7
1155580 2889.7
1155590 2885.8
1155600 2883.2
1155610 2883.2
1155620 2884.1
1155630 2879.1
1155640 2879.1
1155650 2877.1
1155660 2872.4
1155670 2872.4
1155680 2858.4
1155690 2838.1
1155700 2838.1
1155710 2821.1
1155720 2809.0
1155730 2809.0
1155740 2801.5
1155750 2791.7
1155760 2791.7
1155770 2783.0
1155780 2775.6
1155790 2775.6
1155800 2766.9
1155810 2758.8
1155820 2756.8
1155830 2756.8
1155840 2756.2
1155850 2748.0
1155860 2748.0
1155870 2737.3
1155880 2727.2
1155890 2727.2
1155900 2711.5
1155910 2698.3
1155920 2702.6
1155930 2693.1
1155940 2684.8
1155950 2684.8
1155960 2671.5
1155970 2658.8
1155980 2658.8
1155990 2648.7
1156000 2637.5
1156010 2637.5
1156020 2627.3
1156030 2616.1
1156040 2603.5
1156050 2603.5
1156060 2594.5
1156070 2588.9
1156080 2588.9
1156090 2584.9
1156100 2581.3
1156110 2581.3
1156120 2577.2
1156130 2572.6
1156140 2572.6
1156150 2568.2
1156160 2562.7
1156170 2562.7
1156180 2557.3
1156190 2552.0
1156200 2552.0
1156210 2546.7
1156220 2541.5
1156230 2541.5
1156240 2535.9
1156250 2530.3
1156260 2524.5
1156270 2524.5
1156280 2519.1
1156290 2513.8
1156300 2513.8
1156310 2509.4
1156320 2503.4
1156330 2503.4
1156340 2496.4
1156350 2489.4
1156360 2489.4
1156370 2483.4
1156380 2477.6
1156390 2477.6
1156400 2471.6
1156410 2465.3
1156420 2465.3
1156430 2459.6
1156440 2454.8
1156450 2454.8
1156460 2450.4
1156470 2445.4
1156480 2445.4
1156490 2439.9
1156500 2434.6
1156510 2429.4
1156520 2429.4
1156530 2424.1
1156540 2418.6
1156550 2418.6
1156560 2413.3
1156570 2407.9
1156580 2407.9
1156590 2402.4
1156600 2396.7
1156610 2396.7
1156620 2390.6
1156630 2383.4
1156640 2383.4
1156650 2375.4
1156660 2368.2
1156670 2368.2
1156680 2361.5
1156690 2358.6
1156700 2358.6
1156710 2351.8
1156720 2345.5
1156730 2339.1
1156740 2339.1
1156750 2332.8
1156760 2327.1
1156770 2327.1
1156780 2322.5
1156790 2319.8
1156800 2319.8
1156810 2319.5
1156820 2322.4
1156830 2322.4
1156840 2325.1
1156850 2325.0
1156860 2325.0
1156870 2324.4
1156880 2323.9
1156890 2323.9
1156900 2322.3
1156910 2319.5
1156920 2319.5
1156930 2317.4
1156940 2316.1
1156950 2313.5
1156960 2313.5
1156970 2310.3
1156980 2306.3
1156990 2306.3
1157000 2301.5
1157010 2296.7
1157020 2296.7
1157030 2293.0
1157040 2289.6
1157050 2289.6
1157060 2285.8
1157070 2282.6
1157080 2277.4
1157090 2273.0
1157100 2269.0
1157110 2269.0
1157120 2264.2
1157130 2260.8
1157140 2260.8
1157150 2258.0
1157160 2255.4
1157170 2255.4
1157180 2251.9
1157190 2248.4
1157200 2245.7
1157210 2245.7
1157220 2242.7
1157230 2237.8
1157240 2237.8
1157250 2232.5
1157260 2228.1
1157270 2228.1
1157280 2224.7
1157290 2222.3
1157300 2222.3
1157310 2221.3
1157320 2222.4
1157330 2222.4
1157340 2220.2
1157350 2212.3
1157360 2212.3
1157370 2189.3
1157380 2166.2
1157390 2166.2
1157400 2148.8
1157410 2143.9
1157420 2140.5
1157430 2140.5
1157440 2136.8
1157450 2132.2
1157460 2132.2
1157470 2124.4
1157480 2120.0
1157490 2120.0
1157500 2115.3
1157510 2110.4
1157520 2110.4
1157530 2105.6
1157540 2101.0
1157550 2101.0
1157560 2096.1
1157570 2090.4
1157580 2090.4
1157590 2085.9
1157600 2082.2
1157610 2082.2
1157620 2078.6
1157630 2075.6
1157640 2075.6
1157650 2072.7
1157660 2070.5
1157670 2067.2
1157680 2067.2
1157690 2061.1
1157700 2055.2
1157710 2055.2
1157720 2051.9
1157730 2050.8
1157740 2050.8
1157750 2047.2
1157760 2041.5
1157770 2041.5
1157780 2037.9
1157790 2035.1
1157800 2035.1
1157810 2029.5
1157820 2020.4
1157830 2020.4
1157840 2010.5
1157850 2006.7
1157860 2011.0
1157870 2012.9
1157880 2011.5
1157890 2009.8
1157900 2009.8
1157910 2006.5
1157920 2004.0
1157930 2004.0
1157940 2001.3
1157950 1997.8
1157960 1997.8
1157970 1992.0
1157980 1987.7
1157990 1987.7
1158000 1986.5
1158010 1986.6
1158020 1986.6
1158030 1985.7
1158040 1985.7
1158050 1985.7
1158060 1987.3
1158070 1986.6
1158080 1986.6
1158090 1983.8
1158100 1977.9
1158110 1973.9
1158120 1973.9
1158130 1973.2
1158140 1971.5
1158150 1971.5
1158160 1968.8
1158170 1965.8
1158180 1965.8
1158190 1964.1
1158200 1963.4
1158210 1963.4
1158220 1962.9
1158230 1962.4
1158240 1962.4
1158250 1968.8
1158260 1968.4
1158270 1968.4
1158280 1968.2
1158290 1969.4
1158300 1969.4
1158310 1970.2
1158320 1972.6
1158330 1972.6
1158340 1976.8
1158350 1980.2
1158360 1983.1
1158370 1983.1
1158380 1982.7
1158390 1982.8
1158400 1982.8
1158410 1989.0
1158420 1995.0
1158430 1995.0
1158440 1998.2
1158450 2001.1
1158460 2001.1
1158470 2004.8
1158480 2009.4
1158490 2009.4
1158500 2013.5
1158510 2018.1
1158520 2018.1
1158530 2023.7
1158540 2031.3
1158550 2031.3
1158560 2037.5
1158570 2043.2
1158580 2049.2
1158590 2049.2
1158600 2057.9
1158610 2066.3
1158620 2066.3
1158630 2075.2
1158640 2086.3
1158650 2086.3
1158660 2094.9
1158670 2102.8
1158680 2102.8
1158690 2109.9
1158700 2118.0
1158710 2118.0
1158720 2125.5
1158730 2127.7
1158740 2127.7
1158750 2128.0
1158760 2127.0
1158770 2127.0
1158780 2127.4
1158790 2128.2
1158800 2128.2
1158810 2131.7
1158820 2142.2
1158830 2157.9
1158840 2157.9
1158850 2171.2
1158860 2186.3
1158870 2186.3
1158880 2196.3
1158890 2206.7
1158900 2206.7
1158910 2212.7
1158920 2218.3
1158930 2218.3
1158940 2223.7
1158950 2229.0
1158960 2229.0
1158970 2233.9
1158980 2238.4
1158990 2238.4
1159000 2242.9
1159010 2247.1
1159020 2247.1
1159030 2253.8
1159040 2257.3
1159050 2259.8
1159060 2259.8
1159070 2261.6
1159080 2262.8
1159090 2262.8
1159100 2264.0
1159110 2265.1
1159120 2265.1
1159130 2265.6
1159140 2265.8
1159150 2265.8
1159160 2265.8
1159170 2265.8
1159180 2265.8
1159190 2266.4
1159200 2267.4
1159210 2267.4
1159220 2267.8
1159230 2268.3
1159240 2268.3
1159250 2268.9
1159260 2269.8
1159270 2271.0
1159280 2271.0
1159290 2271.7
1159300 2272.3
1159310 2272.3
1159320 2273.5
1159330 2274.2
1159340 2274.2
1159350 2274.1
1159360 2272.9
1159370 2272.9
1159380 2272.9
1159390 2273.5
1159400 2273.5
1159410 2275.2
1159420 2280.8
1159430 2280.8
1159440 2281.5
1159450 2282.0
1159460 2282.0
1159470 2282.4
1159480 2282.2
1159490 2282.2
1159500 2282.5
1159510 2282.6
1159520 2282.2
1159530 2282.2
1159540 2281.4
1159550 2280.3
1159560 2280.3
1159570 2278.2
1159580 2277.3
1159590 2277.3
1159600 2276.3
1159610 2273.8
1159620 2273.8
1159630 2270.4
1159640 2264.5
1159650 2264.5
1159660 2258.0
1159670 2251.5
1159680 2251.5
1159690 2244.4
1159700 2238.7
1159710 2238.7
1159720 2234.2
1159730 2229.0
1159740 2223.8
1159750 2223.8
1159760 2218.0
1159770 2212.4
1159780 2212.4
1159790 2207.4
1159800 2202.4
1159810 2200.5
1159820 2195.2
1159830 2189.8
1159840 2189.8
1159850 2183.9
1159860 2178.0
1159870 2178.0
1159880 2173.2
1159890 2168.5
1159900 2168.5
1159910 2163.6
1159920 2158.5
1159930 2158.5
1159940 2153.5
1159950 2149.5
1159960 2149.5
1159970 2145.8
1159980 2142.5
1159990 2139.1
