1140000 1447.3
1140010 1446.0
1140020 1446.0
1140030 1443.1
1140040 1439.8
1140050 1439.8
1140060 1438.5
1140070 1436.8
1140080 1436.8
1140090 1434.4
1140100 1430.6
1140110 1430.6
1140120 1422.4
1140130 1411.5
1140140 1411.5
1140150 1403.2
1140160 1400.7
1140170 1400.7
1140180 1402.4
1140190 1406.4
1140200 1406.4
1140210 1409.3
1140220 1410.9
1140230 1413.9
1140240 1413.9
1140250 1418.3
1140260 1422.4
1140270 1422.4
1140280 1424.2
1140290 1425.1
1140300 1425.1
1140310 1425.4
1140320 1425.7
1140330 1425.7
1140340 1425.0
1140350 1422.8
1140360 1422.8
1140370 1420.7
1140380 1419.4
1140390 1419.4
1140400 1418.2
1140410 1412.0
1140420 1412.0
1140430 1410.7
1140440 1409.6
1140450 1408.5
1140460 1408.5
1140470 1407.4
1140480 1406.3
1140490 1406.3
1140500 1405.5
1140510 1405.0
1140520 1405.0
1140530 1403.9
1140540 1402.9
1140550 1402.9
1140560 1401.9
1140570 1400.5
1140580 1400.5
1140590 1399.5
1140600 1398.6
1140610 1398.6
1140620 1397.3
1140630 1396.4
1140640 1396.4
1140650 1394.9
1140660 1394.4
1140670 1394.4
1140680 1393.1
1140690 1392.5
1140700 1393.1
1140710 1393.1
1140720 1391.4
1140730 1390.1
1140740 1390.1
1140750 1391.7
1140760 1393.4
1140770 1393.4
1140780 1389.0
1140790 1386.9
1140800 1386.9
1140810 1382.3
1140820 1381.7
1140830 1381.7
1140840 1381.8
1140850 1384.3
1140860 1384.3
1140870 1383.2
1140880 1385.0
1140890 1385.0
1140900 1384.2
1140910 1382.2
1140920 1380.7
1140930 1380.7
1140940 1378.9
1140950 1376.8
1140960 1376.8
1140970 1373.2
1140980 1370.7
1140990 1370.7
1141000 1369.7
1141010 1367.5
1141020 1367.5
1141030 1365.4
1141040 1363.4
1141050 1363.4
1141060 1360.7
1141070 1357.4
1141080 1357.4
1141090 1352.8
1141100 1348.4
1141110 1348.4
1141120 1345.2
1141130 1345.1
1141140 1346.1
1141150 1338.2
1141160 1337.4
1141170 1330.1
1141180 1330.1
1141190 1325.9
1141200 1324.8
1141210 1324.8
1141220 1323.7
1141230 1322.9
1141240 1322.9
1141250 1321.0
1141260 1318.7
1141270 1318.7
1141280 1317.1
1141290 1316.7
1141300 1316.7
1141310 1317.5
1141320 1318.5
1141330 1318.5
1141340 1319.0
1141350 1319.4
1141360 1319.4
1141370 1319.6
1141380 1319.5
1141390 1319.4
1141400 1319.4
1141410 1319.4
1141420 1319.4
1141430 1319.4
1141440 1319.2
1141450 1319.0
1141460 1319.0
1141470 1318.9
1141480 1319.8
1141490 1319.8
1141500 1321.1
1141510 1323.0
1141520 1325.4
1141530 1328.0
1141540 1329.9
1141550 1329.9
1141560 1335.0
1141570 1342.0
1141580 1342.0
1141590 1344.4
1141600 1339.4
1141610 1337.1
1141620 1337.1
1141630 1339.7
1141640 1345.0
1141650 1345.0
1141660 1351.2
1141670 1357.8
1141680 1357.8
1141690 1364.6
1141700 1368.7
1141710 1368.7
1141720 1370.8
1141730 1372.3
1141740 1372.3
1141750 1374.4
1141760 1376.3
1141770 1376.3
1141780 1380.2
1141790 1386.0
1141800 1386.0
1141810 1392.3
1141820 1395.6
1141830 1395.6
1141840 1397.8
1141850 1400.1
1141860 1400.5
1141870 1400.5
1141880 1400.9
1141890 1408.2
1141900 1408.2
1141910 1409.2
1141920 1409.5
1141930 1409.5
1141940 1407.9
1141950 1406.9
1141960 1406.9
1141970 1407.8
1141980 1409.4
1141990 1409.4
1142000 1411.7
1142010 1414.9
1142020 1414.9
1142030 1419.0
1142040 1424.6
1142050 1424.6
1142060 1430.1
1142070 1435.5
1142080 1441.9
1142090 1441.9
1142100 1447.4
1142110 1453.5
1142120 1453.5
1142130 1457.5
1142140 1457.7
1142150 1457.7
1142160 1457.8
1142170 1461.0
1142180 1461.0
1142190 1464.9
1142200 1468.7
1142210 1468.7
1142220 1472.5
1142230 1475.7
1142240 1475.7
1142250 1480.4
1142260 1489.2
1142270 1489.2
1142280 1493.7
1142290 1497.4
1142300 1497.4
1142310 1499.2
1142320 1502.0
1142330 1504.7
1142340 1504.7
1142350 1506.0
1142360 1509.6
1142370 1509.6
1142380 1511.1
1142390 1512.3
1142400 1512.3
1142410 1514.6
1142420 1515.2
1142430 1515.2
1142440 1518.2
1142450 1522.9
1142460 1522.9
1142470 1527.8
1142480 1532.7
1142490 1532.7
1142500 1537.8
1142510 1542.2
1142520 1542.2
1142530 1545.0
1142540 1548.4
1142550 1551.9
1142560 1551.9
1142570 1555.9
1142580 1559.6
1142590 1559.6
1142600 1562.4
1142610 1564.4
1142620 1564.4
1142630 1574.1
1142640 1574.5
1142650 1574.5
1142660 1578.3
1142670 1585.3
1142680 1585.3
1142690 1592.9
1142700 1599.4
1142710 1599.4
1142720 1604.3
1142730 1605.7
1142740 1605.7
1142750 1605.7
1142760 1609.2
1142770 1609.2
1142780 1612.7
1142790 1613.2
1142800 1615.0
1142810 1615.0
1142820 1619.1
1142830 1624.0
1142840 1624.0
1142850 1628.4
1142860 1634.0
1142870 1634.0
1142880 1639.3
1142890 1643.1
1142900 1643.1
1142910 1645.5
1142920 1646.6
1142930 1646.6
1142940 1644.6
1142950 1642.2
1142960 1642.2
1142970 1648.5
1142980 1654.3
1142990 1654.3
1143000 1664.1
1143010 1670.9
1143020 1676.7
1143030 1676.7
1143040 1681.9
1143050 1687.0
1143060 1687.0
1143070 1692.3
1143080 1696.2
1143090 1696.2
1143100 1700.8
1143110 1705.9
1143120 1705.9
1143130 1711.2
1143140 1714.6
1143150 1714.6
1143160 1716.9
1143170 1719.7
1143180 1719.7
1143190 1722.7
1143200 1725.7
1143210 1725.7
1143220 1728.7
1143230 1730.9
1143240 1730.9
1143250 1732.8
1143260 1733.8
1143270 1734.1
1143280 1734.1
1143290 1734.2
1143300 1734.7
1143310 1734.7
1143320 1737.8
1143330 1743.5
1143340 1743.5
1143350 1751.0
1143360 1758.4
1143370 1761.3
1143380 1769.0
1143390 1776.8
1143400 1776.8
1143410 1781.6
1143420 1785.0
1143430 1785.0
1143440 1790.6
1143450 1796.9
1143460 1796.9
1143470 1804.9
1143480 1812.7
1143490 1821.1
1143500 1821.1
1143510 1831.1
1143520 1839.5
1143530 1839.5
1143540 1848.1
1143550 1857.1
1143560 1857.1
1143570 1865.0
1143580 1871.7
1143590 1871.7
1143600 1878.0
1143610 1883.9
1143620 1883.9
1143630 1889.4
1143640 1894.6
1143650 1894.6
1143660 1899.5
1143670 1904.5
1143680 1904.5
1143690 1910.3
1143700 1916.1
1143710 1920.9
1143720 1920.9
1143730 1925.1
1143740 1932.0
1143750 1932.0
1143760 1935.8
1143770 1937.1
1143780 1937.1
1143790 1938.5
1143800 1938.9
1143810 1938.9
1143820 1937.2
1143830 1933.9
1143840 1933.9
1143850 1930.6
1143860 1926.7
1143870 1926.7
1143880 1921.3
1143890 1916.1
1143900 1916.1
1143910 1912.4
1143920 1908.7
1143930 1908.7
1143940 1902.7
1143950 1891.9
1143960 1882.2
1143970 1882.2
1143980 1873.4
1143990 1866.7
1144000 1866.7
1144010 1860.5
1144020 1856.1
1144030 1856.1
1144040 1854.1
1144050 1853.1
1144060 1853.1
1144070 1850.8
1144080 1847.1
1144090 1847.1
1144100 1842.4
1144110 1837.4
1144120 1840.2
1144130 1834.7
1144140 1829.0
1144150 1829.0
1144160 1824.9
1144170 1822.0
1144180 1819.8
1144190 1819.8
1144200 1819.2
1144210 1818.7
1144220 1818.7
1144230 1817.7
1144240 1816.1
1144250 1816.1
1144260 1814.0
1144270 1809.8
1144280 1809.8
1144290 1806.4
1144300 1808.7
1144310 1808.7
1144320 1813.5
1144330 1818.0
1144340 1818.0
1144350 1821.7
1144360 1826.4
1144370 1826.4
1144380 1831.2
1144390 1835.6
1144400 1835.6
1144410 1840.3
1144420 1846.0
1144430 1852.2
1144440 1852.2
1144450 1858.9
1144460 1865.7
1144470 1865.7
1144480 1874.4
1144490 1883.8
1144500 1883.8
1144510 1890.8
1144520 1895.7
1144530 1895.7
1144540 1899.4
1144550 1904.2
1144560 1904.2
1144570 1910.6
1144580 1917.6
1144590 1917.6
1144600 1925.9
1144610 1933.8
1144620 1933.8
1144630 1941.3
1144640 1949.2
1144650 1957.4
1144660 1957.4
1144670 1966.3
1144680 1975.5
1144690 1975.5
1144700 1983.7
1144710 1990.5
1144720 1990.5
1144730 1996.6
1144740 2002.4
1144750 2002.4
1144760 2007.7
1144770 2012.8
1144780 2012.8
1144790 2017.9
1144800 2023.2
1144810 2023.2
1144820 2028.5
1144830 2033.4
1144840 2033.4
1144850 2037.9
1144860 2047.3
1144870 2047.3
1144880 2052.1
1144890 2057.1
1144900 2062.1
1144910 2062.1
1144920 2066.7
1144930 2071.7
1144940 2071.7
1144950 2076.5
1144960 2081.4
1144970 2081.4
1144980 2086.6
1144990 2091.1
1145000 2091.1
1145010 2095.1
1145020 2099.3
1145030 2099.3
1145040 2104.0
1145050 2108.8
1145060 2108.8
1145070 2113.0
1145080 2116.9
1145090 2116.9
1145100 2121.3
1145110 2125.0
1145120 2128.3
1145130 2128.3
1145140 2130.9
1145150 2132.6
1145160 2132.6
1145170 2134.8
1145180 2136.7
1145190 2136.7
1145200 2138.9
1145210 2140.9
1145220 2140.9
1145230 2142.9
1145240 2153.5
1145250 2153.5
1145260 2156.3
1145270 2158.1
1145280 2158.1
1145290 2159.1
1145300 2160.3
1145310 2160.3
1145320 2163.9
1145330 2166.9
1145340 2166.9
1145350 2167.5
1145360 2167.9
1145370 2167.9
1145380 2167.9
1145390 2167.4
1145400 2168.2
1145410 2168.2
1145420 2168.3
1145430 2170.0
1145440 2170.0
1145450 2171.8
1145460 2172.0
1145470 2172.0
1145480 2172.0
1145490 2173.3
1145500 2173.3
1145510 2176.0
1145520 2178.6
1145530 2178.6
1145540 2181.9
1145550 2186.3
1145560 2186.3
1145570 2190.9
1145580 2195.4
1145590 2199.7
1145600 2199.7
1145610 2209.7
1145620 2213.5
1145630 2213.5
1145640 2216.6
1145650 2220.9
1145660 2220.9
1145670 2225.8
1145680 2231.8
1145690 2231.8
1145700 2237.6
1145710 2244.1
1145720 2244.1
1145730 2248.7
1145740 2251.9
1145750 2251.9
1145760 2259.3
1145770 2268.2
1145780 2268.2
1145790 2272.2
1145800 2273.0
1145810 2273.0
1145820 2273.3
1145830 2274.8
1145840 2279.0
1145850 2279.0
1145860 2282.1
1145870 2285.0
1145880 2285.0
1145890 2287.1
1145900 2288.9
1145910 2288.9
1145920 2293.4
1145930 2297.5
1145940 2297.5
1145950 2301.7
1145960 2306.9
1145970 2306.9
1145980 2308.5
1145990 2319.8
1146000 2319.8
1146010 2325.1
1146020 2330.3
1146030 2330.3
1146040 2334.1
1146050 2337.6
1146060 2341.7
1146070 2341.7
1146080 2346.3
1146090 2350.4
1146100 2350.4
1146110 2354.5
1146120 2359.1
1146130 2359.1
1146140 2362.5
1146150 2365.0
1146160 2365.0
1146170 2366.1
1146180 2365.6
1146190 2365.6
1146200 2366.0
1146210 2368.1
1146220 2368.1
1146230 2370.2
1146240 2371.3
1146250 2371.3
1146260 2371.2
1146270 2371.7
1146280 2370.3
1146290 2370.3
1146300 2365.8
1146310 2359.7
1146320 2359.7
1146330 2352.3
1146340 2345.2
1146350 2345.2
1146360 2330.5
1146370 2319.9
1146380 2319.9
1146390 2308.5
1146400 2298.1
1146410 2298.1
1146420 2285.5
1146430 2278.1
1146440 2278.1
1146450 2272.5
1146460 2267.2
1146470 2267.2
1146480 2262.3
1146490 2257.5
1146500 2257.5
1146510 2252.4
1146520 2246.7
1146530 2240.8
1146540 2240.8
1146550 2235.5
1146560 2230.2
1146570 2230.2
1146580 2224.8
1146590 2219.4
1146600 2219.4
1146610 2213.9
1146620 2208.6
1146630 2208.6
1146640 2203.3
1146650 2198.2
1146660 2198.2
1146670 2193.8
1146680 2190.2
1146690 2190.2
1146700 2186.9
1146710 2184.0
1146720 2184.0
1146730 2181.9
1146740 2184.3
1146750 2182.9
1146760 2182.9
1146770 2180.5
1146780 2179.0
1146790 2179.0
1146800 2179.5
1146810 2180.7
1146820 2180.7
1146830 2180.3
1146840 2177.4
1146850 2177.4
1146860 2171.9
1146870 2167.3
1146880 2167.3
1146890 2164.5
1146900 2164.2
1146910 2164.2
1146920 2167.7
1146930 2171.1
1146940 2171.1
1146950 2175.0
1146960 2175.0
1146970 2175.0
1146980 2173.7
1146990 2170.5
1147000 2166.5
1147010 2166.5
1147020 2163.9
1147030 2160.7
1147040 2160.7
1147050 2157.2
1147060 2155.5
1147070 2155.5
1147080 2154.4
1147090 2154.6
1147100 2154.6
1147110 2159.8
1147120 2160.3
1147130 2160.3
1147140 2162.0
1147150 2164.3
1147160 2164.3
1147170 2166.1
1147180 2167.1
1147190 2167.1
1147200 2168.2
1147210 2168.9
1147220 2169.6
1147230 2169.6
1147240 2170.4
1147250 2171.0
1147260 2171.0
1147270 2171.4
1147280 2171.6
1147290 2171.6
1147300 2172.4
1147310 2173.2
1147320 2173.2
1147330 2173.4
1147340 2174.2
1147350 2174.2
1147360 2176.6
1147370 2181.0
1147380 2181.0
1147390 2186.0
1147400 2191.4
1147410 2191.4
1147420 2196.3
1147430 2200.3
1147440 2200.3
1147450 2204.1
1147460 2208.4
1147470 2212.7
1147480 2212.7
1147490 2219.7
1147500 2224.9
1147510 2224.9
1147520 2230.2
1147530 2235.3
1147540 2235.3
1147550 2240.9
1147560 2246.6
1147570 2246.6
1147580 2252.2
1147590 2257.8
1147600 2257.8
1147610 2263.6
1147620 2272.3
1147630 2272.3
1147640 2287.7
1147650 2302.2
1147660 2302.2
1147670 2309.4
1147680 2317.6
1147690 2326.6
1147700 2326.6
1147710 2335.3
1147720 2342.2
1147730 2342.2
1147740 2348.6
1147750 2355.6
1147760 2355.6
1147770 2362.9
1147780 2370.8
1147790 2370.8
1147800 2378.7
1147810 2386.4
1147820 2386.4
1147830 2392.9
1147840 2387.4
1147850 2387.4
1147860 2375.1
1147870 2375.2
1147880 2375.2
1147890 2367.5
1147900 2359.5
1147910 2359.5
1147920 2350.1
1147930 2343.3
1147940 2336.0
1147950 2336.0
1147960 2331.1
1147970 2328.9
1147980 2328.9
1147990 2327.8
1148000 2327.1
1148010 2327.1
1148020 2325.4
1148030 2324.8
1148040 2324.8
1148050 2325.3
1148060 2325.3
1148070 2325.3
1148080 2324.9
1148090 2325.1
1148100 2325.1
1148110 2324.5
1148120 2323.3
1148130 2323.3
1148140 2321.9
1148150 2321.3
1148160 2322.5
1148170 2322.5
1148180 2323.6
1148190 2324.5
1148200 2324.5
1148210 2324.9
1148220 2325.1
1148230 2325.1
1148240 2333.4
1148250 2333.4
1148260 2333.4
1148270 2332.5
1148280 2331.0
1148290 2331.0
1148300 2329.7
1148310 2330.0
1148320 2330.0
1148330 2332.8
1148340 2334.1
1148350 2334.1
1148360 2334.6
1148370 2335.8
1148380 2335.8
1148390 2337.0
1148400 2336.8
1148410 2334.6
1148420 2334.6
1148430 2331.9
1148440 2328.5
1148450 2328.5
1148460 2325.3
1148470 2322.6
1148480 2322.6
1148490 2320.8
1148500 2319.9
1148510 2319.9
1148520 2318.9
1148530 2317.9
1148540 2317.9
1148550 2316.3
1148560 2314.4
1148570 2314.4
1148580 2312.8
1148590 2312.3
1148600 2312.3
1148610 2311.0
1148620 2311.4
1148630 2308.8
1148640 2308.8
1148650 2305.9
1148660 2297.8
1148670 2297.8
1148680 2292.7
1148690 2292.7
1148700 2292.7
1148710 2294.7
1148720 2296.5
1148730 2296.5
1148740 2298.5
1148750 2300.0
1148760 2300.0
1148770 2300.5
1148780 2300.8
1148790 2300.8
1148800 2300.3
1148810 2300.3
1148820 2300.3
1148830 2301.1
1148840 2303.3
1148850 2305.2
1148860 2305.2
1148870 2308.1
1148880 2312.2
1148890 2312.2
1148900 2317.0
1148910 2322.0
1148920 2322.0
1148930 2327.2
1148940 2332.7
1148950 2332.7
1148960 2338.7
1148970 2344.9
1148980 2344.9
1148990 2351.3
1149000 2360.8
1149010 2360.8
1149020 2367.1
1149030 2374.0
1149040 2374.0
1149050 2381.9
1149060 2388.9
1149070 2388.9
1149080 2396.0
1149090 2403.4
1149100 2411.2
1149110 2411.2
1149120 2418.9
1149130 2427.0
1149140 2427.0
1149150 2435.1
1149160 2442.9
1149170 2442.9
1149180 2451.1
1149190 2459.8
1149200 2459.8
1149210 2468.5
1149220 2477.1
1149230 2477.1
1149240 2486.0
1149250 2495.9
1149260 2495.9
1149270 2504.8
1149280 2513.0
1149290 2513.0
1149300 2520.0
1149310 2521.5
1149320 2513.1
1149330 2513.1
1149340 2506.4
1149350 2502.3
1149360 2502.3
1149370 2496.5
1149380 2488.1
1149390 2488.1
1149400 2482.6
1149410 2475.7
1149420 2475.7
1149430 2468.4
1149440 2459.2
1149450 2459.2
1149460 2449.2
1149470 2440.0
1149480 2440.0
1149490 2430.2
1149500 2418.2
1149510 2418.2
1149520 2405.1
1149530 2395.2
1149540 2395.2
1149550 2386.9
1149560 2378.1
1149570 2366.0
1149580 2366.0
1149590 2356.4
1149600 2348.0
1149610 2348.0
1149620 2339.8
1149630 2331.8
1149640 2331.8
1149650 2323.9
1149660 2315.8
1149670 2315.8
1149680 2308.3
1149690 2300.5
1149700 2300.5
1149710 2294.4
1149720 2289.6
1149730 2289.6
1149740 2283.0
1149750 2270.6
1149760 2268.1
1149770 2255.2
1149780 2243.3
1149790 2235.1
1149800 2235.1
1149810 2227.1
1149820 2220.7
1149830 2220.7
1149840 2208.2
1149850 2197.0
1149860 2197.0
1149870 2186.8
1149880 2175.0
1149890 2175.0
1149900 2164.4
1149910 2155.5
1149920 2155.5
1149930 2146.7
1149940 2138.4
1149950 2138.4
1149960 2130.8
1149970 2123.5
1149980 2123.5
1149990 2115.9
1150000 2108.4
1150010 2108.4
1150020 2101.3
1150030 2094.5
1150040 2088.5
1150050 2088.5
1150060 2084.6
1150070 2081.2
1150080 2081.2
1150090 2077.3
1150100 2072.6
1150110 2072.6
1150120 2067.4
1150130 2062.3
1150140 2061.6
1150150 2056.2
1150160 2050.3
1150170 2050.3
1150180 2044.6
1150190 2039.7
1150200 2039.7
1150210 2035.2
1150220 2031.3
1150230 2031.3
1150240 2027.7
1150250 2023.7
1150260 2019.5
1150270 2019.5
1150280 2015.3
1150290 2011.6
1150300 2011.6
1150310 2008.0
1150320 2004.6
1150330 2004.6
1150340 2001.1
1150350 1997.8
1150360 1997.8
1150370 1995.1
1150380 1992.6
1150390 1992.6
1150400 1989.2
1150410 1985.4
1150420 1985.4
1150430 1981.5
1150440 1977.3
1150450 1977.3
1150460 1972.2
1150470 1965.8
1150480 1965.8
1150490 1958.4
1150500 1951.4
1150510 1944.6
1150520 1946.2
1150530 1939.6
1150540 1933.9
1150550 1933.9
1150560 1927.5
1150570 1923.2
1150580 1923.2
1150590 1921.4
1150600 1919.1
1150610 1919.1
1150620 1915.6
1150630 1911.3
1150640 1911.3
1150650 1907.1
1150660 1901.4
1150670 1901.4
1150680 1894.4
1150690 1887.4
1150700 1887.4
1150710 1882.0
1150720 1876.2
1150730 1870.1
1150740 1870.1
1150750 1865.7
1150760 1861.0
1150770 1861.0
1150780 1853.9
1150790 1847.2
1150800 1847.2
1150810 1841.1
1150820 1834.4
1150830 1834.4
1150840 1827.3
1150850 1820.8
1150860 1820.8
1150870 1815.0
1150880 1809.4
1150890 1809.4
1150900 1805.7
1150910 1801.0
1150920 1801.0
1150930 1796.9
1150940 1792.2
1150950 1792.2
1150960 1787.6
1150970 1783.8
1150980 1779.9
1150990 1779.9
1151000 1774.3
1151010 1770.5
1151020 1770.5
1151030 1766.9
1151040 1762.5
1151050 1762.5
1151060 1757.0
1151070 1751.2
1151080 1751.2
1151090 1746.3
1151100 1742.0
1151110 1742.0
1151120 1737.7
1151130 1731.9
1151140 1731.9
1151150 1725.9
1151160 1719.6
1151170 1719.6
1151180 1713.7
1151190 1708.6
1151200 1703.1
1151210 1703.1
1151220 1697.5
1151230 1692.3
1151240 1692.3
1151250 1686.3
1151260 1681.3
1151270 1681.3
1151280 1677.5
1151290 1673.4
1151300 1673.4
1151310 1674.5
1151320 1675.9
1151330 1675.9
1151340 1676.9
1151350 1679.7
1151360 1679.7
1151370 1682.7
1151380 1685.4
1151390 1685.4
1151400 1688.8
1151410 1691.8
1151420 1694.1
1151430 1694.1
1151440 1696.6
1151450 1698.6
1151460 1698.6
1151470 1701.5
1151480 1704.9
1151490 1704.9
1151500 1706.4
1151510 1708.7
1151520 1708.7
1151530 1712.9
1151540 1715.2
1151550 1715.2
1151560 1718.2
1151570 1720.4
1151580 1720.4
1151590 1723.2
1151600 1726.6
1151610 1726.6
1151620 1730.2
1151630 1733.8
1151640 1733.8
1151650 1738.4
1151660 1745.3
1151670 1750.3
1151680 1750.3
1151690 1755.3
1151700 1760.5
1151710 1760.5
1151720 1766.1
1151730 1771.3
1151740 1771.3
1151750 1776.0
1151760 1781.3
1151770 1781.3
1151780 1786.5
1151790 1791.1
1151800 1791.1
1151810 1795.3
1151820 1798.5
1151830 1798.5
1151840 1801.3
1151850 1803.1
1151860 1803.1
1151870 1807.4
1151880 1815.1
1151890 1825.6
1151900 1825.6
1151910 1842.6
1151920 1851.6
1151930 1851.6
1151940 1857.1
1151950 1864.3
1151960 1864.3
1151970 1876.4
1151980 1887.6
1151990 1887.6
1152000 1893.6
1152010 1900.0
1152020 1900.0
1152030 1907.1
1152040 1921.6
1152050 1921.6
1152060 1930.4
1152070 1938.7
1152080 1938.7
1152090 1947.2
1152100 1956.2
1152110 1956.2
1152120 1965.3
1152130 1973.5
1152140 1977.6
1152150 1977.6
1152160 1987.5
1152170 2001.4
1152180 2001.4
1152190 2011.7
1152200 2018.3
1152210 2018.3
1152220 2023.0
1152230 2027.1
1152240 2027.1
1152250 2033.4
1152260 2040.0
1152270 2040.0
1152280 2043.0
1152290 2044.5
1152300 2044.5
1152310 2048.3
1152320 2051.0
1152330 2051.0
1152340 2054.0
1152350 2059.0
1152360 2068.2
1152370 2068.2
1152380 2079.2
1152390 2082.7
1152400 2082.7
1152410 2085.3
1152420 2105.1
1152430 2105.1
1152440 2126.1
1152450 2143.7
1152460 2143.7
1152470 2156.1
1152480 2170.5
1152490 2170.5
1152500 2184.3
1152510 2198.5
1152520 2198.5
1152530 2209.7
1152540 2214.3
1152550 2214.3
1152560 2219.0
1152570 2226.4
1152580 2226.4
1152590 2232.9
1152600 2237.8
1152610 2239.9
1152620 2239.9
1152630 2248.9
1152640 2256.7
1152650 2256.7
1152660 2261.8
1152670 2264.8
1152680 2264.8
1152690 2268.0
1152700 2278.2
1152710 2278.2
1152720 2289.5
1152730 2300.0
1152740 2300.0
1152750 2312.5
1152760 2325.6
1152770 2325.6
1152780 2337.6
1152790 2347.1
1152800 2347.7
1152810 2355.4
1152820 2365.5
1152830 2378.8
1152840 2378.8
1152850 2393.7
1152860 2404.0
1152870 2404.0
1152880 2414.4
1152890 2424.2
1152900 2424.2
1152910 2434.2
1152920 2444.3
1152930 2444.3
1152940 2453.4
1152950 2463.2
1152960 2463.2
1152970 2474.0
1152980 2482.5
1152990 2482.5
1153000 2488.5
1153010 2495.2
1153020 2495.2
1153030 2501.4
1153040 2505.3
1153050 2505.3
1153060 2504.9
1153070 2512.1
1153080 2519.4
1153090 2519.4
1153100 2518.2
1153110 2517.1
1153120 2517.1
1153130 2522.6
1153140 2528.3
1153150 2528.3
1153160 2533.3
1153170 2538.5
1153180 2538.5
1153190 2556.6
1153200 2558.8
1153210 2558.8
1153220 2559.1
1153230 2565.3
1153240 2565.3
1153250 2569.1
1153260 2580.2
1153270 2580.2
1153280 2594.6
1153290 2605.0
1153300 2604.2
1153310 2604.2
1153320 2607.3
1153330 2604.9
1153340 2604.9
1153350 2605.6
1153360 2616.9
1153370 2616.9
1153380 2628.5
1153390 2631.6
1153400 2631.6
1153410 2633.8
1153420 2634.4
1153430 2634.4
1153440 2636.8
1153450 2646.3
1153460 2646.3
1153470 2655.2
1153480 2655.1
1153490 2655.1
1153500 2661.6
1153510 2670.3
1153520 2679.5
1153530 2679.5
1153540 2688.3
1153550 2696.6
1153560 2696.6
1153570 2708.6
1153580 2722.2
1153590 2722.2
1153600 2731.8
1153610 2731.6
1153620 2731.6
1153630 2729.5
1153640 2730.6
1153650 2730.6
1153660 2732.6
1153670 2734.3
1153680 2734.3
1153690 2736.7
1153700 2739.9
1153710 2739.9
1153720 2743.6
1153730 2746.5
1153740 2746.5
1153750 2742.5
1153760 2736.1
1153770 2728.9
1153780 2728.9
1153790 2725.2
1153800 2722.8
1153810 2722.8
1153820 2719.9
1153830 2717.5
1153840 2717.5
1153850 2716.7
1153860 2715.8
1153870 2715.8
1153880 2714.6
1153890 2718.0
1153900 2718.0
1153910 2720.6
1153920 2721.4
1153930 2721.4
1153940 2721.3
1153950 2726.3
1153960 2726.3
1153970 2723.7
1153980 2721.5
1153990 2720.2
1154000 2720.2
1154010 2718.0
1154020 2714.2
1154030 2714.2
1154040 2710.7
1154050 2708.6
1154060 2708.6
1154070 2709.3
1154080 2712.2
1154090 2712.2
1154100 2714.2
1154110 2720.1
1154120 2720.1
1154130 2739.4
1154140 2758.0
1154150 2758.0
1154160 2774.4
1154170 2787.5
1154180 2787.5
1154190 2792.2
1154200 2801.7
1154210 2801.7
1154220 2810.5
1154230 2820.5
1154240 2829.4
1154250 2829.4
1154260 2838.0
1154270 2847.0
1154280 2847.0
1154290 2855.3
1154300 2864.3
1154310 2864.3
1154320 2872.3
1154330 2875.2
1154340 2882.7
1154350 2886.2
1154360 2883.5
1154370 2883.5
1154380 2879.9
1154390 2877.2
1154400 2877.2
1154410 2874.5
1154420 2871.4
1154430 2871.4
1154440 2865.9
1154450 2865.8
1154460 2870.7
1154470 2870.7
1154480 2880.3
1154490 2886.4
1154500 2886.4
1154510 2893.1
1154520 2903.2
1154530 2903.2
1154540 2914.0
1154550 2912.3
1154560 2912.3
1154570 2908.4
1154580 2906.7
1154590 2906.7
1154600 2906.9
1154610 2910.3
1154620 2910.3
1154630 2912.0
1154640 2904.6
1154650 2904.6
1154660 2901.9
1154670 2901.3
1154680 2901.3
1154690 2897.9
1154700 2898.4
1154710 2904.4
1154720 2921.4
1154730 2925.1
1154740 2928.4
1154750 2928.4
1154760 2922.0
1154770 2917.9
1154780 2917.9
1154790 2919.7
1154800 2912.3
1154810 2912.3
1154820 2904.4
1154830 2901.5
1154840 2901.5
1154850 2896.2
1154860 2891.1
1154870 2891.1
1154880 2887.7
1154890 2880.0
1154900 2880.0
1154910 2870.5
1154920 2873.4
1154930 2875.8
1154940 2875.8
1154950 2877.6
1154960 2877.3
1154970 2877.3
1154980 2876.0
1154990 2870.3
1155000 2870.3
1155010 2863.1
1155020 2857.5
1155030 2857.5
1155040 2853.6
1155050 2856.6
1155060 2856.6
1155070 2861.1
1155080 2865.5
1155090 2865.5
1155100 2866.9
1155110 2886.6
1155120 2886.6
1155130 2896.3
1155140 2897.0
1155150 2897.0
1155160 2891.0
1155170 2894.5
1155180 2899.0
1155190 2899.0
1155200 2899.8
1155210 2902.0
1155220 2902.0
1155230 2891.2
1155240 2877.4
1155250 2877.4
1155260 2861.9
1155270 2844.1
1155280 2844.1
1155290 2827.3
1155300 2815.0
1155310 2815.0
1155320 2801.0
1155330 2787.8
1155340 2787.8
1155350 2774.9
1155360 2765.1
1155370 2765.1
1155380 2757.5
1155390 2748.2
1155400 2736.4
1155410 2736.4
1155420 2721.7
1155430 2710.6
1155440 2710.6
1155450 2699.9
1155460 2689.6
1155470 2689.6
1155480 2680.7
1155490 2670.9
1155500 2670.9
1155510 2659.2
1155520 2637.9
1155530 2637.9
1155540 2621.8
1155550 2608.8
1155560 2608.8
1155570 2593.9
1155580 2572.8
1155590 2572.8
1155600 2554.8
1155610 2537.8
1155620 2525.6
1155630 2525.6
1155640 2513.3
1155650 2501.9
1155660 2501.9
1155670 2493.2
1155680 2483.7
1155690 2483.7
1155700 2475.9
1155710 2469.3
1155720 2469.3
1155730 2462.7
1155740 2455.8
1155750 2455.8
1155760 2449.2
1155770 2442.9
1155780 2442.9
1155790 2437.0
1155800 2431.2
1155810 2431.2
1155820 2425.6
1155830 2420.1
1155840 2420.1
1155850 2414.7
1155860 2409.6
1155870 2404.9
1155880 2407.4
1155890 2403.6
1155900 2400.1
1155910 2400.1
1155920 2396.5
1155930 2392.5
1155940 2392.5
1155950 2388.3
1155960 2384.1
1155970 2384.1
1155980 2380.0
1155990 2375.7
1156000 2375.7
1156010 2371.4
1156020 2367.9
1156030 2367.9
1156040 2364.0
1156050 2359.8
1156060 2359.8
1156070 2355.5
1156080 2351.2
1156090 2347.1
1156100 2347.1
1156110 2342.8
1156120 2338.6
1156130 2338.6
1156140 2334.6
1156150 2330.4
1156160 2330.4
1156170 2326.3
1156180 2322.0
1156190 2322.0
1156200 2317.6
1156210 2313.4
1156220 2313.4
1156230 2309.3
1156240 2305.5
1156250 2305.5
1156260 2303.1
1156270 2299.2
1156280 2299.2
1156290 2295.1
1156300 2291.2
1156310 2291.2
1156320 2287.3
1156330 2283.4
1156340 2279.5
1156350 2279.5
1156360 2275.9
1156370 2273.4
1156380 2273.4
1156390 2271.5
1156400 2269.8
1156410 2269.8
1156420 2268.4
1156430 2266.9
1156440 2266.9
1156450 2265.2
1156460 2263.6
1156470 2263.6
1156480 2262.1
1156490 2260.3
1156500 2260.3
1156510 2258.2
1156520 2256.5
1156530 2256.5
1156540 2255.5
1156550 2254.9
1156560 2256.3
1156570 2256.3
1156580 2259.1
1156590 2262.2
1156600 2262.2
1156610 2265.8
1156620 2268.0
1156630 2268.0
1156640 2269.8
1156650 2278.0
1156660 2278.0
1156670 2279.2
1156680 2279.7
1156690 2279.7
1156700 2278.1
1156710 2275.0
1156720 2275.0
1156730 2273.9
1156740 2273.8
1156750 2273.8
1156760 2274.2
1156770 2280.2
1156780 2280.2
1156790 2282.8
1156800 2283.9
1156810 2287.7
1156820 2287.7
1156830 2278.7
1156840 2268.7
1156850 2268.7
1156860 2262.3
1156870 2257.1
1156880 2257.1
1156890 2255.3
1156900 2255.6
1156910 2255.6
1156920 2258.3
1156930 2256.3
1156940 2256.3
1156950 2251.4
1156960 2244.9
1156970 2244.9
1156980 2238.0
1156990 2229.6
1157000 2229.6
1157010 2223.4
1157020 2219.6
1157030 2218.1
1157040 2225.5
1157050 2223.1
1157060 2219.1
1157070 2219.1
1157080 2214.8
1157090 2210.6
1157100 2210.6
1157110 2207.4
1157120 2203.2
1157130 2203.2
1157140 2196.4
1157150 2190.6
1157160 2190.6
1157170 2196.3
1157180 2208.5
1157190 2208.5
1157200 2212.6
1157210 2212.9
1157220 2212.9
1157230 2217.7
1157240 2219.4
1157250 2220.2
1157260 2220.2
1157270 2219.3
1157280 2222.0
1157290 2222.0
1157300 2220.5
1157310 2216.8
1157320 2216.8
1157330 2213.7
1157340 2212.4
1157350 2212.4
1157360 2211.7
1157370 2210.7
1157380 2210.7
1157390 2204.3
1157400 2196.1
1157410 2196.1
1157420 2184.1
1157430 2188.4
1157440 2188.4
1157450 2180.2
1157460 2177.0
1157470 2177.0
1157480 2178.6
1157490 2190.4
1157500 2202.2
1157510 2202.2
1157520 2211.7
1157530 2211.8
1157540 2211.8
1157550 2209.7
1157560 2208.7
1157570 2208.7
1157580 2204.8
1157590 2196.2
1157600 2196.2
1157610 2188.3
1157620 2180.4
1157630 2180.4
1157640 2172.1
1157650 2161.5
1157660 2161.5
1157670 2150.4
1157680 2141.4
1157690 2141.4
1157700 2133.6
1157710 2125.8
1157720 2117.3
1157730 2117.3
1157740 2107.9
1157750 2101.6
1157760 2101.6
1157770 2096.6
1157780 2091.8
1157790 2091.8
1157800 2086.1
1157810 2080.3
1157820 2077.6
1157830 2066.9
1157840 2053.4
1157850 2053.4
1157860 2043.8
1157870 2037.6
1157880 2037.6
1157890 2032.3
1157900 2027.4
1157910 2027.4
1157920 2022.2
1157930 2017.0
1157940 2017.0
1157950 2011.4
1157960 2006.2
1157970 2000.5
1157980 2000.5
1157990 1994.3
1158000 1989.4
1158010 1989.4
1158020 1985.3
1158030 1981.8
1158040 1981.8
1158050 1976.1
1158060 1970.2
1158070 1970.2
1158080 1961.8
1158090 1950.2
1158100 1950.2
1158110 1939.6
1158120 1932.8
1158130 1932.8
1158140 1937.6
1158150 1941.7
1158160 1941.7
1158170 1939.1
1158180 1933.7
1158190 1927.0
1158200 1922.1
1158210 1918.0
1158220 1910.4
1158230 1910.4
1158240 1894.9
1158250 1873.2
1158260 1873.2
1158270 1858.2
1158280 1848.4
1158290 1848.4
1158300 1839.3
1158310 1832.5
1158320 1832.5
1158330 1826.3
1158340 1820.4
1158350 1820.4
1158360 1816.6
1158370 1814.3
1158380 1814.3
1158390 1812.5
1158400 1812.0
1158410 1812.0
1158420 1811.1
1158430 1808.8
1158440 1806.1
1158450 1806.1
1158460 1803.3
1158470 1800.6
1158480 1800.6
1158490 1798.4
1158500 1796.3
1158510 1796.3
1158520 1794.2
1158530 1792.9
1158540 1792.9
1158550 1791.3
1158560 1788.2
1158570 1788.2
1158580 1783.7
1158590 1774.6
1158600 1774.6
1158610 1768.2
1158620 1761.2
1158630 1761.2
1158640 1756.5
1158650 1754.4
1158660 1754.5
1158670 1754.5
1158680 1753.4
1158690 1751.6
1158700 1751.6
1158710 1750.5
1158720 1749.4
1158730 1749.4
1158740 1748.6
1158750 1747.9
1158760 1747.9
1158770 1746.7
1158780 1745.5
1158790 1745.5
1158800 1744.7
1158810 1743.8
1158820 1743.8
1158830 1743.6
1158840 1743.1
1158850 1743.1
1158860 1742.1
1158870 1741.3
1158880 1740.3
1158890 1740.3
1158900 1739.3
1158910 1740.3
1158920 1740.3
1158930 1743.6
1158940 1747.1
1158950 1747.1
1158960 1748.5
1158970 1749.0
1158980 1751.1
1158990 1751.8
1159000 1752.5
1159010 1752.5
1159020 1752.9
1159030 1750.7
1159040 1750.7
1159050 1754.4
1159060 1758.8
1159070 1758.8
1159080 1762.3
1159090 1764.7
1159100 1764.7
1159110 1765.7
1159120 1766.6
1159130 1767.2
1159140 1767.2
1159150 1765.2
1159160 1764.7
1159170 1764.7
1159180 1768.7
1159190 1769.9
1159200 1769.9
1159210 1770.4
1159220 1770.9
1159230 1770.9
1159240 1772.2
1159250 1771.7
1159260 1771.7
1159270 1773.3
1159280 1778.9
1159290 1778.9
1159300 1782.8
1159310 1786.6
1159320 1786.6
1159330 1790.5
1159340 1793.6
1159350 1793.6
1159360 1793.6
1159370 1799.6
1159380 1799.2
1159390 1799.2
1159400 1798.6
1159410 1796.7
1159420 1796.7
1159430 1794.4
1159440 1794.8
1159450 1794.8
1159460 1795.6
1159470 1797.5
1159480 1797.5
1159490 1799.1
1159500 1799.3
1159510 1799.3
1159520 1798.4
1159530 1798.9
1159540 1798.9
1159550 1799.7
1159560 1800.5
1159570 1800.5
1159580 1801.4
1159590 1801.7
1159600 1801.6
1159610 1801.6
1159620 1803.0
1159630 1803.0
1159640 1803.0
1159650 1802.0
1159660 1799.6
1159670 1799.6
1159680 1795.4
1159690 1790.1
1159700 1790.1
1159710 1783.3
1159720 1779.3
1159730 1779.3
1159740 1781.7
1159750 1786.9
1159760 1792.6
1159770 1797.8
1159780 1801.5
1159790 1801.5
1159800 1804.1
1159810 1806.5
1159820 1808.7
1159830 1808.7
1159840 1809.2
1159850 1809.1
1159860 1809.1
1159870 1809.1
1159880 1809.8
1159890 1809.8
1159900 1810.4
1159910 1808.6
1159920 1808.6
1159930 1809.5
1159940 1811.7
1159950 1811.7
1159960 1813.7
1159970 1814.6
1159980 1814.6
1159990 1816.0
