1140000 1507.6
1140010 1502.9
1140020 1502.9
1140030 1498.8
1140040 1497.0
1140050 1497.0
1140060 1494.8
1140070 1491.1
1140080 1491.1
1140090 1488.4
1140100 1486.8
1140110 1486.8
1140120 1485.3
1140130 1483.3
1140140 1483.3
1140150 1481.2
1140160 1478.9
1140170 1476.6
1140180 1476.6
1140190 1474.8
1140200 1474.5
1140210 1472.7
1140220 1473.2
1140230 1472.8
1140240 1472.8
1140250 1472.8
1140260 1473.1
1140270 1473.1
1140280 1473.6
1140290 1474.2
1140300 1474.2
1140310 1474.9
1140320 1474.5
1140330 1474.5
1140340 1473.5
1140350 1472.8
1140360 1472.8
1140370 1471.7
1140380 1469.7
1140390 1469.7
1140400 1466.0
1140410 1460.6
1140420 1457.8
1140430 1457.8
1140440 1457.1
1140450 1456.0
1140460 1456.0
1140470 1455.6
1140480 1455.4
1140490 1455.4
1140500 1456.7
1140510 1458.5
1140520 1458.5
1140530 1457.5
1140540 1456.3
1140550 1456.3
1140560 1454.4
1140570 1453.1
1140580 1450.3
1140590 1450.0
1140600 1449.0
1140610 1449.0
1140620 1447.3
1140630 1446.3
1140640 1445.5
1140650 1445.5
1140660 1444.5
1140670 1443.3
1140680 1443.3
1140690 1441.7
1140700 1440.2
1140710 1440.2
1140720 1439.2
1140730 1437.8
1140740 1437.8
1140750 1437.4
1140760 1437.3
1140770 1437.3
1140780 1437.0
1140790 1433.7
1140800 1433.7
1140810 1430.8
1140820 1429.3
1140830 1429.3
1140840 1426.5
1140850 1424.7
1140860 1424.7
1140870 1423.1
1140880 1421.9
1140890 1420.3
1140900 1420.3
1140910 1417.3
1140920 1417.2
1140930 1417.2
1140940 1416.0
1140950 1413.8
1140960 1413.8
1140970 1411.3
1140980 1409.4
1140990 1409.4
1141000 1407.5
1141010 1406.1
1141020 1406.1
1141030 1404.4
1141040 1402.6
1141050 1402.6
1141060 1401.2
1141070 1399.6
1141080 1399.6
1141090 1398.1
1141100 1396.2
1141110 1394.3
1141120 1394.3
1141130 1392.5
1141140 1391.0
1141150 1391.0
1141160 1389.5
1141170 1387.8
1141180 1387.8
1141190 1386.1
1141200 1384.4
1141210 1384.4
1141220 1383.0
1141230 1381.1
1141240 1381.1
1141250 1379.0
1141260 1377.0
1141270 1377.0
1141280 1375.5
1141290 1374.3
1141300 1374.3
1141310 1373.2
1141320 1370.9
1141330 1370.9
1141340 1368.6
1141350 1366.6
1141360 1365.8
1141370 1365.8
1141380 1365.6
1141390 1365.6
1141400 1365.6
1141410 1363.5
1141420 1359.3
1141430 1359.3
1141440 1356.5
1141450 1354.5
1141460 1354.5
1141470 1353.3
1141480 1353.1
1141490 1353.1
1141500 1352.5
1141510 1350.9
1141520 1350.9
1141530 1349.5
1141540 1348.8
1141550 1348.8
1141560 1347.0
1141570 1345.5
1141580 1342.6
1141590 1342.6
1141600 1338.4
1141610 1334.0
1141620 1334.0
1141630 1330.5
1141640 1329.6
1141650 1329.6
1141660 1330.1
1141670 1327.9
1141680 1327.9
1141690 1322.4
1141700 1316.6
1141710 1316.6
1141720 1312.0
1141730 1308.2
1141740 1308.2
1141750 1307.4
1141760 1310.5
1141770 1310.5
1141780 1317.2
1141790 1325.2
1141800 1325.2
1141810 1331.3
1141820 1337.4
1141830 1339.1
1141840 1339.1
1141850 1338.8
1141860 1336.8
1141870 1336.8
1141880 1333.1
1141890 1334.3
1141900 1334.3
1141910 1339.5
1141920 1347.1
1141930 1347.1
1141940 1350.0
1141950 1346.4
1141960 1346.4
1141970 1347.4
1141980 1355.1
1141990 1355.1
1142000 1358.4
1142010 1358.6
1142020 1358.6
1142030 1358.2
1142040 1358.9
1142050 1358.9
1142060 1363.1
1142070 1363.2
1142080 1363.1
1142090 1363.1
1142100 1363.2
1142110 1364.2
1142120 1364.2
1142130 1366.1
1142140 1366.1
1142150 1366.1
1142160 1364.0
1142170 1364.7
1142180 1364.7
1142190 1367.1
1142200 1369.1
1142210 1369.1
1142220 1367.8
1142230 1371.6
1142240 1371.6
1142250 1373.6
1142260 1372.9
1142270 1372.9
1142280 1371.6
1142290 1370.9
1142300 1373.5
1142310 1373.5
1142320 1376.3
1142330 1378.6
1142340 1378.6
1142350 1380.7
1142360 1382.9
1142370 1382.9
1142380 1385.9
1142390 1388.4
1142400 1388.4
1142410 1390.4
1142420 1393.7
1142430 1400.4
1142440 1406.0
1142450 1409.8
1142460 1409.8
1142470 1412.3
1142480 1415.3
1142490 1415.3
1142500 1418.2
1142510 1421.6
1142520 1421.9
1142530 1421.9
1142540 1417.9
1142550 1419.9
1142560 1419.9
1142570 1420.2
1142580 1427.7
1142590 1427.7
1142600 1439.2
1142610 1451.2
1142620 1451.2
1142630 1457.1
1142640 1461.0
1142650 1461.0
1142660 1464.8
1142670 1468.2
1142680 1468.2
1142690 1470.9
1142700 1473.8
1142710 1473.8
1142720 1477.1
1142730 1480.7
1142740 1480.7
1142750 1483.9
1142760 1487.2
1142770 1491.0
1142780 1491.0
1142790 1495.3
1142800 1505.3
1142810 1505.3
1142820 1508.6
1142830 1510.8
1142840 1510.8
1142850 1513.1
1142860 1518.4
1142870 1518.4
1142880 1524.3
1142890 1530.2
1142900 1530.2
1142910 1534.4
1142920 1535.8
1142930 1535.8
1142940 1534.2
1142950 1532.8
1142960 1532.8
1142970 1535.4
1142980 1540.6
1142990 1541.0
1143000 1541.0
1143010 1544.9
1143020 1552.0
1143030 1552.0
1143040 1560.1
1143050 1567.1
1143060 1567.1
1143070 1573.6
1143080 1579.5
1143090 1579.5
1143100 1584.2
1143110 1589.2
1143120 1589.2
1143130 1594.6
1143140 1600.9
1143150 1600.9
1143160 1607.0
1143170 1613.1
1143180 1614.6
1143190 1621.2
1143200 1627.7
1143210 1627.7
1143220 1634.1
1143230 1640.3
1143240 1646.7
1143250 1646.7
1143260 1652.6
1143270 1657.4
1143280 1657.4
1143290 1662.6
1143300 1668.1
1143310 1668.1
1143320 1673.6
1143330 1678.8
1143340 1678.8
1143350 1683.4
1143360 1687.8
1143370 1687.8
1143380 1692.3
1143390 1696.9
1143400 1696.9
1143410 1701.4
1143420 1706.4
1143430 1706.4
1143440 1711.3
1143450 1717.7
1143460 1725.1
1143470 1725.1
1143480 1731.4
1143490 1738.6
1143500 1738.6
1143510 1746.0
1143520 1751.6
1143530 1751.6
1143540 1756.9
1143550 1767.9
1143560 1767.9
1143570 1774.1
1143580 1779.5
1143590 1779.5
1143600 1784.2
1143610 1788.8
1143620 1788.8
1143630 1792.0
1143640 1794.4
1143650 1794.4
1143660 1796.0
1143670 1797.0
1143680 1797.4
1143690 1797.4
1143700 1797.5
1143710 1796.9
1143720 1796.9
1143730 1794.6
1143740 1792.6
1143750 1792.6
1143760 1790.8
1143770 1788.7
1143780 1788.7
1143790 1786.6
1143800 1785.9
1143810 1785.9
1143820 1784.2
1143830 1782.1
1143840 1782.1
1143850 1781.4
1143860 1781.3
1143870 1781.3
1143880 1780.6
1143890 1780.6
1143900 1780.6
1143910 1781.8
1143920 1787.5
1143930 1785.0
1143940 1785.0
1143950 1780.3
1143960 1772.7
1143970 1772.7
1143980 1766.7
1143990 1763.8
1144000 1763.8
1144010 1764.9
1144020 1766.6
1144030 1766.6
1144040 1765.6
1144050 1763.3
1144060 1763.3
1144070 1759.0
1144080 1754.7
1144090 1754.7
1144100 1750.9
1144110 1748.0
1144120 1748.0
1144130 1745.4
1144140 1743.0
1144150 1740.5
1144160 1740.5
1144170 1737.5
1144180 1734.3
1144190 1734.3
1144200 1731.5
1144210 1728.7
1144220 1728.7
1144230 1725.0
1144240 1721.2
1144250 1721.2
1144260 1721.7
1144270 1727.4
1144280 1727.4
1144290 1735.1
1144300 1740.4
1144310 1740.4
1144320 1745.2
1144330 1750.1
1144340 1750.1
1144350 1754.8
1144360 1759.9
1144370 1759.9
1144380 1764.7
1144390 1769.9
1144400 1774.8
1144410 1774.8
1144420 1778.5
1144430 1782.8
1144440 1782.8
1144450 1787.6
1144460 1791.2
1144470 1791.2
1144480 1793.7
1144490 1797.5
1144500 1797.5
1144510 1803.8
1144520 1813.0
1144530 1813.0
1144540 1820.2
1144550 1826.6
1144560 1826.6
1144570 1833.1
1144580 1839.0
1144590 1839.0
1144600 1844.9
1144610 1850.9
1144620 1857.0
1144630 1857.0
1144640 1863.1
1144650 1869.9
1144660 1869.9
1144670 1879.2
1144680 1888.0
1144690 1888.0
1144700 1896.2
1144710 1902.6
1144720 1902.6
1144730 1906.6
1144740 1910.3
1144750 1910.3
1144760 1913.4
1144770 1915.9
1144780 1915.9
1144790 1918.4
1144800 1920.6
1144810 1920.6
1144820 1922.6
1144830 1925.0
1144840 1925.0
1144850 1927.3
1144860 1929.7
1144870 1931.9
1144880 1931.9
1144890 1933.6
1144900 1935.5
1144910 1935.5
1144920 1937.5
1144930 1940.0
1144940 1940.0
1144950 1942.4
1144960 1944.4
1144970 1944.4
1144980 1945.9
1144990 1947.7
1145000 1947.7
1145010 1951.3
1145020 1954.1
1145030 1954.1
1145040 1961.6
1145050 1965.4
1145060 1965.4
1145070 1969.3
1145080 1973.3
1145090 1976.0
1145100 1976.0
1145110 1979.0
1145120 1982.3
1145130 1982.3
1145140 1983.1
1145150 1979.5
1145160 1979.5
1145170 1970.8
1145180 1964.0
1145190 1964.0
1145200 1964.5
1145210 1966.8
1145220 1966.8
1145230 1970.3
1145240 1974.0
1145250 1974.0
1145260 1979.5
1145270 1984.4
1145280 1984.4
1145290 1984.7
1145300 1988.6
1145310 1988.6
1145320 1993.8
1145330 1998.3
1145340 2003.4
1145350 2003.4
1145360 2007.5
1145370 2012.1
1145380 2012.1
1145390 2016.4
1145400 2016.6
1145410 2025.0
1145420 2022.4
1145430 2024.9
1145440 2024.9
1145450 2028.3
1145460 2032.4
1145470 2032.4
1145480 2037.0
1145490 2040.6
1145500 2040.6
1145510 2044.0
1145520 2047.5
1145530 2047.5
1145540 2050.5
1145550 2053.0
1145560 2056.0
1145570 2056.0
1145580 2058.8
1145590 2061.6
1145600 2061.6
1145610 2065.0
1145620 2068.0
1145630 2068.0
1145640 2069.8
1145650 2073.7
1145660 2073.7
1145670 2077.4
1145680 2080.0
1145690 2080.0
1145700 2082.0
1145710 2084.2
1145720 2084.2
1145730 2087.7
1145740 2090.1
1145750 2090.1
1145760 2092.6
1145770 2094.9
1145780 2094.9
1145790 2103.8
1145800 2108.4
1145810 2113.4
1145820 2113.4
1145830 2117.8
1145840 2121.4
1145850 2121.4
1145860 2125.0
1145870 2128.4
1145880 2128.4
1145890 2132.3
1145900 2137.0
1145910 2137.0
1145920 2140.9
1145930 2144.1
1145940 2144.1
1145950 2147.3
1145960 2150.0
1145970 2150.0
1145980 2153.0
1145990 2156.4
1146000 2156.4
1146010 2159.4
1146020 2162.0
1146030 2164.4
1146040 2164.4
1146050 2166.0
1146060 2167.7
1146070 2167.7
1146080 2169.1
1146090 2170.2
1146100 2170.2
1146110 2170.6
1146120 2171.3
1146130 2171.3
1146140 2173.0
1146150 2173.4
1146160 2182.1
1146170 2181.2
1146180 2181.3
1146190 2181.3
1146200 2182.4
1146210 2183.4
1146220 2183.4
1146230 2182.0
1146240 2179.5
1146250 2179.5
1146260 2179.2
1146270 2184.0
1146280 2183.1
1146290 2183.1
1146300 2178.9
1146310 2177.5
1146320 2177.5
1146330 2180.0
1146340 2179.0
1146350 2179.0
1146360 2177.7
1146370 2176.9
1146380 2176.9
1146390 2178.3
1146400 2177.2
1146410 2177.2
1146420 2176.0
1146430 2176.0
1146440 2176.0
1146450 2174.1
1146460 2173.2
1146470 2173.2
1146480 2170.7
1146490 2168.5
1146500 2161.3
1146510 2161.3
1146520 2157.2
1146530 2156.8
1146540 2165.9
1146550 2161.8
1146560 2158.2
1146570 2158.2
1146580 2150.3
1146590 2141.9
1146600 2141.9
1146610 2132.7
1146620 2122.1
1146630 2122.1
1146640 2107.8
1146650 2101.8
1146660 2101.8
1146670 2096.1
1146680 2090.5
1146690 2090.5
1146700 2085.7
1146710 2081.1
1146720 2081.1
1146730 2075.8
1146740 2070.1
1146750 2063.7
1146760 2063.7
1146770 2057.8
1146780 2053.2
1146790 2053.2
1146800 2049.8
1146810 2047.5
1146820 2047.5
1146830 2041.9
1146840 2035.8
1146850 2035.8
1146860 2032.2
1146870 2028.1
1146880 2028.1
1146890 2024.1
1146900 2019.8
1146910 2022.8
1146920 2021.8
1146930 2021.0
1146940 2021.0
1146950 2017.2
1146960 2014.1
1146970 2014.0
1146980 2014.0
1146990 2014.0
1147000 2015.5
1147010 2015.5
1147020 2017.8
1147030 2018.3
1147040 2018.3
1147050 2019.4
1147060 2020.5
1147070 2020.5
1147080 2020.4
1147090 2021.6
1147100 2021.6
1147110 2021.0
1147120 2022.6
1147130 2022.6
1147140 2025.3
1147150 2027.5
1147160 2027.5
1147170 2030.0
1147180 2034.0
1147190 2034.0
1147200 2037.2
1147210 2039.8
1147220 2043.2
1147230 2043.2
1147240 2048.9
1147250 2054.4
1147260 2054.4
1147270 2058.6
1147280 2061.8
1147290 2067.9
1147300 2070.5
1147310 2072.8
1147320 2072.8
1147330 2074.6
1147340 2075.5
1147350 2075.5
1147360 2076.6
1147370 2078.2
1147380 2078.2
1147390 2080.0
1147400 2083.0
1147410 2083.0
1147420 2087.3
1147430 2092.2
1147440 2098.6
1147450 2098.6
1147460 2106.0
1147470 2113.2
1147480 2113.2
1147490 2120.1
1147500 2127.6
1147510 2127.6
1147520 2135.8
1147530 2146.4
1147540 2146.4
1147550 2154.9
1147560 2160.3
1147570 2160.3
1147580 2163.8
1147590 2167.1
1147600 2167.1
1147610 2171.1
1147620 2175.1
1147630 2175.1
1147640 2179.8
1147650 2184.9
1147660 2190.2
1147670 2192.6
1147680 2201.3
1147690 2208.2
1147700 2208.2
1147710 2215.9
1147720 2223.3
1147730 2223.3
1147740 2229.5
1147750 2232.5
1147760 2232.5
1147770 2229.8
1147780 2222.8
1147790 2222.8
1147800 2215.5
1147810 2208.6
1147820 2208.6
1147830 2200.6
1147840 2194.0
1147850 2194.0
1147860 2189.3
1147870 2185.5
1147880 2185.5
1147890 2182.8
1147900 2181.1
1147910 2180.4
1147920 2180.4
1147930 2180.0
1147940 2179.7
1147950 2179.7
1147960 2179.3
1147970 2178.2
1147980 2178.2
1147990 2177.2
1148000 2176.5
1148010 2176.5
1148020 2175.7
1148030 2175.4
1148040 2180.7
1148050 2178.9
1148060 2177.6
1148070 2177.6
1148080 2178.4
1148090 2178.8
1148100 2178.8
1148110 2179.0
1148120 2181.3
1148130 2180.7
1148140 2180.7
1148150 2176.1
1148160 2171.9
1148170 2171.9
1148180 2170.9
1148190 2170.1
1148200 2170.1
1148210 2169.3
1148220 2171.3
1148230 2171.3
1148240 2173.7
1148250 2177.0
1148260 2177.0
1148270 2181.3
1148280 2186.8
1148290 2186.8
1148300 2194.3
1148310 2201.7
1148320 2201.7
1148330 2203.6
1148340 2208.3
1148350 2208.3
1148360 2209.9
1148370 2209.2
1148380 2208.0
1148390 2208.0
1148400 2206.9
1148410 2208.6
1148420 2218.8
1148430 2217.8
1148440 2215.2
1148450 2215.2
1148460 2215.4
1148470 2214.9
1148480 2214.9
1148490 2210.6
1148500 2207.7
1148510 2207.7
1148520 2208.7
1148530 2213.1
1148540 2213.1
1148550 2213.8
1148560 2211.6
1148570 2211.6
1148580 2211.0
1148590 2210.7
1148600 2209.4
1148610 2209.4
1148620 2208.1
1148630 2210.0
1148640 2210.0
1148650 2209.1
1148660 2205.5
1148670 2205.5
1148680 2202.9
1148690 2204.0
1148700 2204.0
1148710 2205.9
1148720 2207.8
1148730 2207.8
1148740 2212.1
1148750 2214.4
1148760 2214.4
1148770 2215.4
1148780 2217.4
1148790 2217.4
1148800 2221.9
1148810 2225.5
1148820 2225.5
1148830 2229.3
1148840 2233.8
1148850 2239.0
1148860 2239.0
1148870 2243.8
1148880 2248.3
1148890 2248.3
1148900 2252.7
1148910 2257.0
1148920 2257.0
1148930 2261.6
1148940 2265.5
1148950 2265.5
1148960 2268.7
1148970 2271.6
1148980 2271.6
1148990 2274.6
1149000 2277.8
1149010 2277.8
1149020 2281.5
1149030 2286.3
1149040 2286.3
1149050 2291.4
1149060 2296.2
1149070 2300.9
1149080 2300.9
1149090 2313.6
1149100 2334.4
1149110 2334.4
1149120 2346.4
1149130 2355.4
1149140 2355.4
1149150 2369.7
1149160 2383.1
1149170 2383.1
1149180 2389.7
1149190 2399.3
1149200 2399.3
1149210 2409.9
1149220 2420.1
1149230 2420.1
1149240 2429.9
1149250 2437.2
1149260 2437.2
1149270 2440.6
1149280 2443.4
1149290 2443.4
1149300 2445.5
1149310 2448.4
1149320 2451.6
1149330 2451.6
1149340 2454.6
1149350 2455.8
1149360 2455.8
1149370 2454.8
1149380 2453.9
1149390 2453.9
1149400 2459.3
1149410 2468.7
1149420 2468.7
1149430 2474.4
1149440 2468.3
1149450 2468.3
1149460 2459.3
1149470 2449.8
1149480 2449.8
1149490 2439.4
1149500 2431.1
1149510 2431.1
1149520 2423.3
1149530 2415.5
1149540 2407.9
1149550 2407.9
1149560 2405.4
1149570 2393.1
1149580 2393.1
1149590 2381.2
1149600 2371.4
1149610 2371.4
1149620 2364.1
1149630 2357.0
1149640 2357.0
1149650 2350.0
1149660 2344.0
1149670 2344.0
1149680 2338.5
1149690 2333.7
1149700 2333.7
1149710 2330.1
1149720 2327.5
1149730 2327.5
1149740 2325.5
1149750 2321.7
1149760 2321.7
1149770 2311.3
1149780 2295.3
1149790 2280.9
1149800 2280.9
1149810 2271.2
1149820 2263.8
1149830 2263.8
1149840 2257.4
1149850 2251.7
1149860 2251.7
1149870 2244.9
1149880 2239.0
1149890 2239.0
1149900 2234.6
1149910 2231.2
1149920 2231.2
1149930 2227.9
1149940 2219.9
1149950 2219.9
1149960 2213.7
1149970 2208.7
1149980 2208.7
1149990 2205.7
1150000 2203.6
1150010 2199.3
1150020 2199.3
1150030 2193.2
1150040 2187.6
1150050 2187.6
1150060 2179.9
1150070 2170.2
1150080 2170.2
1150090 2163.2
1150100 2155.8
1150110 2155.8
1150120 2149.1
1150130 2143.3
1150140 2143.3
1150150 2135.4
1150160 2128.0
1150170 2128.0
1150180 2121.1
1150190 2114.8
1150200 2114.8
1150210 2109.1
1150220 2103.7
1150230 2103.7
1150240 2097.7
1150250 2091.8
1150260 2086.4
1150270 2086.4
1150280 2080.4
1150290 2073.9
1150300 2073.9
1150310 2069.6
1150320 2062.3
1150330 2062.3
1150340 2057.0
1150350 2052.7
1150360 2052.7
1150370 2047.5
1150380 2040.3
1150390 2040.3
1150400 2030.5
1150410 2018.2
1150420 2018.2
1150430 2005.7
1150440 1997.4
1150450 1997.4
1150460 1991.2
1150470 1986.9
1150480 1984.9
1150490 1984.9
1150500 1980.7
1150510 1973.7
1150520 1973.7
1150530 1964.5
1150540 1956.8
1150550 1956.8
1150560 1951.0
1150570 1943.7
1150580 1943.7
1150590 1934.0
1150600 1928.2
1150610 1928.2
1150620 1923.2
1150630 1917.0
1150640 1917.0
1150650 1908.1
1150660 1899.7
1150670 1899.7
1150680 1893.6
1150690 1887.4
1150700 1888.1
1150710 1880.5
1150720 1872.2
1150730 1863.7
1150740 1863.7
1150750 1857.2
1150760 1852.3
1150770 1852.3
1150780 1847.0
1150790 1839.9
1150800 1839.9
1150810 1832.3
1150820 1824.6
1150830 1824.6
1150840 1818.8
1150850 1813.7
1150860 1813.7
1150870 1807.6
1150880 1799.8
1150890 1799.8
1150900 1793.9
1150910 1789.5
1150920 1789.5
1150930 1783.8
1150940 1779.5
1150950 1775.7
1150960 1775.7
1150970 1772.5
1150980 1768.1
1150990 1768.1
1151000 1763.6
1151010 1760.5
1151020 1760.5
1151030 1757.3
1151040 1754.1
1151050 1754.1
1151060 1751.1
1151070 1746.7
1151080 1746.0
1151090 1741.6
1151100 1735.7
1151110 1735.7
1151120 1728.3
1151130 1720.8
1151140 1720.8
1151150 1712.8
1151160 1704.8
1151170 1697.2
1151180 1697.2
1151190 1691.8
1151200 1686.1
1151210 1686.1
1151220 1681.8
1151230 1678.1
1151240 1678.1
1151250 1674.4
1151260 1669.7
1151270 1669.7
1151280 1664.1
1151290 1659.6
1151300 1659.6
1151310 1655.2
1151320 1650.6
1151330 1650.6
1151340 1646.7
1151350 1642.4
1151360 1642.4
1151370 1637.9
1151380 1633.1
1151390 1633.1
1151400 1625.6
1151410 1620.9
1151420 1621.9
1151430 1621.9
1151440 1626.9
1151450 1629.8
1151460 1632.5
1151470 1633.4
1151480 1633.6
1151490 1633.6
1151500 1634.0
1151510 1635.1
1151520 1635.1
1151530 1640.4
1151540 1647.2
1151550 1647.2
1151560 1654.1
1151570 1659.9
1151580 1659.9
1151590 1665.0
1151600 1670.2
1151610 1670.2
1151620 1675.7
1151630 1680.6
1151640 1685.3
1151650 1685.3
1151660 1690.2
1151670 1693.2
1151680 1693.2
1151690 1694.0
1151700 1695.6
1151710 1695.6
1151720 1698.0
1151730 1701.1
1151740 1701.1
1151750 1704.8
1151760 1708.9
1151770 1708.9
1151780 1713.0
1151790 1717.8
1151800 1717.8
1151810 1723.2
1151820 1729.2
1151830 1729.2
1151840 1736.0
1151850 1740.8
1151860 1740.8
1151870 1746.7
1151880 1753.2
1151890 1759.6
1151900 1759.6
1151910 1766.7
1151920 1775.0
1151930 1775.0
1151940 1782.3
1151950 1789.6
1151960 1789.6
1151970 1796.4
1151980 1803.0
1151990 1803.0
1152000 1809.3
1152010 1816.1
1152020 1816.1
1152030 1823.0
1152040 1829.8
1152050 1829.8
1152060 1835.8
1152070 1841.5
1152080 1841.5
1152090 1847.3
1152100 1853.0
1152110 1858.4
1152120 1858.4
1152130 1863.7
1152140 1868.9
1152150 1868.9
1152160 1874.8
1152170 1881.0
1152180 1881.0
1152190 1887.5
1152200 1893.0
1152210 1893.0
1152220 1899.8
1152230 1905.2
1152240 1905.2
1152250 1911.5
1152260 1918.3
1152270 1918.3
1152280 1925.8
1152290 1933.1
1152300 1933.1
1152310 1940.5
1152320 1948.1
1152330 1948.1
1152340 1955.6
1152350 1962.8
1152360 1970.0
1152370 1970.0
1152380 1977.4
1152390 1984.6
1152400 1984.6
1152410 1991.2
1152420 1998.0
1152430 1998.0
1152440 2005.3
1152450 2013.6
1152460 2013.6
1152470 2023.2
1152480 2033.0
1152490 2033.0
1152500 2041.6
1152510 2049.7
1152520 2049.7
1152530 2058.9
1152540 2067.8
1152550 2067.8
1152560 2077.6
1152570 2085.3
1152580 2094.2
1152590 2094.2
1152600 2101.7
1152610 2110.8
1152620 2110.8
1152630 2120.5
1152640 2130.6
1152650 2130.6
1152660 2140.5
1152670 2151.0
1152680 2151.0
1152690 2168.4
1152700 2181.0
1152710 2181.0
1152720 2188.7
1152730 2194.7
1152740 2194.7
1152750 2196.0
1152760 2195.2
1152770 2195.2
1152780 2193.5
1152790 2191.7
1152800 2191.7
1152810 2190.9
1152820 2190.3
1152830 2190.2
1152840 2190.2
1152850 2191.8
1152860 2195.4
1152870 2195.4
1152880 2199.0
1152890 2202.5
1152900 2202.5
1152910 2205.6
1152920 2208.2
1152930 2208.2
1152940 2210.3
1152950 2211.4
1152960 2211.4
1152970 2210.7
1152980 2217.2
1152990 2217.2
1153000 2217.8
1153010 2218.3
1153020 2218.3
1153030 2223.8
1153040 2229.8
1153050 2236.9
1153060 2236.9
1153070 2243.4
1153080 2250.1
1153090 2250.1
1153100 2256.9
1153110 2263.9
1153120 2263.9
1153130 2268.3
1153140 2277.6
1153150 2277.6
1153160 2288.9
1153170 2299.4
1153180 2299.4
1153190 2307.7
1153200 2314.6
1153210 2314.6
1153220 2322.5
1153230 2329.0
1153240 2329.0
1153250 2332.7
1153260 2336.7
1153270 2336.7
1153280 2340.2
1153290 2344.5
1153300 2348.1
1153310 2348.1
1153320 2355.1
1153330 2362.7
1153340 2362.7
1153350 2367.8
1153360 2372.5
1153370 2374.2
1153380 2379.5
1153390 2385.3
1153400 2385.3
1153410 2391.2
1153420 2397.9
1153430 2397.9
1153440 2403.7
1153450 2408.3
1153460 2408.3
1153470 2413.1
1153480 2420.1
1153490 2420.1
1153500 2425.9
1153510 2432.4
1153520 2438.9
1153530 2438.9
1153540 2442.3
1153550 2442.6
1153560 2442.6
1153570 2442.3
1153580 2446.3
1153590 2446.3
1153600 2445.2
1153610 2444.5
1153620 2444.5
1153630 2446.2
1153640 2443.7
1153650 2443.7
1153660 2440.2
1153670 2434.7
1153680 2434.7
1153690 2432.6
1153700 2431.6
1153710 2431.6
1153720 2430.2
1153730 2427.6
1153740 2427.6
1153750 2502.6
1153760 2553.4
1153770 2562.9
1153780 2562.9
1153790 2563.8
1153800 2561.2
1153810 2561.2
1153820 2557.6
1153830 2548.7
1153840 2548.7
1153850 2539.7
1153860 2534.1
1153870 2534.1
1153880 2530.5
1153890 2528.4
1153900 2528.4
1153910 2529.7
1153920 2532.1
1153930 2532.1
1153940 2534.6
1153950 2538.7
1153960 2538.7
1153970 2543.3
1153980 2548.7
1153990 2554.1
1154000 2554.1
1154010 2559.5
1154020 2565.4
1154030 2565.4
1154040 2571.3
1154050 2575.5
1154060 2575.5
1154070 2586.4
1154080 2595.2
1154090 2595.2
1154100 2604.6
1154110 2614.7
1154120 2614.7
1154130 2636.5
1154140 2642.2
1154150 2642.2
1154160 2640.3
1154170 2636.4
1154180 2636.4
1154190 2633.2
1154200 2629.9
1154210 2625.1
1154220 2625.1
1154230 2619.3
1154240 2607.7
1154250 2607.7
1154260 2591.1
1154270 2573.6
1154280 2573.6
1154290 2563.3
1154300 2554.5
1154310 2554.5
1154320 2545.0
1154330 2534.7
1154340 2534.7
1154350 2525.1
1154360 2515.8
1154370 2515.8
1154380 2510.0
1154390 2504.1
1154400 2504.1
1154410 2492.6
1154420 2488.9
1154430 2488.9
1154440 2486.5
1154450 2484.1
1154460 2482.4
1154470 2482.4
1154480 2480.3
1154490 2477.5
1154500 2477.5
1154510 2473.7
1154520 2473.9
1154530 2473.9
1154540 2469.8
1154550 2464.7
1154560 2464.7
1154570 2458.9
1154580 2454.9
1154590 2454.9
1154600 2452.5
1154610 2451.0
1154620 2451.0
1154630 2450.0
1154640 2448.3
1154650 2448.3
1154660 2446.0
1154670 2444.4
1154680 2446.4
1154690 2446.4
1154700 2453.4
1154710 2462.9
1154720 2462.9
1154730 2471.2
1154740 2483.9
1154750 2483.9
1154760 2490.0
1154770 2494.7
1154780 2494.7
1154790 2502.0
1154800 2511.2
1154810 2511.2
1154820 2515.2
1154830 2515.8
1154840 2515.8
1154850 2518.6
1154860 2520.6
1154870 2520.6
1154880 2520.8
1154890 2520.3
1154900 2535.3
1154910 2532.8
1154920 2532.9
1154930 2532.6
1154940 2532.6
1154950 2530.7
1154960 2530.9
1154970 2530.9
1154980 2533.7
1154990 2537.5
1155000 2537.5
1155010 2541.4
1155020 2546.1
1155030 2546.1
1155040 2550.5
1155050 2553.4
1155060 2553.4
1155070 2557.5
1155080 2562.6
1155090 2562.6
1155100 2564.2
1155110 2562.1
1155120 2562.1
1155130 2563.5
1155140 2568.9
1155150 2572.8
1155160 2572.8
1155170 2574.6
1155180 2576.6
1155190 2576.6
1155200 2578.3
1155210 2581.2
1155220 2581.2
1155230 2585.8
1155240 2589.6
1155250 2589.6
1155260 2591.8
1155270 2593.1
1155280 2593.1
1155290 2592.9
1155300 2594.2
1155310 2594.2
1155320 2596.7
1155330 2598.4
1155340 2598.4
1155350 2600.7
1155360 2603.9
1155370 2603.9
1155380 2607.9
1155390 2613.0
1155400 2619.7
1155410 2619.7
1155420 2626.4
1155430 2634.4
1155440 2634.4
1155450 2641.6
1155460 2648.4
1155470 2648.4
1155480 2655.0
1155490 2661.0
1155500 2661.0
1155510 2664.6
1155520 2662.2
1155530 2662.2
1155540 2654.8
1155550 2642.7
1155560 2642.7
1155570 2630.1
1155580 2617.9
1155590 2617.9
1155600 2605.6
1155610 2596.1
1155620 2590.7
1155630 2590.7
1155640 2587.0
1155650 2579.3
1155660 2579.3
1155670 2567.5
1155680 2556.4
1155690 2556.4
1155700 2545.0
1155710 2535.4
1155720 2535.4
1155730 2524.2
1155740 2511.9
1155750 2511.9
1155760 2500.8
1155770 2490.7
1155780 2490.7
1155790 2481.9
1155800 2470.9
1155810 2470.9
1155820 2463.2
1155830 2455.8
1155840 2455.8
1155850 2448.0
1155860 2440.2
1155870 2436.5
1155880 2436.5
1155890 2434.9
1155900 2427.6
1155910 2427.6
1155920 2419.6
1155930 2411.1
1155940 2411.1
1155950 2402.8
1155960 2393.0
1155970 2393.0
1155980 2377.8
1155990 2368.1
1156000 2368.1
1156010 2363.6
1156020 2359.9
1156030 2359.9
1156040 2356.6
1156050 2353.5
1156060 2349.0
1156070 2345.4
1156080 2341.6
1156090 2337.4
1156100 2337.4
1156110 2331.8
1156120 2328.7
1156130 2328.7
1156140 2326.1
1156150 2325.6
1156160 2325.6
1156170 2327.7
1156180 2328.0
1156190 2328.0
1156200 2325.2
1156210 2323.9
1156220 2323.9
1156230 2321.9
1156240 2315.1
1156250 2315.1
1156260 2310.2
1156270 2309.2
1156280 2309.2
1156290 2306.2
1156300 2302.9
1156310 2302.9
1156320 2298.8
1156330 2296.9
1156340 2296.9
1156350 2296.9
1156360 2296.3
1156370 2297.3
1156380 2297.3
1156390 2297.4
1156400 2296.9
1156410 2296.9
1156420 2295.8
1156430 2294.4
1156440 2294.4
1156450 2285.4
1156460 2283.4
1156470 2283.4
1156480 2281.4
1156490 2278.8
1156500 2278.8
1156510 2275.4
1156520 2271.1
1156530 2271.1
1156540 2267.2
1156550 2264.2
1156560 2261.4
1156570 2261.4
1156580 2258.9
1156590 2255.2
1156600 2255.2
1156610 2251.2
1156620 2248.7
1156630 2248.7
1156640 2246.2
1156650 2243.6
1156660 2243.6
1156670 2240.7
1156680 2237.5
1156690 2237.5
1156700 2234.1
1156710 2230.3
1156720 2230.3
1156730 2225.9
1156740 2221.5
1156750 2221.5
1156760 2216.9
1156770 2212.5
1156780 2208.2
1156790 2208.2
1156800 2203.7
1156810 2199.1
1156820 2199.1
1156830 2197.4
1156840 2194.0
1156850 2194.0
1156860 2187.2
1156870 2179.5
1156880 2179.5
1156890 2171.3
1156900 2162.4
1156910 2162.4
1156920 2153.7
1156930 2146.7
1156940 2146.7
1156950 2139.8
1156960 2132.4
1156970 2132.4
1156980 2124.7
1156990 2117.4
1157000 2117.4
1157010 2111.2
1157020 2105.2
1157030 2099.2
1157040 2099.2
1157050 2093.3
1157060 2087.9
1157070 2087.9
1157080 2083.6
1157090 2081.2
1157100 2081.2
1157110 2078.6
1157120 2073.0
1157130 2073.0
1157140 2067.0
1157150 2062.2
1157160 2062.2
1157170 2058.6
1157180 2056.0
1157190 2056.0
1157200 2053.5
1157210 2051.0
1157220 2052.3
1157230 2049.9
1157240 2047.6
1157250 2045.2
1157260 2045.2
1157270 2043.3
1157280 2041.9
1157290 2041.9
1157300 2039.7
1157310 2037.3
1157320 2037.3
1157330 2034.4
1157340 2031.6
1157350 2031.6
1157360 2029.3
1157370 2026.3
1157380 2026.3
1157390 2023.0
1157400 2021.0
1157410 2021.0
1157420 2019.5
1157430 2018.2
1157440 2018.2
1157450 2016.2
1157460 2012.8
1157470 2012.8
1157480 2008.2
1157490 2002.7
1157500 1996.7
1157510 1996.7
1157520 1991.4
1157530 1986.0
1157540 1986.0
1157550 1980.5
1157560 1976.2
1157570 1976.2
1157580 1973.5
1157590 1970.9
1157600 1970.9
1157610 1972.4
1157620 1971.2
1157630 1971.2
1157640 1971.1
1157650 1970.8
1157660 1970.8
1157670 1970.0
1157680 1969.8
1157690 1969.8
1157700 1970.0
1157710 1969.5
1157720 1970.0
1157730 1970.0
1157740 1974.9
1157750 1978.7
1157760 1978.7
1157770 1980.8
1157780 1983.4
1157790 1983.4
1157800 1986.6
1157810 1990.7
1157820 1990.7
1157830 1995.1
1157840 1997.1
1157850 1997.1
1157860 1998.9
1157870 2002.0
1157880 2002.0
1157890 2006.0
1157900 2011.9
1157910 2011.9
1157920 2018.0
1157930 2028.0
1157940 2028.0
1157950 2034.6
1157960 2035.6
1157970 2040.9
1157980 2040.9
1157990 2044.3
1158000 2040.2
1158010 2040.2
1158020 2033.8
1158030 2028.4
1158040 2028.4
1158050 2022.9
1158060 2017.3
1158070 2017.3
1158080 2011.1
1158090 2004.6
1158100 2004.6
1158110 1998.5
1158120 1992.5
1158130 1992.5
1158140 1987.2
1158150 1982.7
1158160 1982.7
1158170 1977.1
1158180 1969.3
1158190 1961.6
1158200 1961.6
1158210 1957.1
1158220 1956.3
1158230 1956.3
1158240 1955.6
1158250 1953.0
1158260 1953.0
1158270 1951.5
1158280 1953.0
1158290 1953.0
1158300 1954.1
1158310 1957.3
1158320 1957.3
1158330 1960.8
1158340 1961.5
1158350 1961.5
1158360 1957.8
1158370 1951.2
1158380 1951.2
1158390 1936.8
1158400 1929.3
1158410 1929.3
1158420 1923.0
1158430 1916.7
1158440 1910.4
1158450 1910.4
1158460 1903.6
1158470 1896.5
1158480 1896.5
1158490 1889.2
1158500 1882.2
1158510 1882.2
1158520 1875.8
1158530 1868.1
1158540 1868.1
1158550 1859.5
1158560 1852.6
1158570 1852.6
1158580 1847.4
1158590 1842.7
1158600 1842.7
1158610 1838.0
1158620 1833.9
1158630 1833.9
1158640 1829.4
1158650 1825.6
1158660 1822.8
1158670 1822.8
1158680 1820.0
1158690 1818.4
1158700 1818.4
1158710 1815.3
1158720 1810.6
1158730 1810.6
1158740 1807.3
1158750 1804.1
1158760 1804.1
1158770 1799.1
1158780 1784.8
1158790 1784.8
1158800 1777.9
1158810 1772.2
1158820 1772.2
1158830 1767.2
1158840 1763.0
1158850 1763.0
1158860 1758.8
1158870 1753.7
1158880 1749.1
1158890 1749.1
1158900 1744.3
1158910 1740.1
1158920 1740.1
1158930 1737.2
1158940 1734.0
1158950 1734.0
1158960 1729.3
1158970 1724.7
1158980 1724.7
1158990 1719.5
1159000 1717.3
1159010 1717.3
1159020 1712.9
1159030 1707.8
1159040 1707.8
1159050 1703.0
1159060 1699.7
1159070 1699.7
1159080 1696.6
1159090 1691.6
1159100 1691.6
1159110 1686.5
1159120 1679.3
1159130 1672.1
1159140 1672.1
1159150 1665.9
1159160 1660.5
1159170 1658.4
1159180 1656.2
1159190 1655.3
1159200 1655.3
1159210 1655.1
1159220 1654.4
1159230 1654.4
1159240 1654.4
1159250 1654.5
1159260 1654.5
1159270 1653.0
1159280 1651.7
1159290 1651.7
1159300 1648.5
1159310 1647.0
1159320 1647.0
1159330 1648.2
1159340 1650.3
1159350 1651.0
1159360 1651.0
1159370 1652.9
1159380 1654.9
1159390 1654.9
1159400 1656.6
1159410 1656.7
1159420 1656.7
1159430 1657.1
1159440 1660.0
1159450 1660.0
1159460 1661.0
1159470 1663.3
1159480 1663.3
1159490 1663.3
1159500 1662.8
1159510 1662.8
1159520 1662.2
1159530 1662.2
1159540 1662.2
1159550 1662.4
1159560 1668.1
1159570 1668.1
1159580 1668.3
1159590 1669.7
1159600 1671.4
1159610 1671.4
1159620 1673.7
1159630 1674.3
1159640 1674.3
1159650 1672.6
1159660 1671.2
1159670 1671.2
1159680 1669.2
1159690 1663.3
1159700 1663.3
1159710 1655.1
1159720 1648.5
1159730 1648.5
1159740 1643.4
1159750 1638.5
1159760 1638.5
1159770 1632.1
1159780 1627.4
1159790 1627.4
1159800 1630.7
1159810 1639.9
1159820 1645.2
1159830 1645.2
1159840 1649.0
1159850 1653.2
1159860 1653.2
1159870 1657.3
1159880 1660.9
1159890 1660.9
1159900 1663.5
1159910 1664.4
1159920 1664.4
1159930 1664.5
1159940 1662.9
1159950 1670.6
1159960 1671.2
1159970 1672.4
1159980 1672.4
1159990 1673.8
