1140000 1657.5
1140010 1651.9
1140020 1648.3
1140030 1644.9
1140040 1644.9
1140050 1635.4
1140060 1624.9
1140070 1624.9
1140080 1615.4
1140090 1606.9
1140100 1613.5
1140110 1600.8
1140120 1589.6
1140130 1589.6
1140140 1583.6
1140150 1582.8
1140160 1582.8
1140170 1589.7
1140180 1597.7
1140190 1597.7
1140200 1603.3
1140210 1607.4
1140220 1607.4
1140230 1608.4
1140240 1605.2
1140250 1605.2
1140260 1603.6
1140270 1602.3
1140280 1599.4
1140290 1599.4
1140300 1589.7
1140310 1584.1
1140320 1584.1
1140330 1582.1
1140340 1577.9
1140350 1577.9
1140360 1573.3
1140370 1570.7
1140380 1570.7
1140390 1569.0
1140400 1567.2
1140410 1567.2
1140420 1565.2
1140430 1564.0
1140440 1564.0
1140450 1562.6
1140460 1560.3
1140470 1554.5
1140480 1549.8
1140490 1545.3
1140500 1543.2
1140510 1543.2
1140520 1541.6
1140530 1539.9
1140540 1539.9
1140550 1536.5
1140560 1533.8
1140570 1533.8
1140580 1531.4
1140590 1528.9
1140600 1528.9
1140610 1526.5
1140620 1524.6
1140630 1524.6
1140640 1522.7
1140650 1521.0
1140660 1521.0
1140670 1519.5
1140680 1518.2
1140690 1518.2
1140700 1516.9
1140710 1515.7
1140720 1515.7
1140730 1514.2
1140740 1512.3
1140750 1510.6
1140760 1510.6
1140770 1508.5
1140780 1506.2
1140790 1506.2
1140800 1504.4
1140810 1502.3
1140820 1502.3
1140830 1500.4
1140840 1497.5
1140850 1497.5
1140860 1497.2
1140870 1496.5
1140880 1496.5
1140890 1494.5
1140900 1492.7
1140910 1492.7
1140920 1491.4
1140930 1490.0
1140940 1490.0
1140950 1487.6
1140960 1484.2
1140970 1480.2
1140980 1480.2
1140990 1476.0
1141000 1474.1
1141010 1474.1
1141020 1472.5
1141030 1470.8
1141040 1470.8
1141050 1468.7
1141060 1466.5
1141070 1466.5
1141080 1464.2
1141090 1463.6
1141100 1463.6
1141110 1464.9
1141120 1465.1
1141130 1465.1
1141140 1464.4
1141150 1461.5
1141160 1461.5
1141170 1456.0
1141180 1452.5
1141190 1452.5
1141200 1448.2
1141210 1446.6
1141220 1445.9
1141230 1445.9
1141240 1443.2
1141250 1441.3
1141260 1441.3
1141270 1440.7
1141280 1440.3
1141290 1440.3
1141300 1439.9
1141310 1439.9
1141320 1439.9
1141330 1440.5
1141340 1441.4
1141350 1441.4
1141360 1441.9
1141370 1442.0
1141380 1442.0
1141390 1441.5
1141400 1441.4
1141410 1441.4
1141420 1441.7
1141430 1441.7
1141440 1441.2
1141450 1441.2
1141460 1440.9
1141470 1440.2
1141480 1440.2
1141490 1439.1
1141500 1437.8
1141510 1437.8
1141520 1436.3
1141530 1435.6
1141540 1435.6
1141550 1434.8
1141560 1433.0
1141570 1433.0
1141580 1433.0
1141590 1430.6
1141600 1430.6
1141610 1428.9
1141620 1428.5
1141630 1428.5
1141640 1429.0
1141650 1429.5
1141660 1429.5
1141670 1428.7
1141680 1427.3
1141690 1425.2
1141700 1425.2
1141710 1423.0
1141720 1421.6
1141730 1421.6
1141740 1420.6
1141750 1419.6
1141760 1419.6
1141770 1418.0
1141780 1415.6
1141790 1415.6
1141800 1412.9
1141810 1409.3
1141820 1409.3
1141830 1405.2
1141840 1400.3
1141850 1400.3
1141860 1395.9
1141870 1392.3
1141880 1392.3
1141890 1389.4
1141900 1386.7
1141910 1383.2
1141920 1383.2
1141930 1380.6
1141940 1376.6
1141950 1374.6
1141960 1370.5
1141970 1367.9
1141980 1367.9
1141990 1364.0
1142000 1360.0
1142010 1360.0
1142020 1355.9
1142030 1352.6
1142040 1352.6
1142050 1350.5
1142060 1349.5
1142070 1349.5
1142080 1349.8
1142090 1351.3
1142100 1351.3
1142110 1352.7
1142120 1351.8
1142130 1351.8
1142140 1350.9
1142150 1349.8
1142160 1348.0
1142170 1348.0
1142180 1345.5
1142190 1342.4
1142200 1342.4
1142210 1338.7
1142220 1334.6
1142230 1334.6
1142240 1330.0
1142250 1326.1
1142260 1326.1
1142270 1324.4
1142280 1321.9
1142290 1321.9
1142300 1319.5
1142310 1317.7
1142320 1318.4
1142330 1317.2
1142340 1316.1
1142350 1316.1
1142360 1310.7
1142370 1305.9
1142380 1304.4
1142390 1304.4
1142400 1304.1
1142410 1304.3
1142420 1304.3
1142430 1303.7
1142440 1302.7
1142450 1302.7
1142460 1302.5
1142470 1302.3
1142480 1302.3
1142490 1300.8
1142500 1300.2
1142510 1300.2
1142520 1300.0
1142530 1299.7
1142540 1299.7
1142550 1299.5
1142560 1299.4
1142570 1299.4
1142580 1299.2
1142590 1298.9
1142600 1298.9
1142610 1298.5
1142620 1298.4
1142630 1298.9
1142640 1298.9
1142650 1299.4
1142660 1300.4
1142670 1300.4
1142680 1303.8
1142690 1310.3
1142700 1310.3
1142710 1310.6
1142720 1310.6
1142730 1310.6
1142740 1310.6
1142750 1310.5
1142760 1310.5
1142770 1310.4
1142780 1309.7
1142790 1309.7
1142800 1305.0
1142810 1307.3
1142820 1307.3
1142830 1311.5
1142840 1316.0
1142850 1319.1
1142860 1319.1
1142870 1319.9
1142880 1321.1
1142890 1321.1
1142900 1327.9
1142910 1334.5
1142920 1334.5
1142930 1337.8
1142940 1339.4
1142950 1339.4
1142960 1341.3
1142970 1342.3
1142980 1342.3
1142990 1344.3
1143000 1346.5
1143010 1346.5
1143020 1348.5
1143030 1351.6
1143040 1351.6
1143050 1355.3
1143060 1363.8
1143070 1363.8
1143080 1367.1
1143090 1368.4
1143100 1369.3
1143110 1369.3
1143120 1371.5
1143130 1376.8
1143140 1376.8
1143150 1382.9
1143160 1386.4
1143170 1386.4
1143180 1389.3
1143190 1393.0
1143200 1393.0
1143210 1396.4
1143220 1400.5
1143230 1400.5
1143240 1405.8
1143250 1410.5
1143260 1410.5
1143270 1413.5
1143280 1418.4
1143290 1418.4
1143300 1424.1
1143310 1436.4
1143320 1448.7
1143330 1448.7
1143340 1460.9
1143350 1474.4
1143360 1474.4
1143370 1482.3
1143380 1485.6
1143390 1485.6
1143400 1489.8
1143410 1493.1
1143420 1493.1
1143430 1507.0
1143440 1511.1
1143450 1511.1
1143460 1515.0
1143470 1517.7
1143480 1517.7
1143490 1519.2
1143500 1521.9
1143510 1521.9
1143520 1527.1
1143530 1530.8
1143540 1530.8
1143550 1534.5
1143560 1538.7
1143570 1541.9
1143580 1541.9
1143590 1544.2
1143600 1545.9
1143610 1545.9
1143620 1547.5
1143630 1549.1
1143640 1549.1
1143650 1550.2
1143660 1552.3
1143670 1552.3
1143680 1553.7
1143690 1553.2
1143700 1553.2
1143710 1552.6
1143720 1550.8
1143730 1550.8
1143740 1547.4
1143750 1543.1
1143760 1543.1
1143770 1538.7
1143780 1539.6
1143790 1543.8
1143800 1546.0
1143810 1549.2
1143820 1551.5
1143830 1551.5
1143840 1553.2
1143850 1554.8
1143860 1554.8
1143870 1554.9
1143880 1553.0
1143890 1553.0
1143900 1551.6
1143910 1549.0
1143920 1549.0
1143930 1547.3
1143940 1544.5
1143950 1544.5
1143960 1541.1
1143970 1543.8
1143980 1543.8
1143990 1551.7
1144000 1561.2
1144010 1561.2
1144020 1568.2
1144030 1574.4
1144040 1580.8
1144050 1580.8
1144060 1588.0
1144070 1595.8
1144080 1595.8
1144090 1604.5
1144100 1614.0
1144110 1614.0
1144120 1622.7
1144130 1633.2
1144140 1633.2
1144150 1642.5
1144160 1650.7
1144170 1650.7
1144180 1659.7
1144190 1666.6
1144200 1666.6
1144210 1673.2
1144220 1679.0
1144230 1679.0
1144240 1682.8
1144250 1685.1
1144260 1687.4
1144270 1687.4
1144280 1691.0
1144290 1694.2
1144300 1694.2
1144310 1696.8
1144320 1700.1
1144330 1700.1
1144340 1702.8
1144350 1705.6
1144360 1705.6
1144370 1708.4
1144380 1710.8
1144390 1710.8
1144400 1713.3
1144410 1716.2
1144420 1716.2
1144430 1718.9
1144440 1720.4
1144450 1720.4
1144460 1721.0
1144470 1722.9
1144480 1722.9
1144490 1725.8
1144500 1728.7
1144510 1731.6
1144520 1731.6
1144530 1733.7
1144540 1732.5
1144550 1737.1
1144560 1731.5
1144570 1725.2
1144580 1725.2
1144590 1718.9
1144600 1713.7
1144610 1713.7
1144620 1706.1
1144630 1698.3
1144640 1698.3
1144650 1693.8
1144660 1689.6
1144670 1689.6
1144680 1687.3
1144690 1685.9
1144700 1685.9
1144710 1684.3
1144720 1682.3
1144730 1680.1
1144740 1680.1
1144750 1678.5
1144760 1675.5
1144770 1675.5
1144780 1671.3
1144790 1667.9
1144800 1667.9
1144810 1664.9
1144820 1664.7
1144830 1664.7
1144840 1670.9
1144850 1679.4
1144860 1679.4
1144870 1688.4
1144880 1695.7
1144890 1695.7
1144900 1701.8
1144910 1708.5
1144920 1709.4
1144930 1714.9
1144940 1719.6
1144950 1719.6
1144960 1725.1
1144970 1730.7
1144980 1734.9
1144990 1734.9
1145000 1738.1
1145010 1740.5
1145020 1740.5
1145030 1743.2
1145040 1747.4
1145050 1747.4
1145060 1751.5
1145070 1756.3
1145080 1756.3
1145090 1760.2
1145100 1762.5
1145110 1762.5
1145120 1765.0
1145130 1770.0
1145140 1770.0
1145150 1777.6
1145160 1786.3
1145170 1786.3
1145180 1794.0
1145190 1798.6
1145200 1800.9
1145210 1800.9
1145220 1803.7
1145230 1806.6
1145240 1806.6
1145250 1808.9
1145260 1810.7
1145270 1810.7
1145280 1812.5
1145290 1814.2
1145300 1818.0
1145310 1819.7
1145320 1822.9
1145330 1822.9
1145340 1826.5
1145350 1829.4
1145360 1829.4
1145370 1831.8
1145380 1834.1
1145390 1834.1
1145400 1836.0
1145410 1839.0
1145420 1839.0
1145430 1841.4
1145440 1844.1
1145450 1846.4
1145460 1846.4
1145470 1848.7
1145480 1851.0
1145490 1851.0
1145500 1852.6
1145510 1854.5
1145520 1854.5
1145530 1855.9
1145540 1857.0
1145550 1857.0
1145560 1857.7
1145570 1858.4
1145580 1858.4
1145590 1859.3
1145600 1858.6
1145610 1858.6
1145620 1858.4
1145630 1858.4
1145640 1858.4
1145650 1858.5
1145660 1857.3
1145670 1863.5
1145680 1863.5
1145690 1865.1
1145700 1866.5
1145710 1866.5
1145720 1867.1
1145730 1868.0
1145740 1868.0
1145750 1867.9
1145760 1869.8
1145770 1869.8
1145780 1870.7
1145790 1870.3
1145800 1870.3
1145810 1870.7
1145820 1872.7
1145830 1872.7
1145840 1876.4
1145850 1878.6
1145860 1878.6
1145870 1880.1
1145880 1881.8
1145890 1881.8
1145900 1883.7
1145910 1885.2
1145920 1886.0
1145930 1886.0
1145940 1886.7
1145950 1887.6
1145960 1887.6
1145970 1888.2
1145980 1890.0
1145990 1890.0
1146000 1892.6
1146010 1895.5
1146020 1895.5
1146030 1897.6
1146040 1898.6
1146050 1905.0
1146060 1905.2
1146070 1906.4
1146080 1906.4
1146090 1909.7
1146100 1910.9
1146110 1910.9
1146120 1911.0
1146130 1911.1
1146140 1911.2
1146150 1911.2
1146160 1912.1
1146170 1912.5
1146180 1912.5
1146190 1912.1
1146200 1912.4
1146210 1912.4
1146220 1913.5
1146230 1914.3
1146240 1914.3
1146250 1914.6
1146260 1915.0
1146270 1915.0
1146280 1915.2
1146290 1915.4
1146300 1915.4
1146310 1915.0
1146320 1914.0
1146330 1914.0
1146340 1913.2
1146350 1912.4
1146360 1912.4
1146370 1911.7
1146380 1910.8
1146390 1909.6
1146400 1909.6
1146410 1908.5
1146420 1910.9
1146430 1910.9
1146440 1908.9
1146450 1906.3
1146460 1906.3
1146470 1904.1
1146480 1902.7
1146490 1902.7
1146500 1901.2
1146510 1899.6
1146520 1899.6
1146530 1898.1
1146540 1896.8
1146550 1896.8
1146560 1896.3
1146570 1895.5
1146580 1895.5
1146590 1893.4
1146600 1890.1
1146610 1887.8
1146620 1887.8
1146630 1885.5
1146640 1883.1
1146650 1883.1
1146660 1880.0
1146670 1876.7
1146680 1876.7
1146690 1874.1
1146700 1872.5
1146710 1872.5
1146720 1871.1
1146730 1871.7
1146740 1871.7
1146750 1871.3
1146760 1869.2
1146770 1869.2
1146780 1868.6
1146790 1870.9
1146800 1876.2
1146810 1877.8
1146820 1877.8
1146830 1877.8
1146840 1875.2
1146850 1871.1
1146860 1869.4
1146870 1869.4
1146880 1869.2
1146890 1868.1
1146900 1868.1
1146910 1864.1
1146920 1858.6
1146930 1858.6
1146940 1852.8
1146950 1847.7
1146960 1847.7
1146970 1846.1
1146980 1845.0
1146990 1845.0
1147000 1842.8
1147010 1838.3
1147020 1838.3
1147030 1830.3
1147040 1824.7
1147050 1824.7
1147060 1824.0
1147070 1824.9
1147080 1828.4
1147090 1828.4
1147100 1836.3
1147110 1844.6
1147120 1844.6
1147130 1847.9
1147140 1849.5
1147150 1849.5
1147160 1851.2
1147170 1857.0
1147180 1857.0
1147190 1856.5
1147200 1855.4
1147210 1855.4
1147220 1855.0
1147230 1856.1
1147240 1856.1
1147250 1858.0
1147260 1860.1
1147270 1860.1
1147280 1861.9
1147290 1860.9
1147300 1860.9
1147310 1859.9
1147320 1861.1
1147330 1861.4
1147340 1861.4
1147350 1863.8
1147360 1867.0
1147370 1867.0
1147380 1870.9
1147390 1875.9
1147400 1875.9
1147410 1881.0
1147420 1885.3
1147430 1885.3
1147440 1891.7
1147450 1900.0
1147460 1900.0
1147470 1908.9
1147480 1917.9
1147490 1917.9
1147500 1927.1
1147510 1937.7
1147520 1937.7
1147530 1947.5
1147540 1957.3
1147550 1967.8
1147560 1967.8
1147570 1977.7
1147580 1985.9
1147590 1985.9
1147600 1992.0
1147610 1995.5
1147620 1995.5
1147630 1997.9
1147640 2000.3
1147650 2000.3
1147660 2002.6
1147670 2003.8
1147680 2003.8
1147690 2003.4
1147700 2001.9
1147710 2001.9
1147720 1999.1
1147730 1995.5
1147740 1995.5
1147750 1992.6
1147760 1990.0
1147770 1990.0
1147780 1987.3
1147790 1983.2
1147800 1979.6
1147810 1979.6
1147820 1973.8
1147830 1971.1
1147840 1971.1
1147850 1969.9
1147860 1968.8
1147870 1968.8
1147880 1966.4
1147890 1963.0
1147900 1963.0
1147910 1958.6
1147920 1951.8
1147930 1959.3
1147940 1958.2
1147950 1959.0
1147960 1959.0
1147970 1960.2
1147980 1958.5
1147990 1958.5
1148000 1958.7
1148010 1960.3
1148020 1961.7
1148030 1961.7
1148040 1960.7
1148050 1960.3
1148060 1960.3
1148070 1959.5
1148080 1959.5
1148090 1959.5
1148100 1960.1
1148110 1961.3
1148120 1961.3
1148130 1966.1
1148140 1969.9
1148150 1969.9
1148160 1972.4
1148170 1977.5
1148180 1977.5
1148190 1980.8
1148200 1985.8
1148210 1985.8
1148220 1991.2
1148230 1996.8
1148240 1996.8
1148250 2001.5
1148260 2005.4
1148270 2010.9
1148280 2010.9
1148290 2015.4
1148300 2025.7
1148310 2025.7
1148320 2030.8
1148330 2036.3
1148340 2036.3
1148350 2041.9
1148360 2047.5
1148370 2047.5
1148380 2053.0
1148390 2057.6
1148400 2057.6
1148410 2061.4
1148420 2063.1
1148430 2063.1
1148440 2060.3
1148450 2055.6
1148460 2055.6
1148470 2051.1
1148480 2046.9
1148490 2044.2
1148500 2044.2
1148510 2042.6
1148520 2040.7
1148530 2040.7
1148540 2037.7
1148550 2034.7
1148560 2034.7
1148570 2028.2
1148580 2018.9
1148590 2018.9
1148600 2018.5
1148610 2025.5
1148620 2025.5
1148630 2029.2
1148640 2034.7
1148650 2034.7
1148660 2038.1
1148670 2039.6
1148680 2049.9
1148690 2049.0
1148700 2053.8
1148710 2057.3
1148720 2057.3
1148730 2059.6
1148740 2060.0
1148750 2060.0
1148760 2057.8
1148770 2054.3
1148780 2054.3
1148790 2051.4
1148800 2051.2
1148810 2051.2
1148820 2053.4
1148830 2053.6
1148840 2053.6
1148850 2056.6
1148860 2058.9
1148870 2058.9
1148880 2059.0
1148890 2060.5
1148900 2060.5
1148910 2061.6
1148920 2065.2
1148930 2065.2
1148940 2071.3
1148950 2078.9
1148960 2087.1
1148970 2087.1
1148980 2096.2
1148990 2105.5
1149000 2105.5
1149010 2112.9
1149020 2121.6
1149030 2121.6
1149040 2127.2
1149050 2132.0
1149060 2134.6
1149070 2139.0
1149080 2143.3
1149090 2143.3
1149100 2146.9
1149110 2150.4
1149120 2150.4
1149130 2154.2
1149140 2158.0
1149150 2158.0
1149160 2162.3
1149170 2167.0
1149180 2172.7
1149190 2172.7
1149200 2178.1
1149210 2184.2
1149220 2184.2
1149230 2190.7
1149240 2196.6
1149250 2196.6
1149260 2201.9
1149270 2206.1
1149280 2206.1
1149290 2209.6
1149300 2212.6
1149310 2212.6
1149320 2215.5
1149330 2218.0
1149340 2218.0
1149350 2219.9
1149360 2220.9
1149370 2220.9
1149380 2221.5
1149390 2221.5
1149400 2221.5
1149410 2221.2
1149420 2220.5
1149430 2219.8
1149440 2227.0
1149450 2227.9
1149460 2228.2
1149470 2228.2
1149480 2225.6
1149490 2225.5
1149500 2225.5
1149510 2226.4
1149520 2227.3
1149530 2227.3
1149540 2228.0
1149550 2228.8
1149560 2228.8
1149570 2229.7
1149580 2231.1
1149590 2231.1
1149600 2232.2
1149610 2232.7
1149620 2232.7
1149630 2233.8
1149640 2233.2
1149650 2232.4
1149660 2232.4
1149670 2232.6
1149680 2231.8
1149690 2231.8
1149700 2230.0
1149710 2228.4
1149720 2228.4
1149730 2226.3
1149740 2222.1
1149750 2222.1
1149760 2216.7
1149770 2210.8
1149780 2210.8
1149790 2204.1
1149800 2197.3
1149810 2197.3
1149820 2193.4
1149830 2189.8
1149840 2189.8
1149850 2185.2
1149860 2179.2
1149870 2179.2
1149880 2174.3
1149890 2170.0
1149900 2166.1
1149910 2166.1
1149920 2163.6
1149930 2160.9
1149940 2160.9
1149950 2157.7
1149960 2153.0
1149970 2153.0
1149980 2148.1
1149990 2143.6
1150000 2143.6
1150010 2137.6
1150020 2131.5
1150030 2131.5
1150040 2126.1
1150050 2120.7
1150060 2120.7
1150070 2116.2
1150080 2112.7
1150090 2112.7
1150100 2109.3
1150110 2105.2
1150120 2100.3
1150130 2100.3
1150140 2094.3
1150150 2089.0
1150160 2089.0
1150170 2084.5
1150180 2080.6
1150190 2080.6
1150200 2077.5
1150210 2074.4
1150220 2074.4
1150230 2071.7
1150240 2069.1
1150250 2069.1
1150260 2066.1
1150270 2062.5
1150280 2062.5
1150290 2058.7
1150300 2054.2
1150310 2054.2
1150320 2048.9
1150330 2043.3
1150340 2043.3
1150350 2038.7
1150360 2034.0
1150370 2029.1
1150380 2029.1
1150390 2023.5
1150400 2017.9
1150410 2017.9
1150420 2013.5
1150430 2008.6
1150440 2008.6
1150450 2004.3
1150460 1999.4
1150470 1999.4
1150480 1994.5
1150490 1989.2
1150500 1989.2
1150510 1983.6
1150520 1978.2
1150530 1978.2
1150540 1972.9
1150550 1967.9
1150560 1967.9
1150570 1962.4
1150580 1957.3
1150590 1951.3
1150600 1951.3
1150610 1944.7
1150620 1938.1
1150630 1938.1
1150640 1931.2
1150650 1924.3
1150660 1924.3
1150670 1917.6
1150680 1911.4
1150690 1911.4
1150700 1902.6
1150710 1892.4
1150720 1892.4
1150730 1883.4
1150740 1875.5
1150750 1875.5
1150760 1869.0
1150770 1862.8
1150780 1862.8
1150790 1857.0
1150800 1850.8
1150810 1850.8
1150820 1843.9
1150830 1836.6
1150840 1829.1
1150850 1829.1
1150860 1823.3
1150870 1815.3
1150880 1815.3
1150890 1805.9
1150900 1797.6
1150910 1797.6
1150920 1790.4
1150930 1780.4
1150940 1780.4
1150950 1769.3
1150960 1763.0
1150970 1763.0
1150980 1756.0
1150990 1748.4
1151000 1748.4
1151010 1740.4
1151020 1733.1
1151030 1733.1
1151040 1726.0
1151050 1718.7
1151060 1711.3
1151070 1711.3
1151080 1704.5
1151090 1697.9
1151100 1697.9
1151110 1690.4
1151120 1682.5
1151130 1682.5
1151140 1675.2
1151150 1667.4
1151160 1667.4
1151170 1659.2
1151180 1651.6
1151190 1651.6
1151200 1644.4
1151210 1637.6
1151220 1637.6
1151230 1630.9
1151240 1624.1
1151250 1624.1
1151260 1616.8
1151270 1607.8
1151280 1607.8
1151290 1599.4
1151300 1591.7
1151310 1584.7
1151320 1584.7
1151330 1579.9
1151340 1577.5
1151350 1577.5
1151360 1573.3
1151370 1569.4
1151380 1569.4
1151390 1566.2
1151400 1563.6
1151410 1563.6
1151420 1561.2
1151430 1559.4
1151440 1559.4
1151450 1557.7
1151460 1554.8
1151470 1554.8
1151480 1547.6
1151490 1545.4
1151500 1545.4
1151510 1545.8
1151520 1547.2
1151530 1548.1
1151540 1548.1
1151550 1549.1
1151560 1552.2
1151570 1552.2
1151580 1557.0
1151590 1561.5
1151600 1561.5
1151610 1565.0
1151620 1568.5
1151630 1568.5
1151640 1572.7
1151650 1578.2
1151660 1578.2
1151670 1582.6
1151680 1585.7
1151690 1585.7
1151700 1590.4
1151710 1593.5
1151720 1597.9
1151730 1601.8
1151740 1604.8
1151750 1604.8
1151760 1608.1
1151770 1611.9
1151780 1616.9
1151790 1616.9
1151800 1623.2
1151810 1630.2
1151820 1630.2
1151830 1637.1
1151840 1643.6
1151850 1643.6
1151860 1649.0
1151870 1653.7
1151880 1653.7
1151890 1655.1
1151900 1656.6
1151910 1656.6
1151920 1660.7
1151930 1666.2
1151940 1666.2
1151950 1671.9
1151960 1676.8
1151970 1676.8
1151980 1681.7
1151990 1686.9
1152000 1693.2
1152010 1693.2
1152020 1700.3
1152030 1708.4
1152040 1708.4
1152050 1717.5
1152060 1727.7
1152070 1727.7
1152080 1738.4
1152090 1746.2
1152100 1747.8
1152110 1755.8
1152120 1763.0
1152130 1763.0
1152140 1770.6
1152150 1778.7
1152160 1778.7
1152170 1787.8
1152180 1797.4
1152190 1797.4
1152200 1807.2
1152210 1814.7
1152220 1814.7
1152230 1821.1
1152240 1825.1
1152250 1824.6
1152260 1824.6
1152270 1820.4
1152280 1814.0
1152290 1814.0
1152300 1804.6
1152310 1798.0
1152320 1798.0
1152330 1797.6
1152340 1799.4
1152350 1799.4
1152360 1803.5
1152370 1804.1
1152380 1804.1
1152390 1795.4
1152400 1791.1
1152410 1791.1
1152420 1790.2
1152430 1785.8
1152440 1785.8
1152450 1786.2
1152460 1787.7
1152470 1795.2
1152480 1797.0
1152490 1803.8
1152500 1815.1
1152510 1815.1
1152520 1836.3
1152530 1852.5
1152540 1852.5
1152550 1866.6
1152560 1874.8
1152570 1874.8
1152580 1882.3
1152590 1893.1
1152600 1893.1
1152610 1903.1
1152620 1907.4
1152630 1907.4
1152640 1912.5
1152650 1916.2
1152660 1916.2
1152670 1920.3
1152680 1924.3
1152690 1924.3
1152700 1927.2
1152710 1931.0
1152720 1935.5
1152730 1935.5
1152740 1941.0
1152750 1945.2
1152760 1945.2
1152770 1947.7
1152780 1950.4
1152790 1950.4
1152800 1953.3
1152810 1949.6
1152820 1949.6
1152830 1945.7
1152840 1948.2
1152850 1948.2
1152860 1955.6
1152870 1958.4
1152880 1958.4
1152890 1964.0
1152900 1969.4
1152910 1969.4
1152920 1975.9
1152930 1981.5
1152940 1987.4
1152950 1987.4
1152960 1993.7
1152970 1999.1
1152980 1999.1
1152990 2003.2
1153000 2009.0
1153010 2009.0
1153020 2014.9
1153030 2021.5
1153040 2021.5
1153050 2029.1
1153060 2035.7
1153070 2035.7
1153080 2041.5
1153090 2047.6
1153100 2047.6
1153110 2054.5
1153120 2060.9
1153130 2060.9
1153140 2067.2
1153150 2073.4
1153160 2073.4
1153170 2078.7
1153180 2083.5
1153190 2088.2
1153200 2088.2
1153210 2093.4
1153220 2098.9
1153230 2098.9
1153240 2103.9
1153250 2104.3
1153260 2104.3
1153270 2109.9
1153280 2116.1
1153290 2116.1
1153300 2122.1
1153310 2127.3
1153320 2127.3
1153330 2132.4
1153340 2137.6
1153350 2137.6
1153360 2143.0
1153370 2148.2
1153380 2148.2
1153390 2156.4
1153400 2171.3
1153410 2190.5
1153420 2190.5
1153430 2201.9
1153440 2209.7
1153450 2209.7
1153460 2215.9
1153470 2221.1
1153480 2221.1
1153490 2227.3
1153500 2235.1
1153510 2235.1
1153520 2243.3
1153530 2248.8
1153540 2248.8
1153550 2254.6
1153560 2261.8
1153570 2261.8
1153580 2269.3
1153590 2276.3
1153600 2276.3
1153610 2283.0
1153620 2291.3
1153630 2290.5
1153640 2301.2
1153650 2310.6
1153660 2318.0
1153670 2318.0
1153680 2328.1
1153690 2334.9
1153700 2334.9
1153710 2339.1
1153720 2343.5
1153730 2343.5
1153740 2348.6
1153750 2353.5
1153760 2353.5
1153770 2359.3
1153780 2364.7
1153790 2364.7
1153800 2370.1
1153810 2375.6
1153820 2375.6
1153830 2381.0
1153840 2385.4
1153850 2385.4
1153860 2390.5
1153870 2397.3
1153880 2406.0
1153890 2406.0
1153900 2414.4
1153910 2422.5
1153920 2422.5
1153930 2430.5
1153940 2436.5
1153950 2436.5
1153960 2441.6
1153970 2446.9
1153980 2446.9
1153990 2453.8
1154000 2461.2
1154010 2461.2
1154020 2468.4
1154030 2477.4
1154040 2477.4
1154050 2487.5
1154060 2496.2
1154070 2496.2
1154080 2493.3
1154090 2483.5
1154100 2483.5
1154110 2472.4
1154120 2463.7
1154130 2455.9
1154140 2455.9
1154150 2448.2
1154160 2440.4
1154170 2440.4
1154180 2433.0
1154190 2425.3
1154200 2425.3
1154210 2417.4
1154220 2409.4
1154230 2409.4
1154240 2401.4
1154250 2393.6
1154260 2393.6
1154270 2386.0
1154280 2378.4
1154290 2378.4
1154300 2370.4
1154310 2362.5
1154320 2362.5
1154330 2354.8
1154340 2346.9
1154350 2339.1
1154360 2339.1
1154370 2331.5
1154380 2324.1
1154390 2324.1
1154400 2317.3
1154410 2311.3
1154420 2311.3
1154430 2305.7
1154440 2300.3
1154450 2300.3
1154460 2295.3
1154470 2290.9
1154480 2290.9
1154490 2286.6
1154500 2283.2
1154510 2283.2
1154520 2281.5
1154530 2280.3
1154540 2280.3
1154550 2278.6
1154560 2276.6
1154570 2276.6
1154580 2274.4
1154590 2272.2
1154600 2269.7
1154610 2269.7
1154620 2267.4
1154630 2266.8
1154640 2266.8
1154650 2266.3
1154660 2266.6
1154670 2266.6
1154680 2266.3
1154690 2265.9
1154700 2265.9
1154710 2265.2
1154720 2264.2
1154730 2264.2
1154740 2263.3
1154750 2261.8
1154760 2261.8
1154770 2260.4
1154780 2259.6
1154790 2261.3
1154800 2260.2
1154810 2259.8
1154820 2260.1
1154830 2260.1
1154840 2261.9
1154850 2265.1
1154860 2265.1
1154870 2266.7
1154880 2273.3
1154890 2273.3
1154900 2294.6
1154910 2309.2
1154920 2309.2
1154930 2310.3
1154940 2308.6
1154950 2308.6
1154960 2305.1
1154970 2301.7
1154980 2301.7
1154990 2303.6
1155000 2306.3
1155010 2306.3
1155020 2318.5
1155030 2349.8
1155040 2349.8
1155050 2375.4
1155060 2390.4
1155070 2405.1
1155080 2405.1
1155090 2418.0
1155100 2425.9
1155110 2425.9
1155120 2429.6
1155130 2428.7
1155140 2428.7
1155150 2427.6
1155160 2428.0
1155170 2441.7
1155180 2440.8
1155190 2442.5
1155200 2442.5
1155210 2440.5
1155220 2437.4
1155230 2437.4
1155240 2442.7
1155250 2450.8
1155260 2450.8
1155270 2462.4
1155280 2475.7
1155290 2481.8
1155300 2481.8
1155310 2484.5
1155320 2486.3
1155330 2486.3
1155340 2487.4
1155350 2489.2
1155360 2489.2
1155370 2492.0
1155380 2494.9
1155390 2494.9
1155400 2498.0
1155410 2501.8
1155420 2501.8
1155430 2505.5
1155440 2509.0
1155450 2509.0
1155460 2513.1
1155470 2517.8
1155480 2517.8
1155490 2520.5
1155500 2521.3
1155510 2521.3
1155520 2522.9
1155530 2524.8
1155540 2528.7
1155550 2528.7
1155560 2535.3
1155570 2540.9
1155580 2540.9
1155590 2547.1
1155600 2552.9
1155610 2552.9
1155620 2558.2
1155630 2563.8
1155640 2563.8
1155650 2568.9
1155660 2573.6
1155670 2573.6
1155680 2580.7
1155690 2588.8
1155700 2588.8
1155710 2596.7
1155720 2606.8
1155730 2606.8
1155740 2614.4
1155750 2622.3
1155760 2630.3
1155770 2630.3
1155780 2636.8
1155790 2641.2
1155800 2641.2
1155810 2639.8
1155820 2638.2
1155830 2638.2
1155840 2637.3
1155850 2637.3
1155860 2637.3
1155870 2634.4
1155880 2629.3
1155890 2629.3
1155900 2624.9
1155910 2616.9
1155920 2616.9
1155930 2605.6
1155940 2591.2
1155950 2591.2
1155960 2578.8
1155970 2572.1
1155980 2572.1
1155990 2566.1
1156000 2560.4
1156010 2554.8
1156020 2554.8
1156030 2549.2
1156040 2544.9
1156050 2544.9
1156060 2544.0
1156070 2543.8
1156080 2543.8
1156090 2541.9
1156100 2539.7
1156110 2539.7
1156120 2532.9
1156130 2518.8
1156140 2518.8
1156150 2508.3
1156160 2500.2
1156170 2500.2
1156180 2493.8
1156190 2489.8
1156200 2489.8
1156210 2489.1
1156220 2489.0
1156230 2487.3
1156240 2487.3
1156250 2485.6
1156260 2485.2
1156270 2485.2
1156280 2483.9
1156290 2482.0
1156300 2482.0
1156310 2479.2
1156320 2477.2
1156330 2474.9
1156340 2474.4
1156350 2474.0
1156360 2474.0
1156370 2474.1
1156380 2473.2
1156390 2473.2
1156400 2468.4
1156410 2458.0
1156420 2458.0
1156430 2445.5
1156440 2436.4
1156450 2436.4
1156460 2426.5
1156470 2413.9
1156480 2407.8
1156490 2407.8
1156500 2400.1
1156510 2390.0
1156520 2390.0
1156530 2382.7
1156540 2378.5
1156550 2378.5
1156560 2370.3
1156570 2361.0
1156580 2361.0
1156590 2352.1
1156600 2345.1
1156610 2345.1
1156620 2340.4
1156630 2334.1
1156640 2334.1
1156650 2327.6
1156660 2322.5
1156670 2322.5
1156680 2314.7
1156690 2301.2
1156700 2281.6
1156710 2279.1
1156720 2267.7
1156730 2260.1
1156740 2260.1
1156750 2253.1
1156760 2246.6
1156770 2246.6
1156780 2239.7
1156790 2231.0
1156800 2231.0
1156810 2223.9
1156820 2219.1
1156830 2219.1
1156840 2214.3
1156850 2209.2
1156860 2209.2
1156870 2204.1
1156880 2198.8
1156890 2198.8
1156900 2193.5
1156910 2187.9
1156920 2182.3
1156930 2182.3
1156940 2176.4
1156950 2170.7
1156960 2170.7
1156970 2164.1
1156980 2158.0
1156990 2158.0
1157000 2153.9
1157010 2151.4
1157020 2151.4
1157030 2148.3
1157040 2145.4
1157050 2145.4
1157060 2140.8
1157070 2134.5
1157080 2134.5
1157090 2128.3
1157100 2119.9
1157110 2119.9
1157120 2116.6
1157130 2112.1
1157140 2112.1
1157150 2106.7
1157160 2098.8
1157170 2091.0
1157180 2091.0
1157190 2084.3
1157200 2076.7
1157210 2076.7
1157220 2068.2
1157230 2060.7
1157240 2060.7
1157250 2053.3
1157260 2045.3
1157270 2045.3
1157280 2037.2
1157290 2028.5
1157300 2028.5
1157310 2021.6
1157320 2017.5
1157330 2017.5
1157340 2014.1
1157350 2011.1
1157360 2011.1
1157370 2008.8
1157380 2005.5
1157390 2001.1
1157400 2001.1
1157410 1996.2
1157420 1990.9
1157430 1990.9
1157440 1985.9
1157450 1980.3
1157460 1980.3
1157470 1974.6
1157480 1968.3
1157490 1964.3
1157500 1958.6
1157510 1952.5
1157520 1952.5
1157530 1945.5
1157540 1938.6
1157550 1938.6
1157560 1933.7
1157570 1931.4
1157580 1931.4
1157590 1931.4
1157600 1932.6
1157610 1932.6
1157620 1931.0
1157630 1925.3
1157640 1917.4
1157650 1917.4
1157660 1909.4
1157670 1901.2
1157680 1901.2
1157690 1893.8
1157700 1887.2
1157710 1887.2
1157720 1880.4
1157730 1873.5
1157740 1873.5
1157750 1866.5
1157760 1859.8
1157770 1859.8
1157780 1854.3
1157790 1850.6
1157800 1850.6
1157810 1847.6
1157820 1845.9
1157830 1845.9
1157840 1845.2
1157850 1843.1
1157860 1840.6
1157870 1840.6
1157880 1840.2
1157890 1839.1
1157900 1839.1
1157910 1837.9
1157920 1836.8
1157930 1836.8
1157940 1834.8
1157950 1833.1
1157960 1833.1
1157970 1831.9
1157980 1832.6
1157990 1832.6
1158000 1835.7
1158010 1839.4
1158020 1839.4
1158030 1843.1
1158040 1846.8
1158050 1846.8
1158060 1850.6
1158070 1854.0
1158080 1854.0
1158090 1857.5
1158100 1861.5
1158110 1865.9
1158120 1865.9
1158130 1868.3
1158140 1867.5
1158150 1867.5
1158160 1865.9
1158170 1865.2
1158180 1865.2
1158190 1861.1
1158200 1854.7
1158210 1854.7
1158220 1848.1
1158230 1841.7
1158240 1841.7
1158250 1836.0
1158260 1832.7
1158270 1832.8
1158280 1831.7
1158290 1832.6
1158300 1832.6
1158310 1834.2
1158320 1836.3
1158330 1839.3
1158340 1839.3
1158350 1842.1
1158360 1843.8
1158370 1843.8
1158380 1844.2
1158390 1845.3
1158400 1845.3
1158410 1845.8
1158420 1845.7
1158430 1845.7
1158440 1846.6
1158450 1847.0
1158460 1847.0
1158470 1846.7
1158480 1845.9
1158490 1845.9
1158500 1844.9
1158510 1843.6
1158520 1843.6
1158530 1842.0
1158540 1841.1
1158550 1841.1
1158560 1840.0
1158570 1839.0
1158580 1838.0
1158590 1838.0
1158600 1837.1
1158610 1836.3
1158620 1836.3
1158630 1835.5
1158640 1834.8
1158650 1834.8
1158660 1835.5
1158670 1834.3
1158680 1834.3
1158690 1833.1
1158700 1831.9
1158710 1831.9
1158720 1830.4
1158730 1828.5
1158740 1828.5
1158750 1826.3
1158760 1824.2
1158770 1824.2
1158780 1823.4
1158790 1822.3
1158800 1819.8
1158810 1819.8
1158820 1817.3
1158830 1814.1
1158840 1814.1
1158850 1810.5
1158860 1807.2
1158870 1807.2
1158880 1803.3
1158890 1800.1
1158900 1800.1
1158910 1796.7
1158920 1793.0
1158930 1793.0
1158940 1790.1
1158950 1786.8
1158960 1786.8
1158970 1783.8
1158980 1781.0
1158990 1781.0
1159000 1776.9
1159010 1772.5
1159020 1772.5
1159030 1769.5
1159040 1766.5
1159050 1764.8
1159060 1764.8
1159070 1761.4
1159080 1757.9
1159090 1757.9
1159100 1754.9
1159110 1752.0
1159120 1752.0
1159130 1748.7
1159140 1745.4
1159150 1745.4
1159160 1742.3
1159170 1738.3
1159180 1738.3
1159190 1733.1
1159200 1727.8
1159210 1727.8
1159220 1722.3
1159230 1716.6
1159240 1716.6
1159250 1712.5
1159260 1707.8
1159270 1702.5
1159280 1702.5
1159290 1697.4
1159300 1691.1
1159310 1691.1
1159320 1684.5
1159330 1678.2
1159340 1678.2
1159350 1672.3
1159360 1666.3
1159370 1666.3
1159380 1660.7
1159390 1654.3
1159400 1654.3
1159410 1648.9
1159420 1645.9
1159430 1645.9
1159440 1636.7
1159450 1631.6
1159460 1631.6
1159470 1627.0
1159480 1621.8
1159490 1621.8
1159500 1615.5
1159510 1609.2
1159520 1602.7
1159530 1602.7
1159540 1596.5
1159550 1590.6
1159560 1590.6
1159570 1583.8
1159580 1574.3
1159590 1574.3
1159600 1564.5
1159610 1556.8
1159620 1556.8
1159630 1549.4
1159640 1541.7
1159650 1541.7
1159660 1533.9
1159670 1524.9
1159680 1524.9
1159690 1515.7
1159700 1506.9
1159710 1506.9
1159720 1497.5
1159730 1488.3
1159740 1479.9
1159750 1479.9
1159760 1472.1
1159770 1461.9
1159780 1461.9
1159790 1453.3
1159800 1444.4
1159810 1444.4
1159820 1438.4
1159830 1431.7
1159840 1431.7
1159850 1429.2
1159860 1431.8
1159870 1431.8
1159880 1435.5
1159890 1440.7
1159900 1440.7
1159910 1444.3
1159920 1443.5
1159930 1443.5
1159940 1438.2
1159950 1431.3
1159960 1431.3
1159970 1426.7
1159980 1423.9
1159990 1420.7
