1140000 1854.8
1140010 1852.6
1140020 1851.2
1140030 1851.2
1140040 1848.4
1140050 1842.9
1140060 1842.9
1140070 1839.0
1140080 1833.7
1140090 1826.8
1140100 1826.8
1140110 1819.7
1140120 1815.8
1140130 1815.8
1140140 1818.0
1140150 1814.0
1140160 1814.0
1140170 1802.9
1140180 1795.7
1140190 1795.7
1140200 1788.5
1140210 1781.2
1140220 1781.2
1140230 1774.1
1140240 1767.6
1140250 1767.6
1140260 1761.4
1140270 1756.4
1140280 1756.4
1140290 1752.3
1140300 1747.0
1140310 1747.0
1140320 1741.3
1140330 1735.3
1140340 1729.9
1140350 1729.9
1140360 1723.8
1140370 1717.2
1140380 1717.2
1140390 1710.4
1140400 1703.3
1140410 1703.3
1140420 1697.2
1140430 1691.1
1140440 1691.1
1140450 1685.1
1140460 1680.0
1140470 1680.0
1140480 1675.1
1140490 1670.8
1140500 1670.8
1140510 1666.4
1140520 1661.7
1140530 1661.7
1140540 1658.0
1140550 1653.2
1140560 1649.2
1140570 1649.2
1140580 1645.2
1140590 1640.3
1140600 1640.3
1140610 1638.7
1140620 1636.3
1140630 1636.3
1140640 1631.8
1140650 1626.7
1140660 1626.7
1140670 1622.0
1140680 1619.2
1140690 1619.2
1140700 1616.6
1140710 1611.4
1140720 1611.4
1140730 1604.9
1140740 1597.5
1140750 1597.5
1140760 1584.7
1140770 1571.0
1140780 1571.0
1140790 1559.1
1140800 1554.0
1140810 1547.5
1140820 1547.5
1140830 1537.5
1140840 1530.4
1140850 1530.4
1140860 1527.3
1140870 1528.8
1140880 1528.8
1140890 1533.7
1140900 1539.2
1140910 1531.3
1140920 1536.3
1140930 1541.2
1140940 1541.2
1140950 1543.4
1140960 1547.3
1140970 1547.3
1140980 1548.1
1140990 1549.4
1141000 1549.4
1141010 1550.8
1141020 1551.4
1141030 1551.9
1141040 1551.9
1141050 1551.6
1141060 1551.2
1141070 1551.2
1141080 1550.8
1141090 1553.3
1141100 1553.3
1141110 1559.9
1141120 1564.6
1141130 1564.6
1141140 1565.8
1141150 1567.7
1141160 1567.7
1141170 1569.4
1141180 1569.7
1141190 1569.7
1141200 1570.2
1141210 1570.8
1141220 1570.8
1141230 1574.0
1141240 1579.7
1141250 1579.7
1141260 1584.2
1141270 1582.7
1141280 1573.2
1141290 1573.2
1141300 1572.1
1141310 1572.4
1141320 1572.4
1141330 1571.8
1141340 1570.1
1141350 1570.1
1141360 1567.9
1141370 1565.0
1141380 1565.0
1141390 1561.7
1141400 1558.2
1141410 1558.2
1141420 1555.1
1141430 1552.4
1141440 1552.4
1141450 1551.2
1141460 1550.3
1141470 1550.3
1141480 1548.0
1141490 1544.6
1141500 1539.8
1141510 1539.8
1141520 1534.0
1141530 1529.1
1141540 1529.1
1141550 1525.5
1141560 1522.4
1141570 1522.4
1141580 1518.3
1141590 1514.3
1141600 1514.3
1141610 1511.2
1141620 1508.3
1141630 1508.3
1141640 1505.2
1141650 1496.5
1141660 1496.5
1141670 1493.0
1141680 1492.3
1141690 1492.3
1141700 1492.8
1141710 1492.9
1141720 1492.9
1141730 1493.0
1141740 1492.2
1141750 1489.0
1141760 1489.0
1141770 1486.2
1141780 1484.6
1141790 1484.6
1141800 1484.5
1141810 1484.4
1141820 1484.4
1141830 1484.2
1141840 1483.7
1141850 1483.7
1141860 1482.9
1141870 1481.6
1141880 1481.6
1141890 1480.1
1141900 1477.9
1141910 1477.9
1141920 1474.8
1141930 1471.7
1141940 1471.7
1141950 1468.9
1141960 1466.2
1141970 1463.7
1141980 1463.7
1141990 1461.2
1142000 1458.0
1142010 1458.0
1142020 1449.0
1142030 1445.5
1142040 1445.5
1142050 1441.6
1142060 1437.1
1142070 1437.1
1142080 1431.9
1142090 1427.4
1142100 1427.4
1142110 1424.9
1142120 1422.6
1142130 1422.6
1142140 1420.2
1142150 1417.9
1142160 1417.9
1142170 1415.6
1142180 1412.7
1142190 1412.7
1142200 1410.7
1142210 1408.8
1142220 1405.8
1142230 1405.8
1142240 1401.9
1142250 1396.8
1142260 1396.8
1142270 1391.4
1142280 1386.4
1142290 1386.4
1142300 1382.2
1142310 1378.8
1142320 1378.8
1142330 1376.2
1142340 1373.7
1142350 1373.7
1142360 1369.9
1142370 1365.4
1142380 1365.4
1142390 1358.9
1142400 1354.9
1142410 1354.9
1142420 1352.5
1142430 1351.2
1142440 1349.7
1142450 1349.7
1142460 1348.3
1142470 1346.4
1142480 1346.4
1142490 1345.0
1142500 1343.6
1142510 1343.6
1142520 1342.0
1142530 1340.7
1142540 1340.7
1142550 1339.1
1142560 1337.2
1142570 1337.2
1142580 1335.1
1142590 1332.9
1142600 1332.9
1142610 1330.3
1142620 1327.8
1142630 1327.8
1142640 1324.2
1142650 1320.4
1142660 1320.4
1142670 1316.3
1142680 1314.1
1142690 1313.9
1142700 1313.9
1142710 1312.9
1142720 1310.5
1142730 1310.5
1142740 1308.5
1142750 1307.7
1142760 1304.4
1142770 1303.0
1142780 1302.6
1142790 1302.6
1142800 1302.6
1142810 1302.7
1142820 1302.7
1142830 1302.7
1142840 1302.7
1142850 1302.7
1142860 1302.7
1142870 1302.4
1142880 1302.4
1142890 1299.5
1142900 1295.4
1142910 1291.0
1142920 1291.0
1142930 1288.4
1142940 1287.5
1142950 1287.5
1142960 1287.3
1142970 1286.9
1142980 1286.9
1142990 1286.9
1143000 1287.1
1143010 1287.1
1143020 1287.1
1143030 1286.8
1143040 1286.8
1143050 1286.6
1143060 1286.5
1143070 1286.5
1143080 1286.3
1143090 1285.8
1143100 1285.8
1143110 1285.4
1143120 1284.9
1143130 1285.0
1143140 1284.9
1143150 1284.5
1143160 1284.3
1143170 1284.3
1143180 1284.1
1143190 1283.2
1143200 1283.2
1143210 1282.9
1143220 1282.8
1143230 1282.8
1143240 1282.8
1143250 1282.6
1143260 1282.6
1143270 1282.6
1143280 1282.5
1143290 1282.5
1143300 1282.3
1143310 1282.6
1143320 1282.6
1143330 1283.1
1143340 1283.2
1143350 1283.2
1143360 1282.5
1143370 1282.0
1143380 1282.2
1143390 1282.2
1143400 1282.4
1143410 1282.4
1143420 1282.4
1143430 1282.3
1143440 1282.0
1143450 1282.0
1143460 1281.1
1143470 1280.1
1143480 1280.1
1143490 1279.2
1143500 1279.3
1143510 1279.3
1143520 1280.7
1143530 1283.5
1143540 1283.5
1143550 1286.9
1143560 1290.8
1143570 1290.8
1143580 1293.6
1143590 1296.5
1143600 1296.5
1143610 1298.9
1143620 1299.9
1143630 1300.5
1143640 1300.5
1143650 1301.1
1143660 1301.4
1143670 1301.4
1143680 1301.7
1143690 1301.9
1143700 1301.9
1143710 1302.2
1143720 1303.3
1143730 1303.3
1143740 1307.3
1143750 1313.1
1143760 1313.1
1143770 1319.2
1143780 1324.3
1143790 1324.3
1143800 1327.6
1143810 1331.3
1143820 1331.3
1143830 1335.7
1143840 1338.9
1143850 1338.9
1143860 1343.1
1143870 1351.9
1143880 1355.3
1143890 1355.3
1143900 1358.4
1143910 1361.5
1143920 1361.5
1143930 1365.3
1143940 1367.9
1143950 1367.9
1143960 1371.8
1143970 1376.2
1143980 1376.2
1143990 1379.4
1144000 1380.8
1144010 1380.8
1144020 1378.6
1144030 1377.6
1144040 1377.6
1144050 1376.0
1144060 1378.9
1144070 1378.9
1144080 1385.8
1144090 1392.9
1144100 1398.2
1144110 1398.2
1144120 1402.1
1144130 1404.6
1144140 1404.6
1144150 1403.7
1144160 1399.8
1144170 1399.8
1144180 1395.5
1144190 1390.9
1144200 1390.9
1144210 1386.7
1144220 1386.5
1144230 1386.5
1144240 1385.1
1144250 1390.2
1144260 1390.2
1144270 1389.2
1144280 1384.8
1144290 1384.8
1144300 1385.8
1144310 1392.7
1144320 1392.7
1144330 1399.4
1144340 1405.6
1144350 1411.0
1144360 1411.0
1144370 1416.6
1144380 1423.1
1144390 1423.1
1144400 1429.6
1144410 1436.7
1144420 1436.7
1144430 1443.9
1144440 1450.9
1144450 1450.9
1144460 1456.1
1144470 1460.6
1144480 1460.6
1144490 1466.5
1144500 1468.9
1144510 1468.9
1144520 1474.2
1144530 1482.0
1144540 1482.0
1144550 1488.2
1144560 1494.2
1144570 1500.6
1144580 1500.6
1144590 1506.1
1144600 1508.9
1144610 1508.9
1144620 1514.5
1144630 1517.1
1144640 1517.1
1144650 1520.1
1144660 1522.7
1144670 1522.7
1144680 1525.2
1144690 1530.6
1144700 1530.6
1144710 1537.5
1144720 1542.9
1144730 1542.9
1144740 1545.9
1144750 1550.1
1144760 1550.1
1144770 1553.5
1144780 1556.9
1144790 1556.9
1144800 1563.3
1144810 1570.2
1144820 1575.9
1144830 1575.9
1144840 1582.0
1144850 1589.3
1144860 1589.3
1144870 1595.6
1144880 1597.3
1144890 1597.3
1144900 1597.9
1144910 1597.4
1144920 1597.4
1144930 1596.3
1144940 1597.3
1144950 1597.3
1144960 1599.0
1144970 1600.6
1144980 1600.6
1144990 1605.0
1145000 1608.5
1145010 1608.5
1145020 1611.2
1145030 1612.6
1145040 1613.8
1145050 1613.8
1145060 1616.1
1145070 1619.0
1145080 1619.0
1145090 1622.0
1145100 1624.7
1145110 1624.7
1145120 1627.1
1145130 1630.2
1145140 1630.2
1145150 1633.8
1145160 1637.6
1145170 1637.6
1145180 1641.6
1145190 1643.5
1145200 1643.5
1145210 1639.1
1145220 1633.3
1145230 1633.3
1145240 1627.9
1145250 1622.8
1145260 1622.8
1145270 1619.2
1145280 1616.0
1145290 1615.1
1145300 1615.1
1145310 1615.0
1145320 1614.7
1145330 1614.7
1145340 1614.6
1145350 1616.5
1145360 1616.5
1145370 1623.7
1145380 1626.5
1145390 1626.5
1145400 1626.8
1145410 1626.1
1145420 1626.1
1145430 1626.8
1145440 1628.0
1145450 1628.0
1145460 1629.0
1145470 1629.5
1145480 1629.5
1145490 1631.7
1145500 1633.6
1145510 1634.3
1145520 1634.3
1145530 1635.3
1145540 1637.9
1145550 1637.9
1145560 1640.9
1145570 1645.4
1145580 1645.4
1145590 1651.3
1145600 1657.1
1145610 1657.1
1145620 1662.7
1145630 1667.7
1145640 1667.7
1145650 1670.6
1145660 1673.0
1145670 1673.0
1145680 1676.0
1145690 1679.2
1145700 1679.2
1145710 1683.6
1145720 1687.8
1145730 1687.8
1145740 1696.5
1145750 1699.2
1145760 1700.5
1145770 1700.5
1145780 1702.5
1145790 1704.4
1145800 1704.4
1145810 1705.2
1145820 1706.6
1145830 1706.6
1145840 1708.7
1145850 1711.3
1145860 1711.3
1145870 1712.1
1145880 1716.1
1145890 1716.1
1145900 1719.3
1145910 1721.9
1145920 1721.9
1145930 1723.8
1145940 1725.0
1145950 1725.0
1145960 1726.0
1145970 1728.0
1145980 1730.9
1145990 1730.9
1146000 1736.2
1146010 1742.6
1146020 1742.6
1146030 1745.3
1146040 1747.1
1146050 1747.1
1146060 1749.8
1146070 1751.0
1146080 1751.0
1146090 1751.8
1146100 1752.7
1146110 1752.7
1146120 1759.0
1146130 1758.7
1146140 1758.7
1146150 1756.8
1146160 1752.1
1146170 1752.1
1146180 1747.1
1146190 1741.8
1146200 1741.8
1146210 1736.1
1146220 1731.2
1146230 1727.3
1146240 1727.3
1146250 1723.4
1146260 1721.1
1146270 1721.1
1146280 1720.3
1146290 1717.0
1146300 1717.0
1146310 1715.0
1146320 1714.0
1146330 1714.0
1146340 1712.6
1146350 1710.7
1146360 1710.7
1146370 1708.5
1146380 1708.0
1146390 1708.0
1146400 1707.5
1146410 1705.9
1146420 1705.9
1146430 1704.7
1146440 1703.6
1146450 1702.9
1146460 1702.9
1146470 1702.1
1146480 1701.1
1146490 1703.4
1146500 1701.4
1146510 1699.9
1146520 1699.9
1146530 1697.1
1146540 1694.4
1146550 1694.4
1146560 1691.9
1146570 1690.0
1146580 1690.0
1146590 1688.9
1146600 1688.7
1146610 1688.7
1146620 1689.0
1146630 1690.3
1146640 1690.3
1146650 1694.2
1146660 1698.4
1146670 1698.4
1146680 1701.0
1146690 1700.9
1146700 1699.4
1146710 1699.4
1146720 1698.4
1146730 1700.8
1146740 1700.8
1146750 1703.0
1146760 1703.6
1146770 1703.6
1146780 1704.2
1146790 1706.0
1146800 1706.0
1146810 1708.3
1146820 1709.3
1146830 1709.3
1146840 1710.8
1146850 1711.6
1146860 1711.6
1146870 1722.9
1146880 1724.7
1146890 1724.7
1146900 1726.9
1146910 1725.9
1146920 1722.1
1146930 1722.1
1146940 1717.2
1146950 1712.4
1146960 1712.4
1146970 1707.6
1146980 1701.9
1146990 1701.9
1147000 1696.8
1147010 1692.5
1147020 1692.5
1147030 1689.3
1147040 1686.2
1147050 1686.2
1147060 1683.2
1147070 1681.0
1147080 1681.0
1147090 1679.3
1147100 1676.9
1147110 1676.9
1147120 1673.5
1147130 1671.1
1147140 1671.1
1147150 1666.3
1147160 1659.1
1147170 1653.4
1147180 1653.4
1147190 1648.7
1147200 1648.4
1147210 1648.4
1147220 1650.6
1147230 1652.9
1147240 1652.9
1147250 1661.6
1147260 1665.0
1147270 1665.0
1147280 1667.2
1147290 1667.8
1147300 1667.8
1147310 1670.7
1147320 1673.5
1147330 1673.5
1147340 1675.2
1147350 1677.6
1147360 1677.6
1147370 1684.4
1147380 1692.7
1147390 1703.6
1147400 1703.6
1147410 1715.5
1147420 1723.6
1147430 1723.6
1147440 1729.4
1147450 1734.9
1147460 1734.9
1147470 1740.1
1147480 1745.2
1147490 1745.2
1147500 1750.2
1147510 1754.2
1147520 1754.2
1147530 1757.2
1147540 1759.9
1147550 1759.9
1147560 1762.6
1147570 1764.9
1147580 1764.9
1147590 1767.2
1147600 1769.0
1147610 1769.0
1147620 1773.5
1147630 1775.2
1147640 1776.0
1147650 1776.0
1147660 1774.4
1147670 1769.4
1147680 1769.4
1147690 1764.0
1147700 1756.8
1147710 1756.8
1147720 1749.2
1147730 1741.4
1147740 1741.4
1147750 1734.2
1147760 1728.1
1147770 1728.1
1147780 1722.4
1147790 1716.2
1147800 1716.2
1147810 1711.5
1147820 1706.8
1147830 1706.8
1147840 1705.6
1147850 1711.2
1147860 1716.5
1147870 1716.5
1147880 1719.7
1147890 1723.2
1147900 1723.2
1147910 1726.4
1147920 1731.0
1147930 1731.0
1147940 1736.6
1147950 1743.1
1147960 1743.1
1147970 1749.3
1147980 1757.4
1147990 1757.4
1148000 1771.6
1148010 1771.4
1148020 1771.4
1148030 1771.9
1148040 1776.8
1148050 1776.8
1148060 1784.0
1148070 1790.5
1148080 1790.5
1148090 1795.0
1148100 1798.8
1148110 1802.8
1148120 1802.8
1148130 1806.4
1148140 1810.0
1148150 1810.0
1148160 1813.4
1148170 1817.4
1148180 1817.4
1148190 1821.5
1148200 1826.2
1148210 1826.2
1148220 1832.1
1148230 1837.2
1148240 1837.2
1148250 1842.9
1148260 1847.0
1148270 1847.0
1148280 1850.3
1148290 1853.3
1148300 1853.3
1148310 1855.6
1148320 1857.9
1148330 1860.2
1148340 1860.2
1148350 1861.7
1148360 1862.9
1148370 1862.9
1148380 1867.6
1148390 1869.6
1148400 1869.6
1148410 1870.0
1148420 1868.6
1148430 1868.6
1148440 1866.3
1148450 1864.4
1148460 1864.4
1148470 1863.0
1148480 1860.9
1148490 1860.9
1148500 1858.0
1148510 1855.2
1148520 1855.2
1148530 1852.8
1148540 1851.0
1148550 1851.0
1148560 1849.4
1148570 1845.7
1148580 1840.3
1148590 1840.3
1148600 1834.3
1148610 1826.9
1148620 1826.9
1148630 1819.5
1148640 1812.6
1148650 1812.6
1148660 1805.1
1148670 1797.9
1148680 1797.9
1148690 1791.6
1148700 1785.1
1148710 1785.1
1148720 1775.1
1148730 1769.8
1148740 1769.8
1148750 1780.9
1148760 1786.2
1148770 1786.2
1148780 1790.1
1148790 1793.5
1148800 1793.5
1148810 1797.4
1148820 1802.2
1148830 1808.1
1148840 1808.1
1148850 1815.2
1148860 1823.6
1148870 1823.6
1148880 1832.8
1148890 1842.4
1148900 1842.4
1148910 1851.0
1148920 1859.0
1148930 1859.0
1148940 1867.0
1148950 1873.2
1148960 1873.2
1148970 1878.3
1148980 1883.1
1148990 1883.1
1149000 1887.0
1149010 1889.8
1149020 1889.8
1149030 1892.3
1149040 1895.4
1149050 1898.1
1149060 1898.1
1149070 1900.6
1149080 1904.2
1149090 1904.2
1149100 1907.6
1149110 1910.4
1149120 1910.4
1149130 1920.2
1149140 1922.3
1149150 1922.3
1149160 1923.8
1149170 1925.2
1149180 1925.2
1149190 1926.6
1149200 1928.3
1149210 1928.3
1149220 1929.9
1149230 1930.6
1149240 1930.6
1149250 1931.2
1149260 1932.2
1149270 1932.2
1149280 1932.4
1149290 1931.1
1149300 1935.8
1149310 1935.8
1149320 1939.6
1149330 1941.3
1149340 1941.3
1149350 1942.6
1149360 1944.2
1149370 1944.2
1149380 1945.3
1149390 1947.0
1149400 1947.0
1149410 1948.7
1149420 1950.2
1149430 1950.2
1149440 1951.6
1149450 1952.1
1149460 1952.1
1149470 1953.6
1149480 1958.0
1149490 1958.0
1149500 1962.1
1149510 1972.3
1149520 1973.8
1149530 1973.8
1149540 1974.6
1149550 1976.7
1149560 1976.7
1149570 1977.8
1149580 1979.1
1149590 1979.1
1149600 1982.8
1149610 1987.8
1149620 1987.8
1149630 1992.1
1149640 1996.7
1149650 1996.7
1149660 1998.9
1149670 1999.4
1149680 1999.4
1149690 2001.2
1149700 2003.3
1149710 2003.3
1149720 2004.9
1149730 2006.6
1149740 2006.6
1149750 2007.9
1149760 2009.4
1149770 2010.5
1149780 2010.5
1149790 2011.4
1149800 2012.3
1149810 2012.3
1149820 2013.7
1149830 2015.2
1149840 2015.2
1149850 2016.5
1149860 2017.5
1149870 2017.5
1149880 2018.7
1149890 2026.2
1149900 2026.2
1149910 2027.1
1149920 2028.4
1149930 2028.4
1149940 2030.0
1149950 2031.2
1149960 2031.2
1149970 2032.0
1149980 2032.1
1149990 2031.9
1150000 2031.9
1150010 2032.1
1150020 2032.0
1150030 2032.0
1150040 2030.9
1150050 2029.7
1150060 2029.7
1150070 2028.8
1150080 2027.6
1150090 2027.6
1150100 2025.7
1150110 2023.5
1150120 2023.5
1150130 2020.4
1150140 2016.7
1150150 2016.7
1150160 2012.4
1150170 2007.8
1150180 2007.8
1150190 2004.0
1150200 2000.4
1150210 2000.4
1150220 1997.9
1150230 1996.0
1150240 1994.1
1150250 1994.1
1150260 1990.8
1150270 1990.3
1150280 1990.3
1150290 1987.5
1150300 1984.8
1150310 1984.8
1150320 1981.4
1150330 1977.6
1150340 1977.6
1150350 1971.5
1150360 1967.7
1150370 1967.7
1150380 1965.3
1150390 1961.2
1150400 1961.2
1150410 1956.7
1150420 1951.1
1150430 1951.1
1150440 1943.1
1150450 1936.8
1150460 1931.1
1150470 1931.1
1150480 1925.7
1150490 1920.5
1150500 1920.5
1150510 1915.2
1150520 1908.9
1150530 1908.9
1150540 1901.9
1150550 1895.8
1150560 1895.8
1150570 1889.2
1150580 1881.8
1150590 1881.8
1150600 1874.1
1150610 1867.1
1150620 1867.1
1150630 1860.4
1150640 1854.2
1150650 1853.7
1150660 1846.7
1150670 1839.8
1150680 1839.8
1150690 1833.4
1150700 1828.0
1150710 1822.8
1150720 1822.8
1150730 1817.7
1150740 1812.0
1150750 1812.0
1150760 1804.9
1150770 1796.6
1150780 1796.6
1150790 1788.5
1150800 1781.2
1150810 1781.2
1150820 1773.8
1150830 1766.2
1150840 1766.2
1150850 1758.9
1150860 1752.0
1150870 1752.0
1150880 1744.4
1150890 1736.7
1150900 1736.7
1150910 1729.8
1150920 1723.8
1150930 1718.7
1150940 1718.7
1150950 1714.3
1150960 1710.3
1150970 1710.3
1150980 1706.7
1150990 1701.7
1151000 1701.7
1151010 1695.3
1151020 1688.9
1151030 1689.9
1151040 1685.0
1151050 1680.1
1151060 1680.1
1151070 1674.1
1151080 1667.9
1151090 1667.9
1151100 1661.3
1151110 1655.3
1151120 1655.3
1151130 1650.0
1151140 1644.3
1151150 1644.3
1151160 1638.3
1151170 1631.3
1151180 1623.9
1151190 1623.9
1151200 1616.1
1151210 1609.2
1151220 1609.2
1151230 1603.0
1151240 1597.4
1151250 1597.4
1151260 1592.0
1151270 1587.0
1151280 1587.0
1151290 1581.8
1151300 1576.4
1151310 1576.4
1151320 1570.9
1151330 1564.8
1151340 1564.8
1151350 1559.1
1151360 1553.0
1151370 1553.0
1151380 1546.1
1151390 1539.0
1151400 1531.8
1151410 1532.4
1151420 1525.8
1151430 1519.7
1151440 1519.7
1151450 1513.8
1151460 1506.8
1151470 1506.8
1151480 1499.9
1151490 1492.7
1151500 1492.7
1151510 1484.8
1151520 1477.4
1151530 1477.4
1151540 1472.9
1151550 1473.8
1151560 1473.8
1151570 1476.8
1151580 1478.3
1151590 1478.3
1151600 1481.2
1151610 1483.2
1151620 1483.2
1151630 1484.4
1151640 1484.3
1151650 1486.9
1151660 1486.9
1151670 1494.5
1151680 1502.4
1151690 1502.4
1151700 1509.9
1151710 1516.5
1151720 1516.5
1151730 1520.9
1151740 1525.8
1151750 1525.8
1151760 1530.5
1151770 1531.9
1151780 1531.9
1151790 1538.3
1151800 1539.3
1151810 1539.3
1151820 1542.4
1151830 1546.3
1151840 1546.3
1151850 1549.6
1151860 1553.3
1151870 1558.1
1151880 1558.1
1151890 1562.3
1151900 1565.6
1151910 1565.6
1151920 1568.9
1151930 1572.4
1151940 1572.4
1151950 1575.4
1151960 1579.3
1151970 1579.3
1151980 1584.2
1151990 1590.9
1152000 1590.9
1152010 1598.7
1152020 1607.0
1152030 1607.0
1152040 1618.0
1152050 1626.4
1152060 1626.4
1152070 1634.4
1152080 1646.6
1152090 1646.6
1152100 1664.4
1152110 1682.9
1152120 1692.8
1152130 1692.8
1152140 1701.8
1152150 1710.9
1152160 1710.9
1152170 1721.6
1152180 1728.6
1152190 1728.6
1152200 1734.7
1152210 1741.0
1152220 1741.0
1152230 1747.8
1152240 1754.7
1152250 1754.7
1152260 1761.4
1152270 1766.8
1152280 1766.8
1152290 1771.6
1152300 1776.5
1152310 1776.5
1152320 1781.9
1152330 1787.3
1152340 1792.3
1152350 1792.3
1152360 1798.5
1152370 1804.7
1152380 1804.7
1152390 1810.8
1152400 1816.3
1152410 1816.3
1152420 1820.6
1152430 1824.6
1152440 1824.6
1152450 1829.2
1152460 1834.8
1152470 1834.8
1152480 1839.7
1152490 1844.3
1152500 1844.3
1152510 1848.2
1152520 1851.1
1152530 1851.1
1152540 1853.8
1152550 1857.2
1152560 1862.4
1152570 1865.9
1152580 1869.3
1152590 1873.2
1152600 1873.2
1152610 1878.1
1152620 1882.5
1152630 1882.5
1152640 1887.2
1152650 1892.6
1152660 1892.6
1152670 1898.0
1152680 1903.1
1152690 1903.1
1152700 1907.4
1152710 1911.7
1152720 1911.7
1152730 1916.3
1152740 1920.3
1152750 1920.3
1152760 1924.5
1152770 1928.4
1152780 1928.4
1152790 1932.6
1152800 1936.4
1152810 1941.1
1152820 1941.1
1152830 1946.4
1152840 1952.6
1152850 1952.6
1152860 1959.1
1152870 1966.2
1152880 1966.2
1152890 1973.2
1152900 1979.6
1152910 1979.6
1152920 1985.5
1152930 1991.1
1152940 1992.8
1152950 1998.1
1152960 2003.0
1152970 2003.0
1152980 2007.4
1152990 2011.6
1153000 2011.6
1153010 2015.8
1153020 2020.1
1153030 2020.1
1153040 2024.5
1153050 2028.9
1153060 2033.2
1153070 2033.2
1153080 2037.5
1153090 2042.2
1153100 2042.2
1153110 2047.0
1153120 2051.6
1153130 2051.6
1153140 2056.5
1153150 2061.5
1153160 2061.5
1153170 2066.2
1153180 2070.9
1153190 2070.9
1153200 2075.0
1153210 2079.3
1153220 2079.3
1153230 2083.9
1153240 2089.0
1153250 2089.0
1153260 2094.1
1153270 2099.3
1153280 2104.8
1153290 2104.8
1153300 2111.0
1153310 2117.9
1153320 2121.5
1153330 2127.4
1153340 2134.3
1153350 2134.3
1153360 2141.2
1153370 2147.7
1153380 2147.7
1153390 2155.0
1153400 2162.7
1153410 2162.7
1153420 2171.5
1153430 2180.4
1153440 2180.4
1153450 2188.1
1153460 2194.7
1153470 2194.7
1153480 2201.2
1153490 2207.4
1153500 2207.4
1153510 2210.9
1153520 2215.0
1153530 2220.9
1153540 2220.9
1153550 2226.7
1153560 2231.3
1153570 2231.3
1153580 2232.4
1153590 2233.1
1153600 2233.1
1153610 2226.8
1153620 2226.1
1153630 2226.1
1153640 2223.1
1153650 2219.0
1153660 2219.0
1153670 2219.3
1153680 2220.4
1153690 2220.4
1153700 2221.5
1153710 2232.3
1153720 2232.3
1153730 2233.9
1153740 2232.5
1153750 2230.1
1153760 2230.1
1153770 2230.4
1153780 2232.0
1153790 2232.0
1153800 2232.9
1153810 2234.1
1153820 2234.1
1153830 2235.7
1153840 2237.9
1153850 2237.9
1153860 2238.5
1153870 2232.7
1153880 2232.7
1153890 2223.9
1153900 2215.7
1153910 2215.7
1153920 2208.0
1153930 2200.2
1153940 2200.2
1153950 2192.0
1153960 2183.6
1153970 2183.6
1153980 2174.4
1153990 2165.8
1154000 2157.1
1154010 2157.1
1154020 2147.6
1154030 2136.9
1154040 2136.9
1154050 2129.2
1154060 2123.7
1154070 2123.7
1154080 2118.9
1154090 2120.4
1154100 2120.4
1154110 2115.7
1154120 2109.8
1154130 2109.8
1154140 2105.2
1154150 2107.9
1154160 2107.9
1154170 2108.4
1154180 2106.2
1154190 2106.2
1154200 2102.6
1154210 2101.8
1154220 2106.4
1154230 2106.4
1154240 2111.4
1154250 2111.7
1154260 2111.7
1154270 2110.1
1154280 2107.9
1154290 2107.9
1154300 2105.7
1154310 2103.5
1154320 2103.5
1154330 2101.0
1154340 2097.1
1154350 2097.1
1154360 2091.6
1154370 2086.5
1154380 2086.5
1154390 2087.8
1154400 2089.1
1154410 2089.1
1154420 2086.3
1154430 2082.9
1154440 2082.9
1154450 2080.2
1154460 2080.1
1154470 2086.2
1154480 2086.2
1154490 2085.5
1154500 2085.7
1154510 2085.7
1154520 2086.2
1154530 2088.1
1154540 2088.1
1154550 2089.4
1154560 2090.2
1154570 2090.2
1154580 2091.9
1154590 2094.1
1154600 2094.1
1154610 2095.8
1154620 2096.8
1154630 2096.8
1154640 2098.4
1154650 2099.9
1154660 2099.9
1154670 2100.8
1154680 2101.7
1154690 2103.1
1154700 2103.1
1154710 2104.8
1154720 2106.3
1154730 2106.3
1154740 2108.0
1154750 2111.1
1154760 2111.1
1154770 2115.6
1154780 2120.6
1154790 2120.6
1154800 2124.4
1154810 2128.1
1154820 2128.1
1154830 2131.5
1154840 2133.8
1154850 2133.8
1154860 2136.6
1154870 2136.6
1154880 2136.6
1154890 2136.7
1154900 2136.6
1154910 2136.6
1154920 2137.0
1154930 2136.2
1154940 2135.5
1154950 2135.5
1154960 2134.5
1154970 2132.2
1154980 2132.2
1154990 2128.4
1155000 2124.7
1155010 2124.7
1155020 2122.0
1155030 2119.8
1155040 2119.8
1155050 2118.0
1155060 2117.0
1155070 2117.0
1155080 2117.0
1155090 2118.0
1155100 2118.0
1155110 2118.9
1155120 2119.6
1155130 2119.6
1155140 2121.4
1155150 2123.8
1155160 2123.8
1155170 2126.4
1155180 2131.1
1155190 2135.6
1155200 2135.6
1155210 2138.9
1155220 2141.6
1155230 2141.6
1155240 2146.9
1155250 2150.0
1155260 2150.0
1155270 2153.9
1155280 2158.7
1155290 2158.7
1155300 2163.6
1155310 2169.1
1155320 2169.1
1155330 2174.7
1155340 2180.6
1155350 2180.6
1155360 2187.8
1155370 2196.6
1155380 2196.6
1155390 2206.6
1155400 2218.1
1155410 2227.7
1155420 2227.7
1155430 2236.6
1155440 2245.5
1155450 2245.5
1155460 2251.9
1155470 2258.3
1155480 2258.3
1155490 2266.1
1155500 2270.9
1155510 2270.9
1155520 2275.3
1155530 2282.6
1155540 2282.6
1155550 2290.7
1155560 2295.9
1155570 2295.9
1155580 2296.7
1155590 2292.6
1155600 2292.6
1155610 2290.0
1155620 2291.7
1155630 2300.7
1155640 2302.5
1155650 2309.0
1155660 2316.9
1155670 2316.9
1155680 2325.2
1155690 2334.1
1155700 2334.1
1155710 2344.6
1155720 2353.0
1155730 2353.0
1155740 2360.3
1155750 2367.9
1155760 2367.9
1155770 2373.0
1155780 2374.8
1155790 2374.8
1155800 2375.3
1155810 2374.4
1155820 2374.4
1155830 2372.8
1155840 2370.6
1155850 2370.6
1155860 2368.1
1155870 2366.4
1155880 2363.9
1155890 2363.9
1155900 2361.5
1155910 2362.6
1155920 2362.6
1155930 2363.2
1155940 2362.4
1155950 2362.4
1155960 2359.5
1155970 2354.0
1155980 2354.0
1155990 2352.6
1156000 2357.8
1156010 2357.8
1156020 2365.6
1156030 2368.0
1156040 2368.0
1156050 2375.6
1156060 2384.6
1156070 2384.6
1156080 2389.9
1156090 2392.3
1156100 2392.3
1156110 2393.6
1156120 2394.5
1156130 2398.0
1156140 2398.0
1156150 2403.2
1156160 2407.0
1156170 2407.0
1156180 2411.9
1156190 2418.9
1156200 2418.9
1156210 2422.7
1156220 2423.7
1156230 2423.7
1156240 2424.9
1156250 2424.0
1156260 2424.0
1156270 2418.7
1156280 2412.6
1156290 2412.6
1156300 2406.4
1156310 2401.1
1156320 2401.1
1156330 2396.9
1156340 2392.9
1156350 2388.5
1156360 2388.5
1156370 2384.1
1156380 2379.6
1156390 2379.6
1156400 2378.4
1156410 2370.2
1156420 2370.2
1156430 2361.8
1156440 2352.9
1156450 2352.9
1156460 2343.2
1156470 2335.3
1156480 2335.3
1156490 2329.2
1156500 2324.6
1156510 2324.6
1156520 2319.5
1156530 2313.6
1156540 2313.6
1156550 2307.0
1156560 2300.7
1156570 2300.7
1156580 2296.7
1156590 2292.9
1156600 2288.4
1156610 2288.4
1156620 2283.9
1156630 2279.3
1156640 2279.3
1156650 2274.7
1156660 2270.0
1156670 2270.0
1156680 2265.4
1156690 2261.9
1156700 2261.9
1156710 2260.2
1156720 2257.8
1156730 2257.8
1156740 2253.6
1156750 2248.7
1156760 2248.7
1156770 2243.1
1156780 2237.2
1156790 2237.4
1156800 2231.5
1156810 2224.7
1156820 2218.2
1156830 2218.2
1156840 2210.3
1156850 2203.3
1156860 2203.3
1156870 2196.2
1156880 2190.0
1156890 2190.0
1156900 2183.3
1156910 2172.4
1156920 2172.4
1156930 2160.2
1156940 2151.6
1156950 2151.6
1156960 2143.3
1156970 2134.7
1156980 2134.7
1156990 2128.4
1157000 2122.7
1157010 2122.7
1157020 2117.5
1157030 2112.2
1157040 2112.2
1157050 2106.8
1157060 2101.8
1157070 2096.7
1157080 2096.7
1157090 2091.8
1157100 2088.1
1157110 2088.1
1157120 2085.3
1157130 2082.1
1157140 2082.1
1157150 2077.9
1157160 2072.8
1157170 2072.8
1157180 2071.9
1157190 2067.9
1157200 2067.9
1157210 2064.4
1157220 2061.1
1157230 2061.1
1157240 2057.1
1157250 2052.4
1157260 2052.4
1157270 2047.5
1157280 2042.4
1157290 2037.2
1157300 2037.2
1157310 2031.8
1157320 2026.0
1157330 2026.0
1157340 2020.7
1157350 2015.5
1157360 2015.5
1157370 2009.9
1157380 2003.7
1157390 2003.7
1157400 1998.1
1157410 1992.5
1157420 1992.5
1157430 1986.5
1157440 1980.8
1157450 1980.8
1157460 1975.4
1157470 1969.8
1157480 1969.8
1157490 1964.2
1157500 1958.7
1157510 1958.7
1157520 1953.5
1157530 1949.3
1157540 1945.6
1157550 1945.6
1157560 1946.8
1157570 1943.2
1157580 1943.2
1157590 1939.9
1157600 1937.3
1157610 1937.3
1157620 1935.0
1157630 1930.8
1157640 1930.8
1157650 1925.9
1157660 1921.7
1157670 1921.7
1157680 1917.6
1157690 1913.1
1157700 1913.1
1157710 1907.8
1157720 1903.1
1157730 1903.1
1157740 1898.2
1157750 1893.4
1157760 1888.7
1157770 1888.7
1157780 1883.6
1157790 1878.5
1157800 1878.5
1157810 1873.4
1157820 1868.3
1157830 1868.3
1157840 1862.8
1157850 1857.5
1157860 1857.5
1157870 1851.5
1157880 1845.3
1157890 1845.3
1157900 1839.3
1157910 1832.8
1157920 1832.8
1157930 1825.7
1157940 1817.0
1157950 1821.0
1157960 1812.5
1157970 1804.1
1157980 1804.1
1157990 1797.1
1158000 1791.3
1158010 1785.4
1158020 1785.4
1158030 1779.5
1158040 1773.1
1158050 1773.1
1158060 1766.2
1158070 1759.5
1158080 1759.5
1158090 1753.8
1158100 1748.1
1158110 1748.1
1158120 1741.2
1158130 1734.1
1158140 1734.1
1158150 1732.9
1158160 1733.6
1158170 1733.6
1158180 1730.5
1158190 1725.8
1158200 1725.8
1158210 1721.5
1158220 1718.3
1158230 1715.2
1158240 1715.2
1158250 1711.8
1158260 1708.3
1158270 1708.3
1158280 1705.0
1158290 1700.8
1158300 1700.8
1158310 1696.8
1158320 1692.7
1158330 1692.7
1158340 1694.1
1158350 1690.6
1158360 1690.6
1158370 1687.4
1158380 1684.1
1158390 1684.1
1158400 1680.6
1158410 1676.5
1158420 1676.5
1158430 1671.7
1158440 1667.3
1158450 1667.3
1158460 1662.1
1158470 1656.9
1158480 1651.6
1158490 1651.6
1158500 1646.2
1158510 1640.5
1158520 1640.5
1158530 1634.2
1158540 1629.1
1158550 1629.1
1158560 1625.1
1158570 1622.1
1158580 1622.1
1158590 1619.1
1158600 1615.5
1158610 1615.5
1158620 1611.2
1158630 1606.9
1158640 1606.9
1158650 1604.2
1158660 1601.7
1158670 1601.7
1158680 1599.5
1158690 1598.9
1158700 1600.3
1158710 1600.3
1158720 1603.5
1158730 1611.3
1158740 1611.3
1158750 1609.0
1158760 1607.3
1158770 1607.3
1158780 1608.7
1158790 1610.5
1158800 1610.5
1158810 1615.2
1158820 1617.4
1158830 1617.4
1158840 1618.9
1158850 1620.6
1158860 1620.6
1158870 1622.5
1158880 1623.7
1158890 1623.7
1158900 1624.4
1158910 1625.4
1158920 1625.4
1158930 1625.5
1158940 1625.8
1158950 1626.7
1158960 1626.7
1158970 1626.6
1158980 1624.1
1158990 1624.1
1159000 1621.4
1159010 1619.3
1159020 1619.3
1159030 1617.5
1159040 1615.4
1159050 1615.4
1159060 1612.9
1159070 1610.7
1159080 1610.7
1159090 1607.7
1159100 1606.3
1159110 1606.3
1159120 1606.8
1159130 1603.2
1159140 1603.2
1159150 1601.5
1159160 1600.5
1159170 1598.9
1159180 1598.9
1159190 1596.9
1159200 1594.0
1159210 1594.0
1159220 1589.9
1159230 1585.8
1159240 1585.8
1159250 1583.5
1159260 1581.4
1159270 1581.4
1159280 1576.5
1159290 1569.2
1159300 1569.2
1159310 1562.7
1159320 1556.9
1159330 1556.9
1159340 1550.4
1159350 1543.4
1159360 1543.4
1159370 1534.9
1159380 1526.9
1159390 1526.9
1159400 1518.9
1159410 1510.0
1159420 1502.4
1159430 1502.4
1159440 1495.9
1159450 1488.8
1159460 1488.8
1159470 1481.5
1159480 1473.5
1159490 1473.5
1159500 1466.2
1159510 1468.6
1159520 1468.6
1159530 1464.2
1159540 1458.6
1159550 1458.6
1159560 1451.3
1159570 1443.2
1159580 1443.2
1159590 1435.6
1159600 1429.8
1159610 1429.8
1159620 1426.6
1159630 1422.8
1159640 1416.9
1159650 1416.9
1159660 1410.5
1159670 1403.6
1159680 1403.6
1159690 1397.2
1159700 1391.9
1159710 1391.9
1159720 1386.5
1159730 1381.7
1159740 1381.7
1159750 1377.2
1159760 1373.9
1159770 1373.9
1159780 1370.7
1159790 1367.9
1159800 1367.9
1159810 1365.1
1159820 1361.8
1159830 1361.8
1159840 1357.3
1159850 1352.0
1159860 1352.0
1159870 1346.9
1159880 1343.4
1159890 1340.0
1159900 1343.2
1159910 1339.2
1159920 1334.7
1159930 1334.7
1159940 1329.3
1159950 1324.7
1159960 1324.7
1159970 1320.1
1159980 1314.9
1159990 1314.9
