1140000 1807.3
1140010 1808.6
1140020 1806.4
1140030 1806.4
1140040 1800.8
1140050 1796.4
1140060 1793.3
1140070 1790.4
1140080 1787.7
1140090 1787.7
1140100 1785.3
1140110 1783.0
1140120 1783.0
1140130 1780.9
1140140 1776.4
1140150 1776.4
1140160 1772.4
1140170 1772.0
1140180 1771.1
1140190 1771.1
1140200 1772.4
1140210 1776.6
1140220 1776.6
1140230 1782.2
1140240 1788.7
1140250 1788.7
1140260 1794.4
1140270 1798.6
1140280 1798.6
1140290 1802.7
1140300 1808.0
1140310 1808.0
1140320 1813.2
1140330 1813.9
1140340 1813.9
1140350 1811.4
1140360 1810.9
1140370 1810.9
1140380 1812.1
1140390 1815.6
1140400 1818.7
1140410 1818.7
1140420 1824.0
1140430 1827.0
1140440 1827.0
1140450 1832.4
1140460 1838.0
1140470 1838.0
1140480 1843.7
1140490 1849.6
1140500 1849.6
1140510 1855.4
1140520 1859.8
1140530 1859.8
1140540 1862.6
1140550 1864.2
1140560 1864.2
1140570 1866.8
1140580 1870.2
1140590 1870.2
1140600 1873.6
1140610 1876.3
1140620 1876.3
1140630 1877.7
1140640 1879.8
1140650 1882.1
1140660 1882.1
1140670 1884.7
1140680 1887.2
1140690 1887.2
1140700 1888.1
1140710 1888.5
1140720 1888.5
1140730 1889.5
1140740 1890.8
1140750 1890.8
1140760 1892.2
1140770 1893.6
1140780 1893.6
1140790 1895.4
1140800 1891.7
1140810 1891.7
1140820 1891.5
1140830 1893.4
1140840 1893.4
1140850 1895.4
1140860 1897.7
1140870 1898.9
1140880 1898.9
1140890 1899.9
1140900 1900.4
1140910 1900.4
1140920 1900.2
1140930 1900.9
1140940 1900.9
1140950 1902.0
1140960 1903.0
1140970 1903.0
1140980 1903.8
1140990 1904.9
1141000 1904.9
1141010 1906.7
1141020 1909.1
1141030 1909.1
1141040 1912.0
1141050 1915.2
1141060 1915.2
1141070 1919.1
1141080 1922.9
1141090 1922.9
1141100 1925.1
1141110 1926.1
1141120 1927.3
1141130 1927.3
1141140 1924.8
1141150 1922.9
1141160 1922.9
1141170 1918.2
1141180 1919.0
1141190 1919.0
1141200 1919.7
1141210 1920.2
1141220 1920.2
1141230 1920.9
1141240 1921.3
1141250 1921.3
1141260 1920.3
1141270 1917.9
1141280 1917.9
1141290 1914.4
1141300 1911.4
1141310 1911.4
1141320 1908.1
1141330 1907.3
1141340 1907.3
1141350 1907.5
1141360 1907.0
1141370 1906.0
1141380 1906.0
1141390 1904.6
1141400 1903.4
1141410 1903.4
1141420 1902.1
1141430 1901.3
1141440 1901.3
1141450 1900.4
1141460 1898.5
1141470 1898.5
1141480 1898.4
1141490 1897.2
1141500 1897.2
1141510 1895.6
1141520 1893.8
1141530 1893.8
1141540 1883.7
1141550 1876.4
1141560 1876.4
1141570 1869.8
1141580 1866.2
1141590 1866.8
1141600 1866.8
1141610 1867.8
1141620 1862.6
1141630 1862.6
1141640 1856.7
1141650 1851.9
1141660 1851.9
1141670 1849.7
1141680 1849.6
1141690 1849.6
1141700 1845.2
1141710 1838.8
1141720 1838.8
1141730 1833.8
1141740 1829.3
1141750 1829.3
1141760 1824.7
1141770 1822.1
1141780 1822.1
1141790 1819.6
1141800 1814.0
1141810 1814.0
1141820 1807.8
1141830 1801.5
1141840 1798.5
1141850 1798.5
1141860 1795.1
1141870 1792.0
1141880 1792.0
1141890 1788.8
1141900 1785.7
1141910 1778.3
1141920 1775.3
1141930 1771.1
1141940 1771.1
1141950 1767.6
1141960 1764.5
1141970 1764.5
1141980 1761.4
1141990 1757.7
1142000 1757.7
1142010 1755.4
1142020 1753.4
1142030 1753.4
1142040 1749.7
1142050 1746.6
1142060 1745.1
1142070 1745.1
1142080 1743.8
1142090 1743.2
1142100 1743.2
1142110 1740.8
1142120 1739.3
1142130 1739.3
1142140 1738.8
1142150 1740.1
1142160 1740.1
1142170 1739.8
1142180 1737.5
1142190 1737.5
1142200 1737.5
1142210 1736.9
1142220 1736.9
1142230 1735.0
1142240 1734.0
1142250 1734.0
1142260 1733.2
1142270 1732.3
1142280 1725.3
1142290 1724.7
1142300 1721.3
1142310 1715.4
1142320 1715.4
1142330 1709.3
1142340 1703.8
1142350 1703.8
1142360 1699.4
1142370 1694.6
1142380 1694.6
1142390 1686.9
1142400 1678.7
1142410 1678.7
1142420 1671.0
1142430 1664.0
1142440 1664.0
1142450 1657.6
1142460 1651.7
1142470 1651.7
1142480 1650.8
1142490 1652.6
1142500 1652.6
1142510 1651.2
1142520 1647.8
1142530 1647.8
1142540 1644.8
1142550 1643.2
1142560 1641.1
1142570 1641.1
1142580 1638.5
1142590 1636.2
1142600 1636.2
1142610 1633.8
1142620 1630.6
1142630 1630.6
1142640 1627.8
1142650 1626.1
1142660 1617.2
1142670 1614.9
1142680 1610.9
1142690 1610.9
1142700 1606.1
1142710 1602.2
1142720 1602.2
1142730 1599.5
1142740 1597.2
1142750 1597.2
1142760 1596.0
1142770 1595.4
1142780 1592.6
1142790 1592.6
1142800 1589.1
1142810 1587.1
1142820 1587.1
1142830 1586.8
1142840 1585.9
1142850 1585.9
1142860 1583.8
1142870 1581.6
1142880 1581.6
1142890 1578.1
1142900 1574.0
1142910 1574.0
1142920 1571.3
1142930 1567.4
1142940 1567.4
1142950 1566.1
1142960 1562.0
1142970 1562.0
1142980 1560.0
1142990 1559.2
1143000 1559.2
1143010 1558.7
1143020 1558.0
1143030 1546.8
1143040 1546.8
1143050 1546.7
1143060 1546.5
1143070 1546.5
1143080 1546.9
1143090 1545.8
1143100 1545.8
1143110 1540.9
1143120 1533.2
1143130 1533.2
1143140 1527.1
1143150 1522.2
1143160 1522.2
1143170 1517.6
1143180 1514.0
1143190 1514.0
1143200 1510.3
1143210 1506.7
1143220 1506.7
1143230 1504.3
1143240 1501.3
1143250 1496.3
1143260 1496.3
1143270 1491.0
1143280 1486.3
1143290 1486.3
1143300 1482.0
1143310 1477.8
1143320 1477.8
1143330 1473.3
1143340 1468.4
1143350 1468.4
1143360 1462.9
1143370 1457.6
1143380 1457.6
1143390 1453.0
1143400 1443.7
1143410 1443.7
1143420 1438.8
1143430 1434.5
1143440 1434.5
1143450 1430.4
1143460 1427.3
1143470 1427.3
1143480 1423.9
1143490 1420.4
1143500 1417.0
1143510 1417.0
1143520 1413.8
1143530 1410.4
1143540 1410.4
1143550 1406.0
1143560 1401.9
1143570 1401.9
1143580 1400.2
1143590 1398.6
1143600 1398.6
1143610 1397.0
1143620 1397.4
1143630 1397.4
1143640 1395.0
1143650 1389.2
1143660 1389.2
1143670 1383.4
1143680 1378.7
1143690 1378.7
1143700 1375.0
1143710 1372.2
1143720 1371.3
1143730 1371.3
1143740 1372.2
1143750 1372.6
1143760 1372.6
1143770 1365.6
1143780 1365.7
1143790 1365.7
1143800 1366.1
1143810 1366.4
1143820 1366.4
1143830 1364.3
1143840 1366.5
1143850 1366.5
1143860 1367.9
1143870 1366.3
1143880 1366.3
1143890 1363.4
1143900 1360.9
1143910 1360.9
1143920 1355.2
1143930 1347.8
1143940 1347.8
1143950 1339.9
1143960 1334.6
1143970 1333.7
1143980 1333.7
1143990 1333.6
1144000 1334.8
1144010 1334.8
1144020 1336.2
1144030 1336.6
1144040 1336.6
1144050 1337.8
1144060 1338.1
1144070 1338.1
1144080 1338.4
1144090 1338.8
1144100 1338.8
1144110 1339.0
1144120 1340.5
1144130 1340.5
1144140 1340.9
1144150 1340.6
1144160 1340.6
1144170 1340.4
1144180 1340.3
1144190 1340.3
1144200 1341.3
1144210 1341.8
1144220 1341.8
1144230 1341.8
1144240 1341.7
1144250 1341.4
1144260 1341.4
1144270 1341.0
1144280 1340.7
1144290 1340.7
1144300 1340.4
1144310 1339.4
1144320 1339.4
1144330 1337.8
1144340 1337.0
1144350 1337.0
1144360 1335.8
1144370 1333.9
1144380 1333.9
1144390 1331.7
1144400 1328.1
1144410 1328.1
1144420 1322.3
1144430 1317.0
1144440 1314.8
1144450 1314.8
1144460 1313.5
1144470 1312.2
1144480 1312.2
1144490 1310.6
1144500 1308.0
1144510 1308.0
1144520 1306.0
1144530 1301.2
1144540 1301.2
1144550 1297.6
1144560 1295.3
1144570 1295.3
1144580 1294.0
1144590 1293.3
1144600 1293.3
1144610 1293.2
1144620 1293.1
1144630 1293.1
1144640 1293.3
1144650 1293.1
1144660 1293.1
1144670 1292.9
1144680 1293.0
1144690 1293.3
1144700 1293.3
1144710 1292.3
1144720 1291.1
1144730 1291.1
1144740 1290.2
1144750 1289.3
1144760 1289.3
1144770 1288.3
1144780 1287.1
1144790 1287.1
1144800 1285.7
1144810 1284.4
1144820 1284.4
1144830 1283.2
1144840 1282.2
1144850 1282.2
1144860 1281.1
1144870 1280.3
1144880 1280.3
1144890 1278.5
1144900 1276.5
1144910 1275.4
1144920 1275.4
1144930 1274.6
1144940 1273.4
1144950 1273.4
1144960 1272.4
1144970 1271.9
1144980 1271.9
1144990 1270.6
1145000 1269.3
1145010 1269.3
1145020 1268.3
1145030 1267.3
1145040 1267.3
1145050 1266.1
1145060 1265.4
1145070 1265.4
1145080 1265.0
1145090 1264.4
1145100 1264.4
1145110 1263.3
1145120 1262.3
1145130 1262.3
1145140 1261.4
1145150 1260.7
1145160 1260.0
1145170 1260.0
1145180 1259.3
1145190 1258.5
1145200 1258.5
1145210 1257.6
1145220 1256.5
1145230 1256.5
1145240 1255.3
1145250 1254.2
1145260 1254.2
1145270 1252.8
1145280 1252.6
1145290 1252.6
1145300 1252.2
1145310 1251.7
1145320 1251.7
1145330 1251.3
1145340 1251.1
1145350 1251.1
1145360 1251.0
1145370 1251.0
1145380 1251.0
1145390 1251.1
1145400 1251.0
1145410 1248.9
1145420 1248.9
1145430 1247.7
1145440 1248.0
1145450 1248.0
1145460 1248.5
1145470 1249.6
1145480 1249.6
1145490 1250.0
1145500 1249.9
1145510 1249.9
1145520 1249.8
1145530 1250.2
1145540 1250.2
1145550 1251.0
1145560 1251.0
1145570 1251.0
1145580 1249.6
1145590 1246.9
1145600 1246.9
1145610 1244.1
1145620 1242.4
1145630 1241.6
1145640 1240.3
1145650 1240.2
1145660 1240.1
1145670 1240.1
1145680 1240.1
1145690 1240.4
1145700 1240.4
1145710 1240.7
1145720 1241.3
1145730 1241.3
1145740 1241.9
1145750 1242.4
1145760 1242.4
1145770 1242.4
1145780 1242.2
1145790 1242.2
1145800 1242.0
1145810 1241.9
1145820 1241.9
1145830 1241.8
1145840 1241.7
1145850 1241.7
1145860 1241.7
1145870 1241.5
1145880 1241.1
1145890 1241.1
1145900 1240.6
1145910 1240.1
1145920 1240.1
1145930 1239.6
1145940 1239.2
1145950 1239.2
1145960 1238.9
1145970 1238.7
1145980 1238.7
1145990 1238.6
1146000 1238.5
1146010 1238.6
1146020 1238.5
1146030 1238.6
1146040 1238.6
1146050 1238.5
1146060 1238.6
1146070 1238.6
1146080 1238.7
1146090 1238.8
1146100 1238.8
1146110 1238.8
1146120 1238.8
1146130 1238.9
1146140 1238.9
1146150 1238.9
1146160 1238.9
1146170 1238.9
1146180 1238.7
1146190 1238.6
1146200 1238.6
1146210 1238.7
1146220 1239.0
1146230 1239.0
1146240 1239.6
1146250 1240.4
1146260 1240.4
1146270 1241.6
1146280 1243.4
1146290 1243.4
1146300 1245.9
1146310 1248.5
1146320 1248.5
1146330 1251.4
1146340 1254.0
1146350 1256.4
1146360 1256.4
1146370 1257.1
1146380 1257.0
1146390 1257.3
1146400 1257.1
1146410 1256.9
1146420 1256.9
1146430 1256.8
1146440 1256.5
1146450 1256.5
1146460 1256.1
1146470 1255.7
1146480 1255.7
1146490 1255.4
1146500 1255.1
1146510 1255.1
1146520 1254.9
1146530 1255.1
1146540 1255.1
1146550 1255.4
1146560 1255.0
1146570 1255.3
1146580 1255.3
1146590 1258.0
1146600 1258.7
1146610 1258.7
1146620 1259.6
1146630 1260.1
1146640 1260.1
1146650 1262.5
1146660 1264.7
1146670 1264.7
1146680 1265.8
1146690 1266.4
1146700 1266.4
1146710 1267.1
1146720 1268.2
1146730 1268.2
1146740 1267.8
1146750 1266.3
1146760 1266.3
1146770 1268.2
1146780 1268.0
1146790 1268.0
1146800 1268.5
1146810 1269.2
1146820 1268.4
1146830 1268.4
1146840 1266.2
1146850 1264.3
1146860 1264.3
1146870 1263.0
1146880 1261.9
1146890 1261.9
1146900 1260.4
1146910 1258.8
1146920 1258.8
1146930 1257.6
1146940 1257.0
1146950 1257.0
1146960 1256.0
1146970 1255.0
1146980 1255.0
1146990 1254.5
1147000 1254.3
1147010 1254.3
1147020 1254.0
1147030 1253.7
1147040 1253.7
1147050 1253.6
1147060 1253.4
1147070 1253.2
1147080 1253.2
1147090 1253.5
1147100 1254.1
1147110 1254.1
1147120 1254.8
1147130 1254.2
1147140 1256.4
1147150 1255.7
1147160 1256.0
1147170 1256.0
1147180 1256.1
1147190 1256.3
1147200 1256.3
1147210 1256.3
1147220 1256.3
1147230 1256.3
1147240 1256.6
1147250 1256.4
1147260 1256.4
1147270 1254.9
1147280 1253.6
1147290 1252.4
1147300 1252.4
1147310 1251.6
1147320 1250.8
1147330 1250.8
1147340 1250.1
1147350 1248.8
1147360 1248.8
1147370 1248.2
1147380 1248.0
1147390 1248.0
1147400 1247.7
1147410 1247.5
1147420 1247.5
1147430 1247.4
1147440 1247.3
1147450 1247.3
1147460 1247.2
1147470 1247.3
1147480 1247.3
1147490 1247.2
1147500 1247.1
1147510 1247.1
1147520 1247.7
1147530 1247.5
1147540 1247.5
1147550 1247.5
1147560 1247.5
1147570 1247.9
1147580 1247.9
1147590 1248.5
1147600 1249.3
1147610 1249.3
1147620 1250.4
1147630 1252.1
1147640 1252.1
1147650 1253.4
1147660 1254.6
1147670 1254.6
1147680 1256.3
1147690 1257.6
1147700 1257.6
1147710 1258.3
1147720 1260.0
1147730 1260.0
1147740 1262.2
1147750 1263.0
1147760 1262.7
1147770 1262.7
1147780 1262.2
1147790 1263.1
1147800 1263.1
1147810 1264.7
1147820 1265.9
1147830 1265.9
1147840 1267.0
1147850 1267.8
1147860 1267.8
1147870 1268.3
1147880 1268.2
1147890 1268.2
1147900 1269.1
1147910 1266.3
1147920 1266.3
1147930 1265.1
1147940 1266.4
1147950 1266.4
1147960 1270.0
1147970 1274.0
1147980 1274.0
1147990 1276.5
1148000 1278.2
1148010 1279.5
1148020 1279.5
1148030 1279.7
1148040 1278.7
1148050 1278.7
1148060 1275.7
1148070 1273.0
1148080 1273.0
1148090 1273.7
1148100 1273.8
1148110 1273.8
1148120 1273.7
1148130 1274.4
1148140 1274.4
1148150 1275.6
1148160 1276.6
1148170 1276.6
1148180 1277.0
1148190 1277.9
1148200 1277.9
1148210 1280.2
1148220 1283.1
1148230 1283.1
1148240 1285.8
1148250 1287.8
1148260 1288.7
1148270 1296.7
1148280 1296.7
1148290 1296.7
1148300 1296.7
1148310 1296.4
1148320 1296.9
1148330 1296.9
1148340 1298.1
1148350 1299.3
1148360 1299.3
1148370 1298.7
1148380 1301.2
1148390 1301.2
1148400 1306.0
1148410 1308.4
1148420 1308.4
1148430 1310.2
1148440 1311.4
1148450 1311.4
1148460 1314.1
1148470 1315.2
1148480 1316.1
1148490 1316.1
1148500 1318.3
1148510 1320.2
1148520 1320.2
1148530 1321.8
1148540 1322.8
1148550 1322.8
1148560 1323.0
1148570 1322.6
1148580 1322.6
1148590 1322.9
1148600 1321.9
1148610 1321.9
1148620 1322.0
1148630 1322.4
1148640 1322.4
1148650 1329.0
1148660 1328.2
1148670 1328.2
1148680 1328.6
1148690 1328.6
1148700 1328.6
1148710 1328.1
1148720 1328.9
1148730 1328.3
1148740 1328.3
1148750 1326.2
1148760 1324.4
1148770 1324.4
1148780 1322.3
1148790 1317.7
1148800 1317.7
1148810 1310.3
1148820 1304.0
1148830 1304.0
1148840 1304.7
1148850 1310.5
1148860 1310.5
1148870 1312.3
1148880 1315.6
1148890 1315.6
1148900 1321.7
1148910 1327.5
1148920 1327.5
1148930 1331.3
1148940 1334.2
1148950 1336.3
1148960 1336.3
1148970 1338.0
1148980 1337.0
1148990 1337.0
1149000 1333.0
1149010 1332.3
1149020 1332.3
1149030 1341.4
1149040 1346.5
1149050 1346.5
1149060 1345.1
1149070 1343.5
1149080 1343.5
1149090 1347.2
1149100 1354.2
1149110 1354.2
1149120 1358.2
1149130 1361.8
1149140 1361.8
1149150 1364.8
1149160 1366.9
1149170 1366.9
1149180 1368.4
1149190 1369.1
1149200 1370.1
1149210 1370.1
1149220 1370.7
1149230 1370.9
1149240 1370.9
1149250 1371.7
1149260 1373.3
1149270 1373.3
1149280 1374.7
1149290 1376.3
1149300 1376.3
1149310 1378.0
1149320 1380.0
1149330 1380.0
1149340 1382.1
1149350 1384.0
1149360 1384.0
1149370 1386.2
1149380 1388.1
1149390 1388.1
1149400 1389.2
1149410 1400.6
1149420 1400.6
1149430 1402.4
1149440 1405.5
1149450 1407.1
1149460 1407.1
1149470 1407.2
1149480 1408.6
1149490 1408.6
1149500 1409.4
1149510 1412.2
1149520 1412.2
1149530 1413.4
1149540 1413.6
1149550 1413.6
1149560 1413.1
1149570 1413.7
1149580 1413.7
1149590 1415.1
1149600 1416.3
1149610 1416.3
1149620 1416.3
1149630 1415.4
1149640 1415.4
1149650 1412.2
1149660 1406.8
1149670 1402.4
1149680 1402.4
1149690 1399.7
1149700 1399.7
1149710 1399.7
1149720 1400.3
1149730 1402.6
1149740 1402.6
1149750 1405.1
1149760 1407.5
1149770 1407.5
1149780 1409.4
1149790 1416.5
1149800 1416.5
1149810 1417.1
1149820 1416.6
1149830 1416.6
1149840 1416.2
1149850 1416.8
1149860 1416.8
1149870 1416.7
1149880 1416.4
1149890 1416.4
1149900 1416.8
1149910 1417.6
1149920 1418.0
1149930 1418.0
1149940 1417.8
1149950 1416.5
1149960 1416.5
1149970 1413.8
1149980 1411.1
1149990 1411.1
1150000 1406.9
1150010 1401.6
1150020 1401.6
1150030 1398.1
1150040 1392.9
1150050 1392.9
1150060 1386.6
1150070 1382.4
1150080 1382.4
1150090 1380.2
1150100 1378.2
1150110 1378.2
1150120 1374.0
1150130 1368.6
1150140 1371.7
1150150 1371.7
1150160 1374.1
1150170 1385.5
1150180 1385.5
1150190 1387.3
1150200 1391.5
1150210 1391.5
1150220 1397.6
1150230 1402.3
1150240 1402.3
1150250 1406.7
1150260 1409.4
1150270 1409.4
1150280 1408.0
1150290 1406.0
1150300 1406.0
1150310 1405.0
1150320 1404.9
1150330 1404.9
1150340 1403.6
1150350 1402.3
1150360 1402.3
1150370 1400.7
1150380 1398.9
1150390 1397.0
1150400 1397.0
1150410 1394.0
1150420 1389.6
1150430 1389.6
1150440 1388.2
1150450 1388.5
1150460 1388.5
1150470 1388.1
1150480 1386.9
1150490 1386.9
1150500 1384.8
1150510 1383.1
1150520 1383.1
1150530 1380.0
1150540 1375.6
1150550 1385.6
1150560 1384.1
1150570 1383.7
1150580 1383.7
1150590 1382.6
1150600 1380.5
1150610 1374.7
1150620 1374.7
1150630 1367.3
1150640 1366.0
1150650 1366.0
1150660 1374.2
1150670 1377.7
1150680 1377.7
1150690 1380.8
1150700 1382.7
1150710 1382.7
1150720 1383.5
1150730 1383.1
1150740 1383.1
1150750 1381.9
1150760 1381.0
1150770 1381.0
1150780 1380.4
1150790 1380.1
1150800 1380.1
1150810 1379.8
1150820 1379.0
1150830 1379.0
1150840 1376.9
1150850 1375.2
1150860 1374.2
1150870 1374.2
1150880 1372.6
1150890 1370.6
1150900 1370.6
1150910 1367.8
1150920 1365.5
1150930 1369.8
1150940 1367.6
1150950 1365.7
1150960 1365.7
1150970 1363.9
1150980 1362.7
1150990 1362.7
1151000 1360.5
1151010 1359.0
1151020 1359.0
1151030 1358.4
1151040 1356.6
1151050 1356.6
1151060 1357.5
1151070 1359.9
1151080 1359.9
1151090 1362.5
1151100 1361.3
1151110 1357.2
1151120 1357.2
1151130 1352.9
1151140 1349.5
1151150 1349.5
1151160 1341.8
1151170 1332.2
1151180 1332.2
1151190 1324.8
1151200 1318.6
1151210 1318.6
1151220 1311.3
1151230 1302.6
1151240 1302.6
1151250 1294.6
1151260 1289.6
1151270 1289.6
1151280 1283.0
1151290 1276.8
1151300 1276.8
1151310 1279.3
1151320 1273.5
1151330 1267.9
1151340 1267.9
1151350 1266.3
1151360 1266.7
1151370 1266.7
1151380 1265.9
1151390 1264.8
1151400 1264.8
1151410 1268.4
1151420 1271.0
1151430 1271.0
1151440 1276.8
1151450 1284.7
1151460 1284.7
1151470 1296.3
1151480 1309.3
1151490 1309.3
1151500 1317.2
1151510 1322.8
1151520 1322.8
1151530 1326.5
1151540 1327.8
1151550 1327.8
1151560 1329.1
1151570 1331.8
1151580 1335.2
1151590 1335.2
1151600 1341.2
1151610 1348.1
1151620 1348.1
1151630 1354.5
1151640 1359.3
1151650 1359.3
1151660 1363.4
1151670 1367.6
1151680 1367.6
1151690 1377.4
1151700 1382.5
1151710 1382.5
1151720 1386.5
1151730 1388.2
1151740 1388.2
1151750 1391.6
1151760 1399.6
1151770 1399.6
1151780 1407.4
1151790 1414.4
1151800 1420.2
1151810 1420.2
1151820 1425.0
1151830 1430.4
1151840 1430.4
1151850 1436.6
1151860 1444.1
1151870 1444.1
1151880 1452.0
1151890 1459.6
1151900 1459.6
1151910 1462.9
1151920 1462.7
1151930 1462.7
1151940 1462.4
1151950 1464.8
1151960 1464.8
1151970 1469.1
1151980 1473.6
1151990 1473.6
1152000 1478.1
1152010 1482.2
1152020 1482.2
1152030 1485.9
1152040 1489.1
1152050 1492.1
1152060 1492.1
1152070 1498.8
1152080 1501.8
1152090 1501.8
1152100 1505.9
1152110 1509.8
1152120 1509.8
1152130 1513.4
1152140 1516.6
1152150 1516.6
1152160 1519.8
1152170 1521.6
1152180 1521.6
1152190 1524.6
1152200 1528.4
1152210 1528.4
1152220 1531.8
1152230 1534.6
1152240 1534.6
1152250 1537.5
1152260 1540.0
1152270 1540.0
1152280 1541.8
1152290 1544.1
1152300 1546.7
1152310 1546.7
1152320 1549.1
1152330 1551.1
1152340 1551.1
1152350 1553.4
1152360 1556.3
1152370 1556.3
1152380 1559.4
1152390 1561.6
1152400 1561.6
1152410 1563.9
1152420 1565.9
1152430 1565.9
1152440 1568.7
1152450 1574.3
1152460 1574.3
1152470 1576.2
1152480 1577.9
1152490 1577.9
1152500 1579.2
1152510 1580.8
1152520 1582.1
1152530 1582.1
1152540 1583.4
1152550 1585.1
1152560 1585.1
1152570 1586.7
1152580 1588.8
1152590 1588.8
1152600 1590.7
1152610 1591.9
1152620 1591.9
1152630 1593.5
1152640 1595.2
1152650 1595.2
1152660 1597.0
1152670 1598.2
1152680 1598.2
1152690 1600.1
1152700 1602.4
1152710 1602.4
1152720 1604.8
1152730 1607.7
1152740 1607.7
1152750 1610.4
1152760 1612.9
1152770 1615.0
1152780 1615.0
1152790 1616.8
1152800 1617.8
1152810 1617.8
1152820 1618.5
1152830 1622.9
1152840 1622.9
1152850 1623.4
1152860 1624.2
1152870 1624.2
1152880 1624.9
1152890 1626.3
1152900 1626.3
1152910 1627.9
1152920 1629.2
1152930 1629.2
1152940 1629.8
1152950 1630.6
1152960 1630.6
1152970 1632.8
1152980 1635.5
1152990 1637.9
1153000 1637.9
1153010 1639.3
1153020 1640.0
1153030 1640.0
1153040 1640.5
1153050 1641.1
1153060 1641.1
1153070 1641.7
1153080 1641.6
1153090 1641.6
1153100 1640.0
1153110 1637.8
1153120 1637.8
1153130 1636.1
1153140 1635.5
1153150 1635.5
1153160 1635.3
1153170 1634.7
1153180 1634.7
1153190 1634.3
1153200 1634.8
1153210 1634.8
1153220 1640.3
1153230 1639.9
1153240 1639.4
1153250 1639.4
1153260 1639.6
1153270 1639.9
1153280 1639.9
1153290 1640.0
1153300 1640.0
1153310 1640.0
1153320 1637.6
1153330 1635.1
1153340 1635.1
1153350 1632.5
1153360 1630.2
1153370 1630.2
1153380 1627.7
1153390 1624.4
1153400 1624.4
1153410 1619.4
1153420 1614.2
1153430 1614.2
1153440 1612.7
1153450 1614.6
1153460 1615.6
1153470 1615.6
1153480 1613.0
1153490 1608.3
1153500 1608.3
1153510 1603.4
1153520 1601.2
1153530 1601.2
1153540 1603.7
1153550 1610.9
1153560 1610.9
1153570 1618.5
1153580 1625.5
1153590 1625.5
1153600 1634.4
1153610 1640.8
1153620 1640.8
1153630 1647.8
1153640 1655.1
1153650 1655.1
1153660 1660.9
1153670 1664.1
1153680 1664.1
1153690 1665.7
1153700 1666.7
1153710 1667.1
1153720 1667.1
1153730 1666.6
1153740 1666.3
1153750 1666.3
1153760 1665.6
1153770 1664.2
1153780 1664.2
1153790 1662.2
1153800 1660.7
1153810 1660.7
1153820 1660.1
1153830 1659.8
1153840 1659.8
1153850 1658.6
1153860 1657.5
1153870 1657.5
1153880 1656.7
1153890 1656.5
1153900 1656.5
1153910 1656.0
1153920 1656.0
1153930 1656.0
1153940 1656.4
1153950 1656.5
1153960 1655.8
1153970 1655.8
1153980 1658.4
1153990 1657.3
1154000 1657.3
1154010 1655.8
1154020 1655.3
1154030 1655.3
1154040 1653.8
1154050 1649.8
1154060 1649.8
1154070 1643.5
1154080 1636.8
1154090 1636.8
1154100 1631.4
1154110 1627.1
1154120 1627.1
1154130 1620.8
1154140 1613.5
1154150 1613.5
1154160 1604.7
1154170 1598.4
1154180 1592.9
1154190 1592.9
1154200 1597.0
1154210 1605.5
1154220 1605.5
1154230 1611.5
1154240 1615.1
1154250 1615.1
1154260 1619.2
1154270 1622.6
1154280 1622.6
1154290 1625.8
1154300 1632.1
1154310 1632.1
1154320 1638.9
1154330 1645.2
1154340 1645.2
1154350 1650.7
1154360 1653.8
1154370 1659.1
1154380 1662.0
1154390 1666.6
1154400 1666.6
1154410 1673.1
1154420 1680.2
1154430 1687.2
1154440 1687.2
1154450 1694.1
1154460 1700.8
1154470 1700.8
1154480 1706.3
1154490 1710.4
1154500 1710.4
1154510 1713.1
1154520 1715.0
1154530 1715.0
1154540 1716.6
1154550 1718.7
1154560 1718.7
1154570 1721.4
1154580 1724.2
1154590 1724.2
1154600 1726.9
1154610 1729.3
1154620 1729.3
1154630 1731.5
1154640 1733.9
1154650 1736.0
1154660 1736.0
1154670 1737.3
1154680 1738.3
1154690 1738.3
1154700 1739.2
1154710 1740.7
1154720 1740.7
1154730 1742.7
1154740 1744.4
1154750 1748.1
1154760 1749.8
1154770 1751.9
1154780 1751.9
1154790 1753.1
1154800 1754.1
1154810 1754.1
1154820 1754.5
1154830 1754.7
1154840 1754.7
1154850 1754.2
1154860 1753.8
1154870 1753.8
1154880 1753.5
1154890 1752.9
1154900 1752.9
1154910 1752.9
1154920 1752.4
1154930 1750.9
1154940 1750.9
1154950 1750.3
1154960 1750.1
1154970 1750.1
1154980 1749.3
1154990 1747.9
1155000 1747.9
1155010 1745.6
1155020 1743.9
1155030 1743.9
1155040 1742.3
1155050 1740.7
1155060 1740.7
1155070 1738.8
1155080 1737.5
1155090 1737.5
1155100 1736.7
1155110 1736.5
1155120 1736.5
1155130 1736.4
1155140 1740.6
1155150 1739.5
1155160 1739.5
1155170 1737.9
1155180 1736.3
1155190 1736.3
1155200 1735.2
1155210 1734.5
1155220 1734.5
1155230 1733.3
1155240 1732.2
1155250 1732.2
1155260 1731.7
1155270 1731.0
1155280 1731.0
1155290 1730.4
1155300 1730.0
1155310 1730.0
1155320 1728.5
1155330 1727.0
1155340 1727.0
1155350 1726.1
1155360 1725.6
1155370 1725.0
1155380 1725.0
1155390 1724.7
1155400 1724.5
1155410 1724.5
1155420 1721.5
1155430 1715.2
1155440 1715.2
1155450 1707.6
1155460 1697.9
1155470 1697.9
1155480 1688.1
1155490 1680.2
1155500 1680.2
1155510 1679.9
1155520 1689.7
1155530 1689.7
1155540 1699.0
1155550 1706.5
1155560 1706.5
1155570 1709.3
1155580 1709.6
1155590 1709.6
1155600 1708.8
1155610 1711.8
1155620 1717.6
1155630 1717.6
1155640 1723.8
1155650 1727.0
1155660 1727.0
1155670 1727.6
1155680 1724.3
1155690 1724.3
1155700 1719.3
1155710 1714.0
1155720 1714.0
1155730 1716.7
1155740 1726.6
1155750 1726.6
1155760 1733.4
1155770 1736.4
1155780 1736.4
1155790 1737.8
1155800 1737.8
1155810 1737.8
1155820 1737.6
1155830 1737.6
1155840 1736.7
1155850 1736.7
1155860 1738.2
1155870 1739.2
1155880 1739.2
1155890 1740.0
1155900 1740.8
1155910 1746.9
1155920 1747.8
1155930 1748.4
1155940 1748.4
1155950 1748.7
1155960 1748.9
1155970 1748.9
1155980 1749.2
1155990 1749.7
1156000 1749.7
1156010 1749.5
1156020 1749.0
1156030 1749.0
1156040 1748.8
1156050 1748.7
1156060 1748.7
1156070 1748.5
1156080 1748.4
1156090 1747.8
1156100 1747.8
1156110 1747.6
1156120 1746.7
1156130 1746.7
1156140 1744.8
1156150 1743.3
1156160 1743.3
1156170 1743.4
1156180 1747.2
1156190 1747.2
1156200 1746.6
1156210 1745.4
1156220 1745.4
1156230 1746.6
1156240 1748.8
1156250 1748.8
1156260 1752.4
1156270 1755.9
1156280 1755.9
1156290 1759.2
1156300 1767.1
1156310 1771.1
1156320 1771.1
1156330 1774.2
1156340 1776.7
1156350 1776.7
1156360 1779.0
1156370 1782.1
1156380 1782.1
1156390 1784.6
1156400 1785.6
1156410 1785.6
1156420 1785.7
1156430 1786.0
1156440 1786.0
1156450 1785.8
1156460 1785.4
1156470 1785.4
1156480 1786.1
1156490 1786.7
1156500 1786.7
1156510 1787.0
1156520 1786.8
1156530 1786.8
1156540 1786.3
1156550 1785.7
1156560 1785.3
1156570 1785.3
1156580 1784.1
1156590 1781.9
1156600 1781.9
1156610 1779.2
1156620 1777.1
1156630 1777.1
1156640 1774.8
1156650 1772.5
1156660 1772.5
1156670 1772.6
1156680 1781.8
1156690 1781.8
1156700 1786.5
1156710 1784.3
1156720 1784.3
1156730 1782.7
1156740 1782.1
1156750 1782.1
1156760 1783.8
1156770 1785.4
1156780 1786.8
1156790 1786.8
1156800 1787.9
1156810 1789.1
1156820 1789.1
1156830 1790.2
1156840 1791.0
1156850 1791.0
1156860 1791.5
1156870 1792.4
1156880 1792.4
1156890 1793.2
1156900 1793.5
1156910 1793.5
1156920 1793.9
1156930 1794.5
1156940 1794.5
1156950 1795.0
1156960 1795.1
1156970 1795.1
1156980 1795.0
1156990 1794.8
1157000 1794.8
1157010 1793.9
1157020 1792.4
1157030 1790.9
1157040 1790.9
1157050 1789.1
1157060 1786.7
1157070 1792.2
1157080 1789.5
1157090 1787.0
1157100 1787.0
1157110 1784.5
1157120 1782.0
1157130 1782.0
1157140 1780.1
1157150 1778.2
1157160 1778.2
1157170 1776.8
1157180 1775.1
1157190 1775.1
1157200 1773.1
1157210 1771.4
1157220 1771.4
1157230 1769.6
1157240 1767.7
1157250 1767.7
1157260 1766.0
1157270 1763.5
1157280 1761.7
1157290 1761.7
1157300 1759.7
1157310 1756.1
1157320 1756.1
1157330 1750.2
1157340 1744.3
1157350 1744.3
1157360 1740.9
1157370 1740.8
1157380 1740.8
1157390 1740.6
1157400 1739.8
1157410 1739.8
1157420 1739.8
1157430 1739.6
1157440 1739.6
1157450 1738.3
1157460 1745.0
1157470 1745.0
1157480 1744.1
1157490 1745.5
1157500 1745.9
1157510 1745.9
1157520 1744.0
1157530 1742.0
1157540 1742.0
1157550 1739.5
1157560 1736.7
1157570 1736.7
1157580 1733.5
1157590 1730.0
1157600 1730.0
1157610 1726.4
1157620 1722.8
1157630 1722.8
1157640 1719.4
1157650 1716.1
1157660 1716.1
1157670 1712.7
1157680 1708.8
1157690 1708.8
1157700 1704.4
1157710 1700.4
1157720 1700.4
1157730 1696.5
1157740 1691.8
1157750 1687.4
1157760 1687.4
1157770 1681.7
1157780 1674.9
1157790 1674.9
1157800 1668.9
1157810 1662.8
1157820 1662.8
1157830 1656.6
1157840 1650.5
1157850 1657.3
1157860 1650.9
1157870 1644.3
1157880 1644.3
1157890 1637.8
1157900 1631.9
1157910 1631.9
1157920 1626.3
1157930 1620.9
1157940 1620.9
1157950 1615.3
1157960 1609.6
1157970 1603.8
1157980 1603.8
1157990 1598.1
1158000 1592.6
1158010 1592.6
1158020 1587.5
1158030 1582.9
1158040 1582.9
1158050 1578.0
1158060 1572.8
1158070 1572.8
1158080 1567.5
1158090 1562.2
1158100 1562.2
1158110 1556.8
1158120 1552.0
1158130 1552.0
1158140 1547.4
1158150 1542.5
1158160 1542.5
1158170 1537.6
1158180 1532.8
1158190 1532.8
1158200 1527.5
1158210 1522.0
1158220 1516.8
1158230 1516.8
1158240 1513.5
1158250 1507.6
1158260 1507.6
1158270 1502.7
1158280 1498.4
1158290 1498.4
1158300 1494.2
1158310 1488.6
1158320 1488.6
1158330 1483.6
1158340 1479.4
1158350 1479.4
1158360 1474.9
1158370 1469.5
1158380 1469.5
1158390 1462.7
1158400 1456.4
1158410 1456.4
1158420 1450.2
1158430 1444.8
1158440 1440.8
1158450 1440.8
1158460 1437.4
1158470 1432.5
1158480 1432.5
1158490 1426.3
1158500 1420.0
1158510 1420.0
1158520 1413.2
1158530 1405.9
1158540 1405.9
1158550 1399.0
1158560 1391.9
1158570 1391.9
1158580 1384.6
1158590 1376.5
1158600 1376.5
1158610 1368.4
1158620 1360.9
1158630 1364.5
1158640 1357.0
1158650 1350.7
1158660 1350.7
1158670 1344.4
1158680 1337.5
1158690 1330.6
1158700 1330.6
1158710 1324.7
1158720 1319.7
1158730 1319.7
1158740 1314.4
1158750 1309.8
1158760 1309.8
1158770 1305.0
1158780 1300.5
1158790 1300.5
1158800 1296.8
1158810 1293.0
1158820 1293.0
1158830 1288.4
1158840 1282.3
1158850 1282.3
1158860 1274.6
1158870 1267.7
1158880 1267.7
1158890 1261.3
1158900 1254.7
1158910 1254.7
1158920 1248.2
1158930 1242.5
1158940 1235.6
1158950 1235.6
1158960 1231.4
1158970 1228.5
1158980 1228.5
1158990 1227.6
1159000 1227.1
1159010 1227.1
1159020 1229.2
1159030 1224.7
1159040 1224.7
1159050 1220.2
1159060 1216.1
1159070 1216.1
1159080 1212.1
1159090 1206.3
1159100 1206.3
1159110 1199.1
1159120 1192.4
1159130 1192.4
1159140 1186.2
1159150 1182.2
1159160 1179.6
1159170 1179.6
1159180 1178.0
1159190 1176.5
1159200 1176.5
1159210 1174.8
1159220 1172.1
1159230 1172.1
1159240 1169.5
1159250 1168.4
1159260 1168.4
1159270 1166.7
1159280 1161.4
1159290 1161.4
1159300 1159.3
1159310 1157.5
1159320 1157.5
1159330 1156.6
1159340 1156.6
1159350 1156.6
1159360 1157.1
1159370 1157.4
1159380 1157.4
1159390 1157.6
1159400 1156.1
1159410 1150.2
1159420 1150.2
1159430 1148.2
1159440 1149.1
1159450 1149.1
1159460 1153.3
1159470 1157.5
1159480 1157.5
1159490 1156.9
1159500 1156.1
1159510 1156.1
1159520 1155.5
1159530 1154.7
1159540 1154.7
1159550 1153.4
1159560 1151.8
1159570 1151.8
1159580 1150.5
1159590 1148.8
1159600 1148.8
1159610 1143.8
1159620 1137.1
1159630 1131.3
1159640 1131.3
1159650 1124.7
1159660 1117.8
1159670 1117.8
1159680 1115.4
1159690 1113.9
1159700 1113.9
1159710 1107.8
1159720 1102.6
1159730 1102.6
1159740 1100.6
1159750 1101.3
1159760 1101.3
1159770 1105.5
1159780 1107.7
1159790 1107.7
1159800 1111.1
1159810 1117.2
1159820 1117.2
1159830 1124.1
1159840 1130.3
1159850 1130.3
1159860 1135.2
1159870 1139.7
1159880 1143.9
1159890 1143.9
1159900 1146.1
1159910 1148.0
1159920 1148.0
1159930 1150.8
1159940 1153.9
1159950 1153.9
1159960 1156.8
1159970 1159.6
1159980 1159.6
1159990 1162.7
