1140000 1794.5
1140010 1788.4
1140020 1784.0
1140030 1784.0
1140040 1780.3
1140050 1775.7
1140060 1775.7
1140070 1770.8
1140080 1766.1
1140090 1766.1
1140100 1760.8
1140110 1755.6
1140120 1755.6
1140130 1750.9
1140140 1746.6
1140150 1746.6
1140160 1741.6
1140170 1736.5
1140180 1736.5
1140190 1731.4
1140200 1726.6
1140210 1722.3
1140220 1721.5
1140230 1717.2
1140240 1713.1
1140250 1713.1
1140260 1709.5
1140270 1706.1
1140280 1706.1
1140290 1702.9
1140300 1700.4
1140310 1700.4
1140320 1698.3
1140330 1694.6
1140340 1694.6
1140350 1692.3
1140360 1688.4
1140370 1688.4
1140380 1684.8
1140390 1678.9
1140400 1678.9
1140410 1675.3
1140420 1671.0
1140430 1663.8
1140440 1663.8
1140450 1663.5
1140460 1669.5
1140470 1669.5
1140480 1672.6
1140490 1676.1
1140500 1676.1
1140510 1677.6
1140520 1677.6
1140530 1677.6
1140540 1677.9
1140550 1679.7
1140560 1679.7
1140570 1684.6
1140580 1690.4
1140590 1691.3
1140600 1694.2
1140610 1698.5
1140620 1698.5
1140630 1704.5
1140640 1709.7
1140650 1709.7
1140660 1716.1
1140670 1722.1
1140680 1727.3
1140690 1727.3
1140700 1732.1
1140710 1736.6
1140720 1736.6
1140730 1740.2
1140740 1743.3
1140750 1743.3
1140760 1746.0
1140770 1748.6
1140780 1748.6
1140790 1750.9
1140800 1753.0
1140810 1753.0
1140820 1754.7
1140830 1756.4
1140840 1756.4
1140850 1758.0
1140860 1759.4
1140870 1759.4
1140880 1760.6
1140890 1760.9
1140900 1760.9
1140910 1762.5
1140920 1763.7
1140930 1763.7
1140940 1763.7
1140950 1764.3
1140960 1762.4
1140970 1762.4
1140980 1763.0
1140990 1763.3
1141000 1763.3
1141010 1764.1
1141020 1764.7
1141030 1764.7
1141040 1764.7
1141050 1764.9
1141060 1764.9
1141070 1765.7
1141080 1765.7
1141090 1765.7
1141100 1765.7
1141110 1765.3
1141120 1765.3
1141130 1764.5
1141140 1764.4
1141150 1763.9
1141160 1763.9
1141170 1763.3
1141180 1762.8
1141190 1762.8
1141200 1762.5
1141210 1761.8
1141220 1761.8
1141230 1761.7
1141240 1761.8
1141250 1761.8
1141260 1762.5
1141270 1761.3
1141280 1761.3
1141290 1756.6
1141300 1753.5
1141310 1753.5
1141320 1751.0
1141330 1746.6
1141340 1746.6
1141350 1744.3
1141360 1739.4
1141370 1739.4
1141380 1733.9
1141390 1728.8
1141400 1726.7
1141410 1726.7
1141420 1726.0
1141430 1723.8
1141440 1723.8
1141450 1719.8
1141460 1718.3
1141470 1718.3
1141480 1720.1
1141490 1723.1
1141500 1723.1
1141510 1725.9
1141520 1726.4
1141530 1726.4
1141540 1723.6
1141550 1720.1
1141560 1720.1
1141570 1718.4
1141580 1716.4
1141590 1716.4
1141600 1714.6
1141610 1712.5
1141620 1712.1
1141630 1712.1
1141640 1713.4
1141650 1714.6
1141660 1714.6
1141670 1713.9
1141680 1713.0
1141690 1713.0
1141700 1707.7
1141710 1707.9
1141720 1707.9
1141730 1709.0
1141740 1708.6
1141750 1708.6
1141760 1707.9
1141770 1706.6
1141780 1706.6
1141790 1704.6
1141800 1702.1
1141810 1702.1
1141820 1699.5
1141830 1696.8
1141840 1696.8
1141850 1694.4
1141860 1690.9
1141870 1685.9
1141880 1685.9
1141890 1678.1
1141900 1667.7
1141910 1667.7
1141920 1660.4
1141930 1654.7
1141940 1654.7
1141950 1648.2
1141960 1641.9
1141970 1641.9
1141980 1634.4
1141990 1625.9
1142000 1625.9
1142010 1616.1
1142020 1606.7
1142030 1606.7
1142040 1598.6
1142050 1591.1
1142060 1591.1
1142070 1583.1
1142080 1576.7
1142090 1569.7
1142100 1569.7
1142110 1564.1
1142120 1557.9
1142130 1557.9
1142140 1551.5
1142150 1545.2
1142160 1545.2
1142170 1536.9
1142180 1530.3
1142190 1530.3
1142200 1525.9
1142210 1522.6
1142220 1522.6
1142230 1519.8
1142240 1517.3
1142250 1517.3
1142260 1514.7
1142270 1512.3
1142280 1512.3
1142290 1509.7
1142300 1506.9
1142310 1506.9
1142320 1503.8
1142330 1500.7
1142340 1498.2
1142350 1498.2
1142360 1495.0
1142370 1491.6
1142380 1491.6
1142390 1488.3
1142400 1484.5
1142410 1484.5
1142420 1479.9
1142430 1474.3
1142440 1473.9
1142450 1470.0
1142460 1465.8
1142470 1465.8
1142480 1461.3
1142490 1457.0
1142500 1457.0
1142510 1453.7
1142520 1450.4
1142530 1450.4
1142540 1447.2
1142550 1444.3
1142560 1441.8
1142570 1441.8
1142580 1438.6
1142590 1435.8
1142600 1435.8
1142610 1434.1
1142620 1432.5
1142630 1432.5
1142640 1429.0
1142650 1425.2
1142660 1425.2
1142670 1420.4
1142680 1415.3
1142690 1415.3
1142700 1412.6
1142710 1410.6
1142720 1410.6
1142730 1407.9
1142740 1405.1
1142750 1405.1
1142760 1402.0
1142770 1398.1
1142780 1398.1
1142790 1393.3
1142800 1388.1
1142810 1382.3
1142820 1382.3
1142830 1378.3
1142840 1374.2
1142850 1374.2
1142860 1370.2
1142870 1365.5
1142880 1365.5
1142890 1361.4
1142900 1357.8
1142910 1357.8
1142920 1354.4
1142930 1351.5
1142940 1351.5
1142950 1348.9
1142960 1346.6
1142970 1346.6
1142980 1344.6
1142990 1342.9
1143000 1342.9
1143010 1341.2
1143020 1339.3
1143030 1339.3
1143040 1337.4
1143050 1335.3
1143060 1333.4
1143070 1333.4
1143080 1331.7
1143090 1329.9
1143100 1329.9
1143110 1328.0
1143120 1326.3
1143130 1326.3
1143140 1324.6
1143150 1322.4
1143160 1322.4
1143170 1320.1
1143180 1317.9
1143190 1317.6
1143200 1315.9
1143210 1314.3
1143220 1314.3
1143230 1312.9
1143240 1311.4
1143250 1311.4
1143260 1309.7
1143270 1307.7
1143280 1306.0
1143290 1306.0
1143300 1304.4
1143310 1302.9
1143320 1302.9
1143330 1301.7
1143340 1300.5
1143350 1300.5
1143360 1299.2
1143370 1298.0
1143380 1298.0
1143390 1296.8
1143400 1295.7
1143410 1295.7
1143420 1294.6
1143430 1293.5
1143440 1293.5
1143450 1292.4
1143460 1291.2
1143470 1291.2
1143480 1290.1
1143490 1289.4
1143500 1289.4
1143510 1288.5
1143520 1287.3
1143530 1286.3
1143540 1286.3
1143550 1285.7
1143560 1283.8
1143570 1283.8
1143580 1282.4
1143590 1281.5
1143600 1281.5
1143610 1281.2
1143620 1281.4
1143630 1281.4
1143640 1281.0
1143650 1280.1
1143660 1280.1
1143670 1279.9
1143680 1279.9
1143690 1279.9
1143700 1280.5
1143710 1282.1
1143720 1282.1
1143730 1282.6
1143740 1280.8
1143750 1280.4
1143760 1280.4
1143770 1278.8
1143780 1277.2
1143790 1277.2
1143800 1276.6
1143810 1276.3
1143820 1276.3
1143830 1276.1
1143840 1275.8
1143850 1275.8
1143860 1275.5
1143870 1275.2
1143880 1275.2
1143890 1275.0
1143900 1275.0
1143910 1275.0
1143920 1275.1
1143930 1274.1
1143940 1274.1
1143950 1272.5
1143960 1270.7
1143970 1270.7
1143980 1270.0
1143990 1269.8
1144000 1270.2
1144010 1270.2
1144020 1270.9
1144030 1271.4
1144040 1271.4
1144050 1271.8
1144060 1272.3
1144070 1272.3
1144080 1272.8
1144090 1273.2
1144100 1273.2
1144110 1273.5
1144120 1273.9
1144130 1273.9
1144140 1274.1
1144150 1273.9
1144160 1273.9
1144170 1273.4
1144180 1272.6
1144190 1272.6
1144200 1271.6
1144210 1270.5
1144220 1269.5
1144230 1269.5
1144240 1268.4
1144250 1267.3
1144260 1267.3
1144270 1266.7
1144280 1266.4
1144290 1266.4
1144300 1266.8
1144310 1266.3
1144320 1266.3
1144330 1266.1
1144340 1266.3
1144350 1266.3
1144360 1266.6
1144370 1266.8
1144380 1266.8
1144390 1267.0
1144400 1266.6
1144410 1266.6
1144420 1266.4
1144430 1266.0
1144440 1266.0
1144450 1265.5
1144460 1264.9
1144470 1264.5
1144480 1264.5
1144490 1264.3
1144500 1264.1
1144510 1264.1
1144520 1264.4
1144530 1264.9
1144540 1264.9
1144550 1265.4
1144560 1265.9
1144570 1265.9
1144580 1266.0
1144590 1266.1
1144600 1266.1
1144610 1267.0
1144620 1268.4
1144630 1268.4
1144640 1269.8
1144650 1270.2
1144660 1270.2
1144670 1269.2
1144680 1274.7
1144690 1278.8
1144700 1278.8
1144710 1284.8
1144720 1291.6
1144730 1291.6
1144740 1298.9
1144750 1303.4
1144760 1303.4
1144770 1306.8
1144780 1309.8
1144790 1309.8
1144800 1313.0
1144810 1317.2
1144820 1317.2
1144830 1321.9
1144840 1327.0
1144850 1327.0
1144860 1331.6
1144870 1335.1
1144880 1335.1
1144890 1337.5
1144900 1340.7
1144910 1340.7
1144920 1346.7
1144930 1353.2
1144940 1357.7
1144950 1357.7
1144960 1361.1
1144970 1364.1
1144980 1364.1
1144990 1366.0
1145000 1368.8
1145010 1368.8
1145020 1372.8
1145030 1377.3
1145040 1377.3
1145050 1384.8
1145060 1387.9
1145070 1387.9
1145080 1391.0
1145090 1395.2
1145100 1395.2
1145110 1399.0
1145120 1402.5
1145130 1402.5
1145140 1406.2
1145150 1410.1
1145160 1410.1
1145170 1414.2
1145180 1418.3
1145190 1421.5
1145200 1421.5
1145210 1422.9
1145220 1422.2
1145230 1422.2
1145240 1423.2
1145250 1427.0
1145260 1427.0
1145270 1430.3
1145280 1430.2
1145290 1430.2
1145300 1429.8
1145310 1430.1
1145320 1430.1
1145330 1430.4
1145340 1431.0
1145350 1431.0
1145360 1431.7
1145370 1431.2
1145380 1431.2
1145390 1429.7
1145400 1429.5
1145410 1429.7
1145420 1433.5
1145430 1434.3
1145440 1436.6
1145450 1436.6
1145460 1439.8
1145470 1441.4
1145480 1441.4
1145490 1445.1
1145500 1448.8
1145510 1448.8
1145520 1448.8
1145530 1449.2
1145540 1449.2
1145550 1450.3
1145560 1452.7
1145570 1452.7
1145580 1454.6
1145590 1456.4
1145600 1456.4
1145610 1456.8
1145620 1461.1
1145630 1461.1
1145640 1464.5
1145650 1466.6
1145660 1466.7
1145670 1466.7
1145680 1465.5
1145690 1466.1
1145700 1466.1
1145710 1467.8
1145720 1469.6
1145730 1469.6
1145740 1468.6
1145750 1467.4
1145760 1467.4
1145770 1467.3
1145780 1468.4
1145790 1468.4
1145800 1476.1
1145810 1476.8
1145820 1476.8
1145830 1476.8
1145840 1476.3
1145850 1476.3
1145860 1476.7
1145870 1481.7
1145880 1487.6
1145890 1487.6
1145900 1492.9
1145910 1495.5
1145920 1495.5
1145930 1496.0
1145940 1495.1
1145950 1495.1
1145960 1491.9
1145970 1486.3
1145980 1486.3
1145990 1480.2
1146000 1474.3
1146010 1474.3
1146020 1468.7
1146030 1464.7
1146040 1464.7
1146050 1467.7
1146060 1473.7
1146070 1473.7
1146080 1481.5
1146090 1490.1
1146100 1490.1
1146110 1497.5
1146120 1500.3
1146130 1500.1
1146140 1500.1
1146150 1500.6
1146160 1499.9
1146170 1507.7
1146180 1501.8
1146190 1504.3
1146200 1504.3
1146210 1506.8
1146220 1506.8
1146230 1506.8
1146240 1505.5
1146250 1500.5
1146260 1500.5
1146270 1496.0
1146280 1491.9
1146290 1491.9
1146300 1492.9
1146310 1496.3
1146320 1496.3
1146330 1502.5
1146340 1506.5
1146350 1507.1
1146360 1507.1
1146370 1507.2
1146380 1507.9
1146390 1507.9
1146400 1508.5
1146410 1509.9
1146420 1509.9
1146430 1513.2
1146440 1513.9
1146450 1513.9
1146460 1514.4
1146470 1514.9
1146480 1514.9
1146490 1514.8
1146500 1514.3
1146510 1514.3
1146520 1514.3
1146530 1513.3
1146540 1513.3
1146550 1516.9
1146560 1514.5
1146570 1514.5
1146580 1512.2
1146590 1511.5
1146600 1510.5
1146610 1510.5
1146620 1508.4
1146630 1508.2
1146640 1508.2
1146650 1510.6
1146660 1511.1
1146670 1511.1
1146680 1509.9
1146690 1509.8
1146700 1509.8
1146710 1508.0
1146720 1506.3
1146730 1506.3
1146740 1504.2
1146750 1503.6
1146760 1503.6
1146770 1503.8
1146780 1504.0
1146790 1504.0
1146800 1503.8
1146810 1501.9
1146820 1499.5
1146830 1499.5
1146840 1497.7
1146850 1496.2
1146860 1496.2
1146870 1495.0
1146880 1494.1
1146890 1494.1
1146900 1495.1
1146910 1495.1
1146920 1495.1
1146930 1498.2
1146940 1497.1
1146950 1497.1
1146960 1495.6
1146970 1495.4
1146980 1495.4
1146990 1495.2
1147000 1493.9
1147010 1493.9
1147020 1493.8
1147030 1495.0
1147040 1495.0
1147050 1497.1
1147060 1498.8
1147070 1500.1
1147080 1500.1
1147090 1499.6
1147100 1494.3
1147110 1494.3
1147120 1487.4
1147130 1482.1
1147140 1482.1
1147150 1473.4
1147160 1463.4
1147170 1463.4
1147180 1453.2
1147190 1442.9
1147200 1442.9
1147210 1434.9
1147220 1430.4
1147230 1430.4
1147240 1436.9
1147250 1448.7
1147260 1448.7
1147270 1461.7
1147280 1468.8
1147290 1468.8
1147300 1483.9
1147310 1490.9
1147320 1496.0
1147330 1496.0
1147340 1501.1
1147350 1506.3
1147360 1506.3
1147370 1511.3
1147380 1516.9
1147390 1516.9
1147400 1523.3
1147410 1528.9
1147420 1528.9
1147430 1532.7
1147440 1535.5
1147450 1535.5
1147460 1537.4
1147470 1538.5
1147480 1538.5
1147490 1540.1
1147500 1542.0
1147510 1542.0
1147520 1543.5
1147530 1542.6
1147540 1537.9
1147550 1537.9
1147560 1533.2
1147570 1526.9
1147580 1526.9
1147590 1519.9
1147600 1512.6
1147610 1512.6
1147620 1504.2
1147630 1497.9
1147640 1497.9
1147650 1496.4
1147660 1497.2
1147670 1497.2
1147680 1507.1
1147690 1509.6
1147700 1509.6
1147710 1511.0
1147720 1514.9
1147730 1514.9
1147740 1521.7
1147750 1529.3
1147760 1529.3
1147770 1531.3
1147780 1525.6
1147790 1518.9
1147800 1518.9
1147810 1512.4
1147820 1507.9
1147830 1507.9
1147840 1504.7
1147850 1501.5
1147860 1501.5
1147870 1500.2
1147880 1512.4
1147890 1512.4
1147900 1522.7
1147910 1529.6
1147920 1529.6
1147930 1535.2
1147940 1539.8
1147950 1539.8
1147960 1543.7
1147970 1546.5
1147980 1546.5
1147990 1549.0
1148000 1552.4
1148010 1556.2
1148020 1556.2
1148030 1558.6
1148040 1561.0
1148050 1561.0
1148060 1568.9
1148070 1570.8
1148080 1570.8
1148090 1573.1
1148100 1576.1
1148110 1576.1
1148120 1578.6
1148130 1581.5
1148140 1581.5
1148150 1584.2
1148160 1587.9
1148170 1587.9
1148180 1591.9
1148190 1594.9
1148200 1594.9
1148210 1597.8
1148220 1601.0
1148230 1601.0
1148240 1604.2
1148250 1607.8
1148260 1611.1
1148270 1611.1
1148280 1613.4
1148290 1615.5
1148300 1615.5
1148310 1618.1
1148320 1620.6
1148330 1620.6
1148340 1622.6
1148350 1625.7
1148360 1625.7
1148370 1628.0
1148380 1629.1
1148390 1629.1
1148400 1630.3
1148410 1631.7
1148420 1631.7
1148430 1636.7
1148440 1637.3
1148450 1637.3
1148460 1638.4
1148470 1639.4
1148480 1639.9
1148490 1639.9
1148500 1640.4
1148510 1640.7
1148520 1640.7
1148530 1640.1
1148540 1639.2
1148550 1639.2
1148560 1638.7
1148570 1638.4
1148580 1638.4
1148590 1638.4
1148600 1638.3
1148610 1638.3
1148620 1638.0
1148630 1636.6
1148640 1636.6
1148650 1633.4
1148660 1628.9
1148670 1628.9
1148680 1622.1
1148690 1615.7
1148700 1615.7
1148710 1609.4
1148720 1602.9
1148730 1596.2
1148740 1596.2
1148750 1589.4
1148760 1582.2
1148770 1582.2
1148780 1573.1
1148790 1574.4
1148800 1574.4
1148810 1589.7
1148820 1599.4
1148830 1599.4
1148840 1607.8
1148850 1616.0
1148860 1616.0
1148870 1624.0
1148880 1631.6
1148890 1631.6
1148900 1639.0
1148910 1646.6
1148920 1646.6
1148930 1654.1
1148940 1660.8
1148950 1667.6
1148960 1667.6
1148970 1673.9
1148980 1678.3
1148990 1678.3
1149000 1680.7
1149010 1682.3
1149020 1682.3
1149030 1683.5
1149040 1684.3
1149050 1684.3
1149060 1685.5
1149070 1687.5
1149080 1687.5
1149090 1689.5
1149100 1690.9
1149110 1690.9
1149120 1691.1
1149130 1689.7
1149140 1689.7
1149150 1688.7
1149160 1691.5
1149170 1691.5
1149180 1692.9
1149190 1698.1
1149200 1699.2
1149210 1699.2
1149220 1699.8
1149230 1699.4
1149240 1699.4
1149250 1701.2
1149260 1703.8
1149270 1703.8
1149280 1705.3
1149290 1706.6
1149300 1706.6
1149310 1707.3
1149320 1707.9
1149330 1707.9
1149340 1708.6
1149350 1708.0
1149360 1708.0
1149370 1707.8
1149380 1709.0
1149390 1709.0
1149400 1710.0
1149410 1710.9
1149420 1710.9
1149430 1711.6
1149440 1712.7
1149450 1713.6
1149460 1713.6
1149470 1715.0
1149480 1715.5
1149490 1715.5
1149500 1715.9
1149510 1717.2
1149520 1717.2
1149530 1718.0
1149540 1718.3
1149550 1718.3
1149560 1718.7
1149570 1723.0
1149580 1723.0
1149590 1723.1
1149600 1723.2
1149610 1723.2
1149620 1723.9
1149630 1725.1
1149640 1725.1
1149650 1726.5
1149660 1727.8
1149670 1728.1
1149680 1728.1
1149690 1728.2
1149700 1729.1
1149710 1729.1
1149720 1730.4
1149730 1731.4
1149740 1731.4
1149750 1730.5
1149760 1727.6
1149770 1727.6
1149780 1723.4
1149790 1718.3
1149800 1718.3
1149810 1713.4
1149820 1708.2
1149830 1708.2
1149840 1705.5
1149850 1705.6
1149860 1705.6
1149870 1707.0
1149880 1706.6
1149890 1706.6
1149900 1705.1
1149910 1707.3
1149920 1709.6
1149930 1709.6
1149940 1711.4
1149950 1722.1
1149960 1722.1
1149970 1724.3
1149980 1727.4
1149990 1727.4
1150000 1729.5
1150010 1733.1
1150020 1733.1
1150030 1736.8
1150040 1738.6
1150050 1738.6
1150060 1737.1
1150070 1736.4
1150080 1736.4
1150090 1737.5
1150100 1738.0
1150110 1738.0
1150120 1738.3
1150130 1739.6
1150140 1741.5
1150150 1741.5
1150160 1743.0
1150170 1742.5
1150180 1742.5
1150190 1743.3
1150200 1743.3
1150210 1743.3
1150220 1741.9
1150230 1739.9
1150240 1739.9
1150250 1738.7
1150260 1737.9
1150270 1737.9
1150280 1735.2
1150290 1730.3
1150300 1730.3
1150310 1727.4
1150320 1726.5
1150330 1733.6
1150340 1733.8
1150350 1735.1
1150360 1735.1
1150370 1735.9
1150380 1736.2
1150390 1737.8
1150400 1737.8
1150410 1739.5
1150420 1740.9
1150430 1740.9
1150440 1741.8
1150450 1743.1
1150460 1743.1
1150470 1745.1
1150480 1747.0
1150490 1747.0
1150500 1749.0
1150510 1751.1
1150520 1751.1
1150530 1752.0
1150540 1750.9
1150550 1750.9
1150560 1750.2
1150570 1749.5
1150580 1749.5
1150590 1749.8
1150600 1750.9
1150610 1750.0
1150620 1750.0
1150630 1747.1
1150640 1742.1
1150650 1742.1
1150660 1735.8
1150670 1728.9
1150680 1728.9
1150690 1721.4
1150700 1713.9
1150710 1711.0
1150720 1705.7
1150730 1700.7
1150740 1700.7
1150750 1696.2
1150760 1691.8
1150770 1691.8
1150780 1686.0
1150790 1678.7
1150800 1678.7
1150810 1671.1
1150820 1663.4
1150830 1663.4
1150840 1656.5
1150850 1648.4
1150860 1639.0
1150870 1639.0
1150880 1631.7
1150890 1624.9
1150900 1624.9
1150910 1618.5
1150920 1612.3
1150930 1612.3
1150940 1606.0
1150950 1601.0
1150960 1601.0
1150970 1595.7
1150980 1590.1
1150990 1590.1
1151000 1585.1
1151010 1580.6
1151020 1580.6
1151030 1575.7
1151040 1570.4
1151050 1570.4
1151060 1565.2
1151070 1557.7
1151080 1547.5
1151090 1547.3
1151100 1539.1
1151110 1532.4
1151120 1532.4
1151130 1526.7
1151140 1521.6
1151150 1521.6
1151160 1517.2
1151170 1510.4
1151180 1510.4
1151190 1501.8
1151200 1494.6
1151210 1494.6
1151220 1487.5
1151230 1481.3
1151240 1481.3
1151250 1476.5
1151260 1472.2
1151270 1472.2
1151280 1466.9
1151290 1461.2
1151300 1461.2
1151310 1455.0
1151320 1449.2
1151330 1444.5
1151340 1444.5
1151350 1440.3
1151360 1436.6
1151370 1436.6
1151380 1432.8
1151390 1428.4
1151400 1428.4
1151410 1425.0
1151420 1421.8
1151430 1421.8
1151440 1417.9
1151450 1411.7
1151460 1411.7
1151470 1407.4
1151480 1402.0
1151490 1402.0
1151500 1396.3
1151510 1392.3
1151520 1392.3
1151530 1386.1
1151540 1380.5
1151550 1374.4
1151560 1374.4
1151570 1368.4
1151580 1364.5
1151590 1364.5
1151600 1363.5
1151610 1370.3
1151620 1370.3
1151630 1379.7
1151640 1385.9
1151650 1385.9
1151660 1391.7
1151670 1398.3
1151680 1398.3
1151690 1407.3
1151700 1414.3
1151710 1414.3
1151720 1421.2
1151730 1428.8
1151740 1428.8
1151750 1438.3
1151760 1449.9
1151770 1449.9
1151780 1462.2
1151790 1472.6
1151800 1481.7
1151810 1481.7
1151820 1490.2
1151830 1499.0
1151840 1499.0
1151850 1513.9
1151860 1523.8
1151870 1523.8
1151880 1531.7
1151890 1539.7
1151900 1539.7
1151910 1548.0
1151920 1556.4
1151930 1556.4
1151940 1563.3
1151950 1569.7
1151960 1569.7
1151970 1580.0
1151980 1592.7
1151990 1592.7
1152000 1599.3
1152010 1604.0
1152020 1604.0
1152030 1609.9
1152040 1612.2
1152050 1615.0
1152060 1615.0
1152070 1620.9
1152080 1629.0
1152090 1629.0
1152100 1638.4
1152110 1644.3
1152120 1644.3
1152130 1649.4
1152140 1654.7
1152150 1654.7
1152160 1660.6
1152170 1666.4
1152180 1666.4
1152190 1671.6
1152200 1676.4
1152210 1676.4
1152220 1680.8
1152230 1688.6
1152240 1688.6
1152250 1693.8
1152260 1699.0
1152270 1703.8
1152280 1703.8
1152290 1708.4
1152300 1712.9
1152310 1712.9
1152320 1717.0
1152330 1721.2
1152340 1721.2
1152350 1725.6
1152360 1729.4
1152370 1729.4
1152380 1733.0
1152390 1737.3
1152400 1737.3
1152410 1741.0
1152420 1745.5
1152430 1745.5
1152440 1750.2
1152450 1755.4
1152460 1755.4
1152470 1760.9
1152480 1766.5
1152490 1766.5
1152500 1771.3
1152510 1776.4
1152520 1780.9
1152530 1780.9
1152540 1785.0
1152550 1788.1
1152560 1788.1
1152570 1788.7
1152580 1789.6
1152590 1789.6
1152600 1792.7
1152610 1799.4
1152620 1799.4
1152630 1802.0
1152640 1804.6
1152650 1804.6
1152660 1807.2
1152670 1810.1
1152680 1810.1
1152690 1812.5
1152700 1814.4
1152710 1814.4
1152720 1815.8
1152730 1818.2
1152740 1820.4
1152750 1820.4
1152760 1822.6
1152770 1825.3
1152780 1825.3
1152790 1828.4
1152800 1831.5
1152810 1831.5
1152820 1834.6
1152830 1837.6
1152840 1837.6
1152850 1840.7
1152860 1843.1
1152870 1843.1
1152880 1845.4
1152890 1847.6
1152900 1847.6
1152910 1850.2
1152920 1852.8
1152930 1852.8
1152940 1855.3
1152950 1857.7
1152960 1857.7
1152970 1860.1
1152980 1863.3
1152990 1866.6
1153000 1871.5
1153010 1874.8
1153020 1878.4
1153030 1878.4
1153040 1882.1
1153050 1885.6
1153060 1885.6
1153070 1889.6
1153080 1893.0
1153090 1893.0
1153100 1895.8
1153110 1898.6
1153120 1898.6
1153130 1900.9
1153140 1902.8
1153150 1902.8
1153160 1904.9
1153170 1908.8
1153180 1908.8
1153190 1911.8
1153200 1913.8
1153210 1915.4
1153220 1915.4
1153230 1917.9
1153240 1920.1
1153250 1920.1
1153260 1921.6
1153270 1923.0
1153280 1923.0
1153290 1924.4
1153300 1924.5
1153310 1924.5
1153320 1923.7
1153330 1922.4
1153340 1922.4
1153350 1920.8
1153360 1918.8
1153370 1918.8
1153380 1921.8
1153390 1920.3
1153400 1920.3
1153410 1918.4
1153420 1913.4
1153430 1913.4
1153440 1911.2
1153450 1916.4
1153460 1921.5
1153470 1921.5
1153480 1923.9
1153490 1926.0
1153500 1926.0
1153510 1928.1
1153520 1929.8
1153530 1929.8
1153540 1930.4
1153550 1933.1
1153560 1933.1
1153570 1934.2
1153580 1933.2
1153590 1933.2
1153600 1934.9
1153610 1938.1
1153620 1938.1
1153630 1940.1
1153640 1942.4
1153650 1942.4
1153660 1944.6
1153670 1946.0
1153680 1947.0
1153690 1947.0
1153700 1947.5
1153710 1947.6
1153720 1947.6
1153730 1947.7
1153740 1947.7
1153750 1947.7
1153760 1951.6
1153770 1950.1
1153780 1950.1
1153790 1948.6
1153800 1946.6
1153810 1946.6
1153820 1945.0
1153830 1943.0
1153840 1943.0
1153850 1940.5
1153860 1937.7
1153870 1937.7
1153880 1934.4
1153890 1930.4
1153900 1930.4
1153910 1925.9
1153920 1920.3
1153930 1914.8
1153940 1914.8
1153950 1907.9
1153960 1901.8
1153970 1901.8
1153980 1897.1
1153990 1893.1
1154000 1893.1
1154010 1889.6
1154020 1887.5
1154030 1887.5
1154040 1885.7
1154050 1882.9
1154060 1882.9
1154070 1880.2
1154080 1877.4
1154090 1877.4
1154100 1871.8
1154110 1865.0
1154120 1865.0
1154130 1858.5
1154140 1851.8
1154150 1857.3
1154160 1850.5
1154170 1844.7
1154180 1839.9
1154190 1839.9
1154200 1835.7
1154210 1832.5
1154220 1832.5
1154230 1825.0
1154240 1826.3
1154250 1826.3
1154260 1827.7
1154270 1827.5
1154280 1827.5
1154290 1829.8
1154300 1832.6
1154310 1832.6
1154320 1833.4
1154330 1832.8
1154340 1832.8
1154350 1833.1
1154360 1832.5
1154370 1832.5
1154380 1830.4
1154390 1829.4
1154400 1828.6
1154410 1828.6
1154420 1828.0
1154430 1831.2
1154440 1831.2
1154450 1834.8
1154460 1840.1
1154470 1840.1
1154480 1847.5
1154490 1855.6
1154500 1855.6
1154510 1862.3
1154520 1867.7
1154530 1867.4
1154540 1871.4
1154550 1875.3
1154560 1875.3
1154570 1878.8
1154580 1882.6
1154590 1882.6
1154600 1887.2
1154610 1892.6
1154620 1892.6
1154630 1897.7
1154640 1901.5
1154650 1905.4
1154660 1905.4
1154670 1909.0
1154680 1912.7
1154690 1912.7
1154700 1915.6
1154710 1918.5
1154720 1918.5
1154730 1921.3
1154740 1924.0
1154750 1924.0
1154760 1926.8
1154770 1930.2
1154780 1930.2
1154790 1934.3
1154800 1938.8
1154810 1938.8
1154820 1944.1
1154830 1949.2
1154840 1949.2
1154850 1954.3
1154860 1959.5
1154870 1965.1
1154880 1965.1
1154890 1971.3
1154900 1977.6
1154910 1977.6
1154920 1982.8
1154930 1987.8
1154940 1987.8
1154950 1992.8
1154960 1998.0
1154970 1998.0
1154980 2003.4
1154990 2008.1
1155000 2008.1
1155010 2012.3
1155020 2015.7
1155030 2015.7
1155040 2017.8
1155050 2019.0
1155060 2019.0
1155070 2019.8
1155080 2020.4
1155090 2020.4
1155100 2020.1
1155110 2020.0
1155120 2019.9
1155130 2019.9
1155140 2019.3
1155150 2017.0
1155160 2017.0
1155170 2013.6
1155180 2009.6
1155190 2009.6
1155200 2004.8
1155210 2000.1
1155220 2000.1
1155230 1996.2
1155240 1992.5
1155250 1992.5
1155260 1988.2
1155270 1984.3
1155280 1984.3
1155290 1980.8
1155300 1984.0
1155310 1984.0
1155320 1984.3
1155330 1984.6
1155340 1983.6
1155350 1983.6
1155360 1982.2
1155370 1980.8
1155380 1980.8
1155390 1978.3
1155400 1976.9
1155410 1976.9
1155420 1979.4
1155430 1980.1
1155440 1980.1
1155450 1980.5
1155460 1981.7
1155470 1981.7
1155480 1983.3
1155490 1984.8
1155500 1984.8
1155510 1985.6
1155520 1986.7
1155530 1986.7
1155540 1987.8
1155550 1989.3
1155560 1989.3
1155570 1991.1
1155580 1993.3
1155590 1995.5
1155600 1995.5
1155610 1997.4
1155620 1999.4
1155630 1999.4
1155640 2001.2
1155650 2002.9
1155660 2002.9
1155670 2004.6
1155680 2006.4
1155690 2014.1
1155700 2014.4
1155710 2015.4
1155720 2015.4
1155730 2016.8
1155740 2017.7
1155750 2017.7
1155760 2018.2
1155770 2017.9
1155780 2017.9
1155790 2018.2
1155800 2018.7
1155810 2018.0
1155820 2018.0
1155830 2012.0
1155840 2010.9
1155850 2010.9
1155860 2019.1
1155870 2024.1
1155880 2024.1
1155890 2026.6
1155900 2029.4
1155910 2029.4
1155920 2032.4
1155930 2034.5
1155940 2034.5
1155950 2036.2
1155960 2037.4
1155970 2037.4
1155980 2037.8
1155990 2037.0
1156000 2037.0
1156010 2041.7
1156020 2045.2
1156030 2045.2
1156040 2047.6
1156050 2050.2
1156060 2053.0
1156070 2060.9
1156080 2064.6
1156090 2068.8
1156100 2068.8
1156110 2072.9
1156120 2077.4
1156130 2077.4
1156140 2081.3
1156150 2085.2
1156160 2085.2
1156170 2089.2
1156180 2092.4
1156190 2092.4
1156200 2094.6
1156210 2096.8
1156220 2096.8
1156230 2098.5
1156240 2100.0
1156250 2100.0
1156260 2101.2
1156270 2102.0
1156280 2103.0
1156290 2103.0
1156300 2102.0
1156310 2098.8
1156320 2098.8
1156330 2091.8
1156340 2087.6
1156350 2087.6
1156360 2075.3
1156370 2063.4
1156380 2063.4
1156390 2053.5
1156400 2050.4
1156410 2050.4
1156420 2049.3
1156430 2048.3
1156440 2048.3
1156450 2048.3
1156460 2054.2
1156470 2054.2
1156480 2054.2
1156490 2055.9
1156500 2055.9
1156510 2058.2
1156520 2059.7
1156530 2061.6
1156540 2061.6
1156550 2064.9
1156560 2069.2
1156570 2069.2
1156580 2072.7
1156590 2077.1
1156600 2077.1
1156610 2083.9
1156620 2090.4
1156630 2090.4
1156640 2091.3
1156650 2091.3
1156660 2091.3
1156670 2090.5
1156680 2089.8
1156690 2089.8
1156700 2089.5
1156710 2089.6
1156720 2089.6
1156730 2089.7
1156740 2089.5
1156750 2088.3
1156760 2088.3
1156770 2086.0
1156780 2082.6
1156790 2082.6
1156800 2078.2
1156810 2073.0
1156820 2073.0
1156830 2067.0
1156840 2060.0
1156850 2060.9
1156860 2052.1
1156870 2043.5
1156880 2043.5
1156890 2035.9
1156900 2029.5
1156910 2029.5
1156920 2024.1
1156930 2019.3
1156940 2019.3
1156950 2014.9
1156960 2011.3
1156970 2011.3
1156980 2007.3
1156990 2002.7
1157000 1997.5
1157010 1997.5
1157020 1991.4
1157030 1985.3
1157040 1985.3
1157050 1979.9
1157060 1975.1
1157070 1975.1
1157080 1970.8
1157090 1966.9
1157100 1966.9
1157110 1963.6
1157120 1960.7
1157130 1960.7
1157140 1957.8
1157150 1954.3
1157160 1954.3
1157170 1950.3
1157180 1945.9
1157190 1945.9
1157200 1942.0
1157210 1938.7
1157220 1935.6
1157230 1935.6
1157240 1933.4
1157250 1930.8
1157260 1930.8
1157270 1928.2
1157280 1925.3
1157290 1925.3
1157300 1922.1
1157310 1919.1
1157320 1919.1
1157330 1915.5
1157340 1911.8
1157350 1911.8
1157360 1907.6
1157370 1903.2
1157380 1903.2
1157390 1900.1
1157400 1896.3
1157410 1896.3
1157420 1892.4
1157430 1888.4
1157440 1888.4
1157450 1883.5
1157460 1877.1
1157470 1869.8
1157480 1869.8
1157490 1861.7
1157500 1856.3
1157510 1856.3
1157520 1853.1
1157530 1850.3
1157540 1850.3
1157550 1847.9
1157560 1845.1
1157570 1845.1
1157580 1842.9
1157590 1841.5
1157600 1841.5
1157610 1840.1
1157620 1838.6
1157630 1838.6
1157640 1836.6
1157650 1833.9
1157660 1833.9
1157670 1830.0
1157680 1826.5
1157690 1826.5
1157700 1823.8
1157710 1820.5
1157720 1816.2
1157730 1816.2
1157740 1811.0
1157750 1806.9
1157760 1806.9
1157770 1802.6
1157780 1798.4
1157790 1798.4
1157800 1793.9
1157810 1788.0
1157820 1788.0
1157830 1783.2
1157840 1779.9
1157850 1779.9
1157860 1776.8
1157870 1773.0
1157880 1773.0
1157890 1767.6
1157900 1761.3
1157910 1761.3
1157920 1755.0
1157930 1749.4
1157940 1745.4
1157950 1745.4
1157960 1740.6
1157970 1735.2
1157980 1735.2
1157990 1730.5
1158000 1725.8
1158010 1726.1
1158020 1721.2
1158030 1716.9
1158040 1716.9
1158050 1711.6
1158060 1706.1
1158070 1706.1
1158080 1700.5
1158090 1694.4
1158100 1694.4
1158110 1687.6
1158120 1681.2
1158130 1681.2
1158140 1674.3
1158150 1667.6
1158160 1667.6
1158170 1661.0
1158180 1655.0
1158190 1648.9
1158200 1648.9
1158210 1640.6
1158220 1631.3
1158230 1631.3
1158240 1622.0
1158250 1621.5
1158260 1621.5
1158270 1623.7
1158280 1619.8
1158290 1619.8
1158300 1613.5
1158310 1606.8
1158320 1606.8
1158330 1600.4
1158340 1594.5
1158350 1594.5
1158360 1589.0
1158370 1583.9
1158380 1583.9
1158390 1578.4
1158400 1576.5
1158410 1569.1
1158420 1569.1
1158430 1561.8
1158440 1556.2
1158450 1556.2
1158460 1552.6
1158470 1546.9
1158480 1546.9
1158490 1541.0
1158500 1535.7
1158510 1535.7
1158520 1531.1
1158530 1524.7
1158540 1524.7
1158550 1517.8
1158560 1513.7
1158570 1513.7
1158580 1516.9
1158590 1517.0
1158600 1517.0
1158610 1513.0
1158620 1508.5
1158630 1508.5
1158640 1502.9
1158650 1496.9
1158660 1490.6
1158670 1490.6
1158680 1484.1
1158690 1477.6
1158700 1477.6
1158710 1470.4
1158720 1463.4
1158730 1463.4
1158740 1457.0
1158750 1450.5
1158760 1450.5
1158770 1445.0
1158780 1442.1
1158790 1444.1
1158800 1439.1
1158810 1433.6
1158820 1433.6
1158830 1428.4
1158840 1423.5
1158850 1423.5
1158860 1418.8
1158870 1412.9
1158880 1405.8
1158890 1405.8
1158900 1404.0
1158910 1407.0
1158920 1407.0
1158930 1412.4
1158940 1418.8
1158950 1418.8
1158960 1425.3
1158970 1430.8
1158980 1430.8
1158990 1436.8
1159000 1442.9
1159010 1442.9
1159020 1446.0
1159030 1443.7
1159040 1443.7
1159050 1439.3
1159060 1435.5
1159070 1435.5
1159080 1431.4
1159090 1428.6
1159100 1428.6
1159110 1427.6
1159120 1427.4
1159130 1425.5
1159140 1425.5
1159150 1421.7
1159160 1416.6
1159170 1416.6
1159180 1415.4
1159190 1411.2
1159200 1411.2
1159210 1407.4
1159220 1402.4
1159230 1402.4
1159240 1396.2
1159250 1390.0
1159260 1390.0
1159270 1383.9
1159280 1377.6
1159290 1377.6
1159300 1371.4
1159310 1366.1
1159320 1366.1
1159330 1362.6
1159340 1361.0
1159350 1359.4
1159360 1359.4
1159370 1358.0
1159380 1356.6
1159390 1356.6
1159400 1355.0
1159410 1352.9
1159420 1352.9
1159430 1349.4
1159440 1343.8
1159450 1343.8
1159460 1334.4
1159470 1321.7
1159480 1321.7
1159490 1308.6
1159500 1300.9
1159510 1300.9
1159520 1292.6
1159530 1280.0
1159540 1280.0
1159550 1267.3
1159560 1257.5
1159570 1263.1
1159580 1254.8
1159590 1246.9
1159600 1239.5
1159610 1239.5
1159620 1232.9
1159630 1226.0
1159640 1226.0
1159650 1219.0
1159660 1211.9
1159670 1211.9
1159680 1204.9
1159690 1197.6
1159700 1197.6
1159710 1189.1
1159720 1180.0
1159730 1180.0
1159740 1169.9
1159750 1161.1
1159760 1161.1
1159770 1155.0
1159780 1149.5
1159790 1149.5
1159800 1144.6
1159810 1140.0
1159820 1134.7
1159830 1134.7
1159840 1129.7
1159850 1125.5
1159860 1125.5
1159870 1121.5
1159880 1116.5
1159890 1116.5
1159900 1111.3
1159910 1107.0
1159920 1107.0
1159930 1103.6
1159940 1101.3
1159950 1101.3
1159960 1100.3
1159970 1098.1
1159980 1098.1
1159990 1095.9
