1140000 1853.0
1140010 1853.0
1140020 1852.1
1140030 1850.0
1140040 1850.0
1140050 1845.3
1140060 1839.8
1140070 1834.3
1140080 1834.3
1140090 1830.6
1140100 1827.3
1140110 1827.3
1140120 1822.8
1140130 1821.0
1140140 1821.0
1140150 1817.8
1140160 1814.1
1140170 1814.1
1140180 1813.9
1140190 1810.5
1140200 1810.5
1140210 1805.3
1140220 1804.2
1140230 1804.2
1140240 1803.7
1140250 1806.3
1140260 1803.7
1140270 1809.4
1140280 1815.9
1140290 1815.9
1140300 1821.0
1140310 1825.9
1140320 1830.1
1140330 1830.1
1140340 1830.6
1140350 1829.3
1140360 1829.3
1140370 1833.0
1140380 1839.0
1140390 1839.0
1140400 1844.5
1140410 1849.7
1140420 1849.7
1140430 1855.0
1140440 1860.7
1140450 1860.7
1140460 1865.8
1140470 1870.1
1140480 1870.1
1140490 1875.6
1140500 1881.7
1140510 1881.7
1140520 1887.9
1140530 1894.5
1140540 1901.3
1140550 1901.3
1140560 1908.3
1140570 1915.0
1140580 1915.0
1140590 1922.4
1140600 1928.7
1140610 1928.7
1140620 1934.4
1140630 1936.4
1140640 1936.4
1140650 1941.5
1140660 1946.2
1140670 1946.2
1140680 1951.1
1140690 1956.1
1140700 1956.1
1140710 1960.6
1140720 1964.5
1140730 1964.5
1140740 1968.4
1140750 1971.7
1140760 1971.7
1140770 1974.1
1140780 1976.1
1140790 1977.3
1140800 1977.3
1140810 1977.2
1140820 1978.6
1140830 1978.6
1140840 1981.0
1140850 1981.2
1140860 1981.2
1140870 1978.8
1140880 1977.5
1140890 1977.5
1140900 1981.9
1140910 1987.1
1140920 1987.1
1140930 1991.2
1140940 1992.8
1140950 1992.8
1140960 1993.4
1140970 1993.0
1140980 1993.0
1140990 1991.7
1141000 1985.8
1141010 1985.8
1141020 1984.1
1141030 1982.0
1141040 1979.5
1141050 1979.5
1141060 1977.6
1141070 1976.7
1141080 1976.7
1141090 1975.9
1141100 1974.8
1141110 1974.8
1141120 1973.3
1141130 1970.9
1141140 1970.9
1141150 1969.0
1141160 1968.0
1141170 1968.0
1141180 1967.2
1141190 1966.8
1141200 1966.8
1141210 1966.8
1141220 1967.3
1141230 1967.3
1141240 1968.3
1141250 1969.2
1141260 1968.8
1141270 1968.8
1141280 1967.9
1141290 1965.0
1141300 1965.0
1141310 1963.3
1141320 1963.6
1141330 1963.6
1141340 1963.4
1141350 1963.9
1141360 1963.9
1141370 1958.0
1141380 1956.1
1141390 1956.1
1141400 1953.1
1141410 1949.2
1141420 1949.2
1141430 1944.6
1141440 1939.6
1141450 1939.6
1141460 1934.6
1141470 1931.9
1141480 1931.9
1141490 1930.9
1141500 1931.0
1141510 1932.4
1141520 1932.4
1141530 1933.6
1141540 1932.3
1141550 1932.3
1141560 1931.5
1141570 1930.7
1141580 1930.7
1141590 1930.2
1141600 1930.2
1141610 1930.2
1141620 1929.0
1141630 1927.6
1141640 1927.6
1141650 1925.8
1141660 1923.5
1141670 1923.5
1141680 1920.7
1141690 1917.2
1141700 1917.2
1141710 1913.0
1141720 1908.2
1141730 1903.7
1141740 1898.5
1141750 1894.2
1141760 1891.3
1141770 1891.3
1141780 1888.9
1141790 1886.5
1141800 1886.5
1141810 1884.3
1141820 1882.7
1141830 1882.7
1141840 1882.0
1141850 1881.7
1141860 1881.7
1141870 1880.9
1141880 1880.3
1141890 1880.3
1141900 1879.4
1141910 1878.5
1141920 1878.5
1141930 1876.5
1141940 1873.6
1141950 1873.6
1141960 1871.5
1141970 1869.2
1141980 1865.8
1141990 1865.8
1142000 1861.1
1142010 1856.4
1142020 1856.4
1142030 1852.3
1142040 1849.5
1142050 1849.5
1142060 1847.9
1142070 1845.6
1142080 1845.6
1142090 1842.9
1142100 1840.3
1142110 1831.5
1142120 1831.5
1142130 1833.6
1142140 1833.6
1142150 1832.1
1142160 1829.1
1142170 1829.1
1142180 1822.5
1142190 1814.7
1142200 1814.7
1142210 1806.9
1142220 1799.4
1142230 1791.9
1142240 1791.9
1142250 1784.4
1142260 1777.0
1142270 1777.0
1142280 1769.9
1142290 1762.7
1142300 1762.7
1142310 1755.7
1142320 1750.6
1142330 1750.6
1142340 1747.7
1142350 1747.1
1142360 1747.1
1142370 1748.5
1142380 1751.5
1142390 1751.5
1142400 1750.7
1142410 1747.2
1142420 1747.2
1142430 1744.9
1142440 1744.2
1142450 1745.6
1142460 1745.6
1142470 1746.0
1142480 1739.3
1142490 1739.3
1142500 1739.3
1142510 1737.2
1142520 1737.2
1142530 1733.8
1142540 1730.2
1142550 1730.2
1142560 1724.7
1142570 1718.9
1142580 1718.9
1142590 1712.9
1142600 1707.8
1142610 1707.8
1142620 1702.1
1142630 1696.0
1142640 1696.0
1142650 1691.0
1142660 1687.8
1142670 1687.8
1142680 1683.9
1142690 1682.3
1142700 1682.0
1142710 1682.0
1142720 1681.4
1142730 1681.0
1142740 1681.0
1142750 1680.9
1142760 1679.0
1142770 1679.0
1142780 1675.8
1142790 1672.9
1142800 1672.9
1142810 1671.7
1142820 1671.0
1142830 1671.0
1142840 1670.3
1142850 1665.2
1142860 1665.2
1142870 1666.6
1142880 1665.9
1142890 1665.9
1142900 1664.3
1142910 1661.9
1142920 1658.9
1142930 1658.9
1142940 1658.3
1142950 1655.6
1142960 1655.6
1142970 1652.5
1142980 1649.0
1142990 1649.0
1143000 1644.6
1143010 1639.9
1143020 1639.9
1143030 1636.2
1143040 1632.9
1143050 1632.9
1143060 1630.9
1143070 1628.8
1143080 1628.8
1143090 1625.4
1143100 1621.9
1143110 1621.9
1143120 1618.7
1143130 1615.3
1143140 1615.3
1143150 1609.4
1143160 1602.9
1143170 1595.4
1143180 1595.4
1143190 1588.1
1143200 1581.9
1143210 1581.9
1143220 1577.3
1143230 1566.3
1143240 1566.3
1143250 1560.9
1143260 1555.3
1143270 1555.3
1143280 1548.1
1143290 1540.7
1143300 1540.7
1143310 1536.1
1143320 1534.2
1143330 1534.2
1143340 1532.6
1143350 1530.2
1143360 1530.2
1143370 1527.6
1143380 1524.2
1143390 1524.2
1143400 1520.2
1143410 1517.0
1143420 1513.8
1143430 1513.8
1143440 1509.5
1143450 1504.9
1143460 1504.9
1143470 1496.8
1143480 1489.6
1143490 1489.6
1143500 1485.3
1143510 1482.9
1143520 1482.9
1143530 1482.7
1143540 1481.6
1143550 1481.6
1143560 1479.3
1143570 1476.1
1143580 1476.1
1143590 1472.5
1143600 1463.1
1143610 1463.1
1143620 1458.3
1143630 1453.5
1143640 1448.9
1143650 1448.9
1143660 1444.4
1143670 1440.0
1143680 1440.0
1143690 1435.6
1143700 1431.9
1143710 1431.9
1143720 1427.0
1143730 1420.5
1143740 1420.5
1143750 1415.4
1143760 1412.0
1143770 1412.0
1143780 1410.1
1143790 1408.5
1143800 1408.5
1143810 1407.1
1143820 1404.5
1143830 1404.5
1143840 1399.3
1143850 1394.9
1143860 1394.9
1143870 1391.1
1143880 1387.3
1143890 1384.1
1143900 1384.1
1143910 1381.5
1143920 1380.0
1143930 1380.0
1143940 1379.1
1143950 1377.7
1143960 1377.7
1143970 1370.6
1143980 1368.9
1143990 1368.9
1144000 1366.2
1144010 1365.9
1144020 1365.9
1144030 1366.9
1144040 1366.1
1144050 1366.1
1144060 1362.6
1144070 1359.0
1144080 1359.0
1144090 1356.0
1144100 1354.0
1144110 1353.9
1144120 1353.9
1144130 1355.2
1144140 1355.7
1144150 1355.7
1144160 1356.8
1144170 1354.6
1144180 1354.6
1144190 1348.3
1144200 1344.8
1144210 1344.8
1144220 1343.1
1144230 1341.5
1144240 1341.5
1144250 1340.3
1144260 1338.6
1144270 1338.6
1144280 1336.9
1144290 1336.1
1144300 1336.1
1144310 1335.5
1144320 1334.1
1144330 1334.1
1144340 1330.7
1144350 1326.6
1144360 1327.9
1144370 1327.9
1144380 1328.9
1144390 1330.0
1144400 1330.0
1144410 1329.6
1144420 1328.6
1144430 1328.6
1144440 1327.8
1144450 1328.0
1144460 1328.0
1144470 1328.1
1144480 1327.8
1144490 1327.8
1144500 1328.0
1144510 1328.9
1144520 1328.9
1144530 1328.2
1144540 1327.7
1144550 1327.7
1144560 1327.7
1144570 1326.2
1144580 1326.2
1144590 1323.2
1144600 1320.8
1144610 1319.8
1144620 1319.8
1144630 1318.2
1144640 1316.4
1144650 1316.4
1144660 1313.8
1144670 1310.4
1144680 1310.4
1144690 1307.7
1144700 1307.3
1144710 1307.3
1144720 1302.7
1144730 1300.7
1144740 1300.7
1144750 1299.4
1144760 1298.0
1144770 1298.0
1144780 1295.6
1144790 1294.1
1144800 1294.1
1144810 1293.0
1144820 1291.5
1144830 1290.5
1144840 1290.5
1144850 1289.4
1144860 1288.1
1144870 1288.1
1144880 1286.7
1144890 1283.9
1144900 1283.9
1144910 1279.8
1144920 1278.5
1144930 1278.5
1144940 1277.0
1144950 1275.9
1144960 1275.9
1144970 1275.0
1144980 1273.6
1144990 1273.6
1145000 1272.7
1145010 1272.1
1145020 1272.1
1145030 1270.7
1145040 1269.5
1145050 1269.5
1145060 1268.5
1145070 1267.6
1145080 1266.7
1145090 1267.0
1145100 1265.9
1145110 1265.0
1145120 1265.0
1145130 1264.1
1145140 1263.6
1145150 1263.6
1145160 1263.2
1145170 1262.8
1145180 1262.8
1145190 1262.5
1145200 1262.1
1145210 1262.1
1145220 1261.7
1145230 1261.2
1145240 1261.2
1145250 1260.4
1145260 1259.8
1145270 1259.8
1145280 1259.2
1145290 1258.4
1145300 1257.6
1145310 1257.6
1145320 1256.9
1145330 1256.1
1145340 1256.1
1145350 1255.2
1145360 1254.6
1145370 1254.6
1145380 1254.1
1145390 1253.6
1145400 1253.6
1145410 1253.1
1145420 1252.4
1145430 1252.4
1145440 1251.7
1145450 1251.0
1145460 1251.0
1145470 1250.0
1145480 1249.6
1145490 1249.6
1145500 1249.2
1145510 1248.9
1145520 1248.9
1145530 1248.5
1145540 1248.3
1145550 1248.1
1145560 1248.1
1145570 1247.7
1145580 1247.5
1145590 1247.5
1145600 1247.0
1145610 1246.9
1145620 1246.9
1145630 1246.6
1145640 1246.3
1145650 1246.3
1145660 1245.7
1145670 1245.2
1145680 1245.2
1145690 1244.8
1145700 1244.0
1145710 1244.0
1145720 1242.8
1145730 1243.7
1145740 1243.7
1145750 1244.3
1145760 1243.6
1145770 1243.6
1145780 1242.8
1145790 1242.4
1145800 1242.2
1145810 1242.2
1145820 1242.3
1145830 1242.8
1145840 1245.1
1145850 1244.9
1145860 1243.9
1145870 1243.9
1145880 1242.5
1145890 1241.5
1145900 1241.5
1145910 1241.0
1145920 1240.9
1145930 1240.9
1145940 1240.3
1145950 1239.9
1145960 1239.9
1145970 1239.9
1145980 1240.1
1145990 1240.1
1146000 1240.0
1146010 1239.9
1146020 1240.1
1146030 1240.1
1146040 1239.9
1146050 1238.6
1146060 1238.6
1146070 1237.3
1146080 1236.7
1146090 1236.7
1146100 1236.4
1146110 1236.1
1146120 1236.1
1146130 1236.0
1146140 1235.8
1146150 1235.8
1146160 1235.6
1146170 1235.4
1146180 1235.4
1146190 1235.5
1146200 1234.4
1146210 1234.4
1146220 1231.3
1146230 1232.2
1146240 1232.2
1146250 1233.7
1146260 1234.6
1146270 1235.2
1146280 1235.2
1146290 1235.7
1146300 1235.6
1146310 1235.6
1146320 1235.5
1146330 1235.3
1146340 1235.3
1146350 1234.9
1146360 1234.6
1146370 1234.6
1146380 1234.1
1146390 1233.7
1146400 1233.7
1146410 1233.3
1146420 1232.9
1146430 1232.9
1146440 1232.5
1146450 1232.0
1146460 1232.0
1146470 1231.6
1146480 1231.3
1146490 1230.9
1146500 1230.9
1146510 1230.7
1146520 1230.5
1146530 1230.5
1146540 1230.2
1146550 1229.9
1146560 1229.9
1146570 1229.5
1146580 1229.2
1146590 1229.6
1146600 1229.4
1146610 1229.3
1146620 1229.3
1146630 1229.2
1146640 1229.2
1146650 1229.2
1146660 1229.1
1146670 1229.0
1146680 1229.0
1146690 1229.0
1146700 1229.1
1146710 1229.1
1146720 1229.1
1146730 1228.9
1146740 1228.7
1146750 1228.7
1146760 1228.8
1146770 1228.5
1146780 1228.5
1146790 1228.3
1146800 1228.2
1146810 1228.2
1146820 1228.0
1146830 1227.9
1146840 1227.9
1146850 1228.1
1146860 1228.2
1146870 1228.2
1146880 1227.8
1146890 1227.4
1146900 1227.4
1146910 1227.1
1146920 1226.8
1146930 1226.8
1146940 1226.6
1146950 1226.4
1146960 1226.4
1146970 1230.4
1146980 1230.2
1146990 1230.5
1147000 1230.5
1147010 1230.7
1147020 1231.2
1147030 1231.2
1147040 1232.0
1147050 1233.3
1147060 1233.3
1147070 1235.1
1147080 1236.0
1147090 1236.0
1147100 1235.8
1147110 1235.4
1147120 1235.4
1147130 1235.5
1147140 1234.9
1147150 1234.9
1147160 1233.9
1147170 1232.9
1147180 1232.9
1147190 1232.0
1147200 1231.3
1147210 1230.5
1147220 1230.5
1147230 1229.7
1147240 1229.0
1147250 1229.0
1147260 1228.2
1147270 1227.5
1147280 1227.5
1147290 1226.8
1147300 1226.2
1147310 1226.2
1147320 1225.6
1147330 1224.9
1147340 1225.8
1147350 1225.5
1147360 1225.4
1147370 1225.4
1147380 1225.2
1147390 1225.2
1147400 1225.2
1147410 1225.2
1147420 1225.2
1147430 1225.2
1147440 1225.3
1147450 1225.6
1147460 1225.9
1147470 1225.9
1147480 1226.3
1147490 1226.6
1147500 1226.6
1147510 1227.3
1147520 1228.0
1147530 1228.0
1147540 1228.6
1147550 1229.3
1147560 1229.3
1147570 1229.6
1147580 1229.7
1147590 1229.7
1147600 1229.8
1147610 1229.6
1147620 1229.6
1147630 1229.4
1147640 1229.4
1147650 1229.4
1147660 1229.5
1147670 1229.4
1147680 1229.5
1147690 1229.5
1147700 1229.9
1147710 1230.7
1147720 1236.1
1147730 1236.1
1147740 1236.3
1147750 1236.3
1147760 1236.5
1147770 1236.8
1147780 1236.8
1147790 1237.3
1147800 1237.9
1147810 1237.9
1147820 1238.6
1147830 1239.2
1147840 1239.2
1147850 1239.8
1147860 1240.4
1147870 1240.4
1147880 1240.9
1147890 1240.6
1147900 1240.6
1147910 1238.5
1147920 1235.9
1147930 1235.3
1147940 1235.3
1147950 1235.6
1147960 1236.2
1147970 1236.2
1147980 1236.9
1147990 1238.5
1148000 1238.5
1148010 1243.6
1148020 1242.5
1148030 1242.5
1148040 1236.3
1148050 1231.0
1148060 1231.0
1148070 1226.4
1148080 1225.2
1148090 1225.2
1148100 1225.2
1148110 1225.2
1148120 1225.2
1148130 1225.1
1148140 1225.0
1148150 1225.0
1148160 1225.1
1148170 1225.2
1148180 1225.0
1148190 1225.0
1148200 1224.7
1148210 1224.3
1148220 1224.3
1148230 1223.7
1148240 1223.4
1148250 1223.4
1148260 1224.0
1148270 1225.7
1148280 1225.7
1148290 1227.3
1148300 1227.0
1148310 1227.0
1148320 1225.3
1148330 1223.1
1148340 1223.1
1148350 1222.0
1148360 1221.9
1148370 1221.9
1148380 1222.7
1148390 1223.7
1148400 1223.4
1148410 1223.4
1148420 1221.9
1148430 1220.5
1148440 1220.5
1148450 1219.4
1148460 1218.7
1148470 1218.7
1148480 1225.6
1148490 1227.8
1148500 1227.8
1148510 1231.3
1148520 1233.9
1148530 1233.9
1148540 1235.8
1148550 1238.1
1148560 1238.1
1148570 1240.8
1148580 1243.5
1148590 1243.5
1148600 1244.2
1148610 1245.1
1148620 1245.1
1148630 1247.9
1148640 1249.6
1148650 1250.5
1148660 1250.5
1148670 1251.9
1148680 1254.0
1148690 1254.0
1148700 1255.7
1148710 1256.8
1148720 1256.8
1148730 1257.4
1148740 1258.7
1148750 1258.7
1148760 1261.0
1148770 1263.4
1148780 1263.4
1148790 1265.6
1148800 1267.5
1148810 1267.5
1148820 1266.4
1148830 1262.0
1148840 1262.0
1148850 1263.0
1148860 1264.6
1148870 1270.2
1148880 1270.2
1148890 1275.2
1148900 1280.3
1148910 1280.3
1148920 1281.5
1148930 1279.5
1148940 1279.5
1148950 1279.1
1148960 1278.8
1148970 1278.8
1148980 1276.0
1148990 1274.9
1149000 1274.9
1149010 1278.1
1149020 1282.2
1149030 1282.2
1149040 1285.0
1149050 1286.9
1149060 1286.9
1149070 1288.2
1149080 1288.8
1149090 1288.8
1149100 1289.1
1149110 1289.6
1149120 1290.1
1149130 1290.1
1149140 1289.6
1149150 1289.2
1149160 1289.2
1149170 1289.6
1149180 1290.8
1149190 1290.8
1149200 1292.4
1149210 1293.4
1149220 1293.4
1149230 1299.9
1149240 1301.4
1149250 1301.4
1149260 1303.2
1149270 1306.0
1149280 1306.0
1149290 1308.9
1149300 1311.3
1149310 1311.3
1149320 1312.1
1149330 1311.7
1149340 1310.9
1149350 1310.9
1149360 1309.9
1149370 1308.9
1149380 1308.9
1149390 1307.3
1149400 1305.4
1149410 1305.4
1149420 1305.5
1149430 1308.7
1149440 1308.7
1149450 1313.0
1149460 1315.0
1149470 1315.0
1149480 1314.9
1149490 1316.5
1149500 1316.5
1149510 1319.7
1149520 1321.7
1149530 1321.7
1149540 1322.2
1149550 1322.5
1149560 1322.5
1149570 1324.1
1149580 1326.2
1149590 1327.4
1149600 1327.4
1149610 1335.7
1149620 1335.7
1149630 1335.7
1149640 1333.3
1149650 1328.8
1149660 1328.8
1149670 1328.5
1149680 1330.8
1149690 1330.8
1149700 1336.1
1149710 1341.2
1149720 1341.2
1149730 1347.2
1149740 1351.7
1149750 1351.7
1149760 1353.0
1149770 1353.1
1149780 1353.1
1149790 1353.5
1149800 1353.7
1149810 1353.7
1149820 1353.7
1149830 1353.2
1149840 1353.0
1149850 1353.0
1149860 1353.4
1149870 1354.4
1149880 1354.4
1149890 1355.5
1149900 1355.8
1149910 1355.8
1149920 1356.7
1149930 1358.3
1149940 1358.3
1149950 1358.6
1149960 1358.7
1149970 1358.7
1149980 1358.3
1149990 1360.8
1150000 1360.8
1150010 1358.9
1150020 1356.3
1150030 1356.3
1150040 1353.8
1150050 1351.7
1150060 1349.1
1150070 1349.1
1150080 1345.7
1150090 1342.6
1150100 1342.6
1150110 1337.9
1150120 1333.7
1150130 1333.7
1150140 1332.1
1150150 1329.2
1150160 1329.2
1150170 1325.5
1150180 1321.9
1150190 1321.9
1150200 1317.7
1150210 1311.6
1150220 1311.6
1150230 1307.6
1150240 1309.2
1150250 1309.2
1150260 1307.3
1150270 1306.0
1150280 1306.0
1150290 1307.7
1150300 1310.1
1150310 1313.6
1150320 1313.6
1150330 1316.3
1150340 1316.9
1150350 1316.9
1150360 1316.9
1150370 1325.5
1150380 1325.5
1150390 1325.1
1150400 1323.8
1150410 1323.8
1150420 1321.9
1150430 1321.2
1150440 1321.2
1150450 1319.3
1150460 1315.5
1150470 1315.5
1150480 1309.2
1150490 1311.0
1150500 1311.0
1150510 1314.4
1150520 1313.4
1150530 1310.8
1150540 1310.8
1150550 1307.1
1150560 1299.8
1150570 1299.8
1150580 1295.9
1150590 1301.9
1150600 1301.9
1150610 1305.9
1150620 1307.6
1150630 1307.6
1150640 1310.0
1150650 1312.2
1150660 1312.2
1150670 1315.6
1150680 1320.1
1150690 1320.1
1150700 1322.3
1150710 1322.1
1150720 1322.1
1150730 1320.8
1150740 1319.6
1150750 1323.3
1150760 1322.8
1150770 1321.8
1150780 1320.9
1150790 1320.9
1150800 1319.5
1150810 1317.0
1150820 1317.0
1150830 1313.9
1150840 1310.8
1150850 1310.8
1150860 1308.0
1150870 1305.7
1150880 1305.7
1150890 1302.9
1150900 1300.2
1150910 1300.2
1150920 1297.6
1150930 1292.9
1150940 1292.9
1150950 1291.2
1150960 1292.1
1150970 1292.1
1150980 1292.1
1150990 1290.9
1151000 1290.9
1151010 1291.7
1151020 1292.9
1151030 1293.8
1151040 1293.8
1151050 1293.3
1151060 1292.2
1151070 1292.2
1151080 1293.1
1151090 1294.3
1151100 1294.3
1151110 1293.7
1151120 1292.6
1151130 1296.8
1151140 1294.6
1151150 1287.1
1151160 1287.1
1151170 1276.2
1151180 1266.8
1151190 1266.8
1151200 1261.6
1151210 1257.5
1151220 1257.5
1151230 1254.0
1151240 1252.3
1151250 1248.0
1151260 1248.0
1151270 1246.8
1151280 1246.8
1151290 1246.8
1151300 1245.5
1151310 1244.2
1151320 1244.2
1151330 1246.4
1151340 1248.9
1151350 1248.9
1151360 1255.2
1151370 1263.5
1151380 1263.5
1151390 1272.9
1151400 1283.5
1151410 1283.5
1151420 1291.7
1151430 1297.2
1151440 1297.2
1151450 1299.4
1151460 1301.9
1151470 1301.9
1151480 1306.3
1151490 1311.2
1151500 1315.7
1151510 1319.0
1151520 1322.8
1151530 1326.4
1151540 1326.4
1151550 1330.5
1151560 1334.6
1151570 1334.6
1151580 1338.6
1151590 1339.9
1151600 1339.9
1151610 1338.8
1151620 1338.8
1151630 1338.8
1151640 1340.7
1151650 1344.6
1151660 1344.6
1151670 1348.2
1151680 1353.5
1151690 1353.5
1151700 1361.0
1151710 1369.4
1151720 1376.0
1151730 1376.0
1151740 1381.8
1151750 1387.5
1151760 1387.5
1151770 1393.2
1151780 1396.4
1151790 1396.4
1151800 1399.1
1151810 1402.5
1151820 1402.5
1151830 1406.6
1151840 1412.1
1151850 1412.1
1151860 1418.2
1151870 1423.8
1151880 1423.8
1151890 1429.0
1151900 1430.1
1151910 1430.1
1151920 1430.0
1151930 1429.1
1151940 1429.1
1151950 1428.2
1151960 1428.6
1151970 1430.0
1151980 1430.0
1151990 1431.0
1152000 1432.6
1152010 1432.6
1152020 1435.4
1152030 1438.7
1152040 1438.7
1152050 1441.9
1152060 1444.8
1152070 1444.8
1152080 1447.9
1152090 1450.6
1152100 1450.6
1152110 1453.1
1152120 1455.7
1152130 1455.7
1152140 1458.7
1152150 1461.3
1152160 1461.3
1152170 1465.2
1152180 1470.0
1152190 1470.0
1152200 1473.4
1152210 1476.6
1152220 1479.6
1152230 1479.6
1152240 1482.5
1152250 1485.1
1152260 1485.1
1152270 1492.9
1152280 1496.4
1152290 1496.4
1152300 1499.6
1152310 1503.1
1152320 1503.1
1152330 1505.7
1152340 1508.2
1152350 1508.2
1152360 1510.5
1152370 1513.2
1152380 1513.2
1152390 1516.1
1152400 1520.0
1152410 1520.0
1152420 1523.6
1152430 1526.2
1152440 1527.9
1152450 1527.9
1152460 1529.0
1152470 1529.9
1152480 1529.9
1152490 1531.0
1152500 1532.1
1152510 1532.1
1152520 1533.2
1152530 1533.6
1152540 1533.6
1152550 1534.8
1152560 1536.1
1152570 1536.1
1152580 1537.1
1152590 1537.2
1152600 1537.2
1152610 1536.3
1152620 1535.7
1152630 1535.7
1152640 1536.1
1152650 1538.0
1152660 1545.3
1152670 1547.5
1152680 1549.7
1152690 1551.3
1152700 1551.3
1152710 1553.0
1152720 1554.1
1152730 1554.1
1152740 1555.6
1152750 1557.1
1152760 1557.1
1152770 1558.6
1152780 1560.3
1152790 1560.3
1152800 1561.9
1152810 1562.7
1152820 1562.7
1152830 1564.5
1152840 1566.7
1152850 1566.7
1152860 1568.4
1152870 1570.0
1152880 1570.0
1152890 1572.7
1152900 1574.7
1152910 1576.2
1152920 1576.2
1152930 1577.1
1152940 1578.0
1152950 1578.0
1152960 1579.1
1152970 1580.2
1152980 1580.2
1152990 1581.1
1153000 1581.6
1153010 1581.6
1153020 1582.7
1153030 1584.1
1153040 1588.9
1153050 1589.9
1153060 1591.4
1153070 1591.4
1153080 1592.3
1153090 1592.7
1153100 1592.7
1153110 1593.3
1153120 1593.7
1153130 1593.7
1153140 1593.9
1153150 1593.6
1153160 1593.4
1153170 1593.4
1153180 1592.7
1153190 1591.6
1153200 1591.6
1153210 1590.7
1153220 1590.2
1153230 1590.2
1153240 1589.0
1153250 1586.3
1153260 1586.3
1153270 1582.9
1153280 1578.8
1153290 1578.8
1153300 1575.3
1153310 1573.6
1153320 1573.6
1153330 1571.9
1153340 1570.6
1153350 1570.6
1153360 1571.8
1153370 1570.3
1153380 1570.3
1153390 1567.6
1153400 1564.2
1153410 1560.3
1153420 1568.0
1153430 1564.4
1153440 1559.3
1153450 1559.3
1153460 1551.4
1153470 1546.2
1153480 1546.2
1153490 1546.4
1153500 1550.6
1153510 1550.6
1153520 1557.5
1153530 1564.1
1153540 1564.1
1153550 1571.3
1153560 1579.0
1153570 1579.0
1153580 1586.7
1153590 1594.6
1153600 1594.6
1153610 1600.2
1153620 1603.1
1153630 1604.5
1153640 1604.5
1153650 1605.0
1153660 1604.5
1153670 1604.5
1153680 1603.2
1153690 1601.8
1153700 1601.8
1153710 1600.4
1153720 1599.5
1153730 1599.5
1153740 1600.0
1153750 1601.5
1153760 1601.5
1153770 1603.7
1153780 1607.2
1153790 1607.2
1153800 1609.1
1153810 1617.1
1153820 1617.1
1153830 1615.3
1153840 1613.9
1153850 1613.9
1153860 1612.2
1153870 1610.0
1153880 1608.1
1153890 1608.1
1153900 1606.8
1153910 1606.6
1153920 1606.6
1153930 1606.9
1153940 1606.7
1153950 1606.7
1153960 1604.1
1153970 1600.5
1153980 1600.5
1153990 1597.9
1154000 1596.6
1154010 1596.6
1154020 1595.2
1154030 1592.5
1154040 1592.5
1154050 1590.6
1154060 1586.8
1154070 1586.8
1154080 1582.4
1154090 1579.8
1154100 1577.7
1154110 1577.7
1154120 1572.2
1154130 1565.6
1154140 1565.6
1154150 1559.7
1154160 1555.1
1154170 1555.1
1154180 1556.0
1154190 1564.5
1154200 1564.5
1154210 1569.7
1154220 1575.1
1154230 1575.1
1154240 1582.3
1154250 1590.3
1154260 1590.3
1154270 1597.2
1154280 1604.8
1154290 1604.8
1154300 1611.7
1154310 1619.2
1154320 1619.2
1154330 1626.5
1154340 1633.0
1154350 1640.2
1154360 1640.2
1154370 1646.2
1154380 1650.4
1154390 1650.4
1154400 1653.4
1154410 1655.5
1154420 1655.5
1154430 1656.9
1154440 1657.4
1154450 1657.4
1154460 1657.5
1154470 1659.4
1154480 1659.4
1154490 1662.0
1154500 1663.3
1154510 1663.3
1154520 1665.6
1154530 1667.8
1154540 1667.8
1154550 1670.1
1154560 1671.6
1154570 1677.7
1154580 1677.7
1154590 1678.7
1154600 1679.8
1154610 1679.8
1154620 1681.9
1154630 1684.1
1154640 1684.1
1154650 1687.0
1154660 1690.3
1154670 1690.3
1154680 1693.2
1154690 1696.2
1154700 1696.2
1154710 1699.0
1154720 1701.4
1154730 1701.4
1154740 1703.8
1154750 1706.1
1154760 1706.1
1154770 1707.9
1154780 1709.0
1154790 1709.0
1154800 1709.1
1154810 1708.9
1154820 1708.7
1154830 1708.7
1154840 1708.3
1154850 1707.8
1154860 1707.8
1154870 1707.2
1154880 1706.8
1154890 1706.8
1154900 1706.9
1154910 1706.8
1154920 1706.8
1154930 1706.3
1154940 1705.5
1154950 1705.5
1154960 1709.2
1154970 1707.8
1154980 1707.8
1154990 1706.3
1155000 1704.6
1155010 1704.6
1155020 1703.2
1155030 1701.4
1155040 1701.4
1155050 1699.4
1155060 1697.3
1155070 1695.4
1155080 1695.4
1155090 1693.1
1155100 1690.9
1155110 1690.9
1155120 1688.8
1155130 1687.2
1155140 1687.2
1155150 1685.7
1155160 1684.4
1155170 1684.4
1155180 1682.6
1155190 1681.4
1155200 1681.4
1155210 1680.9
1155220 1680.5
1155230 1680.5
1155240 1680.4
1155250 1680.1
1155260 1680.1
1155270 1679.2
1155280 1678.1
1155290 1677.0
1155300 1677.0
1155310 1675.0
1155320 1674.2
1155330 1674.2
1155340 1673.7
1155350 1676.8
1155360 1676.8
1155370 1676.2
1155380 1674.5
1155390 1674.5
1155400 1672.6
1155410 1669.6
1155420 1669.6
1155430 1664.3
1155440 1659.1
1155450 1659.1
1155460 1653.4
1155470 1647.1
1155480 1647.1
1155490 1639.8
1155500 1632.0
1155510 1632.0
1155520 1630.5
1155530 1637.5
1155540 1646.3
1155550 1646.3
1155560 1653.8
1155570 1659.3
1155580 1659.3
1155590 1665.1
1155600 1669.8
1155610 1669.8
1155620 1673.0
1155630 1674.4
1155640 1674.4
1155650 1674.9
1155660 1673.6
1155670 1673.6
1155680 1669.0
1155690 1660.8
1155700 1660.8
1155710 1658.3
1155720 1666.5
1155730 1671.1
1155740 1674.2
1155750 1675.0
1155760 1676.3
1155770 1676.3
1155780 1677.4
1155790 1677.4
1155800 1677.4
1155810 1677.8
1155820 1678.3
1155830 1678.3
1155840 1677.9
1155850 1677.0
1155860 1677.0
1155870 1675.8
1155880 1674.7
1155890 1674.7
1155900 1674.1
1155910 1675.2
1155920 1675.2
1155930 1676.7
1155940 1678.2
1155950 1678.2
1155960 1678.9
1155970 1679.1
1155980 1679.1
1155990 1678.2
1156000 1677.8
1156010 1678.2
1156020 1678.2
1156030 1677.8
1156040 1677.4
1156050 1677.4
1156060 1677.5
1156070 1676.7
1156080 1676.7
1156090 1677.4
1156100 1680.7
1156110 1680.7
1156120 1685.0
1156130 1686.1
1156140 1686.1
1156150 1689.0
1156160 1690.3
1156170 1690.3
1156180 1691.4
1156190 1692.3
1156200 1692.3
1156210 1695.6
1156220 1699.9
1156230 1699.9
1156240 1704.2
1156250 1707.7
1156260 1710.3
1156270 1710.3
1156280 1712.6
1156290 1714.5
1156300 1714.5
1156310 1716.6
1156320 1718.4
1156330 1718.4
1156340 1721.2
1156350 1724.3
1156360 1724.3
1156370 1726.6
1156380 1727.3
1156390 1727.3
1156400 1728.6
1156410 1730.7
1156420 1730.7
1156430 1732.3
1156440 1733.2
1156450 1733.2
1156460 1733.6
1156470 1734.5
1156480 1736.1
1156490 1736.1
1156500 1739.7
1156510 1739.2
1156520 1739.2
1156530 1738.1
1156540 1737.3
1156550 1737.3
1156560 1736.2
1156570 1734.6
1156580 1734.6
1156590 1733.0
1156600 1731.3
1156610 1731.3
1156620 1728.8
1156630 1725.7
1156640 1725.7
1156650 1723.8
1156660 1721.8
1156670 1721.8
1156680 1719.3
1156690 1716.9
1156700 1716.9
1156710 1715.9
1156720 1714.7
1156730 1716.0
1156740 1716.0
1156750 1716.9
1156760 1717.7
1156770 1717.7
1156780 1718.3
1156790 1719.2
1156800 1719.2
1156810 1719.1
1156820 1719.1
1156830 1719.1
1156840 1720.3
1156850 1721.3
1156860 1721.3
1156870 1721.6
1156880 1721.4
1156890 1728.3
1156900 1728.2
1156910 1727.6
1156920 1727.6
1156930 1726.9
1156940 1726.3
1156950 1725.3
1156960 1725.3
1156970 1724.1
1156980 1722.7
1156990 1722.7
1157000 1721.7
1157010 1721.2
1157020 1721.2
1157030 1720.2
1157040 1718.8
1157050 1718.8
1157060 1717.3
1157070 1716.3
1157080 1716.3
1157090 1714.7
1157100 1713.0
1157110 1713.0
1157120 1710.8
1157130 1707.9
1157140 1707.9
1157150 1706.0
1157160 1704.6
1157170 1704.6
1157180 1703.7
1157190 1701.6
1157200 1699.3
1157210 1699.3
1157220 1697.0
1157230 1694.8
1157240 1694.8
1157250 1692.5
1157260 1689.3
1157270 1689.3
1157280 1691.8
1157290 1688.8
1157300 1688.8
1157310 1686.5
1157320 1684.4
1157330 1684.4
1157340 1681.1
1157350 1678.9
1157360 1678.9
1157370 1676.9
1157380 1674.1
1157390 1674.1
1157400 1670.1
1157410 1665.3
1157420 1662.6
1157430 1662.6
1157440 1661.6
1157450 1659.7
1157460 1659.7
1157470 1657.7
1157480 1656.5
1157490 1656.5
1157500 1655.3
1157510 1653.3
1157520 1653.3
1157530 1651.4
1157540 1649.8
1157550 1649.8
1157560 1648.3
1157570 1646.5
1157580 1646.5
1157590 1645.1
1157600 1643.7
1157610 1643.7
1157620 1641.1
1157630 1638.6
1157640 1638.6
1157650 1636.0
1157660 1633.5
1157670 1635.9
1157680 1635.9
1157690 1633.0
1157700 1629.4
1157710 1629.4
1157720 1625.6
1157730 1622.5
1157740 1622.5
1157750 1619.0
1157760 1615.0
1157770 1615.0
1157780 1611.5
1157790 1608.1
1157800 1608.1
1157810 1604.8
1157820 1601.3
1157830 1601.3
1157840 1597.0
1157850 1592.9
1157860 1592.9
1157870 1589.5
1157880 1586.5
1157890 1586.5
1157900 1583.0
1157910 1579.1
1157920 1575.9
1157930 1575.9
1157940 1572.9
1157950 1570.0
1157960 1570.0
1157970 1567.0
1157980 1563.7
1157990 1563.7
1158000 1559.6
1158010 1556.0
1158020 1556.0
1158030 1554.9
1158040 1552.9
1158050 1552.9
1158060 1551.5
1158070 1548.8
1158080 1548.8
1158090 1545.1
1158100 1541.4
1158110 1541.4
1158120 1537.7
1158130 1533.3
1158140 1528.0
1158150 1528.0
1158160 1522.9
1158170 1518.0
1158180 1518.0
1158190 1513.1
1158200 1508.6
1158210 1508.6
1158220 1503.5
1158230 1498.3
1158240 1498.3
1158250 1492.8
1158260 1487.6
1158270 1487.6
1158280 1483.3
1158290 1478.4
1158300 1478.4
1158310 1473.9
1158320 1468.9
1158330 1468.9
1158340 1462.8
1158350 1455.7
1158360 1455.7
1158370 1448.3
1158380 1441.0
1158390 1432.9
1158400 1432.9
1158410 1425.0
1158420 1417.1
1158430 1417.1
1158440 1408.8
1158450 1405.3
1158460 1405.3
1158470 1397.5
1158480 1388.7
1158490 1388.7
1158500 1381.3
1158510 1373.5
1158520 1373.5
1158530 1363.8
1158540 1354.6
1158550 1354.6
1158560 1347.1
1158570 1340.0
1158580 1340.0
1158590 1333.4
1158600 1327.7
1158610 1322.5
1158620 1322.5
1158630 1318.1
1158640 1313.9
1158650 1313.9
1158660 1309.4
1158670 1305.0
1158680 1305.0
1158690 1300.3
1158700 1295.2
1158710 1295.2
1158720 1290.2
1158730 1284.7
1158740 1284.7
1158750 1279.3
1158760 1274.5
1158770 1274.5
1158780 1269.8
1158790 1265.5
1158800 1265.5
1158810 1261.1
1158820 1256.9
1158830 1256.9
1158840 1254.6
1158850 1248.5
1158860 1243.2
1158870 1243.2
1158880 1237.7
1158890 1232.7
1158900 1232.7
1158910 1228.5
1158920 1225.1
1158930 1225.1
1158940 1222.1
1158950 1218.8
1158960 1218.8
1158970 1215.0
1158980 1210.7
1158990 1210.7
1159000 1206.7
1159010 1202.9
1159020 1202.9
1159030 1199.1
1159040 1195.5
1159050 1195.5
1159060 1191.9
1159070 1188.8
1159080 1185.4
1159090 1185.4
1159100 1181.2
1159110 1175.3
1159120 1175.3
1159130 1169.7
1159140 1164.9
1159150 1164.9
1159160 1160.8
1159170 1156.0
1159180 1156.0
1159190 1151.5
1159200 1148.0
1159210 1148.0
1159220 1147.2
1159230 1148.8
1159240 1148.8
1159250 1148.1
1159260 1145.9
1159270 1145.9
1159280 1144.2
1159290 1143.0
1159300 1143.0
1159310 1141.9
1159320 1140.2
1159330 1138.5
1159340 1138.5
1159350 1137.1
1159360 1135.6
1159370 1135.6
1159380 1134.1
1159390 1131.7
1159400 1131.7
1159410 1130.7
1159420 1129.3
1159430 1129.3
1159440 1126.6
1159450 1123.8
1159460 1123.8
1159470 1121.0
1159480 1119.9
1159490 1119.9
1159500 1119.0
1159510 1114.1
1159520 1114.1
1159530 1112.3
1159540 1109.3
1159550 1109.3
1159560 1105.8
1159570 1105.1
1159580 1107.1
1159590 1107.1
1159600 1109.7
1159610 1110.3
1159620 1109.0
1159630 1110.0
1159640 1109.6
1159650 1109.6
1159660 1108.3
1159670 1109.3
1159680 1109.3
1159690 1111.2
1159700 1115.0
1159710 1115.0
1159720 1115.8
1159730 1116.9
1159740 1116.9
1159750 1119.8
1159760 1124.2
1159770 1124.2
1159780 1126.6
1159790 1130.4
1159800 1136.5
1159810 1136.5
1159820 1143.5
1159830 1150.5
1159840 1150.5
1159850 1156.6
1159860 1162.7
1159870 1162.7
1159880 1166.0
1159890 1167.2
1159900 1167.2
1159910 1168.4
1159920 1169.5
1159930 1169.5
1159940 1171.7
1159950 1172.9
1159960 1172.9
1159970 1173.6
1159980 1174.3
1159990 1174.3
