1140000 1935.4
1140010 1931.0
1140020 1924.8
1140030 1924.8
1140040 1918.2
1140050 1912.5
1140060 1908.0
1140070 1908.0
1140080 1903.4
1140090 1898.7
1140100 1898.7
1140110 1893.8
1140120 1889.8
1140130 1889.8
1140140 1886.6
1140150 1882.6
1140160 1882.6
1140170 1878.3
1140180 1873.0
1140190 1873.0
1140200 1869.2
1140210 1867.0
1140220 1867.0
1140230 1865.0
1140240 1859.7
1140250 1857.4
1140260 1855.3
1140270 1858.6
1140280 1858.6
1140290 1863.6
1140300 1863.7
1140310 1862.7
1140320 1862.7
1140330 1863.7
1140340 1866.0
1140350 1866.0
1140360 1868.7
1140370 1872.0
1140380 1872.0
1140390 1875.3
1140400 1879.3
1140410 1879.3
1140420 1883.5
1140430 1888.2
1140440 1888.2
1140450 1893.2
1140460 1897.7
1140470 1897.7
1140480 1902.6
1140490 1909.7
1140500 1909.7
1140510 1916.8
1140520 1923.2
1140530 1923.2
1140540 1930.1
1140550 1937.9
1140560 1946.4
1140570 1946.4
1140580 1955.1
1140590 1963.4
1140600 1963.4
1140610 1971.5
1140620 1975.8
1140630 1975.8
1140640 1980.9
1140650 1986.8
1140660 1986.8
1140670 1992.9
1140680 1999.3
1140690 1999.3
1140700 2005.4
1140710 2011.8
1140720 2011.8
1140730 2017.8
1140740 2022.7
1140750 2022.7
1140760 2026.0
1140770 2028.6
1140780 2030.8
1140790 2030.8
1140800 2033.0
1140810 2035.7
1140820 2035.7
1140830 2037.9
1140840 2040.4
1140850 2040.4
1140860 2043.1
1140870 2045.4
1140880 2045.4
1140890 2047.0
1140900 2048.5
1140910 2048.5
1140920 2049.1
1140930 2049.8
1140940 2049.8
1140950 2051.3
1140960 2052.9
1140970 2052.9
1140980 2054.0
1140990 2051.8
1141000 2051.8
1141010 2052.6
1141020 2053.9
1141030 2054.3
1141040 2054.3
1141050 2054.4
1141060 2054.7
1141070 2054.7
1141080 2054.7
1141090 2054.0
1141100 2054.0
1141110 2053.4
1141120 2051.4
1141130 2051.4
1141140 2048.5
1141150 2045.7
1141160 2045.7
1141170 2043.5
1141180 2041.1
1141190 2041.1
1141200 2038.1
1141210 2035.0
1141220 2035.0
1141230 2035.1
1141240 2035.5
1141250 2034.1
1141260 2034.1
1141270 2034.3
1141280 2036.4
1141290 2036.4
1141300 2036.9
1141310 2036.1
1141320 2036.1
1141330 2035.8
1141340 2035.6
1141350 2035.6
1141360 2031.5
1141370 2030.4
1141380 2030.4
1141390 2028.1
1141400 2026.6
1141410 2026.6
1141420 2026.6
1141430 2026.3
1141440 2026.3
1141450 2026.5
1141460 2026.9
1141470 2026.9
1141480 2027.0
1141490 2027.4
1141500 2027.5
1141510 2027.5
1141520 2026.8
1141530 2025.3
1141540 2025.3
1141550 2022.4
1141560 2019.2
1141570 2019.2
1141580 2017.2
1141590 2015.9
1141600 2015.9
1141610 2014.1
1141620 2012.3
1141630 2012.3
1141640 2010.7
1141650 2009.0
1141660 2009.0
1141670 2008.0
1141680 2006.5
1141690 2006.5
1141700 2004.4
1141710 2001.8
1141720 2001.8
1141730 1994.7
1141740 1992.7
1141750 1990.7
1141760 1990.7
1141770 1990.0
1141780 1988.8
1141790 1988.8
1141800 1987.3
1141810 1985.4
1141820 1985.4
1141830 1982.6
1141840 1978.0
1141850 1978.0
1141860 1972.7
1141870 1968.0
1141880 1968.0
1141890 1963.8
1141900 1959.5
1141910 1959.5
1141920 1954.7
1141930 1950.4
1141940 1950.4
1141950 1946.7
1141960 1942.1
1141970 1937.0
1141980 1937.0
1141990 1931.6
1142000 1926.2
1142010 1926.2
1142020 1921.2
1142030 1916.8
1142040 1916.8
1142050 1910.2
1142060 1903.5
1142070 1903.5
1142080 1896.8
1142090 1892.9
1142100 1887.7
1142110 1883.7
1142120 1882.6
1142130 1882.6
1142140 1883.2
1142150 1883.2
1142160 1883.2
1142170 1883.5
1142180 1884.7
1142190 1884.7
1142200 1886.4
1142210 1887.9
1142220 1888.8
1142230 1888.8
1142240 1889.6
1142250 1891.2
1142260 1891.2
1142270 1891.7
1142280 1891.8
1142290 1891.8
1142300 1891.6
1142310 1890.8
1142320 1890.8
1142330 1890.5
1142340 1889.9
1142350 1889.9
1142360 1889.0
1142370 1887.6
1142380 1887.6
1142390 1883.4
1142400 1879.0
1142410 1879.0
1142420 1875.1
1142430 1871.2
1142440 1867.0
1142450 1867.0
1142460 1862.6
1142470 1852.5
1142480 1852.5
1142490 1846.8
1142500 1842.5
1142510 1842.5
1142520 1837.8
1142530 1832.7
1142540 1832.7
1142550 1825.8
1142560 1821.9
1142570 1821.9
1142580 1820.3
1142590 1818.6
1142600 1818.6
1142610 1815.3
1142620 1810.4
1142630 1810.4
1142640 1807.4
1142650 1804.3
1142660 1804.3
1142670 1802.0
1142680 1799.0
1142690 1795.3
1142700 1795.3
1142710 1793.0
1142720 1791.1
1142730 1791.1
1142740 1788.5
1142750 1785.0
1142760 1785.0
1142770 1781.3
1142780 1777.9
1142790 1777.9
1142800 1775.2
1142810 1771.9
1142820 1771.9
1142830 1769.2
1142840 1762.0
1142850 1762.0
1142860 1758.8
1142870 1756.6
1142880 1756.6
1142890 1753.6
1142900 1750.1
1142910 1750.1
1142920 1748.8
1142930 1747.6
1142940 1745.4
1142950 1745.4
1142960 1742.5
1142970 1737.5
1142980 1737.5
1142990 1731.5
1143000 1725.5
1143010 1725.5
1143020 1721.3
1143030 1718.0
1143040 1718.0
1143050 1714.1
1143060 1710.3
1143070 1710.3
1143080 1706.0
1143090 1702.1
1143100 1702.1
1143110 1699.3
1143120 1694.6
1143130 1694.6
1143140 1690.1
1143150 1685.4
1143160 1680.5
1143170 1680.5
1143180 1676.1
1143190 1672.1
1143200 1672.1
1143210 1666.7
1143220 1661.3
1143230 1661.3
1143240 1656.2
1143250 1648.9
1143260 1648.9
1143270 1641.6
1143280 1634.1
1143290 1634.1
1143300 1626.9
1143310 1619.9
1143320 1619.9
1143330 1613.3
1143340 1607.9
1143350 1607.9
1143360 1604.2
1143370 1602.4
1143380 1602.4
1143390 1601.6
1143400 1598.2
1143410 1591.9
1143420 1591.9
1143430 1585.4
1143440 1578.9
1143450 1578.9
1143460 1572.4
1143470 1566.0
1143480 1566.0
1143490 1560.2
1143500 1556.5
1143510 1556.5
1143520 1554.0
1143530 1551.0
1143540 1551.0
1143550 1546.3
1143560 1539.5
1143570 1539.5
1143580 1532.1
1143590 1523.4
1143600 1523.4
1143610 1518.5
1143620 1519.4
1143630 1525.2
1143640 1525.2
1143650 1532.0
1143660 1537.0
1143670 1537.0
1143680 1536.2
1143690 1534.6
1143700 1534.6
1143710 1532.6
1143720 1530.3
1143730 1530.3
1143740 1527.8
1143750 1523.5
1143760 1523.5
1143770 1519.2
1143780 1514.0
1143790 1514.0
1143800 1508.6
1143810 1503.5
1143820 1503.5
1143830 1497.8
1143840 1491.3
1143850 1491.3
1143860 1484.8
1143870 1479.2
1143880 1472.9
1143890 1472.9
1143900 1465.1
1143910 1458.0
1143920 1458.0
1143930 1451.3
1143940 1444.2
1143950 1444.2
1143960 1442.8
1143970 1437.9
1143980 1437.9
1143990 1431.8
1144000 1424.9
1144010 1424.9
1144020 1417.4
1144030 1409.7
1144040 1409.7
1144050 1401.7
1144060 1393.0
1144070 1393.0
1144080 1388.6
1144090 1391.7
1144100 1391.7
1144110 1392.0
1144120 1387.0
1144130 1381.4
1144140 1381.4
1144150 1376.2
1144160 1373.0
1144170 1373.0
1144180 1374.4
1144190 1376.9
1144200 1376.9
1144210 1386.6
1144220 1396.8
1144230 1396.8
1144240 1405.2
1144250 1410.5
1144260 1410.5
1144270 1411.1
1144280 1410.7
1144290 1410.7
1144300 1411.4
1144310 1414.3
1144320 1414.3
1144330 1411.7
1144340 1411.9
1144350 1414.1
1144360 1414.1
1144370 1417.7
1144380 1422.3
1144390 1422.3
1144400 1427.1
1144410 1426.6
1144420 1426.6
1144430 1421.1
1144440 1415.4
1144450 1415.4
1144460 1410.4
1144470 1405.3
1144480 1405.3
1144490 1399.9
1144500 1394.1
1144510 1394.1
1144520 1387.9
1144530 1380.9
1144540 1380.9
1144550 1373.9
1144560 1367.4
1144570 1367.4
1144580 1361.5
1144590 1355.6
1144600 1349.3
1144610 1349.3
1144620 1344.9
1144630 1342.3
1144640 1342.3
1144650 1341.0
1144660 1340.1
1144670 1340.1
1144680 1339.1
1144690 1337.6
1144700 1335.9
1144710 1334.3
1144720 1332.1
1144730 1332.1
1144740 1329.9
1144750 1327.7
1144760 1327.7
1144770 1325.1
1144780 1322.2
1144790 1322.2
1144800 1319.6
1144810 1316.8
1144820 1316.8
1144830 1314.7
1144840 1313.1
1144850 1311.7
1144860 1311.7
1144870 1310.0
1144880 1308.3
1144890 1308.3
1144900 1307.4
1144910 1306.5
1144920 1306.5
1144930 1306.0
1144940 1305.8
1144950 1305.8
1144960 1306.0
1144970 1306.6
1144980 1306.6
1144990 1307.9
1145000 1309.5
1145010 1309.5
1145020 1310.6
1145030 1310.3
1145040 1310.3
1145050 1307.9
1145060 1306.3
1145070 1305.5
1145080 1303.5
1145090 1302.1
1145100 1301.3
1145110 1301.3
1145120 1300.7
1145130 1300.1
1145140 1300.1
1145150 1299.7
1145160 1299.2
1145170 1299.2
1145180 1298.8
1145190 1298.4
1145200 1298.4
1145210 1298.0
1145220 1298.0
1145230 1298.0
1145240 1298.1
1145250 1298.0
1145260 1298.0
1145270 1297.7
1145280 1296.9
1145290 1296.9
1145300 1295.9
1145310 1295.0
1145320 1295.3
1145330 1295.3
1145340 1294.6
1145350 1293.9
1145360 1293.9
1145370 1293.5
1145380 1293.0
1145390 1293.0
1145400 1291.8
1145410 1289.2
1145420 1289.2
1145430 1287.8
1145440 1286.7
1145450 1285.7
1145460 1283.3
1145470 1282.9
1145480 1282.9
1145490 1282.5
1145500 1281.1
1145510 1281.1
1145520 1280.2
1145530 1279.0
1145540 1277.7
1145550 1277.7
1145560 1276.7
1145570 1275.9
1145580 1275.9
1145590 1275.1
1145600 1274.2
1145610 1274.2
1145620 1273.3
1145630 1272.6
1145640 1272.6
1145650 1272.1
1145660 1271.4
1145670 1271.4
1145680 1270.4
1145690 1269.6
1145700 1269.6
1145710 1269.5
1145720 1269.5
1145730 1269.5
1145740 1269.7
1145750 1270.2
1145760 1270.2
1145770 1271.3
1145780 1271.8
1145790 1272.3
1145800 1272.3
1145810 1272.9
1145820 1273.5
1145830 1272.6
1145840 1272.4
1145850 1272.8
1145860 1272.8
1145870 1273.3
1145880 1273.0
1145890 1273.0
1145900 1272.3
1145910 1272.0
1145920 1272.0
1145930 1271.8
1145940 1272.3
1145950 1272.3
1145960 1272.3
1145970 1272.0
1145980 1272.0
1145990 1272.1
1146000 1271.8
1146010 1271.8
1146020 1272.0
1146030 1272.3
1146040 1272.0
1146050 1272.0
1146060 1271.0
1146070 1270.1
1146080 1270.1
1146090 1269.4
1146100 1268.8
1146110 1268.8
1146120 1268.3
1146130 1267.9
1146140 1267.9
1146150 1267.5
1146160 1267.1
1146170 1267.1
1146180 1266.7
1146190 1266.4
1146200 1265.0
1146210 1264.6
1146220 1264.1
1146230 1264.1
1146240 1263.5
1146250 1262.9
1146260 1262.2
1146270 1262.2
1146280 1261.5
1146290 1260.9
1146300 1260.9
1146310 1260.2
1146320 1259.4
1146330 1259.4
1146340 1258.4
1146350 1253.1
1146360 1253.1
1146370 1251.7
1146380 1256.3
1146390 1256.3
1146400 1257.5
1146410 1256.9
1146420 1256.9
1146430 1254.6
1146440 1252.2
1146450 1252.2
1146460 1250.6
1146470 1249.9
1146480 1249.9
1146490 1250.2
1146500 1251.5
1146510 1252.4
1146520 1252.4
1146530 1251.8
1146540 1250.9
1146550 1250.9
1146560 1250.0
1146570 1249.3
1146580 1248.4
1146590 1247.7
1146600 1246.6
1146610 1246.6
1146620 1243.7
1146630 1240.0
1146640 1240.0
1146650 1236.6
1146660 1234.2
1146670 1234.2
1146680 1232.8
1146690 1232.2
1146700 1232.2
1146710 1231.9
1146720 1231.7
1146730 1231.2
1146740 1231.2
1146750 1229.5
1146760 1229.0
1146770 1229.0
1146780 1228.7
1146790 1228.4
1146800 1228.4
1146810 1228.0
1146820 1227.7
1146830 1227.7
1146840 1227.4
1146850 1227.0
1146860 1227.0
1146870 1226.7
1146880 1226.3
1146890 1226.3
1146900 1226.0
1146910 1225.9
1146920 1225.9
1146930 1225.7
1146940 1225.5
1146950 1225.3
1146960 1225.0
1146970 1224.8
1146980 1224.6
1146990 1224.6
1147000 1224.5
1147010 1224.4
1147020 1224.4
1147030 1224.3
1147040 1224.1
1147050 1224.1
1147060 1224.1
1147070 1224.1
1147080 1224.1
1147090 1224.0
1147100 1224.2
1147110 1224.2
1147120 1224.3
1147130 1224.2
1147140 1224.2
1147150 1224.0
1147160 1223.8
1147170 1223.8
1147180 1223.5
1147190 1223.2
1147200 1223.2
1147210 1223.0
1147220 1222.8
1147230 1222.9
1147240 1222.9
1147250 1222.7
1147260 1222.8
1147270 1222.8
1147280 1222.6
1147290 1222.2
1147300 1222.2
1147310 1221.8
1147320 1221.2
1147330 1219.6
1147340 1219.5
1147350 1219.8
1147360 1219.8
1147370 1219.7
1147380 1219.7
1147390 1219.7
1147400 1219.6
1147410 1219.6
1147420 1219.6
1147430 1219.3
1147440 1219.0
1147450 1218.7
1147460 1218.7
1147470 1218.5
1147480 1218.3
1147490 1218.3
1147500 1218.5
1147510 1218.7
1147520 1218.7
1147530 1218.5
1147540 1218.3
1147550 1218.3
1147560 1218.2
1147570 1218.1
1147580 1218.1
1147590 1218.0
1147600 1217.9
1147610 1217.9
1147620 1217.8
1147630 1217.7
1147640 1217.7
1147650 1217.5
1147660 1217.2
1147670 1217.2
1147680 1217.2
1147690 1217.2
1147700 1217.0
1147710 1217.0
1147720 1216.8
1147730 1216.6
1147740 1216.6
1147750 1216.6
1147760 1216.5
1147770 1216.5
1147780 1216.5
1147790 1216.2
1147800 1216.2
1147810 1215.9
1147820 1216.0
1147830 1216.0
1147840 1216.2
1147850 1216.3
1147860 1216.3
1147870 1216.2
1147880 1215.7
1147890 1215.7
1147900 1214.8
1147910 1214.7
1147920 1215.0
1147930 1215.0
1147940 1215.0
1147950 1215.0
1147960 1215.0
1147970 1215.1
1147980 1213.9
1147990 1213.9
1148000 1211.9
1148010 1211.5
1148020 1211.5
1148030 1212.3
1148040 1213.7
1148050 1213.7
1148060 1215.7
1148070 1219.2
1148080 1225.0
1148090 1227.5
1148100 1228.0
1148110 1228.0
1148120 1228.3
1148130 1228.4
1148140 1228.4
1148150 1228.4
1148160 1228.4
1148170 1227.7
1148180 1227.7
1148190 1224.6
1148200 1224.1
1148210 1224.1
1148220 1224.0
1148230 1224.9
1148240 1224.9
1148250 1225.0
1148260 1223.2
1148270 1223.2
1148280 1221.0
1148290 1219.9
1148300 1219.9
1148310 1219.3
1148320 1219.9
1148330 1219.9
1148340 1219.4
1148350 1218.5
1148360 1218.5
1148370 1218.7
1148380 1219.1
1148390 1219.1
1148400 1219.7
1148410 1220.3
1148420 1220.4
1148430 1220.4
1148440 1219.8
1148450 1217.4
1148460 1219.3
1148470 1218.3
1148480 1216.1
1148490 1216.1
1148500 1213.8
1148510 1212.4
1148520 1212.4
1148530 1211.8
1148540 1212.1
1148550 1212.1
1148560 1211.4
1148570 1209.9
1148580 1209.9
1148590 1209.2
1148600 1208.8
1148610 1208.8
1148620 1208.5
1148630 1208.2
1148640 1208.0
1148650 1208.0
1148660 1208.0
1148670 1207.9
1148680 1207.9
1148690 1208.1
1148700 1208.4
1148710 1208.4
1148720 1208.5
1148730 1208.8
1148740 1208.8
1148750 1209.2
1148760 1209.4
1148770 1209.4
1148780 1209.8
1148790 1210.5
1148800 1210.5
1148810 1211.5
1148820 1212.4
1148830 1212.4
1148840 1214.8
1148850 1213.6
1148860 1213.6
1148870 1214.7
1148880 1215.7
1148890 1218.2
1148900 1218.2
1148910 1219.8
1148920 1219.1
1148930 1219.1
1148940 1218.1
1148950 1217.1
1148960 1217.1
1148970 1216.1
1148980 1215.1
1148990 1215.1
1149000 1214.0
1149010 1213.2
1149020 1213.2
1149030 1212.6
1149040 1212.5
1149050 1212.5
1149060 1212.4
1149070 1212.0
1149080 1212.0
1149090 1210.9
1149100 1210.0
1149110 1209.4
1149120 1209.4
1149130 1209.1
1149140 1209.0
1149150 1209.0
1149160 1208.9
1149170 1209.1
1149180 1209.1
1149190 1209.3
1149200 1209.5
1149210 1209.5
1149220 1212.1
1149230 1212.0
1149240 1212.0
1149250 1212.0
1149260 1211.9
1149270 1211.9
1149280 1211.8
1149290 1211.7
1149300 1211.7
1149310 1211.6
1149320 1211.5
1149330 1211.5
1149340 1211.4
1149350 1211.4
1149360 1211.5
1149370 1211.5
1149380 1211.6
1149390 1211.9
1149400 1211.9
1149410 1212.6
1149420 1213.2
1149430 1213.2
1149440 1213.5
1149450 1214.1
1149460 1214.1
1149470 1215.0
1149480 1215.5
1149490 1215.5
1149500 1215.7
1149510 1215.8
1149520 1215.8
1149530 1214.6
1149540 1216.3
1149550 1216.3
1149560 1220.0
1149570 1224.9
1149580 1224.9
1149590 1229.4
1149600 1237.6
1149610 1241.0
1149620 1241.0
1149630 1243.9
1149640 1245.5
1149650 1245.5
1149660 1246.7
1149670 1247.6
1149680 1247.6
1149690 1249.3
1149700 1251.2
1149710 1251.2
1149720 1255.6
1149730 1261.7
1149740 1261.7
1149750 1266.8
1149760 1270.3
1149770 1270.3
1149780 1273.1
1149790 1275.0
1149800 1275.0
1149810 1277.5
1149820 1278.8
1149830 1281.7
1149840 1281.7
1149850 1285.0
1149860 1286.7
1149870 1286.7
1149880 1287.2
1149890 1286.3
1149900 1286.3
1149910 1282.3
1149920 1277.9
1149930 1277.9
1149940 1279.4
1149950 1281.9
1149960 1281.9
1149970 1283.8
1149980 1288.3
1149990 1288.3
1150000 1287.8
1150010 1287.3
1150020 1287.3
1150030 1286.8
1150040 1285.5
1150050 1285.5
1150060 1283.1
1150070 1279.0
1150080 1274.0
1150090 1274.0
1150100 1270.8
1150110 1266.4
1150120 1266.4
1150130 1263.0
1150140 1262.1
1150150 1262.1
1150160 1260.7
1150170 1257.6
1150180 1257.6
1150190 1254.2
1150200 1250.8
1150210 1250.8
1150220 1246.6
1150230 1243.5
1150240 1243.5
1150250 1241.8
1150260 1244.2
1150270 1244.2
1150280 1246.8
1150290 1240.4
1150300 1239.3
1150310 1239.3
1150320 1239.1
1150330 1238.8
1150340 1238.8
1150350 1238.8
1150360 1240.7
1150370 1240.7
1150380 1241.9
1150390 1243.4
1150400 1243.4
1150410 1244.7
1150420 1245.0
1150430 1245.0
1150440 1243.5
1150450 1239.4
1150460 1239.4
1150470 1234.7
1150480 1233.6
1150490 1233.6
1150500 1234.7
1150510 1233.3
1150520 1233.3
1150530 1232.2
1150540 1232.0
1150550 1232.0
1150560 1232.0
1150570 1231.9
1150580 1232.0
1150590 1232.0
1150600 1230.4
1150610 1228.1
1150620 1228.1
1150630 1225.2
1150640 1222.7
1150650 1222.7
1150660 1220.7
1150670 1219.9
1150680 1219.9
1150690 1220.0
1150700 1220.9
1150710 1220.9
1150720 1221.3
1150730 1222.0
1150740 1228.2
1150750 1228.6
1150760 1230.6
1150770 1230.6
1150780 1232.4
1150790 1233.1
1150800 1232.1
1150810 1232.1
1150820 1230.7
1150830 1232.8
1150840 1232.8
1150850 1232.7
1150860 1231.7
1150870 1231.7
1150880 1230.8
1150890 1228.9
1150900 1228.9
1150910 1227.0
1150920 1223.1
1150930 1223.1
1150940 1220.3
1150950 1218.2
1150960 1218.2
1150970 1216.6
1150980 1216.3
1150990 1216.3
1151000 1216.9
1151010 1217.5
1151020 1218.4
1151030 1218.4
1151040 1219.0
1151050 1220.0
1151060 1220.0
1151070 1221.3
1151080 1222.4
1151090 1222.4
1151100 1223.0
1151110 1223.3
1151120 1224.6
1151130 1224.6
1151140 1224.5
1151150 1224.5
1151160 1224.8
1151170 1225.2
1151180 1225.2
1151190 1225.6
1151200 1226.9
1151210 1226.9
1151220 1225.5
1151230 1224.9
1151240 1224.9
1151250 1225.2
1151260 1225.2
1151270 1224.6
1151280 1224.6
1151290 1225.0
1151300 1225.3
1151310 1225.3
1151320 1221.1
1151330 1218.6
1151340 1218.6
1151350 1218.0
1151360 1221.4
1151370 1221.4
1151380 1221.8
1151390 1221.8
1151400 1221.8
1151410 1225.2
1151420 1228.5
1151430 1228.5
1151440 1231.8
1151450 1234.9
1151460 1234.9
1151470 1236.9
1151480 1237.8
1151490 1239.1
1151500 1245.0
1151510 1246.7
1151520 1248.3
1151530 1248.3
1151540 1249.8
1151550 1251.6
1151560 1251.6
1151570 1255.4
1151580 1261.1
1151590 1261.1
1151600 1266.7
1151610 1272.2
1151620 1272.2
1151630 1276.4
1151640 1279.4
1151650 1279.4
1151660 1283.0
1151670 1286.5
1151680 1286.5
1151690 1289.0
1151700 1291.7
1151710 1291.7
1151720 1293.4
1151730 1298.1
1151740 1303.3
1151750 1303.3
1151760 1306.3
1151770 1308.2
1151780 1308.2
1151790 1311.4
1151800 1314.1
1151810 1314.1
1151820 1316.0
1151830 1317.3
1151840 1317.3
1151850 1319.5
1151860 1321.6
1151870 1321.6
1151880 1329.5
1151890 1329.7
1151900 1329.7
1151910 1328.2
1151920 1329.4
1151930 1329.4
1151940 1335.5
1151950 1339.4
1151960 1339.4
1151970 1341.7
1151980 1343.1
1151990 1343.3
1152000 1343.3
1152010 1344.9
1152020 1346.9
1152030 1346.9
1152040 1346.6
1152050 1348.3
1152060 1348.3
1152070 1353.6
1152080 1358.8
1152090 1358.8
1152100 1362.6
1152110 1365.3
1152120 1365.3
1152130 1367.5
1152140 1369.6
1152150 1369.6
1152160 1372.0
1152170 1373.5
1152180 1373.5
1152190 1374.4
1152200 1376.5
1152210 1378.5
1152220 1378.5
1152230 1380.4
1152240 1382.7
1152250 1382.7
1152260 1390.4
1152270 1392.8
1152280 1392.8
1152290 1395.1
1152300 1398.0
1152310 1398.0
1152320 1400.6
1152330 1402.7
1152340 1402.7
1152350 1405.2
1152360 1407.8
1152370 1407.8
1152380 1410.9
1152390 1414.2
1152400 1414.2
1152410 1417.7
1152420 1421.0
1152430 1421.0
1152440 1422.9
1152450 1424.9
1152460 1426.9
1152470 1426.9
1152480 1429.1
1152490 1431.0
1152500 1431.0
1152510 1433.1
1152520 1434.6
1152530 1434.6
1152540 1436.2
1152550 1437.8
1152560 1437.8
1152570 1438.5
1152580 1439.8
1152590 1439.8
1152600 1443.0
1152610 1446.0
1152620 1446.0
1152630 1448.2
1152640 1458.1
1152650 1458.1
1152660 1460.4
1152670 1462.3
1152680 1462.3
1152690 1463.5
1152700 1462.2
1152710 1463.3
1152720 1463.3
1152730 1465.3
1152740 1468.5
1152750 1468.5
1152760 1471.9
1152770 1474.0
1152780 1474.0
1152790 1474.2
1152800 1475.0
1152810 1475.0
1152820 1474.7
1152830 1476.3
1152840 1476.3
1152850 1478.1
1152860 1478.4
1152870 1478.4
1152880 1479.4
1152890 1482.1
1152900 1482.1
1152910 1484.2
1152920 1487.3
1152930 1490.7
1152940 1490.7
1152950 1493.3
1152960 1495.3
1152970 1495.3
1152980 1497.3
1152990 1499.2
1153000 1499.2
1153010 1500.4
1153020 1500.7
1153030 1504.4
1153040 1498.2
1153050 1492.4
1153060 1492.4
1153070 1490.2
1153080 1488.9
1153090 1488.9
1153100 1490.9
1153110 1494.2
1153120 1494.2
1153130 1496.9
1153140 1501.2
1153150 1501.2
1153160 1503.5
1153170 1500.6
1153180 1494.3
1153190 1494.3
1153200 1488.2
1153210 1485.0
1153220 1485.0
1153230 1485.1
1153240 1483.6
1153250 1483.6
1153260 1483.5
1153270 1485.0
1153280 1485.0
1153290 1486.2
1153300 1487.5
1153310 1487.5
1153320 1489.0
1153330 1486.2
1153340 1486.2
1153350 1479.3
1153360 1471.6
1153370 1471.6
1153380 1477.0
1153390 1485.2
1153400 1487.8
1153410 1491.7
1153420 1496.8
1153430 1501.6
1153440 1501.6
1153450 1505.1
1153460 1509.4
1153470 1509.4
1153480 1513.5
1153490 1517.2
1153500 1517.2
1153510 1521.7
1153520 1526.5
1153530 1526.5
1153540 1531.3
1153550 1535.7
1153560 1535.7
1153570 1540.8
1153580 1544.3
1153590 1544.3
1153600 1546.6
1153610 1547.9
1153620 1547.9
1153630 1549.2
1153640 1550.2
1153650 1550.8
1153660 1550.8
1153670 1550.4
1153680 1550.8
1153690 1550.8
1153700 1552.1
1153710 1552.5
1153720 1552.5
1153730 1551.0
1153740 1549.4
1153750 1549.4
1153760 1549.1
1153770 1547.9
1153780 1547.9
1153790 1548.1
1153800 1546.7
1153810 1546.7
1153820 1546.4
1153830 1545.8
1153840 1545.8
1153850 1543.8
1153860 1539.0
1153870 1534.6
1153880 1534.6
1153890 1529.2
1153900 1520.2
1153910 1520.2
1153920 1510.2
1153930 1500.2
1153940 1500.2
1153950 1491.5
1153960 1484.8
1153970 1484.8
1153980 1479.8
1153990 1480.9
1154000 1480.9
1154010 1479.3
1154020 1468.4
1154030 1468.4
1154040 1468.7
1154050 1480.2
1154060 1480.2
1154070 1495.1
1154080 1505.2
1154090 1505.2
1154100 1512.9
1154110 1517.5
1154120 1520.8
1154130 1520.8
1154140 1526.4
1154150 1533.6
1154160 1533.6
1154170 1544.4
1154180 1552.9
1154190 1552.9
1154200 1546.7
1154210 1540.6
1154220 1540.6
1154230 1537.9
1154240 1535.9
1154250 1535.9
1154260 1534.3
1154270 1534.0
1154280 1534.0
1154290 1534.8
1154300 1536.4
1154310 1536.4
1154320 1539.6
1154330 1544.0
1154340 1544.0
1154350 1552.9
1154360 1562.4
1154370 1571.5
1154380 1571.5
1154390 1578.3
1154400 1580.2
1154410 1580.2
1154420 1577.3
1154430 1571.3
1154440 1571.3
1154450 1565.9
1154460 1562.2
1154470 1562.2
1154480 1559.5
1154490 1558.6
1154500 1558.6
1154510 1560.5
1154520 1562.5
1154530 1562.5
1154540 1564.2
1154550 1566.5
1154560 1574.7
1154570 1579.4
1154580 1582.8
1154590 1586.4
1154600 1586.4
1154610 1589.4
1154620 1593.1
1154630 1593.1
1154640 1599.8
1154650 1606.7
1154660 1606.7
1154670 1612.4
1154680 1617.4
1154690 1617.4
1154700 1620.6
1154710 1622.6
1154720 1622.6
1154730 1624.9
1154740 1626.6
1154750 1626.6
1154760 1628.6
1154770 1629.5
1154780 1629.5
1154790 1630.2
1154800 1631.2
1154810 1631.2
1154820 1631.7
1154830 1632.0
1154840 1632.1
1154850 1632.1
1154860 1632.2
1154870 1632.5
1154880 1632.5
1154890 1632.3
1154900 1631.5
1154910 1631.5
1154920 1631.1
1154930 1630.8
1154940 1630.8
1154950 1633.4
1154960 1632.4
1154970 1632.4
1154980 1631.6
1154990 1630.1
1155000 1630.1
1155010 1628.3
1155020 1626.4
1155030 1626.4
1155040 1624.7
1155050 1622.7
1155060 1621.6
1155070 1621.6
1155080 1620.8
1155090 1620.2
1155100 1620.2
1155110 1619.4
1155120 1618.8
1155130 1618.8
1155140 1618.8
1155150 1618.4
1155160 1618.4
1155170 1617.8
1155180 1617.1
1155190 1617.1
1155200 1616.6
1155210 1616.0
1155220 1616.0
1155230 1615.2
1155240 1613.8
1155250 1613.8
1155260 1612.2
1155270 1611.4
1155280 1611.4
1155290 1611.6
1155300 1612.2
1155310 1612.5
1155320 1612.5
1155330 1615.4
1155340 1614.2
1155350 1614.2
1155360 1609.5
1155370 1602.1
1155380 1602.1
1155390 1593.8
1155400 1583.9
1155410 1583.9
1155420 1573.9
1155430 1564.0
1155440 1564.0
1155450 1559.7
1155460 1566.6
1155470 1566.6
1155480 1574.5
1155490 1581.2
1155500 1581.2
1155510 1587.0
1155520 1592.4
1155530 1592.4
1155540 1597.6
1155550 1603.8
1155560 1610.4
1155570 1610.4
1155580 1612.8
1155590 1612.8
1155600 1612.8
1155610 1613.0
1155620 1613.5
1155630 1613.5
1155640 1611.6
1155650 1605.5
1155660 1605.5
1155670 1595.6
1155680 1587.4
1155690 1587.4
1155700 1580.7
1155710 1574.5
1155720 1581.5
1155730 1568.6
1155740 1563.9
1155750 1563.9
1155760 1565.2
1155770 1569.5
1155780 1579.3
1155790 1579.3
1155800 1592.3
1155810 1603.6
1155820 1603.6
1155830 1609.2
1155840 1609.6
1155850 1609.6
1155860 1609.3
1155870 1609.8
1155880 1609.8
1155890 1609.6
1155900 1605.9
1155910 1605.9
1155920 1604.0
1155930 1605.3
1155940 1605.3
1155950 1606.0
1155960 1605.3
1155970 1605.3
1155980 1605.0
1155990 1605.3
1156000 1605.3
1156010 1607.3
1156020 1611.7
1156030 1616.8
1156040 1616.8
1156050 1620.2
1156060 1622.5
1156070 1622.5
1156080 1624.4
1156090 1625.5
1156100 1628.2
1156110 1628.6
1156120 1629.6
1156130 1629.6
1156140 1631.1
1156150 1632.3
1156160 1632.3
1156170 1633.7
1156180 1635.6
1156190 1635.6
1156200 1637.5
1156210 1639.2
1156220 1639.2
1156230 1640.6
1156240 1640.4
1156250 1638.6
1156260 1638.6
1156270 1639.1
1156280 1642.3
1156290 1642.3
1156300 1646.4
1156310 1650.5
1156320 1650.5
1156330 1653.6
1156340 1654.7
1156350 1654.7
1156360 1655.5
1156370 1656.9
1156380 1656.9
1156390 1657.8
1156400 1657.8
1156410 1657.8
1156420 1655.9
1156430 1653.8
1156440 1653.8
1156450 1652.6
1156460 1652.6
1156470 1652.6
1156480 1653.1
1156490 1661.1
1156500 1660.5
1156510 1660.5
1156520 1658.8
1156530 1657.4
1156540 1657.4
1156550 1656.1
1156560 1654.5
1156570 1654.5
1156580 1653.2
1156590 1651.8
1156600 1651.8
1156610 1651.1
1156620 1650.0
1156630 1650.0
1156640 1648.0
1156650 1646.6
1156660 1646.6
1156670 1645.1
1156680 1643.1
1156690 1643.1
1156700 1640.0
1156710 1636.7
1156720 1636.7
1156730 1632.1
1156740 1627.9
1156750 1626.1
1156760 1626.1
1156770 1625.5
1156780 1623.6
1156790 1623.6
1156800 1621.9
1156810 1620.7
1156820 1620.7
1156830 1620.4
1156840 1620.2
1156850 1620.2
1156860 1619.3
1156870 1618.3
1156880 1623.3
1156890 1622.8
1156900 1621.7
1156910 1621.7
1156920 1619.4
1156930 1618.3
1156940 1618.3
1156950 1617.8
1156960 1616.7
1156970 1615.5
1156980 1615.5
1156990 1614.8
1157000 1614.2
1157010 1614.2
1157020 1613.2
1157030 1612.2
1157040 1612.2
1157050 1611.5
1157060 1610.2
1157070 1610.2
1157080 1607.8
1157090 1605.7
1157100 1605.7
1157110 1604.3
1157120 1602.1
1157130 1602.1
1157140 1598.9
1157150 1597.8
1157160 1597.8
1157170 1597.7
1157180 1596.6
1157190 1596.6
1157200 1595.6
1157210 1593.5
1157220 1593.3
1157230 1593.3
1157240 1593.2
1157250 1592.7
1157260 1592.7
1157270 1595.8
1157280 1594.7
1157290 1594.7
1157300 1594.0
1157310 1591.9
1157320 1591.9
1157330 1589.9
1157340 1589.9
1157350 1589.9
1157360 1590.1
1157370 1589.2
1157380 1589.2
1157390 1588.0
1157400 1586.5
1157410 1586.5
1157420 1584.1
1157430 1582.4
1157440 1581.6
1157450 1581.6
1157460 1579.1
1157470 1575.6
1157480 1575.6
1157490 1571.8
1157500 1566.5
1157510 1566.5
1157520 1561.9
1157530 1561.1
1157540 1561.1
1157550 1561.3
1157560 1561.4
1157570 1561.4
1157580 1560.9
1157590 1560.0
1157600 1560.0
1157610 1558.7
1157620 1555.9
1157630 1555.9
1157640 1550.9
1157650 1550.6
1157660 1550.6
1157670 1547.4
1157680 1545.4
1157690 1544.9
1157700 1544.9
1157710 1545.0
1157720 1545.7
1157730 1545.7
1157740 1546.3
1157750 1547.0
1157760 1547.0
1157770 1547.2
1157780 1546.4
1157790 1546.4
1157800 1545.3
1157810 1543.9
1157820 1543.9
1157830 1541.4
1157840 1538.4
1157850 1538.4
1157860 1536.0
1157870 1532.8
1157880 1532.8
1157890 1529.8
1157900 1527.3
1157910 1523.9
1157920 1523.9
1157930 1520.0
1157940 1516.0
1157950 1516.0
1157960 1512.4
1157970 1508.6
1157980 1508.6
1157990 1504.2
1158000 1499.5
1158010 1499.5
1158020 1495.1
1158030 1489.6
1158040 1495.7
1158050 1491.2
1158060 1487.1
1158070 1487.1
1158080 1483.7
1158090 1479.4
1158100 1479.4
1158110 1475.0
1158120 1470.9
1158130 1470.9
1158140 1467.3
1158150 1462.6
1158160 1457.7
1158170 1457.7
1158180 1452.2
1158190 1447.6
1158200 1447.6
1158210 1443.0
1158220 1438.5
1158230 1438.5
1158240 1433.7
1158250 1428.3
1158260 1428.3
1158270 1423.5
1158280 1419.7
1158290 1419.7
1158300 1415.9
1158310 1411.0
1158320 1411.0
1158330 1405.8
1158340 1399.9
1158350 1399.9
1158360 1394.5
1158370 1388.8
1158380 1388.8
1158390 1382.9
1158400 1376.6
1158410 1369.6
1158420 1369.6
1158430 1369.7
1158440 1364.5
1158450 1364.5
1158460 1357.7
1158470 1350.7
1158480 1350.7
1158490 1343.4
1158500 1336.2
1158510 1336.2
1158520 1328.8
1158530 1321.3
1158540 1321.3
1158550 1314.3
1158560 1308.5
1158570 1308.5
1158580 1303.0
1158590 1297.7
1158600 1297.7
1158610 1292.2
1158620 1286.3
1158630 1280.5
1158640 1280.5
1158650 1275.3
1158660 1270.3
1158670 1270.3
1158680 1264.8
1158690 1259.3
1158700 1259.3
1158710 1254.4
1158720 1249.0
1158730 1249.0
1158740 1244.3
1158750 1239.3
1158760 1239.3
1158770 1234.7
1158780 1231.5
1158790 1231.5
1158800 1227.3
1158810 1222.8
1158820 1226.1
1158830 1222.3
1158840 1217.5
1158850 1217.5
1158860 1212.0
1158870 1206.4
1158880 1201.4
1158890 1201.4
1158900 1196.7
1158910 1191.0
1158920 1191.0
1158930 1185.0
1158940 1179.2
1158950 1179.2
1158960 1172.9
1158970 1166.7
1158980 1166.7
1158990 1160.3
1159000 1154.7
1159010 1154.7
1159020 1149.8
1159030 1144.8
1159040 1144.8
1159050 1141.3
1159060 1138.4
1159070 1138.4
1159080 1136.8
1159090 1134.1
1159100 1128.4
1159110 1128.4
1159120 1126.2
1159130 1125.4
1159140 1125.4
1159150 1124.7
1159160 1124.3
1159170 1124.3
1159180 1124.3
1159190 1124.7
1159200 1124.7
1159210 1124.4
1159220 1124.2
1159230 1124.2
1159240 1122.5
1159250 1122.0
1159260 1122.0
1159270 1121.6
1159280 1119.2
1159290 1119.2
1159300 1118.1
1159310 1117.6
1159320 1117.6
1159330 1115.2
1159340 1112.6
1159350 1111.7
1159360 1111.7
1159370 1111.4
1159380 1110.8
1159390 1110.8
1159400 1108.8
1159410 1109.5
1159420 1109.5
1159430 1112.4
1159440 1112.5
1159450 1112.5
1159460 1112.5
1159470 1113.2
1159480 1113.2
1159490 1116.8
1159500 1121.6
1159510 1121.6
1159520 1122.8
1159530 1123.8
1159540 1123.8
1159550 1125.7
1159560 1129.0
1159570 1129.0
1159580 1130.5
1159590 1131.7
1159600 1131.8
1159610 1131.8
1159620 1133.2
1159630 1135.1
1159640 1135.1
1159650 1134.9
1159660 1135.5
1159670 1135.5
1159680 1138.4
1159690 1140.7
1159700 1140.7
1159710 1142.3
1159720 1143.8
1159730 1143.8
1159740 1145.7
1159750 1146.4
1159760 1146.4
1159770 1147.7
1159780 1149.5
1159790 1149.5
1159800 1151.0
1159810 1152.3
1159820 1153.1
1159830 1153.1
1159840 1153.5
1159850 1154.6
1159860 1154.6
1159870 1155.7
1159880 1156.2
1159890 1156.2
1159900 1157.1
1159910 1159.2
1159920 1159.2
1159930 1163.2
1159940 1169.0
1159950 1169.0
1159960 1174.6
1159970 1180.3
1159980 1180.3
1159990 1190.2
