1140000 2161.1
1140010 2157.3
1140020 2155.2
1140030 2155.2
1140040 2155.4
1140050 2154.6
1140060 2154.6
1140070 2153.5
1140080 2149.4
1140090 2149.4
1140100 2149.0
1140110 2150.8
1140120 2150.8
1140130 2151.3
1140140 2152.2
1140150 2153.5
1140160 2153.5
1140170 2153.7
1140180 2153.6
1140190 2153.6
1140200 2153.1
1140210 2152.8
1140220 2152.8
1140230 2151.3
1140240 2149.8
1140250 2149.8
1140260 2146.9
1140270 2142.3
1140280 2142.3
1140290 2135.5
1140300 2128.8
1140310 2128.8
1140320 2133.0
1140330 2128.9
1140340 2128.9
1140350 2129.0
1140360 2133.8
1140370 2133.8
1140380 2137.7
1140390 2141.6
1140400 2144.9
1140410 2144.9
1140420 2149.2
1140430 2152.3
1140440 2152.3
1140450 2155.6
1140460 2171.1
1140470 2171.1
1140480 2183.0
1140490 2189.0
1140500 2189.0
1140510 2195.9
1140520 2203.8
1140530 2203.8
1140540 2210.3
1140550 2216.2
1140560 2216.2
1140570 2221.4
1140580 2226.0
1140590 2226.0
1140600 2229.8
1140610 2233.2
1140620 2236.6
1140630 2236.6
1140640 2240.9
1140650 2244.6
1140660 2244.6
1140670 2248.5
1140680 2250.8
1140690 2256.8
1140700 2257.1
1140710 2256.7
1140720 2256.7
1140730 2255.0
1140740 2252.3
1140750 2252.3
1140760 2251.1
1140770 2250.2
1140780 2250.2
1140790 2249.1
1140800 2247.3
1140810 2247.3
1140820 2244.7
1140830 2242.6
1140840 2242.6
1140850 2241.7
1140860 2241.0
1140870 2239.4
1140880 2239.4
1140890 2236.0
1140900 2233.1
1140910 2233.1
1140920 2233.1
1140930 2233.3
1140940 2233.3
1140950 2232.8
1140960 2230.7
1140970 2230.7
1140980 2227.1
1140990 2219.7
1141000 2219.7
1141010 2210.7
1141020 2202.7
1141030 2202.7
1141040 2196.6
1141050 2191.8
1141060 2196.0
1141070 2191.5
1141080 2187.9
1141090 2187.9
1141100 2184.0
1141110 2179.8
1141120 2175.6
1141130 2175.6
1141140 2170.9
1141150 2166.8
1141160 2166.8
1141170 2163.2
1141180 2159.3
1141190 2159.3
1141200 2155.5
1141210 2152.9
1141220 2152.9
1141230 2149.0
1141240 2146.8
1141250 2146.8
1141260 2145.2
1141270 2145.0
1141280 2145.0
1141290 2145.8
1141300 2146.1
1141310 2146.1
1141320 2146.6
1141330 2147.3
1141340 2147.3
1141350 2147.4
1141360 2147.2
1141370 2146.3
1141380 2146.3
1141390 2143.9
1141400 2141.7
1141410 2141.7
1141420 2140.7
1141430 2143.6
1141440 2143.6
1141450 2144.4
1141460 2144.9
1141470 2144.9
1141480 2145.4
1141490 2146.2
1141500 2146.2
1141510 2146.5
1141520 2147.8
1141530 2147.8
1141540 2149.8
1141550 2150.2
1141560 2150.2
1141570 2150.4
1141580 2150.4
1141590 2151.2
1141600 2151.2
1141610 2150.7
1141620 2149.1
1141630 2149.1
1141640 2147.6
1141650 2146.5
1141660 2146.5
1141670 2146.5
1141680 2147.8
1141690 2147.8
1141700 2150.0
1141710 2153.3
1141720 2153.3
1141730 2156.6
1141740 2159.1
1141750 2159.1
1141760 2162.6
1141770 2166.0
1141780 2166.0
1141790 2168.3
1141800 2169.2
1141810 2169.2
1141820 2171.6
1141830 2173.2
1141840 2175.2
1141850 2175.2
1141860 2176.3
1141870 2177.5
1141880 2177.5
1141890 2179.7
1141900 2180.8
1141910 2180.8
1141920 2180.5
1141930 2178.5
1141940 2178.5
1141950 2176.4
1141960 2175.1
1141970 2175.1
1141980 2173.9
1141990 2172.3
1142000 2172.3
1142010 2171.7
1142020 2170.4
1142030 2170.4
1142040 2169.4
1142050 2169.0
1142060 2169.0
1142070 2169.7
1142080 2170.2
1142090 2171.0
1142100 2171.0
1142110 2172.1
1142120 2172.7
1142130 2172.7
1142140 2173.6
1142150 2174.4
1142160 2174.4
1142170 2177.3
1142180 2180.2
1142190 2180.2
1142200 2184.7
1142210 2187.5
1142220 2187.5
1142230 2190.3
1142240 2194.0
1142250 2194.0
1142260 2197.8
1142270 2200.6
1142280 2200.6
1142290 2203.0
1142300 2205.1
1142310 2205.1
1142320 2207.8
1142330 2210.3
1142340 2212.8
1142350 2212.8
1142360 2214.7
1142370 2216.4
1142380 2216.4
1142390 2219.0
1142400 2222.8
1142410 2222.8
1142420 2224.8
1142430 2226.9
1142440 2226.9
1142450 2230.6
1142460 2232.7
1142470 2232.7
1142480 2234.2
1142490 2235.7
1142500 2235.7
1142510 2237.0
1142520 2242.4
1142530 2242.4
1142540 2247.3
1142550 2250.2
1142560 2251.5
1142570 2251.5
1142580 2251.8
1142590 2252.1
1142600 2252.1
1142610 2252.9
1142620 2252.9
1142630 2252.9
1142640 2253.8
1142650 2256.4
1142660 2256.4
1142670 2259.5
1142680 2262.2
1142690 2262.2
1142700 2263.4
1142710 2264.2
1142720 2264.2
1142730 2265.2
1142740 2265.6
1142750 2265.6
1142760 2267.2
1142770 2268.1
1142780 2268.1
1142790 2269.6
1142800 2271.1
1142810 2272.3
1142820 2272.3
1142830 2274.4
1142840 2275.8
1142850 2275.8
1142860 2277.2
1142870 2278.8
1142880 2278.8
1142890 2280.1
1142900 2282.3
1142910 2283.1
1142920 2283.9
1142930 2284.4
1142940 2284.4
1142950 2283.8
1142960 2283.5
1142970 2283.5
1142980 2283.6
1142990 2283.5
1143000 2283.5
1143010 2284.3
1143020 2285.7
1143030 2285.7
1143040 2287.4
1143050 2289.2
1143060 2290.8
1143070 2290.8
1143080 2292.7
1143090 2294.7
1143100 2294.7
1143110 2295.4
1143120 2295.2
1143130 2295.2
1143140 2296.1
1143150 2298.6
1143160 2298.6
1143170 2301.2
1143180 2303.0
1143190 2303.0
1143200 2301.8
1143210 2299.8
1143220 2299.8
1143230 2297.0
1143240 2295.1
1143250 2295.1
1143260 2294.2
1143270 2292.2
1143280 2289.7
1143290 2284.3
1143300 2279.5
1143310 2275.8
1143320 2275.8
1143330 2269.7
1143340 2262.7
1143350 2262.7
1143360 2254.3
1143370 2248.6
1143380 2248.6
1143390 2243.7
1143400 2238.6
1143410 2238.6
1143420 2234.2
1143430 2229.2
1143440 2229.2
1143450 2224.6
1143460 2219.8
1143470 2219.8
1143480 2216.6
1143490 2214.4
1143500 2214.4
1143510 2212.3
1143520 2211.7
1143530 2213.1
1143540 2213.1
1143550 2214.3
1143560 2214.6
1143570 2214.6
1143580 2214.5
1143590 2215.6
1143600 2215.6
1143610 2215.6
1143620 2214.9
1143630 2214.9
1143640 2214.7
1143650 2215.3
1143660 2214.9
1143670 2214.9
1143680 2215.1
1143690 2215.1
1143700 2216.0
1143710 2214.7
1143720 2214.7
1143730 2213.9
1143740 2213.4
1143750 2213.4
1143760 2214.5
1143770 2215.2
1143780 2215.8
1143790 2215.8
1143800 2216.5
1143810 2217.9
1143820 2217.9
1143830 2217.4
1143840 2215.3
1143850 2215.3
1143860 2213.5
1143870 2210.5
1143880 2210.5
1143890 2207.3
1143900 2204.3
1143910 2204.3
1143920 2201.5
1143930 2198.4
1143940 2198.4
1143950 2195.5
1143960 2193.1
1143970 2193.1
1143980 2190.5
1143990 2188.6
1144000 2188.6
1144010 2188.3
1144020 2189.4
1144030 2189.7
1144040 2189.7
1144050 2190.9
1144060 2191.1
1144070 2191.1
1144080 2189.6
1144090 2189.0
1144100 2189.0
1144110 2188.8
1144120 2188.3
1144130 2188.3
1144140 2188.5
1144150 2190.3
1144160 2190.3
1144170 2191.4
1144180 2191.1
1144190 2191.1
1144200 2190.7
1144210 2191.0
1144220 2191.0
1144230 2191.8
1144240 2193.3
1144250 2193.3
1144260 2194.5
1144270 2197.1
1144280 2199.6
1144290 2199.6
1144300 2201.9
1144310 2204.2
1144320 2204.2
1144330 2207.3
1144340 2210.2
1144350 2210.2
1144360 2212.9
1144370 2214.0
1144380 2214.0
1144390 2211.0
1144400 2217.7
1144410 2217.7
1144420 2217.7
1144430 2217.7
1144440 2217.7
1144450 2219.6
1144460 2221.4
1144470 2221.4
1144480 2220.1
1144490 2219.0
1144500 2218.8
1144510 2218.8
1144520 2221.2
1144530 2223.0
1144540 2223.0
1144550 2225.5
1144560 2228.6
1144570 2228.6
1144580 2231.1
1144590 2232.3
1144600 2232.3
1144610 2233.0
1144620 2231.6
1144630 2231.6
1144640 2230.6
1144650 2229.3
1144660 2229.3
1144670 2229.2
1144680 2229.8
1144690 2229.8
1144700 2229.8
1144710 2229.6
1144720 2229.6
1144730 2230.6
1144740 2232.1
1144750 2233.5
1144760 2233.5
1144770 2234.8
1144780 2237.6
1144790 2237.6
1144800 2238.1
1144810 2238.9
1144820 2238.9
1144830 2240.1
1144840 2241.8
1144850 2241.8
1144860 2243.0
1144870 2242.8
1144880 2242.8
1144890 2242.1
1144900 2239.4
1144910 2239.4
1144920 2235.2
1144930 2231.1
1144940 2231.1
1144950 2228.4
1144960 2229.1
1144970 2229.1
1144980 2231.4
1144990 2234.7
1145000 2237.4
1145010 2237.4
1145020 2238.0
1145030 2233.5
1145040 2233.5
1145050 2227.9
1145060 2226.0
1145070 2226.0
1145080 2225.8
1145090 2221.6
1145100 2221.6
1145110 2215.4
1145120 2210.2
1145130 2210.2
1145140 2207.2
1145150 2202.1
1145160 2202.1
1145170 2201.1
1145180 2198.4
1145190 2198.4
1145200 2198.2
1145210 2199.4
1145220 2199.4
1145230 2200.2
1145240 2200.5
1145250 2201.0
1145260 2201.0
1145270 2200.5
1145280 2199.7
1145290 2199.7
1145300 2199.3
1145310 2199.0
1145320 2199.0
1145330 2197.7
1145340 2194.9
1145350 2194.9
1145360 2192.2
1145370 2189.5
1145380 2189.5
1145390 2186.5
1145400 2184.4
1145410 2184.4
1145420 2184.5
1145430 2186.0
1145440 2186.0
1145450 2188.5
1145460 2191.5
1145470 2194.5
1145480 2194.5
1145490 2196.0
1145500 2198.4
1145510 2198.4
1145520 2194.7
1145530 2197.1
1145540 2197.1
1145550 2200.5
1145560 2204.2
1145570 2204.2
1145580 2208.6
1145590 2211.6
1145600 2211.6
1145610 2213.9
1145620 2215.5
1145630 2215.5
1145640 2216.8
1145650 2220.1
1145660 2220.1
1145670 2226.1
1145680 2232.5
1145690 2232.5
1145700 2237.5
1145710 2241.3
1145720 2240.0
1145730 2240.0
1145740 2234.6
1145750 2229.0
1145760 2229.0
1145770 2223.2
1145780 2217.8
1145790 2217.8
1145800 2211.9
1145810 2205.2
1145820 2205.2
1145830 2204.0
1145840 2203.7
1145850 2203.7
1145860 2203.1
1145870 2202.7
1145880 2202.7
1145890 2205.3
1145900 2199.3
1145910 2199.3
1145920 2201.1
1145930 2199.5
1145940 2199.5
1145950 2199.3
1145960 2194.9
1145970 2192.6
1145980 2192.6
1145990 2196.9
1146000 2199.7
1146010 2199.7
1146020 2202.3
1146030 2207.6
1146040 2207.6
1146050 2209.7
1146060 2210.4
1146070 2210.4
1146080 2210.8
1146090 2212.1
1146100 2212.1
1146110 2206.5
1146120 2200.4
1146130 2200.4
1146140 2197.5
1146150 2202.3
1146160 2202.3
1146170 2211.9
1146180 2220.2
1146190 2220.2
1146200 2224.0
1146210 2225.9
1146220 2226.0
1146230 2226.0
1146240 2226.5
1146250 2225.6
1146260 2225.6
1146270 2225.4
1146280 2218.8
1146290 2218.8
1146300 2218.0
1146310 2212.9
1146320 2212.9
1146330 2211.2
1146340 2217.4
1146350 2217.4
1146360 2222.8
1146370 2226.0
1146380 2226.0
1146390 2228.3
1146400 2229.6
1146410 2229.6
1146420 2231.2
1146430 2232.0
1146440 2233.8
1146450 2233.8
1146460 2235.1
1146470 2234.5
1146480 2234.5
1146490 2232.1
1146500 2228.9
1146510 2228.9
1146520 2225.6
1146530 2225.0
1146540 2225.0
1146550 2225.6
1146560 2227.6
1146570 2227.6
1146580 2232.1
1146590 2236.9
1146600 2236.9
1146610 2241.2
1146620 2245.5
1146630 2245.5
1146640 2249.4
1146650 2245.4
1146660 2245.4
1146670 2248.1
1146680 2250.5
1146690 2253.2
1146700 2253.2
1146710 2255.3
1146720 2257.3
1146730 2257.3
1146740 2259.0
1146750 2260.8
1146760 2260.8
1146770 2261.0
1146780 2260.3
1146790 2260.3
1146800 2257.0
1146810 2249.3
1146820 2249.3
1146830 2241.0
1146840 2232.2
1146850 2232.2
1146860 2223.7
1146870 2216.3
1146880 2216.3
1146890 2212.6
1146900 2209.6
1146910 2209.6
1146920 2205.8
1146930 2201.1
1146940 2195.5
1146950 2195.5
1146960 2189.0
1146970 2181.7
1146980 2181.7
1146990 2175.1
1147000 2171.1
1147010 2171.1
1147020 2168.7
1147030 2158.3
1147040 2158.3
1147050 2154.5
1147060 2148.1
1147070 2148.1
1147080 2141.4
1147090 2135.2
1147100 2135.2
1147110 2129.7
1147120 2124.2
1147130 2124.2
1147140 2118.9
1147150 2112.5
1147160 2112.5
1147170 2104.5
1147180 2097.7
1147190 2089.5
1147200 2089.5
1147210 2082.1
1147220 2082.2
1147230 2082.2
1147240 2080.6
1147250 2077.8
1147260 2077.8
1147270 2076.5
1147280 2072.1
1147290 2072.1
1147300 2065.7
1147310 2059.6
1147320 2059.6
1147330 2054.8
1147340 2050.6
1147350 2050.6
1147360 2046.0
1147370 2042.9
1147380 2042.9
1147390 2038.3
1147400 2029.6
1147410 2029.6
1147420 2022.4
1147430 2016.4
1147440 2009.8
1147450 2009.8
1147460 2002.1
1147470 1994.3
1147480 1994.3
1147490 1987.7
1147500 1981.8
1147510 1981.8
1147520 1974.1
1147530 1966.6
1147540 1966.6
1147550 1959.3
1147560 1949.1
1147570 1949.1
1147580 1933.9
1147590 1925.1
1147600 1925.1
1147610 1918.3
1147620 1910.8
1147630 1910.8
1147640 1904.0
1147650 1895.4
1147660 1892.5
1147670 1892.5
1147680 1896.7
1147690 1898.2
1147700 1898.2
1147710 1899.3
1147720 1902.5
1147730 1902.5
1147740 1906.2
1147750 1909.6
1147760 1909.6
1147770 1914.8
1147780 1918.4
1147790 1918.4
1147800 1923.9
1147810 1930.1
1147820 1930.1
1147830 1936.7
1147840 1944.0
1147850 1944.0
1147860 1951.8
1147870 1960.5
1147880 1960.5
1147890 1967.7
1147900 1973.5
1147910 1977.7
1147920 1977.7
1147930 1979.6
1147940 1982.0
1147950 1982.0
1147960 1984.9
1147970 1985.0
1147980 1985.0
1147990 1985.6
1148000 1986.4
1148010 1986.4
1148020 1987.4
1148030 1989.0
1148040 1989.0
1148050 1990.4
1148060 1991.8
1148070 1991.8
1148080 1995.0
1148090 1999.6
1148100 1999.6
1148110 2003.6
1148120 2005.0
1148130 2005.0
1148140 2005.5
1148150 2006.0
1148160 1997.9
1148170 1997.9
1148180 1999.1
1148190 2001.9
1148200 2001.9
1148210 2006.4
1148220 2009.4
1148230 2009.4
1148240 2006.5
1148250 2001.3
1148260 2001.3
1148270 1999.5
1148280 1999.8
1148290 1999.8
1148300 2000.2
1148310 1997.7
1148320 1997.7
1148330 1998.8
1148340 2003.1
1148350 2003.1
1148360 2007.7
1148370 2012.8
1148380 2012.8
1148390 2018.4
1148400 2023.4
1148410 2028.1
1148420 2028.1
1148430 2029.4
1148440 2026.6
1148450 2026.6
1148460 2024.6
1148470 2024.6
1148480 2024.6
1148490 2024.4
1148500 2025.3
1148510 2025.3
1148520 2028.3
1148530 2032.3
1148540 2025.1
1148550 2027.6
1148560 2030.3
1148570 2030.3
1148580 2033.2
1148590 2035.4
1148600 2035.4
1148610 2036.4
1148620 2035.5
1148630 2033.3
1148640 2033.3
1148650 2032.8
1148660 2032.6
1148670 2032.6
1148680 2033.1
1148690 2035.5
1148700 2035.5
1148710 2038.1
1148720 2040.7
1148730 2040.7
1148740 2042.9
1148750 2045.7
1148760 2045.7
1148770 2045.2
1148780 2043.8
1148790 2043.8
1148800 2041.1
1148810 2041.2
1148820 2041.2
1148830 2041.6
1148840 2043.7
1148850 2043.7
1148860 2044.4
1148870 2042.0
1148880 2039.2
1148890 2039.2
1148900 2034.3
1148910 2022.6
1148920 2022.6
1148930 2015.1
1148940 2008.6
1148950 2008.6
1148960 2003.5
1148970 1999.6
1148980 1999.6
1148990 1995.9
1149000 1995.4
1149010 1995.4
1149020 1993.0
1149030 1986.3
1149040 1986.3
1149050 1978.2
1149060 1974.1
1149070 1974.1
1149080 1972.0
1149090 1969.2
1149100 1969.2
1149110 1968.5
1149120 1971.4
1149130 1971.0
1149140 1971.0
1149150 1966.7
1149160 1960.3
1149170 1960.3
1149180 1951.5
1149190 1943.6
1149200 1943.6
1149210 1936.2
1149220 1930.0
1149230 1930.0
1149240 1929.6
1149250 1932.8
1149260 1932.8
1149270 1937.0
1149280 1933.9
1149290 1930.3
1149300 1924.4
1149310 1918.0
1149320 1918.0
1149330 1911.0
1149340 1904.1
1149350 1904.1
1149360 1897.7
1149370 1890.5
1149380 1883.1
1149390 1883.1
1149400 1877.8
1149410 1871.9
1149420 1871.9
1149430 1866.7
1149440 1863.7
1149450 1863.7
1149460 1860.9
1149470 1857.1
1149480 1857.1
1149490 1851.1
1149500 1843.6
1149510 1843.6
1149520 1837.3
1149530 1830.7
1149540 1830.7
1149550 1824.6
1149560 1818.4
1149570 1818.4
1149580 1811.3
1149590 1804.5
1149600 1798.8
1149610 1798.8
1149620 1794.5
1149630 1797.7
1149640 1797.7
1149650 1794.9
1149660 1790.5
1149670 1783.4
1149680 1777.1
1149690 1769.3
1149700 1769.3
1149710 1764.0
1149720 1759.9
1149730 1759.9
1149740 1748.2
1149750 1741.4
1149760 1741.4
1149770 1747.4
1149780 1755.2
1149790 1755.2
1149800 1761.6
1149810 1760.9
1149820 1760.9
1149830 1755.4
1149840 1752.2
1149850 1752.4
1149860 1752.4
1149870 1757.5
1149880 1764.9
1149890 1764.9
1149900 1772.8
1149910 1779.1
1149920 1779.1
1149930 1774.1
1149940 1766.2
1149950 1766.2
1149960 1762.8
1149970 1758.2
1149980 1758.2
1149990 1753.0
1150000 1749.5
1150010 1749.5
1150020 1747.2
1150030 1745.3
1150040 1745.3
1150050 1736.8
1150060 1732.4
1150070 1732.4
1150080 1729.1
1150090 1727.3
1150100 1726.7
1150110 1726.7
1150120 1730.1
1150130 1732.7
1150140 1732.7
1150150 1732.9
1150160 1736.1
1150170 1736.1
1150180 1741.2
1150190 1745.6
1150200 1745.6
1150210 1746.8
1150220 1747.2
1150230 1747.2
1150240 1748.2
1150250 1748.7
1150260 1748.7
1150270 1749.0
1150280 1750.1
1150290 1750.1
1150300 1752.6
1150310 1756.6
1150320 1756.6
1150330 1760.1
1150340 1761.6
1150350 1761.1
1150360 1761.1
1150370 1760.4
1150380 1758.7
1150390 1758.7
1150400 1762.2
1150410 1767.3
1150420 1767.3
1150430 1764.4
1150440 1766.3
1150450 1766.3
1150460 1766.4
1150470 1766.2
1150480 1766.2
1150490 1765.0
1150500 1761.6
1150510 1761.6
1150520 1756.3
1150530 1750.1
1150540 1750.1
1150550 1744.0
1150560 1737.9
1150570 1732.1
1150580 1732.1
1150590 1726.1
1150600 1721.7
1150610 1721.7
1150620 1717.4
1150630 1713.6
1150640 1713.6
1150650 1710.3
1150660 1706.5
1150670 1706.5
1150680 1701.1
1150690 1694.7
1150700 1694.7
1150710 1689.4
1150720 1683.3
1150730 1683.3
1150740 1676.5
1150750 1669.6
1150760 1669.6
1150770 1662.8
1150780 1654.8
1150790 1654.8
1150800 1646.9
1150810 1636.1
1150820 1628.7
1150830 1628.7
1150840 1624.8
1150850 1622.9
1150860 1622.9
1150870 1622.8
1150880 1622.7
1150890 1622.7
1150900 1622.8
1150910 1622.9
1150920 1622.9
1150930 1618.8
1150940 1609.2
1150950 1609.2
1150960 1602.1
1150970 1605.3
1150980 1605.3
1150990 1612.8
1151000 1616.5
1151010 1616.5
1151020 1614.2
1151030 1611.0
1151040 1611.0
1151050 1611.9
1151060 1617.1
1151070 1622.5
1151080 1622.5
1151090 1629.5
1151100 1636.9
1151110 1636.9
1151120 1645.1
1151130 1654.6
1151140 1654.6
1151150 1663.1
1151160 1669.7
1151170 1669.7
1151180 1675.1
1151190 1682.7
1151200 1682.7
1151210 1686.7
1151220 1688.9
1151230 1688.9
1151240 1690.1
1151250 1691.6
1151260 1691.6
1151270 1692.9
1151280 1694.6
1151290 1694.6
1151300 1697.7
1151310 1701.9
1151320 1705.8
1151330 1705.8
1151340 1709.6
1151350 1713.8
1151360 1713.8
1151370 1718.6
1151380 1724.8
1151390 1724.8
1151400 1731.6
1151410 1738.7
1151420 1738.7
1151430 1746.8
1151440 1755.2
1151450 1755.2
1151460 1766.8
1151470 1779.7
1151480 1779.7
1151490 1788.6
1151500 1795.9
1151510 1795.9
1151520 1803.9
1151530 1810.7
1151540 1815.2
1151550 1815.2
1151560 1818.9
1151570 1819.0
1151580 1819.0
1151590 1825.5
1151600 1830.4
1151610 1830.4
1151620 1836.8
1151630 1843.7
1151640 1843.7
1151650 1850.7
1151660 1863.8
1151670 1863.8
1151680 1881.1
1151690 1890.2
1151700 1890.2
1151710 1895.5
1151720 1901.3
1151730 1901.3
1151740 1906.6
1151750 1911.4
1151760 1911.4
1151770 1915.8
1151780 1920.2
1151790 1924.5
1151800 1924.5
1151810 1929.3
1151820 1934.2
1151830 1934.2
1151840 1939.2
1151850 1944.1
1151860 1944.1
1151870 1948.6
1151880 1952.5
1151890 1952.5
1151900 1956.4
1151910 1959.9
1151920 1959.9
1151930 1962.4
1151940 1963.5
1151950 1963.5
1151960 1958.8
1151970 1957.4
1151980 1957.4
1151990 1954.6
1152000 1950.6
1152010 1950.6
1152020 1943.9
1152030 1939.9
1152040 1937.3
1152050 1937.3
1152060 1935.1
1152070 1936.6
1152080 1936.6
1152090 1937.0
1152100 1932.3
1152110 1932.3
1152120 1925.5
1152130 1916.8
1152140 1916.8
1152150 1907.8
1152160 1899.4
1152170 1899.4
1152180 1895.2
1152190 1894.2
1152200 1894.2
1152210 1893.9
1152220 1892.3
1152230 1892.3
1152240 1890.7
1152250 1890.9
1152260 1890.9
1152270 1890.5
1152280 1891.3
1152290 1891.9
1152300 1891.9
1152310 1896.2
1152320 1903.3
1152330 1903.3
1152340 1906.6
1152350 1914.1
1152360 1914.1
1152370 1921.3
1152380 1923.3
1152390 1923.3
1152400 1917.2
1152410 1902.9
1152420 1902.9
1152430 1896.1
1152440 1898.4
1152450 1898.4
1152460 1897.5
1152470 1896.5
1152480 1896.5
1152490 1904.4
1152500 1911.4
1152510 1916.5
1152520 1916.5
1152530 1920.1
1152540 1927.9
1152550 1927.9
1152560 1936.3
1152570 1944.2
1152580 1944.2
1152590 1950.9
1152600 1957.3
1152610 1957.3
1152620 1963.4
1152630 1970.2
1152640 1970.2
1152650 1977.4
1152660 1984.6
1152670 1984.6
1152680 1991.4
1152690 1997.7
1152700 1997.7
1152710 2003.2
1152720 2007.6
1152730 2007.6
1152740 2010.6
1152750 2013.5
1152760 2016.0
1152770 2016.0
1152780 2017.5
1152790 2017.4
1152800 2017.4
1152810 2016.0
1152820 2014.7
1152830 2014.7
1152840 2013.3
1152850 2011.4
1152860 2011.4
1152870 2008.8
1152880 2006.4
1152890 2006.4
1152900 2004.5
1152910 2004.5
1152920 2004.5
1152930 2003.7
1152940 2002.7
1152950 2002.7
1152960 2001.7
1152970 2000.7
1152980 2000.7
1152990 1999.3
1153000 1997.3
1153010 1994.9
1153020 1994.9
1153030 1991.3
1153040 1987.4
1153050 1987.4
1153060 1983.1
1153070 1975.5
1153080 1975.5
1153090 1971.0
1153100 1962.1
1153110 1962.1
1153120 1956.7
1153130 1948.6
1153140 1948.6
1153150 1943.8
1153160 1946.5
1153170 1946.5
1153180 1950.2
1153190 1953.8
1153200 1953.8
1153210 1955.7
1153220 1951.8
1153230 1951.8
1153240 1948.6
1153250 1942.9
1153260 1933.6
1153270 1933.6
1153280 1924.3
1153290 1917.1
1153300 1917.1
1153310 1909.3
1153320 1901.3
1153330 1901.3
1153340 1891.8
1153350 1881.1
1153360 1881.1
1153370 1874.7
1153380 1883.8
1153390 1883.8
1153400 1887.1
1153410 1892.0
1153420 1892.0
1153430 1899.4
1153440 1915.8
1153450 1915.8
1153460 1927.0
1153470 1928.1
1153480 1934.7
1153490 1926.4
1153500 1938.5
1153510 1944.8
1153520 1944.8
1153530 1951.3
1153540 1956.6
1153550 1956.6
1153560 1957.3
1153570 1955.4
1153580 1955.4
1153590 1952.3
1153600 1950.4
1153610 1950.4
1153620 1949.7
1153630 1950.5
1153640 1950.5
1153650 1953.6
1153660 1961.0
1153670 1961.0
1153680 1968.7
1153690 1975.9
1153700 1975.9
1153710 1984.2
1153720 1992.3
1153730 1998.4
1153740 1998.4
1153750 2001.5
1153760 2003.0
1153770 2003.0
1153780 2004.2
1153790 2006.0
1153800 2006.0
1153810 2007.5
1153820 2009.2
1153830 2009.2
1153840 2010.5
1153850 2012.7
1153860 2012.7
1153870 2006.9
1153880 2007.6
1153890 2007.6
1153900 2007.8
1153910 2009.8
1153920 2009.8
1153930 2010.9
1153940 2010.6
1153950 2010.6
1153960 2011.4
1153970 2014.2
1153980 2015.7
1153990 2015.7
1154000 2014.8
1154010 2013.8
1154020 2013.8
1154030 2011.1
1154040 2005.5
1154050 2005.5
1154060 1997.8
1154070 1989.8
1154080 1989.8
1154090 1982.9
1154100 1977.9
1154110 1977.9
1154120 1973.3
1154130 1969.0
1154140 1969.0
1154150 1964.1
1154160 1960.3
1154170 1960.3
1154180 1955.3
1154190 1950.5
1154200 1950.5
1154210 1944.8
1154220 1939.1
1154230 1933.0
1154240 1933.0
1154250 1921.6
1154260 1910.5
1154270 1910.5
1154280 1899.3
1154290 1891.5
1154300 1891.5
1154310 1883.7
1154320 1877.0
1154330 1877.0
1154340 1871.1
1154350 1868.0
1154360 1868.0
1154370 1864.6
1154380 1856.6
1154390 1856.6
1154400 1854.1
1154410 1854.3
1154420 1854.3
1154430 1848.2
1154440 1844.4
1154450 1836.5
1154460 1836.5
1154470 1823.0
1154480 1813.4
1154490 1813.4
1154500 1811.0
1154510 1820.1
1154520 1820.1
1154530 1825.1
1154540 1820.6
1154550 1820.6
1154560 1810.7
1154570 1800.7
1154580 1800.7
1154590 1789.0
1154600 1779.2
1154610 1779.2
1154620 1769.6
1154630 1759.4
1154640 1759.0
1154650 1751.2
1154660 1741.1
1154670 1741.1
1154680 1730.1
1154690 1719.3
1154700 1709.0
1154710 1709.0
1154720 1699.4
1154730 1690.2
1154740 1690.2
1154750 1681.9
1154760 1672.9
1154770 1672.9
1154780 1663.5
1154790 1653.5
1154800 1653.5
1154810 1642.0
1154820 1632.8
1154830 1632.8
1154840 1623.3
1154850 1613.2
1154860 1613.2
1154870 1602.2
1154880 1593.2
1154890 1593.2
1154900 1588.0
1154910 1586.7
1154920 1586.7
1154930 1586.4
1154940 1579.9
1154950 1567.8
1154960 1567.8
1154970 1554.5
1154980 1545.2
1154990 1545.2
1155000 1536.8
1155010 1521.0
1155020 1521.0
1155030 1509.6
1155040 1490.8
1155050 1490.8
1155060 1470.8
1155070 1456.5
1155080 1456.5
1155090 1451.9
1155100 1458.2
1155110 1458.2
1155120 1471.7
1155130 1480.1
1155140 1480.1
1155150 1482.6
1155160 1488.9
1155170 1488.9
1155180 1503.0
1155190 1520.2
1155200 1534.7
1155210 1534.7
1155220 1544.9
1155230 1553.7
1155240 1553.7
1155250 1562.3
1155260 1570.2
1155270 1570.2
1155280 1578.2
1155290 1585.2
1155300 1585.2
1155310 1591.4
1155320 1596.8
1155330 1596.8
1155340 1601.8
1155350 1606.9
1155360 1606.9
1155370 1612.0
1155380 1616.5
1155390 1616.5
1155400 1622.3
1155410 1622.1
1155420 1624.6
1155430 1624.6
1155440 1624.2
1155450 1619.5
1155460 1619.5
1155470 1614.9
1155480 1615.1
1155490 1615.1
1155500 1617.8
1155510 1620.8
1155520 1620.8
1155530 1624.3
1155540 1628.0
1155550 1628.0
1155560 1631.6
1155570 1637.1
1155580 1637.1
1155590 1642.6
1155600 1643.3
1155610 1643.3
1155620 1643.7
1155630 1642.3
1155640 1642.3
1155650 1637.8
1155660 1635.5
1155670 1632.5
1155680 1632.5
1155690 1634.0
1155700 1633.0
1155710 1633.0
1155720 1633.3
1155730 1638.5
1155740 1638.5
1155750 1643.4
1155760 1648.0
1155770 1648.0
1155780 1651.2
1155790 1652.4
1155800 1643.5
1155810 1645.5
1155820 1643.2
1155830 1643.2
1155840 1642.9
1155850 1646.7
1155860 1646.7
1155870 1643.3
1155880 1644.7
1155890 1644.7
1155900 1646.9
1155910 1637.1
1155920 1634.5
1155930 1634.5
1155940 1642.0
1155950 1648.5
1155960 1648.5
1155970 1659.0
1155980 1668.5
1155990 1668.5
1156000 1673.8
1156010 1677.7
1156020 1677.7
1156030 1684.1
1156040 1693.7
1156050 1693.7
1156060 1701.6
1156070 1706.1
1156080 1706.1
1156090 1709.7
1156100 1714.2
1156110 1714.2
1156120 1710.5
1156130 1711.1
1156140 1711.1
1156150 1713.7
1156160 1711.5
1156170 1710.8
1156180 1696.7
1156190 1696.0
1156200 1699.0
1156210 1699.0
1156220 1701.6
1156230 1690.9
1156240 1690.9
1156250 1685.2
1156260 1681.2
1156270 1681.2
1156280 1679.0
1156290 1679.3
1156300 1679.3
1156310 1684.1
1156320 1690.0
1156330 1690.0
1156340 1696.6
1156350 1705.0
1156360 1705.0
1156370 1713.9
1156380 1724.8
1156390 1727.3
1156400 1727.3
1156410 1732.8
1156420 1739.0
1156430 1739.0
1156440 1744.8
1156450 1751.7
1156460 1751.7
1156470 1761.3
1156480 1767.7
1156490 1767.7
1156500 1775.2
1156510 1783.6
1156520 1783.6
1156530 1790.6
1156540 1798.3
1156550 1798.3
1156560 1806.8
1156570 1824.5
1156580 1824.5
1156590 1831.9
1156600 1835.3
1156610 1835.3
1156620 1838.9
1156630 1841.7
1156640 1841.4
1156650 1841.4
1156660 1834.5
1156670 1826.7
1156680 1826.7
1156690 1823.8
1156700 1820.7
1156710 1820.7
1156720 1817.7
1156730 1816.9
1156740 1816.9
1156750 1816.6
1156760 1811.7
1156770 1811.7
1156780 1806.4
1156790 1805.2
1156800 1805.2
1156810 1806.1
1156820 1809.7
1156830 1809.7
1156840 1815.5
1156850 1816.0
1156860 1816.0
1156870 1816.9
1156880 1817.6
1156890 1818.0
1156900 1818.0
1156910 1822.4
1156920 1829.0
1156930 1829.0
1156940 1831.2
1156950 1833.4
1156960 1830.6
1156970 1840.2
1156980 1848.9
1156990 1848.9
1157000 1858.3
1157010 1868.0
1157020 1868.0
1157030 1873.6
1157040 1875.5
1157050 1875.5
1157060 1875.1
1157070 1878.5
1157080 1878.5
1157090 1885.3
1157100 1893.1
1157110 1900.1
1157120 1900.1
1157130 1903.1
1157140 1907.0
1157150 1907.0
1157160 1906.4
1157170 1905.5
1157180 1905.5
1157190 1905.7
1157200 1900.9
1157210 1900.9
1157220 1895.0
1157230 1903.1
1157240 1903.1
1157250 1920.8
1157260 1946.1
1157270 1946.1
1157280 1962.1
1157290 1973.1
1157300 1973.1
1157310 1979.7
1157320 1977.9
1157330 1977.9
1157340 1976.3
1157350 1965.7
1157360 1960.6
1157370 1960.6
1157380 1949.1
1157390 1940.9
1157400 1940.9
1157410 1932.5
1157420 1923.4
1157430 1923.4
1157440 1927.4
1157450 1931.1
1157460 1931.1
1157470 1937.3
1157480 1940.6
1157490 1940.6
1157500 1942.9
1157510 1953.3
1157520 1953.3
1157530 1957.4
1157540 1964.9
1157550 1964.9
1157560 1969.9
1157570 1977.8
1157580 1977.8
1157590 1986.3
1157600 1998.2
1157610 2007.8
1157620 2007.8
1157630 2013.0
1157640 2015.4
1157650 2015.4
1157660 2020.0
1157670 2014.9
1157680 2014.9
1157690 2009.8
1157700 2015.5
1157710 2015.5
1157720 2024.6
1157730 2031.3
1157740 2012.8
1157750 2017.2
1157760 2017.9
1157770 2017.9
1157780 2020.9
1157790 2022.2
1157800 2022.2
1157810 2026.5
1157820 2026.9
1157830 2026.9
1157840 2020.1
1157850 2010.2
1157860 1999.7
1157870 1999.7
1157880 1990.8
1157890 1987.5
1157900 1987.5
1157910 1991.2
1157920 1996.8
1157930 1996.8
1157940 2000.1
1157950 2007.6
1157960 2007.6
1157970 2017.2
1157980 2024.5
1157990 2024.5
1158000 2028.4
1158010 2021.8
1158020 2021.8
1158030 2016.3
1158040 2016.5
1158050 2016.5
1158060 2019.9
1158070 2024.8
1158080 2029.9
1158090 2029.9
1158100 2029.6
1158110 2029.6
1158120 2019.2
1158130 2022.9
1158140 2032.5
1158150 2032.5
1158160 2042.9
1158170 2056.7
1158180 2056.7
1158190 2074.9
1158200 2090.4
1158210 2090.4
1158220 2098.6
1158230 2113.8
1158240 2113.8
1158250 2127.7
1158260 2125.1
1158270 2125.1
1158280 2124.1
1158290 2120.0
1158300 2120.0
1158310 2126.9
1158320 2144.7
1158330 2155.0
1158340 2155.0
1158350 2152.4
1158360 2143.4
1158370 2143.4
1158380 2133.0
1158390 2121.5
1158400 2121.5
1158410 2110.7
1158420 2097.8
1158430 2097.8
1158440 2082.9
1158450 2062.9
1158460 2062.9
1158470 2031.2
1158480 2000.4
1158490 2000.4
1158500 1979.1
1158510 1971.5
1158520 1971.5
1158530 1962.9
1158540 1955.3
1158550 1955.3
1158560 1948.2
1158570 1941.1
1158580 1932.4
1158590 1932.4
1158600 1923.3
1158610 1914.9
1158620 1914.9
1158630 1907.6
1158640 1900.9
1158650 1900.9
1158660 1894.0
1158670 1887.0
1158680 1887.0
1158690 1879.7
1158700 1873.4
1158710 1873.4
1158720 1867.6
1158730 1861.0
1158740 1861.0
1158750 1855.6
1158760 1850.4
1158770 1850.4
1158780 1845.1
1158790 1840.2
1158800 1840.2
1158810 1835.2
1158820 1830.1
1158830 1825.3
1158840 1825.3
1158850 1820.2
1158860 1812.8
1158870 1812.8
1158880 1805.3
1158890 1798.0
1158900 1800.5
1158910 1794.7
1158920 1789.5
1158930 1789.5
1158940 1780.9
1158950 1775.2
1158960 1775.2
1158970 1772.8
1158980 1778.3
1158990 1778.3
1159000 1786.4
1159010 1793.6
1159020 1793.6
1159030 1793.1
1159040 1790.6
1159050 1787.2
1159060 1787.2
1159070 1785.8
1159080 1784.5
1159090 1784.5
1159100 1782.8
1159110 1785.1
1159120 1785.1
1159130 1788.1
1159140 1791.0
1159150 1791.0
1159160 1796.4
1159170 1802.4
1159180 1802.4
1159190 1807.2
1159200 1807.9
1159210 1807.9
1159220 1805.2
1159230 1802.9
1159240 1802.9
1159250 1799.8
1159260 1794.9
1159270 1794.9
1159280 1790.1
1159290 1780.3
1159300 1776.8
1159310 1776.8
1159320 1771.3
1159330 1764.8
1159340 1764.8
1159350 1759.7
1159360 1754.0
1159370 1754.0
1159380 1749.8
1159390 1745.4
1159400 1745.4
1159410 1739.0
1159420 1733.3
1159430 1733.3
1159440 1728.4
1159450 1724.4
1159460 1724.4
1159470 1719.4
1159480 1714.2
1159490 1714.2
1159500 1709.3
1159510 1703.7
1159520 1703.7
1159530 1697.7
1159540 1691.6
1159550 1685.5
1159560 1685.5
1159570 1677.4
1159580 1667.6
1159590 1667.6
1159600 1659.8
1159610 1654.4
1159620 1654.4
1159630 1648.4
1159640 1638.1
1159650 1638.1
1159660 1609.2
1159670 1581.0
1159680 1595.2
1159690 1575.6
1159700 1566.3
1159710 1566.3
1159720 1552.6
1159730 1543.1
1159740 1543.1
1159750 1549.0
1159760 1559.1
1159770 1559.1
1159780 1566.6
1159790 1571.6
1159800 1576.9
1159810 1576.9
1159820 1583.6
1159830 1591.4
1159840 1591.4
1159850 1599.7
1159860 1608.4
1159870 1608.4
1159880 1617.3
1159890 1626.2
1159900 1626.2
1159910 1635.7
1159920 1646.4
1159930 1646.4
1159940 1656.3
1159950 1665.1
1159960 1665.1
1159970 1674.1
1159980 1683.1
1159990 1683.1
