1140000 1807.5
1140010 1808.0
1140020 1808.3
1140030 1808.3
1140040 1808.1
1140050 1807.4
1140060 1807.4
1140070 1804.4
1140080 1796.9
1140090 1796.9
1140100 1791.9
1140110 1788.6
1140120 1788.6
1140130 1780.9
1140140 1775.4
1140150 1775.4
1140160 1774.8
1140170 1775.8
1140180 1775.8
1140190 1774.7
1140200 1776.4
1140210 1776.4
1140220 1775.8
1140230 1777.2
1140240 1783.4
1140250 1783.4
1140260 1782.8
1140270 1784.6
1140280 1784.6
1140290 1784.6
1140300 1783.1
1140310 1783.1
1140320 1784.9
1140330 1790.4
1140340 1790.4
1140350 1794.6
1140360 1798.3
1140370 1798.3
1140380 1803.8
1140390 1807.1
1140400 1807.1
1140410 1812.0
1140420 1818.7
1140430 1818.7
1140440 1823.0
1140450 1825.9
1140460 1825.9
1140470 1835.1
1140480 1841.8
1140490 1846.3
1140500 1846.3
1140510 1850.0
1140520 1859.0
1140530 1859.0
1140540 1872.5
1140550 1878.3
1140560 1878.3
1140570 1881.2
1140580 1886.2
1140590 1886.2
1140600 1891.3
1140610 1903.2
1140620 1903.2
1140630 1905.5
1140640 1908.5
1140650 1908.5
1140660 1911.7
1140670 1913.3
1140680 1913.3
1140690 1914.4
1140700 1915.9
1140710 1915.9
1140720 1917.4
1140730 1917.8
1140740 1918.7
1140750 1918.7
1140760 1922.0
1140770 1924.7
1140780 1924.7
1140790 1926.0
1140800 1929.3
1140810 1929.3
1140820 1931.1
1140830 1932.0
1140840 1932.0
1140850 1932.0
1140860 1930.8
1140870 1930.8
1140880 1929.4
1140890 1929.9
1140900 1929.9
1140910 1931.2
1140920 1932.9
1140930 1932.9
1140940 1935.2
1140950 1937.8
1140960 1940.9
1140970 1940.9
1140980 1947.2
1140990 1949.7
1141000 1949.7
1141010 1951.6
1141020 1952.7
1141030 1952.7
1141040 1953.9
1141050 1952.7
1141060 1952.7
1141070 1950.3
1141080 1949.8
1141090 1949.8
1141100 1953.6
1141110 1956.0
1141120 1956.0
1141130 1957.8
1141140 1959.8
1141150 1959.8
1141160 1963.7
1141170 1968.0
1141180 1968.0
1141190 1973.2
1141200 1979.9
1141210 1985.8
1141220 1985.8
1141230 1990.8
1141240 1996.1
1141250 1996.1
1141260 2001.2
1141270 2006.2
1141280 2006.2
1141290 2011.2
1141300 2015.9
1141310 2015.9
1141320 2019.5
1141330 2022.3
1141340 2022.3
1141350 2026.8
1141360 2029.5
1141370 2029.5
1141380 2032.3
1141390 2034.8
1141400 2034.8
1141410 2037.3
1141420 2040.4
1141430 2040.4
1141440 2043.4
1141450 2046.3
1141460 2049.2
1141470 2049.2
1141480 2051.3
1141490 2052.8
1141500 2052.8
1141510 2054.6
1141520 2057.0
1141530 2057.0
1141540 2059.2
1141550 2061.5
1141560 2061.5
1141570 2064.2
1141580 2067.7
1141590 2067.7
1141600 2071.3
1141610 2075.3
1141620 2075.3
1141630 2079.7
1141640 2085.6
1141650 2085.6
1141660 2090.9
1141670 2094.8
1141680 2094.8
1141690 2098.2
1141700 2099.9
1141710 2102.0
1141720 2105.0
1141730 2107.0
1141740 2109.8
1141750 2109.8
1141760 2113.7
1141770 2117.0
1141780 2117.0
1141790 2120.5
1141800 2124.4
1141810 2124.4
1141820 2128.8
1141830 2133.4
1141840 2133.4
1141850 2138.6
1141860 2143.9
1141870 2143.9
1141880 2149.5
1141890 2154.8
1141900 2154.8
1141910 2160.0
1141920 2165.3
1141930 2165.3
1141940 2170.8
1141950 2176.6
1141960 2182.6
1141970 2182.6
1141980 2188.3
1141990 2194.2
1142000 2194.2
1142010 2200.1
1142020 2205.2
1142030 2205.2
1142040 2209.9
1142050 2213.7
1142060 2213.7
1142070 2216.7
1142080 2219.2
1142090 2222.2
1142100 2225.2
1142110 2228.3
1142120 2228.3
1142130 2231.6
1142140 2234.5
1142150 2234.5
1142160 2236.9
1142170 2238.8
1142180 2240.4
1142190 2240.4
1142200 2241.3
1142210 2241.6
1142220 2241.6
1142230 2241.8
1142240 2242.3
1142250 2242.3
1142260 2242.9
1142270 2243.1
1142280 2243.1
1142290 2242.9
1142300 2242.7
1142310 2242.7
1142320 2242.3
1142330 2242.6
1142340 2242.6
1142350 2242.7
1142360 2242.4
1142370 2242.4
1142380 2242.4
1142390 2242.8
1142400 2242.8
1142410 2243.6
1142420 2243.8
1142430 2243.7
1142440 2243.7
1142450 2243.6
1142460 2242.7
1142470 2248.4
1142480 2247.6
1142490 2246.2
1142500 2246.2
1142510 2243.6
1142520 2241.3
1142530 2241.3
1142540 2239.7
1142550 2238.4
1142560 2238.4
1142570 2237.4
1142580 2237.2
1142590 2237.2
1142600 2236.6
1142610 2234.3
1142620 2234.3
1142630 2232.8
1142640 2231.3
1142650 2231.3
1142660 2229.5
1142670 2227.6
1142680 2226.4
1142690 2226.4
1142700 2226.6
1142710 2226.9
1142720 2226.9
1142730 2228.5
1142740 2230.3
1142750 2230.3
1142760 2231.5
1142770 2232.3
1142780 2232.3
1142790 2234.0
1142800 2235.6
1142810 2235.6
1142820 2237.7
1142830 2240.0
1142840 2244.5
1142850 2246.6
1142860 2248.4
1142870 2248.4
1142880 2249.7
1142890 2251.2
1142900 2251.2
1142910 2252.8
1142920 2254.8
1142930 2255.8
1142940 2255.8
1142950 2256.5
1142960 2256.8
1142970 2256.8
1142980 2257.1
1142990 2256.8
1143000 2256.8
1143010 2256.6
1143020 2257.0
1143030 2257.0
1143040 2257.5
1143050 2257.7
1143060 2257.7
1143070 2256.9
1143080 2256.3
1143090 2256.3
1143100 2255.7
1143110 2254.5
1143120 2254.5
1143130 2253.1
1143140 2250.7
1143150 2250.7
1143160 2246.1
1143170 2240.7
1143180 2234.0
1143190 2234.0
1143200 2226.7
1143210 2229.2
1143220 2229.2
1143230 2219.8
1143240 2210.7
1143250 2210.7
1143260 2203.8
1143270 2196.5
1143280 2196.5
1143290 2190.7
1143300 2186.0
1143310 2186.0
1143320 2181.5
1143330 2176.7
1143340 2176.7
1143350 2171.6
1143360 2166.0
1143370 2166.0
1143380 2160.7
1143390 2155.8
1143400 2150.1
1143410 2150.1
1143420 2143.5
1143430 2136.8
1143440 2136.8
1143450 2131.4
1143460 2127.8
1143470 2127.8
1143480 2124.4
1143490 2120.5
1143500 2120.5
1143510 2115.4
1143520 2110.1
1143530 2110.1
1143540 2104.4
1143550 2099.5
1143560 2099.5
1143570 2094.0
1143580 2104.6
1143590 2104.6
1143600 2104.6
1143610 2101.3
1143620 2101.3
1143630 2096.9
1143640 2096.3
1143650 2096.0
1143660 2096.0
1143670 2098.6
1143680 2101.1
1143690 2101.1
1143700 2102.4
1143710 2102.1
1143720 2102.1
1143730 2100.3
1143740 2097.3
1143750 2097.3
1143760 2093.6
1143770 2090.1
1143780 2090.1
1143790 2086.2
1143800 2083.3
1143810 2083.3
1143820 2077.1
1143830 2072.9
1143840 2072.9
1143850 2080.8
1143860 2084.4
1143870 2084.4
1143880 2090.5
1143890 2095.4
1143900 2100.2
1143910 2100.2
1143920 2104.4
1143930 2108.5
1143940 2108.5
1143950 2112.5
1143960 2116.4
1143970 2116.4
1143980 2119.5
1143990 2122.1
1144000 2122.1
1144010 2125.6
1144020 2129.1
1144030 2129.1
1144040 2131.6
1144050 2134.2
1144060 2134.2
1144070 2137.1
1144080 2140.0
1144090 2140.0
1144100 2143.2
1144110 2146.2
1144120 2146.2
1144130 2149.0
1144140 2152.0
1144150 2155.0
1144160 2155.0
1144170 2157.0
1144180 2158.6
1144190 2158.6
1144200 2160.9
1144210 2164.0
1144220 2164.0
1144230 2168.0
1144240 2173.1
1144250 2173.1
1144260 2177.8
1144270 2181.3
1144280 2181.3
1144290 2184.5
1144300 2187.1
1144310 2187.1
1144320 2189.5
1144330 2189.5
1144340 2189.5
1144350 2191.5
1144360 2193.4
1144370 2194.1
1144380 2194.1
1144390 2193.2
1144400 2191.6
1144410 2191.6
1144420 2191.2
1144430 2190.7
1144440 2190.7
1144450 2190.3
1144460 2189.6
1144470 2189.6
1144480 2190.1
1144490 2191.7
1144500 2191.7
1144510 2193.2
1144520 2195.7
1144530 2195.7
1144540 2198.8
1144550 2201.0
1144560 2201.0
1144570 2202.8
1144580 2205.2
1144590 2205.2
1144600 2207.6
1144610 2209.3
1144620 2211.2
1144630 2211.2
1144640 2213.9
1144650 2216.9
1144660 2216.9
1144670 2220.2
1144680 2222.2
1144690 2222.2
1144700 2224.5
1144710 2226.8
1144720 2226.8
1144730 2229.8
1144740 2233.8
1144750 2233.8
1144760 2238.4
1144770 2242.8
1144780 2242.8
1144790 2247.2
1144800 2252.0
1144810 2252.0
1144820 2257.0
1144830 2261.9
1144840 2261.9
1144850 2266.6
1144860 2271.7
1144870 2276.3
1144880 2276.3
1144890 2280.6
1144900 2283.6
1144910 2283.6
1144920 2285.6
1144930 2288.0
1144940 2288.0
1144950 2289.8
1144960 2290.3
1144970 2290.3
1144980 2289.9
1144990 2289.1
1145000 2289.1
1145010 2287.4
1145020 2284.8
1145030 2284.8
1145040 2281.9
1145050 2279.0
1145060 2279.0
1145070 2274.6
1145080 2275.4
1145090 2275.4
1145100 2277.0
1145110 2278.3
1145120 2278.9
1145130 2278.9
1145140 2279.0
1145150 2280.8
1145160 2280.8
1145170 2282.6
1145180 2283.0
1145190 2283.0
1145200 2285.1
1145210 2287.1
1145220 2287.1
1145230 2288.4
1145240 2289.1
1145250 2289.1
1145260 2290.0
1145270 2291.2
1145280 2291.2
1145290 2293.0
1145300 2295.8
1145310 2295.8
1145320 2299.8
1145330 2303.9
1145340 2303.9
1145350 2308.0
1145360 2312.7
1145370 2318.1
1145380 2318.1
1145390 2324.4
1145400 2331.2
1145410 2331.2
1145420 2338.2
1145430 2345.9
1145440 2345.9
1145450 2353.0
1145460 2361.8
1145470 2361.8
1145480 2370.3
1145490 2377.7
1145500 2377.7
1145510 2384.1
1145520 2388.8
1145530 2388.8
1145540 2393.5
1145550 2399.1
1145560 2399.1
1145570 2404.3
1145580 2407.5
1145590 2411.6
1145600 2411.6
1145610 2419.7
1145620 2427.2
1145630 2427.2
1145640 2431.9
1145650 2436.6
1145660 2436.6
1145670 2440.9
1145680 2445.3
1145690 2445.3
1145700 2451.2
1145710 2457.5
1145720 2457.5
1145730 2465.0
1145740 2471.3
1145750 2471.3
1145760 2478.4
1145770 2484.9
1145780 2484.9
1145790 2489.7
1145800 2495.2
1145810 2495.2
1145820 2499.3
1145830 2502.3
1145840 2502.9
1145850 2502.9
1145860 2503.2
1145870 2504.9
1145880 2504.9
1145890 2507.4
1145900 2510.5
1145910 2510.5
1145920 2513.6
1145930 2516.2
1145940 2516.2
1145950 2518.5
1145960 2520.1
1145970 2520.1
1145980 2521.4
1145990 2522.7
1146000 2522.7
1146010 2524.1
1146020 2525.7
1146030 2525.7
1146040 2528.0
1146050 2530.5
1146060 2530.5
1146070 2531.7
1146080 2531.3
1146090 2531.3
1146100 2531.3
1146110 2531.7
1146120 2532.7
1146130 2532.7
1146140 2533.6
1146150 2535.6
1146160 2535.6
1146170 2537.8
1146180 2539.1
1146190 2539.1
1146200 2541.7
1146210 2537.4
1146220 2537.4
1146230 2528.0
1146240 2514.8
1146250 2514.8
1146260 2501.9
1146270 2489.0
1146280 2489.0
1146290 2480.1
1146300 2473.9
1146310 2473.9
1146320 2467.9
1146330 2462.2
1146340 2456.3
1146350 2456.3
1146360 2450.5
1146370 2445.7
1146380 2445.7
1146390 2441.9
1146400 2438.8
1146410 2438.8
1146420 2436.7
1146430 2436.7
1146440 2436.7
1146450 2437.8
1146460 2436.5
1146470 2436.5
1146480 2433.8
1146490 2430.2
1146500 2430.2
1146510 2423.5
1146520 2413.8
1146530 2413.8
1146540 2401.7
1146550 2391.8
1146560 2391.8
1146570 2381.9
1146580 2375.5
1146590 2368.7
1146600 2368.7
1146610 2362.2
1146620 2356.2
1146630 2356.2
1146640 2350.0
1146650 2344.4
1146660 2344.4
1146670 2340.5
1146680 2336.7
1146690 2336.7
1146700 2332.7
1146710 2328.5
1146720 2328.5
1146730 2324.2
1146740 2320.6
1146750 2320.6
1146760 2317.7
1146770 2313.7
1146780 2313.7
1146790 2309.8
1146800 2306.8
1146810 2303.7
1146820 2303.7
1146830 2299.6
1146840 2295.2
1146850 2295.2
1146860 2291.6
1146870 2288.2
1146880 2288.2
1146890 2285.0
1146900 2281.6
1146910 2281.6
1146920 2278.2
1146930 2275.4
1146940 2275.4
1146950 2270.1
1146960 2268.1
1146970 2268.1
1146980 2265.4
1146990 2259.1
1147000 2259.1
1147010 2255.5
1147020 2254.7
1147030 2254.7
1147040 2251.2
1147050 2245.0
1147060 2242.6
1147070 2242.6
1147080 2239.5
1147090 2235.6
1147100 2235.6
1147110 2232.9
1147120 2231.9
1147130 2231.9
1147140 2228.8
1147150 2226.1
1147160 2226.1
1147170 2222.3
1147180 2219.1
1147190 2219.1
1147200 2219.7
1147210 2221.2
1147220 2221.2
1147230 2221.7
1147240 2219.9
1147250 2219.9
1147260 2215.8
1147270 2212.6
1147280 2212.6
1147290 2210.8
1147300 2205.8
1147310 2199.8
1147320 2199.8
1147330 2184.2
1147340 2175.6
1147350 2175.6
1147360 2168.6
1147370 2164.3
1147380 2164.3
1147390 2159.5
1147400 2149.4
1147410 2149.4
1147420 2138.4
1147430 2132.3
1147440 2132.3
1147450 2129.7
1147460 2131.3
1147470 2131.3
1147480 2130.7
1147490 2124.9
1147500 2124.9
1147510 2120.0
1147520 2117.5
1147530 2117.5
1147540 2113.7
1147550 2113.7
1147560 2112.5
1147570 2112.5
1147580 2112.9
1147590 2113.2
1147600 2113.2
1147610 2112.2
1147620 2110.2
1147630 2110.2
1147640 2108.6
1147650 2107.4
1147660 2107.4
1147670 2106.1
1147680 2111.1
1147690 2111.1
1147700 2112.9
1147710 2106.2
1147720 2106.2
1147730 2107.9
1147740 2114.2
1147750 2114.2
1147760 2120.8
1147770 2127.5
1147780 2127.5
1147790 2132.1
1147800 2132.5
1147810 2134.0
1147820 2134.0
1147830 2137.0
1147840 2140.8
1147850 2140.8
1147860 2145.1
1147870 2149.0
1147880 2149.0
1147890 2152.9
1147900 2156.4
1147910 2156.4
1147920 2159.9
1147930 2164.2
1147940 2164.2
1147950 2168.7
1147960 2172.7
1147970 2172.7
1147980 2177.2
1147990 2182.4
1148000 2182.4
1148010 2189.0
1148020 2196.1
1148030 2203.0
1148040 2203.0
1148050 2209.5
1148060 2215.8
1148070 2215.8
1148080 2219.6
1148090 2226.4
1148100 2226.4
1148110 2233.6
1148120 2241.7
1148130 2241.7
1148140 2249.8
1148150 2255.6
1148160 2255.6
1148170 2261.5
1148180 2272.6
1148190 2272.6
1148200 2283.2
1148210 2289.2
1148220 2289.2
1148230 2295.9
1148240 2305.3
1148250 2305.3
1148260 2318.8
1148270 2327.4
1148280 2331.2
1148290 2331.2
1148300 2333.2
1148310 2334.3
1148320 2334.3
1148330 2333.7
1148340 2332.3
1148350 2332.3
1148360 2330.5
1148370 2328.4
1148380 2328.4
1148390 2325.3
1148400 2320.3
1148410 2320.3
1148420 2313.5
1148430 2306.6
1148440 2306.6
1148450 2296.4
1148460 2290.3
1148470 2290.3
1148480 2284.0
1148490 2276.0
1148500 2276.0
1148510 2266.2
1148520 2257.1
1148530 2248.4
1148540 2248.4
1148550 2240.7
1148560 2234.6
1148570 2234.6
1148580 2230.0
1148590 2224.3
1148600 2224.3
1148610 2218.8
1148620 2214.2
1148630 2214.2
1148640 2209.8
1148650 2205.7
1148660 2205.7
1148670 2200.9
1148680 2194.9
1148690 2194.9
1148700 2189.3
1148710 2184.2
1148720 2184.2
1148730 2180.0
1148740 2177.3
1148750 2177.3
1148760 2174.5
1148770 2168.8
1148780 2161.1
1148790 2161.1
1148800 2153.5
1148810 2147.2
1148820 2147.2
1148830 2141.9
1148840 2133.2
1148850 2133.2
1148860 2129.0
1148870 2126.0
1148880 2126.0
1148890 2122.7
1148900 2121.3
1148910 2121.3
1148920 2119.6
1148930 2118.3
1148940 2118.3
1148950 2116.7
1148960 2113.2
1148970 2113.2
1148980 2109.0
1148990 2105.6
1149000 2104.0
1149010 2104.0
1149020 2101.2
1149030 2096.8
1149040 2096.8
1149050 2093.5
1149060 2091.0
1149070 2091.0
1149080 2088.0
1149090 2086.5
1149100 2086.5
1149110 2084.9
1149120 2081.3
1149130 2081.3
1149140 2078.6
1149150 2076.3
1149160 2076.3
1149170 2073.8
1149180 2072.1
1149190 2072.1
1149200 2070.8
1149210 2067.7
1149220 2062.3
1149230 2059.3
1149240 2054.5
1149250 2048.3
1149260 2048.3
1149270 2043.1
1149280 2038.9
1149290 2038.9
1149300 2035.8
1149310 2032.3
1149320 2032.3
1149330 2028.3
1149340 2025.3
1149350 2025.3
1149360 2022.6
1149370 2019.2
1149380 2019.2
1149390 2016.5
1149400 2016.4
1149410 2016.4
1149420 2016.8
1149430 2016.4
1149440 2016.4
1149450 2018.0
1149460 2020.9
1149470 2020.9
1149480 2022.7
1149490 2024.6
1149500 2026.6
1149510 2026.6
1149520 2029.6
1149530 2033.1
1149540 2033.1
1149550 2037.3
1149560 2041.3
1149570 2041.3
1149580 2046.0
1149590 2050.5
1149600 2046.5
1149610 2050.3
1149620 2053.6
1149630 2053.6
1149640 2057.4
1149650 2062.1
1149660 2062.1
1149670 2066.2
1149680 2070.7
1149690 2070.7
1149700 2074.7
1149710 2078.0
1149720 2078.0
1149730 2080.8
1149740 2083.3
1149750 2085.8
1149760 2085.8
1149770 2087.6
1149780 2088.8
1149790 2088.8
1149800 2089.6
1149810 2090.9
1149820 2090.9
1149830 2092.9
1149840 2094.9
1149850 2094.9
1149860 2095.6
1149870 2094.6
1149880 2094.6
1149890 2091.9
1149900 2088.9
1149910 2088.9
1149920 2084.4
1149930 2080.1
1149940 2080.1
1149950 2081.2
1149960 2086.7
1149970 2086.7
1149980 2077.5
1149990 2068.9
1150000 2065.4
1150010 2065.4
1150020 2064.2
1150030 2063.9
1150040 2063.9
1150050 2064.1
1150060 2068.1
1150070 2068.1
1150080 2075.2
1150090 2079.4
1150100 2079.4
1150110 2080.1
1150120 2078.9
1150130 2078.9
1150140 2077.1
1150150 2076.2
1150160 2076.2
1150170 2071.2
1150180 2064.6
1150190 2064.6
1150200 2057.5
1150210 2049.6
1150220 2042.1
1150230 2042.1
1150240 2036.0
1150250 2029.4
1150260 2029.4
1150270 2022.3
1150280 2017.6
1150290 2017.6
1150300 2013.3
1150310 2006.3
1150320 2006.3
1150330 1997.8
1150340 1984.4
1150350 1984.4
1150360 1972.5
1150370 1964.7
1150380 1964.7
1150390 1960.3
1150400 1956.4
1150410 1956.4
1150420 1954.7
1150430 1953.5
1150440 1953.5
1150450 1953.8
1150460 1955.1
1150470 1954.8
1150480 1954.8
1150490 1950.1
1150500 1943.7
1150510 1943.7
1150520 1937.5
1150530 1932.0
1150540 1932.0
1150550 1924.6
1150560 1914.9
1150570 1914.9
1150580 1908.4
1150590 1905.9
1150600 1905.9
1150610 1901.6
1150620 1894.3
1150630 1894.3
1150640 1895.1
1150650 1895.9
1150660 1895.9
1150670 1896.5
1150680 1896.4
1150690 1896.4
1150700 1896.5
1150710 1896.4
1150720 1896.1
1150730 1896.1
1150740 1888.6
1150750 1888.1
1150760 1888.1
1150770 1888.7
1150780 1888.6
1150790 1888.6
1150800 1884.4
1150810 1875.3
1150820 1875.3
1150830 1863.2
1150840 1857.8
1150850 1857.8
1150860 1860.2
1150870 1864.3
1150880 1864.3
1150890 1868.5
1150900 1869.4
1150910 1869.4
1150920 1870.1
1150930 1871.8
1150940 1871.8
1150950 1874.1
1150960 1873.3
1150970 1875.6
1150980 1875.6
1150990 1882.7
1151000 1893.3
1151010 1893.3
1151020 1903.4
1151030 1914.8
1151040 1914.8
1151050 1923.5
1151060 1929.8
1151070 1929.8
1151080 1935.7
1151090 1937.9
1151100 1937.9
1151110 1937.5
1151120 1940.7
1151130 1940.7
1151140 1949.2
1151150 1955.0
1151160 1955.0
1151170 1959.1
1151180 1963.4
1151190 1963.4
1151200 1963.8
1151210 1966.3
1151220 1968.8
1151230 1968.8
1151240 1975.4
1151250 1982.7
1151260 1982.7
1151270 1989.1
1151280 1995.7
1151290 1995.7
1151300 2002.2
1151310 2007.9
1151320 2007.9
1151330 2011.5
1151340 2014.4
1151350 2014.4
1151360 2016.3
1151370 2019.4
1151380 2019.4
1151390 2020.6
1151400 2023.0
1151410 2023.0
1151420 2024.8
1151430 2026.4
1151440 2028.4
1151450 2028.4
1151460 2026.0
1151470 2018.2
1151480 2018.2
1151490 2012.9
1151500 2003.3
1151510 2003.3
1151520 2002.8
1151530 1996.6
1151540 1996.6
1151550 1992.5
1151560 1996.7
1151570 1996.7
1151580 1999.3
1151590 2001.1
1151600 2001.1
1151610 2002.3
1151620 2005.0
1151630 2005.0
1151640 2012.6
1151650 2019.2
1151660 2019.2
1151670 2023.6
1151680 2025.4
1151690 2025.6
1151700 2025.6
1151710 2025.0
1151720 2021.7
1151730 2021.7
1151740 2019.1
1151750 2018.3
1151760 2018.3
1151770 2016.5
1151780 2013.8
1151790 2013.8
1151800 2010.4
1151810 2011.3
1151820 2011.3
1151830 2017.5
1151840 2020.7
1151850 2020.7
1151860 2023.8
1151870 2028.7
1151880 2022.2
1151890 2026.3
1151900 2026.7
1151910 2026.7
1151920 2029.1
1151930 2037.3
1151940 2046.5
1151950 2046.5
1151960 2051.5
1151970 2054.7
1151980 2054.7
1151990 2059.2
1152000 2064.9
1152010 2064.9
1152020 2070.4
1152030 2076.4
1152040 2076.4
1152050 2083.7
1152060 2092.2
1152070 2092.2
1152080 2104.2
1152090 2119.2
1152100 2119.2
1152110 2137.0
1152120 2149.1
1152130 2149.1
1152140 2155.4
1152150 2157.5
1152160 2157.5
1152170 2160.0
1152180 2162.6
1152190 2164.6
1152200 2164.6
1152210 2167.6
1152220 2170.9
1152230 2170.9
1152240 2174.8
1152250 2178.0
1152260 2172.5
1152270 2175.9
1152280 2180.0
1152290 2180.0
1152300 2184.1
1152310 2186.6
1152320 2186.6
1152330 2188.9
1152340 2191.1
1152350 2191.1
1152360 2192.9
1152370 2193.4
1152380 2193.4
1152390 2193.0
1152400 2192.0
1152410 2193.3
1152420 2193.3
1152430 2196.8
1152440 2198.8
1152450 2198.8
1152460 2201.4
1152470 2203.5
1152480 2203.5
1152490 2204.5
1152500 2204.3
1152510 2204.3
1152520 2199.8
1152530 2193.0
1152540 2193.0
1152550 2187.6
1152560 2183.4
1152570 2183.4
1152580 2181.6
1152590 2180.6
1152600 2180.6
1152610 2180.3
1152620 2180.3
1152630 2180.3
1152640 2175.4
1152650 2176.8
1152660 2177.9
1152670 2177.9
1152680 2178.1
1152690 2177.5
1152700 2177.5
1152710 2175.6
1152720 2172.0
1152730 2172.0
1152740 2167.8
1152750 2164.8
1152760 2164.8
1152770 2162.1
1152780 2161.1
1152790 2161.1
1152800 2163.9
1152810 2166.4
1152820 2166.4
1152830 2169.2
1152840 2172.9
1152850 2172.9
1152860 2173.8
1152870 2178.4
1152880 2178.4
1152890 2186.4
1152900 2194.3
1152910 2200.3
1152920 2200.3
1152930 2205.9
1152940 2211.7
1152950 2211.7
1152960 2216.5
1152970 2220.0
1152980 2220.0
1152990 2222.4
1153000 2224.3
1153010 2224.3
1153020 2225.7
1153030 2221.8
1153040 2221.8
1153050 2221.2
1153060 2220.3
1153070 2220.3
1153080 2218.6
1153090 2216.4
1153100 2216.4
1153110 2214.3
1153120 2211.7
1153130 2211.7
1153140 2208.4
1153150 2204.7
1153160 2199.7
1153170 2199.7
1153180 2188.2
1153190 2182.8
1153200 2182.8
1153210 2183.8
1153220 2186.2
1153230 2186.2
1153240 2184.4
1153250 2181.7
1153260 2181.7
1153270 2179.9
1153280 2178.0
1153290 2178.0
1153300 2173.1
1153310 2171.3
1153320 2171.3
1153330 2176.8
1153340 2179.8
1153350 2179.8
1153360 2178.4
1153370 2181.0
1153380 2181.0
1153390 2181.8
1153400 2183.7
1153410 2180.3
1153420 2180.3
1153430 2180.9
1153440 2182.4
1153450 2182.4
1153460 2186.0
1153470 2188.5
1153480 2188.5
1153490 2189.7
1153500 2191.5
1153510 2191.5
1153520 2193.9
1153530 2200.1
1153540 2200.1
1153550 2202.3
1153560 2205.0
1153570 2205.0
1153580 2211.7
1153590 2215.9
1153600 2215.9
1153610 2218.9
1153620 2220.7
1153630 2214.1
1153640 2214.1
1153650 2201.6
1153660 2188.1
1153670 2188.1
1153680 2176.7
1153690 2167.0
1153700 2167.0
1153710 2156.9
1153720 2147.0
1153730 2147.0
1153740 2136.9
1153750 2124.7
1153760 2124.7
1153770 2111.8
1153780 2093.9
1153790 2101.8
1153800 2083.3
1153810 2070.5
1153820 2070.5
1153830 2061.8
1153840 2053.2
1153850 2053.2
1153860 2043.7
1153870 2036.1
1153880 2028.5
1153890 2028.5
1153900 2020.4
1153910 2012.8
1153920 2012.8
1153930 2007.1
1153940 2001.0
1153950 2001.0
1153960 1993.2
1153970 1986.0
1153980 1986.0
1153990 1978.7
1154000 1971.8
1154010 1971.8
1154020 1965.1
1154030 1958.7
1154040 1958.7
1154050 1952.5
1154060 1946.3
1154070 1946.3
1154080 1939.9
1154090 1932.6
1154100 1932.6
1154110 1925.7
1154120 1918.8
1154130 1912.0
1154140 1912.0
1154150 1904.8
1154160 1897.1
1154170 1897.1
1154180 1889.9
1154190 1879.3
1154200 1879.3
1154210 1873.2
1154220 1875.2
1154230 1875.2
1154240 1875.2
1154250 1874.7
1154260 1874.7
1154270 1872.5
1154280 1869.7
1154290 1869.7
1154300 1866.2
1154310 1863.8
1154320 1863.8
1154330 1863.7
1154340 1860.9
1154350 1860.9
1154360 1854.7
1154370 1848.9
1154380 1846.8
1154390 1846.8
1154400 1846.7
1154410 1844.7
1154420 1844.7
1154430 1843.5
1154440 1843.3
1154450 1843.3
1154460 1841.7
1154470 1838.9
1154480 1838.9
1154490 1834.3
1154500 1831.8
1154510 1831.8
1154520 1828.7
1154530 1824.9
1154540 1824.9
1154550 1818.9
1154560 1805.8
1154570 1805.8
1154580 1806.4
1154590 1802.6
1154600 1800.7
1154610 1800.7
1154620 1797.3
1154630 1791.1
1154640 1791.1
1154650 1784.0
1154660 1781.0
1154670 1781.0
1154680 1785.1
1154690 1788.4
1154700 1788.4
1154710 1786.9
1154720 1785.4
1154730 1785.4
1154740 1784.7
1154750 1783.3
1154760 1783.3
1154770 1780.3
1154780 1775.0
1154790 1775.0
1154800 1774.8
1154810 1775.6
1154820 1775.6
1154830 1771.9
1154840 1767.1
1154850 1765.8
1154860 1765.8
1154870 1760.3
1154880 1751.1
1154890 1751.1
1154900 1749.0
1154910 1751.5
1154920 1751.5
1154930 1747.2
1154940 1740.8
1154950 1732.4
1154960 1725.5
1154970 1717.2
1154980 1717.2
1154990 1712.3
1155000 1711.2
1155010 1711.2
1155020 1709.3
1155030 1704.4
1155040 1704.4
1155050 1705.0
1155060 1692.5
1155070 1692.5
1155080 1675.8
1155090 1671.0
1155100 1666.4
1155110 1666.4
1155120 1668.3
1155130 1675.5
1155140 1675.5
1155150 1673.9
1155160 1672.5
1155170 1672.5
1155180 1678.1
1155190 1676.1
1155200 1676.1
1155210 1667.3
1155220 1659.7
1155230 1659.7
1155240 1658.9
1155250 1658.3
1155260 1658.3
1155270 1652.2
1155280 1643.6
1155290 1643.6
1155300 1642.1
1155310 1644.7
1155320 1644.7
1155330 1635.9
1155340 1633.3
1155350 1623.7
1155360 1623.7
1155370 1614.5
1155380 1607.8
1155390 1607.8
1155400 1606.3
1155410 1608.2
1155420 1608.2
1155430 1614.5
1155440 1625.1
1155450 1625.1
1155460 1633.4
1155470 1637.0
1155480 1637.0
1155490 1642.8
1155500 1649.9
1155510 1649.9
1155520 1656.5
1155530 1662.9
1155540 1662.9
1155550 1669.5
1155560 1675.8
1155570 1675.8
1155580 1682.2
1155590 1688.7
1155600 1695.2
1155610 1695.2
1155620 1701.6
1155630 1708.8
1155640 1708.8
1155650 1717.5
1155660 1726.6
1155670 1726.6
1155680 1736.7
1155690 1747.6
1155700 1747.6
1155710 1759.2
1155720 1766.8
1155730 1766.8
1155740 1775.3
1155750 1783.8
1155760 1783.8
1155770 1792.6
1155780 1802.3
1155790 1802.3
1155800 1812.5
1155810 1821.8
1155820 1829.0
1155830 1829.0
1155840 1835.9
1155850 1843.6
1155860 1843.6
1155870 1851.5
1155880 1859.7
1155890 1859.7
1155900 1867.7
1155910 1875.6
1155920 1875.6
1155930 1882.8
1155940 1888.4
1155950 1888.4
1155960 1892.8
1155970 1898.1
1155980 1898.1
1155990 1905.4
1156000 1912.6
1156010 1912.6
1156020 1919.7
1156030 1927.1
1156040 1927.1
1156050 1935.8
1156060 1946.4
1156070 1955.8
1156080 1955.8
1156090 1961.6
1156100 1968.8
1156110 1969.9
1156120 1976.2
1156130 1982.9
1156140 1982.9
1156150 1989.7
1156160 1996.0
1156170 1996.0
1156180 2002.3
1156190 2008.2
1156200 2008.2
1156210 2013.8
1156220 2019.3
1156230 2019.3
1156240 2024.9
1156250 2029.9
1156260 2029.9
1156270 2034.5
1156280 2039.0
1156290 2039.0
1156300 2042.9
1156310 2046.4
1156320 2050.0
1156330 2050.0
1156340 2052.3
1156350 2054.1
1156360 2054.1
1156370 2054.3
1156380 2050.9
1156390 2050.9
1156400 2047.0
1156410 2043.2
1156420 2043.2
1156430 2039.2
1156440 2034.8
1156450 2034.8
1156460 2032.1
1156470 2031.6
1156480 2031.6
1156490 2023.6
1156500 2022.8
1156510 2022.8
1156520 2020.0
1156530 2015.8
1156540 2015.8
1156550 2009.8
1156560 2007.3
1156570 2006.4
1156580 2006.4
1156590 2004.0
1156600 2003.8
1156610 2003.8
1156620 2004.8
1156630 2007.5
1156640 2007.5
1156650 2013.6
1156660 2012.2
1156670 2012.2
1156680 2008.0
1156690 2009.7
1156700 2009.7
1156710 2016.9
1156720 2026.2
1156730 2026.2
1156740 2035.6
1156750 2043.5
1156760 2043.5
1156770 2047.7
1156780 2049.0
1156790 2050.7
1156800 2050.7
1156810 2053.1
1156820 2056.1
1156830 2056.1
1156840 2059.6
1156850 2061.2
1156860 2061.2
1156870 2063.7
1156880 2059.5
1156890 2059.5
1156900 2062.8
1156910 2066.2
1156920 2066.2
1156930 2067.9
1156940 2070.4
1156950 2070.4
1156960 2068.2
1156970 2068.5
1156980 2068.5
1156990 2074.2
1157000 2078.2
1157010 2078.2
1157020 2081.1
1157030 2084.1
1157040 2086.2
1157050 2086.2
1157060 2086.8
1157070 2089.9
1157080 2089.9
1157090 2092.8
1157100 2092.1
1157110 2092.1
1157120 2091.9
1157130 2094.7
1157140 2094.7
1157150 2096.7
1157160 2097.6
1157170 2097.6
1157180 2097.9
1157190 2100.9
1157200 2100.9
1157210 2100.1
1157220 2099.1
1157230 2099.1
1157240 2101.4
1157250 2104.6
1157260 2104.6
1157270 2109.8
1157280 2116.1
1157290 2120.0
1157300 2120.0
1157310 2124.5
1157320 2130.9
1157330 2130.9
1157340 2137.6
1157350 2143.6
1157360 2143.6
1157370 2149.3
1157380 2153.9
1157390 2153.9
1157400 2158.8
1157410 2164.0
1157420 2164.0
1157430 2168.8
1157440 2174.0
1157450 2174.0
1157460 2178.9
1157470 2183.1
1157480 2183.1
1157490 2186.7
1157500 2191.0
1157510 2191.0
1157520 2195.9
1157530 2200.8
1157540 2205.5
1157550 2205.5
1157560 2210.3
1157570 2215.1
1157580 2215.1
1157590 2220.3
1157600 2224.4
1157610 2224.4
1157620 2227.9
1157630 2232.5
1157640 2232.5
1157650 2237.4
1157660 2238.0
1157670 2238.0
1157680 2240.7
1157690 2243.7
1157700 2243.7
1157710 2247.8
1157720 2251.1
1157730 2251.1
1157740 2254.7
1157750 2258.8
1157760 2263.2
1157770 2263.2
1157780 2267.6
1157790 2271.8
1157800 2271.8
1157810 2274.5
1157820 2275.7
1157830 2275.7
1157840 2277.4
1157850 2280.0
1157860 2280.0
1157870 2283.5
1157880 2286.3
1157890 2286.3
1157900 2287.6
1157910 2288.6
1157920 2288.6
1157930 2290.9
1157940 2293.4
1157950 2293.4
1157960 2296.5
1157970 2299.0
1157980 2299.0
1157990 2301.0
1158000 2303.1
1158010 2302.6
1158020 2302.6
1158030 2298.5
1158040 2297.4
1158050 2290.0
1158060 2288.4
1158070 2286.4
1158080 2286.4
1158090 2283.1
1158100 2279.2
1158110 2279.2
1158120 2276.0
1158130 2267.8
1158140 2267.8
1158150 2262.1
1158160 2258.7
1158170 2258.7
1158180 2253.5
1158190 2244.6
1158200 2244.6
1158210 2238.2
1158220 2231.2
1158230 2231.2
1158240 2218.9
1158250 2208.6
1158260 2204.1
1158270 2204.1
1158280 2200.9
1158290 2197.3
1158300 2197.3
1158310 2194.9
1158320 2191.4
1158330 2191.4
1158340 2185.9
1158350 2179.9
1158360 2179.9
1158370 2176.6
1158380 2174.8
1158390 2174.8
1158400 2172.6
1158410 2170.5
1158420 2170.5
1158430 2166.2
1158440 2154.3
1158450 2154.3
1158460 2148.3
1158470 2143.8
1158480 2143.8
1158490 2140.9
1158500 2139.6
1158510 2133.0
1158520 2133.0
1158530 2133.6
1158540 2134.8
1158550 2134.8
1158560 2131.3
1158570 2127.5
1158580 2127.5
1158590 2123.8
1158600 2119.7
1158610 2119.7
1158620 2113.4
1158630 2095.9
1158640 2095.9
1158650 2084.4
1158660 2082.5
1158670 2082.5
1158680 2078.7
1158690 2076.2
1158700 2076.2
1158710 2071.9
1158720 2063.5
1158730 2063.5
1158740 2058.3
1158750 2057.2
1158760 2055.9
1158770 2055.9
1158780 2059.4
1158790 2062.9
1158800 2062.9
1158810 2063.1
1158820 2061.6
1158830 2054.3
1158840 2051.3
1158850 2051.4
1158860 2051.4
1158870 2053.7
1158880 2057.1
1158890 2057.1
1158900 2059.9
1158910 2060.2
1158920 2060.2
1158930 2059.8
1158940 2060.1
1158950 2060.1
1158960 2061.1
1158970 2061.6
1158980 2061.2
1158990 2061.2
1159000 2061.1
1159010 2062.0
1159020 2062.0
1159030 2062.2
1159040 2062.0
1159050 2062.0
1159060 2062.0
1159070 2061.3
1159080 2061.3
1159090 2059.7
1159100 2056.7
1159110 2056.7
1159120 2051.7
1159130 2045.3
1159140 2045.3
1159150 2036.5
1159160 2027.1
1159170 2027.1
1159180 2018.1
1159190 2008.9
1159200 2008.9
1159210 1999.7
1159220 1987.5
1159230 1980.0
1159240 1980.0
1159250 1971.2
1159260 1961.8
1159270 1961.8
1159280 1952.6
1159290 1943.2
1159300 1943.2
1159310 1935.5
1159320 1928.2
1159330 1928.2
1159340 1920.0
1159350 1912.3
1159360 1912.3
1159370 1907.3
1159380 1903.5
1159390 1903.5
1159400 1899.7
1159410 1895.5
1159420 1895.5
1159430 1889.5
1159440 1884.8
1159450 1884.8
1159460 1878.6
1159470 1869.7
1159480 1860.1
1159490 1860.1
1159500 1849.7
1159510 1842.3
1159520 1842.3
1159530 1832.4
1159540 1822.8
1159550 1822.8
1159560 1812.6
1159570 1801.5
1159580 1801.5
1159590 1788.9
1159600 1778.1
1159610 1775.4
1159620 1768.4
1159630 1763.6
1159640 1763.6
1159650 1760.2
1159660 1756.9
1159670 1756.9
1159680 1753.0
1159690 1747.9
1159700 1747.9
1159710 1742.7
1159720 1735.7
1159730 1726.2
1159740 1726.2
1159750 1720.4
1159760 1715.5
1159770 1715.5
1159780 1708.2
1159790 1698.3
1159800 1698.3
1159810 1683.1
1159820 1666.5
1159830 1666.5
1159840 1652.8
1159850 1645.5
1159860 1645.5
1159870 1659.2
1159880 1684.9
1159890 1684.9
1159900 1707.5
1159910 1720.3
1159920 1720.3
1159930 1731.9
1159940 1739.7
1159950 1749.4
1159960 1749.4
1159970 1759.9
1159980 1768.8
1159990 1768.8
