1140000 1821.9
1140010 1814.6
1140020 1814.6
1140030 1806.2
1140040 1801.6
1140050 1801.6
1140060 1797.7
1140070 1793.2
1140080 1793.2
1140090 1787.7
1140100 1781.7
1140110 1781.7
1140120 1774.1
1140130 1764.4
1140140 1764.4
1140150 1754.3
1140160 1747.5
1140170 1747.5
1140180 1741.4
1140190 1735.0
1140200 1735.0
1140210 1730.2
1140220 1726.1
1140230 1721.3
1140240 1721.3
1140250 1716.0
1140260 1706.9
1140270 1706.9
1140280 1701.7
1140290 1696.6
1140300 1696.6
1140310 1690.6
1140320 1684.5
1140330 1684.5
1140340 1678.7
1140350 1673.2
1140360 1673.2
1140370 1667.2
1140380 1665.5
1140390 1665.5
1140400 1666.5
1140410 1664.6
1140420 1664.6
1140430 1660.5
1140440 1655.3
1140450 1655.3
1140460 1651.2
1140470 1648.6
1140480 1647.8
1140490 1647.8
1140500 1645.7
1140510 1643.3
1140520 1643.3
1140530 1640.6
1140540 1637.9
1140550 1637.9
1140560 1635.4
1140570 1632.2
1140580 1632.2
1140590 1629.4
1140600 1627.7
1140610 1627.7
1140620 1626.8
1140630 1626.4
1140640 1626.4
1140650 1625.6
1140660 1624.9
1140670 1624.9
1140680 1623.7
1140690 1622.4
1140700 1622.4
1140710 1621.1
1140720 1618.8
1140730 1618.4
1140740 1618.4
1140750 1618.0
1140760 1617.2
1140770 1617.2
1140780 1617.6
1140790 1618.6
1140800 1618.6
1140810 1619.9
1140820 1620.7
1140830 1620.7
1140840 1623.4
1140850 1627.3
1140860 1627.3
1140870 1630.6
1140880 1633.1
1140890 1633.1
1140900 1635.8
1140910 1639.0
1140920 1639.0
1140930 1642.8
1140940 1646.1
1140950 1646.1
1140960 1648.2
1140970 1649.4
1140980 1648.0
1140990 1648.0
1141000 1652.6
1141010 1655.4
1141020 1655.4
1141030 1658.5
1141040 1660.8
1141050 1660.8
1141060 1662.4
1141070 1664.6
1141080 1664.6
1141090 1669.3
1141100 1672.1
1141110 1672.1
1141120 1675.7
1141130 1681.0
1141140 1681.0
1141150 1686.1
1141160 1691.3
1141170 1691.3
1141180 1696.6
1141190 1706.2
1141200 1706.8
1141210 1706.8
1141220 1706.5
1141230 1718.5
1141240 1718.5
1141250 1729.2
1141260 1740.0
1141270 1740.0
1141280 1751.6
1141290 1761.9
1141300 1761.9
1141310 1774.8
1141320 1782.0
1141330 1782.0
1141340 1785.3
1141350 1790.4
1141360 1790.4
1141370 1805.0
1141380 1810.6
1141390 1810.6
1141400 1812.8
1141410 1814.4
1141420 1814.4
1141430 1815.7
1141440 1820.9
1141450 1825.6
1141460 1825.6
1141470 1828.9
1141480 1827.6
1141490 1827.6
1141500 1823.1
1141510 1819.4
1141520 1819.4
1141530 1819.6
1141540 1825.7
1141550 1825.7
1141560 1833.3
1141570 1836.1
1141580 1836.1
1141590 1839.3
1141600 1843.7
1141610 1843.7
1141620 1846.9
1141630 1848.9
1141640 1848.9
1141650 1849.9
1141660 1850.2
1141670 1850.2
1141680 1852.2
1141690 1855.3
1141700 1861.1
1141710 1861.1
1141720 1867.9
1141730 1875.9
1141740 1883.4
1141750 1892.6
1141760 1901.4
1141770 1901.4
1141780 1911.7
1141790 1917.6
1141800 1917.6
1141810 1920.5
1141820 1922.2
1141830 1922.2
1141840 1922.6
1141850 1923.1
1141860 1923.1
1141870 1923.8
1141880 1924.9
1141890 1924.9
1141900 1927.5
1141910 1930.8
1141920 1930.8
1141930 1934.1
1141940 1937.5
1141950 1938.7
1141960 1938.7
1141970 1938.2
1141980 1939.6
1141990 1939.6
1142000 1943.5
1142010 1949.8
1142020 1949.8
1142030 1956.2
1142040 1958.0
1142050 1958.0
1142060 1958.4
1142070 1965.7
1142080 1965.7
1142090 1978.2
1142100 1982.8
1142110 1986.8
1142120 1987.1
1142130 1985.7
1142140 1985.7
1142150 1985.1
1142160 1984.0
1142170 1984.0
1142180 1984.0
1142190 1984.5
1142200 1983.1
1142210 1983.1
1142220 1981.8
1142230 1981.9
1142240 1981.9
1142250 1982.3
1142260 1982.3
1142270 1982.3
1142280 1981.2
1142290 1980.8
1142300 1980.8
1142310 1981.4
1142320 1981.3
1142330 1981.3
1142340 1982.0
1142350 1983.8
1142360 1983.8
1142370 1985.8
1142380 1986.6
1142390 1986.6
1142400 1986.8
1142410 1986.5
1142420 1986.5
1142430 1986.5
1142440 1987.2
1142450 1986.6
1142460 1986.6
1142470 1985.8
1142480 1991.5
1142490 1991.5
1142500 1991.9
1142510 1990.6
1142520 1990.6
1142530 1990.8
1142540 1990.5
1142550 1990.5
1142560 1990.7
1142570 1991.3
1142580 1991.3
1142590 1993.3
1142600 1995.8
1142610 1995.8
1142620 1998.5
1142630 2000.6
1142640 2000.6
1142650 2001.1
1142660 2002.3
1142670 2004.3
1142680 2004.3
1142690 2007.1
1142700 2009.3
1142710 2009.3
1142720 2011.5
1142730 2014.4
1142740 2014.4
1142750 2016.5
1142760 2018.0
1142770 2018.0
1142780 2018.8
1142790 2019.8
1142800 2019.8
1142810 2021.5
1142820 2022.2
1142830 2022.2
1142840 2022.4
1142850 2025.0
1142860 2025.0
1142870 2023.0
1142880 2021.1
1142890 2021.1
1142900 2018.6
1142910 2017.2
1142920 2017.6
1142930 2017.6
1142940 2017.0
1142950 2014.7
1142960 2014.7
1142970 2010.9
1142980 2005.8
1142990 2005.8
1143000 2000.3
1143010 1994.8
1143020 1994.8
1143030 1987.6
1143040 1977.7
1143050 1977.7
1143060 1966.3
1143070 1954.5
1143080 1954.5
1143090 1942.2
1143100 1930.3
1143110 1930.3
1143120 1922.8
1143130 1917.8
1143140 1917.8
1143150 1913.1
1143160 1908.8
1143170 1904.7
1143180 1904.7
1143190 1901.8
1143200 1897.0
1143210 1897.0
1143220 1893.3
1143230 1895.3
1143240 1895.3
1143250 1891.7
1143260 1888.2
1143270 1888.2
1143280 1884.6
1143290 1881.2
1143300 1881.2
1143310 1877.6
1143320 1873.2
1143330 1873.2
1143340 1869.7
1143350 1864.8
1143360 1864.8
1143370 1861.4
1143380 1862.0
1143390 1862.0
1143400 1863.6
1143410 1865.6
1143420 1870.2
1143430 1870.2
1143440 1876.3
1143450 1881.9
1143460 1881.9
1143470 1885.1
1143480 1886.4
1143490 1886.4
1143500 1888.4
1143510 1890.1
1143520 1890.1
1143530 1892.1
1143540 1894.2
1143550 1894.2
1143560 1895.5
1143570 1897.4
1143580 1897.4
1143590 1900.2
1143600 1908.3
1143610 1908.3
1143620 1912.2
1143630 1915.1
1143640 1915.1
1143650 1917.9
1143660 1920.2
1143670 1920.9
1143680 1920.9
1143690 1926.6
1143700 1933.9
1143710 1933.9
1143720 1936.8
1143730 1939.9
1143740 1939.9
1143750 1944.3
1143760 1943.6
1143770 1943.6
1143780 1944.4
1143790 1949.1
1143800 1949.1
1143810 1953.2
1143820 1956.8
1143830 1956.8
1143840 1962.3
1143850 1964.7
1143860 1964.7
1143870 1964.2
1143880 1964.2
1143890 1964.2
1143900 1963.0
1143910 1962.2
1143920 1958.1
1143930 1958.1
1143940 1955.9
1143950 1964.0
1143960 1964.0
1143970 1970.7
1143980 1974.9
1143990 1974.9
1144000 1979.1
1144010 1984.7
1144020 1984.7
1144030 1988.5
1144040 1990.6
1144050 1990.6
1144060 1994.7
1144070 1999.4
1144080 1999.4
1144090 2003.4
1144100 2008.6
1144110 2008.6
1144120 2013.6
1144130 2015.9
1144140 2018.5
1144150 2018.5
1144160 2023.0
1144170 2025.9
1144180 2025.9
1144190 2030.1
1144200 2035.3
1144210 2035.3
1144220 2040.2
1144230 2044.1
1144240 2044.1
1144250 2048.9
1144260 2054.0
1144270 2054.0
1144280 2056.3
1144290 2057.8
1144300 2057.8
1144310 2060.1
1144320 2066.4
1144330 2066.4
1144340 2074.4
1144350 2074.8
1144360 2074.8
1144370 2079.9
1144380 2085.2
1144390 2090.6
1144400 2090.6
1144410 2095.7
1144420 2101.0
1144430 2101.0
1144440 2107.0
1144450 2112.9
1144460 2112.9
1144470 2118.5
1144480 2123.7
1144490 2123.7
1144500 2129.4
1144510 2135.5
1144520 2135.5
1144530 2142.0
1144540 2148.1
1144550 2148.1
1144560 2154.2
1144570 2160.4
1144580 2160.4
1144590 2166.6
1144600 2172.7
1144610 2172.7
1144620 2178.6
1144630 2184.3
1144640 2189.6
1144650 2189.6
1144660 2194.9
1144670 2199.8
1144680 2199.8
1144690 2204.5
1144700 2209.7
1144710 2209.7
1144720 2210.3
1144730 2215.3
1144740 2215.3
1144750 2220.2
1144760 2224.7
1144770 2224.7
1144780 2229.6
1144790 2234.1
1144800 2234.1
1144810 2237.2
1144820 2239.3
1144830 2239.3
1144840 2244.2
1144850 2246.1
1144860 2246.1
1144870 2248.0
1144880 2250.4
1144890 2253.2
1144900 2253.2
1144910 2257.9
1144920 2263.9
1144930 2263.9
1144940 2270.3
1144950 2275.6
1144960 2275.6
1144970 2282.3
1144980 2289.1
1144990 2289.1
1145000 2295.1
1145010 2301.6
1145020 2301.6
1145030 2307.3
1145040 2313.0
1145050 2313.0
1145060 2317.1
1145070 2320.9
1145080 2320.9
1145090 2333.7
1145100 2336.8
1145110 2336.8
1145120 2338.9
1145130 2342.3
1145140 2346.0
1145150 2346.0
1145160 2349.5
1145170 2353.7
1145180 2353.7
1145190 2358.3
1145200 2361.9
1145210 2361.9
1145220 2365.9
1145230 2370.7
1145240 2370.7
1145250 2376.5
1145260 2381.3
1145270 2381.3
1145280 2384.9
1145290 2388.0
1145300 2388.0
1145310 2391.6
1145320 2394.5
1145330 2394.5
1145340 2396.8
1145350 2398.6
1145360 2400.1
1145370 2400.1
1145380 2403.3
1145390 2407.3
1145400 2407.3
1145410 2410.0
1145420 2412.2
1145430 2412.2
1145440 2414.0
1145450 2416.2
1145460 2416.2
1145470 2418.7
1145480 2420.8
1145490 2420.8
1145500 2421.1
1145510 2422.7
1145520 2422.7
1145530 2424.5
1145540 2426.8
1145550 2426.8
1145560 2429.6
1145570 2432.4
1145580 2432.4
1145590 2438.0
1145600 2444.1
1145610 2449.2
1145620 2449.2
1145630 2452.2
1145640 2455.3
1145650 2455.3
1145660 2459.0
1145670 2463.6
1145680 2463.6
1145690 2469.7
1145700 2476.3
1145710 2476.3
1145720 2482.6
1145730 2489.6
1145740 2489.6
1145750 2496.6
1145760 2503.1
1145770 2503.1
1145780 2508.6
1145790 2513.1
1145800 2513.1
1145810 2516.1
1145820 2518.4
1145830 2518.4
1145840 2519.4
1145850 2522.5
1145860 2525.4
1145870 2525.4
1145880 2527.9
1145890 2529.1
1145900 2529.1
1145910 2528.9
1145920 2528.5
1145930 2528.5
1145940 2531.8
1145950 2535.1
1145960 2535.1
1145970 2536.6
1145980 2537.9
1145990 2537.9
1146000 2539.6
1146010 2541.4
1146020 2541.4
1146030 2543.4
1146040 2545.1
1146050 2545.1
1146060 2545.5
1146070 2544.9
1146080 2544.9
1146090 2546.2
1146100 2549.5
1146110 2552.7
1146120 2552.7
1146130 2555.2
1146140 2558.0
1146150 2558.0
1146160 2560.2
1146170 2562.1
1146180 2562.1
1146190 2563.7
1146200 2564.7
1146210 2564.7
1146220 2563.8
1146230 2565.4
1146240 2565.4
1146250 2565.9
1146260 2567.9
1146270 2567.9
1146280 2570.2
1146290 2572.7
1146300 2572.7
1146310 2575.7
1146320 2578.8
1146330 2578.8
1146340 2581.1
1146350 2582.9
1146360 2586.2
1146370 2586.2
1146380 2589.7
1146390 2593.4
1146400 2593.4
1146410 2597.0
1146420 2600.1
1146430 2600.1
1146440 2602.7
1146450 2605.1
1146460 2605.1
1146470 2607.4
1146480 2609.3
1146490 2609.3
1146500 2610.9
1146510 2611.9
1146520 2611.9
1146530 2611.2
1146540 2603.7
1146550 2603.7
1146560 2595.1
1146570 2587.5
1146580 2582.9
1146590 2574.5
1146600 2570.9
1146610 2574.8
1146620 2574.8
1146630 2570.3
1146640 2562.6
1146650 2562.6
1146660 2549.7
1146670 2538.2
1146680 2538.2
1146690 2528.2
1146700 2521.3
1146710 2521.3
1146720 2509.4
1146730 2500.1
1146740 2500.1
1146750 2493.7
1146760 2488.9
1146770 2488.9
1146780 2485.4
1146790 2481.3
1146800 2481.3
1146810 2476.8
1146820 2473.8
1146830 2472.3
1146840 2472.3
1146850 2470.6
1146860 2468.6
1146870 2468.6
1146880 2466.6
1146890 2466.3
1146900 2466.3
1146910 2466.3
1146920 2465.4
1146930 2465.4
1146940 2464.4
1146950 2462.9
1146960 2462.9
1146970 2457.4
1146980 2456.7
1146990 2456.7
1147000 2455.7
1147010 2454.3
1147020 2454.3
1147030 2453.0
1147040 2451.7
1147050 2451.7
1147060 2451.0
1147070 2450.3
1147080 2449.4
1147090 2449.4
1147100 2448.9
1147110 2448.0
1147120 2448.0
1147130 2447.6
1147140 2447.0
1147150 2447.0
1147160 2446.5
1147170 2446.3
1147180 2446.3
1147190 2447.8
1147200 2448.2
1147210 2448.2
1147220 2447.7
1147230 2450.3
1147240 2450.3
1147250 2453.9
1147260 2457.5
1147270 2457.5
1147280 2461.1
1147290 2464.7
1147300 2464.7
1147310 2468.0
1147320 2470.2
1147330 2465.9
1147340 2465.9
1147350 2453.3
1147360 2443.7
1147370 2443.7
1147380 2435.6
1147390 2427.2
1147400 2427.2
1147410 2419.5
1147420 2414.3
1147430 2414.3
1147440 2409.0
1147450 2403.2
1147460 2403.2
1147470 2398.0
1147480 2393.5
1147490 2393.5
1147500 2391.6
1147510 2392.1
1147520 2392.1
1147530 2390.2
1147540 2387.7
1147550 2387.7
1147560 2385.0
1147570 2381.9
1147580 2379.0
1147590 2379.0
1147600 2376.2
1147610 2373.3
1147620 2373.3
1147630 2370.4
1147640 2367.6
1147650 2367.6
1147660 2364.6
1147670 2361.7
1147680 2361.7
1147690 2359.1
1147700 2356.4
1147710 2356.4
1147720 2352.3
1147730 2350.9
1147740 2350.9
1147750 2349.9
1147760 2349.6
1147770 2349.6
1147780 2348.9
1147790 2346.9
1147800 2346.9
1147810 2347.1
1147820 2349.0
1147830 2348.7
1147840 2348.7
1147850 2348.6
1147860 2348.0
1147870 2348.0
1147880 2349.7
1147890 2353.5
1147900 2353.5
1147910 2357.1
1147920 2359.8
1147930 2359.8
1147940 2363.0
1147950 2366.1
1147960 2366.1
1147970 2369.0
1147980 2372.3
1147990 2372.3
1148000 2375.5
1148010 2378.3
1148020 2378.3
1148030 2382.0
1148040 2385.9
1148050 2388.9
1148060 2388.9
1148070 2396.4
1148080 2405.3
1148090 2405.3
1148100 2415.8
1148110 2422.9
1148120 2422.9
1148130 2430.3
1148140 2439.8
1148150 2439.8
1148160 2444.4
1148170 2449.5
1148180 2449.5
1148190 2458.1
1148200 2466.8
1148210 2466.8
1148220 2475.4
1148230 2482.5
1148240 2482.5
1148250 2487.8
1148260 2489.3
1148270 2489.3
1148280 2487.1
1148290 2484.1
1148300 2481.0
1148310 2481.0
1148320 2478.5
1148330 2476.7
1148340 2476.7
1148350 2474.5
1148360 2471.8
1148370 2471.8
1148380 2468.9
1148390 2464.6
1148400 2464.6
1148410 2455.8
1148420 2446.5
1148430 2446.5
1148440 2438.0
1148450 2431.1
1148460 2431.1
1148470 2424.4
1148480 2415.8
1148490 2415.8
1148500 2409.9
1148510 2404.3
1148520 2404.3
1148530 2399.4
1148540 2394.7
1148550 2390.8
1148560 2390.8
1148570 2386.7
1148580 2382.1
1148590 2382.1
1148600 2379.3
1148610 2376.2
1148620 2376.2
1148630 2372.5
1148640 2368.7
1148650 2368.7
1148660 2364.7
1148670 2361.7
1148680 2361.7
1148690 2357.4
1148700 2350.8
1148710 2350.8
1148720 2343.0
1148730 2336.6
1148740 2336.6
1148750 2330.6
1148760 2326.2
1148770 2326.2
1148780 2324.0
1148790 2319.6
1148800 2313.8
1148810 2313.8
1148820 2307.0
1148830 2300.0
1148840 2300.0
1148850 2293.8
1148860 2286.5
1148870 2286.5
1148880 2283.4
1148890 2282.4
1148900 2282.4
1148910 2283.2
1148920 2284.0
1148930 2284.0
1148940 2283.4
1148950 2279.1
1148960 2279.1
1148970 2276.6
1148980 2276.7
1148990 2276.7
1149000 2276.6
1149010 2277.2
1149020 2277.2
1149030 2278.0
1149040 2278.8
1149050 2276.0
1149060 2276.0
1149070 2272.3
1149080 2267.2
1149090 2267.2
1149100 2261.5
1149110 2257.5
1149120 2257.5
1149130 2251.6
1149140 2247.2
1149150 2247.2
1149160 2244.1
1149170 2238.9
1149180 2238.9
1149190 2235.0
1149200 2230.6
1149210 2230.6
1149220 2225.1
1149230 2220.5
1149240 2211.0
1149250 2208.2
1149260 2205.4
1149270 2203.1
1149280 2203.1
1149290 2200.6
1149300 2194.0
1149310 2194.0
1149320 2188.4
1149330 2184.3
1149340 2184.3
1149350 2180.1
1149360 2179.8
1149370 2179.8
1149380 2179.9
1149390 2179.1
1149400 2179.1
1149410 2179.0
1149420 2179.4
1149430 2179.4
1149440 2183.3
1149450 2186.9
1149460 2186.9
1149470 2190.1
1149480 2192.9
1149490 2192.9
1149500 2195.9
1149510 2198.7
1149520 2200.6
1149530 2200.6
1149540 2202.6
1149550 2205.4
1149560 2205.4
1149570 2207.4
1149580 2210.9
1149590 2210.9
1149600 2214.9
1149610 2215.2
1149620 2215.2
1149630 2220.0
1149640 2225.5
1149650 2225.5
1149660 2231.6
1149670 2238.1
1149680 2238.1
1149690 2244.2
1149700 2250.1
1149710 2250.1
1149720 2258.5
1149730 2270.1
1149740 2270.1
1149750 2280.6
1149760 2289.5
1149770 2299.7
1149780 2299.7
1149790 2311.3
1149800 2328.2
1149810 2328.2
1149820 2342.4
1149830 2356.3
1149840 2356.3
1149850 2371.8
1149860 2377.0
1149870 2377.0
1149880 2373.7
1149890 2367.0
1149900 2367.0
1149910 2359.6
1149920 2358.2
1149930 2358.2
1149940 2357.0
1149950 2344.2
1149960 2344.2
1149970 2326.1
1149980 2317.1
1149990 2325.6
1150000 2302.5
1150010 2286.0
1150020 2279.5
1150030 2279.5
1150040 2273.3
1150050 2266.8
1150060 2266.8
1150070 2261.2
1150080 2257.5
1150090 2257.5
1150100 2253.5
1150110 2248.7
1150120 2248.7
1150130 2244.8
1150140 2240.2
1150150 2240.2
1150160 2233.8
1150170 2225.1
1150180 2225.1
1150190 2215.7
1150200 2206.0
1150210 2206.0
1150220 2196.0
1150230 2188.6
1150240 2188.6
1150250 2182.3
1150260 2177.1
1150270 2171.2
1150280 2171.2
1150290 2162.9
1150300 2154.9
1150310 2154.9
1150320 2150.6
1150330 2149.0
1150340 2149.0
1150350 2148.5
1150360 2148.8
1150370 2142.3
1150380 2142.0
1150390 2143.5
1150400 2143.5
1150410 2145.8
1150420 2146.2
1150430 2146.2
1150440 2146.9
1150450 2149.5
1150460 2149.5
1150470 2155.2
1150480 2160.6
1150490 2160.6
1150500 2167.5
1150510 2173.7
1150520 2178.9
1150530 2178.9
1150540 2185.2
1150550 2191.6
1150560 2191.6
1150570 2195.2
1150580 2197.7
1150590 2197.7
1150600 2200.5
1150610 2203.7
1150620 2203.7
1150630 2206.3
1150640 2206.3
1150650 2206.3
1150660 2207.0
1150670 2206.8
1150680 2206.8
1150690 2206.2
1150700 2208.1
1150710 2208.1
1150720 2209.2
1150730 2204.3
1150740 2201.3
1150750 2194.4
1150760 2192.0
1150770 2189.2
1150780 2189.2
1150790 2187.8
1150800 2186.6
1150810 2186.6
1150820 2185.0
1150830 2182.2
1150840 2182.2
1150850 2180.6
1150860 2180.4
1150870 2180.4
1150880 2178.7
1150890 2180.2
1150900 2180.2
1150910 2179.0
1150920 2178.9
1150930 2178.9
1150940 2179.3
1150950 2179.6
1150960 2179.6
1150970 2181.7
1150980 2181.2
1150990 2180.7
1151000 2180.7
1151010 2180.7
1151020 2182.1
1151030 2182.1
1151040 2184.3
1151050 2188.2
1151060 2188.2
1151070 2193.4
1151080 2198.1
1151090 2198.1
1151100 2202.5
1151110 2207.4
1151120 2207.4
1151130 2209.3
1151140 2199.2
1151150 2199.2
1151160 2197.8
1151170 2197.4
1151180 2197.4
1151190 2197.6
1151200 2199.3
1151210 2199.3
1151220 2201.7
1151230 2202.1
1151240 2202.9
1151250 2202.9
1151260 2203.6
1151270 2204.8
1151280 2204.8
1151290 2206.8
1151300 2209.2
1151310 2209.2
1151320 2211.3
1151330 2215.5
1151340 2215.5
1151350 2221.0
1151360 2227.0
1151370 2227.0
1151380 2233.4
1151390 2240.5
1151400 2240.5
1151410 2247.6
1151420 2254.9
1151430 2254.9
1151440 2262.5
1151450 2269.7
1151460 2269.7
1151470 2277.8
1151480 2286.9
1151490 2301.8
1151500 2301.8
1151510 2314.4
1151520 2333.1
1151530 2333.1
1151540 2339.1
1151550 2344.9
1151560 2344.9
1151570 2349.8
1151580 2354.2
1151590 2354.2
1151600 2358.3
1151610 2362.0
1151620 2362.0
1151630 2365.2
1151640 2367.7
1151650 2367.7
1151660 2369.5
1151670 2370.7
1151680 2370.7
1151690 2369.8
1151700 2365.5
1151710 2365.5
1151720 2360.8
1151730 2352.7
1151740 2340.3
1151750 2340.3
1151760 2330.3
1151770 2322.4
1151780 2322.4
1151790 2315.4
1151800 2309.6
1151810 2309.6
1151820 2305.5
1151830 2303.0
1151840 2303.0
1151850 2299.9
1151860 2296.7
1151870 2296.7
1151880 2293.9
1151890 2291.3
1151900 2287.6
1151910 2286.1
1151920 2283.7
1151930 2283.7
1151940 2279.6
1151950 2275.8
1151960 2276.3
1151970 2276.3
1151980 2275.3
1151990 2273.8
1152000 2273.8
1152010 2274.2
1152020 2273.0
1152030 2273.0
1152040 2269.9
1152050 2265.5
1152060 2265.5
1152070 2259.9
1152080 2253.1
1152090 2253.1
1152100 2247.2
1152110 2242.6
1152120 2242.6
1152130 2241.2
1152140 2241.4
1152150 2241.4
1152160 2242.0
1152170 2241.6
1152180 2241.6
1152190 2242.4
1152200 2244.3
1152210 2248.2
1152220 2248.2
1152230 2252.9
1152240 2257.5
1152250 2257.5
1152260 2262.8
1152270 2268.5
1152280 2267.6
1152290 2273.9
1152300 2280.3
1152310 2280.3
1152320 2287.1
1152330 2294.5
1152340 2294.5
1152350 2302.0
1152360 2309.4
1152370 2309.4
1152380 2316.9
1152390 2324.4
1152400 2324.4
1152410 2345.4
1152420 2383.1
1152430 2383.1
1152440 2399.4
1152450 2410.5
1152460 2416.5
1152470 2416.5
1152480 2421.9
1152490 2432.5
1152500 2432.5
1152510 2448.2
1152520 2458.7
1152530 2458.7
1152540 2461.5
1152550 2461.4
1152560 2461.4
1152570 2459.7
1152580 2454.0
1152590 2454.0
1152600 2444.0
1152610 2431.3
1152620 2431.3
1152630 2424.0
1152640 2418.3
1152650 2418.3
1152660 2408.8
1152670 2405.4
1152680 2405.4
1152690 2403.1
1152700 2400.9
1152710 2399.4
1152720 2399.4
1152730 2399.5
1152740 2401.6
1152750 2401.6
1152760 2402.6
1152770 2403.8
1152780 2403.8
1152790 2406.4
1152800 2408.4
1152810 2408.4
1152820 2410.3
1152830 2412.4
1152840 2412.4
1152850 2419.7
1152860 2432.2
1152870 2432.2
1152880 2439.7
1152890 2442.7
1152900 2442.7
1152910 2444.6
1152920 2446.7
1152930 2446.7
1152940 2451.1
1152950 2455.4
1152960 2458.6
1152970 2458.6
1152980 2461.3
1152990 2463.1
1153000 2463.1
1153010 2463.9
1153020 2458.1
1153030 2458.1
1153040 2440.5
1153050 2434.9
1153060 2434.9
1153070 2415.4
1153080 2394.1
1153090 2394.1
1153100 2362.6
1153110 2335.2
1153120 2335.2
1153130 2320.1
1153140 2305.8
1153150 2305.8
1153160 2293.3
1153170 2288.2
1153180 2282.7
1153190 2282.7
1153200 2275.7
1153210 2262.1
1153220 2262.1
1153230 2252.6
1153240 2245.6
1153250 2245.6
1153260 2240.3
1153270 2235.1
1153280 2235.1
1153290 2229.4
1153300 2223.9
1153310 2223.9
1153320 2218.6
1153330 2213.1
1153340 2213.1
1153350 2207.3
1153360 2203.3
1153370 2203.3
1153380 2202.8
1153390 2201.6
1153400 2201.6
1153410 2201.9
1153420 2203.0
1153430 2195.8
1153440 2195.8
1153450 2198.7
1153460 2197.5
1153470 2197.5
1153480 2197.3
1153490 2194.6
1153500 2194.6
1153510 2191.8
1153520 2190.9
1153530 2190.9
1153540 2193.3
1153550 2197.0
1153560 2197.0
1153570 2202.3
1153580 2212.4
1153590 2212.4
1153600 2216.4
1153610 2218.8
1153620 2218.8
1153630 2221.8
1153640 2228.9
1153650 2228.9
1153660 2240.2
1153670 2245.4
1153680 2243.9
1153690 2243.9
1153700 2243.2
1153710 2245.1
1153720 2245.1
1153730 2248.3
1153740 2251.9
1153750 2251.9
1153760 2253.2
1153770 2254.9
1153780 2254.9
1153790 2253.7
1153800 2251.6
1153810 2243.0
1153820 2243.3
1153830 2244.0
1153840 2244.0
1153850 2238.2
1153860 2233.3
1153870 2233.3
1153880 2233.5
1153890 2228.1
1153900 2228.1
1153910 2233.5
1153920 2238.0
1153930 2238.7
1153940 2238.7
1153950 2237.2
1153960 2236.3
1153970 2236.3
1153980 2238.7
1153990 2244.0
1154000 2244.0
1154010 2249.5
1154020 2244.9
1154030 2244.9
1154040 2212.7
1154050 2197.3
1154060 2197.3
1154070 2186.5
1154080 2186.6
1154090 2186.6
1154100 2189.8
1154110 2191.0
1154120 2191.0
1154130 2191.2
1154140 2190.5
1154150 2190.5
1154160 2186.6
1154170 2187.5
1154180 2204.1
1154190 2204.1
1154200 2190.0
1154210 2185.8
1154220 2185.8
1154230 2186.2
1154240 2191.3
1154250 2191.3
1154260 2196.8
1154270 2194.1
1154280 2194.1
1154290 2194.2
1154300 2202.4
1154310 2202.4
1154320 2207.2
1154330 2207.7
1154340 2207.7
1154350 2205.4
1154360 2196.5
1154370 2196.5
1154380 2188.3
1154390 2179.6
1154400 2179.6
1154410 2171.5
1154420 2163.0
1154430 2152.1
1154440 2152.1
1154450 2147.9
1154460 2145.5
1154470 2145.5
1154480 2143.7
1154490 2140.6
1154500 2140.6
1154510 2135.5
1154520 2130.9
1154530 2130.9
1154540 2124.7
1154550 2114.7
1154560 2114.7
1154570 2111.0
1154580 2104.7
1154590 2104.7
1154600 2107.9
1154610 2108.1
1154620 2108.1
1154630 2109.0
1154640 2110.7
1154650 2109.0
1154660 2109.0
1154670 2103.8
1154680 2097.5
1154690 2097.5
1154700 2090.6
1154710 2087.1
1154720 2087.1
1154730 2082.1
1154740 2073.8
1154750 2073.8
1154760 2066.7
1154770 2061.4
1154780 2061.4
1154790 2060.1
1154800 2061.8
1154810 2061.8
1154820 2062.5
1154830 2065.2
1154840 2065.2
1154850 2067.3
1154860 2070.4
1154870 2070.4
1154880 2069.7
1154890 2066.0
1154900 2062.3
1154910 2062.3
1154920 2057.8
1154930 2051.2
1154940 2051.2
1154950 2044.1
1154960 2034.2
1154970 2030.0
1154980 2019.8
1154990 2011.0
1155000 2011.0
1155010 2003.8
1155020 1996.7
1155030 1996.7
1155040 1989.4
1155050 1981.5
1155060 1981.5
1155070 1971.2
1155080 1961.5
1155090 1961.5
1155100 1954.9
1155110 1949.8
1155120 1949.8
1155130 1945.2
1155140 1938.3
1155150 1930.0
1155160 1930.0
1155170 1922.9
1155180 1916.4
1155190 1916.4
1155200 1907.6
1155210 1897.4
1155220 1897.4
1155230 1890.4
1155240 1886.2
1155250 1886.2
1155260 1882.5
1155270 1875.8
1155280 1875.8
1155290 1864.9
1155300 1853.3
1155310 1853.3
1155320 1841.4
1155330 1829.3
1155340 1829.3
1155350 1825.1
1155360 1816.9
1155370 1816.9
1155380 1807.6
1155390 1799.4
1155400 1790.1
1155410 1790.1
1155420 1782.0
1155430 1774.2
1155440 1774.2
1155450 1767.0
1155460 1766.1
1155470 1766.1
1155480 1765.1
1155490 1761.2
1155500 1761.2
1155510 1758.1
1155520 1756.7
1155530 1756.7
1155540 1759.6
1155550 1766.1
1155560 1766.1
1155570 1772.9
1155580 1779.1
1155590 1779.1
1155600 1785.7
1155610 1792.6
1155620 1792.6
1155630 1800.2
1155640 1806.9
1155650 1812.8
1155660 1812.8
1155670 1819.0
1155680 1825.6
1155690 1825.6
1155700 1832.0
1155710 1838.3
1155720 1838.3
1155730 1844.5
1155740 1850.4
1155750 1850.4
1155760 1856.8
1155770 1863.0
1155780 1863.0
1155790 1869.1
1155800 1875.0
1155810 1875.0
1155820 1880.8
1155830 1886.4
1155840 1886.4
1155850 1892.0
1155860 1898.7
1155870 1905.8
1155880 1905.8
1155890 1913.5
1155900 1923.0
1155910 1923.0
1155920 1938.7
1155930 1951.0
1155940 1951.0
1155950 1960.7
1155960 1970.5
1155970 1970.5
1155980 1979.8
1155990 1992.3
1156000 1992.3
1156010 2011.9
1156020 2021.1
1156030 2021.1
1156040 2026.4
1156050 2031.4
1156060 2031.4
1156070 2037.2
1156080 2044.4
1156090 2044.4
1156100 2052.2
1156110 2060.0
1156120 2068.2
1156130 2073.1
1156140 2079.8
1156150 2085.8
1156160 2085.8
1156170 2091.7
1156180 2097.3
1156190 2097.3
1156200 2102.7
1156210 2108.0
1156220 2108.0
1156230 2113.4
1156240 2119.0
1156250 2119.0
1156260 2124.8
1156270 2132.4
1156280 2132.4
1156290 2144.7
1156300 2162.2
1156310 2162.2
1156320 2183.8
1156330 2194.1
1156340 2194.1
1156350 2199.8
1156360 2206.1
1156370 2213.8
1156380 2213.8
1156390 2221.7
1156400 2228.1
1156410 2228.1
1156420 2233.5
1156430 2238.5
1156440 2238.5
1156450 2243.2
1156460 2248.0
1156470 2248.0
1156480 2253.5
1156490 2260.0
1156500 2260.0
1156510 2268.6
1156520 2275.0
1156530 2275.0
1156540 2282.0
1156550 2289.2
1156560 2289.2
1156570 2296.6
1156580 2305.4
1156590 2305.4
1156600 2314.7
1156610 2323.7
1156620 2332.8
1156630 2332.8
1156640 2340.9
1156650 2342.3
1156660 2342.3
1156670 2341.0
1156680 2339.8
1156690 2339.8
1156700 2339.2
1156710 2338.7
1156720 2338.7
1156730 2335.1
1156740 2325.6
1156750 2325.6
1156760 2325.6
1156770 2328.7
1156780 2328.7
1156790 2330.6
1156800 2333.4
1156810 2333.4
1156820 2334.2
1156830 2330.5
1156840 2330.5
1156850 2325.4
1156860 2324.4
1156870 2329.3
1156880 2329.3
1156890 2332.5
1156900 2321.9
1156910 2321.9
1156920 2317.0
1156930 2318.7
1156940 2318.7
1156950 2320.6
1156960 2321.9
1156970 2321.9
1156980 2325.3
1156990 2323.1
1157000 2323.1
1157010 2329.7
1157020 2336.4
1157030 2336.4
1157040 2335.9
1157050 2338.4
1157060 2338.4
1157070 2337.5
1157080 2334.7
1157090 2337.9
1157100 2337.9
1157110 2342.0
1157120 2351.8
1157130 2351.8
1157140 2362.9
1157150 2371.7
1157160 2371.7
1157170 2379.1
1157180 2385.7
1157190 2385.7
1157200 2391.8
1157210 2396.9
1157220 2396.9
1157230 2400.2
1157240 2401.6
1157250 2401.6
1157260 2401.2
1157270 2395.8
1157280 2395.8
1157290 2383.5
1157300 2380.1
1157310 2380.1
1157320 2376.5
1157330 2374.7
1157340 2371.6
1157350 2371.6
1157360 2370.6
1157370 2370.4
1157380 2370.4
1157390 2370.8
1157400 2372.9
1157410 2372.9
1157420 2375.6
1157430 2378.5
1157440 2378.5
1157450 2381.1
1157460 2383.5
1157470 2383.5
1157480 2386.7
1157490 2389.6
1157500 2389.6
1157510 2393.5
1157520 2399.2
1157530 2399.2
1157540 2405.5
1157550 2411.8
1157560 2411.8
1157570 2417.9
1157580 2423.8
1157590 2429.4
1157600 2429.4
1157610 2434.7
1157620 2439.8
1157630 2439.8
1157640 2444.6
1157650 2449.1
1157660 2449.1
1157670 2453.1
1157680 2450.3
1157690 2450.3
1157700 2452.2
1157710 2455.5
1157720 2455.5
1157730 2458.5
1157740 2462.1
1157750 2462.1
1157760 2465.6
1157770 2464.4
1157780 2464.4
1157790 2462.0
1157800 2460.0
1157810 2460.0
1157820 2460.4
1157830 2460.9
1157840 2462.0
1157850 2462.0
1157860 2463.7
1157870 2464.6
1157880 2464.6
1157890 2467.0
1157900 2470.2
1157910 2470.2
1157920 2473.2
1157930 2473.5
1157940 2473.5
1157950 2470.3
1157960 2465.3
1157970 2465.3
1157980 2457.6
1157990 2450.9
1158000 2450.9
1158010 2444.0
1158020 2437.7
1158030 2437.7
1158040 2431.3
1158050 2423.5
1158060 2423.5
1158070 2416.3
1158080 2406.9
1158090 2396.0
1158100 2396.0
1158110 2386.3
1158120 2379.7
1158130 2379.7
1158140 2373.7
1158150 2368.4
1158160 2368.4
1158170 2360.6
1158180 2350.5
1158190 2350.5
1158200 2341.7
1158210 2334.8
1158220 2334.8
1158230 2327.1
1158240 2319.8
1158250 2319.8
1158260 2312.9
1158270 2306.3
1158280 2306.3
1158290 2299.8
1158300 2291.7
1158310 2282.6
1158320 2282.6
1158330 2275.1
1158340 2266.8
1158350 2266.8
1158360 2256.2
1158370 2245.4
1158380 2245.4
1158390 2235.5
1158400 2224.3
1158410 2224.3
1158420 2212.4
1158430 2203.9
1158440 2203.9
1158450 2198.9
1158460 2190.0
1158470 2190.0
1158480 2185.3
1158490 2181.7
1158500 2181.7
1158510 2177.4
1158520 2172.3
1158530 2172.3
1158540 2167.9
1158550 2163.7
1158560 2158.8
1158570 2158.8
1158580 2152.7
1158590 2146.9
1158600 2146.9
1158610 2145.1
1158620 2143.2
1158630 2143.2
1158640 2141.0
1158650 2138.1
1158660 2138.1
1158670 2134.6
1158680 2130.5
1158690 2130.5
1158700 2126.5
1158710 2122.5
1158720 2122.5
1158730 2118.6
1158740 2114.6
1158750 2114.6
1158760 2111.0
1158770 2107.5
1158780 2107.5
1158790 2103.4
1158800 2099.5
1158810 2095.1
1158820 2095.1
1158830 2091.3
1158840 2087.4
1158850 2086.2
1158860 2081.7
1158870 2078.7
1158880 2078.7
1158890 2077.0
1158900 2074.8
1158910 2074.8
1158920 2072.5
1158930 2071.1
1158940 2071.1
1158950 2069.5
1158960 2066.1
1158970 2066.1
1158980 2061.3
1158990 2056.1
1159000 2056.1
1159010 2052.8
1159020 2049.0
1159030 2049.0
1159040 2045.4
1159050 2042.8
1159060 2040.9
1159070 2040.9
1159080 2040.1
1159090 2039.9
1159100 2039.9
1159110 2038.5
1159120 2035.2
1159130 2035.2
1159140 2028.8
1159150 2024.8
1159160 2024.8
1159170 2023.0
1159180 2020.5
1159190 2020.5
1159200 2017.9
1159210 2015.8
1159220 2015.8
1159230 2014.9
1159240 2009.9
1159250 2009.9
1159260 2008.1
1159270 2004.4
1159280 2000.2
1159290 2000.2
1159300 1996.3
1159310 1992.3
1159320 1992.3
1159330 1987.8
1159340 1984.2
1159350 1984.2
1159360 1981.5
1159370 1976.6
1159380 1976.6
1159390 1966.6
1159400 1960.8
1159410 1960.8
1159420 1955.7
1159430 1955.8
1159440 1955.8
1159450 1964.8
1159460 1964.1
1159470 1964.1
1159480 1963.2
1159490 1958.6
1159500 1958.6
1159510 1957.4
1159520 1961.4
1159530 1966.6
1159540 1966.6
1159550 1970.8
1159560 1970.7
1159570 1970.7
1159580 1975.1
1159590 1979.2
1159600 1979.2
1159610 1980.6
1159620 1982.4
1159630 1973.7
1159640 1974.5
1159650 1972.0
1159660 1972.0
1159670 1966.3
1159680 1965.6
1159690 1965.6
1159700 1962.2
1159710 1958.4
1159720 1958.4
1159730 1953.7
1159740 1950.4
1159750 1950.4
1159760 1946.8
1159770 1941.9
1159780 1937.1
1159790 1937.1
1159800 1930.1
1159810 1926.2
1159820 1926.2
1159830 1925.9
1159840 1922.3
1159850 1922.3
1159860 1914.2
1159870 1905.5
1159880 1905.5
1159890 1897.2
1159900 1890.7
1159910 1890.7
1159920 1884.2
1159930 1878.6
1159940 1878.6
1159950 1873.7
1159960 1870.2
1159970 1870.2
1159980 1863.3
1159990 1849.9
