1140000 1878.3
1140010 1872.1
1140020 1865.1
1140030 1865.1
1140040 1859.2
1140050 1856.9
1140060 1856.9
1140070 1856.3
1140080 1848.7
1140090 1848.7
1140100 1839.0
1140110 1830.2
1140120 1830.2
1140130 1822.7
1140140 1811.8
1140150 1801.3
1140160 1801.3
1140170 1792.6
1140180 1776.4
1140190 1776.4
1140200 1763.2
1140210 1751.7
1140220 1751.7
1140230 1749.5
1140240 1750.8
1140250 1750.8
1140260 1752.5
1140270 1750.0
1140280 1750.0
1140290 1743.8
1140300 1737.4
1140310 1737.4
1140320 1731.5
1140330 1726.7
1140340 1726.7
1140350 1720.6
1140360 1718.3
1140370 1718.3
1140380 1718.5
1140390 1716.1
1140400 1713.6
1140410 1713.6
1140420 1710.6
1140430 1706.4
1140440 1706.4
1140450 1702.2
1140460 1698.0
1140470 1698.0
1140480 1693.6
1140490 1690.0
1140500 1690.0
1140510 1686.1
1140520 1681.0
1140530 1681.0
1140540 1676.2
1140550 1671.6
1140560 1671.6
1140570 1666.9
1140580 1658.3
1140590 1658.3
1140600 1653.4
1140610 1648.3
1140620 1648.3
1140630 1643.3
1140640 1639.3
1140650 1635.3
1140660 1635.3
1140670 1631.1
1140680 1627.1
1140690 1627.1
1140700 1623.7
1140710 1621.7
1140720 1621.7
1140730 1620.8
1140740 1620.0
1140750 1620.0
1140760 1619.2
1140770 1618.5
1140780 1618.5
1140790 1617.8
1140800 1616.9
1140810 1616.9
1140820 1616.1
1140830 1615.1
1140840 1615.1
1140850 1613.6
1140860 1612.1
1140870 1612.1
1140880 1610.7
1140890 1609.1
1140900 1607.5
1140910 1607.5
1140920 1606.0
1140930 1606.0
1140940 1606.0
1140950 1606.2
1140960 1605.7
1140970 1605.7
1140980 1605.1
1140990 1604.7
1141000 1604.7
1141010 1604.9
1141020 1605.1
1141030 1605.1
1141040 1604.6
1141050 1604.4
1141060 1604.4
1141070 1606.2
1141080 1610.6
1141090 1610.6
1141100 1615.1
1141110 1618.3
1141120 1618.3
1141130 1619.2
1141140 1620.2
1141150 1622.3
1141160 1622.3
1141170 1623.6
1141180 1624.6
1141190 1624.6
1141200 1625.4
1141210 1627.2
1141220 1627.2
1141230 1630.4
1141240 1633.9
1141250 1633.9
1141260 1636.8
1141270 1639.6
1141280 1639.6
1141290 1642.6
1141300 1646.3
1141310 1646.3
1141320 1665.9
1141330 1674.7
1141340 1674.7
1141350 1680.0
1141360 1684.9
1141370 1684.9
1141380 1689.7
1141390 1693.3
1141400 1697.1
1141410 1697.1
1141420 1701.0
1141430 1702.9
1141440 1702.9
1141450 1701.8
1141460 1701.3
1141470 1701.3
1141480 1702.0
1141490 1702.0
1141500 1702.0
1141510 1703.2
1141520 1705.6
1141530 1705.6
1141540 1709.6
1141550 1717.5
1141560 1717.5
1141570 1732.5
1141580 1746.2
1141590 1746.2
1141600 1755.6
1141610 1760.0
1141620 1764.0
1141630 1764.0
1141640 1770.8
1141650 1777.0
1141660 1777.0
1141670 1781.0
1141680 1786.2
1141690 1793.8
1141700 1799.2
1141710 1807.7
1141720 1807.7
1141730 1814.5
1141740 1822.1
1141750 1822.1
1141760 1834.0
1141770 1845.2
1141780 1845.2
1141790 1849.1
1141800 1851.2
1141810 1851.2
1141820 1851.8
1141830 1851.5
1141840 1851.5
1141850 1850.4
1141860 1849.4
1141870 1848.6
1141880 1848.6
1141890 1849.6
1141900 1851.8
1141910 1851.8
1141920 1853.6
1141930 1855.3
1141940 1855.3
1141950 1857.3
1141960 1859.4
1141970 1859.4
1141980 1860.4
1141990 1861.2
1142000 1861.2
1142010 1863.3
1142020 1865.4
1142030 1865.4
1142040 1867.8
1142050 1870.4
1142060 1876.3
1142070 1879.6
1142080 1888.4
1142090 1888.4
1142100 1899.3
1142110 1913.1
1142120 1929.9
1142130 1929.9
1142140 1943.4
1142150 1945.1
1142160 1945.1
1142170 1945.4
1142180 1945.4
1142190 1945.4
1142200 1944.5
1142210 1942.8
1142220 1942.8
1142230 1940.8
1142240 1939.3
1142250 1939.3
1142260 1939.7
1142270 1939.6
1142280 1939.6
1142290 1939.4
1142300 1938.7
1142310 1938.7
1142320 1937.8
1142330 1937.4
1142340 1937.4
1142350 1936.8
1142360 1937.0
1142370 1937.1
1142380 1937.1
1142390 1937.2
1142400 1937.2
1142410 1937.2
1142420 1937.0
1142430 1941.2
1142440 1941.2
1142450 1941.4
1142460 1941.9
1142470 1941.9
1142480 1942.4
1142490 1941.7
1142500 1941.7
1142510 1940.8
1142520 1938.8
1142530 1938.8
1142540 1940.0
1142550 1943.9
1142560 1943.9
1142570 1946.1
1142580 1947.6
1142590 1947.6
1142600 1949.0
1142610 1950.5
1142620 1952.1
1142630 1952.1
1142640 1953.0
1142650 1954.3
1142660 1954.3
1142670 1955.5
1142680 1956.4
1142690 1956.4
1142700 1956.9
1142710 1958.0
1142720 1958.0
1142730 1958.5
1142740 1959.3
1142750 1959.3
1142760 1960.9
1142770 1961.4
1142780 1961.4
1142790 1961.7
1142800 1968.8
1142810 1968.8
1142820 1970.3
1142830 1971.1
1142840 1971.1
1142850 1972.0
1142860 1972.2
1142870 1972.3
1142880 1972.3
1142890 1971.8
1142900 1971.2
1142910 1971.2
1142920 1970.4
1142930 1968.8
1142940 1968.8
1142950 1967.2
1142960 1964.9
1142970 1964.9
1142980 1960.8
1142990 1949.5
1143000 1949.5
1143010 1935.1
1143020 1921.5
1143030 1921.5
1143040 1909.8
1143050 1901.8
1143060 1901.8
1143070 1897.7
1143080 1893.6
1143090 1888.2
1143100 1888.2
1143110 1882.8
1143120 1878.2
1143130 1878.2
1143140 1873.2
1143150 1868.2
1143160 1868.2
1143170 1867.8
1143180 1863.1
1143190 1863.1
1143200 1858.9
1143210 1855.6
1143220 1855.6
1143230 1853.1
1143240 1847.7
1143250 1847.7
1143260 1842.9
1143270 1838.9
1143280 1838.9
1143290 1836.7
1143300 1840.1
1143310 1840.1
1143320 1845.6
1143330 1850.6
1143340 1854.0
1143350 1854.0
1143360 1855.7
1143370 1857.5
1143380 1857.5
1143390 1857.7
1143400 1851.8
1143410 1851.8
1143420 1845.4
1143430 1845.9
1143440 1845.9
1143450 1848.5
1143460 1851.2
1143470 1851.2
1143480 1854.8
1143490 1860.9
1143500 1860.9
1143510 1868.8
1143520 1877.7
1143530 1877.7
1143540 1886.9
1143550 1896.3
1143560 1896.3
1143570 1904.1
1143580 1911.6
1143590 1919.2
1143600 1919.2
1143610 1926.6
1143620 1933.4
1143630 1933.4
1143640 1939.9
1143650 1946.2
1143660 1946.2
1143670 1952.1
1143680 1958.1
1143690 1958.1
1143700 1964.5
1143710 1970.9
1143720 1970.9
1143730 1977.3
1143740 1983.2
1143750 1983.2
1143760 1988.3
1143770 1992.5
1143780 1992.5
1143790 1996.5
1143800 2000.0
1143810 2000.0
1143820 2003.0
1143830 2005.7
1143840 2008.5
1143850 2008.5
1143860 2011.1
1143870 2013.6
1143880 2013.6
1143890 2016.1
1143900 2018.5
1143910 2018.5
1143920 2015.2
1143930 2018.0
1143940 2018.0
1143950 2021.9
1143960 2026.0
1143970 2026.0
1143980 2028.8
1143990 2033.1
1144000 2033.1
1144010 2037.1
1144020 2041.1
1144030 2041.1
1144040 2043.7
1144050 2046.8
1144060 2046.8
1144070 2052.7
1144080 2057.6
1144090 2062.0
1144100 2062.0
1144110 2066.3
1144120 2070.5
1144130 2070.5
1144140 2074.6
1144150 2078.3
1144160 2078.3
1144170 2082.1
1144180 2086.3
1144190 2086.3
1144200 2090.9
1144210 2095.6
1144220 2095.6
1144230 2100.4
1144240 2105.2
1144250 2105.2
1144260 2109.9
1144270 2114.9
1144280 2114.9
1144290 2114.3
1144300 2119.3
1144310 2119.3
1144320 2124.3
1144330 2129.0
1144340 2133.3
1144350 2133.3
1144360 2137.5
1144370 2141.6
1144380 2141.6
1144390 2145.8
1144400 2150.4
1144410 2150.4
1144420 2155.2
1144430 2160.2
1144440 2160.2
1144450 2165.2
1144460 2170.0
1144470 2170.0
1144480 2175.6
1144490 2181.2
1144500 2181.2
1144510 2186.6
1144520 2191.9
1144530 2191.9
1144540 2196.8
1144550 2201.8
1144560 2206.9
1144570 2206.9
1144580 2212.1
1144590 2217.5
1144600 2217.5
1144610 2222.9
1144620 2228.6
1144630 2228.6
1144640 2235.0
1144650 2241.1
1144660 2236.5
1144670 2242.2
1144680 2248.5
1144690 2248.5
1144700 2255.0
1144710 2261.4
1144720 2261.4
1144730 2267.1
1144740 2272.6
1144750 2272.6
1144760 2278.3
1144770 2284.0
1144780 2284.0
1144790 2289.2
1144800 2293.9
1144810 2298.7
1144820 2298.7
1144830 2303.3
1144840 2307.9
1144850 2307.9
1144860 2312.5
1144870 2317.0
1144880 2317.0
1144890 2321.5
1144900 2326.1
1144910 2326.1
1144920 2330.6
1144930 2335.5
1144940 2335.5
1144950 2340.2
1144960 2343.6
1144970 2343.6
1144980 2347.5
1144990 2353.8
1145000 2353.8
1145010 2359.1
1145020 2363.9
1145030 2363.9
1145040 2363.8
1145050 2368.4
1145060 2373.0
1145070 2373.0
1145080 2377.8
1145090 2382.0
1145100 2382.0
1145110 2386.0
1145120 2390.0
1145130 2390.0
1145140 2392.9
1145150 2395.7
1145160 2395.7
1145170 2399.3
1145180 2399.9
1145190 2399.9
1145200 2399.8
1145210 2401.3
1145220 2401.3
1145230 2402.5
1145240 2407.7
1145250 2407.7
1145260 2411.9
1145270 2412.0
1145280 2412.0
1145290 2411.1
1145300 2410.8
1145310 2409.0
1145320 2409.0
1145330 2410.0
1145340 2414.9
1145350 2414.9
1145360 2416.7
1145370 2417.9
1145380 2417.9
1145390 2420.8
1145400 2423.6
1145410 2418.2
1145420 2419.1
1145430 2420.7
1145440 2420.7
1145450 2423.2
1145460 2426.2
1145470 2426.2
1145480 2430.6
1145490 2436.1
1145500 2436.1
1145510 2440.6
1145520 2444.8
1145530 2444.8
1145540 2450.0
1145550 2455.3
1145560 2460.2
1145570 2460.2
1145580 2464.9
1145590 2470.0
1145600 2470.0
1145610 2474.5
1145620 2478.1
1145630 2478.1
1145640 2482.6
1145650 2487.8
1145660 2487.8
1145670 2492.8
1145680 2497.3
1145690 2497.3
1145700 2503.0
1145710 2509.2
1145720 2509.2
1145730 2515.5
1145740 2521.7
1145750 2521.7
1145760 2526.7
1145770 2530.4
1145780 2530.4
1145790 2532.8
1145800 2533.2
1145810 2532.9
1145820 2532.9
1145830 2532.1
1145840 2532.0
1145850 2532.0
1145860 2533.3
1145870 2535.2
1145880 2535.2
1145890 2538.0
1145900 2541.3
1145910 2541.3
1145920 2545.0
1145930 2548.5
1145940 2548.5
1145950 2552.3
1145960 2556.2
1145970 2556.2
1145980 2559.2
1145990 2561.2
1146000 2561.2
1146010 2563.8
1146020 2566.6
1146030 2570.0
1146040 2570.0
1146050 2573.8
1146060 2576.1
1146070 2576.1
1146080 2577.5
1146090 2579.5
1146100 2579.5
1146110 2582.2
1146120 2583.9
1146130 2583.9
1146140 2587.6
1146150 2592.6
1146160 2591.8
1146170 2593.7
1146180 2595.6
1146190 2595.6
1146200 2597.8
1146210 2600.2
1146220 2600.2
1146230 2602.3
1146240 2604.5
1146250 2604.5
1146260 2606.9
1146270 2609.2
1146280 2611.5
1146290 2611.5
1146300 2614.2
1146310 2617.1
1146320 2617.1
1146330 2619.6
1146340 2622.1
1146350 2622.1
1146360 2624.5
1146370 2626.9
1146380 2626.9
1146390 2629.3
1146400 2631.7
1146410 2631.7
1146420 2634.0
1146430 2636.2
1146440 2636.2
1146450 2638.2
1146460 2640.0
1146470 2640.0
1146480 2641.6
1146490 2643.2
1146500 2643.2
1146510 2644.4
1146520 2645.5
1146530 2646.1
1146540 2641.6
1146550 2642.0
1146560 2642.0
1146570 2642.0
1146580 2641.7
1146590 2641.2
1146600 2641.2
1146610 2640.9
1146620 2639.6
1146630 2639.6
1146640 2637.1
1146650 2629.4
1146660 2629.4
1146670 2624.1
1146680 2626.1
1146690 2626.1
1146700 2628.6
1146710 2617.5
1146720 2617.5
1146730 2605.2
1146740 2596.9
1146750 2596.9
1146760 2576.4
1146770 2555.0
1146780 2549.7
1146790 2549.7
1146800 2544.9
1146810 2540.1
1146820 2540.1
1146830 2537.2
1146840 2534.1
1146850 2534.1
1146860 2529.9
1146870 2526.7
1146880 2526.7
1146890 2525.2
1146900 2524.7
1146910 2518.6
1146920 2517.5
1146930 2517.2
1146940 2517.2
1146950 2517.4
1146960 2517.7
1146970 2517.7
1146980 2517.3
1146990 2516.9
1147000 2516.9
1147010 2515.4
1147020 2514.7
1147030 2514.9
1147040 2514.9
1147050 2514.6
1147060 2513.9
1147070 2513.9
1147080 2513.2
1147090 2512.9
1147100 2512.9
1147110 2514.3
1147120 2515.5
1147130 2515.5
1147140 2517.4
1147150 2520.1
1147160 2520.1
1147170 2524.8
1147180 2530.8
1147190 2530.8
1147200 2535.9
1147210 2539.6
1147220 2539.6
1147230 2543.7
1147240 2546.2
1147250 2548.0
1147260 2548.0
1147270 2548.0
1147280 2546.0
1147290 2538.6
1147300 2535.2
1147310 2528.4
1147320 2528.4
1147330 2518.3
1147340 2504.9
1147350 2504.9
1147360 2490.8
1147370 2479.3
1147380 2479.3
1147390 2471.4
1147400 2463.6
1147410 2463.6
1147420 2457.4
1147430 2451.9
1147440 2451.9
1147450 2446.8
1147460 2442.5
1147470 2442.5
1147480 2438.2
1147490 2433.4
1147500 2428.6
1147510 2428.6
1147520 2423.9
1147530 2419.3
1147540 2419.3
1147550 2415.2
1147560 2411.3
1147570 2411.3
1147580 2406.8
1147590 2401.2
1147600 2401.2
1147610 2396.5
1147620 2392.9
1147630 2392.9
1147640 2389.1
1147650 2385.2
1147660 2385.2
1147670 2379.2
1147680 2376.3
1147690 2376.3
1147700 2373.5
1147710 2370.2
1147720 2370.2
1147730 2366.4
1147740 2362.9
1147750 2360.0
1147760 2360.0
1147770 2357.5
1147780 2355.3
1147790 2355.3
1147800 2355.3
1147810 2356.4
1147820 2356.4
1147830 2357.8
1147840 2359.5
1147850 2359.5
1147860 2361.5
1147870 2363.7
1147880 2363.7
1147890 2366.0
1147900 2368.2
1147910 2368.2
1147920 2370.8
1147930 2373.8
1147940 2373.8
1147950 2376.6
1147960 2380.1
1147970 2380.1
1147980 2384.1
1147990 2388.4
1148000 2392.8
1148010 2392.8
1148020 2397.5
1148030 2403.2
1148040 2401.9
1148050 2407.4
1148060 2413.1
1148070 2413.1
1148080 2419.3
1148090 2425.4
1148100 2425.4
1148110 2432.0
1148120 2439.1
1148130 2439.1
1148140 2446.6
1148150 2455.8
1148160 2455.8
1148170 2467.4
1148180 2478.4
1148190 2478.4
1148200 2488.8
1148210 2499.0
1148220 2499.0
1148230 2509.3
1148240 2518.9
1148250 2530.6
1148260 2530.6
1148270 2537.7
1148280 2535.8
1148290 2535.8
1148300 2531.0
1148310 2525.0
1148320 2525.0
1148330 2512.3
1148340 2497.9
1148350 2497.9
1148360 2486.1
1148370 2477.0
1148380 2477.0
1148390 2468.1
1148400 2460.5
1148410 2460.5
1148420 2447.7
1148430 2441.6
1148440 2441.6
1148450 2436.5
1148460 2430.7
1148470 2424.6
1148480 2424.6
1148490 2418.8
1148500 2413.3
1148510 2413.3
1148520 2408.9
1148530 2404.5
1148540 2404.5
1148550 2399.6
1148560 2394.6
1148570 2394.6
1148580 2389.9
1148590 2385.3
1148600 2385.3
1148610 2380.5
1148620 2376.0
1148630 2376.0
1148640 2371.6
1148650 2367.3
1148660 2367.3
1148670 2363.4
1148680 2359.4
1148690 2359.4
1148700 2355.0
1148710 2351.2
1148720 2347.7
1148730 2347.7
1148740 2343.9
1148750 2340.4
1148760 2340.4
1148770 2337.4
1148780 2334.9
1148790 2334.9
1148800 2336.2
1148810 2331.1
1148820 2331.1
1148830 2325.0
1148840 2319.6
1148850 2319.6
1148860 2315.3
1148870 2311.7
1148880 2311.7
1148890 2310.1
1148900 2308.7
1148910 2308.7
1148920 2305.9
1148930 2304.3
1148940 2304.3
1148950 2307.4
1148960 2311.8
1148970 2317.0
1148980 2317.0
1148990 2323.4
1149000 2332.0
1149010 2332.0
1149020 2344.0
1149030 2352.1
1149040 2352.1
1149050 2356.5
1149060 2359.3
1149070 2359.3
1149080 2360.1
1149090 2360.1
1149100 2360.1
1149110 2358.9
1149120 2355.6
1149130 2355.6
1149140 2347.7
1149150 2340.2
1149160 2340.2
1149170 2328.5
1149180 2313.4
1149190 2313.4
1149200 2308.0
1149210 2300.3
1149220 2283.3
1149230 2283.3
1149240 2271.8
1149250 2266.3
1149260 2266.3
1149270 2260.2
1149280 2254.0
1149290 2254.0
1149300 2248.5
1149310 2243.3
1149320 2243.3
1149330 2237.8
1149340 2236.8
1149350 2236.8
1149360 2239.8
1149370 2239.1
1149380 2239.1
1149390 2237.6
1149400 2235.5
1149410 2235.5
1149420 2232.7
1149430 2232.2
1149440 2232.2
1149450 2235.7
1149460 2238.6
1149470 2241.4
1149480 2241.4
1149490 2244.0
1149500 2247.4
1149510 2247.4
1149520 2252.0
1149530 2258.4
1149540 2258.4
1149550 2266.2
1149560 2266.5
1149570 2266.5
1149580 2272.3
1149590 2276.7
1149600 2276.7
1149610 2277.0
1149620 2275.0
1149630 2275.0
1149640 2276.1
1149650 2278.3
1149660 2278.3
1149670 2279.5
1149680 2284.5
1149690 2284.5
1149700 2291.9
1149710 2300.0
1149720 2308.4
1149730 2308.4
1149740 2315.7
1149750 2322.9
1149760 2322.9
1149770 2331.2
1149780 2339.6
1149790 2339.6
1149800 2348.1
1149810 2345.3
1149820 2345.3
1149830 2336.1
1149840 2327.1
1149850 2327.1
1149860 2319.2
1149870 2312.7
1149880 2312.7
1149890 2306.7
1149900 2301.5
1149910 2301.5
1149920 2296.5
1149930 2291.6
1149940 2288.1
1149950 2288.1
1149960 2283.2
1149970 2278.6
1149980 2278.6
1149990 2274.6
1150000 2271.5
1150010 2271.5
1150020 2268.2
1150030 2265.2
1150040 2265.2
1150050 2263.2
1150060 2261.5
1150070 2261.5
1150080 2259.5
1150090 2256.8
1150100 2256.8
1150110 2255.4
1150120 2255.7
1150130 2255.7
1150140 2255.5
1150150 2255.4
1150160 2255.4
1150170 2254.6
1150180 2256.7
1150190 2261.6
1150200 2261.6
1150210 2266.1
1150220 2268.3
1150230 2268.3
1150240 2256.3
1150250 2241.3
1150260 2241.3
1150270 2230.3
1150280 2224.6
1150290 2224.6
1150300 2220.8
1150310 2216.8
1150320 2211.3
1150330 2206.5
1150340 2205.9
1150350 2205.9
1150360 2206.0
1150370 2205.4
1150380 2205.4
1150390 2207.8
1150400 2209.5
1150410 2209.5
1150420 2210.4
1150430 2211.7
1150440 2212.7
1150450 2212.7
1150460 2212.3
1150470 2215.6
1150480 2215.6
1150490 2220.2
1150500 2226.3
1150510 2226.3
1150520 2230.8
1150530 2236.3
1150540 2236.3
1150550 2241.6
1150560 2246.5
1150570 2246.5
1150580 2253.4
1150590 2261.4
1150600 2261.4
1150610 2267.1
1150620 2270.6
1150630 2270.6
1150640 2272.8
1150650 2272.3
1150660 2272.3
1150670 2269.5
1150680 2267.5
1150690 2264.0
1150700 2258.1
1150710 2255.2
1150720 2254.0
1150730 2254.0
1150740 2254.7
1150750 2255.1
1150760 2255.1
1150770 2255.2
1150780 2255.8
1150790 2255.8
1150800 2256.1
1150810 2254.8
1150820 2254.8
1150830 2253.0
1150840 2252.1
1150850 2252.1
1150860 2251.1
1150870 2251.7
1150880 2251.7
1150890 2254.0
1150900 2257.0
1150910 2257.0
1150920 2259.9
1150930 2261.5
1150940 2262.8
1150950 2262.8
1150960 2264.0
1150970 2264.7
1150980 2264.7
1150990 2260.3
1151000 2258.5
1151010 2258.5
1151020 2258.8
1151030 2258.1
1151040 2258.1
1151050 2257.2
1151060 2256.9
1151070 2256.9
1151080 2253.4
1151090 2253.5
1151100 2253.5
1151110 2256.0
1151120 2262.3
1151130 2262.3
1151140 2266.8
1151150 2268.1
1151160 2268.1
1151170 2266.4
1151180 2262.1
1151190 2258.8
1151200 2258.8
1151210 2253.7
1151220 2247.8
1151230 2247.8
1151240 2241.8
1151250 2238.0
1151260 2238.0
1151270 2237.3
1151280 2237.7
1151290 2237.7
1151300 2238.0
1151310 2238.9
1151320 2238.9
1151330 2240.0
1151340 2240.9
1151350 2240.9
1151360 2241.4
1151370 2242.3
1151380 2242.3
1151390 2244.9
1151400 2248.8
1151410 2253.4
1151420 2253.4
1151430 2258.6
1151440 2264.0
1151450 2264.0
1151460 2270.0
1151470 2276.3
1151480 2276.3
1151490 2282.5
1151500 2288.6
1151510 2288.6
1151520 2294.5
1151530 2300.5
1151540 2300.5
1151550 2306.8
1151560 2313.6
1151570 2313.6
1151580 2320.6
1151590 2327.5
1151600 2327.5
1151610 2334.0
1151620 2340.6
1151630 2340.6
1151640 2347.3
1151650 2353.9
1151660 2360.8
1151670 2360.8
1151680 2368.0
1151690 2375.2
1151700 2375.2
1151710 2381.8
1151720 2379.3
1151730 2379.3
1151740 2372.2
1151750 2364.5
1151760 2364.5
1151770 2354.9
1151780 2346.5
1151790 2346.5
1151800 2340.7
1151810 2337.5
1151820 2337.5
1151830 2334.9
1151840 2335.3
1151850 2335.3
1151860 2338.0
1151870 2340.6
1151880 2340.6
1151890 2342.8
1151900 2343.6
1151910 2342.4
1151920 2342.4
1151930 2341.9
1151940 2342.0
1151950 2342.0
1151960 2335.0
1151970 2327.4
1151980 2327.4
1151990 2320.8
1152000 2314.8
1152010 2314.8
1152020 2309.5
1152030 2304.5
1152040 2304.5
1152050 2299.4
1152060 2294.0
1152070 2294.0
1152080 2290.3
1152090 2285.8
1152100 2285.8
1152110 2281.0
1152120 2277.0
1152130 2277.0
1152140 2274.7
1152150 2274.1
1152160 2273.1
1152170 2273.1
1152180 2271.5
1152190 2273.2
1152200 2273.2
1152210 2275.2
1152220 2275.2
1152230 2275.2
1152240 2277.4
1152250 2280.0
1152260 2280.0
1152270 2283.9
1152280 2288.0
1152290 2288.0
1152300 2292.7
1152310 2297.9
1152320 2297.9
1152330 2303.5
1152340 2309.3
1152350 2309.3
1152360 2315.1
1152370 2321.0
1152380 2321.0
1152390 2327.3
1152400 2333.9
1152410 2340.6
1152420 2340.6
1152430 2347.5
1152440 2354.7
1152450 2354.7
1152460 2361.9
1152470 2369.2
1152480 2369.2
1152490 2376.8
1152500 2384.7
1152510 2384.7
1152520 2395.3
1152530 2404.6
1152540 2404.6
1152550 2424.0
1152560 2468.0
1152570 2468.0
1152580 2496.8
1152590 2504.1
1152600 2504.1
1152610 2495.0
1152620 2494.4
1152630 2493.5
1152640 2493.5
1152650 2488.5
1152660 2483.8
1152670 2483.8
1152680 2480.1
1152690 2477.4
1152700 2477.4
1152710 2473.4
1152720 2469.9
1152730 2469.9
1152740 2470.3
1152750 2473.4
1152760 2473.4
1152770 2476.0
1152780 2478.4
1152790 2478.4
1152800 2484.1
1152810 2490.7
1152820 2490.7
1152830 2493.9
1152840 2498.7
1152850 2498.7
1152860 2504.3
1152870 2507.7
1152880 2480.9
1152890 2480.9
1152900 2450.7
1152910 2438.2
1152920 2438.2
1152930 2427.1
1152940 2416.2
1152950 2416.2
1152960 2403.1
1152970 2391.5
1152980 2391.5
1152990 2388.4
1153000 2377.4
1153010 2377.4
1153020 2365.0
1153030 2349.2
1153040 2349.2
1153050 2338.7
1153060 2329.3
1153070 2329.3
1153080 2319.8
1153090 2312.1
1153100 2312.1
1153110 2308.3
1153120 2304.3
1153130 2299.7
1153140 2299.7
1153150 2294.8
1153160 2289.9
1153170 2289.9
1153180 2285.4
1153190 2281.0
1153200 2281.0
1153210 2276.9
1153220 2272.3
1153230 2272.3
1153240 2269.0
1153250 2267.5
1153260 2267.5
1153270 2265.9
1153280 2264.7
1153290 2264.7
1153300 2265.2
1153310 2264.5
1153320 2264.5
1153330 2263.4
1153340 2271.0
1153350 2271.0
1153360 2281.4
1153370 2272.8
1153380 2281.1
1153390 2281.1
1153400 2285.0
1153410 2290.9
1153420 2290.9
1153430 2297.3
1153440 2300.8
1153450 2300.8
1153460 2304.4
1153470 2306.4
1153480 2306.4
1153490 2308.5
1153500 2309.0
1153510 2309.0
1153520 2312.7
1153530 2318.5
1153540 2318.5
1153550 2323.6
1153560 2327.9
1153570 2327.9
1153580 2328.8
1153590 2328.6
1153600 2328.6
1153610 2329.5
1153620 2329.1
1153630 2327.6
1153640 2327.6
1153650 2325.6
1153660 2323.1
1153670 2323.1
1153680 2318.1
1153690 2317.2
1153700 2317.2
1153710 2321.4
1153720 2321.9
1153730 2321.9
1153740 2320.9
1153750 2319.7
1153760 2314.2
1153770 2317.9
1153780 2319.6
1153790 2319.6
1153800 2320.1
1153810 2320.1
1153820 2320.1
1153830 2315.7
1153840 2308.3
1153850 2308.3
1153860 2304.2
1153870 2305.6
1153880 2308.4
1153890 2308.4
1153900 2311.3
1153910 2316.1
1153920 2316.1
1153930 2320.8
1153940 2323.9
1153950 2323.9
1153960 2326.7
1153970 2326.3
1153980 2326.3
1153990 2322.3
1154000 2317.0
1154010 2317.0
1154020 2313.1
1154030 2309.8
1154040 2309.8
1154050 2307.3
1154060 2307.4
1154070 2307.4
1154080 2312.7
1154090 2314.7
1154100 2311.5
1154110 2311.5
1154120 2309.8
1154130 2308.2
1154140 2299.9
1154150 2296.8
1154160 2293.3
1154170 2293.3
1154180 2290.8
1154190 2288.7
1154200 2288.7
1154210 2287.0
1154220 2286.0
1154230 2286.0
1154240 2284.7
1154250 2283.5
1154260 2283.5
1154270 2280.9
1154280 2275.6
1154290 2275.6
1154300 2269.3
1154310 2265.3
1154320 2265.3
1154330 2263.0
1154340 2258.0
1154350 2250.0
1154360 2250.0
1154370 2241.4
1154380 2233.0
1154390 2233.0
1154400 2225.7
1154410 2220.6
1154420 2220.6
1154430 2215.2
1154440 2211.0
1154450 2211.0
1154460 2208.1
1154470 2206.4
1154480 2206.4
1154490 2206.0
1154500 2203.9
1154510 2203.9
1154520 2200.3
1154530 2190.6
1154540 2190.6
1154550 2187.9
1154560 2186.0
1154570 2186.0
1154580 2185.0
1154590 2181.9
1154600 2174.5
1154610 2174.5
1154620 2166.9
1154630 2162.0
1154640 2162.0
1154650 2159.6
1154660 2157.7
1154670 2157.7
1154680 2157.9
1154690 2158.4
1154700 2158.4
1154710 2156.9
1154720 2153.8
1154730 2153.8
1154740 2150.8
1154750 2148.2
1154760 2148.2
1154770 2145.7
1154780 2143.2
1154790 2143.2
1154800 2141.1
1154810 2137.8
1154820 2137.8
1154830 2134.3
1154840 2128.7
1154850 2121.7
1154860 2121.7
1154870 2113.6
1154880 2105.1
1154890 2105.1
1154900 2096.3
1154910 2090.3
1154920 2090.3
1154930 2082.4
1154940 2075.0
1154950 2075.0
1154960 2066.9
1154970 2059.5
1154980 2059.5
1154990 2053.1
1155000 2046.4
1155010 2046.4
1155020 2039.6
1155030 2032.9
1155040 2032.9
1155050 2025.4
1155060 2015.0
1155070 2015.0
1155080 2005.2
1155090 1996.6
1155100 1988.6
1155110 1988.6
1155120 1980.0
1155130 1968.0
1155140 1968.0
1155150 1949.3
1155160 1941.2
1155170 1941.2
1155180 1939.2
1155190 1934.2
1155200 1934.2
1155210 1934.3
1155220 1935.1
1155230 1935.1
1155240 1929.7
1155250 1921.9
1155260 1921.9
1155270 1913.1
1155280 1900.5
1155290 1900.5
1155300 1877.5
1155310 1865.9
1155320 1858.0
1155330 1858.0
1155340 1850.7
1155350 1844.5
1155360 1844.5
1155370 1838.3
1155380 1831.4
1155390 1831.4
1155400 1824.7
1155410 1817.7
1155420 1817.7
1155430 1810.5
1155440 1803.7
1155450 1803.7
1155460 1798.2
1155470 1792.3
1155480 1792.3
1155490 1787.5
1155500 1785.6
1155510 1785.6
1155520 1785.9
1155530 1787.4
1155540 1787.4
1155550 1792.3
1155560 1799.4
1155570 1806.9
1155580 1806.9
1155590 1812.9
1155600 1818.1
1155610 1818.1
1155620 1823.2
1155630 1828.6
1155640 1828.6
1155650 1833.4
1155660 1838.3
1155670 1838.3
1155680 1840.1
1155690 1845.5
1155700 1845.5
1155710 1851.3
1155720 1857.4
1155730 1857.4
1155740 1863.4
1155750 1869.6
1155760 1869.6
1155770 1876.1
1155780 1882.2
1155790 1882.2
1155800 1888.4
1155810 1894.3
1155820 1900.1
1155830 1900.1
1155840 1906.8
1155850 1914.8
1155860 1914.8
1155870 1927.2
1155880 1937.3
1155890 1937.3
1155900 1944.6
1155910 1951.7
1155920 1951.7
1155930 1960.0
1155940 1968.6
1155950 1968.6
1155960 1976.7
1155970 1984.9
1155980 1984.9
1155990 1994.4
1156000 2003.1
1156010 2003.1
1156020 2011.9
1156030 2022.7
1156040 2022.7
1156050 2030.3
1156060 2039.4
1156070 2044.6
1156080 2044.6
1156090 2053.3
1156100 2066.0
1156110 2066.0
1156120 2079.1
1156130 2083.4
1156140 2083.4
1156150 2089.0
1156160 2098.2
1156170 2098.2
1156180 2109.1
1156190 2120.6
1156200 2120.6
1156210 2132.7
1156220 2145.1
1156230 2145.1
1156240 2154.6
1156250 2158.6
1156260 2158.6
1156270 2155.5
1156280 2156.5
1156290 2156.5
1156300 2166.8
1156310 2181.3
1156320 2188.5
1156330 2188.5
1156340 2189.6
1156350 2192.0
1156360 2192.0
1156370 2197.9
1156380 2206.2
1156390 2206.2
1156400 2215.1
1156410 2223.9
1156420 2223.9
1156430 2234.5
1156440 2245.5
1156450 2245.5
1156460 2251.6
1156470 2257.0
1156480 2257.0
1156490 2263.7
1156500 2271.1
1156510 2271.1
1156520 2278.0
1156530 2284.3
1156540 2290.1
1156550 2290.1
1156560 2295.7
1156570 2301.5
1156580 2301.5
1156590 2309.7
1156600 2319.2
1156610 2319.2
1156620 2327.3
1156630 2335.1
1156640 2335.1
1156650 2343.4
1156660 2350.7
1156670 2350.7
1156680 2357.6
1156690 2364.6
1156700 2364.6
1156710 2371.6
1156720 2379.3
1156730 2379.3
1156740 2387.0
1156750 2394.3
1156760 2394.3
1156770 2401.1
1156780 2407.3
1156790 2412.3
1156800 2412.3
1156810 2416.6
1156820 2419.2
1156830 2419.2
1156840 2412.5
1156850 2411.8
1156860 2411.8
1156870 2410.4
1156880 2410.0
1156890 2410.0
1156900 2412.0
1156910 2413.7
1156920 2413.7
1156930 2416.4
1156940 2418.6
1156950 2418.6
1156960 2420.0
1156970 2418.7
1156980 2418.7
1156990 2419.3
1157000 2418.2
1157010 2418.2
1157020 2416.4
1157030 2417.9
1157040 2416.6
1157050 2416.6
1157060 2429.2
1157070 2442.9
1157080 2442.9
1157090 2441.4
1157100 2438.6
1157110 2438.6
1157120 2436.3
1157130 2437.1
1157140 2437.1
1157150 2440.7
1157160 2445.0
1157170 2445.0
1157180 2449.7
1157190 2451.6
1157200 2451.6
1157210 2449.5
1157220 2446.5
1157230 2438.4
1157240 2446.9
1157250 2454.0
1157260 2454.0
1157270 2459.1
1157280 2463.1
1157290 2463.9
1157300 2463.9
1157310 2462.2
1157320 2457.6
1157330 2457.6
1157340 2454.2
1157350 2453.2
1157360 2453.2
1157370 2452.1
1157380 2451.9
1157390 2451.9
1157400 2452.8
1157410 2452.7
1157420 2452.7
1157430 2453.2
1157440 2454.0
1157450 2454.0
1157460 2456.9
1157470 2460.9
1157480 2460.9
1157490 2465.4
1157500 2469.5
1157510 2469.5
1157520 2472.5
1157530 2474.7
1157540 2477.6
1157550 2477.6
1157560 2481.6
1157570 2485.4
1157580 2485.4
1157590 2487.4
1157600 2488.0
1157610 2488.0
1157620 2484.8
1157630 2488.7
1157640 2488.7
1157650 2492.9
1157660 2498.8
1157670 2498.8
1157680 2504.5
1157690 2506.0
1157700 2506.0
1157710 2506.3
1157720 2509.9
1157730 2509.9
1157740 2508.0
1157750 2505.4
1157760 2494.6
1157770 2494.6
1157780 2480.0
1157790 2468.8
1157800 2468.8
1157810 2461.7
1157820 2460.7
1157830 2460.7
1157840 2463.5
1157850 2450.1
1157860 2450.1
1157870 2439.2
1157880 2434.3
1157890 2434.3
1157900 2430.4
1157910 2426.5
1157920 2426.5
1157930 2421.6
1157940 2415.8
1157950 2415.8
1157960 2409.6
1157970 2403.1
1157980 2403.1
1157990 2396.1
1158000 2389.2
1158010 2384.7
1158020 2384.7
1158030 2378.3
1158040 2373.3
1158050 2373.3
1158060 2368.1
1158070 2361.5
1158080 2361.5
1158090 2355.7
1158100 2350.1
1158110 2350.1
1158120 2345.1
1158130 2340.5
1158140 2340.5
1158150 2335.4
1158160 2330.2
1158170 2330.2
1158180 2324.6
1158190 2319.0
1158200 2319.0
1158210 2314.3
1158220 2310.0
1158230 2310.0
1158240 2305.6
1158250 2299.2
1158260 2292.8
1158270 2292.8
1158280 2286.2
1158290 2279.6
1158300 2279.6
1158310 2273.2
1158320 2267.6
1158330 2267.6
1158340 2261.9
1158350 2255.5
1158360 2255.5
1158370 2248.8
1158380 2242.1
1158390 2242.1
1158400 2234.3
1158410 2228.0
1158420 2228.0
1158430 2222.0
1158440 2216.8
1158450 2216.8
1158460 2211.9
1158470 2207.1
1158480 2207.1
1158490 2201.4
1158500 2194.8
1158510 2195.3
1158520 2195.3
1158530 2197.2
1158540 2200.4
1158550 2200.4
1158560 2203.5
1158570 2204.4
1158580 2204.4
1158590 2204.1
1158600 2199.4
1158610 2199.4
1158620 2195.0
1158630 2190.8
1158640 2190.8
1158650 2186.2
1158660 2181.2
1158670 2181.2
1158680 2179.1
1158690 2176.2
1158700 2176.2
1158710 2171.0
1158720 2165.1
1158730 2165.1
1158740 2160.1
1158750 2155.0
1158760 2151.2
1158770 2151.2
1158780 2147.5
1158790 2139.0
1158800 2139.0
1158810 2135.1
1158820 2132.0
1158830 2132.0
1158840 2129.0
1158850 2126.4
1158860 2126.4
1158870 2123.4
1158880 2120.5
1158890 2120.5
1158900 2117.1
1158910 2113.4
1158920 2113.4
1158930 2107.7
1158940 2100.5
1158950 2100.5
1158960 2094.1
1158970 2090.7
1158980 2090.7
1158990 2089.9
1159000 2088.5
1159010 2086.8
1159020 2086.8
1159030 2084.7
1159040 2081.8
1159050 2081.8
1159060 2080.0
1159070 2081.4
1159080 2081.4
1159090 2081.7
1159100 2079.9
1159110 2079.9
1159120 2078.9
1159130 2076.9
1159140 2076.9
1159150 2074.8
1159160 2072.2
1159170 2072.2
1159180 2064.7
1159190 2062.3
1159200 2062.3
1159210 2057.6
1159220 2052.9
1159230 2049.8
1159240 2049.8
1159250 2046.8
1159260 2043.2
1159270 2043.2
1159280 2040.9
1159290 2039.4
1159300 2039.4
1159310 2037.9
1159320 2037.3
1159330 2037.3
1159340 2037.3
1159350 2038.1
1159360 2038.1
1159370 2037.8
1159380 2034.7
1159390 2034.7
1159400 2034.4
1159410 2035.1
1159420 2035.1
1159430 2035.1
1159440 2034.6
1159450 2034.6
1159460 2040.9
1159470 2045.2
1159480 2050.2
1159490 2050.2
1159500 2056.1
1159510 2056.0
1159520 2056.0
1159530 2051.7
1159540 2051.7
1159550 2051.7
1159560 2059.9
1159570 2049.2
1159580 2049.2
1159590 2048.9
1159600 2052.8
1159610 2052.8
1159620 2057.4
1159630 2061.4
1159640 2061.4
1159650 2064.5
1159660 2059.3
1159670 2059.3
1159680 2053.3
1159690 2048.9
1159700 2048.9
1159710 2044.2
1159720 2035.9
1159730 2024.5
1159740 2024.5
1159750 2016.6
1159760 2008.0
1159770 2008.0
1159780 2002.7
1159790 1994.9
1159800 1994.9
1159810 1982.9
1159820 1974.9
1159830 1974.9
1159840 1968.5
1159850 1961.4
1159860 1961.4
1159870 1946.0
1159880 1929.2
1159890 1929.2
1159900 1920.5
1159910 1913.9
1159920 1913.9
1159930 1914.3
1159940 1918.5
1159950 1918.5
1159960 1910.2
1159970 1908.6
1159980 1901.5
1159990 1901.5
