1140000 2147.6
1140010 2146.8
1140020 2146.8
1140030 2146.9
1140040 2147.3
1140050 2147.3
1140060 2148.0
1140070 2148.2
1140080 2145.7
1140090 2145.7
1140100 2143.7
1140110 2141.3
1140120 2141.3
1140130 2139.5
1140140 2138.5
1140150 2131.2
1140160 2130.3
1140170 2129.1
1140180 2129.1
1140190 2128.5
1140200 2127.8
1140210 2127.8
1140220 2127.4
1140230 2126.2
1140240 2126.2
1140250 2125.5
1140260 2123.5
1140270 2123.5
1140280 2120.8
1140290 2117.5
1140300 2117.5
1140310 2112.8
1140320 2106.7
1140330 2098.8
1140340 2098.8
1140350 2095.1
1140360 2094.4
1140370 2094.4
1140380 2091.7
1140390 2088.8
1140400 2088.8
1140410 2082.8
1140420 2075.4
1140430 2075.4
1140440 2067.4
1140450 2060.4
1140460 2060.4
1140470 2057.9
1140480 2058.9
1140490 2058.9
1140500 2061.2
1140510 2063.0
1140520 2055.5
1140530 2054.7
1140540 2053.2
1140550 2053.2
1140560 2051.5
1140570 2048.9
1140580 2046.1
1140590 2046.1
1140600 2043.2
1140610 2040.6
1140620 2040.6
1140630 2036.8
1140640 2029.0
1140650 2029.0
1140660 2021.3
1140670 2014.8
1140680 2014.8
1140690 2007.2
1140700 1999.7
1140710 1999.7
1140720 1991.0
1140730 1981.9
1140740 1981.9
1140750 1973.1
1140760 1963.8
1140770 1963.8
1140780 1956.5
1140790 1956.0
1140800 1956.0
1140810 1958.0
1140820 1959.2
1140830 1956.0
1140840 1956.0
1140850 1949.1
1140860 1941.5
1140870 1941.5
1140880 1941.7
1140890 1938.2
1140900 1938.2
1140910 1949.2
1140920 1947.8
1140930 1947.8
1140940 1942.0
1140950 1940.0
1140960 1940.0
1140970 1940.2
1140980 1940.6
1140990 1940.6
1141000 1941.4
1141010 1939.8
1141020 1939.8
1141030 1935.2
1141040 1930.3
1141050 1925.6
1141060 1925.6
1141070 1921.0
1141080 1915.3
1141090 1915.3
1141100 1909.9
1141110 1905.6
1141120 1905.6
1141130 1901.0
1141140 1895.8
1141150 1895.8
1141160 1889.6
1141170 1885.4
1141180 1885.4
1141190 1881.4
1141200 1876.9
1141210 1876.9
1141220 1872.8
1141230 1866.5
1141240 1866.5
1141250 1859.3
1141260 1849.1
1141270 1849.1
1141280 1841.6
1141290 1834.2
1141300 1830.1
1141310 1830.1
1141320 1825.9
1141330 1820.4
1141340 1820.4
1141350 1815.1
1141360 1809.5
1141370 1809.5
1141380 1803.9
1141390 1799.5
1141400 1799.5
1141410 1794.4
1141420 1790.9
1141430 1790.9
1141440 1786.6
1141450 1782.4
1141460 1782.4
1141470 1778.7
1141480 1773.5
1141490 1773.5
1141500 1768.1
1141510 1762.4
1141520 1762.4
1141530 1757.3
1141540 1754.4
1141550 1751.0
1141560 1751.0
1141570 1745.4
1141580 1742.8
1141590 1742.8
1141600 1743.5
1141610 1741.7
1141620 1741.7
1141630 1720.4
1141640 1705.1
1141650 1705.1
1141660 1706.9
1141670 1711.0
1141680 1711.0
1141690 1698.3
1141700 1677.5
1141710 1677.5
1141720 1662.0
1141730 1653.7
1141740 1653.7
1141750 1650.2
1141760 1648.3
1141770 1648.3
1141780 1644.4
1141790 1636.7
1141800 1629.4
1141810 1629.4
1141820 1623.0
1141830 1615.1
1141840 1615.1
1141850 1608.2
1141860 1606.1
1141870 1606.1
1141880 1605.7
1141890 1605.6
1141900 1605.6
1141910 1604.9
1141920 1603.5
1141930 1603.5
1141940 1601.9
1141950 1600.3
1141960 1600.3
1141970 1598.7
1141980 1597.1
1141990 1597.1
1142000 1593.8
1142010 1592.5
1142020 1592.5
1142030 1591.2
1142040 1589.5
1142050 1587.7
1142060 1587.7
1142070 1585.3
1142080 1582.9
1142090 1582.9
1142100 1581.1
1142110 1579.4
1142120 1579.4
1142130 1577.4
1142140 1575.3
1142150 1575.3
1142160 1573.3
1142170 1571.3
1142180 1571.3
1142190 1569.6
1142200 1568.2
1142210 1568.2
1142220 1566.4
1142230 1564.7
1142240 1564.7
1142250 1563.8
1142260 1562.8
1142270 1562.8
1142280 1559.0
1142290 1556.6
1142300 1557.2
1142310 1557.2
1142320 1557.1
1142330 1556.7
1142340 1556.7
1142350 1556.5
1142360 1556.7
1142370 1557.4
1142380 1557.4
1142390 1557.1
1142400 1557.1
1142410 1557.3
1142420 1558.7
1142430 1558.7
1142440 1561.6
1142450 1563.0
1142460 1563.0
1142470 1564.2
1142480 1565.5
1142490 1565.5
1142500 1569.0
1142510 1573.0
1142520 1573.0
1142530 1576.9
1142540 1580.0
1142550 1582.2
1142560 1582.2
1142570 1585.8
1142580 1590.3
1142590 1590.3
1142600 1594.2
1142610 1598.8
1142620 1598.8
1142630 1604.5
1142640 1610.3
1142650 1610.3
1142660 1617.5
1142670 1623.3
1142680 1623.3
1142690 1623.7
1142700 1625.9
1142710 1625.9
1142720 1632.3
1142730 1637.4
1142740 1653.4
1142750 1652.5
1142760 1652.8
1142770 1652.8
1142780 1655.0
1142790 1658.8
1142800 1662.0
1142810 1662.0
1142820 1663.4
1142830 1665.2
1142840 1665.2
1142850 1664.4
1142860 1659.9
1142870 1659.9
1142880 1653.6
1142890 1648.4
1142900 1648.4
1142910 1639.3
1142920 1636.4
1142930 1636.4
1142940 1646.8
1142950 1664.9
1142960 1664.9
1142970 1680.6
1142980 1689.7
1142990 1689.7
1143000 1706.6
1143010 1724.9
1143020 1733.1
1143030 1733.1
1143040 1740.4
1143050 1745.6
1143060 1745.6
1143070 1749.8
1143080 1752.9
1143090 1752.9
1143100 1756.7
1143110 1762.1
1143120 1762.1
1143130 1766.1
1143140 1771.5
1143150 1771.5
1143160 1777.6
1143170 1782.1
1143180 1782.1
1143190 1786.8
1143200 1792.1
1143210 1792.1
1143220 1797.6
1143230 1803.9
1143240 1803.9
1143250 1810.4
1143260 1817.0
1143270 1822.7
1143280 1822.7
1143290 1827.7
1143300 1832.3
1143310 1832.3
1143320 1836.0
1143330 1838.2
1143340 1838.2
1143350 1840.2
1143360 1842.5
1143370 1842.5
1143380 1844.9
1143390 1846.8
1143400 1846.8
1143410 1848.8
1143420 1852.2
1143430 1852.2
1143440 1858.4
1143450 1865.7
1143460 1865.7
1143470 1872.5
1143480 1878.4
1143490 1881.7
1143500 1886.9
1143510 1891.4
1143520 1896.0
1143530 1896.0
1143540 1900.0
1143550 1903.4
1143560 1903.4
1143570 1907.6
1143580 1912.2
1143590 1912.2
1143600 1916.2
1143610 1921.0
1143620 1921.0
1143630 1926.3
1143640 1931.0
1143650 1931.0
1143660 1935.8
1143670 1940.6
1143680 1940.6
1143690 1945.9
1143700 1950.8
1143710 1950.8
1143720 1954.9
1143730 1959.0
1143740 1959.0
1143750 1963.0
1143760 1967.2
1143770 1970.8
1143780 1970.8
1143790 1974.6
1143800 1978.9
1143810 1978.9
1143820 1983.8
1143830 1988.9
1143840 1988.9
1143850 1994.2
1143860 1999.8
1143870 1999.8
1143880 2004.9
1143890 2010.6
1143900 2010.6
1143910 2015.6
1143920 2021.1
1143930 2021.1
1143940 2028.1
1143950 2034.1
1143960 2034.1
1143970 2038.3
1143980 2045.3
1143990 2045.3
1144000 2050.7
1144010 2054.1
1144020 2058.9
1144030 2058.9
1144040 2064.0
1144050 2068.0
1144060 2068.0
1144070 2072.3
1144080 2076.9
1144090 2076.9
1144100 2082.0
1144110 2086.4
1144120 2086.4
1144130 2092.0
1144140 2097.0
1144150 2097.0
1144160 2101.0
1144170 2105.9
1144180 2105.9
1144190 2112.3
1144200 2118.3
1144210 2118.3
1144220 2122.3
1144230 2129.2
1144240 2129.2
1144250 2134.9
1144260 2137.9
1144270 2141.1
1144280 2141.1
1144290 2144.4
1144300 2147.8
1144310 2147.8
1144320 2151.1
1144330 2153.0
1144340 2153.0
1144350 2154.3
1144360 2155.6
1144370 2155.6
1144380 2155.2
1144390 2150.8
1144400 2150.8
1144410 2145.1
1144420 2140.3
1144430 2140.3
1144440 2134.2
1144450 2127.6
1144460 2127.6
1144470 2121.8
1144480 2116.2
1144490 2116.2
1144500 2110.6
1144510 2107.9
1144520 2109.1
1144530 2109.1
1144540 2111.9
1144550 2113.6
1144560 2113.6
1144570 2115.3
1144580 2116.1
1144590 2116.1
1144600 2114.8
1144610 2120.3
1144620 2120.3
1144630 2115.3
1144640 2114.0
1144650 2114.0
1144660 2114.6
1144670 2115.9
1144680 2115.9
1144690 2115.5
1144700 2114.0
1144710 2114.0
1144720 2112.8
1144730 2111.2
1144740 2111.2
1144750 2110.5
1144760 2109.0
1144770 2108.5
1144780 2108.5
1144790 2108.6
1144800 2109.1
1144810 2109.1
1144820 2109.5
1144830 2109.2
1144840 2109.2
1144850 2109.7
1144860 2109.8
1144870 2109.8
1144880 2110.6
1144890 2112.3
1144900 2112.3
1144910 2113.2
1144920 2111.5
1144930 2111.5
1144940 2106.9
1144950 2102.2
1144960 2102.2
1144970 2097.4
1144980 2096.2
1144990 2086.8
1145000 2086.8
1145010 2093.6
1145020 2100.5
1145030 2100.5
1145040 2102.6
1145050 2102.6
1145060 2102.6
1145070 2097.6
1145080 2084.1
1145090 2084.1
1145100 2079.9
1145110 2086.0
1145120 2086.0
1145130 2087.2
1145140 2084.5
1145150 2084.5
1145160 2081.4
1145170 2080.7
1145180 2080.7
1145190 2079.2
1145200 2078.5
1145210 2078.5
1145220 2077.8
1145230 2073.4
1145240 2067.2
1145250 2067.2
1145260 2075.4
1145270 2081.4
1145280 2081.4
1145290 2083.3
1145300 2084.4
1145310 2084.4
1145320 2084.8
1145330 2091.9
1145340 2091.9
1145350 2103.7
1145360 2107.9
1145370 2107.9
1145380 2112.3
1145390 2113.7
1145400 2113.7
1145410 2117.4
1145420 2124.5
1145430 2124.5
1145440 2128.6
1145450 2129.0
1145460 2129.0
1145470 2131.3
1145480 2138.0
1145490 2145.0
1145500 2145.0
1145510 2149.5
1145520 2151.7
1145530 2151.7
1145540 2158.5
1145550 2165.6
1145560 2165.6
1145570 2173.8
1145580 2180.1
1145590 2180.1
1145600 2182.9
1145610 2183.3
1145620 2183.3
1145630 2185.1
1145640 2186.8
1145650 2186.8
1145660 2193.3
1145670 2204.1
1145680 2204.1
1145690 2211.5
1145700 2211.8
1145710 2211.8
1145720 2210.9
1145730 2216.3
1145740 2215.3
1145750 2215.3
1145760 2216.5
1145770 2221.4
1145780 2221.4
1145790 2223.0
1145800 2222.2
1145810 2222.2
1145820 2222.0
1145830 2221.8
1145840 2221.8
1145850 2223.0
1145860 2225.8
1145870 2225.8
1145880 2228.0
1145890 2231.0
1145900 2231.0
1145910 2236.6
1145920 2244.4
1145930 2244.4
1145940 2253.6
1145950 2261.8
1145960 2261.8
1145970 2269.2
1145980 2277.0
1145990 2285.3
1146000 2285.3
1146010 2292.2
1146020 2297.1
1146030 2297.1
1146040 2302.2
1146050 2307.5
1146060 2307.5
1146070 2312.7
1146080 2318.1
1146090 2318.1
1146100 2321.2
1146110 2325.5
1146120 2325.5
1146130 2330.2
1146140 2334.7
1146150 2334.7
1146160 2339.3
1146170 2343.2
1146180 2343.2
1146190 2347.1
1146200 2351.8
1146210 2351.8
1146220 2356.1
1146230 2360.0
1146240 2364.0
1146250 2364.0
1146260 2367.9
1146270 2371.9
1146280 2371.9
1146290 2376.1
1146300 2380.3
1146310 2380.3
1146320 2384.4
1146330 2388.2
1146340 2388.2
1146350 2391.0
1146360 2392.8
1146370 2392.8
1146380 2395.1
1146390 2399.0
1146400 2399.0
1146410 2403.5
1146420 2408.6
1146430 2408.6
1146440 2413.4
1146450 2418.4
1146460 2418.4
1146470 2423.5
1146480 2425.1
1146490 2429.5
1146500 2429.5
1146510 2434.1
1146520 2439.0
1146530 2439.0
1146540 2443.8
1146550 2448.4
1146560 2448.4
1146570 2453.0
1146580 2457.2
1146590 2457.2
1146600 2461.3
1146610 2465.4
1146620 2465.4
1146630 2468.7
1146640 2473.0
1146650 2473.0
1146660 2477.0
1146670 2482.6
1146680 2482.6
1146690 2490.4
1146700 2499.8
1146710 2499.8
1146720 2509.4
1146730 2517.5
1146740 2520.5
1146750 2520.5
1146760 2521.5
1146770 2525.2
1146780 2525.2
1146790 2530.2
1146800 2536.1
1146810 2536.1
1146820 2542.7
1146830 2549.6
1146840 2549.6
1146850 2557.2
1146860 2566.3
1146870 2566.3
1146880 2574.0
1146890 2583.1
1146900 2583.1
1146910 2593.1
1146920 2601.6
1146930 2601.6
1146940 2607.4
1146950 2600.1
1146960 2585.9
1146970 2585.9
1146980 2573.1
1146990 2560.0
1147000 2560.0
1147010 2548.2
1147020 2537.3
1147030 2537.3
1147040 2529.1
1147050 2521.0
1147060 2521.0
1147070 2512.5
1147080 2505.5
1147090 2505.5
1147100 2497.7
1147110 2489.3
1147120 2489.3
1147130 2481.1
1147140 2473.3
1147150 2473.3
1147160 2467.6
1147170 2462.5
1147180 2462.5
1147190 2456.5
1147200 2450.3
1147210 2444.4
1147220 2444.4
1147230 2439.4
1147240 2433.5
1147250 2433.5
1147260 2427.8
1147270 2422.0
1147280 2422.0
1147290 2416.7
1147300 2411.4
1147310 2411.4
1147320 2406.6
1147330 2401.9
1147340 2401.9
1147350 2397.2
1147360 2392.8
1147370 2392.8
1147380 2388.7
1147390 2384.4
1147400 2384.4
1147410 2379.4
1147420 2375.3
1147430 2375.3
1147440 2373.3
1147450 2371.5
1147460 2368.6
1147470 2368.6
1147480 2365.1
1147490 2362.1
1147500 2362.1
1147510 2359.3
1147520 2356.8
1147530 2356.8
1147540 2354.4
1147550 2351.5
1147560 2351.5
1147570 2348.7
1147580 2346.3
1147590 2346.3
1147600 2343.7
1147610 2343.2
1147620 2343.2
1147630 2341.0
1147640 2338.6
1147650 2338.6
1147660 2336.0
1147670 2333.6
1147680 2333.6
1147690 2331.5
1147700 2329.6
1147710 2327.2
1147720 2327.2
1147730 2324.7
1147740 2322.8
1147750 2322.8
1147760 2320.7
1147770 2318.9
1147780 2318.9
1147790 2317.5
1147800 2317.5
1147810 2317.5
1147820 2317.1
1147830 2312.3
1147840 2312.3
1147850 2307.3
1147860 2304.3
1147870 2304.3
1147880 2302.5
1147890 2301.0
1147900 2301.0
1147910 2299.5
1147920 2297.9
1147930 2297.9
1147940 2296.2
1147950 2295.4
1147960 2294.7
1147970 2294.7
1147980 2294.3
1147990 2297.0
1148000 2297.0
1148010 2296.5
1148020 2295.9
1148030 2295.9
1148040 2295.9
1148050 2295.6
1148060 2295.6
1148070 2294.7
1148080 2294.1
1148090 2294.1
1148100 2294.3
1148110 2295.8
1148120 2295.8
1148130 2296.6
1148140 2298.1
1148150 2298.1
1148160 2301.2
1148170 2303.9
1148180 2303.9
1148190 2305.0
1148200 2306.8
1148210 2309.5
1148220 2309.5
1148230 2312.3
1148240 2315.6
1148250 2315.6
1148260 2318.3
1148270 2322.4
1148280 2322.4
1148290 2328.5
1148300 2334.0
1148310 2334.0
1148320 2341.7
1148330 2352.8
1148340 2352.8
1148350 2358.0
1148360 2350.6
1148370 2350.6
1148380 2342.3
1148390 2335.3
1148400 2335.3
1148410 2328.5
1148420 2318.4
1148430 2318.4
1148440 2307.6
1148450 2298.6
1148460 2290.7
1148470 2290.7
1148480 2283.6
1148490 2276.0
1148500 2276.0
1148510 2268.4
1148520 2261.1
1148530 2261.1
1148540 2254.0
1148550 2246.4
1148560 2246.4
1148570 2237.5
1148580 2229.6
1148590 2229.6
1148600 2222.8
1148610 2218.0
1148620 2218.0
1148630 2214.5
1148640 2212.0
1148650 2212.0
1148660 2209.1
1148670 2206.0
1148680 2202.7
1148690 2202.7
1148700 2199.5
1148710 2196.5
1148720 2196.5
1148730 2193.8
1148740 2190.6
1148750 2190.6
1148760 2186.9
1148770 2184.0
1148780 2184.0
1148790 2182.5
1148800 2181.7
1148810 2181.7
1148820 2181.1
1148830 2180.7
1148840 2180.7
1148850 2183.1
1148860 2188.0
1148870 2188.0
1148880 2193.0
1148890 2197.5
1148900 2197.5
1148910 2200.9
1148920 2201.4
1148930 2204.0
1148940 2204.0
1148950 2206.2
1148960 2208.9
1148970 2208.9
1148980 2213.3
1148990 2217.6
1149000 2217.6
1149010 2219.6
1149020 2221.7
1149030 2221.7
1149040 2224.7
1149050 2227.9
1149060 2227.9
1149070 2231.5
1149080 2234.7
1149090 2234.7
1149100 2239.7
1149110 2245.1
1149120 2245.1
1149130 2249.9
1149140 2253.9
1149150 2253.9
1149160 2258.6
1149170 2263.2
1149180 2266.2
1149190 2266.2
1149200 2267.0
1149210 2264.6
1149220 2264.6
1149230 2259.9
1149240 2253.5
1149250 2253.5
1149260 2245.7
1149270 2236.9
1149280 2236.9
1149290 2228.3
1149300 2221.4
1149310 2221.4
1149320 2215.3
1149330 2209.5
1149340 2209.5
1149350 2203.7
1149360 2198.3
1149370 2198.3
1149380 2194.3
1149390 2192.9
1149400 2192.9
1149410 2191.5
1149420 2185.6
1149430 2177.5
1149440 2177.5
1149450 2176.4
1149460 2177.6
1149470 2177.6
1149480 2174.3
1149490 2166.2
1149500 2180.4
1149510 2178.7
1149520 2176.6
1149530 2176.6
1149540 2175.7
1149550 2171.3
1149560 2171.3
1149570 2166.4
1149580 2156.4
1149590 2156.4
1149600 2155.4
1149610 2163.1
1149620 2163.1
1149630 2166.9
1149640 2169.6
1149650 2169.6
1149660 2171.4
1149670 2173.9
1149680 2180.7
1149690 2180.7
1149700 2188.4
1149710 2198.0
1149720 2198.0
1149730 2208.2
1149740 2214.2
1149750 2214.2
1149760 2217.6
1149770 2219.9
1149780 2219.9
1149790 2223.7
1149800 2230.1
1149810 2230.1
1149820 2242.8
1149830 2263.3
1149840 2263.3
1149850 2282.2
1149860 2294.4
1149870 2294.4
1149880 2309.9
1149890 2321.5
1149900 2321.5
1149910 2329.2
1149920 2336.3
1149930 2341.3
1149940 2341.3
1149950 2346.8
1149960 2353.5
1149970 2353.5
1149980 2358.6
1149990 2363.1
1150000 2363.1
1150010 2370.6
1150020 2376.6
1150030 2376.6
1150040 2383.1
1150050 2391.8
1150060 2391.8
1150070 2396.8
1150080 2400.6
1150090 2400.6
1150100 2396.6
1150110 2381.0
1150120 2381.0
1150130 2367.6
1150140 2352.6
1150150 2352.6
1150160 2340.7
1150170 2327.6
1150180 2316.5
1150190 2316.5
1150200 2311.3
1150210 2309.6
1150220 2309.6
1150230 2316.8
1150240 2325.0
1150250 2325.0
1150260 2340.1
1150270 2332.2
1150280 2332.2
1150290 2322.5
1150300 2316.2
1150310 2316.2
1150320 2313.4
1150330 2309.3
1150340 2309.3
1150350 2301.6
1150360 2294.0
1150370 2294.0
1150380 2287.2
1150390 2287.5
1150400 2287.5
1150410 2287.4
1150420 2284.2
1150430 2282.7
1150440 2282.7
1150450 2279.1
1150460 2274.0
1150470 2274.0
1150480 2261.1
1150490 2253.5
1150500 2253.5
1150510 2251.1
1150520 2249.6
1150530 2249.6
1150540 2247.2
1150550 2245.1
1150560 2245.1
1150570 2246.4
1150580 2246.9
1150590 2246.9
1150600 2248.3
1150610 2250.7
1150620 2250.7
1150630 2252.1
1150640 2258.4
1150650 2253.8
1150660 2253.8
1150670 2251.0
1150680 2251.4
1150690 2251.4
1150700 2250.3
1150710 2249.0
1150720 2249.0
1150730 2254.9
1150740 2269.0
1150750 2269.0
1150760 2279.3
1150770 2289.5
1150780 2289.5
1150790 2289.4
1150800 2280.0
1150810 2280.0
1150820 2270.0
1150830 2278.0
1150840 2278.0
1150850 2291.9
1150860 2299.6
1150870 2299.6
1150880 2305.5
1150890 2315.1
1150900 2327.7
1150910 2327.7
1150920 2337.7
1150930 2347.3
1150940 2347.3
1150950 2352.9
1150960 2357.3
1150970 2357.3
1150980 2353.9
1150990 2344.1
1151000 2344.1
1151010 2331.6
1151020 2324.5
1151030 2324.5
1151040 2314.7
1151050 2305.7
1151060 2305.7
1151070 2294.9
1151080 2284.9
1151090 2284.9
1151100 2282.8
1151110 2282.2
1151120 2282.2
1151130 2277.6
1151140 2272.4
1151150 2267.0
1151160 2267.0
1151170 2262.5
1151180 2259.2
1151190 2259.2
1151200 2256.1
1151210 2253.3
1151220 2253.3
1151230 2250.7
1151240 2248.3
1151250 2248.3
1151260 2246.0
1151270 2244.0
1151280 2244.0
1151290 2242.2
1151300 2240.4
1151310 2240.4
1151320 2238.9
1151330 2237.6
1151340 2237.6
1151350 2237.2
1151360 2236.4
1151370 2236.4
1151380 2234.3
1151390 2230.1
1151400 2230.8
1151410 2230.8
1151420 2227.2
1151430 2223.8
1151440 2223.8
1151450 2220.3
1151460 2216.2
1151470 2216.2
1151480 2210.2
1151490 2202.6
1151500 2202.6
1151510 2198.2
1151520 2197.7
1151530 2197.7
1151540 2197.6
1151550 2197.6
1151560 2197.6
1151570 2197.6
1151580 2197.6
1151590 2197.6
1151600 2197.6
1151610 2197.6
1151620 2197.6
1151630 2197.6
1151640 2197.6
1151650 2197.6
1151660 2197.6
1151670 2197.6
1151680 2197.6
1151690 2197.6
1151700 2197.6
1151710 2197.6
1151720 2197.6
1151730 2197.6
1151740 2197.6
1151750 2197.6
1151760 2197.6
1151770 2197.6
1151780 2197.9
1151790 2198.0
1151800 2198.4
1151810 2198.4
1151820 2198.9
1151830 2199.6
1151840 2199.6
1151850 2201.2
1151860 2203.9
1151870 2203.9
1151880 2207.1
1151890 2209.2
1151900 2209.3
1151910 2209.3
1151920 2210.3
1151930 2212.3
1151940 2212.3
1151950 2214.1
1151960 2213.4
1151970 2213.4
1151980 2211.6
1151990 2213.0
1152000 2213.0
1152010 2214.2
1152020 2215.0
1152030 2215.0
1152040 2215.4
1152050 2215.6
1152060 2215.6
1152070 2215.7
1152080 2216.4
1152090 2216.4
1152100 2218.6
1152110 2220.7
1152120 2220.7
1152130 2221.8
1152140 2224.1
1152150 2225.8
1152160 2225.8
1152170 2229.6
1152180 2232.1
1152190 2232.1
1152200 2235.5
1152210 2238.3
1152220 2238.3
1152230 2241.1
1152240 2244.3
1152250 2244.3
1152260 2247.4
1152270 2249.7
1152280 2249.7
1152290 2251.3
1152300 2252.2
1152310 2252.2
1152320 2254.1
1152330 2255.9
1152340 2255.9
1152350 2258.9
1152360 2261.6
1152370 2261.6
1152380 2264.2
1152390 2265.8
1152400 2264.6
1152410 2264.6
1152420 2264.5
1152430 2265.4
1152440 2265.4
1152450 2267.0
1152460 2268.3
1152470 2268.3
1152480 2269.9
1152490 2271.5
1152500 2271.5
1152510 2273.5
1152520 2275.5
1152530 2275.5
1152540 2277.5
1152550 2281.8
1152560 2281.8
1152570 2284.4
1152580 2287.1
1152590 2287.1
1152600 2289.8
1152610 2294.0
1152620 2298.9
1152630 2298.9
1152640 2303.0
1152650 2307.0
1152660 2307.0
1152670 2310.8
1152680 2314.3
1152690 2314.3
1152700 2318.3
1152710 2322.3
1152720 2322.3
1152730 2326.7
1152740 2331.3
1152750 2331.3
1152760 2336.3
1152770 2341.3
1152780 2341.3
1152790 2346.4
1152800 2351.4
1152810 2351.4
1152820 2356.4
1152830 2361.1
1152840 2361.1
1152850 2364.7
1152860 2368.9
1152870 2373.5
1152880 2373.5
1152890 2378.6
1152900 2384.3
1152910 2384.3
1152920 2390.1
1152930 2399.7
1152940 2399.7
1152950 2405.3
1152960 2411.8
1152970 2411.8
1152980 2419.2
1152990 2428.0
1153000 2428.0
1153010 2436.8
1153020 2447.3
1153030 2447.3
1153040 2458.9
1153050 2458.8
1153060 2458.8
1153070 2455.5
1153080 2464.9
1153090 2464.9
1153100 2464.3
1153110 2468.3
1153120 2477.3
1153130 2477.3
1153140 2488.7
1153150 2498.0
1153160 2498.0
1153170 2509.1
1153180 2513.5
1153190 2513.5
1153200 2514.7
1153210 2520.0
1153220 2520.0
1153230 2522.2
1153240 2515.8
1153250 2515.8
1153260 2494.4
1153270 2470.6
1153280 2470.6
1153290 2456.5
1153300 2446.4
1153310 2444.1
1153320 2436.7
1153330 2429.6
1153340 2429.6
1153350 2423.1
1153360 2416.8
1153370 2410.8
1153380 2410.8
1153390 2404.1
1153400 2398.4
1153410 2398.4
1153420 2392.9
1153430 2386.7
1153440 2386.7
1153450 2381.7
1153460 2377.3
1153470 2377.3
1153480 2373.4
1153490 2371.5
1153500 2371.5
1153510 2370.9
1153520 2369.5
1153530 2369.5
1153540 2369.3
1153550 2369.1
1153560 2369.1
1153570 2368.8
1153580 2368.2
1153590 2368.2
1153600 2370.0
1153610 2372.6
1153620 2372.9
1153630 2372.9
1153640 2373.5
1153650 2375.1
1153660 2375.1
1153670 2378.4
1153680 2383.0
1153690 2383.0
1153700 2381.3
1153710 2385.1
1153720 2385.1
1153730 2388.7
1153740 2392.1
1153750 2392.1
1153760 2395.4
1153770 2399.8
1153780 2399.8
1153790 2405.6
1153800 2410.6
1153810 2410.6
1153820 2412.7
1153830 2413.9
1153840 2413.9
1153850 2415.5
1153860 2417.1
1153870 2418.9
1153880 2418.9
1153890 2420.7
1153900 2421.9
1153910 2421.9
1153920 2422.0
1153930 2422.4
1153940 2422.4
1153950 2422.4
1153960 2419.5
1153970 2419.5
1153980 2414.5
1153990 2409.7
1154000 2409.7
1154010 2406.3
1154020 2405.4
1154030 2405.4
1154040 2404.0
1154050 2403.4
1154060 2403.4
1154070 2402.3
1154080 2393.2
1154090 2393.2
1154100 2392.9
1154110 2392.3
1154120 2389.2
1154130 2389.2
1154140 2385.6
1154150 2382.5
1154160 2382.5
1154170 2380.0
1154180 2377.3
1154190 2377.3
1154200 2374.6
1154210 2372.4
1154220 2372.4
1154230 2370.3
1154240 2368.7
1154250 2368.7
1154260 2367.1
1154270 2364.8
1154280 2364.8
1154290 2362.6
1154300 2363.5
1154310 2363.5
1154320 2363.6
1154330 2360.4
1154340 2356.2
1154350 2356.2
1154360 2338.7
1154370 2329.7
1154380 2329.7
1154390 2327.4
1154400 2324.6
1154410 2324.6
1154420 2323.4
1154430 2323.1
1154440 2323.1
1154450 2321.1
1154460 2318.1
1154470 2311.4
1154480 2307.9
1154490 2304.0
1154500 2304.0
1154510 2299.8
1154520 2295.1
1154530 2295.1
1154540 2288.7
1154550 2281.2
1154560 2281.2
1154570 2274.7
1154580 2272.8
1154590 2270.5
1154600 2270.5
1154610 2272.2
1154620 2269.8
1154630 2269.8
1154640 2266.7
1154650 2266.3
1154660 2266.3
1154670 2264.8
1154680 2263.0
1154690 2263.0
1154700 2262.8
1154710 2258.6
1154720 2258.6
1154730 2253.6
1154740 2248.6
1154750 2248.6
1154760 2244.0
1154770 2239.9
1154780 2239.9
1154790 2234.1
1154800 2229.1
1154810 2229.1
1154820 2227.8
1154830 2229.1
1154840 2231.5
1154850 2217.6
1154860 2212.3
1154870 2204.9
1154880 2204.9
1154890 2198.8
1154900 2194.1
1154910 2194.1
1154920 2188.2
1154930 2178.6
1154940 2178.6
1154950 2178.5
1154960 2179.6
1154970 2179.6
1154980 2178.5
1154990 2174.0
1155000 2174.0
1155010 2165.8
1155020 2159.8
1155030 2159.8
1155040 2157.1
1155050 2152.2
1155060 2152.2
1155070 2149.2
1155080 2150.2
1155090 2148.1
1155100 2148.1
1155110 2145.4
1155120 2147.3
1155130 2147.3
1155140 2151.3
1155150 2150.4
1155160 2150.4
1155170 2144.8
1155180 2136.9
1155190 2136.9
1155200 2131.4
1155210 2123.2
1155220 2123.2
1155230 2124.3
1155240 2114.9
1155250 2114.9
1155260 2105.2
1155270 2095.9
1155280 2095.9
1155290 2092.0
1155300 2096.7
1155310 2096.7
1155320 2103.4
1155330 2109.2
1155340 2115.7
1155350 2115.7
1155360 2123.8
1155370 2132.9
1155380 2132.9
1155390 2138.2
1155400 2140.3
1155410 2140.3
1155420 2138.9
1155430 2142.4
1155440 2142.4
1155450 2150.3
1155460 2157.4
1155470 2157.4
1155480 2162.1
1155490 2164.0
1155500 2164.0
1155510 2164.4
1155520 2163.7
1155530 2163.7
1155540 2162.6
1155550 2162.1
1155560 2162.1
1155570 2163.0
1155580 2164.7
1155590 2167.4
1155600 2167.4
1155610 2168.5
1155620 2162.7
1155630 2162.7
1155640 2162.7
1155650 2163.9
1155660 2163.9
1155670 2163.3
1155680 2163.3
1155690 2163.3
1155700 2168.4
1155710 2174.8
1155720 2174.8
1155730 2178.3
1155740 2179.6
1155750 2179.6
1155760 2181.3
1155770 2182.8
1155780 2182.8
1155790 2184.8
1155800 2189.0
1155810 2189.0
1155820 2191.7
1155830 2197.2
1155840 2201.7
1155850 2201.7
1155860 2202.6
1155870 2203.6
1155880 2203.6
1155890 2210.7
1155900 2217.6
1155910 2217.6
1155920 2223.6
1155930 2229.0
1155940 2229.0
1155950 2234.3
1155960 2239.8
1155970 2239.8
1155980 2246.1
1155990 2252.3
1156000 2252.3
1156010 2258.2
1156020 2264.7
1156030 2264.7
1156040 2271.1
1156050 2277.9
1156060 2284.8
1156070 2284.8
1156080 2291.5
1156090 2298.3
1156100 2298.3
1156110 2304.8
1156120 2311.0
1156130 2311.0
1156140 2317.6
1156150 2324.3
1156160 2324.3
1156170 2331.0
1156180 2338.0
1156190 2338.0
1156200 2345.6
1156210 2353.5
1156220 2353.5
1156230 2360.0
1156240 2364.8
1156250 2364.8
1156260 2371.3
1156270 2376.7
1156280 2376.7
1156290 2375.6
1156300 2379.2
1156310 2384.1
1156320 2384.1
1156330 2384.1
1156340 2384.4
1156350 2384.4
1156360 2384.7
1156370 2384.4
1156380 2384.4
1156390 2383.2
1156400 2382.1
1156410 2382.1
1156420 2381.8
1156430 2381.7
1156440 2381.7
1156450 2382.2
1156460 2382.2
1156470 2382.2
1156480 2382.1
1156490 2382.6
1156500 2382.6
1156510 2383.6
1156520 2385.4
1156530 2385.4
1156540 2387.9
1156550 2390.2
1156560 2393.1
1156570 2393.1
1156580 2396.2
1156590 2399.5
1156600 2399.5
1156610 2402.9
1156620 2406.8
1156630 2406.8
1156640 2410.7
1156650 2414.3
1156660 2414.3
1156670 2417.8
1156680 2420.9
1156690 2420.9
1156700 2423.7
1156710 2426.8
1156720 2426.8
1156730 2430.3
1156740 2434.1
1156750 2434.1
1156760 2437.8
1156770 2441.3
1156780 2441.3
1156790 2450.6
1156800 2454.8
1156810 2459.2
1156820 2459.2
1156830 2463.7
1156840 2464.3
1156850 2464.3
1156860 2459.9
1156870 2455.6
1156880 2455.6
1156890 2446.8
1156900 2434.4
1156910 2434.4
1156920 2423.8
1156930 2417.4
1156940 2417.4
1156950 2411.2
1156960 2405.9
1156970 2405.9
1156980 2400.7
1156990 2394.8
1157000 2394.8
1157010 2388.9
1157020 2383.7
1157030 2383.7
1157040 2379.1
1157050 2375.6
1157060 2372.6
1157070 2372.6
1157080 2367.9
1157090 2363.1
1157100 2363.1
1157110 2359.5
1157120 2357.6
1157130 2357.6
1157140 2357.9
1157150 2359.4
1157160 2359.4
1157170 2360.3
1157180 2363.8
1157190 2363.8
1157200 2366.1
1157210 2367.1
1157220 2367.1
1157230 2365.4
1157240 2363.1
1157250 2363.1
1157260 2364.3
1157270 2365.0
1157280 2365.0
1157290 2364.5
1157300 2366.4
1157310 2366.1
1157320 2366.1
1157330 2365.6
1157340 2368.5
1157350 2368.5
1157360 2372.8
1157370 2376.6
1157380 2376.6
1157390 2380.7
1157400 2381.1
1157410 2381.1
1157420 2382.8
1157430 2386.7
1157440 2386.7
1157450 2392.3
1157460 2399.3
1157470 2399.3
1157480 2401.9
1157490 2403.2
1157500 2403.2
1157510 2406.7
1157520 2409.5
1157530 2409.5
1157540 2410.1
1157550 2409.6
1157560 2411.9
1157570 2411.9
1157580 2411.1
1157590 2411.0
1157600 2411.0
1157610 2409.8
1157620 2408.5
1157630 2408.5
1157640 2404.0
1157650 2401.3
1157660 2401.3
1157670 2397.1
1157680 2392.8
1157690 2392.8
1157700 2390.0
1157710 2388.6
1157720 2388.6
1157730 2383.7
1157740 2378.6
1157750 2378.6
1157760 2376.3
1157770 2377.6
1157780 2375.7
1157790 2375.7
1157800 2373.0
1157810 2367.4
1157820 2367.4
1157830 2364.8
1157840 2365.5
1157850 2365.5
1157860 2365.9
1157870 2366.4
1157880 2366.4
1157890 2367.7
1157900 2368.7
1157910 2368.7
1157920 2369.6
1157930 2369.7
1157940 2369.7
1157950 2375.8
1157960 2375.3
1157970 2375.3
1157980 2374.1
1157990 2373.6
1158000 2373.6
1158010 2374.4
1158020 2375.2
1158030 2376.3
1158040 2376.3
1158050 2377.6
1158060 2378.9
1158070 2378.9
1158080 2380.0
1158090 2381.0
1158100 2381.0
1158110 2382.3
1158120 2384.0
1158130 2384.0
1158140 2385.8
1158150 2387.2
1158160 2387.2
1158170 2388.9
1158180 2390.6
1158190 2390.6
1158200 2391.7
1158210 2392.5
1158220 2392.5
1158230 2392.8
1158240 2393.3
1158250 2393.3
1158260 2394.3
1158270 2395.6
1158280 2396.9
1158290 2396.9
1158300 2397.2
1158310 2397.6
1158320 2397.6
1158330 2398.6
1158340 2406.2
1158350 2406.2
1158360 2408.2
1158370 2409.4
1158380 2409.4
1158390 2410.3
1158400 2410.8
1158410 2410.8
1158420 2411.1
1158430 2411.8
1158440 2411.8
1158450 2412.4
1158460 2412.2
1158470 2412.2
1158480 2411.9
1158490 2414.2
1158500 2414.2
1158510 2418.2
1158520 2420.1
1158530 2422.6
1158540 2422.6
1158550 2426.5
1158560 2429.5
1158570 2429.5
1158580 2429.9
1158590 2430.8
1158600 2430.8
1158610 2433.3
1158620 2438.9
1158630 2438.9
1158640 2441.7
1158650 2442.8
1158660 2442.8
1158670 2443.9
1158680 2444.2
1158690 2444.2
1158700 2445.8
1158710 2448.3
1158720 2448.3
1158730 2465.2
1158740 2464.3
1158750 2464.3
1158760 2462.8
1158770 2464.5
1158780 2466.9
1158790 2466.9
1158800 2470.8
1158810 2476.3
1158820 2476.3
1158830 2478.6
1158840 2477.2
1158850 2477.2
1158860 2475.0
1158870 2473.5
1158880 2473.5
1158890 2475.5
1158900 2478.0
1158910 2478.0
1158920 2482.1
1158930 2487.1
1158940 2487.1
1158950 2494.6
1158960 2502.8
1158970 2502.8
1158980 2511.3
1158990 2520.3
1159000 2520.3
1159010 2527.7
1159020 2533.6
1159030 2538.9
1159040 2538.9
1159050 2544.4
1159060 2549.1
1159070 2549.1
1159080 2553.5
1159090 2557.4
1159100 2557.4
1159110 2561.1
1159120 2561.7
1159130 2561.7
1159140 2564.7
1159150 2567.7
1159160 2567.7
1159170 2571.1
1159180 2574.5
1159190 2574.5
1159200 2577.5
1159210 2578.0
1159220 2578.0
1159230 2583.2
1159240 2585.3
1159250 2585.3
1159260 2574.6
1159270 2575.9
1159280 2575.0
1159290 2575.0
1159300 2566.2
1159310 2555.5
1159320 2555.5
1159330 2549.0
1159340 2544.0
1159350 2544.0
1159360 2534.7
1159370 2525.6
1159380 2525.6
1159390 2522.3
1159400 2521.6
1159410 2521.6
1159420 2519.3
1159430 2506.9
1159440 2506.9
1159450 2492.1
1159460 2480.8
1159470 2480.8
1159480 2471.5
1159490 2460.0
1159500 2450.3
1159510 2444.8
1159520 2434.4
1159530 2429.7
1159540 2429.7
1159550 2423.1
1159560 2410.6
1159570 2410.6
1159580 2399.9
1159590 2386.6
1159600 2386.6
1159610 2370.7
1159620 2356.1
1159630 2356.1
1159640 2347.0
1159650 2341.6
1159660 2341.6
1159670 2338.4
1159680 2339.0
1159690 2339.0
1159700 2339.6
1159710 2334.9
1159720 2334.9
1159730 2329.6
1159740 2322.2
1159750 2316.5
1159760 2316.5
1159770 2313.5
1159780 2305.7
1159790 2305.7
1159800 2294.8
1159810 2284.2
1159820 2284.2
1159830 2273.6
1159840 2265.5
1159850 2265.5
1159860 2258.7
1159870 2254.4
1159880 2254.4
1159890 2250.5
1159900 2241.7
1159910 2241.7
1159920 2240.3
1159930 2238.2
1159940 2238.2
1159950 2234.4
1159960 2230.1
1159970 2230.1
1159980 2225.5
1159990 2220.6
