1140000 2426.7
1140010 2442.8
1140020 2442.8
1140030 2454.8
1140040 2465.6
1140050 2466.9
1140060 2466.9
1140070 2460.9
1140080 2454.4
1140090 2454.4
1140100 2446.8
1140110 2436.6
1140120 2436.6
1140130 2418.8
1140140 2402.4
1140150 2402.4
1140160 2392.8
1140170 2385.3
1140180 2385.3
1140190 2374.9
1140200 2367.9
1140210 2367.9
1140220 2360.6
1140230 2352.9
1140240 2352.9
1140250 2345.7
1140260 2341.0
1140270 2341.0
1140280 2336.1
1140290 2329.7
1140300 2323.1
1140310 2323.1
1140320 2316.8
1140330 2310.3
1140340 2310.3
1140350 2303.8
1140360 2297.5
1140370 2297.5
1140380 2291.3
1140390 2285.6
1140400 2285.6
1140410 2280.4
1140420 2275.3
1140430 2275.3
1140440 2270.1
1140450 2264.9
1140460 2264.9
1140470 2259.7
1140480 2254.5
1140490 2254.5
1140500 2249.0
1140510 2244.0
1140520 2244.0
1140530 2239.0
1140540 2234.0
1140550 2229.2
1140560 2225.8
1140570 2221.1
1140580 2216.3
1140590 2216.3
1140600 2211.3
1140610 2206.4
1140620 2206.4
1140630 2201.5
1140640 2197.2
1140650 2197.2
1140660 2193.6
1140670 2189.9
1140680 2189.9
1140690 2186.4
1140700 2182.9
1140710 2182.9
1140720 2179.4
1140730 2177.7
1140740 2177.7
1140750 2175.4
1140760 2173.0
1140770 2173.0
1140780 2170.6
1140790 2167.9
1140800 2165.3
1140810 2165.3
1140820 2162.6
1140830 2159.4
1140840 2159.4
1140850 2156.2
1140860 2152.3
1140870 2152.3
1140880 2148.4
1140890 2144.6
1140900 2144.6
1140910 2141.1
1140920 2137.0
1140930 2137.8
1140940 2134.5
1140950 2131.0
1140960 2131.0
1140970 2128.6
1140980 2126.8
1140990 2126.8
1141000 2125.3
1141010 2123.3
1141020 2123.3
1141030 2121.8
1141040 2119.0
1141050 2117.8
1141060 2117.8
1141070 2118.0
1141080 2116.6
1141090 2116.6
1141100 2114.1
1141110 2112.0
1141120 2112.0
1141130 2110.6
1141140 2107.8
1141150 2107.8
1141160 2104.6
1141170 2101.0
1141180 2101.0
1141190 2096.7
1141200 2089.6
1141210 2089.6
1141220 2082.0
1141230 2074.5
1141240 2074.5
1141250 2067.7
1141260 2061.0
1141270 2061.0
1141280 2054.2
1141290 2047.5
1141300 2039.9
1141310 2039.9
1141320 2032.8
1141330 2026.5
1141340 2026.5
1141350 2019.6
1141360 2013.0
1141370 2013.0
1141380 2006.4
1141390 1999.8
1141400 1999.8
1141410 1993.1
1141420 1986.7
1141430 1986.7
1141440 1980.4
1141450 1974.0
1141460 1974.0
1141470 1967.6
1141480 1961.4
1141490 1961.4
1141500 1955.5
1141510 1949.2
1141520 1949.2
1141530 1943.0
1141540 1937.0
1141550 1931.3
1141560 1931.3
1141570 1925.6
1141580 1919.5
1141590 1919.5
1141600 1914.6
1141610 1909.9
1141620 1909.9
1141630 1904.0
1141640 1896.7
1141650 1896.7
1141660 1889.7
1141670 1883.5
1141680 1883.5
1141690 1877.9
1141700 1872.3
1141710 1872.3
1141720 1867.0
1141730 1861.9
1141740 1861.9
1141750 1856.9
1141760 1851.3
1141770 1851.3
1141780 1845.5
1141790 1836.8
1141800 1822.0
1141810 1822.0
1141820 1808.5
1141830 1795.8
1141840 1795.8
1141850 1794.0
1141860 1791.2
1141870 1791.2
1141880 1784.5
1141890 1779.8
1141900 1779.8
1141910 1778.4
1141920 1777.6
1141930 1777.6
1141940 1779.1
1141950 1782.1
1141960 1782.1
1141970 1781.6
1141980 1777.6
1141990 1777.6
1142000 1776.9
1142010 1775.5
1142020 1775.5
1142030 1770.3
1142040 1762.0
1142050 1758.5
1142060 1758.5
1142070 1753.6
1142080 1747.7
1142090 1747.7
1142100 1743.0
1142110 1738.7
1142120 1738.7
1142130 1734.1
1142140 1730.3
1142150 1730.3
1142160 1728.0
1142170 1725.8
1142180 1725.8
1142190 1722.3
1142200 1716.9
1142210 1716.9
1142220 1710.2
1142230 1709.3
1142240 1709.3
1142250 1716.2
1142260 1720.7
1142270 1720.7
1142280 1721.2
1142290 1723.2
1142300 1726.0
1142310 1726.0
1142320 1727.6
1142330 1728.4
1142340 1728.4
1142350 1729.4
1142360 1729.6
1142370 1729.6
1142380 1729.4
1142390 1727.7
1142400 1727.7
1142410 1719.5
1142420 1715.3
1142430 1715.3
1142440 1711.4
1142450 1711.0
1142460 1711.0
1142470 1708.1
1142480 1704.4
1142490 1704.4
1142500 1700.3
1142510 1695.2
1142520 1695.2
1142530 1688.7
1142540 1681.4
1142550 1674.1
1142560 1674.1
1142570 1667.1
1142580 1661.0
1142590 1661.0
1142600 1654.4
1142610 1647.3
1142620 1647.3
1142630 1642.5
1142640 1633.9
1142650 1633.9
1142660 1626.5
1142670 1623.0
1142680 1623.0
1142690 1619.8
1142700 1615.8
1142710 1615.8
1142720 1611.2
1142730 1605.8
1142740 1605.8
1142750 1599.2
1142760 1591.7
1142770 1591.7
1142780 1583.2
1142790 1575.4
1142800 1568.3
1142810 1568.3
1142820 1563.7
1142830 1561.0
1142840 1561.0
1142850 1560.8
1142860 1557.9
1142870 1557.9
1142880 1551.1
1142890 1546.2
1142900 1546.2
1142910 1543.9
1142920 1541.1
1142930 1541.1
1142940 1534.8
1142950 1528.4
1142960 1528.4
1142970 1522.6
1142980 1518.3
1142990 1518.3
1143000 1517.3
1143010 1516.1
1143020 1516.1
1143030 1514.8
1143040 1514.1
1143050 1513.0
1143060 1513.0
1143070 1510.5
1143080 1509.1
1143090 1509.1
1143100 1508.3
1143110 1508.3
1143120 1508.3
1143130 1510.2
1143140 1512.0
1143150 1512.0
1143160 1514.7
1143170 1514.1
1143180 1514.1
1143190 1513.1
1143200 1512.1
1143210 1512.1
1143220 1511.3
1143230 1510.6
1143240 1510.6
1143250 1510.3
1143260 1510.0
1143270 1510.0
1143280 1509.8
1143290 1509.2
1143300 1508.7
1143310 1508.7
1143320 1508.5
1143330 1509.0
1143340 1509.0
1143350 1512.1
1143360 1517.6
1143370 1517.6
1143380 1524.1
1143390 1530.3
1143400 1530.3
1143410 1536.3
1143420 1542.0
1143430 1542.0
1143440 1547.4
1143450 1552.0
1143460 1552.0
1143470 1556.4
1143480 1561.2
1143490 1561.2
1143500 1566.2
1143510 1572.0
1143520 1572.0
1143530 1582.6
1143540 1589.8
1143550 1600.5
1143560 1600.5
1143570 1612.0
1143580 1620.6
1143590 1620.6
1143600 1620.7
1143610 1626.5
1143620 1626.5
1143630 1639.8
1143640 1653.6
1143650 1653.6
1143660 1663.1
1143670 1672.6
1143680 1672.6
1143690 1682.3
1143700 1703.8
1143710 1703.8
1143720 1727.8
1143730 1739.5
1143740 1739.5
1143750 1747.1
1143760 1752.8
1143770 1752.8
1143780 1756.5
1143790 1760.3
1143800 1764.0
1143810 1764.0
1143820 1767.8
1143830 1771.1
1143840 1771.1
1143850 1774.4
1143860 1777.8
1143870 1777.8
1143880 1781.2
1143890 1785.0
1143900 1788.8
1143910 1793.5
1143920 1798.9
1143930 1798.9
1143940 1804.9
1143950 1810.3
1143960 1810.3
1143970 1816.0
1143980 1821.6
1143990 1821.6
1144000 1827.9
1144010 1835.9
1144020 1835.9
1144030 1846.2
1144040 1854.6
1144050 1861.3
1144060 1861.3
1144070 1868.6
1144080 1876.1
1144090 1876.1
1144100 1884.4
1144110 1892.9
1144120 1892.9
1144130 1901.7
1144140 1905.2
1144150 1905.2
1144160 1907.8
1144170 1910.9
1144180 1910.9
1144190 1914.3
1144200 1917.6
1144210 1917.6
1144220 1920.3
1144230 1924.0
1144240 1924.0
1144250 1930.6
1144260 1934.7
1144270 1944.3
1144280 1949.4
1144290 1955.4
1144300 1960.2
1144310 1960.2
1144320 1964.3
1144330 1969.2
1144340 1969.2
1144350 1973.9
1144360 1977.0
1144370 1977.0
1144380 1979.7
1144390 1980.1
1144400 1980.1
1144410 1979.0
1144420 1978.9
1144430 1978.9
1144440 1983.4
1144450 1987.8
1144460 1987.8
1144470 1988.9
1144480 1991.5
1144490 1991.5
1144500 1993.9
1144510 1995.4
1144520 1995.4
1144530 1997.2
1144540 1999.2
1144550 1999.8
1144560 1999.8
1144570 1999.7
1144580 1998.0
1144590 1998.0
1144600 1995.7
1144610 1993.5
1144620 1993.5
1144630 1993.9
1144640 1985.7
1144650 1990.0
1144660 1985.8
1144670 1988.9
1144680 1988.9
1144690 1991.4
1144700 1991.7
1144710 1991.7
1144720 1993.0
1144730 1996.3
1144740 1996.3
1144750 2000.1
1144760 2002.4
1144770 2002.4
1144780 2002.9
1144790 2002.2
1144800 2001.8
1144810 2001.8
1144820 2003.2
1144830 2006.6
1144840 2006.6
1144850 2012.9
1144860 2019.5
1144870 2019.5
1144880 2032.6
1144890 2042.8
1144900 2042.8
1144910 2041.0
1144920 2040.0
1144930 2040.0
1144940 2039.3
1144950 2045.1
1144960 2045.1
1144970 2049.1
1144980 2040.7
1144990 2040.7
1145000 2025.4
1145010 2009.5
1145020 2038.8
1145030 2039.9
1145040 2038.6
1145050 2037.8
1145060 2037.8
1145070 2035.0
1145080 2046.8
1145090 2046.8
1145100 2042.4
1145110 2030.8
1145120 2030.8
1145130 2029.6
1145140 2036.2
1145150 2036.2
1145160 2042.8
1145170 2048.3
1145180 2048.3
1145190 2050.4
1145200 2054.0
1145210 2054.0
1145220 2065.4
1145230 2079.2
1145240 2079.2
1145250 2090.6
1145260 2098.8
1145270 2098.8
1145280 2105.1
1145290 2107.4
1145300 2112.4
1145310 2112.4
1145320 2115.2
1145330 2116.3
1145340 2116.3
1145350 2114.9
1145360 2111.5
1145370 2111.5
1145380 2114.2
1145390 2112.9
1145400 2121.1
1145410 2120.7
1145420 2117.9
1145430 2117.9
1145440 2111.5
1145450 2105.8
1145460 2105.8
1145470 2089.3
1145480 2089.9
1145490 2089.9
1145500 2093.7
1145510 2098.7
1145520 2098.7
1145530 2105.6
1145540 2113.8
1145550 2121.8
1145560 2121.8
1145570 2131.8
1145580 2138.5
1145590 2138.5
1145600 2143.1
1145610 2143.0
1145620 2143.0
1145630 2137.5
1145640 2132.3
1145650 2132.3
1145660 2126.8
1145670 2120.6
1145680 2120.6
1145690 2116.6
1145700 2117.7
1145710 2117.7
1145720 2117.9
1145730 2117.0
1145740 2117.0
1145750 2116.3
1145760 2118.3
1145770 2123.6
1145780 2127.0
1145790 2125.4
1145800 2124.6
1145810 2124.6
1145820 2124.5
1145830 2125.5
1145840 2125.5
1145850 2128.3
1145860 2129.8
1145870 2129.8
1145880 2128.6
1145890 2127.2
1145900 2127.2
1145910 2125.5
1145920 2126.8
1145930 2126.8
1145940 2128.5
1145950 2129.0
1145960 2129.0
1145970 2129.6
1145980 2129.0
1145990 2129.0
1146000 2129.1
1146010 2128.5
1146020 2128.7
1146030 2128.7
1146040 2130.1
1146050 2131.9
1146060 2131.9
1146070 2131.8
1146080 2133.0
1146090 2133.0
1146100 2131.4
1146110 2130.2
1146120 2130.2
1146130 2130.9
1146140 2131.3
1146150 2138.7
1146160 2144.1
1146170 2150.4
1146180 2150.4
1146190 2154.0
1146200 2155.4
1146210 2155.4
1146220 2156.7
1146230 2157.3
1146240 2157.3
1146250 2159.0
1146260 2161.6
1146270 2166.1
1146280 2166.1
1146290 2171.7
1146300 2176.6
1146310 2176.6
1146320 2181.8
1146330 2186.4
1146340 2186.4
1146350 2191.2
1146360 2195.9
1146370 2195.9
1146380 2200.0
1146390 2202.2
1146400 2202.2
1146410 2200.7
1146420 2199.1
1146430 2199.1
1146440 2198.3
1146450 2199.9
1146460 2199.9
1146470 2201.5
1146480 2206.0
1146490 2206.0
1146500 2210.7
1146510 2212.1
1146520 2216.9
1146530 2216.9
1146540 2216.7
1146550 2216.4
1146560 2216.4
1146570 2217.0
1146580 2218.0
1146590 2218.0
1146600 2218.8
1146610 2219.9
1146620 2219.9
1146630 2221.1
1146640 2221.6
1146650 2221.6
1146660 2221.6
1146670 2221.9
1146680 2221.9
1146690 2223.1
1146700 2224.2
1146710 2224.2
1146720 2226.0
1146730 2229.0
1146740 2229.0
1146750 2231.6
1146760 2232.9
1146770 2237.3
1146780 2237.3
1146790 2242.1
1146800 2248.2
1146810 2248.2
1146820 2264.0
1146830 2280.2
1146840 2280.2
1146850 2294.9
1146860 2307.7
1146870 2307.7
1146880 2321.7
1146890 2333.2
1146900 2333.8
1146910 2343.1
1146920 2352.9
1146930 2352.9
1146940 2360.7
1146950 2363.6
1146960 2363.6
1146970 2362.3
1146980 2358.8
1146990 2358.8
1147000 2352.2
1147010 2337.1
1147020 2323.7
1147030 2323.7
1147040 2308.7
1147050 2304.6
1147060 2304.6
1147070 2304.6
1147080 2303.5
1147090 2303.5
1147100 2302.6
1147110 2303.1
1147120 2303.1
1147130 2303.3
1147140 2302.9
1147150 2302.9
1147160 2301.8
1147170 2299.5
1147180 2299.5
1147190 2297.5
1147200 2296.0
1147210 2296.0
1147220 2295.7
1147230 2296.0
1147240 2296.0
1147250 2297.6
1147260 2299.5
1147270 2308.7
1147280 2308.7
1147290 2311.9
1147300 2315.5
1147310 2315.5
1147320 2320.9
1147330 2325.3
1147340 2325.3
1147350 2331.2
1147360 2336.5
1147370 2336.5
1147380 2340.9
1147390 2346.0
1147400 2346.0
1147410 2350.8
1147420 2354.2
1147430 2354.2
1147440 2356.2
1147450 2356.7
1147460 2356.7
1147470 2357.0
1147480 2357.1
1147490 2357.1
1147500 2355.6
1147510 2351.2
1147520 2341.4
1147530 2341.4
1147540 2334.1
1147550 2329.2
1147560 2329.2
1147570 2324.3
1147580 2316.8
1147590 2316.8
1147600 2310.2
1147610 2306.4
1147620 2306.4
1147630 2300.8
1147640 2296.6
1147650 2291.2
1147660 2287.7
1147670 2284.5
1147680 2284.5
1147690 2280.2
1147700 2275.8
1147710 2275.8
1147720 2272.2
1147730 2267.2
1147740 2267.2
1147750 2262.5
1147760 2258.5
1147770 2254.3
1147780 2254.3
1147790 2251.3
1147800 2248.6
1147810 2248.6
1147820 2245.4
1147830 2241.9
1147840 2241.9
1147850 2238.4
1147860 2235.4
1147870 2235.4
1147880 2232.6
1147890 2230.1
1147900 2230.1
1147910 2227.8
1147920 2225.8
1147930 2225.8
1147940 2223.9
1147950 2220.2
1147960 2220.2
1147970 2217.2
1147980 2214.3
1147990 2214.3
1148000 2211.6
1148010 2209.3
1148020 2208.0
1148030 2207.0
1148040 2206.8
1148050 2206.7
1148060 2206.7
1148070 2206.7
1148080 2207.2
1148090 2207.2
1148100 2208.9
1148110 2205.6
1148120 2205.6
1148130 2198.4
1148140 2191.5
1148150 2191.5
1148160 2186.4
1148170 2182.7
1148180 2182.7
1148190 2179.1
1148200 2175.9
1148210 2175.9
1148220 2172.4
1148230 2168.9
1148240 2168.9
1148250 2166.3
1148260 2163.6
1148270 2160.1
1148280 2160.1
1148290 2153.1
1148300 2129.0
1148310 2129.0
1148320 2109.1
1148330 2100.8
1148340 2100.8
1148350 2093.7
1148360 2088.7
1148370 2088.7
1148380 2082.7
1148390 2071.4
1148400 2071.4
1148410 2051.2
1148420 2042.2
1148430 2042.2
1148440 2032.6
1148450 2022.0
1148460 2022.0
1148470 2014.6
1148480 2008.2
1148490 2008.2
1148500 2000.1
1148510 1992.9
1148520 1985.2
1148530 1985.2
1148540 1975.6
1148550 1966.8
1148560 1966.8
1148570 1953.9
1148580 1944.2
1148590 1944.2
1148600 1935.0
1148610 1928.4
1148620 1928.4
1148630 1919.7
1148640 1906.3
1148650 1906.3
1148660 1897.1
1148670 1890.3
1148680 1890.3
1148690 1880.6
1148700 1872.3
1148710 1872.3
1148720 1862.2
1148730 1847.0
1148740 1847.0
1148750 1837.3
1148760 1831.0
1148770 1826.3
1148780 1836.0
1148790 1832.8
1148800 1812.5
1148810 1812.5
1148820 1795.5
1148830 1787.5
1148840 1787.5
1148850 1780.8
1148860 1774.6
1148870 1774.6
1148880 1769.5
1148890 1764.4
1148900 1764.4
1148910 1757.8
1148920 1751.6
1148930 1751.6
1148940 1745.7
1148950 1740.3
1148960 1740.3
1148970 1734.5
1148980 1728.0
1148990 1728.0
1149000 1722.7
1149010 1718.2
1149020 1713.7
1149030 1713.7
1149040 1709.5
1149050 1706.1
1149060 1706.1
1149070 1702.7
1149080 1699.0
1149090 1699.0
1149100 1696.0
1149110 1693.1
1149120 1693.1
1149130 1690.2
1149140 1687.1
1149150 1687.1
1149160 1684.5
1149170 1682.3
1149180 1682.3
1149190 1680.7
1149200 1680.0
1149210 1680.0
1149220 1679.6
1149230 1679.0
1149240 1679.0
1149250 1679.1
1149260 1679.2
1149270 1679.1
1149280 1679.1
1149290 1679.2
1149300 1680.8
1149310 1680.8
1149320 1682.4
1149330 1684.5
1149340 1684.5
1149350 1686.7
1149360 1688.7
1149370 1688.7
1149380 1690.2
1149390 1691.7
1149400 1691.7
1149410 1693.4
1149420 1695.0
1149430 1695.0
1149440 1696.8
1149450 1698.9
1149460 1698.9
1149470 1700.6
1149480 1702.7
1149490 1702.7
1149500 1707.2
1149510 1713.1
1149520 1718.1
1149530 1718.1
1149540 1718.7
1149550 1722.8
1149560 1722.8
1149570 1728.8
1149580 1735.6
1149590 1735.6
1149600 1742.2
1149610 1748.4
1149620 1748.4
1149630 1754.3
1149640 1760.3
1149650 1760.3
1149660 1766.8
1149670 1773.9
1149680 1773.9
1149690 1781.2
1149700 1788.7
1149710 1788.7
1149720 1794.8
1149730 1800.4
1149740 1800.4
1149750 1805.1
1149760 1809.7
1149770 1814.4
1149780 1814.4
1149790 1819.2
1149800 1823.7
1149810 1823.7
1149820 1828.0
1149830 1832.8
1149840 1832.8
1149850 1837.9
1149860 1842.9
1149870 1842.9
1149880 1848.2
1149890 1853.4
1149900 1853.4
1149910 1859.1
1149920 1863.3
1149930 1863.3
1149940 1868.7
1149950 1873.8
1149960 1873.8
1149970 1877.7
1149980 1880.9
1149990 1880.9
1150000 1885.1
1150010 1889.2
1150020 1892.5
1150030 1892.5
1150040 1896.4
1150050 1899.9
1150060 1899.9
1150070 1902.6
1150080 1905.4
1150090 1905.4
1150100 1908.8
1150110 1912.5
1150120 1912.5
1150130 1916.0
1150140 1919.3
1150150 1919.3
1150160 1923.0
1150170 1927.0
1150180 1927.0
1150190 1931.5
1150200 1936.2
1150210 1936.2
1150220 1940.9
1150230 1945.7
1150240 1945.7
1150250 1950.8
1150260 1955.8
1150270 1960.4
1150280 1960.4
1150290 1965.9
1150300 1968.8
1150310 1968.8
1150320 1972.8
1150330 1978.0
1150340 1978.0
1150350 1985.4
1150360 1992.3
1150370 1992.3
1150380 1996.9
1150390 2001.7
1150400 2001.7
1150410 2006.4
1150420 2010.7
1150430 2010.7
1150440 2014.0
1150450 2017.3
1150460 2017.3
1150470 2022.1
1150480 2026.8
1150490 2026.8
1150500 2030.7
1150510 2034.0
1150520 2037.5
1150530 2037.5
1150540 2040.0
1150550 2042.0
1150560 2042.0
1150570 2044.4
1150580 2046.7
1150590 2046.7
1150600 2049.1
1150610 2051.4
1150620 2051.4
1150630 2054.2
1150640 2057.4
1150650 2057.4
1150660 2060.5
1150670 2063.8
1150680 2060.6
1150690 2063.9
1150700 2066.7
1150710 2066.7
1150720 2069.5
1150730 2072.7
1150740 2072.7
1150750 2075.6
1150760 2078.4
1150770 2081.7
1150780 2081.7
1150790 2085.5
1150800 2088.8
1150810 2088.8
1150820 2092.3
1150830 2096.0
1150840 2096.0
1150850 2100.8
1150860 2105.7
1150870 2105.7
1150880 2108.9
1150890 2112.0
1150900 2112.0
1150910 2114.9
1150920 2117.4
1150930 2117.4
1150940 2122.6
1150950 2129.9
1150960 2129.9
1150970 2135.8
1150980 2141.7
1150990 2141.7
1151000 2146.5
1151010 2151.4
1151020 2155.4
1151030 2155.4
1151040 2157.9
1151050 2159.5
1151060 2156.5
1151070 2159.3
1151080 2163.5
1151090 2163.5
1151100 2167.0
1151110 2171.0
1151120 2171.0
1151130 2172.9
1151140 2175.4
1151150 2175.4
1151160 2176.7
1151170 2177.7
1151180 2177.7
1151190 2178.4
1151200 2179.3
1151210 2179.3
1151220 2180.0
1151230 2180.4
1151240 2180.4
1151250 2180.7
1151260 2180.7
1151270 2181.9
1151280 2181.9
1151290 2183.7
1151300 2185.2
1151310 2185.2
1151320 2186.6
1151330 2188.0
1151340 2188.0
1151350 2189.1
1151360 2189.4
1151370 2189.4
1151380 2189.5
1151390 2188.7
1151400 2188.7
1151410 2187.5
1151420 2186.5
1151430 2186.5
1151440 2184.6
1151450 2173.4
1151460 2173.4
1151470 2171.0
1151480 2170.0
1151490 2170.0
1151500 2168.2
1151510 2164.8
1151520 2162.1
1151530 2162.1
1151540 2160.6
1151550 2161.0
1151560 2161.0
1151570 2163.4
1151580 2165.5
1151590 2165.5
1151600 2164.6
1151610 2165.0
1151620 2165.0
1151630 2163.3
1151640 2159.4
1151650 2159.4
1151660 2156.0
1151670 2152.5
1151680 2152.5
1151690 2150.6
1151700 2147.3
1151710 2147.3
1151720 2143.6
1151730 2140.8
1151740 2138.2
1151750 2138.2
1151760 2136.2
1151770 2134.1
1151780 2134.1
1151790 2132.8
1151800 2134.2
1151810 2134.2
1151820 2136.7
1151830 2126.1
1151840 2126.1
1151850 2128.0
1151860 2128.3
1151870 2128.3
1151880 2126.8
1151890 2124.5
1151900 2124.5
1151910 2122.4
1151920 2120.6
1151930 2120.6
1151940 2113.5
1151950 2106.1
1151960 2106.1
1151970 2101.6
1151980 2098.7
1151990 2096.4
1152000 2096.4
1152010 2098.9
1152020 2099.9
1152030 2099.9
1152040 2095.6
1152050 2091.3
1152060 2091.3
1152070 2088.4
1152080 2085.4
1152090 2085.4
1152100 2079.9
1152110 2074.8
1152120 2074.8
1152130 2071.0
1152140 2067.6
1152150 2067.6
1152160 2063.8
1152170 2059.8
1152180 2059.8
1152190 2057.1
1152200 2055.3
1152210 2052.0
1152220 2050.1
1152230 2048.3
1152240 2047.9
1152250 2047.9
1152260 2047.4
1152270 2046.4
1152280 2046.4
1152290 2045.7
1152300 2045.5
1152310 2045.5
1152320 2046.1
1152330 2044.3
1152340 2044.3
1152350 2036.9
1152360 2031.8
1152370 2031.8
1152380 2033.4
1152390 2037.0
1152400 2037.0
1152410 2042.0
1152420 2046.1
1152430 2046.1
1152440 2048.6
1152450 2052.6
1152460 2052.6
1152470 2054.1
1152480 2055.2
1152490 2057.9
1152500 2057.9
1152510 2061.3
1152520 2065.1
1152530 2065.1
1152540 2068.4
1152550 2071.9
1152560 2071.9
1152570 2075.4
1152580 2078.8
1152590 2074.7
1152600 2077.2
1152610 2080.2
1152620 2080.2
1152630 2083.7
1152640 2087.5
1152650 2087.5
1152660 2091.3
1152670 2095.2
1152680 2095.2
1152690 2098.9
1152700 2105.3
1152710 2105.3
1152720 2111.3
1152730 2117.8
1152740 2125.5
1152750 2125.5
1152760 2132.6
1152770 2138.0
1152780 2138.0
1152790 2141.7
1152800 2144.4
1152810 2144.4
1152820 2148.6
1152830 2154.7
1152840 2154.7
1152850 2161.7
1152860 2169.7
1152870 2169.7
1152880 2180.0
1152890 2196.4
1152900 2196.4
1152910 2207.5
1152920 2213.7
1152930 2213.7
1152940 2217.2
1152950 2220.0
1152960 2220.0
1152970 2225.2
1152980 2235.2
1152990 2243.4
1153000 2243.4
1153010 2250.5
1153020 2258.3
1153030 2258.3
1153040 2264.8
1153050 2270.8
1153060 2270.8
1153070 2277.1
1153080 2283.6
1153090 2283.6
1153100 2287.8
1153110 2291.0
1153120 2291.0
1153130 2293.7
1153140 2296.3
1153150 2296.3
1153160 2299.0
1153170 2301.3
1153180 2301.3
1153190 2303.0
1153200 2304.0
1153210 2304.0
1153220 2305.9
1153230 2310.7
1153240 2316.2
1153250 2316.2
1153260 2321.8
1153270 2326.8
1153280 2326.8
1153290 2332.3
1153300 2336.5
1153310 2336.5
1153320 2339.8
1153330 2342.7
1153340 2342.7
1153350 2343.5
1153360 2345.4
1153370 2345.4
1153380 2349.3
1153390 2353.2
1153400 2353.2
1153410 2356.9
1153420 2360.9
1153430 2360.9
1153440 2365.5
1153450 2370.4
1153460 2370.4
1153470 2375.5
1153480 2380.2
1153490 2384.7
1153500 2384.7
1153510 2388.9
1153520 2393.0
1153530 2393.0
1153540 2397.3
1153550 2401.0
1153560 2401.0
1153570 2402.8
1153580 2401.2
1153590 2401.2
1153600 2399.5
1153610 2400.9
1153620 2400.9
1153630 2402.4
1153640 2402.1
1153650 2402.1
1153660 2401.6
1153670 2401.7
1153680 2401.7
1153690 2403.3
1153700 2405.2
1153710 2405.2
1153720 2406.9
1153730 2407.7
1153740 2412.9
1153750 2412.9
1153760 2413.4
1153770 2414.0
1153780 2414.0
1153790 2414.3
1153800 2413.7
1153810 2413.7
1153820 2416.1
1153830 2422.6
1153840 2422.6
1153850 2427.7
1153860 2433.5
1153870 2433.5
1153880 2440.2
1153890 2446.9
1153900 2446.9
1153910 2450.4
1153920 2453.1
1153930 2453.1
1153940 2455.4
1153950 2457.5
1153960 2457.5
1153970 2459.1
1153980 2459.3
1153990 2458.5
1154000 2458.5
1154010 2458.5
1154020 2457.1
1154030 2457.1
1154040 2456.2
1154050 2457.7
1154060 2457.7
1154070 2459.8
1154080 2462.0
1154090 2462.0
1154100 2465.5
1154110 2469.2
1154120 2469.2
1154130 2470.6
1154140 2475.1
1154150 2475.1
1154160 2480.4
1154170 2485.0
1154180 2485.0
1154190 2488.7
1154200 2493.6
1154210 2493.6
1154220 2499.1
1154230 2504.8
1154240 2510.8
1154250 2510.8
1154260 2517.2
1154270 2523.8
1154280 2523.8
1154290 2530.4
1154300 2537.0
1154310 2537.0
1154320 2543.8
1154330 2550.7
1154340 2550.7
1154350 2557.8
1154360 2565.0
1154370 2565.0
1154380 2572.3
1154390 2579.7
1154400 2579.7
1154410 2587.3
1154420 2594.8
1154430 2594.8
1154440 2602.6
1154450 2611.8
1154460 2611.8
1154470 2620.2
1154480 2620.6
1154490 2603.0
1154500 2603.0
1154510 2581.9
1154520 2557.7
1154530 2557.7
1154540 2543.8
1154550 2534.5
1154560 2534.5
1154570 2527.4
1154580 2519.4
1154590 2519.4
1154600 2510.5
1154610 2503.8
1154620 2503.8
1154630 2497.6
1154640 2491.7
1154650 2491.7
1154660 2485.9
1154670 2481.1
1154680 2481.1
1154690 2476.4
1154700 2471.2
1154710 2471.2
1154720 2465.8
1154730 2461.0
1154740 2457.2
1154750 2457.2
1154760 2453.0
1154770 2449.3
1154780 2449.3
1154790 2446.2
1154800 2443.4
1154810 2443.4
1154820 2441.2
1154830 2439.7
1154840 2439.7
1154850 2438.0
1154860 2432.5
1154870 2432.5
1154880 2425.6
1154890 2421.1
1154900 2423.5
1154910 2420.8
1154920 2418.6
1154930 2418.6
1154940 2416.4
1154950 2414.3
1154960 2414.3
1154970 2411.8
1154980 2413.9
1154990 2411.3
1155000 2411.3
1155010 2404.2
1155020 2396.7
1155030 2396.7
1155040 2389.5
1155050 2382.2
1155060 2382.2
1155070 2374.7
1155080 2367.0
1155090 2367.0
1155100 2359.4
1155110 2352.2
1155120 2352.2
1155130 2344.9
1155140 2337.6
1155150 2337.6
1155160 2331.0
1155170 2323.4
1155180 2323.4
1155190 2315.3
1155200 2305.0
1155210 2305.0
1155220 2295.5
1155230 2287.6
1155240 2280.5
1155250 2280.5
1155260 2273.7
1155270 2267.1
1155280 2267.6
1155290 2261.6
1155300 2255.9
1155310 2255.9
1155320 2250.3
1155330 2245.1
1155340 2245.1
1155350 2240.0
1155360 2235.3
1155370 2235.3
1155380 2230.7
1155390 2226.4
1155400 2226.4
1155410 2222.6
1155420 2219.1
1155430 2219.1
1155440 2216.6
1155450 2214.2
1155460 2214.2
1155470 2210.8
1155480 2207.9
1155490 2207.3
1155500 2207.3
1155510 2208.3
1155520 2207.7
1155530 2207.7
1155540 2207.0
1155550 2207.8
1155560 2207.8
1155570 2209.7
1155580 2211.9
1155590 2211.9
1155600 2214.7
1155610 2217.4
1155620 2217.4
1155630 2219.5
1155640 2220.6
1155650 2220.6
1155660 2220.6
1155670 2215.0
1155680 2215.0
1155690 2210.4
1155700 2204.4
1155710 2204.4
1155720 2200.6
1155730 2198.0
1155740 2195.9
1155750 2195.9
1155760 2194.4
1155770 2193.2
1155780 2193.2
1155790 2191.8
1155800 2189.3
1155810 2189.3
1155820 2186.2
1155830 2178.6
1155840 2178.6
1155850 2170.8
1155860 2166.3
1155870 2166.3
1155880 2162.0
1155890 2155.1
1155900 2155.1
1155910 2148.8
1155920 2143.8
1155930 2143.8
1155940 2139.1
1155950 2135.4
1155960 2135.4
1155970 2132.3
1155980 2128.9
1155990 2124.7
1156000 2124.7
1156010 2121.0
1156020 2117.2
1156030 2117.2
1156040 2114.5
1156050 2113.4
1156060 2109.1
1156070 2107.3
1156080 2105.5
1156090 2105.5
1156100 2103.0
1156110 2101.4
1156120 2101.4
1156130 2098.1
1156140 2096.7
1156150 2096.7
1156160 2096.6
1156170 2095.5
1156180 2095.5
1156190 2097.7
1156200 2096.9
1156210 2096.9
1156220 2094.8
1156230 2093.2
1156240 2093.5
1156250 2093.5
1156260 2094.4
1156270 2094.6
1156280 2094.6
1156290 2094.9
1156300 2095.3
1156310 2095.3
1156320 2094.8
1156330 2094.6
1156340 2094.6
1156350 2094.1
1156360 2093.6
1156370 2093.6
1156380 2093.1
1156390 2093.2
1156400 2093.2
1156410 2093.6
1156420 2094.8
1156430 2094.8
1156440 2090.9
1156450 2091.5
1156460 2091.5
1156470 2092.1
1156480 2093.1
1156490 2093.7
1156500 2093.7
1156510 2093.8
1156520 2094.4
1156530 2094.4
1156540 2094.7
1156550 2094.9
1156560 2094.9
1156570 2095.0
1156580 2095.1
1156590 2095.1
1156600 2094.6
1156610 2092.4
1156620 2092.4
1156630 2088.9
1156640 2082.8
1156650 2082.8
1156660 2076.5
1156670 2071.3
1156680 2071.3
1156690 2067.3
1156700 2065.1
1156710 2062.6
1156720 2062.6
1156730 2059.6
1156740 2055.8
1156750 2055.8
1156760 2051.7
1156770 2047.5
1156780 2047.5
1156790 2043.9
1156800 2041.8
1156810 2041.8
1156820 2040.6
1156830 2034.6
1156840 2034.6
1156850 2032.6
1156860 2029.9
1156870 2029.9
1156880 2027.1
1156890 2024.4
1156900 2024.4
1156910 2021.9
1156920 2019.0
1156930 2019.0
1156940 2016.1
1156950 2012.5
1156960 2008.8
1156970 2008.8
1156980 2004.6
1156990 2000.6
1157000 2000.6
1157010 1996.7
1157020 1992.6
1157030 1992.6
1157040 1989.6
1157050 1986.6
1157060 1986.6
1157070 1984.3
1157080 1982.9
1157090 1982.9
1157100 1981.4
1157110 1978.1
1157120 1978.1
1157130 1975.0
1157140 1973.1
1157150 1973.1
1157160 1972.4
1157170 1971.8
1157180 1971.8
1157190 1970.4
1157200 1970.3
1157210 1970.2
1157220 1975.1
1157230 1974.0
1157240 1972.5
1157250 1972.5
1157260 1971.8
1157270 1970.6
1157280 1970.6
1157290 1969.5
1157300 1967.6
1157310 1967.6
1157320 1965.2
1157330 1960.5
1157340 1960.5
1157350 1956.9
1157360 1956.4
1157370 1956.4
1157380 1958.7
1157390 1959.7
1157400 1959.7
1157410 1960.4
1157420 1960.9
1157430 1960.9
1157440 1960.7
1157450 1960.8
1157460 1960.6
1157470 1960.6
1157480 1960.0
1157490 1957.8
1157500 1957.8
1157510 1955.8
1157520 1954.5
1157530 1954.5
1157540 1953.8
1157550 1954.5
1157560 1954.5
1157570 1957.5
1157580 1958.3
1157590 1958.3
1157600 1956.8
1157610 1962.1
1157620 1962.1
1157630 1962.0
1157640 1962.3
1157650 1962.3
1157660 1964.6
1157670 1966.0
1157680 1966.0
1157690 1965.2
1157700 1963.8
1157710 1959.2
1157720 1959.2
1157730 1954.3
1157740 1952.8
1157750 1952.8
1157760 1952.5
1157770 1949.1
1157780 1949.1
1157790 1945.8
1157800 1946.9
1157810 1946.9
1157820 1952.8
1157830 1953.0
1157840 1953.0
1157850 1951.6
1157860 1948.6
1157870 1948.6
1157880 1945.6
1157890 1943.3
1157900 1943.3
1157910 1942.9
1157920 1942.3
1157930 1942.3
1157940 1941.3
1157950 1941.4
1157960 1943.5
1157970 1943.5
1157980 1945.4
1157990 1945.7
1158000 1951.4
1158010 1953.1
1158020 1957.0
1158030 1957.0
1158040 1961.7
1158050 1966.5
1158060 1966.5
1158070 1971.9
1158080 1977.1
1158090 1977.1
1158100 1978.4
1158110 1982.0
1158120 1982.0
1158130 1984.9
1158140 1987.2
1158150 1987.2
1158160 1986.5
1158170 1982.3
1158180 1982.3
1158190 1982.8
1158200 1988.7
1158210 1993.9
1158220 1993.9
1158230 1993.8
1158240 1998.5
1158250 1998.5
1158260 2007.2
1158270 2013.7
1158280 2013.7
1158290 2017.5
1158300 2017.5
1158310 2017.5
1158320 2014.4
1158330 2016.2
1158340 2016.2
1158350 2025.7
1158360 2028.7
1158370 2028.7
1158380 2023.1
1158390 2026.9
1158400 2026.9
1158410 2027.7
1158420 2038.7
1158430 2038.7
1158440 2060.6
1158450 2076.9
1158460 2090.3
1158470 2090.3
1158480 2099.5
1158490 2105.2
1158500 2105.2
1158510 2108.8
1158520 2112.4
1158530 2112.4
1158540 2117.6
1158550 2122.7
1158560 2122.7
1158570 2127.7
1158580 2131.8
1158590 2131.8
1158600 2136.0
1158610 2140.4
1158620 2140.4
1158630 2145.5
1158640 2151.0
1158650 2151.0
1158660 2157.2
1158670 2163.5
1158680 2163.5
1158690 2170.5
1158700 2177.6
1158710 2184.7
1158720 2184.7
1158730 2191.3
1158740 2198.4
1158750 2198.4
1158760 2205.5
1158770 2212.5
1158780 2210.5
1158790 2217.5
1158800 2224.4
1158810 2224.4
1158820 2231.6
1158830 2238.8
1158840 2238.8
1158850 2246.8
1158860 2256.6
1158870 2256.6
1158880 2265.8
1158890 2273.5
1158900 2273.5
1158910 2279.8
1158920 2285.6
1158930 2285.6
1158940 2291.4
1158950 2296.9
1158960 2302.0
1158970 2302.0
1158980 2307.1
1158990 2311.9
1159000 2311.9
1159010 2316.6
1159020 2321.8
1159030 2321.8
1159040 2327.5
1159050 2333.6
1159060 2333.6
1159070 2340.0
1159080 2346.1
1159090 2346.1
1159100 2351.5
1159110 2356.4
1159120 2356.4
1159130 2361.1
1159140 2366.0
1159150 2366.0
1159160 2371.7
1159170 2372.3
1159180 2372.3
1159190 2376.4
1159200 2380.9
1159210 2386.5
1159220 2386.5
1159230 2393.5
1159240 2396.0
1159250 2396.0
1159260 2396.5
1159270 2401.1
1159280 2401.1
1159290 2405.6
1159300 2410.0
1159310 2410.0
1159320 2415.0
1159330 2420.9
1159340 2420.9
1159350 2426.8
1159360 2431.6
1159370 2431.6
1159380 2435.8
1159390 2441.1
1159400 2441.1
1159410 2446.9
1159420 2452.3
1159430 2452.3
1159440 2458.0
1159450 2464.0
1159460 2470.2
1159470 2470.2
1159480 2476.0
1159490 2481.7
1159500 2481.7
1159510 2487.1
1159520 2492.7
1159530 2492.7
1159540 2498.1
1159550 2503.1
1159560 2499.7
1159570 2506.9
1159580 2513.7
1159590 2513.7
1159600 2521.5
1159610 2534.0
1159620 2534.0
1159630 2547.5
1159640 2568.0
1159650 2568.0
1159660 2605.8
1159670 2623.9
1159680 2623.9
1159690 2639.5
1159700 2654.8
1159710 2663.0
1159720 2663.0
1159730 2668.2
1159740 2669.7
1159750 2669.7
1159760 2666.7
1159770 2668.7
1159780 2668.7
1159790 2675.5
1159800 2685.5
1159810 2685.5
1159820 2693.5
1159830 2700.2
1159840 2700.2
1159850 2707.3
1159860 2714.6
1159870 2714.6
1159880 2722.1
1159890 2729.7
1159900 2729.7
1159910 2737.2
1159920 2741.5
1159930 2741.5
1159940 2743.8
1159950 2754.6
1159960 2758.3
1159970 2758.3
1159980 2758.9
1159990 2760.4
