1140000 2548.4
1140010 2555.6
1140020 2558.2
1140030 2552.0
1140040 2552.0
1140050 2543.7
1140060 2546.9
1140070 2546.9
1140080 2541.6
1140090 2534.8
1140100 2534.8
1140110 2528.4
1140120 2521.4
1140130 2521.4
1140140 2517.8
1140150 2515.7
1140160 2515.7
1140170 2503.6
1140180 2487.1
1140190 2487.1
1140200 2473.3
1140210 2462.1
1140220 2462.1
1140230 2450.1
1140240 2440.1
1140250 2440.1
1140260 2433.6
1140270 2426.0
1140280 2400.8
1140290 2400.8
1140300 2383.2
1140310 2374.1
1140320 2374.1
1140330 2365.0
1140340 2357.4
1140350 2357.4
1140360 2349.6
1140370 2340.7
1140380 2340.7
1140390 2336.4
1140400 2332.1
1140410 2332.1
1140420 2326.6
1140430 2325.2
1140440 2325.2
1140450 2319.3
1140460 2314.0
1140470 2314.0
1140480 2309.1
1140490 2303.7
1140500 2303.7
1140510 2298.0
1140520 2291.9
1140530 2285.5
1140540 2285.5
1140550 2279.2
1140560 2272.9
1140570 2272.9
1140580 2266.3
1140590 2259.8
1140600 2259.8
1140610 2253.2
1140620 2246.3
1140630 2246.3
1140640 2240.6
1140650 2236.3
1140660 2236.3
1140670 2232.2
1140680 2227.9
1140690 2227.9
1140700 2224.5
1140710 2219.9
1140720 2219.9
1140730 2214.8
1140740 2209.6
1140750 2209.6
1140760 2205.1
1140770 2201.1
1140780 2197.4
1140790 2197.4
1140800 2198.7
1140810 2197.5
1140820 2197.5
1140830 2194.7
1140840 2191.4
1140850 2191.4
1140860 2188.6
1140870 2186.0
1140880 2186.0
1140890 2182.3
1140900 2179.1
1140910 2179.1
1140920 2176.2
1140930 2172.5
1140940 2172.5
1140950 2168.7
1140960 2164.4
1140970 2164.4
1140980 2160.3
1140990 2156.2
1141000 2156.2
1141010 2152.8
1141020 2148.9
1141030 2145.8
1141040 2145.8
1141050 2143.4
1141060 2141.5
1141070 2141.5
1141080 2141.4
1141090 2142.7
1141100 2142.7
1141110 2145.0
1141120 2142.4
1141130 2142.4
1141140 2137.6
1141150 2133.3
1141160 2133.3
1141170 2137.5
1141180 2135.8
1141190 2135.8
1141200 2130.7
1141210 2125.1
1141220 2125.1
1141230 2119.9
1141240 2115.7
1141250 2115.7
1141260 2112.2
1141270 2108.8
1141280 2104.6
1141290 2104.6
1141300 2100.1
1141310 2096.0
1141320 2096.0
1141330 2092.0
1141340 2087.9
1141350 2087.9
1141360 2084.4
1141370 2082.7
1141380 2082.7
1141390 2081.3
1141400 2076.4
1141410 2076.4
1141420 2070.1
1141430 2063.8
1141440 2063.8
1141450 2057.2
1141460 2051.0
1141470 2051.0
1141480 2045.8
1141490 2041.7
1141500 2041.7
1141510 2038.0
1141520 2034.1
1141530 2029.9
1141540 2029.3
1141550 2025.1
1141560 2019.9
1141570 2019.9
1141580 2014.1
1141590 2008.3
1141600 2008.3
1141610 2003.0
1141620 1997.4
1141630 1997.4
1141640 1992.3
1141650 1986.4
1141660 1986.4
1141670 1977.1
1141680 1965.1
1141690 1965.1
1141700 1952.2
1141710 1942.6
1141720 1942.6
1141730 1934.3
1141740 1926.1
1141750 1926.1
1141760 1919.6
1141770 1914.0
1141780 1908.7
1141790 1908.7
1141800 1903.9
1141810 1899.8
1141820 1899.8
1141830 1897.6
1141840 1895.3
1141850 1895.3
1141860 1891.5
1141870 1886.4
1141880 1886.4
1141890 1881.1
1141900 1877.9
1141910 1871.5
1141920 1868.2
1141930 1863.2
1141940 1863.2
1141950 1852.9
1141960 1840.9
1141970 1840.9
1141980 1833.0
1141990 1826.5
1142000 1826.5
1142010 1821.4
1142020 1815.8
1142030 1808.8
1142040 1808.8
1142050 1802.0
1142060 1796.0
1142070 1796.0
1142080 1789.2
1142090 1782.1
1142100 1782.1
1142110 1774.6
1142120 1768.9
1142130 1768.9
1142140 1764.2
1142150 1758.8
1142160 1758.8
1142170 1753.1
1142180 1747.7
1142190 1747.7
1142200 1742.6
1142210 1738.2
1142220 1738.2
1142230 1733.7
1142240 1728.5
1142250 1728.5
1142260 1723.7
1142270 1719.6
1142280 1713.7
1142290 1713.7
1142300 1708.6
1142310 1703.3
1142320 1703.3
1142330 1698.2
1142340 1693.6
1142350 1693.6
1142360 1688.3
1142370 1683.2
1142380 1683.2
1142390 1676.5
1142400 1669.3
1142410 1669.3
1142420 1662.5
1142430 1655.5
1142440 1655.5
1142450 1648.6
1142460 1640.1
1142470 1640.1
1142480 1631.8
1142490 1624.0
1142500 1624.0
1142510 1616.1
1142520 1608.9
1142530 1601.8
1142540 1601.8
1142550 1595.0
1142560 1589.2
1142570 1589.2
1142580 1583.6
1142590 1578.3
1142600 1578.3
1142610 1572.8
1142620 1566.7
1142630 1566.7
1142640 1558.4
1142650 1547.4
1142660 1547.4
1142670 1539.5
1142680 1534.5
1142690 1534.5
1142700 1533.4
1142710 1533.7
1142720 1533.7
1142730 1535.6
1142740 1538.5
1142750 1538.5
1142760 1539.6
1142770 1540.2
1142780 1540.7
1142790 1540.7
1142800 1541.2
1142810 1541.8
1142820 1541.8
1142830 1542.5
1142840 1543.2
1142850 1543.2
1142860 1543.9
1142870 1544.6
1142880 1544.6
1142890 1545.4
1142900 1546.2
1142910 1546.2
1142920 1547.2
1142930 1548.5
1142940 1548.5
1142950 1550.0
1142960 1551.2
1142970 1551.2
1142980 1552.8
1142990 1554.3
1143000 1554.3
1143010 1555.6
1143020 1557.5
1143030 1559.1
1143040 1559.1
1143050 1560.6
1143060 1562.0
1143070 1562.0
1143080 1563.8
1143090 1565.4
1143100 1565.4
1143110 1566.6
1143120 1567.9
1143130 1567.9
1143140 1568.2
1143150 1568.4
1143160 1568.4
1143170 1569.9
1143180 1570.7
1143190 1570.7
1143200 1571.5
1143210 1573.6
1143220 1573.6
1143230 1575.3
1143240 1576.4
1143250 1576.4
1143260 1577.7
1143270 1581.3
1143280 1587.8
1143290 1587.8
1143300 1595.0
1143310 1602.0
1143320 1602.0
1143330 1609.6
1143340 1616.9
1143350 1616.9
1143360 1623.1
1143370 1629.2
1143380 1629.2
1143390 1634.2
1143400 1636.2
1143410 1636.2
1143420 1645.1
1143430 1648.8
1143440 1648.8
1143450 1654.4
1143460 1662.9
1143470 1662.9
1143480 1676.6
1143490 1690.0
1143500 1690.0
1143510 1689.6
1143520 1679.4
1143530 1676.5
1143540 1676.5
1143550 1686.8
1143560 1705.0
1143570 1705.0
1143580 1712.4
1143590 1712.0
1143600 1712.0
1143610 1713.6
1143620 1718.3
1143630 1718.3
1143640 1723.9
1143650 1733.0
1143660 1733.0
1143670 1741.7
1143680 1746.4
1143690 1746.4
1143700 1748.3
1143710 1750.7
1143720 1750.7
1143730 1747.8
1143740 1737.6
1143750 1737.6
1143760 1746.3
1143770 1741.6
1143780 1743.6
1143790 1743.6
1143800 1750.3
1143810 1754.0
1143820 1754.0
1143830 1756.5
1143840 1761.1
1143850 1761.1
1143860 1766.6
1143870 1774.7
1143880 1774.7
1143890 1784.1
1143900 1790.7
1143910 1790.7
1143920 1795.7
1143930 1801.4
1143940 1801.4
1143950 1807.4
1143960 1810.8
1143970 1810.8
1143980 1813.0
1143990 1814.9
1144000 1817.8
1144010 1817.8
1144020 1823.4
1144030 1829.1
1144040 1829.1
1144050 1835.2
1144060 1841.7
1144070 1841.7
1144080 1847.4
1144090 1853.0
1144100 1853.0
1144110 1859.3
1144120 1865.8
1144130 1865.8
1144140 1868.8
1144150 1874.2
1144160 1874.2
1144170 1878.1
1144180 1880.8
1144190 1880.8
1144200 1882.4
1144210 1890.7
1144220 1890.7
1144230 1900.4
1144240 1903.0
1144250 1899.1
1144260 1899.1
1144270 1903.5
1144280 1912.0
1144290 1912.0
1144300 1915.8
1144310 1924.8
1144320 1924.8
1144330 1933.7
1144340 1944.2
1144350 1944.2
1144360 1954.1
1144370 1966.6
1144380 1966.6
1144390 1977.9
1144400 1986.2
1144410 1986.2
1144420 1998.0
1144430 2010.7
1144440 2010.7
1144450 2022.9
1144460 2035.6
1144470 2035.6
1144480 2051.6
1144490 2061.8
1144500 2066.9
1144510 2064.2
1144520 2067.2
1144530 2072.0
1144540 2072.0
1144550 2077.8
1144560 2081.4
1144570 2081.4
1144580 2085.7
1144590 2092.8
1144600 2092.8
1144610 2098.6
1144620 2104.0
1144630 2104.0
1144640 2110.0
1144650 2116.3
1144660 2116.3
1144670 2124.0
1144680 2132.2
1144690 2132.2
1144700 2141.2
1144710 2148.2
1144720 2148.2
1144730 2153.3
1144740 2159.7
1144750 2164.1
1144760 2164.1
1144770 2165.9
1144780 2167.4
1144790 2167.4
1144800 2168.7
1144810 2170.7
1144820 2170.7
1144830 2175.4
1144840 2180.9
1144850 2180.9
1144860 2183.4
1144870 2184.8
1144880 2184.8
1144890 2188.9
1144900 2189.5
1144910 2189.5
1144920 2191.2
1144930 2193.6
1144940 2193.6
1144950 2194.2
1144960 2194.9
1144970 2194.9
1144980 2195.7
1144990 2197.0
1145000 2197.0
1145010 2197.0
1145020 2197.2
1145030 2196.8
1145040 2196.8
1145050 2199.6
1145060 2201.7
1145070 2201.7
1145080 2202.4
1145090 2202.4
1145100 2202.4
1145110 2203.5
1145120 2205.5
1145130 2205.5
1145140 2207.1
1145150 2211.1
1145160 2211.1
1145170 2217.4
1145180 2223.2
1145190 2223.2
1145200 2226.9
1145210 2230.1
1145220 2230.1
1145230 2233.2
1145240 2237.0
1145250 2239.3
1145260 2240.2
1145270 2243.3
1145280 2247.7
1145290 2247.7
1145300 2254.7
1145310 2262.8
1145320 2262.8
1145330 2268.5
1145340 2273.0
1145350 2273.0
1145360 2276.9
1145370 2281.0
1145380 2281.0
1145390 2287.0
1145400 2295.0
1145410 2295.0
1145420 2302.7
1145430 2307.3
1145440 2307.3
1145450 2313.6
1145460 2321.5
1145470 2321.5
1145480 2328.3
1145490 2335.8
1145500 2343.8
1145510 2343.8
1145520 2349.8
1145530 2355.1
1145540 2355.1
1145550 2360.7
1145560 2367.5
1145570 2367.5
1145580 2371.0
1145590 2373.4
1145600 2373.4
1145610 2374.6
1145620 2373.6
1145630 2373.6
1145640 2377.9
1145650 2373.1
1145660 2373.1
1145670 2372.7
1145680 2376.4
1145690 2376.4
1145700 2381.6
1145710 2382.1
1145720 2382.1
1145730 2378.9
1145740 2376.3
1145750 2376.3
1145760 2376.3
1145770 2374.2
1145780 2371.2
1145790 2371.2
1145800 2367.9
1145810 2366.2
1145820 2366.2
1145830 2363.6
1145840 2358.2
1145850 2358.2
1145860 2353.5
1145870 2350.2
1145880 2350.2
1145890 2348.0
1145900 2345.1
1145910 2345.1
1145920 2340.4
1145930 2338.0
1145940 2338.0
1145950 2336.2
1145960 2335.1
1145970 2335.1
1145980 2334.1
1145990 2332.8
1146000 2330.1
1146010 2336.6
1146020 2333.8
1146030 2331.0
1146040 2331.0
1146050 2327.9
1146060 2325.9
1146070 2325.9
1146080 2323.8
1146090 2321.1
1146100 2321.1
1146110 2319.5
1146120 2318.8
1146130 2318.8
1146140 2318.2
1146150 2318.5
1146160 2318.5
1146170 2319.4
1146180 2320.6
1146190 2320.6
1146200 2321.8
1146210 2324.0
1146220 2324.0
1146230 2327.6
1146240 2331.2
1146250 2335.6
1146260 2335.6
1146270 2341.0
1146280 2346.0
1146290 2346.0
1146300 2349.4
1146310 2352.0
1146320 2352.0
1146330 2354.2
1146340 2355.8
1146350 2355.8
1146360 2357.0
1146370 2356.2
1146380 2356.2
1146390 2360.3
1146400 2361.3
1146410 2361.3
1146420 2364.4
1146430 2358.4
1146440 2358.4
1146450 2345.2
1146460 2343.6
1146470 2343.6
1146480 2346.7
1146490 2349.9
1146500 2353.2
1146510 2353.2
1146520 2355.4
1146530 2355.3
1146540 2355.3
1146550 2354.3
1146560 2354.6
1146570 2354.6
1146580 2356.3
1146590 2359.1
1146600 2359.1
1146610 2361.6
1146620 2364.2
1146630 2364.2
1146640 2366.4
1146650 2368.7
1146660 2368.7
1146670 2370.8
1146680 2372.8
1146690 2372.8
1146700 2374.7
1146710 2376.1
1146720 2376.1
1146730 2377.6
1146740 2378.8
1146750 2379.7
1146760 2384.8
1146770 2385.8
1146780 2386.8
1146790 2386.8
1146800 2388.1
1146810 2389.3
1146820 2389.3
1146830 2390.1
1146840 2390.3
1146850 2390.3
1146860 2390.6
1146870 2392.3
1146880 2392.3
1146890 2396.2
1146900 2402.2
1146910 2402.2
1146920 2411.3
1146930 2418.5
1146940 2418.5
1146950 2426.5
1146960 2435.1
1146970 2435.1
1146980 2440.7
1146990 2448.8
1147000 2456.5
1147010 2456.5
1147020 2467.4
1147030 2476.4
1147040 2476.4
1147050 2465.4
1147060 2436.7
1147070 2436.7
1147080 2406.2
1147090 2395.4
1147100 2395.4
1147110 2388.3
1147120 2382.1
1147130 2382.1
1147140 2376.7
1147150 2370.3
1147160 2370.3
1147170 2364.3
1147180 2358.4
1147190 2358.4
1147200 2353.1
1147210 2348.7
1147220 2348.7
1147230 2345.2
1147240 2342.3
1147250 2340.0
1147260 2340.0
1147270 2338.6
1147280 2338.0
1147290 2338.0
1147300 2336.0
1147310 2334.2
1147320 2334.2
1147330 2333.5
1147340 2332.3
1147350 2332.3
1147360 2329.8
1147370 2329.2
1147380 2329.2
1147390 2328.7
1147400 2326.2
1147410 2326.2
1147420 2323.5
1147430 2320.2
1147440 2320.2
1147450 2318.4
1147460 2315.5
1147470 2315.5
1147480 2312.1
1147490 2308.6
1147500 2305.2
1147510 2305.2
1147520 2303.2
1147530 2298.7
1147540 2298.7
1147550 2294.7
1147560 2290.5
1147570 2290.5
1147580 2285.5
1147590 2279.7
1147600 2279.7
1147610 2275.2
1147620 2271.9
1147630 2271.9
1147640 2267.6
1147650 2265.2
1147660 2265.2
1147670 2269.1
1147680 2275.2
1147690 2275.2
1147700 2278.7
1147710 2279.9
1147720 2279.2
1147730 2279.2
1147740 2276.1
1147750 2272.1
1147760 2272.1
1147770 2270.4
1147780 2270.4
1147790 2270.4
1147800 2271.7
1147810 2273.0
1147820 2273.0
1147830 2274.6
1147840 2275.5
1147850 2275.5
1147860 2276.6
1147870 2276.3
1147880 2276.3
1147890 2276.0
1147900 2275.1
1147910 2275.1
1147920 2270.9
1147930 2266.0
1147940 2266.0
1147950 2261.7
1147960 2257.2
1147970 2252.3
1147980 2252.3
1147990 2247.3
1148000 2241.6
1148010 2241.6
1148020 2235.9
1148030 2230.0
1148040 2230.0
1148050 2225.0
1148060 2220.8
1148070 2220.8
1148080 2217.6
1148090 2215.9
1148100 2215.9
1148110 2213.0
1148120 2208.5
1148130 2208.5
1148140 2202.8
1148150 2195.9
1148160 2195.9
1148170 2182.8
1148180 2167.7
1148190 2167.7
1148200 2159.6
1148210 2152.5
1148220 2145.7
1148230 2145.7
1148240 2139.1
1148250 2132.5
1148260 2132.5
1148270 2126.1
1148280 2121.7
1148290 2121.7
1148300 2117.2
1148310 2114.7
1148320 2114.7
1148330 2117.2
1148340 2118.1
1148350 2118.1
1148360 2115.9
1148370 2114.4
1148380 2114.4
1148390 2112.9
1148400 2111.1
1148410 2111.1
1148420 2107.4
1148430 2102.8
1148440 2102.8
1148450 2100.3
1148460 2095.9
1148470 2082.7
1148480 2082.7
1148490 2074.3
1148500 2074.5
1148510 2074.5
1148520 2073.6
1148530 2076.3
1148540 2076.3
1148550 2079.2
1148560 2082.3
1148570 2082.3
1148580 2080.5
1148590 2078.2
1148600 2078.2
1148610 2078.3
1148620 2080.4
1148630 2080.4
1148640 2081.7
1148650 2089.6
1148660 2089.6
1148670 2089.3
1148680 2075.4
1148690 2075.4
1148700 2046.5
1148710 2038.4
1148720 2040.1
1148730 2040.1
1148740 2031.8
1148750 2014.6
1148760 2014.6
1148770 2008.1
1148780 2003.4
1148790 2003.4
1148800 1991.9
1148810 1972.6
1148820 1972.6
1148830 1964.1
1148840 1958.1
1148850 1958.1
1148860 1948.6
1148870 1939.5
1148880 1939.5
1148890 1932.0
1148900 1925.0
1148910 1925.0
1148920 1923.5
1148930 1926.3
1148940 1926.3
1148950 1928.3
1148960 1929.7
1148970 1927.0
1148980 1927.0
1148990 1919.7
1149000 1911.4
1149010 1911.4
1149020 1906.5
1149030 1913.9
1149040 1913.9
1149050 1906.4
1149060 1888.5
1149070 1888.5
1149080 1878.2
1149090 1873.1
1149100 1873.1
1149110 1867.5
1149120 1859.3
1149130 1859.3
1149140 1851.7
1149150 1844.2
1149160 1844.2
1149170 1836.0
1149180 1828.8
1149190 1828.8
1149200 1822.4
1149210 1816.5
1149220 1812.5
1149230 1812.5
1149240 1809.3
1149250 1805.3
1149260 1805.3
1149270 1804.4
1149280 1801.4
1149290 1801.4
1149300 1796.2
1149310 1791.5
1149320 1791.5
1149330 1787.3
1149340 1781.9
1149350 1781.9
1149360 1776.9
1149370 1773.0
1149380 1773.0
1149390 1768.0
1149400 1763.9
1149410 1768.1
1149420 1763.9
1149430 1760.0
1149440 1760.0
1149450 1756.2
1149460 1753.0
1149470 1750.3
1149480 1750.3
1149490 1746.9
1149500 1744.0
1149510 1744.0
1149520 1741.8
1149530 1739.6
1149540 1739.6
1149550 1737.2
1149560 1734.1
1149570 1734.1
1149580 1731.5
1149590 1729.3
1149600 1729.3
1149610 1727.2
1149620 1725.1
1149630 1725.1
1149640 1722.4
1149650 1719.8
1149660 1719.8
1149670 1718.8
1149680 1719.4
1149690 1719.4
1149700 1720.2
1149710 1720.7
1149720 1722.9
1149730 1722.9
1149740 1725.9
1149750 1728.3
1149760 1728.3
1149770 1730.4
1149780 1733.3
1149790 1731.4
1149800 1735.0
1149810 1739.2
1149820 1739.2
1149830 1743.4
1149840 1747.4
1149850 1747.4
1149860 1751.7
1149870 1756.6
1149880 1756.6
1149890 1761.2
1149900 1765.5
1149910 1765.5
1149920 1769.9
1149930 1774.5
1149940 1774.5
1149950 1779.1
1149960 1783.1
1149970 1787.2
1149980 1787.2
1149990 1791.6
1150000 1795.5
1150010 1795.5
1150020 1798.8
1150030 1802.0
1150040 1802.0
1150050 1805.8
1150060 1809.5
1150070 1809.5
1150080 1812.9
1150090 1815.6
1150100 1815.6
1150110 1818.2
1150120 1820.7
1150130 1820.7
1150140 1822.9
1150150 1825.2
1150160 1825.2
1150170 1825.7
1150180 1827.9
1150190 1827.9
1150200 1830.5
1150210 1833.4
1150220 1836.1
1150230 1836.1
1150240 1838.8
1150250 1841.5
1150260 1841.5
1150270 1844.6
1150280 1847.7
1150290 1847.7
1150300 1849.8
1150310 1851.7
1150320 1851.7
1150330 1853.6
1150340 1855.6
1150350 1855.6
1150360 1858.0
1150370 1860.7
1150380 1860.7
1150390 1864.5
1150400 1867.7
1150410 1867.7
1150420 1870.3
1150430 1872.5
1150440 1872.5
1150450 1874.8
1150460 1877.1
1150470 1879.4
1150480 1879.4
1150490 1882.0
1150500 1884.3
1150510 1884.3
1150520 1885.5
1150530 1886.2
1150540 1886.2
1150550 1883.5
1150560 1886.6
1150570 1886.6
1150580 1889.4
1150590 1891.2
1150600 1891.2
1150610 1892.6
1150620 1894.3
1150630 1894.3
1150640 1896.0
1150650 1896.8
1150660 1896.8
1150670 1896.7
1150680 1896.9
1150690 1896.9
1150700 1897.7
1150710 1897.9
1150720 1898.1
1150730 1898.1
1150740 1899.0
1150750 1902.8
1150760 1902.8
1150770 1904.4
1150780 1903.8
1150790 1903.8
1150800 1907.1
1150810 1907.9
1150820 1907.9
1150830 1910.3
1150840 1909.7
1150850 1909.7
1150860 1905.7
1150870 1904.5
1150880 1904.5
1150890 1908.1
1150900 1911.5
1150910 1911.5
1150920 1913.8
1150930 1910.0
1150940 1910.0
1150950 1911.0
1150960 1911.9
1150970 1913.4
1150980 1913.4
1150990 1914.4
1151000 1915.8
1151010 1915.8
1151020 1916.9
1151030 1918.1
1151040 1918.1
1151050 1918.9
1151060 1919.8
1151070 1919.8
1151080 1919.5
1151090 1921.1
1151100 1921.1
1151110 1921.3
1151120 1922.8
1151130 1922.8
1151140 1924.0
1151150 1924.7
1151160 1924.7
1151170 1925.0
1151180 1925.4
1151190 1926.1
1151200 1926.1
1151210 1927.1
1151220 1927.4
1151230 1927.4
1151240 1928.0
1151250 1928.3
1151260 1928.3
1151270 1928.7
1151280 1929.3
1151290 1929.3
1151300 1929.6
1151310 1924.3
1151320 1924.3
1151330 1924.3
1151340 1923.7
1151350 1923.7
1151360 1923.4
1151370 1924.6
1151380 1924.6
1151390 1925.0
1151400 1923.7
1151410 1923.7
1151420 1923.4
1151430 1927.2
1151440 1928.8
1151450 1928.8
1151460 1929.4
1151470 1928.3
1151480 1928.3
1151490 1926.4
1151500 1923.8
1151510 1923.8
1151520 1921.5
1151530 1920.5
1151540 1920.5
1151550 1919.7
1151560 1919.2
1151570 1919.2
1151580 1918.6
1151590 1919.7
1151600 1919.7
1151610 1920.5
1151620 1920.3
1151630 1920.3
1151640 1919.2
1151650 1919.0
1151660 1919.0
1151670 1921.5
1151680 1921.6
1151690 1917.7
1151700 1917.7
1151710 1917.7
1151720 1918.9
1151730 1918.9
1151740 1919.9
1151750 1920.5
1151760 1920.5
1151770 1920.6
1151780 1920.9
1151790 1920.9
1151800 1921.2
1151810 1921.8
1151820 1921.8
1151830 1921.4
1151840 1920.0
1151850 1920.0
1151860 1922.4
1151870 1925.8
1151880 1925.8
1151890 1930.1
1151900 1934.6
1151910 1934.6
1151920 1938.9
1151930 1942.8
1151940 1947.1
1151950 1947.1
1151960 1950.2
1151970 1953.4
1151980 1953.4
1151990 1956.7
1152000 1959.9
1152010 1959.9
1152020 1963.9
1152030 1969.0
1152040 1969.0
1152050 1971.3
1152060 1972.8
1152070 1977.7
1152080 1980.2
1152090 1982.5
1152100 1982.5
1152110 1984.5
1152120 1986.7
1152130 1986.7
1152140 1989.2
1152150 1992.0
1152160 1992.0
1152170 1994.5
1152180 1996.5
1152190 1998.4
1152200 1998.4
1152210 1999.3
1152220 1998.8
1152230 1998.8
1152240 2000.1
1152250 2004.8
1152260 2004.8
1152270 2009.9
1152280 2012.4
1152290 2012.4
1152300 2014.3
1152310 2016.3
1152320 2016.3
1152330 2019.3
1152340 2023.2
1152350 2023.2
1152360 2027.6
1152370 2032.4
1152380 2032.4
1152390 2037.7
1152400 2043.1
1152410 2043.1
1152420 2048.4
1152430 2053.6
1152440 2059.3
1152450 2059.3
1152460 2066.9
1152470 2072.3
1152480 2072.3
1152490 2077.8
1152500 2083.6
1152510 2083.6
1152520 2092.0
1152530 2100.6
1152540 2100.6
1152550 2105.5
1152560 2115.4
1152570 2115.4
1152580 2131.5
1152590 2133.2
1152600 2133.2
1152610 2135.7
1152620 2140.4
1152630 2140.4
1152640 2143.9
1152650 2147.3
1152660 2147.3
1152670 2149.4
1152680 2153.9
1152690 2161.8
1152700 2161.8
1152710 2170.3
1152720 2176.2
1152730 2176.2
1152740 2180.7
1152750 2186.5
1152760 2186.5
1152770 2192.4
1152780 2197.2
1152790 2197.2
1152800 2200.2
1152810 2204.7
1152820 2204.7
1152830 2209.4
1152840 2222.3
1152850 2222.3
1152860 2226.4
1152870 2233.7
1152880 2233.7
1152890 2240.8
1152900 2242.2
1152910 2242.2
1152920 2244.5
1152930 2251.1
1152940 2255.3
1152950 2255.3
1152960 2258.5
1152970 2263.5
1152980 2263.5
1152990 2272.1
1153000 2287.9
1153010 2287.9
1153020 2298.9
1153030 2300.7
1153040 2300.7
1153050 2303.0
1153060 2306.1
1153070 2306.1
1153080 2311.3
1153090 2319.9
1153100 2319.9
1153110 2329.8
1153120 2337.7
1153130 2337.7
1153140 2344.8
1153150 2357.6
1153160 2357.6
1153170 2370.1
1153180 2380.3
1153190 2391.7
1153200 2391.7
1153210 2398.3
1153220 2411.4
1153230 2411.4
1153240 2421.9
1153250 2434.5
1153260 2434.5
1153270 2444.5
1153280 2450.5
1153290 2450.5
1153300 2459.1
1153310 2467.2
1153320 2467.2
1153330 2474.0
1153340 2481.3
1153350 2481.3
1153360 2490.6
1153370 2499.3
1153380 2499.3
1153390 2506.4
1153400 2512.1
1153410 2512.1
1153420 2514.8
1153430 2513.7
1153440 2512.4
1153450 2512.4
1153460 2513.3
1153470 2516.5
1153480 2516.5
1153490 2522.4
1153500 2528.7
1153510 2528.7
1153520 2535.5
1153530 2544.8
1153540 2544.8
1153550 2553.7
1153560 2561.6
1153570 2561.6
1153580 2569.5
1153590 2578.0
1153600 2578.0
1153610 2591.6
1153620 2606.9
1153630 2606.9
1153640 2619.8
1153650 2629.5
1153660 2629.5
1153670 2638.6
1153680 2650.0
1153690 2660.1
1153700 2660.1
1153710 2668.6
1153720 2677.4
1153730 2677.4
1153740 2682.8
1153750 2689.8
1153760 2689.8
1153770 2697.2
1153780 2704.6
1153790 2704.6
1153800 2714.5
1153810 2724.5
1153820 2724.5
1153830 2734.1
1153840 2743.4
1153850 2743.4
1153860 2750.7
1153870 2758.5
1153880 2758.5
1153890 2766.1
1153900 2771.4
1153910 2771.4
1153920 2776.3
1153930 2783.9
1153940 2789.2
1153950 2789.2
1153960 2791.1
1153970 2789.6
1153980 2789.6
1153990 2808.1
1154000 2807.6
1154010 2807.6
1154020 2808.3
1154030 2804.1
1154040 2804.1
1154050 2806.8
1154060 2806.8
1154070 2806.8
1154080 2806.8
1154090 2800.1
1154100 2800.1
1154110 2793.9
1154120 2797.9
1154130 2797.9
1154140 2798.2
1154150 2793.5
1154160 2793.5
1154170 2787.9
1154180 2780.5
1154190 2773.9
1154200 2773.9
1154210 2773.5
1154220 2781.1
1154230 2781.1
1154240 2794.0
1154250 2799.1
1154260 2799.1
1154270 2802.6
1154280 2800.1
1154290 2800.1
1154300 2794.0
1154310 2788.3
1154320 2788.3
1154330 2782.3
1154340 2773.9
1154350 2773.9
1154360 2765.2
1154370 2754.2
1154380 2754.2
1154390 2735.1
1154400 2718.8
1154410 2713.2
1154420 2713.2
1154430 2708.7
1154440 2704.4
1154450 2704.4
1154460 2700.2
1154470 2696.2
1154480 2696.2
1154490 2692.2
1154500 2688.2
1154510 2688.2
1154520 2684.3
1154530 2680.5
1154540 2680.5
1154550 2676.5
1154560 2672.5
1154570 2672.5
1154580 2668.7
1154590 2665.1
1154600 2665.1
1154610 2661.8
1154620 2658.8
1154630 2658.8
1154640 2655.9
1154650 2653.2
1154660 2650.9
1154670 2650.9
1154680 2649.1
1154690 2647.9
1154700 2647.9
1154710 2651.0
1154720 2663.4
1154730 2663.4
1154740 2673.0
1154750 2668.5
1154760 2663.8
1154770 2654.4
1154780 2646.1
1154790 2646.1
1154800 2639.0
1154810 2626.3
1154820 2626.3
1154830 2605.3
1154840 2584.8
1154850 2584.8
1154860 2573.4
1154870 2555.1
1154880 2555.1
1154890 2543.2
1154900 2532.4
1154910 2518.7
1154920 2518.7
1154930 2507.6
1154940 2500.9
1154950 2500.9
1154960 2494.8
1154970 2488.9
1154980 2488.9
1154990 2482.5
1155000 2476.1
1155010 2476.1
1155020 2469.5
1155030 2462.3
1155040 2462.3
1155050 2455.0
1155060 2448.5
1155070 2448.5
1155080 2444.5
1155090 2441.9
1155100 2441.9
1155110 2437.5
1155120 2432.9
1155130 2432.9
1155140 2427.4
1155150 2427.5
1155160 2422.5
1155170 2422.5
1155180 2417.1
1155190 2410.9
1155200 2410.9
1155210 2404.5
1155220 2398.4
1155230 2398.4
1155240 2392.6
1155250 2386.3
1155260 2386.3
1155270 2380.0
1155280 2374.0
1155290 2374.0
1155300 2368.7
1155310 2363.8
1155320 2363.8
1155330 2359.1
1155340 2354.4
1155350 2354.4
1155360 2349.6
1155370 2344.4
1155380 2344.4
1155390 2339.4
1155400 2334.1
1155410 2329.8
1155420 2329.8
1155430 2327.2
1155440 2324.5
1155450 2324.5
1155460 2321.4
1155470 2318.1
1155480 2318.1
1155490 2314.4
1155500 2310.3
1155510 2310.3
1155520 2306.3
1155530 2307.0
1155540 2307.0
1155550 2302.8
1155560 2298.8
1155570 2298.8
1155580 2295.5
1155590 2291.6
1155600 2291.6
1155610 2288.0
1155620 2284.5
1155630 2284.5
1155640 2281.3
1155650 2277.2
1155660 2273.7
1155670 2273.7
1155680 2270.3
1155690 2267.3
1155700 2267.3
1155710 2264.6
1155720 2262.2
1155730 2262.2
1155740 2259.8
1155750 2256.6
1155760 2256.6
1155770 2253.1
1155780 2249.5
1155790 2249.5
1155800 2245.8
1155810 2242.1
1155820 2242.1
1155830 2239.2
1155840 2236.7
1155850 2236.7
1155860 2235.9
1155870 2234.7
1155880 2234.7
1155890 2232.7
1155900 2232.9
1155910 2232.3
1155920 2234.4
1155930 2234.0
1155940 2232.9
1155950 2232.9
1155960 2232.0
1155970 2230.9
1155980 2230.9
1155990 2227.7
1156000 2224.7
1156010 2224.7
1156020 2222.4
1156030 2220.5
1156040 2220.5
1156050 2218.0
1156060 2215.1
1156070 2215.1
1156080 2211.2
1156090 2206.6
1156100 2206.6
1156110 2202.9
1156120 2199.2
1156130 2199.2
1156140 2196.4
1156150 2193.5
1156160 2190.7
1156170 2190.7
1156180 2189.0
1156190 2187.3
1156200 2187.3
1156210 2186.9
1156220 2185.8
1156230 2185.8
1156240 2181.7
1156250 2178.3
1156260 2178.3
1156270 2175.2
1156280 2170.8
1156290 2170.8
1156300 2167.7
1156310 2174.1
1156320 2174.1
1156330 2171.6
1156340 2168.2
1156350 2168.2
1156360 2165.3
1156370 2163.9
1156380 2163.9
1156390 2162.9
1156400 2160.8
1156410 2158.0
1156420 2158.0
1156430 2155.5
1156440 2154.1
1156450 2154.1
1156460 2152.7
1156470 2152.5
1156480 2152.5
1156490 2152.7
1156500 2153.4
1156510 2153.4
1156520 2153.8
1156530 2152.7
1156540 2152.7
1156550 2153.1
1156560 2153.1
1156570 2153.1
1156580 2152.9
1156590 2153.7
1156600 2153.7
1156610 2154.3
1156620 2153.4
1156630 2153.4
1156640 2153.4
1156650 2153.8
1156660 2155.4
1156670 2155.4
1156680 2156.9
1156690 2162.4
1156700 2162.4
1156710 2161.8
1156720 2165.2
1156730 2165.2
1156740 2167.2
1156750 2167.7
1156760 2167.7
1156770 2167.3
1156780 2166.1
1156790 2166.1
1156800 2167.8
1156810 2170.6
1156820 2170.6
1156830 2173.2
1156840 2175.7
1156850 2175.7
1156860 2175.2
1156870 2170.8
1156880 2170.8
1156890 2169.2
1156900 2167.1
1156910 2163.5
1156920 2163.5
1156930 2161.2
1156940 2160.2
1156950 2160.2
1156960 2160.3
1156970 2156.0
1156980 2156.0
1156990 2152.9
1157000 2151.4
1157010 2151.4
1157020 2149.3
1157030 2147.7
1157040 2147.7
1157050 2146.9
1157060 2144.4
1157070 2144.4
1157080 2146.7
1157090 2145.1
1157100 2145.1
1157110 2145.0
1157120 2144.7
1157130 2144.7
1157140 2144.2
1157150 2143.1
1157160 2141.9
1157170 2141.9
1157180 2141.3
1157190 2141.8
1157200 2141.8
1157210 2142.0
1157220 2141.5
1157230 2141.5
1157240 2140.7
1157250 2140.7
1157260 2140.7
1157270 2140.0
1157280 2137.3
1157290 2137.3
1157300 2136.5
1157310 2135.5
1157320 2135.5
1157330 2134.7
1157340 2134.4
1157350 2134.4
1157360 2135.4
1157370 2137.2
1157380 2138.7
1157390 2138.7
1157400 2140.1
1157410 2142.3
1157420 2142.3
1157430 2142.9
1157440 2143.0
1157450 2143.0
1157460 2144.3
1157470 2153.2
1157480 2153.2
1157490 2152.0
1157500 2149.3
1157510 2149.3
1157520 2146.6
1157530 2144.7
1157540 2144.7
1157550 2145.7
1157560 2146.7
1157570 2146.7
1157580 2148.7
1157590 2149.5
1157600 2149.5
1157610 2149.8
1157620 2148.9
1157630 2146.8
1157640 2146.8
1157650 2148.3
1157660 2149.4
1157670 2149.4
1157680 2152.3
1157690 2152.7
1157700 2152.7
1157710 2151.1
1157720 2147.9
1157730 2147.9
1157740 2146.8
1157750 2147.4
1157760 2147.4
1157770 2147.2
1157780 2146.3
1157790 2146.3
1157800 2145.8
1157810 2146.1
1157820 2146.1
1157830 2144.1
1157840 2144.2
1157850 2144.2
1157860 2149.7
1157870 2150.4
1157880 2151.9
1157890 2151.9
1157900 2151.9
1157910 2151.5
1157920 2151.5
1157930 2150.4
1157940 2150.3
1157950 2150.3
1157960 2151.1
1157970 2151.1
1157980 2151.1
1157990 2157.2
1158000 2163.0
1158010 2163.0
1158020 2164.5
1158030 2164.6
1158040 2164.6
1158050 2167.8
1158060 2171.9
1158070 2171.9
1158080 2177.9
1158090 2184.1
1158100 2184.1
1158110 2186.5
1158120 2186.2
1158130 2188.2
1158140 2188.2
1158150 2189.9
1158160 2191.4
1158170 2191.4
1158180 2190.6
1158190 2189.1
1158200 2189.1
1158210 2188.5
1158220 2188.8
1158230 2188.8
1158240 2191.0
1158250 2196.9
1158260 2196.9
1158270 2198.8
1158280 2199.4
1158290 2199.4
1158300 2200.0
1158310 2201.6
1158320 2201.6
1158330 2203.0
1158340 2205.5
1158350 2205.5
1158360 2209.0
1158370 2211.4
1158380 2214.4
1158390 2214.4
1158400 2216.6
1158410 2217.3
1158420 2217.3
1158430 2216.8
1158440 2214.2
1158450 2214.2
1158460 2216.2
1158470 2220.2
1158480 2220.2
1158490 2222.6
1158500 2226.2
1158510 2226.2
1158520 2229.7
1158530 2232.9
1158540 2232.9
1158550 2234.5
1158560 2234.8
1158570 2234.8
1158580 2237.2
1158590 2241.9
1158600 2241.9
1158610 2246.7
1158620 2251.1
1158630 2255.5
1158640 2259.0
1158650 2263.6
1158660 2268.3
1158670 2268.3
1158680 2274.0
1158690 2279.5
1158700 2279.5
1158710 2283.7
1158720 2287.8
1158730 2287.8
1158740 2291.4
1158750 2293.8
1158760 2293.8
1158770 2295.3
1158780 2297.2
1158790 2297.2
1158800 2299.9
1158810 2302.5
1158820 2302.5
1158830 2305.7
1158840 2309.0
1158850 2309.0
1158860 2311.4
1158870 2314.1
1158880 2316.7
1158890 2316.7
1158900 2318.9
1158910 2320.2
1158920 2320.2
1158930 2321.5
1158940 2324.0
1158950 2324.0
1158960 2327.4
1158970 2329.9
1158980 2329.9
1158990 2332.7
1159000 2337.8
1159010 2337.8
1159020 2343.4
1159030 2350.3
1159040 2350.3
1159050 2354.3
1159060 2357.2
1159070 2357.2
1159080 2360.7
1159090 2363.8
1159100 2363.8
1159110 2366.7
1159120 2369.7
1159130 2372.2
1159140 2372.2
1159150 2375.8
1159160 2379.4
1159170 2379.4
1159180 2382.9
1159190 2384.8
1159200 2384.8
1159210 2385.4
1159220 2387.7
1159230 2387.7
1159240 2390.8
1159250 2393.9
1159260 2393.9
1159270 2397.2
1159280 2400.7
1159290 2400.7
1159300 2404.0
1159310 2406.8
1159320 2406.8
1159330 2408.5
1159340 2410.5
1159350 2410.5
1159360 2411.9
1159370 2411.7
1159380 2411.7
1159390 2411.7
1159400 2413.5
1159410 2415.6
1159420 2418.3
1159430 2421.1
1159440 2421.0
1159450 2421.0
1159460 2419.7
1159470 2421.0
1159480 2421.0
1159490 2424.4
1159500 2428.3
1159510 2428.3
1159520 2431.1
1159530 2433.4
1159540 2433.4
1159550 2436.2
1159560 2439.5
1159570 2439.5
1159580 2443.5
1159590 2446.9
1159600 2446.9
1159610 2450.3
1159620 2452.7
1159630 2455.0
1159640 2455.0
1159650 2458.9
1159660 2463.4
1159670 2463.4
1159680 2469.4
1159690 2475.6
1159700 2475.6
1159710 2480.6
1159720 2486.6
1159730 2486.6
1159740 2492.3
1159750 2496.9
1159760 2496.9
1159770 2501.9
1159780 2507.6
1159790 2507.6
1159800 2513.8
1159810 2520.6
1159820 2520.6
1159830 2526.8
1159840 2533.6
1159850 2533.6
1159860 2540.6
1159870 2547.7
1159880 2554.7
1159890 2554.7
1159900 2561.9
1159910 2569.9
1159920 2569.9
1159930 2578.3
1159940 2587.4
1159950 2587.4
1159960 2597.2
1159970 2609.1
1159980 2609.1
1159990 2616.4
