1140000 2546.1
1140010 2553.5
1140020 2560.2
1140030 2560.2
1140040 2558.6
1140050 2551.0
1140060 2546.9
1140070 2546.9
1140080 2541.6
1140090 2534.8
1140100 2534.8
1140110 2528.4
1140120 2521.4
1140130 2521.4
1140140 2517.8
1140150 2515.7
1140160 2515.7
1140170 2503.6
1140180 2492.2
1140190 2492.2
1140200 2479.6
1140210 2466.9
1140220 2466.9
1140230 2455.2
1140240 2440.8
1140250 2440.8
1140260 2429.4
1140270 2421.8
1140280 2421.8
1140290 2408.9
1140300 2391.7
1140310 2380.6
1140320 2380.6
1140330 2371.8
1140340 2361.4
1140350 2361.4
1140360 2352.6
1140370 2346.9
1140380 2346.9
1140390 2342.5
1140400 2337.0
1140410 2337.0
1140420 2331.1
1140430 2325.2
1140440 2325.2
1140450 2319.3
1140460 2314.0
1140470 2314.0
1140480 2309.1
1140490 2303.7
1140500 2303.7
1140510 2298.0
1140520 2291.9
1140530 2291.9
1140540 2285.5
1140550 2283.0
1140560 2276.4
1140570 2276.4
1140580 2269.7
1140590 2262.9
1140600 2262.9
1140610 2256.1
1140620 2249.9
1140630 2249.9
1140640 2246.1
1140650 2242.1
1140660 2242.1
1140670 2237.4
1140680 2234.0
1140690 2234.0
1140700 2229.8
1140710 2224.6
1140720 2224.6
1140730 2219.4
1140740 2214.6
1140750 2214.6
1140760 2210.1
1140770 2205.5
1140780 2205.5
1140790 2201.2
1140800 2198.7
1140810 2197.5
1140820 2197.5
1140830 2194.7
1140840 2191.4
1140850 2191.4
1140860 2188.6
1140870 2186.0
1140880 2186.0
1140890 2182.3
1140900 2179.1
1140910 2179.1
1140920 2181.6
1140930 2177.8
1140940 2177.8
1140950 2173.8
1140960 2169.2
1140970 2169.2
1140980 2164.7
1140990 2160.5
1141000 2160.5
1141010 2157.0
1141020 2154.2
1141030 2154.2
1141040 2151.4
1141050 2149.9
1141060 2147.2
1141070 2147.2
1141080 2147.1
1141090 2148.5
1141100 2148.5
1141110 2150.8
1141120 2148.2
1141130 2148.2
1141140 2143.8
1141150 2139.5
1141160 2139.5
1141170 2137.5
1141180 2135.8
1141190 2135.8
1141200 2130.7
1141210 2125.1
1141220 2125.1
1141230 2119.9
1141240 2115.7
1141250 2115.7
1141260 2112.2
1141270 2108.8
1141280 2108.8
1141290 2105.8
1141300 2101.8
1141310 2097.7
1141320 2097.7
1141330 2093.5
1141340 2089.8
1141350 2089.8
1141360 2087.2
1141370 2086.4
1141380 2086.4
1141390 2082.7
1141400 2075.9
1141410 2075.9
1141420 2069.3
1141430 2063.5
1141440 2063.5
1141450 2057.0
1141460 2050.4
1141470 2050.4
1141480 2044.6
1141490 2040.2
1141500 2040.2
1141510 2036.7
1141520 2033.3
1141530 2033.3
1141540 2029.3
1141550 2025.1
1141560 2019.9
1141570 2019.9
1141580 2014.1
1141590 2008.3
1141600 2008.3
1141610 2003.0
1141620 1997.4
1141630 1997.4
1141640 1992.3
1141650 1986.4
1141660 1983.1
1141670 1971.9
1141680 1961.2
1141690 1961.2
1141700 1952.3
1141710 1942.9
1141720 1942.9
1141730 1934.0
1141740 1925.9
1141750 1925.9
1141760 1918.8
1141770 1911.9
1141780 1911.9
1141790 1904.8
1141800 1899.5
1141810 1894.6
1141820 1894.6
1141830 1891.0
1141840 1888.8
1141850 1888.8
1141860 1885.0
1141870 1880.9
1141880 1880.9
1141890 1875.7
1141900 1871.5
1141910 1871.5
1141920 1868.2
1141930 1863.2
1141940 1863.2
1141950 1852.9
1141960 1840.9
1141970 1840.9
1141980 1833.0
1141990 1826.5
1142000 1826.5
1142010 1821.4
1142020 1815.8
1142030 1812.7
1142040 1806.3
1142050 1799.5
1142060 1793.4
1142070 1793.4
1142080 1786.9
1142090 1779.5
1142100 1779.5
1142110 1771.8
1142120 1766.1
1142130 1766.1
1142140 1761.6
1142150 1756.2
1142160 1756.2
1142170 1750.7
1142180 1745.5
1142190 1745.5
1142200 1740.9
1142210 1736.9
1142220 1736.9
1142230 1732.2
1142240 1727.5
1142250 1727.5
1142260 1722.7
1142270 1718.2
1142280 1718.2
1142290 1713.7
1142300 1708.6
1142310 1703.3
1142320 1703.3
1142330 1698.2
1142340 1693.6
1142350 1693.6
1142360 1688.3
1142370 1683.2
1142380 1683.2
1142390 1676.5
1142400 1666.8
1142410 1666.8
1142420 1660.2
1142430 1653.9
1142440 1653.9
1142450 1647.0
1142460 1638.7
1142470 1638.7
1142480 1630.5
1142490 1622.7
1142500 1622.7
1142510 1614.8
1142520 1607.0
1142530 1607.0
1142540 1599.6
1142550 1592.3
1142560 1585.7
1142570 1585.7
1142580 1580.1
1142590 1575.0
1142600 1575.0
1142610 1569.5
1142620 1563.1
1142630 1563.1
1142640 1555.3
1142650 1547.4
1142660 1547.4
1142670 1539.5
1142680 1534.5
1142690 1534.5
1142700 1533.4
1142710 1533.7
1142720 1533.7
1142730 1535.6
1142740 1538.5
1142750 1538.5
1142760 1539.6
1142770 1540.4
1142780 1541.0
1142790 1541.0
1142800 1541.5
1142810 1542.1
1142820 1542.1
1142830 1542.6
1142840 1543.2
1142850 1543.2
1142860 1544.0
1142870 1544.8
1142880 1544.8
1142890 1545.5
1142900 1546.3
1142910 1546.3
1142920 1547.4
1142930 1548.6
1142940 1548.6
1142950 1550.1
1142960 1551.3
1142970 1551.3
1142980 1552.9
1142990 1554.8
1143000 1554.8
1143010 1556.1
1143020 1557.5
1143030 1559.1
1143040 1559.1
1143050 1560.6
1143060 1562.0
1143070 1562.0
1143080 1563.8
1143090 1565.4
1143100 1565.4
1143110 1566.6
1143120 1567.9
1143130 1567.9
1143140 1570.3
1143150 1570.0
1143160 1570.0
1143170 1570.4
1143180 1571.8
1143190 1571.8
1143200 1573.0
1143210 1574.3
1143220 1574.3
1143230 1576.5
1143240 1578.1
1143250 1578.1
1143260 1579.4
1143270 1581.4
1143280 1585.3
1143290 1585.3
1143300 1591.1
1143310 1597.8
1143320 1597.8
1143330 1605.5
1143340 1612.3
1143350 1612.3
1143360 1618.0
1143370 1622.5
1143380 1622.5
1143390 1628.3
1143400 1636.2
1143410 1636.2
1143420 1645.1
1143430 1648.8
1143440 1648.8
1143450 1654.4
1143460 1662.9
1143470 1662.9
1143480 1676.6
1143490 1690.0
1143500 1690.0
1143510 1689.6
1143520 1667.7
1143530 1670.4
1143540 1670.4
1143550 1687.7
1143560 1700.6
1143570 1700.6
1143580 1701.6
1143590 1696.7
1143600 1696.7
1143610 1698.3
1143620 1707.1
1143630 1707.1
1143640 1714.3
1143650 1723.9
1143660 1723.9
1143670 1732.4
1143680 1735.5
1143690 1735.5
1143700 1737.8
1143710 1735.1
1143720 1735.1
1143730 1727.9
1143740 1728.8
1143750 1728.8
1143760 1740.0
1143770 1741.6
1143780 1743.6
1143790 1743.6
1143800 1750.3
1143810 1754.0
1143820 1754.0
1143830 1756.5
1143840 1761.1
1143850 1761.1
1143860 1766.6
1143870 1774.7
1143880 1774.7
1143890 1779.5
1143900 1786.1
1143910 1786.1
1143920 1791.9
1143930 1797.4
1143940 1797.4
1143950 1803.4
1143960 1807.0
1143970 1807.0
1143980 1808.1
1143990 1809.7
1144000 1809.7
1144010 1812.5
1144020 1818.3
1144030 1824.3
1144040 1824.3
1144050 1829.9
1144060 1835.4
1144070 1835.4
1144080 1840.9
1144090 1846.8
1144100 1846.8
1144110 1853.6
1144120 1861.3
1144130 1861.3
1144140 1868.8
1144150 1874.2
1144160 1874.2
1144170 1878.1
1144180 1880.8
1144190 1880.8
1144200 1882.4
1144210 1890.7
1144220 1890.7
1144230 1900.4
1144240 1903.0
1144250 1903.0
1144260 1889.9
1144270 1895.9
1144280 1903.4
1144290 1903.4
1144300 1911.3
1144310 1917.3
1144320 1917.3
1144330 1928.6
1144340 1939.0
1144350 1939.0
1144360 1947.7
1144370 1956.0
1144380 1956.0
1144390 1969.3
1144400 1981.3
1144410 1981.3
1144420 1983.8
1144430 1994.3
1144440 1994.3
1144450 2014.6
1144460 2032.3
1144470 2032.3
1144480 2047.0
1144490 2057.3
1144500 2057.3
1144510 2064.2
1144520 2067.2
1144530 2072.0
1144540 2072.0
1144550 2077.8
1144560 2081.4
1144570 2081.4
1144580 2085.7
1144590 2092.8
1144600 2092.8
1144610 2098.6
1144620 2104.0
1144630 2102.0
1144640 2108.0
1144650 2114.4
1144660 2114.4
1144670 2121.6
1144680 2129.7
1144690 2129.7
1144700 2138.1
1144710 2146.0
1144720 2146.0
1144730 2150.6
1144740 2156.4
1144750 2156.4
1144760 2161.7
1144770 2164.7
1144780 2166.8
1144790 2166.8
1144800 2168.6
1144810 2171.0
1144820 2171.0
1144830 2175.2
1144840 2181.5
1144850 2181.5
1144860 2184.3
1144870 2186.7
1144880 2186.7
1144890 2188.9
1144900 2189.5
1144910 2189.5
1144920 2191.2
1144930 2193.6
1144940 2193.6
1144950 2194.2
1144960 2194.9
1144970 2194.9
1144980 2195.7
1144990 2197.0
1145000 2197.0
1145010 2199.6
1145020 2200.5
1145030 2199.6
1145040 2199.6
1145050 2202.1
1145060 2205.0
1145070 2205.0
1145080 2205.7
1145090 2204.9
1145100 2204.9
1145110 2205.6
1145120 2207.8
1145130 2207.8
1145140 2208.7
1145150 2211.9
1145160 2211.9
1145170 2218.0
1145180 2224.0
1145190 2224.0
1145200 2227.0
1145210 2229.3
1145220 2229.3
1145230 2233.7
1145240 2237.6
1145250 2237.6
1145260 2240.2
1145270 2243.3
1145280 2247.7
1145290 2247.7
1145300 2254.7
1145310 2262.8
1145320 2262.8
1145330 2268.5
1145340 2273.0
1145350 2273.0
1145360 2276.9
1145370 2281.0
1145380 2282.6
1145390 2287.6
1145400 2294.1
1145410 2294.1
1145420 2302.0
1145430 2308.2
1145440 2308.2
1145450 2314.3
1145460 2322.6
1145470 2322.6
1145480 2330.1
1145490 2336.6
1145500 2336.6
1145510 2345.2
1145520 2352.6
1145530 2359.5
1145540 2359.5
1145550 2365.6
1145560 2372.3
1145570 2372.3
1145580 2376.8
1145590 2379.8
1145600 2379.8
1145610 2381.5
1145620 2381.7
1145630 2381.7
1145640 2377.9
1145650 2373.1
1145660 2373.1
1145670 2372.7
1145680 2376.4
1145690 2376.4
1145700 2381.6
1145710 2382.1
1145720 2382.1
1145730 2378.9
1145740 2376.3
1145750 2376.3
1145760 2383.5
1145770 2381.1
1145780 2378.0
1145790 2378.0
1145800 2375.8
1145810 2375.3
1145820 2375.3
1145830 2373.3
1145840 2366.8
1145850 2366.8
1145860 2360.3
1145870 2357.0
1145880 2357.0
1145890 2354.7
1145900 2350.5
1145910 2350.5
1145920 2346.2
1145930 2344.2
1145940 2344.2
1145950 2342.9
1145960 2341.7
1145970 2341.7
1145980 2340.4
1145990 2338.8
1146000 2338.8
1146010 2336.6
1146020 2333.8
1146030 2331.0
1146040 2331.0
1146050 2327.9
1146060 2325.9
1146070 2325.9
1146080 2323.8
1146090 2321.1
1146100 2321.1
1146110 2319.5
1146120 2318.8
1146130 2324.6
1146140 2323.8
1146150 2324.0
1146160 2324.0
1146170 2324.9
1146180 2326.0
1146190 2326.0
1146200 2327.2
1146210 2328.8
1146220 2328.8
1146230 2332.1
1146240 2335.8
1146250 2335.8
1146260 2339.7
1146270 2344.6
1146280 2349.6
1146290 2349.6
1146300 2353.1
1146310 2355.4
1146320 2355.4
1146330 2358.1
1146340 2360.1
1146350 2360.1
1146360 2361.7
1146370 2362.3
1146380 2362.3
1146390 2360.3
1146400 2361.3
1146410 2361.3
1146420 2364.4
1146430 2358.4
1146440 2358.4
1146450 2345.2
1146460 2343.6
1146470 2343.6
1146480 2346.7
1146490 2349.9
1146500 2353.2
1146510 2359.1
1146520 2361.5
1146530 2361.2
1146540 2361.2
1146550 2360.0
1146560 2360.1
1146570 2360.1
1146580 2361.3
1146590 2364.1
1146600 2364.1
1146610 2366.7
1146620 2369.4
1146630 2369.4
1146640 2371.7
1146650 2373.7
1146660 2373.7
1146670 2375.8
1146680 2377.8
1146690 2377.8
1146700 2379.7
1146710 2381.3
1146720 2381.3
1146730 2382.7
1146740 2383.9
1146750 2384.8
1146760 2384.8
1146770 2385.8
1146780 2386.8
1146790 2386.8
1146800 2388.1
1146810 2389.3
1146820 2389.3
1146830 2390.1
1146840 2390.3
1146850 2390.3
1146860 2390.6
1146870 2392.3
1146880 2397.0
1146890 2400.2
1146900 2405.0
1146910 2405.0
1146920 2410.8
1146930 2417.3
1146940 2417.3
1146950 2424.5
1146960 2431.5
1146970 2431.5
1146980 2438.8
1146990 2449.2
1147000 2455.9
1147010 2455.9
1147020 2458.0
1147030 2456.4
1147040 2456.4
1147050 2447.5
1147060 2431.3
1147070 2431.3
1147080 2407.1
1147090 2396.7
1147100 2396.7
1147110 2389.8
1147120 2383.1
1147130 2383.1
1147140 2376.7
1147150 2370.3
1147160 2370.3
1147170 2364.3
1147180 2358.4
1147190 2358.4
1147200 2353.1
1147210 2348.7
1147220 2348.7
1147230 2345.2
1147240 2342.3
1147250 2340.0
1147260 2341.8
1147270 2339.2
1147280 2337.7
1147290 2337.7
1147300 2336.1
1147310 2334.5
1147320 2334.5
1147330 2333.1
1147340 2331.6
1147350 2331.6
1147360 2330.7
1147370 2330.2
1147380 2330.2
1147390 2328.8
1147400 2324.4
1147410 2324.4
1147420 2321.4
1147430 2320.6
1147440 2320.6
1147450 2319.3
1147460 2316.6
1147470 2316.6
1147480 2312.9
1147490 2309.7
1147500 2306.4
1147510 2306.4
1147520 2303.2
1147530 2298.7
1147540 2298.7
1147550 2294.7
1147560 2290.5
1147570 2290.5
1147580 2285.5
1147590 2279.7
1147600 2279.7
1147610 2275.2
1147620 2271.9
1147630 2271.9
1147640 2268.4
1147650 2269.2
1147660 2269.2
1147670 2274.2
1147680 2280.8
1147690 2280.8
1147700 2284.8
1147710 2286.5
1147720 2286.5
1147730 2285.2
1147740 2281.4
1147750 2277.9
1147760 2277.9
1147770 2275.5
1147780 2273.8
1147790 2273.8
1147800 2273.4
1147810 2275.7
1147820 2275.7
1147830 2276.4
1147840 2276.0
1147850 2276.0
1147860 2276.9
1147870 2277.5
1147880 2277.5
1147890 2276.0
1147900 2275.1
1147910 2275.1
1147920 2270.9
1147930 2266.0
1147940 2266.0
1147950 2261.7
1147960 2257.2
1147970 2257.2
1147980 2252.3
1147990 2247.3
1148000 2241.6
1148010 2241.6
1148020 2234.9
1148030 2229.6
1148040 2229.6
1148050 2224.9
1148060 2219.8
1148070 2219.8
1148080 2214.7
1148090 2211.3
1148100 2211.3
1148110 2208.5
1148120 2203.1
1148130 2203.1
1148140 2195.8
1148150 2187.0
1148160 2187.0
1148170 2176.7
1148180 2165.8
1148190 2165.8
1148200 2157.8
1148210 2150.5
1148220 2150.5
1148230 2143.6
1148240 2137.4
1148250 2131.2
1148260 2131.2
1148270 2126.1
1148280 2121.7
1148290 2121.7
1148300 2117.2
1148310 2114.7
1148320 2114.7
1148330 2117.2
1148340 2118.1
1148350 2118.1
1148360 2115.9
1148370 2114.4
1148380 2114.4
1148390 2117.0
1148400 2114.7
1148410 2114.7
1148420 2110.0
1148430 2105.0
1148440 2105.0
1148450 2102.9
1148460 2097.1
1148470 2097.1
1148480 2083.7
1148490 2078.9
1148500 2083.0
1148510 2083.0
1148520 2083.6
1148530 2085.8
1148540 2085.8
1148550 2089.8
1148560 2090.2
1148570 2090.2
1148580 2087.0
1148590 2086.4
1148600 2086.4
1148610 2087.7
1148620 2089.3
1148630 2089.3
1148640 2089.4
1148650 2089.6
1148660 2089.6
1148670 2089.3
1148680 2075.4
1148690 2075.4
1148700 2046.5
1148710 2038.4
1148720 2038.4
1148730 2040.1
1148740 2031.8
1148750 2014.6
1148760 2014.6
1148770 2020.5
1148780 2009.6
1148790 2009.6
1148800 1994.0
1148810 1984.2
1148820 1984.2
1148830 1970.7
1148840 1960.3
1148850 1960.3
1148860 1952.3
1148870 1946.5
1148880 1946.5
1148890 1939.3
1148900 1931.7
1148910 1931.7
1148920 1932.6
1148930 1935.8
1148940 1935.8
1148950 1936.7
1148960 1936.4
1148970 1936.4
1148980 1930.8
1148990 1922.4
1149000 1916.3
1149010 1916.3
1149020 1915.4
1149030 1913.9
1149040 1913.9
1149050 1906.4
1149060 1888.5
1149070 1888.5
1149080 1878.2
1149090 1873.1
1149100 1873.1
1149110 1867.5
1149120 1859.3
1149130 1859.3
1149140 1851.7
1149150 1847.4
1149160 1847.4
1149170 1840.2
1149180 1833.5
1149190 1833.5
1149200 1827.0
1149210 1821.9
1149220 1821.9
1149230 1818.4
1149240 1814.6
1149250 1811.4
1149260 1811.4
1149270 1809.3
1149280 1804.3
1149290 1804.3
1149300 1800.5
1149310 1796.7
1149320 1796.7
1149330 1791.9
1149340 1787.1
1149350 1787.1
1149360 1782.1
1149370 1777.0
1149380 1777.0
1149390 1772.2
1149400 1768.1
1149410 1768.1
1149420 1763.9
1149430 1760.0
1149440 1760.0
1149450 1756.2
1149460 1753.0
1149470 1753.0
1149480 1750.3
1149490 1746.9
1149500 1744.0
1149510 1744.0
1149520 1741.8
1149530 1742.0
1149540 1742.0
1149550 1738.7
1149560 1736.1
1149570 1736.1
1149580 1733.6
1149590 1731.4
1149600 1731.4
1149610 1729.2
1149620 1727.5
1149630 1727.5
1149640 1725.6
1149650 1723.2
1149660 1723.2
1149670 1721.2
1149680 1720.8
1149690 1720.8
1149700 1721.0
1149710 1721.4
1149720 1721.4
1149730 1722.5
1149740 1725.0
1149750 1726.7
1149760 1726.7
1149770 1728.6
1149780 1731.4
1149790 1731.4
1149800 1735.0
1149810 1739.2
1149820 1739.2
1149830 1743.4
1149840 1747.4
1149850 1747.4
1149860 1751.7
1149870 1756.6
1149880 1756.6
1149890 1761.2
1149900 1765.5
1149910 1762.9
1149920 1766.7
1149930 1770.9
1149940 1770.9
1149950 1775.0
1149960 1779.1
1149970 1783.9
1149980 1783.9
1149990 1788.3
1150000 1792.0
1150010 1792.0
1150020 1795.7
1150030 1799.6
1150040 1799.6
1150050 1803.4
1150060 1807.1
1150070 1807.1
1150080 1810.2
1150090 1812.6
1150100 1812.6
1150110 1815.5
1150120 1818.5
1150130 1818.5
1150140 1821.0
1150150 1823.4
1150160 1823.4
1150170 1825.7
1150180 1827.9
1150190 1827.9
1150200 1830.5
1150210 1833.4
1150220 1836.1
1150230 1836.1
1150240 1838.8
1150250 1841.5
1150260 1841.5
1150270 1844.6
1150280 1847.7
1150290 1843.7
1150300 1845.9
1150310 1847.2
1150320 1847.2
1150330 1849.0
1150340 1852.1
1150350 1852.1
1150360 1854.1
1150370 1856.5
1150380 1856.5
1150390 1860.4
1150400 1863.5
1150410 1863.5
1150420 1866.1
1150430 1867.9
1150440 1867.9
1150450 1870.2
1150460 1872.9
1150470 1874.9
1150480 1874.9
1150490 1876.9
1150500 1878.7
1150510 1878.7
1150520 1879.8
1150530 1880.9
1150540 1880.9
1150550 1883.5
1150560 1886.6
1150570 1886.6
1150580 1889.4
1150590 1891.2
1150600 1891.2
1150610 1892.6
1150620 1894.3
1150630 1894.3
1150640 1896.0
1150650 1896.8
1150660 1896.8
1150670 1891.2
1150680 1891.2
1150690 1891.2
1150700 1891.4
1150710 1891.1
1150720 1891.5
1150730 1891.5
1150740 1894.6
1150750 1897.9
1150760 1897.9
1150770 1897.1
1150780 1898.2
1150790 1898.2
1150800 1901.3
1150810 1902.6
1150820 1902.6
1150830 1905.0
1150840 1904.2
1150850 1904.2
1150860 1900.5
1150870 1899.3
1150880 1899.3
1150890 1902.7
1150900 1905.8
1150910 1905.8
1150920 1908.2
1150930 1910.0
1150940 1910.0
1150950 1911.0
1150960 1911.9
1150970 1913.4
1150980 1913.4
1150990 1914.4
1151000 1915.8
1151010 1915.8
1151020 1916.9
1151030 1918.1
1151040 1918.1
1151050 1914.5
1151060 1915.1
1151070 1915.1
1151080 1914.9
1151090 1916.6
1151100 1916.6
1151110 1916.6
1151120 1917.8
1151130 1917.8
1151140 1918.3
1151150 1918.7
1151160 1918.7
1151170 1919.2
1151180 1919.6
1151190 1919.6
1151200 1920.6
1151210 1921.7
1151220 1922.3
1151230 1922.3
1151240 1922.6
1151250 1922.7
1151260 1922.7
1151270 1922.8
1151280 1923.6
1151290 1923.6
1151300 1924.0
1151310 1924.3
1151320 1924.3
1151330 1924.3
1151340 1923.7
1151350 1923.7
1151360 1923.4
1151370 1924.6
1151380 1924.6
1151390 1925.0
1151400 1923.7
1151410 1923.7
1151420 1923.4
1151430 1920.9
1151440 1920.9
1151450 1922.2
1151460 1922.8
1151470 1921.9
1151480 1921.9
1151490 1921.1
1151500 1919.1
1151510 1919.1
1151520 1916.7
1151530 1915.7
1151540 1915.7
1151550 1915.5
1151560 1914.8
1151570 1914.8
1151580 1915.0
1151590 1916.4
1151600 1916.4
1151610 1917.0
1151620 1916.9
1151630 1916.9
1151640 1916.2
1151650 1915.9
1151660 1915.9
1151670 1918.2
1151680 1918.8
1151690 1918.8
1151700 1917.7
1151710 1917.7
1151720 1918.9
1151730 1918.9
1151740 1919.9
1151750 1920.5
1151760 1920.5
1151770 1920.6
1151780 1920.9
1151790 1920.9
1151800 1921.2
1151810 1919.2
1151820 1919.2
1151830 1919.4
1151840 1919.6
1151850 1919.6
1151860 1924.9
1151870 1929.2
1151880 1929.2
1151890 1932.9
1151900 1937.1
1151910 1937.1
1151920 1941.4
1151930 1945.6
1151940 1945.6
1151950 1949.8
1151960 1953.2
1151970 1956.3
1151980 1956.3
1151990 1960.1
1152000 1963.8
1152010 1963.8
1152020 1967.4
1152030 1971.2
1152040 1971.2
1152050 1975.0
1152060 1977.7
1152070 1977.7
1152080 1980.2
1152090 1982.5
1152100 1982.5
1152110 1984.5
1152120 1986.7
1152130 1986.7
1152140 1989.2
1152150 1992.0
1152160 1992.0
1152170 1994.5
1152180 1996.5
1152190 1996.5
1152200 2003.5
1152210 2005.2
1152220 2005.4
1152230 2005.4
1152240 2004.6
1152250 2006.4
1152260 2006.4
1152270 2012.0
1152280 2016.0
1152290 2016.0
1152300 2017.7
1152310 2019.5
1152320 2019.5
1152330 2021.7
1152340 2024.9
1152350 2024.9
1152360 2029.6
1152370 2034.8
1152380 2034.8
1152390 2039.9
1152400 2045.3
1152410 2045.3
1152420 2050.7
1152430 2055.9
1152440 2055.9
1152450 2061.2
1152460 2066.9
1152470 2072.3
1152480 2072.3
1152490 2077.8
1152500 2083.6
1152510 2083.6
1152520 2092.0
1152530 2100.6
1152540 2100.6
1152550 2105.5
1152560 2115.4
1152570 2115.4
1152580 2148.5
1152590 2157.9
1152600 2157.9
1152610 2153.0
1152620 2153.2
1152630 2153.2
1152640 2154.7
1152650 2157.2
1152660 2157.2
1152670 2159.3
1152680 2159.9
1152690 2159.9
1152700 2165.4
1152710 2179.1
1152720 2191.3
1152730 2191.3
1152740 2196.8
1152750 2202.1
1152760 2202.1
1152770 2209.1
1152780 2215.5
1152790 2215.5
1152800 2213.7
1152810 2218.6
1152820 2218.6
1152830 2221.5
1152840 2222.3
1152850 2222.3
1152860 2226.4
1152870 2233.7
1152880 2233.7
1152890 2240.8
1152900 2242.2
1152910 2242.2
1152920 2244.5
1152930 2251.1
1152940 2251.1
1152950 2255.3
1152960 2277.3
1152970 2283.6
1152980 2283.6
1152990 2291.5
1153000 2305.4
1153010 2305.4
1153020 2314.6
1153030 2320.0
1153040 2320.0
1153050 2323.7
1153060 2327.4
1153070 2327.4
1153080 2331.1
1153090 2334.7
1153100 2334.7
1153110 2337.8
1153120 2342.5
1153130 2342.5
1153140 2347.8
1153150 2358.5
1153160 2358.5
1153170 2377.3
1153180 2390.9
1153190 2390.9
1153200 2399.6
1153210 2405.3
1153220 2411.4
1153230 2411.4
1153240 2421.9
1153250 2434.5
1153260 2434.5
1153270 2444.5
1153280 2450.5
1153290 2450.5
1153300 2459.1
1153310 2467.2
1153320 2467.2
1153330 2474.0
1153340 2482.6
1153350 2482.6
1153360 2490.5
1153370 2496.8
1153380 2496.8
1153390 2501.4
1153400 2507.1
1153410 2507.1
1153420 2506.6
1153430 2504.4
1153440 2504.0
1153450 2504.0
1153460 2506.7
1153470 2512.9
1153480 2512.9
1153490 2520.2
1153500 2527.0
1153510 2527.0
1153520 2533.8
1153530 2544.3
1153540 2544.3
1153550 2555.0
1153560 2563.4
1153570 2563.4
1153580 2572.7
1153590 2581.3
1153600 2581.3
1153610 2591.6
1153620 2606.9
1153630 2606.9
1153640 2619.8
1153650 2629.5
1153660 2629.5
1153670 2638.6
1153680 2650.0
1153690 2660.1
1153700 2660.1
1153710 2668.6
1153720 2677.4
1153730 2678.8
1153740 2686.3
1153750 2694.0
1153760 2694.0
1153770 2701.5
1153780 2709.9
1153790 2709.9
1153800 2717.9
1153810 2725.8
1153820 2725.8
1153830 2733.8
1153840 2741.2
1153850 2741.2
1153860 2749.2
1153870 2758.6
1153880 2758.6
1153890 2766.8
1153900 2773.5
1153910 2773.5
1153920 2782.0
1153930 2790.0
1153940 2798.1
1153950 2798.1
1153960 2804.3
1153970 2807.7
1153980 2807.7
1153990 2808.1
1154000 2807.6
1154010 2807.6
1154020 2808.3
1154030 2804.1
1154040 2804.1
1154050 2806.8
1154060 2806.8
1154070 2806.8
1154080 2806.8
1154090 2800.1
1154100 2800.1
1154110 2817.5
1154120 2821.1
1154130 2821.1
1154140 2816.9
1154150 2808.1
1154160 2808.1
1154170 2796.6
1154180 2785.1
1154190 2781.1
1154200 2781.1
1154210 2785.6
1154220 2799.0
1154230 2799.0
1154240 2806.1
1154250 2807.4
1154260 2807.4
1154270 2803.5
1154280 2796.2
1154290 2796.2
1154300 2789.4
1154310 2782.9
1154320 2782.9
1154330 2775.9
1154340 2768.3
1154350 2768.3
1154360 2761.0
1154370 2754.2
1154380 2754.2
1154390 2735.1
1154400 2718.8
1154410 2718.8
1154420 2713.2
1154430 2708.7
1154440 2704.4
1154450 2704.4
1154460 2700.2
1154470 2696.2
1154480 2696.2
1154490 2692.2
1154500 2691.6
1154510 2691.6
1154520 2688.0
1154530 2684.5
1154540 2684.5
1154550 2680.8
1154560 2677.2
1154570 2677.2
1154580 2673.6
1154590 2670.3
1154600 2670.3
1154610 2667.3
1154620 2664.4
1154630 2664.4
1154640 2661.7
1154650 2659.3
1154660 2659.3
1154670 2657.4
1154680 2655.9
1154690 2655.6
1154700 2655.6
1154710 2661.6
1154720 2671.8
1154730 2671.8
1154740 2671.4
1154750 2663.8
1154760 2663.8
1154770 2654.4
1154780 2646.1
1154790 2646.1
1154800 2639.0
1154810 2626.3
1154820 2626.3
1154830 2605.3
1154840 2584.8
1154850 2584.8
1154860 2573.4
1154870 2555.1
1154880 2569.4
1154890 2553.2
1154900 2536.2
1154910 2536.2
1154920 2520.8
1154930 2512.2
1154940 2505.1
1154950 2505.1
1154960 2498.9
1154970 2493.2
1154980 2493.2
1154990 2488.8
1155000 2481.8
1155010 2481.8
1155020 2476.8
1155030 2468.0
1155040 2468.0
1155050 2459.5
1155060 2454.1
1155070 2454.1
1155080 2451.0
1155090 2446.8
1155100 2446.8
1155110 2442.2
1155120 2437.2
1155130 2437.2
1155140 2432.0
1155150 2427.5
1155160 2427.5
1155170 2422.5
1155180 2417.1
1155190 2410.9
1155200 2410.9
1155210 2404.5
1155220 2398.4
1155230 2398.4
1155240 2392.6
1155250 2386.3
1155260 2386.3
1155270 2383.5
1155280 2378.4
1155290 2378.4
1155300 2373.5
1155310 2368.8
1155320 2368.8
1155330 2364.0
1155340 2358.6
1155350 2358.6
1155360 2353.4
1155370 2348.2
1155380 2348.2
1155390 2343.2
1155400 2338.7
1155410 2338.7
1155420 2335.9
1155430 2333.3
1155440 2330.3
1155450 2330.3
1155460 2327.1
1155470 2323.6
1155480 2323.6
1155490 2319.2
1155500 2315.3
1155510 2315.3
1155520 2311.2
1155530 2307.0
1155540 2307.0
1155550 2302.8
1155560 2298.8
1155570 2298.8
1155580 2295.5
1155590 2291.6
1155600 2291.6
1155610 2288.0
1155620 2284.5
1155630 2284.5
1155640 2281.3
1155650 2277.2
1155660 2281.6
1155670 2278.0
1155680 2274.7
1155690 2271.6
1155700 2271.6
1155710 2268.9
1155720 2266.3
1155730 2266.3
1155740 2263.6
1155750 2260.4
1155760 2260.4
1155770 2256.7
1155780 2253.1
1155790 2253.1
1155800 2248.8
1155810 2244.5
1155820 2244.5
1155830 2241.8
1155840 2239.7
1155850 2239.7
1155860 2237.3
1155870 2235.0
1155880 2235.0
1155890 2233.9
1155900 2233.9
1155910 2233.9
1155920 2234.4
1155930 2234.0
1155940 2232.9
1155950 2232.9
1155960 2232.0
1155970 2230.9
1155980 2230.9
1155990 2227.7
1156000 2224.7
1156010 2224.7
1156020 2222.4
1156030 2220.5
1156040 2222.3
1156050 2220.8
1156060 2218.9
1156070 2218.9
1156080 2215.2
1156090 2210.5
1156100 2210.5
1156110 2207.5
1156120 2205.1
1156130 2205.1
1156140 2201.9
1156150 2197.7
1156160 2197.7
1156170 2195.2
1156180 2193.6
1156190 2191.3
1156200 2191.3
1156210 2189.6
1156220 2188.9
1156230 2188.9
1156240 2187.3
1156250 2184.9
1156260 2184.9
1156270 2182.2
1156280 2178.2
1156290 2178.2
1156300 2175.9
1156310 2174.1
1156320 2174.1
1156330 2171.6
1156340 2168.2
1156350 2168.2
1156360 2165.3
1156370 2163.9
1156380 2163.9
1156390 2162.9
1156400 2160.8
1156410 2158.0
1156420 2158.0
1156430 2160.9
1156440 2159.2
1156450 2159.2
1156460 2157.9
1156470 2158.0
1156480 2158.0
1156490 2157.5
1156500 2157.8
1156510 2157.8
1156520 2157.5
1156530 2157.0
1156540 2157.0
1156550 2157.7
1156560 2157.6
1156570 2157.6
1156580 2158.0
1156590 2158.7
1156600 2158.7
1156610 2158.5
1156620 2157.6
1156630 2157.6
1156640 2157.3
1156650 2157.6
1156660 2159.5
1156670 2159.5
1156680 2161.5
1156690 2162.4
1156700 2162.4
1156710 2161.8
1156720 2165.2
1156730 2165.2
1156740 2167.2
1156750 2167.7
1156760 2167.7
1156770 2167.3
1156780 2166.1
1156790 2166.1
1156800 2167.8
1156810 2170.6
1156820 2172.7
1156830 2175.6
1156840 2178.4
1156850 2178.4
1156860 2178.9
1156870 2176.2
1156880 2176.2
1156890 2175.3
1156900 2172.1
1156910 2169.7
1156920 2169.7
1156930 2169.7
1156940 2170.8
1156950 2170.8
1156960 2169.7
1156970 2163.7
1156980 2163.7
1156990 2159.1
1157000 2156.6
1157010 2156.6
1157020 2154.2
1157030 2152.6
1157040 2152.6
1157050 2152.7
1157060 2151.3
1157070 2151.3
1157080 2146.7
1157090 2145.1
1157100 2145.1
1157110 2145.0
1157120 2144.7
1157130 2144.7
1157140 2144.2
1157150 2143.1
1157160 2141.9
1157170 2141.9
1157180 2141.3
1157190 2141.8
1157200 2141.8
1157210 2145.4
1157220 2145.9
1157230 2145.9
1157240 2145.6
1157250 2145.2
1157260 2145.2
1157270 2143.6
1157280 2141.4
1157290 2141.4
1157300 2140.9
1157310 2139.9
1157320 2139.9
1157330 2139.8
1157340 2140.3
1157350 2140.3
1157360 2141.8
1157370 2143.6
1157380 2143.6
1157390 2145.2
1157400 2147.2
1157410 2149.2
1157420 2149.2
1157430 2150.0
1157440 2150.5
1157450 2150.5
1157460 2151.5
1157470 2153.2
1157480 2153.2
1157490 2152.0
1157500 2149.3
1157510 2149.3
1157520 2146.6
1157530 2144.7
1157540 2144.7
1157550 2145.7
1157560 2146.7
1157570 2146.7
1157580 2148.7
1157590 2153.6
1157600 2153.6
1157610 2153.3
1157620 2152.1
1157630 2152.1
1157640 2150.6
1157650 2152.0
1157660 2152.2
1157670 2152.2
1157680 2154.2
1157690 2155.1
1157700 2155.1
1157710 2153.4
1157720 2150.2
1157730 2150.2
1157740 2149.7
1157750 2150.7
1157760 2150.7
1157770 2150.3
1157780 2150.0
1157790 2150.0
1157800 2149.5
1157810 2147.6
1157820 2147.6
1157830 2146.9
1157840 2148.1
1157850 2148.1
1157860 2149.7
1157870 2150.4
1157880 2150.4
1157890 2151.9
1157900 2151.9
1157910 2151.5
1157920 2151.5
1157930 2150.4
1157940 2150.3
1157950 2150.3
1157960 2151.1
1157970 2151.1
1157980 2156.5
1157990 2163.8
1158000 2169.6
1158010 2169.6
1158020 2169.9
1158030 2170.1
1158040 2170.1
1158050 2172.6
1158060 2175.8
1158070 2175.8
1158080 2180.8
1158090 2185.6
1158100 2185.6
1158110 2187.5
1158120 2187.7
1158130 2187.7
1158140 2189.4
1158150 2192.2
1158160 2194.5
1158170 2194.5
1158180 2193.9
1158190 2192.2
1158200 2192.2
1158210 2192.1
1158220 2192.0
1158230 2192.0
1158240 2193.9
1158250 2196.9
1158260 2196.9
1158270 2198.8
1158280 2199.4
1158290 2199.4
1158300 2200.0
1158310 2201.6
1158320 2201.6
1158330 2203.0
1158340 2205.5
1158350 2205.5
1158360 2209.0
1158370 2215.4
1158380 2215.4
1158390 2218.1
1158400 2220.2
1158410 2221.4
1158420 2221.4
1158430 2220.9
1158440 2217.0
1158450 2217.0
1158460 2218.7
1158470 2223.6
1158480 2223.6
1158490 2226.4
1158500 2229.8
1158510 2229.8
1158520 2232.6
1158530 2236.0
1158540 2236.0
1158550 2239.0
1158560 2240.3
1158570 2240.3
1158580 2241.6
1158590 2245.1
1158600 2245.1
1158610 2250.2
1158620 2254.9
1158630 2254.9
1158640 2259.0
1158650 2263.6
1158660 2268.3
1158670 2268.3
1158680 2274.0
1158690 2279.5
1158700 2279.5
1158710 2283.7
1158720 2287.8
1158730 2287.8
1158740 2291.4
1158750 2293.8
1158760 2296.4
1158770 2298.7
1158780 2300.0
1158790 2300.0
1158800 2301.9
1158810 2304.8
1158820 2304.8
1158830 2307.6
1158840 2310.9
1158850 2310.9
1158860 2314.1
1158870 2316.6
1158880 2316.6
1158890 2318.9
1158900 2321.7
1158910 2323.4
1158920 2323.4
1158930 2324.7
1158940 2326.8
1158950 2326.8
1158960 2329.5
1158970 2332.4
1158980 2332.4
1158990 2335.3
1159000 2339.2
1159010 2339.2
1159020 2344.8
1159030 2350.3
1159040 2350.3
1159050 2354.3
1159060 2357.2
1159070 2357.2
1159080 2360.7
1159090 2363.8
1159100 2363.8
1159110 2366.7
1159120 2369.7
1159130 2369.7
1159140 2372.2
1159150 2376.7
1159160 2381.7
1159170 2381.7
1159180 2385.7
1159190 2389.1
1159200 2389.1
1159210 2389.2
1159220 2389.9
1159230 2389.9
1159240 2392.5
1159250 2395.6
1159260 2395.6
1159270 2398.6
1159280 2401.5
1159290 2401.5
1159300 2404.4
1159310 2407.7
1159320 2407.7
1159330 2410.6
1159340 2412.0
1159350 2412.0
1159360 2412.8
1159370 2412.8
1159380 2413.0
1159390 2413.0
1159400 2414.4
1159410 2418.3
1159420 2418.3
1159430 2421.1
1159440 2421.0
1159450 2421.0
1159460 2419.7
1159470 2421.0
1159480 2421.0
1159490 2424.4
1159500 2428.3
1159510 2428.3
1159520 2431.1
1159530 2433.4
1159540 2434.5
1159550 2436.7
1159560 2438.9
1159570 2438.9
1159580 2442.4
1159590 2446.9
1159600 2446.9
1159610 2450.9
1159620 2454.4
1159630 2457.1
1159640 2457.1
1159650 2461.3
1159660 2465.7
1159670 2465.7
1159680 2470.5
1159690 2475.9
1159700 2475.9
1159710 2481.5
1159720 2487.4
1159730 2487.4
1159740 2493.6
1159750 2498.5
1159760 2498.5
1159770 2503.5
1159780 2508.9
1159790 2508.9
1159800 2514.6
1159810 2520.6
1159820 2520.6
1159830 2526.8
1159840 2533.6
1159850 2533.6
1159860 2540.6
1159870 2547.7
1159880 2554.7
1159890 2554.7
1159900 2561.9
1159910 2569.9
1159920 2569.9
1159930 2582.5
1159940 2592.9
1159950 2592.9
1159960 2601.7
1159970 2609.6
1159980 2609.6
1159990 2611.5
