1140000 2548.4
1140010 2555.6
1140020 2558.2
1140030 2552.0
1140040 2552.0
1140050 2543.7
1140060 2535.5
1140070 2535.5
1140080 2535.4
1140090 2529.6
1140100 2529.6
1140110 2521.0
1140120 2513.9
1140130 2513.9
1140140 2507.2
1140150 2500.3
1140160 2500.3
1140170 2489.4
1140180 2480.1
1140190 2480.1
1140200 2467.9
1140210 2456.7
1140220 2456.7
1140230 2444.1
1140240 2434.8
1140250 2434.8
1140260 2428.9
1140270 2420.9
1140280 2394.6
1140290 2394.6
1140300 2378.5
1140310 2374.1
1140320 2374.1
1140330 2365.0
1140340 2357.4
1140350 2357.4
1140360 2349.6
1140370 2340.7
1140380 2340.7
1140390 2336.4
1140400 2332.1
1140410 2332.1
1140420 2326.6
1140430 2320.8
1140440 2320.8
1140450 2315.1
1140460 2309.5
1140470 2309.5
1140480 2304.2
1140490 2298.8
1140500 2298.8
1140510 2293.4
1140520 2287.8
1140530 2282.0
1140540 2282.0
1140550 2275.7
1140560 2269.3
1140570 2269.3
1140580 2262.9
1140590 2256.5
1140600 2256.5
1140610 2249.9
1140620 2243.5
1140630 2243.5
1140640 2237.1
1140650 2231.3
1140660 2231.3
1140670 2226.6
1140680 2227.9
1140690 2227.9
1140700 2224.5
1140710 2219.9
1140720 2219.9
1140730 2214.8
1140740 2209.6
1140750 2209.6
1140760 2205.1
1140770 2201.1
1140780 2197.4
1140790 2197.4
1140800 2196.1
1140810 2195.3
1140820 2195.3
1140830 2192.6
1140840 2189.7
1140850 2189.7
1140860 2187.3
1140870 2184.7
1140880 2184.7
1140890 2181.0
1140900 2175.0
1140910 2175.0
1140920 2170.4
1140930 2167.3
1140940 2167.3
1140950 2164.2
1140960 2160.8
1140970 2160.8
1140980 2156.5
1140990 2152.5
1141000 2152.5
1141010 2149.1
1141020 2145.7
1141030 2142.0
1141040 2142.0
1141050 2143.4
1141060 2141.5
1141070 2141.5
1141080 2141.4
1141090 2142.7
1141100 2142.7
1141110 2145.0
1141120 2142.4
1141130 2142.4
1141140 2137.6
1141150 2133.3
1141160 2133.3
1141170 2130.3
1141180 2129.4
1141190 2129.4
1141200 2128.0
1141210 2123.3
1141220 2123.3
1141230 2117.7
1141240 2113.0
1141250 2113.0
1141260 2109.8
1141270 2106.7
1141280 2102.7
1141290 2102.7
1141300 2098.4
1141310 2094.6
1141320 2094.6
1141330 2091.0
1141340 2086.5
1141350 2086.5
1141360 2082.1
1141370 2079.0
1141380 2079.0
1141390 2078.2
1141400 2076.2
1141410 2076.2
1141420 2070.1
1141430 2063.8
1141440 2063.8
1141450 2057.2
1141460 2051.0
1141470 2051.0
1141480 2045.8
1141490 2041.7
1141500 2038.0
1141510 2038.0
1141520 2034.1
1141530 2029.9
1141540 2029.9
1141550 2025.8
1141560 2021.7
1141570 2021.7
1141580 2017.0
1141590 2011.7
1141600 2011.7
1141610 2005.7
1141620 2000.1
1141630 2000.1
1141640 1994.3
1141650 1987.9
1141660 1987.9
1141670 1981.2
1141680 1971.8
1141690 1971.8
1141700 1957.7
1141710 1943.4
1141720 1943.4
1141730 1935.5
1141740 1928.3
1141750 1923.2
1141760 1923.2
1141770 1918.7
1141780 1914.6
1141790 1908.7
1141800 1903.9
1141810 1899.8
1141820 1899.8
1141830 1897.6
1141840 1895.3
1141850 1895.3
1141860 1891.5
1141870 1886.4
1141880 1886.4
1141890 1881.1
1141900 1877.9
1141910 1877.9
1141920 1873.6
1141930 1865.5
1141940 1865.5
1141950 1853.5
1141960 1843.7
1141970 1843.7
1141980 1836.1
1141990 1829.5
1142000 1823.6
1142010 1823.6
1142020 1817.5
1142030 1809.9
1142040 1809.9
1142050 1803.3
1142060 1797.4
1142070 1797.4
1142080 1790.9
1142090 1784.4
1142100 1784.4
1142110 1777.1
1142120 1770.9
1142130 1770.9
1142140 1765.8
1142150 1760.5
1142160 1758.8
1142170 1753.1
1142180 1747.7
1142190 1747.7
1142200 1742.6
1142210 1738.2
1142220 1738.2
1142230 1733.7
1142240 1728.5
1142250 1723.7
1142260 1723.7
1142270 1719.6
1142280 1715.1
1142290 1715.1
1142300 1709.8
1142310 1704.1
1142320 1704.1
1142330 1698.7
1142340 1694.0
1142350 1694.0
1142360 1689.9
1142370 1685.1
1142380 1685.1
1142390 1678.5
1142400 1671.0
1142410 1671.0
1142420 1664.2
1142430 1657.1
1142440 1657.1
1142450 1649.8
1142460 1641.2
1142470 1641.2
1142480 1632.4
1142490 1624.3
1142500 1617.1
1142510 1617.1
1142520 1610.6
1142530 1601.8
1142540 1601.8
1142550 1595.0
1142560 1589.2
1142570 1589.2
1142580 1583.6
1142590 1578.3
1142600 1578.3
1142610 1572.8
1142620 1566.7
1142630 1566.7
1142640 1558.4
1142650 1549.6
1142660 1549.6
1142670 1542.5
1142680 1537.5
1142690 1537.5
1142700 1533.9
1142710 1533.0
1142720 1533.0
1142730 1533.9
1142740 1536.5
1142750 1538.8
1142760 1538.8
1142770 1539.9
1142780 1540.4
1142790 1540.4
1142800 1540.9
1142810 1541.5
1142820 1541.5
1142830 1542.3
1142840 1543.0
1142850 1543.0
1142860 1543.5
1142870 1544.3
1142880 1544.3
1142890 1545.0
1142900 1546.2
1142910 1546.2
1142920 1547.2
1142930 1548.5
1142940 1548.5
1142950 1550.0
1142960 1551.2
1142970 1551.2
1142980 1552.8
1142990 1554.3
1143000 1555.6
1143010 1555.6
1143020 1557.0
1143030 1558.2
1143040 1558.2
1143050 1560.1
1143060 1561.9
1143070 1561.9
1143080 1563.0
1143090 1564.3
1143100 1564.3
1143110 1565.4
1143120 1566.2
1143130 1566.2
1143140 1566.4
1143150 1567.7
1143160 1567.7
1143170 1568.5
1143180 1568.5
1143190 1568.5
1143200 1570.3
1143210 1571.7
1143220 1571.7
1143230 1573.1
1143240 1574.6
1143250 1577.4
1143260 1577.4
1143270 1584.0
1143280 1587.8
1143290 1587.8
1143300 1595.0
1143310 1602.0
1143320 1602.0
1143330 1609.6
1143340 1616.9
1143350 1616.9
1143360 1623.1
1143370 1629.2
1143380 1629.2
1143390 1634.2
1143400 1644.5
1143410 1644.5
1143420 1654.5
1143430 1657.2
1143440 1657.2
1143450 1660.9
1143460 1670.9
1143470 1670.9
1143480 1690.4
1143490 1699.6
1143500 1702.1
1143510 1702.1
1143520 1698.0
1143530 1693.5
1143540 1693.5
1143550 1695.2
1143560 1709.8
1143570 1709.8
1143580 1719.7
1143590 1725.9
1143600 1725.9
1143610 1729.0
1143620 1732.5
1143630 1732.5
1143640 1733.2
1143650 1733.0
1143660 1733.0
1143670 1741.7
1143680 1746.4
1143690 1746.4
1143700 1748.3
1143710 1750.7
1143720 1750.7
1143730 1747.8
1143740 1737.6
1143750 1746.3
1143760 1746.3
1143770 1750.8
1143780 1752.2
1143790 1752.2
1143800 1756.5
1143810 1762.9
1143820 1762.9
1143830 1764.8
1143840 1767.9
1143850 1767.9
1143860 1771.8
1143870 1778.9
1143880 1778.9
1143890 1787.0
1143900 1792.5
1143910 1792.5
1143920 1797.6
1143930 1803.8
1143940 1803.8
1143950 1809.3
1143960 1813.9
1143970 1813.9
1143980 1817.1
1143990 1819.6
1144000 1822.9
1144010 1822.9
1144020 1823.4
1144030 1829.1
1144040 1829.1
1144050 1835.2
1144060 1841.7
1144070 1841.7
1144080 1847.4
1144090 1853.0
1144100 1853.0
1144110 1859.3
1144120 1865.8
1144130 1865.8
1144140 1873.2
1144150 1882.3
1144160 1882.3
1144170 1888.8
1144180 1889.9
1144190 1889.9
1144200 1892.6
1144210 1907.2
1144220 1907.2
1144230 1917.6
1144240 1923.1
1144250 1920.1
1144260 1920.1
1144270 1920.2
1144280 1928.2
1144290 1928.2
1144300 1929.3
1144310 1935.1
1144320 1935.1
1144330 1939.2
1144340 1946.8
1144350 1946.8
1144360 1957.3
1144370 1968.3
1144380 1968.3
1144390 1977.9
1144400 1986.2
1144410 1986.2
1144420 1998.0
1144430 2010.7
1144440 2010.7
1144450 2022.9
1144460 2035.6
1144470 2035.6
1144480 2051.6
1144490 2061.8
1144500 2066.9
1144510 2066.9
1144520 2069.3
1144530 2074.1
1144540 2074.1
1144550 2079.5
1144560 2083.9
1144570 2083.9
1144580 2088.5
1144590 2095.7
1144600 2095.7
1144610 2100.3
1144620 2105.5
1144630 2105.5
1144640 2111.3
1144650 2117.9
1144660 2117.9
1144670 2125.8
1144680 2134.7
1144690 2134.7
1144700 2145.0
1144710 2150.7
1144720 2150.7
1144730 2156.4
1144740 2162.2
1144750 2164.8
1144760 2164.8
1144770 2165.9
1144780 2167.4
1144790 2167.4
1144800 2168.7
1144810 2170.7
1144820 2170.7
1144830 2175.4
1144840 2180.9
1144850 2180.9
1144860 2183.4
1144870 2184.8
1144880 2184.8
1144890 2186.5
1144900 2188.0
1144910 2188.0
1144920 2190.4
1144930 2192.3
1144940 2192.3
1144950 2192.3
1144960 2192.4
1144970 2192.4
1144980 2193.0
1144990 2194.0
1145000 2193.6
1145010 2193.6
1145020 2193.3
1145030 2194.2
1145040 2194.2
1145050 2196.6
1145060 2198.5
1145070 2198.5
1145080 2199.6
1145090 2201.0
1145100 2201.0
1145110 2202.0
1145120 2203.9
1145130 2203.9
1145140 2207.1
1145150 2211.1
1145160 2211.1
1145170 2217.4
1145180 2223.2
1145190 2223.2
1145200 2226.9
1145210 2230.1
1145220 2233.2
1145230 2233.2
1145240 2237.0
1145250 2239.3
1145260 2239.3
1145270 2242.3
1145280 2247.9
1145290 2247.9
1145300 2256.8
1145310 2263.4
1145320 2263.4
1145330 2268.4
1145340 2271.7
1145350 2271.7
1145360 2275.2
1145370 2280.0
1145380 2280.0
1145390 2287.1
1145400 2296.1
1145410 2296.1
1145420 2301.7
1145430 2305.8
1145440 2305.8
1145450 2313.2
1145460 2320.2
1145470 2326.5
1145480 2326.5
1145490 2335.0
1145500 2340.3
1145510 2340.3
1145520 2349.8
1145530 2355.1
1145540 2355.1
1145550 2360.7
1145560 2367.5
1145570 2367.5
1145580 2371.0
1145590 2373.4
1145600 2373.4
1145610 2374.6
1145620 2373.6
1145630 2373.6
1145640 2369.6
1145650 2364.8
1145660 2364.8
1145670 2365.7
1145680 2369.4
1145690 2369.4
1145700 2375.1
1145710 2374.9
1145720 2372.0
1145730 2372.0
1145740 2368.6
1145750 2367.7
1145760 2367.7
1145770 2366.5
1145780 2363.1
1145790 2363.1
1145800 2358.0
1145810 2356.1
1145820 2356.1
1145830 2354.7
1145840 2350.6
1145850 2350.6
1145860 2346.5
1145870 2343.6
1145880 2343.6
1145890 2348.0
1145900 2345.1
1145910 2345.1
1145920 2340.4
1145930 2338.0
1145940 2338.0
1145950 2336.2
1145960 2335.1
1145970 2334.1
1145980 2334.1
1145990 2332.8
1146000 2330.1
1146010 2330.1
1146020 2327.4
1146030 2324.5
1146040 2324.5
1146050 2321.7
1146060 2319.9
1146070 2319.9
1146080 2318.3
1146090 2315.8
1146100 2315.8
1146110 2314.2
1146120 2313.3
1146130 2313.3
1146140 2312.9
1146150 2313.2
1146160 2313.2
1146170 2314.1
1146180 2315.3
1146190 2315.3
1146200 2316.5
1146210 2318.9
1146220 2322.3
1146230 2322.3
1146240 2325.5
1146250 2330.6
1146260 2330.6
1146270 2341.0
1146280 2346.0
1146290 2346.0
1146300 2349.4
1146310 2352.0
1146320 2352.0
1146330 2354.2
1146340 2355.8
1146350 2355.8
1146360 2357.0
1146370 2356.2
1146380 2356.2
1146390 2346.9
1146400 2347.9
1146410 2347.9
1146420 2342.4
1146430 2336.2
1146440 2336.2
1146450 2335.1
1146460 2338.1
1146470 2341.4
1146480 2341.4
1146490 2344.8
1146500 2347.7
1146510 2347.7
1146520 2349.5
1146530 2349.5
1146540 2349.5
1146550 2348.8
1146560 2349.4
1146570 2349.4
1146580 2351.7
1146590 2354.2
1146600 2354.2
1146610 2356.7
1146620 2359.1
1146630 2359.1
1146640 2366.4
1146650 2368.7
1146660 2368.7
1146670 2370.8
1146680 2372.8
1146690 2372.8
1146700 2374.7
1146710 2376.1
1146720 2377.6
1146730 2377.6
1146740 2378.8
1146750 2379.7
1146760 2379.7
1146770 2380.7
1146780 2381.8
1146790 2381.8
1146800 2383.1
1146810 2384.3
1146820 2384.3
1146830 2385.1
1146840 2385.2
1146850 2385.2
1146860 2385.5
1146870 2387.5
1146880 2387.5
1146890 2392.0
1146900 2402.0
1146910 2402.0
1146920 2419.7
1146930 2429.8
1146940 2429.8
1146950 2439.1
1146960 2448.8
1146970 2453.6
1146980 2453.6
1146990 2458.7
1147000 2465.7
1147010 2465.7
1147020 2467.4
1147030 2476.4
1147040 2476.4
1147050 2465.4
1147060 2436.7
1147070 2436.7
1147080 2406.2
1147090 2395.4
1147100 2395.4
1147110 2388.3
1147120 2382.1
1147130 2382.1
1147140 2376.3
1147150 2370.4
1147160 2370.4
1147170 2364.9
1147180 2359.2
1147190 2359.2
1147200 2353.4
1147210 2348.7
1147220 2344.8
1147230 2344.8
1147240 2341.4
1147250 2338.5
1147260 2338.5
1147270 2337.2
1147280 2336.5
1147290 2336.5
1147300 2335.1
1147310 2333.7
1147320 2333.7
1147330 2331.1
1147340 2331.3
1147350 2331.3
1147360 2329.9
1147370 2329.4
1147380 2329.4
1147390 2329.0
1147400 2326.2
1147410 2326.2
1147420 2323.5
1147430 2320.2
1147440 2320.2
1147450 2318.4
1147460 2315.5
1147470 2312.1
1147480 2312.1
1147490 2308.6
1147500 2305.2
1147510 2305.2
1147520 2299.8
1147530 2295.0
1147540 2295.0
1147550 2290.9
1147560 2286.8
1147570 2286.8
1147580 2281.3
1147590 2276.6
1147600 2276.6
1147610 2272.8
1147620 2270.1
1147630 2270.1
1147640 2267.2
1147650 2262.2
1147660 2262.2
1147670 2264.0
1147680 2270.6
1147690 2270.6
1147700 2273.4
1147710 2273.5
1147720 2272.6
1147730 2272.6
1147740 2270.2
1147750 2267.8
1147760 2267.8
1147770 2270.4
1147780 2270.4
1147790 2270.4
1147800 2271.7
1147810 2273.0
1147820 2273.0
1147830 2274.6
1147840 2275.5
1147850 2275.5
1147860 2276.6
1147870 2276.3
1147880 2276.3
1147890 2275.9
1147900 2275.7
1147910 2275.7
1147920 2271.5
1147930 2266.4
1147940 2266.4
1147950 2262.6
1147960 2257.8
1147970 2252.9
1147980 2252.9
1147990 2248.4
1148000 2243.2
1148010 2243.2
1148020 2237.6
1148030 2231.7
1148040 2231.7
1148050 2226.1
1148060 2222.4
1148070 2222.4
1148080 2220.8
1148090 2219.0
1148100 2219.0
1148110 2215.5
1148120 2210.6
1148130 2210.6
1148140 2204.5
1148150 2195.9
1148160 2195.9
1148170 2182.8
1148180 2167.7
1148190 2167.7
1148200 2159.6
1148210 2152.5
1148220 2145.7
1148230 2145.7
1148240 2139.1
1148250 2132.5
1148260 2132.5
1148270 2127.1
1148280 2122.1
1148290 2122.1
1148300 2115.7
1148310 2111.6
1148320 2111.6
1148330 2114.3
1148340 2115.4
1148350 2115.4
1148360 2113.4
1148370 2110.5
1148380 2110.5
1148390 2107.9
1148400 2106.0
1148410 2106.0
1148420 2102.9
1148430 2099.3
1148440 2099.3
1148450 2097.2
1148460 2091.7
1148470 2077.2
1148480 2077.2
1148490 2067.6
1148500 2064.3
1148510 2064.3
1148520 2064.0
1148530 2076.3
1148540 2076.3
1148550 2079.2
1148560 2082.3
1148570 2082.3
1148580 2080.5
1148590 2078.2
1148600 2078.2
1148610 2078.3
1148620 2080.4
1148630 2080.4
1148640 2081.7
1148650 2081.8
1148660 2081.8
1148670 2081.0
1148680 2072.4
1148690 2072.4
1148700 2042.5
1148710 2026.8
1148720 2024.3
1148730 2024.3
1148740 2015.2
1148750 2007.3
1148760 2007.3
1148770 1999.5
1148780 1993.2
1148790 1993.2
1148800 1982.9
1148810 1962.9
1148820 1962.9
1148830 1955.2
1148840 1954.2
1148850 1954.2
1148860 1947.8
1148870 1939.3
1148880 1939.3
1148890 1929.6
1148900 1920.5
1148910 1925.0
1148920 1923.5
1148930 1926.3
1148940 1928.3
1148950 1928.3
1148960 1929.7
1148970 1927.0
1148980 1927.0
1148990 1919.7
1149000 1911.4
1149010 1911.4
1149020 1906.5
1149030 1907.5
1149040 1907.5
1149050 1901.1
1149060 1882.4
1149070 1882.4
1149080 1868.4
1149090 1861.2
1149100 1861.2
1149110 1857.9
1149120 1852.8
1149130 1852.8
1149140 1846.6
1149150 1839.8
1149160 1839.8
1149170 1830.8
1149180 1823.3
1149190 1817.5
1149200 1817.5
1149210 1811.7
1149220 1806.9
1149230 1806.9
1149240 1803.7
1149250 1799.4
1149260 1799.4
1149270 1797.8
1149280 1795.9
1149290 1801.4
1149300 1796.2
1149310 1791.5
1149320 1791.5
1149330 1787.3
1149340 1781.9
1149350 1781.9
1149360 1776.9
1149370 1773.0
1149380 1773.0
1149390 1768.0
1149400 1763.9
1149410 1763.9
1149420 1760.2
1149430 1756.5
1149440 1753.8
1149450 1753.8
1149460 1750.3
1149470 1747.1
1149480 1747.1
1149490 1744.1
1149500 1741.3
1149510 1741.3
1149520 1738.8
1149530 1736.7
1149540 1736.7
1149550 1735.1
1149560 1732.6
1149570 1732.6
1149580 1729.9
1149590 1727.4
1149600 1727.4
1149610 1725.3
1149620 1722.9
1149630 1722.9
1149640 1719.4
1149650 1718.2
1149660 1719.8
1149670 1718.8
1149680 1719.4
1149690 1720.2
1149700 1720.2
1149710 1720.7
1149720 1722.9
1149730 1722.9
1149740 1725.9
1149750 1728.3
1149760 1728.3
1149770 1730.4
1149780 1733.3
1149790 1733.3
1149800 1737.1
1149810 1741.3
1149820 1741.3
1149830 1745.8
1149840 1749.6
1149850 1749.6
1149860 1753.1
1149870 1757.7
1149880 1757.7
1149890 1762.2
1149900 1767.8
1149910 1767.8
1149920 1772.5
1149930 1777.3
1149940 1782.3
1149950 1782.3
1149960 1786.9
1149970 1790.6
1149980 1790.6
1149990 1793.6
1150000 1796.5
1150010 1796.5
1150020 1799.1
1150030 1801.8
1150040 1802.0
1150050 1805.8
1150060 1809.5
1150070 1809.5
1150080 1812.9
1150090 1815.6
1150100 1815.6
1150110 1818.2
1150120 1820.7
1150130 1820.7
1150140 1822.9
1150150 1825.2
1150160 1825.2
1150170 1827.8
1150180 1830.3
1150190 1833.3
1150200 1833.3
1150210 1836.3
1150220 1839.1
1150230 1839.1
1150240 1842.2
1150250 1845.5
1150260 1845.5
1150270 1848.4
1150280 1850.9
1150290 1850.9
1150300 1852.9
1150310 1855.2
1150320 1855.2
1150330 1858.1
1150340 1860.4
1150350 1860.4
1150360 1861.9
1150370 1863.9
1150380 1863.9
1150390 1867.1
1150400 1870.1
1150410 1870.1
1150420 1870.3
1150430 1872.5
1150440 1874.8
1150450 1874.8
1150460 1877.1
1150470 1879.4
1150480 1879.4
1150490 1882.0
1150500 1884.3
1150510 1884.3
1150520 1885.5
1150530 1886.2
1150540 1886.2
1150550 1888.5
1150560 1891.2
1150570 1891.2
1150580 1893.4
1150590 1895.2
1150600 1895.2
1150610 1896.0
1150620 1897.6
1150630 1897.6
1150640 1899.2
1150650 1900.8
1150660 1900.8
1150670 1901.4
1150680 1901.5
1150690 1902.2
1150700 1902.2
1150710 1902.9
1150720 1903.9
1150730 1903.9
1150740 1904.7
1150750 1906.5
1150760 1906.5
1150770 1909.0
1150780 1908.7
1150790 1908.7
1150800 1910.2
1150810 1907.9
1150820 1907.9
1150830 1910.3
1150840 1909.7
1150850 1909.7
1150860 1905.7
1150870 1904.5
1150880 1904.5
1150890 1908.1
1150900 1911.5
1150910 1911.5
1150920 1913.8
1150930 1915.2
1150940 1916.3
1150950 1916.3
1150960 1917.5
1150970 1918.6
1150980 1918.6
1150990 1919.3
1151000 1920.9
1151010 1920.9
1151020 1921.8
1151030 1922.6
1151040 1922.6
1151050 1923.5
1151060 1924.5
1151070 1924.5
1151080 1923.8
1151090 1925.2
1151100 1925.2
1151110 1926.0
1151120 1927.1
1151130 1927.1
1151140 1928.4
1151150 1929.5
1151160 1929.5
1151170 1930.5
1151180 1931.5
1151190 1926.1
1151200 1926.1
1151210 1927.1
1151220 1927.4
1151230 1927.4
1151240 1928.0
1151250 1928.3
1151260 1928.3
1151270 1928.7
1151280 1929.3
1151290 1929.3
1151300 1929.6
1151310 1930.0
1151320 1930.0
1151330 1930.1
1151340 1929.8
1151350 1929.8
1151360 1929.7
1151370 1930.0
1151380 1930.0
1151390 1930.3
1151400 1929.6
1151410 1929.6
1151420 1928.0
1151430 1930.9
1151440 1934.8
1151450 1934.8
1151460 1935.8
1151470 1934.4
1151480 1934.4
1151490 1932.1
1151500 1929.3
1151510 1929.3
1151520 1926.1
1151530 1924.7
1151540 1924.7
1151550 1924.1
1151560 1923.4
1151570 1919.2
1151580 1918.6
1151590 1919.7
1151600 1919.7
1151610 1920.5
1151620 1920.3
1151630 1920.3
1151640 1919.2
1151650 1919.0
1151660 1919.0
1151670 1921.5
1151680 1921.6
1151690 1920.6
1151700 1920.6
1151710 1920.8
1151720 1921.6
1151730 1921.6
1151740 1922.4
1151750 1922.8
1151760 1922.8
1151770 1923.0
1151780 1923.4
1151790 1923.4
1151800 1923.7
1151810 1924.0
1151820 1924.0
1151830 1923.6
1151840 1922.2
1151850 1922.2
1151860 1921.7
1151870 1923.5
1151880 1923.5
1151890 1927.3
1151900 1932.5
1151910 1932.5
1151920 1936.5
1151930 1940.1
1151940 1944.2
1151950 1947.1
1151960 1950.2
1151970 1953.4
1151980 1953.4
1151990 1956.7
1152000 1959.9
1152010 1959.9
1152020 1963.9
1152030 1969.0
1152040 1969.0
1152050 1971.3
1152060 1972.8
1152070 1972.8
1152080 1975.2
1152090 1977.4
1152100 1977.4
1152110 1979.6
1152120 1982.2
1152130 1982.2
1152140 1984.6
1152150 1986.9
1152160 1986.9
1152170 1989.8
1152180 1992.4
1152190 1993.5
1152200 1993.5
1152210 1993.5
1152220 1994.1
1152230 1994.1
1152240 1998.5
1152250 2003.1
1152260 2003.1
1152270 2006.4
1152280 2008.6
1152290 2008.6
1152300 2010.9
1152310 2013.7
1152320 2013.7
1152330 2019.3
1152340 2023.2
1152350 2023.2
1152360 2027.6
1152370 2032.4
1152380 2032.4
1152390 2037.7
1152400 2043.1
1152410 2048.4
1152420 2048.4
1152430 2053.6
1152440 2059.3
1152450 2059.3
1152460 2065.4
1152470 2071.2
1152480 2071.2
1152490 2077.1
1152500 2083.3
1152510 2083.3
1152520 2089.8
1152530 2096.0
1152540 2096.0
1152550 2102.2
1152560 2108.9
1152570 2108.9
1152580 2116.3
1152590 2122.8
1152600 2122.8
1152610 2128.7
1152620 2133.9
1152630 2133.9
1152640 2137.2
1152650 2139.9
1152660 2144.2
1152670 2144.2
1152680 2150.9
1152690 2157.4
1152700 2157.4
1152710 2170.3
1152720 2176.2
1152730 2176.2
1152740 2180.7
1152750 2186.5
1152760 2186.5
1152770 2192.4
1152780 2197.2
1152790 2197.2
1152800 2200.2
1152810 2204.7
1152820 2204.7
1152830 2209.4
1152840 2215.4
1152850 2215.4
1152860 2223.5
1152870 2231.3
1152880 2231.3
1152890 2236.4
1152900 2235.1
1152910 2235.1
1152920 2235.1
1152930 2238.9
1152940 2242.3
1152950 2242.3
1152960 2248.8
1152970 2259.0
1152980 2259.0
1152990 2267.7
1153000 2276.5
1153010 2276.5
1153020 2283.1
1153030 2283.4
1153040 2283.4
1153050 2283.8
1153060 2283.4
1153070 2283.4
1153080 2284.4
1153090 2294.3
1153100 2319.9
1153110 2329.8
1153120 2337.7
1153130 2337.7
1153140 2344.8
1153150 2357.6
1153160 2370.1
1153170 2370.1
1153180 2380.3
1153190 2391.7
1153200 2391.7
1153210 2398.3
1153220 2407.4
1153230 2407.4
1153240 2418.0
1153250 2428.6
1153260 2428.6
1153270 2438.1
1153280 2445.2
1153290 2445.2
1153300 2454.4
1153310 2462.0
1153320 2462.0
1153330 2468.3
1153340 2477.0
1153350 2477.0
1153360 2488.5
1153370 2497.9
1153380 2497.9
1153390 2506.6
1153400 2514.7
1153410 2519.7
1153420 2519.7
1153430 2520.9
1153440 2520.8
1153450 2520.8
1153460 2521.1
1153470 2523.0
1153480 2516.5
1153490 2522.4
1153500 2528.7
1153510 2528.7
1153520 2535.5
1153530 2544.8
1153540 2544.8
1153550 2553.7
1153560 2561.6
1153570 2561.6
1153580 2569.5
1153590 2578.0
1153600 2578.0
1153610 2587.1
1153620 2596.0
1153630 2596.0
1153640 2609.5
1153650 2622.8
1153660 2633.4
1153670 2633.4
1153680 2643.4
1153690 2651.2
1153700 2651.2
1153710 2659.4
1153720 2667.1
1153730 2667.1
1153740 2670.8
1153750 2679.0
1153760 2679.0
1153770 2688.3
1153780 2695.5
1153790 2695.5
1153800 2706.4
1153810 2718.5
1153820 2718.5
1153830 2726.1
1153840 2733.9
1153850 2733.9
1153860 2741.4
1153870 2758.5
1153880 2758.5
1153890 2766.1
1153900 2771.4
1153910 2776.3
1153920 2776.3
1153930 2783.9
1153940 2789.2
1153950 2789.2
1153960 2791.1
1153970 2789.6
1153980 2789.6
1153990 2787.5
1154000 2788.6
1154010 2788.6
1154020 2787.7
1154030 2778.2
1154040 2778.2
1154050 2772.5
1154060 2774.2
1154070 2774.2
1154080 2775.5
1154090 2776.0
1154100 2776.0
1154110 2776.5
1154120 2772.8
1154130 2772.8
1154140 2769.8
1154150 2768.1
1154160 2765.2
1154170 2765.2
1154180 2762.2
1154190 2761.9
1154200 2761.9
1154210 2763.2
1154220 2768.8
1154230 2768.8
1154240 2776.8
1154250 2799.1
1154260 2799.1
1154270 2802.6
1154280 2800.1
1154290 2800.1
1154300 2794.0
1154310 2788.3
1154320 2788.3
1154330 2782.3
1154340 2773.9
1154350 2773.9
1154360 2765.2
1154370 2757.7
1154380 2757.7
1154390 2740.8
1154400 2721.1
1154410 2713.1
1154420 2713.1
1154430 2707.6
1154440 2702.7
1154450 2702.7
1154460 2698.0
1154470 2693.5
1154480 2693.5
1154490 2689.2
1154500 2684.9
1154510 2684.9
1154520 2680.7
1154530 2676.6
1154540 2676.6
1154550 2672.4
1154560 2668.3
1154570 2668.3
1154580 2664.3
1154590 2660.4
1154600 2660.4
1154610 2656.8
1154620 2653.4
1154630 2653.4
1154640 2655.9
1154650 2653.2
1154660 2650.9
1154670 2650.9
1154680 2649.1
1154690 2647.9
1154700 2647.9
1154710 2651.0
1154720 2663.4
1154730 2663.4
1154740 2673.0
1154750 2668.5
1154760 2668.5
1154770 2658.1
1154780 2649.2
1154790 2649.2
1154800 2635.5
1154810 2617.4
1154820 2617.4
1154830 2596.7
1154840 2572.5
1154850 2572.5
1154860 2564.3
1154870 2554.0
1154880 2554.0
1154890 2538.3
1154900 2525.4
1154910 2510.1
1154920 2510.1
1154930 2502.5
1154940 2497.6
1154950 2497.6
1154960 2491.6
1154970 2485.4
1154980 2485.4
1154990 2479.5
1155000 2473.3
1155010 2473.3
1155020 2469.5
1155030 2462.3
1155040 2462.3
1155050 2455.0
1155060 2448.5
1155070 2448.5
1155080 2444.5
1155090 2441.9
1155100 2441.9
1155110 2437.5
1155120 2432.9
1155130 2432.9
1155140 2427.4
1155150 2422.1
1155160 2417.4
1155170 2417.4
1155180 2412.4
1155190 2407.0
1155200 2407.0
1155210 2401.1
1155220 2394.9
1155230 2394.9
1155240 2388.8
1155250 2383.2
1155260 2383.2
1155270 2377.2
1155280 2371.0
1155290 2371.0
1155300 2365.0
1155310 2359.5
1155320 2359.5
1155330 2354.5
1155340 2349.6
1155350 2349.6
1155360 2345.0
1155370 2340.4
1155380 2335.7
1155390 2335.7
1155400 2330.4
1155410 2329.8
1155420 2329.8
1155430 2327.2
1155440 2324.5
1155450 2324.5
1155460 2321.4
1155470 2318.1
1155480 2318.1
1155490 2314.4
1155500 2310.3
1155510 2310.3
1155520 2306.3
1155530 2302.2
1155540 2302.2
1155550 2298.1
1155560 2294.0
1155570 2294.0
1155580 2290.4
1155590 2286.8
1155600 2286.8
1155610 2283.2
1155620 2279.8
1155630 2276.5
1155640 2276.5
1155650 2272.8
1155660 2269.5
1155670 2269.5
1155680 2266.2
1155690 2263.0
1155700 2263.0
1155710 2260.2
1155720 2257.9
1155730 2257.9
1155740 2255.9
1155750 2253.1
1155760 2253.1
1155770 2249.5
1155780 2246.1
1155790 2249.5
1155800 2245.8
1155810 2242.1
1155820 2242.1
1155830 2239.2
1155840 2236.7
1155850 2236.7
1155860 2235.9
1155870 2234.7
1155880 2232.7
1155890 2232.7
1155900 2232.9
1155910 2232.3
1155920 2232.3
1155930 2231.5
1155940 2230.8
1155950 2230.8
1155960 2230.0
1155970 2228.1
1155980 2228.1
1155990 2225.0
1156000 2222.6
1156010 2222.6
1156020 2220.5
1156030 2217.5
1156040 2217.5
1156050 2214.2
1156060 2211.2
1156070 2211.2
1156080 2207.6
1156090 2203.7
1156100 2203.7
1156110 2198.4
1156120 2193.9
1156130 2191.2
1156140 2191.2
1156150 2188.9
1156160 2186.5
1156170 2186.5
1156180 2189.0
1156190 2187.3
1156200 2187.3
1156210 2186.9
1156220 2185.8
1156230 2185.8
1156240 2181.7
1156250 2178.3
1156260 2178.3
1156270 2175.2
1156280 2170.8
1156290 2170.8
1156300 2167.7
1156310 2165.9
1156320 2165.9
1156330 2164.2
1156340 2161.8
1156350 2161.8
1156360 2159.3
1156370 2157.7
1156380 2156.3
1156390 2156.3
1156400 2154.8
1156410 2152.0
1156420 2152.0
1156430 2149.4
1156440 2149.2
1156450 2149.2
1156460 2147.6
1156470 2146.7
1156480 2146.7
1156490 2147.1
1156500 2148.0
1156510 2148.0
1156520 2148.9
1156530 2148.1
1156540 2148.1
1156550 2148.4
1156560 2148.9
1156570 2153.1
1156580 2152.9
1156590 2153.7
1156600 2153.7
1156610 2154.3
1156620 2153.4
1156630 2153.4
1156640 2153.4
1156650 2153.8
1156660 2155.4
1156670 2155.4
1156680 2156.9
1156690 2157.2
1156700 2157.2
1156710 2156.8
1156720 2159.9
1156730 2159.9
1156740 2161.9
1156750 2163.2
1156760 2163.2
1156770 2162.5
1156780 2163.3
1156790 2163.3
1156800 2166.0
1156810 2168.6
1156820 2168.6
1156830 2170.9
1156840 2172.8
1156850 2172.8
1156860 2171.8
1156870 2167.4
1156880 2165.5
1156890 2165.5
1156900 2163.9
1156910 2159.7
1156920 2159.7
1156930 2155.3
1156940 2152.6
1156950 2152.6
1156960 2160.3
1156970 2156.0
1156980 2156.0
1156990 2152.9
1157000 2151.4
1157010 2151.4
1157020 2149.3
1157030 2147.7
1157040 2147.7
1157050 2146.9
1157060 2144.4
1157070 2144.4
1157080 2141.6
1157090 2140.7
1157100 2140.7
1157110 2141.1
1157120 2140.9
1157130 2140.2
1157140 2140.2
1157150 2139.5
1157160 2138.1
1157170 2138.1
1157180 2137.2
1157190 2137.4
1157200 2137.4
1157210 2137.9
1157220 2136.6
1157230 2136.6
1157240 2135.6
1157250 2136.1
1157260 2136.1
1157270 2136.4
1157280 2133.7
1157290 2133.7
1157300 2131.9
1157310 2131.4
1157320 2131.4
1157330 2130.1
1157340 2134.4
1157350 2134.4
1157360 2135.4
1157370 2137.2
1157380 2138.7
1157390 2138.7
1157400 2140.1
1157410 2142.3
1157420 2142.3
1157430 2142.9
1157440 2143.0
1157450 2143.0
1157460 2144.3
1157470 2146.3
1157480 2146.3
1157490 2146.0
1157500 2143.5
1157510 2143.5
1157520 2141.0
1157530 2140.0
1157540 2140.0
1157550 2140.5
1157560 2141.9
1157570 2141.9
1157580 2145.1
1157590 2145.9
1157600 2145.9
1157610 2146.0
1157620 2145.3
1157630 2143.2
1157640 2143.2
1157650 2143.6
1157660 2146.2
1157670 2146.2
1157680 2149.2
1157690 2149.6
1157700 2149.6
1157710 2148.2
1157720 2146.1
1157730 2147.9
1157740 2146.8
1157750 2147.4
1157760 2147.4
1157770 2147.2
1157780 2146.3
1157790 2146.3
1157800 2145.8
1157810 2146.1
1157820 2146.1
1157830 2144.1
1157840 2144.2
1157850 2144.2
1157860 2146.0
1157870 2147.0
1157880 2148.1
1157890 2148.1
1157900 2148.0
1157910 2147.4
1157920 2147.4
1157930 2145.9
1157940 2146.1
1157950 2146.1
1157960 2146.9
1157970 2145.9
1157980 2145.9
1157990 2150.0
1158000 2155.2
1158010 2155.2
1158020 2158.0
1158030 2158.5
1158040 2158.5
1158050 2162.3
1158060 2167.8
1158070 2167.8
1158080 2174.9
1158090 2181.8
1158100 2181.8
1158110 2184.3
1158120 2186.2
1158130 2188.2
1158140 2188.2
1158150 2189.9
1158160 2191.4
1158170 2191.4
1158180 2190.6
1158190 2189.1
1158200 2189.1
1158210 2188.5
1158220 2188.8
1158230 2188.8
1158240 2191.0
1158250 2192.8
1158260 2192.8
1158270 2194.0
1158280 2195.7
1158290 2195.7
1158300 2196.4
1158310 2198.5
1158320 2198.5
1158330 2199.5
1158340 2202.4
1158350 2202.4
1158360 2205.5
1158370 2207.4
1158380 2210.1
1158390 2210.1
1158400 2212.8
1158410 2213.8
1158420 2213.8
1158430 2212.3
1158440 2211.2
1158450 2211.2
1158460 2213.9
1158470 2216.5
1158480 2216.5
1158490 2219.0
1158500 2223.0
1158510 2226.2
1158520 2229.7
1158530 2232.9
1158540 2232.9
1158550 2234.5
1158560 2234.8
1158570 2234.8
1158580 2237.2
1158590 2241.9
1158600 2246.7
1158610 2246.7
1158620 2251.1
1158630 2255.5
1158640 2255.5
1158650 2259.9
1158660 2265.0
1158670 2265.0
1158680 2270.5
1158690 2275.6
1158700 2275.6
1158710 2280.2
1158720 2284.4
1158730 2284.4
1158740 2287.9
1158750 2290.5
1158760 2290.5
1158770 2292.4
1158780 2294.9
1158790 2294.9
1158800 2297.2
1158810 2299.8
1158820 2299.8
1158830 2302.8
1158840 2305.5
1158850 2307.9
1158860 2307.9
1158870 2310.8
1158880 2313.5
1158890 2313.5
1158900 2318.9
1158910 2320.2
1158920 2320.2
1158930 2321.5
1158940 2324.0
1158950 2324.0
1158960 2327.4
1158970 2329.9
1158980 2329.9
1158990 2332.7
1159000 2337.8
1159010 2337.8
1159020 2343.4
1159030 2348.0
1159040 2348.0
1159050 2351.8
1159060 2355.6
1159070 2355.6
1159080 2358.6
1159090 2362.1
1159100 2365.5
1159110 2365.5
1159120 2368.9
1159130 2371.1
1159140 2371.1
1159150 2373.5
1159160 2376.3
1159170 2376.3
1159180 2379.2
1159190 2381.6
1159200 2381.6
1159210 2385.0
1159220 2387.4
1159230 2387.4
1159240 2389.5
1159250 2393.2
1159260 2393.2
1159270 2397.2
1159280 2400.4
1159290 2400.7
1159300 2404.0
1159310 2406.8
1159320 2406.8
1159330 2408.5
1159340 2410.5
1159350 2411.9
1159360 2411.9
1159370 2411.7
1159380 2411.7
1159390 2411.7
1159400 2413.5
1159410 2415.6
1159420 2415.6
1159430 2416.3
1159440 2416.0
1159450 2416.0
1159460 2416.4
1159470 2419.7
1159480 2419.7
1159490 2423.0
1159500 2426.1
1159510 2426.1
1159520 2429.0
1159530 2432.1
1159540 2432.1
1159550 2435.2
1159560 2439.0
1159570 2439.0
1159580 2442.5
1159590 2445.1
1159600 2448.8
1159610 2448.8
1159620 2451.7
1159630 2454.1
1159640 2454.1
1159650 2457.4
1159660 2462.4
1159670 2462.4
1159680 2469.4
1159690 2475.6
1159700 2475.6
1159710 2480.6
1159720 2486.6
1159730 2486.6
1159740 2492.3
1159750 2496.9
1159760 2496.9
1159770 2501.9
1159780 2507.6
1159790 2507.6
1159800 2513.8
1159810 2520.2
1159820 2520.2
1159830 2526.9
1159840 2533.9
1159850 2540.7
1159860 2540.7
1159870 2547.5
1159880 2554.2
1159890 2554.2
1159900 2561.0
1159910 2568.3
1159920 2568.3
1159930 2577.1
1159940 2585.9
1159950 2585.9
1159960 2594.9
1159970 2602.9
1159980 2602.9
1159990 2610.0
