1140000 2538.1
1140010 2538.1
1140020 2531.0
1140030 2520.0
1140040 2520.0
1140050 2509.7
1140060 2493.3
1140070 2493.3
1140080 2477.9
1140090 2470.5
1140100 2470.5
1140110 2474.2
1140120 2471.4
1140130 2471.4
1140140 2464.3
1140150 2458.6
1140160 2458.6
1140170 2450.1
1140180 2432.1
1140190 2417.6
1140200 2434.4
1140210 2431.2
1140220 2423.9
1140230 2423.9
1140240 2409.5
1140250 2391.4
1140260 2391.4
1140270 2384.7
1140280 2374.0
1140290 2374.0
1140300 2358.1
1140310 2344.8
1140320 2344.8
1140330 2332.7
1140340 2326.8
1140350 2326.8
1140360 2322.9
1140370 2319.3
1140380 2319.3
1140390 2316.5
1140400 2313.4
1140410 2313.4
1140420 2309.9
1140430 2305.4
1140440 2300.4
1140450 2300.4
1140460 2294.9
1140470 2289.6
1140480 2289.6
1140490 2284.3
1140500 2279.2
1140510 2279.2
1140520 2274.1
1140530 2268.8
1140540 2268.8
1140550 2263.5
1140560 2258.1
1140570 2262.4
1140580 2256.7
1140590 2250.8
1140600 2250.8
1140610 2244.5
1140620 2238.4
1140630 2238.4
1140640 2232.4
1140650 2226.1
1140660 2226.1
1140670 2220.1
1140680 2214.2
1140690 2208.8
1140700 2208.8
1140710 2204.3
1140720 2200.1
1140730 2200.1
1140740 2195.7
1140750 2191.7
1140760 2191.7
1140770 2187.9
1140780 2185.8
1140790 2185.8
1140800 2184.7
1140810 2182.9
1140820 2182.9
1140830 2180.5
1140840 2178.3
1140850 2178.3
1140860 2175.3
1140870 2171.6
1140880 2171.6
1140890 2168.3
1140900 2164.5
1140910 2164.5
1140920 2159.9
1140930 2155.3
1140940 2154.1
1140950 2154.1
1140960 2152.0
1140970 2149.1
1140980 2149.1
1140990 2145.5
1141000 2142.8
1141010 2142.8
1141020 2139.8
1141030 2136.8
1141040 2136.8
1141050 2134.3
1141060 2131.2
1141070 2131.2
1141080 2127.7
1141090 2126.0
1141100 2126.0
1141110 2127.1
1141120 2125.2
1141130 2125.2
1141140 2123.0
1141150 2120.2
1141160 2120.2
1141170 2116.6
1141180 2114.3
1141190 2112.5
1141200 2112.5
1141210 2111.6
1141220 2110.3
1141230 2110.3
1141240 2108.1
1141250 2107.7
1141260 2107.7
1141270 2105.1
1141280 2099.7
1141290 2099.7
1141300 2093.5
1141310 2093.6
1141320 2093.6
1141330 2090.8
1141340 2087.0
1141350 2087.0
1141360 2082.3
1141370 2077.0
1141380 2077.0
1141390 2071.4
1141400 2065.9
1141410 2065.9
1141420 2062.9
1141430 2058.8
1141440 2054.1
1141450 2054.1
1141460 2049.6
1141470 2045.4
1141480 2045.4
1141490 2040.6
1141500 2036.1
1141510 2036.1
1141520 2031.9
1141530 2027.8
1141540 2027.8
1141550 2024.2
1141560 2020.4
1141570 2020.4
1141580 2016.5
1141590 2012.0
1141600 2012.0
1141610 2007.1
1141620 2002.2
1141630 2002.2
1141640 1996.3
1141650 1990.3
1141660 1990.3
1141670 1984.0
1141680 1976.8
1141690 1969.2
1141700 1969.2
1141710 1960.8
1141720 1950.6
1141730 1950.6
1141740 1939.3
1141750 1935.8
1141760 1935.8
1141770 1934.6
1141780 1934.1
1141790 1934.1
1141800 1930.7
1141810 1926.5
1141820 1926.5
1141830 1922.5
1141840 1917.2
1141850 1917.2
1141860 1910.4
1141870 1905.2
1141880 1905.2
1141890 1901.3
1141900 1893.7
1141910 1893.7
1141920 1881.9
1141930 1872.6
1141940 1864.3
1141950 1864.3
1141960 1851.6
1141970 1841.8
1141980 1841.8
1141990 1833.7
1142000 1825.0
1142010 1825.0
1142020 1816.9
1142030 1809.2
1142040 1809.2
1142050 1802.8
1142060 1797.4
1142070 1797.4
1142080 1792.4
1142090 1786.9
1142100 1786.9
1142110 1780.0
1142120 1773.0
1142130 1773.0
1142140 1767.0
1142150 1761.6
1142160 1761.6
1142170 1755.3
1142180 1749.2
1142190 1744.3
1142200 1744.3
1142210 1740.1
1142220 1735.3
1142230 1735.3
1142240 1730.4
1142250 1725.8
1142260 1725.8
1142270 1721.7
1142280 1716.8
1142290 1716.8
1142300 1711.8
1142310 1707.4
1142320 1707.4
1142330 1703.2
1142340 1698.7
1142350 1698.7
1142360 1691.1
1142370 1683.4
1142380 1683.4
1142390 1676.7
1142400 1670.8
1142410 1670.8
1142420 1665.9
1142430 1658.7
1142440 1650.5
1142450 1650.5
1142460 1641.7
1142470 1632.8
1142480 1632.8
1142490 1625.0
1142500 1618.0
1142510 1618.0
1142520 1611.7
1142530 1605.5
1142540 1605.5
1142550 1599.7
1142560 1594.2
1142570 1594.2
1142580 1589.4
1142590 1584.5
1142600 1584.5
1142610 1578.7
1142620 1570.7
1142630 1570.7
1142640 1562.1
1142650 1554.6
1142660 1554.6
1142670 1548.8
1142680 1544.8
1142690 1541.8
1142700 1541.8
1142710 1539.0
1142720 1535.5
1142730 1535.5
1142740 1532.6
1142750 1531.9
1142760 1531.9
1142770 1532.4
1142780 1533.0
1142790 1533.0
1142800 1538.0
1142810 1539.8
1142820 1539.8
1142830 1541.2
1142840 1541.8
1142850 1541.8
1142860 1542.3
1142870 1542.8
1142880 1542.8
1142890 1543.9
1142900 1545.0
1142910 1546.0
1142920 1546.0
1142930 1547.3
1142940 1548.6
1142950 1548.6
1142960 1549.8
1142970 1551.0
1142980 1551.0
1142990 1551.8
1143000 1552.8
1143010 1552.8
1143020 1554.1
1143030 1555.9
1143040 1555.9
1143050 1557.7
1143060 1559.0
1143070 1559.0
1143080 1560.0
1143090 1560.0
1143100 1560.0
1143110 1561.8
1143120 1563.0
1143130 1563.0
1143140 1562.7
1143150 1562.8
1143160 1562.8
1143170 1564.6
1143180 1565.2
1143190 1566.5
1143200 1566.5
1143210 1568.0
1143220 1570.3
1143230 1570.3
1143240 1576.2
1143250 1582.9
1143260 1582.9
1143270 1589.4
1143280 1598.2
1143290 1598.2
1143300 1608.3
1143310 1616.0
1143320 1616.0
1143330 1626.5
1143340 1632.6
1143350 1632.6
1143360 1639.6
1143370 1645.7
1143380 1645.7
1143390 1654.1
1143400 1663.8
1143410 1676.5
1143420 1676.5
1143430 1688.7
1143440 1691.5
1143450 1691.5
1143460 1698.6
1143470 1704.7
1143480 1704.7
1143490 1709.3
1143500 1714.0
1143510 1714.0
1143520 1718.6
1143530 1723.0
1143540 1721.8
1143550 1720.9
1143560 1722.6
1143570 1722.6
1143580 1728.1
1143590 1733.1
1143600 1733.1
1143610 1739.3
1143620 1744.9
1143630 1744.9
1143640 1748.2
1143650 1749.5
1143660 1753.9
1143670 1753.9
1143680 1758.1
1143690 1763.3
1143700 1763.3
1143710 1768.4
1143720 1770.4
1143730 1770.4
1143740 1768.0
1143750 1768.0
1143760 1768.0
1143770 1768.9
1143780 1777.7
1143790 1777.7
1143800 1784.2
1143810 1789.6
1143820 1789.6
1143830 1794.3
1143840 1794.7
1143850 1794.7
1143860 1796.0
1143870 1798.3
1143880 1798.3
1143890 1802.4
1143900 1807.3
1143910 1805.5
1143920 1805.5
1143930 1810.8
1143940 1817.8
1143950 1817.8
1143960 1823.3
1143970 1827.0
1143980 1827.0
1143990 1831.1
1144000 1841.0
1144010 1841.0
1144020 1854.6
1144030 1869.6
1144040 1869.6
1144050 1877.9
1144060 1884.9
1144070 1884.9
1144080 1887.3
1144090 1888.0
1144100 1888.0
1144110 1895.5
1144120 1904.7
1144130 1904.7
1144140 1908.6
1144150 1917.0
1144160 1927.9
1144170 1927.9
1144180 1934.5
1144190 1941.2
1144200 1941.2
1144210 1948.5
1144220 1954.9
1144230 1954.9
1144240 1960.3
1144250 1961.2
1144260 1961.2
1144270 1964.1
1144280 1968.1
1144290 1956.9
1144300 1954.6
1144310 1954.5
1144320 1954.5
1144330 1964.9
1144340 1972.4
1144350 1972.4
1144360 1975.1
1144370 1976.5
1144380 1976.5
1144390 1980.7
1144400 1989.3
1144410 2003.1
1144420 2003.1
1144430 2017.9
1144440 2028.7
1144450 2028.7
1144460 2043.4
1144470 2057.7
1144480 2057.7
1144490 2063.3
1144500 2066.8
1144510 2066.8
1144520 2070.8
1144530 2076.5
1144540 2076.5
1144550 2082.4
1144560 2087.8
1144570 2087.8
1144580 2093.3
1144590 2097.5
1144600 2097.5
1144610 2101.2
1144620 2106.7
1144630 2106.7
1144640 2113.4
1144650 2120.7
1144660 2129.2
1144670 2129.2
1144680 2139.4
1144690 2149.2
1144700 2149.2
1144710 2156.9
1144720 2161.5
1144730 2161.5
1144740 2163.5
1144750 2164.4
1144760 2164.4
1144770 2165.3
1144780 2166.3
1144790 2166.3
1144800 2166.6
1144810 2169.5
1144820 2169.5
1144830 2173.2
1144840 2176.8
1144850 2176.8
1144860 2178.7
1144870 2181.6
1144880 2181.6
1144890 2184.3
1144900 2185.3
1144910 2185.2
1144920 2185.2
1144930 2187.1
1144940 2187.4
1144950 2187.4
1144960 2187.0
1144970 2186.6
1144980 2186.6
1144990 2186.1
1145000 2186.8
1145010 2186.8
1145020 2188.1
1145030 2189.8
1145040 2189.8
1145050 2192.0
1145060 2193.5
1145070 2193.5
1145080 2195.7
1145090 2197.0
1145100 2197.0
1145110 2197.7
1145120 2201.6
1145130 2201.6
1145140 2207.2
1145150 2212.0
1145160 2219.2
1145170 2219.2
1145180 2220.3
1145190 2220.4
1145200 2220.4
1145210 2223.5
1145220 2224.9
1145230 2224.9
1145240 2227.4
1145250 2232.1
1145260 2232.1
1145270 2238.4
1145280 2246.4
1145290 2246.4
1145300 2254.9
1145310 2258.8
1145320 2258.8
1145330 2261.0
1145340 2265.7
1145350 2265.7
1145360 2271.0
1145370 2277.4
1145380 2277.4
1145390 2285.6
1145400 2291.7
1145410 2298.0
1145420 2298.0
1145430 2303.8
1145440 2310.6
1145450 2310.6
1145460 2316.5
1145470 2324.8
1145480 2324.8
1145490 2329.0
1145500 2331.7
1145510 2331.7
1145520 2336.1
1145530 2341.9
1145540 2341.9
1145550 2346.2
1145560 2348.7
1145570 2348.7
1145580 2350.9
1145590 2352.6
1145600 2352.6
1145610 2352.2
1145620 2349.4
1145630 2349.4
1145640 2341.6
1145650 2342.4
1145660 2349.0
1145670 2349.0
1145680 2355.4
1145690 2355.6
1145700 2355.6
1145710 2352.7
1145720 2346.5
1145730 2346.5
1145740 2340.1
1145750 2332.7
1145760 2332.7
1145770 2335.7
1145780 2343.4
1145790 2343.4
1145800 2340.4
1145810 2339.5
1145820 2339.5
1145830 2337.1
1145840 2334.0
1145850 2334.0
1145860 2330.7
1145870 2326.5
1145880 2326.5
1145890 2324.4
1145900 2322.2
1145910 2320.0
1145920 2320.0
1145930 2317.1
1145940 2316.2
1145950 2316.2
1145960 2315.9
1145970 2314.9
1145980 2314.9
1145990 2313.3
1146000 2311.3
1146010 2311.3
1146020 2308.9
1146030 2305.9
1146040 2305.9
1146050 2304.1
1146060 2302.4
1146070 2302.4
1146080 2301.2
1146090 2300.0
1146100 2300.0
1146110 2298.4
1146120 2298.1
1146130 2298.1
1146140 2297.5
1146150 2298.0
1146160 2303.8
1146170 2303.8
1146180 2305.0
1146190 2305.6
1146200 2305.6
1146210 2306.3
1146220 2308.9
1146230 2308.9
1146240 2314.6
1146250 2319.6
1146260 2319.6
1146270 2325.8
1146280 2329.1
1146290 2329.1
1146300 2325.5
1146310 2316.8
1146320 2316.8
1146330 2313.3
1146340 2313.4
1146350 2313.4
1146360 2312.8
1146370 2312.0
1146380 2312.0
1146390 2312.4
1146400 2312.9
1146410 2314.1
1146420 2314.1
1146430 2317.1
1146440 2320.6
1146450 2320.6
1146460 2323.8
1146470 2326.7
1146480 2326.7
1146490 2329.3
1146500 2331.0
1146510 2331.0
1146520 2331.8
1146530 2337.9
1146540 2337.9
1146550 2337.9
1146560 2339.6
1146570 2339.6
1146580 2342.3
1146590 2344.5
1146600 2344.5
1146610 2347.0
1146620 2349.2
1146630 2351.6
1146640 2351.6
1146650 2354.1
1146660 2356.1
1146670 2356.1
1146680 2358.0
1146690 2359.7
1146700 2359.7
1146710 2361.3
1146720 2362.7
1146730 2362.7
1146740 2363.9
1146750 2365.0
1146760 2365.0
1146770 2366.3
1146780 2367.8
1146790 2367.8
1146800 2369.3
1146810 2370.5
1146820 2370.5
1146830 2371.0
1146840 2370.8
1146850 2370.8
1146860 2370.3
1146870 2371.0
1146880 2373.4
1146890 2373.4
1146900 2378.3
1146910 2410.0
1146920 2410.0
1146930 2428.6
1146940 2440.0
1146950 2440.0
1146960 2450.7
1146970 2458.6
1146980 2458.6
1146990 2472.6
1147000 2481.4
1147010 2481.4
1147020 2488.3
1147030 2492.5
1147040 2492.5
1147050 2478.3
1147060 2439.0
1147070 2439.0
1147080 2415.6
1147090 2401.9
1147100 2401.9
1147110 2396.0
1147120 2390.1
1147130 2384.3
1147140 2384.3
1147150 2378.5
1147160 2373.0
1147170 2373.0
1147180 2367.1
1147190 2361.5
1147200 2361.5
1147210 2356.1
1147220 2351.1
1147230 2351.1
1147240 2346.3
1147250 2341.7
1147260 2341.7
1147270 2337.4
1147280 2334.0
1147290 2332.8
1147300 2332.3
1147310 2332.3
1147320 2332.3
1147330 2332.6
1147340 2332.3
1147350 2332.3
1147360 2331.8
1147370 2330.8
1147380 2328.6
1147390 2328.6
1147400 2326.6
1147410 2324.0
1147420 2324.0
1147430 2320.9
1147440 2318.3
1147450 2318.3
1147460 2311.9
1147470 2304.2
1147480 2304.2
1147490 2300.6
1147500 2298.1
1147510 2298.1
1147520 2293.0
1147530 2286.9
1147540 2286.9
1147550 2282.8
1147560 2279.0
1147570 2279.0
1147580 2273.9
1147590 2267.9
1147600 2267.9
1147610 2262.9
1147620 2259.6
1147630 2258.0
1147640 2258.0
1147650 2256.4
1147660 2256.4
1147670 2256.4
1147680 2261.7
1147690 2263.5
1147700 2263.5
1147710 2263.2
1147720 2261.1
1147730 2261.1
1147740 2259.1
1147750 2260.5
1147760 2260.5
1147770 2264.1
1147780 2265.8
1147790 2265.8
1147800 2266.0
1147810 2266.9
1147820 2266.9
1147830 2268.5
1147840 2271.1
1147850 2271.1
1147860 2273.1
1147870 2274.1
1147880 2274.2
1147890 2274.2
1147900 2274.8
1147910 2274.4
1147920 2274.4
1147930 2270.0
1147940 2264.7
1147950 2264.7
1147960 2259.1
1147970 2252.9
1147980 2252.9
1147990 2247.2
1148000 2242.1
1148010 2242.1
1148020 2237.1
1148030 2231.6
1148040 2231.8
1148050 2227.4
1148060 2224.8
1148070 2224.8
1148080 2222.5
1148090 2219.9
1148100 2219.9
1148110 2214.3
1148120 2203.6
1148130 2194.4
1148140 2194.4
1148150 2185.2
1148160 2177.3
1148170 2177.3
1148180 2171.0
1148190 2165.0
1148200 2165.0
1148210 2158.9
1148220 2152.0
1148230 2152.0
1148240 2144.7
1148250 2138.2
1148260 2138.2
1148270 2130.7
1148280 2121.3
1148290 2121.3
1148300 2110.4
1148310 2100.2
1148320 2100.2
1148330 2091.5
1148340 2088.3
1148350 2088.3
1148360 2087.5
1148370 2084.2
1148380 2082.3
1148390 2082.3
1148400 2080.3
1148410 2080.7
1148420 2089.4
1148430 2088.9
1148440 2089.2
1148450 2089.2
1148460 2087.0
1148470 2080.0
1148480 2080.0
1148490 2066.2
1148500 2057.6
1148510 2057.6
1148520 2051.0
1148530 2050.5
1148540 2050.5
1148550 2054.1
1148560 2058.8
1148570 2058.8
1148580 2057.9
1148590 2056.4
1148600 2056.4
1148610 2056.6
1148620 2060.0
1148630 2062.3
1148640 2062.3
1148650 2059.6
1148660 2044.7
1148670 2044.7
1148680 2041.4
1148690 2036.7
1148700 2036.7
1148710 2002.5
1148720 1987.1
1148730 1987.1
1148740 1984.2
1148750 1984.0
1148760 1984.0
1148770 1977.9
1148780 1969.6
1148790 1969.6
1148800 1963.8
1148810 1952.3
1148820 1952.3
1148830 1942.2
1148840 1937.3
1148850 1937.3
1148860 1934.4
1148870 1929.3
1148880 1927.9
1148890 1927.9
1148900 1917.3
1148910 1905.2
1148920 1905.2
1148930 1900.6
1148940 1906.6
1148950 1906.6
1148960 1910.8
1148970 1910.5
1148980 1910.5
1148990 1907.7
1149000 1903.0
1149010 1903.0
1149020 1891.7
1149030 1875.4
1149040 1875.4
1149050 1866.1
1149060 1862.7
1149070 1862.7
1149080 1857.2
1149090 1848.5
1149100 1848.5
1149110 1840.0
1149120 1833.2
1149130 1826.9
1149140 1826.9
1149150 1820.5
1149160 1813.7
1149170 1813.7
1149180 1811.8
1149190 1805.4
1149200 1805.4
1149210 1800.6
1149220 1796.1
1149230 1796.1
1149240 1792.0
1149250 1788.9
1149260 1788.9
1149270 1785.9
1149280 1784.2
1149290 1784.2
1149300 1782.0
1149310 1779.5
1149320 1779.5
1149330 1776.6
1149340 1773.1
1149350 1773.1
1149360 1769.4
1149370 1765.4
1149380 1760.9
1149390 1760.9
1149400 1757.0
1149410 1752.9
1149420 1752.9
1149430 1748.8
1149440 1745.2
1149450 1745.2
1149460 1742.0
1149470 1738.6
1149480 1738.6
1149490 1735.9
1149500 1733.4
1149510 1733.4
1149520 1731.2
1149530 1729.1
1149540 1729.1
1149550 1727.1
1149560 1727.4
1149570 1727.4
1149580 1725.9
1149590 1723.4
1149600 1723.4
1149610 1719.7
1149620 1716.8
1149630 1715.7
1149640 1715.7
1149650 1715.8
1149660 1717.3
1149670 1717.3
1149680 1718.8
1149690 1719.8
1149700 1719.8
1149710 1721.1
1149720 1724.4
1149730 1724.4
1149740 1727.7
1149750 1731.4
1149760 1731.4
1149770 1735.8
1149780 1740.5
1149790 1740.5
1149800 1744.5
1149810 1747.5
1149820 1747.5
1149830 1750.6
1149840 1754.2
1149850 1754.2
1149860 1758.2
1149870 1762.6
1149880 1767.5
1149890 1767.5
1149900 1772.9
1149910 1778.4
1149920 1778.4
1149930 1781.2
1149940 1785.4
1149950 1785.4
1149960 1789.0
1149970 1792.7
1149980 1792.7
1149990 1796.6
1150000 1800.6
1150010 1800.6
1150020 1804.1
1150030 1806.5
1150040 1806.5
1150050 1808.9
1150060 1812.1
1150070 1812.1
1150080 1815.3
1150090 1818.2
1150100 1818.2
1150110 1821.1
1150120 1824.6
1150130 1828.1
1150140 1828.1
1150150 1831.0
1150160 1834.3
1150170 1834.3
1150180 1838.1
1150190 1841.2
1150200 1841.2
1150210 1844.1
1150220 1847.9
1150230 1847.9
1150240 1852.0
1150250 1855.3
1150260 1855.3
1150270 1858.0
1150280 1860.1
1150290 1860.1
1150300 1862.2
1150310 1864.3
1150320 1861.6
1150330 1863.6
1150340 1865.5
1150350 1866.8
1150360 1866.8
1150370 1868.6
1150380 1870.9
1150390 1870.9
1150400 1873.3
1150410 1875.7
1150420 1875.7
1150430 1878.5
1150440 1881.3
1150450 1881.3
1150460 1883.6
1150470 1886.0
1150480 1886.0
1150490 1888.6
1150500 1891.3
1150510 1891.3
1150520 1893.6
1150530 1895.8
1150540 1895.8
1150550 1897.6
1150560 1899.6
1150570 1899.6
1150580 1901.8
1150590 1904.1
1150600 1905.1
1150610 1905.1
1150620 1906.4
1150630 1907.8
1150640 1907.8
1150650 1909.2
1150660 1910.7
1150670 1910.7
1150680 1913.0
1150690 1914.4
1150700 1909.1
1150710 1910.3
1150720 1911.7
1150730 1911.7
1150740 1913.0
1150750 1914.4
1150760 1914.4
1150770 1916.0
1150780 1917.8
1150790 1917.8
1150800 1918.1
1150810 1918.9
1150820 1918.9
1150830 1920.8
1150840 1921.5
1150850 1920.4
1150860 1920.4
1150870 1919.7
1150880 1923.0
1150890 1923.0
1150900 1924.4
1150910 1924.9
1150920 1924.9
1150930 1925.0
1150940 1925.3
1150950 1925.3
1150960 1926.3
1150970 1928.0
1150980 1928.0
1150990 1929.5
1151000 1930.7
1151010 1930.7
1151020 1932.3
1151030 1932.9
1151040 1932.9
1151050 1933.3
1151060 1934.8
1151070 1934.8
1151080 1931.6
1151090 1932.2
1151100 1933.7
1151110 1933.7
1151120 1935.0
1151130 1936.2
1151140 1936.2
1151150 1937.5
1151160 1939.0
1151170 1939.0
1151180 1940.4
1151190 1941.6
1151200 1941.6
1151210 1942.3
1151220 1942.8
1151230 1942.8
1151240 1943.1
1151250 1943.7
1151260 1943.7
1151270 1944.1
1151280 1944.5
1151290 1944.5
1151300 1944.9
1151310 1944.9
1151320 1944.9
1151330 1945.1
1151340 1945.5
1151350 1945.5
1151360 1945.5
1151370 1945.0
1151380 1944.6
1151390 1944.6
1151400 1944.8
1151410 1945.0
1151420 1945.0
1151430 1943.2
1151440 1943.4
1151450 1943.4
1151460 1942.4
1151470 1944.6
1151480 1944.6
1151490 1943.6
1151500 1940.1
1151510 1940.1
1151520 1936.7
1151530 1934.6
1151540 1934.6
1151550 1933.1
1151560 1931.7
1151570 1931.7
1151580 1931.1
1151590 1931.5
1151600 1931.8
1151610 1931.8
1151620 1931.2
1151630 1929.0
1151640 1929.0
1151650 1930.2
1151660 1931.6
1151670 1931.6
1151680 1930.6
1151690 1928.9
1151700 1928.9
1151710 1928.8
1151720 1929.8
1151730 1929.8
1151740 1930.6
1151750 1930.9
1151760 1930.9
1151770 1931.1
1151780 1931.4
1151790 1931.4
1151800 1931.4
1151810 1931.6
1151820 1931.6
1151830 1931.5
1151840 1928.3
1151850 1927.3
1151860 1927.3
1151870 1925.8
1151880 1925.3
1151890 1925.3
1151900 1928.1
1151910 1932.3
1151920 1932.3
1151930 1935.1
1151940 1937.9
1151950 1937.9
1151960 1940.6
1151970 1943.7
1151980 1943.7
1151990 1946.4
1152000 1948.6
1152010 1948.6
1152020 1951.0
1152030 1954.0
1152040 1954.0
1152050 1957.1
1152060 1959.8
1152070 1959.8
1152080 1963.2
1152090 1966.3
1152100 1969.5
1152110 1969.5
1152120 1972.2
1152130 1973.5
1152140 1973.5
1152150 1975.2
1152160 1976.8
1152170 1976.8
1152180 1978.9
1152190 1982.7
1152200 1982.7
1152210 1986.6
1152220 1991.9
1152230 1991.9
1152240 1994.8
1152250 1997.4
1152260 1997.4
1152270 2000.4
1152280 2003.5
1152290 2003.5
1152300 2006.9
1152310 2010.3
1152320 2010.3
1152330 2013.6
1152340 2017.1
1152350 2021.4
1152360 2021.4
1152370 2025.0
1152380 2030.0
1152390 2030.0
1152400 2037.4
1152410 2044.4
1152420 2044.4
1152430 2050.0
1152440 2055.1
1152450 2055.1
1152460 2060.1
1152470 2064.3
1152480 2064.3
1152490 2069.9
1152500 2075.2
1152510 2075.2
1152520 2080.5
1152530 2086.6
1152540 2086.6
1152550 2092.8
1152560 2098.8
1152570 2098.8
1152580 2103.2
1152590 2106.2
1152600 2116.7
1152610 2116.7
1152620 2120.1
1152630 2125.7
1152640 2125.7
1152650 2131.7
1152660 2136.2
1152670 2136.2
1152680 2141.5
1152690 2146.8
1152700 2146.8
1152710 2151.5
1152720 2157.2
1152730 2157.2
1152740 2164.2
1152750 2172.0
1152760 2172.0
1152770 2179.8
1152780 2187.1
1152790 2187.1
1152800 2193.8
1152810 2199.7
1152820 2199.7
1152830 2205.5
1152840 2210.5
1152850 2215.8
1152860 2215.8
1152870 2218.1
1152880 2215.8
1152890 2215.8
1152900 2213.7
1152910 2213.2
1152920 2213.2
1152930 2213.1
1152940 2216.7
1152950 2216.7
1152960 2224.2
1152970 2230.9
1152980 2230.9
1152990 2243.1
1153000 2250.1
1153010 2250.1
1153020 2254.4
1153030 2257.0
1153040 2257.0
1153050 2265.9
1153060 2275.8
1153070 2275.8
1153080 2285.2
1153090 2293.7
1153100 2299.4
1153110 2299.4
1153120 2308.4
1153130 2319.1
1153140 2319.1
1153150 2331.3
1153160 2340.1
1153170 2340.1
1153180 2346.5
1153190 2355.0
1153200 2355.0
1153210 2361.5
1153220 2369.7
1153230 2369.7
1153240 2376.6
1153250 2384.6
1153260 2384.6
1153270 2390.9
1153280 2396.7
1153290 2396.7
1153300 2406.0
1153310 2417.6
1153320 2417.6
1153330 2429.4
1153340 2438.2
1153350 2445.5
1153360 2445.5
1153370 2483.0
1153380 2492.6
1153390 2492.6
1153400 2498.7
1153410 2505.5
1153420 2505.5
1153430 2518.3
1153440 2524.2
1153450 2524.2
1153460 2528.6
1153470 2531.4
1153480 2531.4
1153490 2534.7
1153500 2536.0
1153510 2536.0
1153520 2539.9
1153530 2547.4
1153540 2547.4
1153550 2555.3
1153560 2562.8
1153570 2569.9
1153580 2569.9
1153590 2576.4
1153600 2582.8
1153610 2582.8
1153620 2589.5
1153630 2596.5
1153640 2596.5
1153650 2603.4
1153660 2610.6
1153670 2610.6
1153680 2618.3
1153690 2624.4
1153700 2624.4
1153710 2629.9
1153720 2636.0
1153730 2636.0
1153740 2643.1
1153750 2658.5
1153760 2658.5
1153770 2665.9
1153780 2674.2
1153790 2674.2
1153800 2681.7
1153810 2688.1
1153820 2695.1
1153830 2695.1
1153840 2700.4
1153850 2706.8
1153860 2706.8
1153870 2715.3
1153880 2720.7
1153890 2720.7
1153900 2730.7
1153910 2738.4
1153920 2738.4
1153930 2744.5
1153940 2748.9
1153950 2748.9
1153960 2738.8
1153970 2712.9
1153980 2712.9
1153990 2684.6
1154000 2688.2
1154010 2688.2
1154020 2693.7
1154030 2691.7
1154040 2691.7
1154050 2693.9
1154060 2700.5
1154070 2703.6
1154080 2703.6
1154090 2703.4
1154100 2700.4
1154110 2700.4
1154120 2696.5
1154130 2700.1
1154140 2725.1
1154150 2720.4
1154160 2721.0
1154170 2721.0
1154180 2721.0
1154190 2725.5
1154200 2725.5
1154210 2738.1
1154220 2753.0
1154230 2753.0
1154240 2762.4
1154250 2766.3
1154260 2766.3
1154270 2766.0
1154280 2769.0
1154290 2769.0
1154300 2775.9
1154310 2784.2
1154320 2784.5
1154330 2784.5
1154340 2781.0
1154350 2776.8
1154360 2776.8
1154370 2772.4
1154380 2760.6
1154390 2760.6
1154400 2746.4
1154410 2727.1
1154420 2727.1
1154430 2715.4
1154440 2708.4
1154450 2708.4
1154460 2701.1
1154470 2693.5
1154480 2693.5
1154490 2686.1
1154500 2679.3
1154510 2679.3
1154520 2674.7
1154530 2670.0
1154540 2670.0
1154550 2665.4
1154560 2661.0
1154570 2656.7
1154580 2656.7
1154590 2652.4
1154600 2648.0
1154610 2648.0
1154620 2643.8
1154630 2639.7
1154640 2639.7
1154650 2635.8
1154660 2632.1
1154670 2632.1
1154680 2628.6
1154690 2625.7
1154700 2625.7
1154710 2624.0
1154720 2624.8
1154730 2624.8
1154740 2624.3
1154750 2613.1
1154760 2613.1
1154770 2596.3
1154780 2587.0
1154790 2587.0
1154800 2578.3
1154810 2555.8
1154820 2539.0
1154830 2539.0
1154840 2530.0
1154850 2523.6
1154860 2523.6
1154870 2516.9
1154880 2509.5
1154890 2509.5
1154900 2502.6
1154910 2501.1
1154920 2501.1
1154930 2493.6
1154940 2488.6
1154950 2488.6
1154960 2483.6
1154970 2478.3
1154980 2478.3
1154990 2472.7
1155000 2466.9
1155010 2466.9
1155020 2460.7
1155030 2454.7
1155040 2454.7
1155050 2448.4
1155060 2442.0
1155070 2435.7
1155080 2435.7
1155090 2429.5
1155100 2423.2
1155110 2423.2
1155120 2417.8
1155130 2413.7
1155140 2413.7
1155150 2409.6
1155160 2404.6
1155170 2404.6
1155180 2399.0
1155190 2393.5
1155200 2393.5
1155210 2388.3
1155220 2383.4
1155230 2383.4
1155240 2378.3
1155250 2372.8
1155260 2372.8
1155270 2367.1
1155280 2361.2
1155290 2361.2
1155300 2359.1
1155310 2353.3
1155320 2347.5
1155330 2347.5
1155340 2341.8
1155350 2336.3
1155360 2336.3
1155370 2331.6
1155380 2327.1
1155390 2327.1
1155400 2322.4
1155410 2317.4
1155420 2317.4
1155430 2313.1
1155440 2308.5
1155450 2308.5
1155460 2304.8
1155470 2301.8
1155480 2301.8
1155490 2298.6
1155500 2295.2
1155510 2295.2
1155520 2291.7
1155530 2288.3
1155540 2288.3
1155550 2284.6
1155560 2280.0
1155570 2276.0
1155580 2276.0
1155590 2272.4
1155600 2269.2
1155610 2269.2
1155620 2265.8
1155630 2262.5
1155640 2262.5
1155650 2259.5
1155660 2256.4
1155670 2256.4
1155680 2257.1
1155690 2254.3
1155700 2254.3
1155710 2251.9
1155720 2249.7
1155730 2249.7
1155740 2248.0
1155750 2245.9
1155760 2245.9
1155770 2243.2
1155780 2240.0
1155790 2240.0
1155800 2236.7
1155810 2234.0
1155820 2231.4
1155830 2231.4
1155840 2230.8
1155850 2230.9
1155860 2230.9
1155870 2229.9
1155880 2228.5
1155890 2228.5
1155900 2226.7
1155910 2224.9
1155920 2224.9
1155930 2221.8
1155940 2219.7
1155950 2219.7
1155960 2217.8
1155970 2214.9
1155980 2214.9
1155990 2211.5
1156000 2208.1
1156010 2208.1
1156020 2204.5
1156030 2201.2
1156040 2201.2
1156050 2196.9
1156060 2191.9
1156070 2194.6
1156080 2194.6
1156090 2190.4
1156100 2186.9
1156110 2186.9
1156120 2184.3
1156130 2182.7
1156140 2182.7
1156150 2181.5
1156160 2180.2
1156170 2180.2
1156180 2178.9
1156190 2175.3
1156200 2175.3
1156210 2170.8
1156220 2164.4
1156230 2164.4
1156240 2158.0
1156250 2153.6
1156260 2153.6
1156270 2149.6
1156280 2147.3
1156290 2147.3
1156300 2145.6
1156310 2143.5
1156320 2141.5
1156330 2141.5
1156340 2139.5
1156350 2137.3
1156360 2137.3
1156370 2137.0
1156380 2135.7
1156390 2135.7
1156400 2133.6
1156410 2131.9
1156420 2131.9
1156430 2131.3
1156440 2131.0
1156450 2131.0
1156460 2137.1
1156470 2136.8
1156480 2136.8
1156490 2135.9
1156500 2137.1
1156510 2137.1
1156520 2137.9
1156530 2137.9
1156540 2137.9
1156550 2139.7
1156560 2140.3
1156570 2140.4
1156580 2140.4
1156590 2140.4
1156600 2140.4
1156610 2140.4
1156620 2141.4
1156630 2143.1
1156640 2143.1
1156650 2144.3
1156660 2144.0
1156670 2144.0
1156680 2143.9
1156690 2143.6
1156700 2143.6
1156710 2143.8
1156720 2145.9
1156730 2145.9
1156740 2149.7
1156750 2152.7
1156760 2152.7
1156770 2154.4
1156780 2156.4
1156790 2158.6
1156800 2158.6
1156810 2160.1
1156820 2160.1
1156830 2160.1
1156840 2165.5
1156850 2164.2
1156860 2164.2
1156870 2162.7
1156880 2162.4
1156890 2162.4
1156900 2161.3
1156910 2157.6
1156920 2157.6
1156930 2151.3
1156940 2143.0
1156950 2143.0
1156960 2139.1
1156970 2137.9
1156980 2137.9
1156990 2138.5
1157000 2136.7
1157010 2136.7
1157020 2133.6
1157030 2131.7
1157040 2130.5
1157050 2130.5
1157060 2130.3
1157070 2131.0
1157080 2131.0
1157090 2131.1
1157100 2131.2
1157110 2131.2
1157120 2131.3
1157130 2128.4
1157140 2128.4
1157150 2126.8
1157160 2126.5
1157170 2126.5
1157180 2125.5
1157190 2124.8
1157200 2124.8
1157210 2124.0
1157220 2122.6
1157230 2127.2
1157240 2126.4
1157250 2126.8
1157260 2126.8
1157270 2127.1
1157280 2125.5
1157290 2124.5
1157300 2124.5
1157310 2124.0
1157320 2122.5
1157330 2122.5
1157340 2121.1
1157350 2121.0
1157360 2121.0
1157370 2122.6
1157380 2123.6
1157390 2123.6
1157400 2124.0
1157410 2125.1
1157420 2125.1
1157430 2126.6
1157440 2127.4
1157450 2127.4
1157460 2128.3
1157470 2129.5
1157480 2129.5
1157490 2130.4
1157500 2129.6
1157510 2129.6
1157520 2128.1
1157530 2128.7
1157540 2129.3
1157550 2129.3
1157560 2131.2
1157570 2134.6
1157580 2134.6
1157590 2135.6
1157600 2133.6
1157610 2133.6
1157620 2137.3
1157630 2135.3
1157640 2135.3
1157650 2135.8
1157660 2138.7
1157670 2138.7
1157680 2141.2
1157690 2141.8
1157700 2141.8
1157710 2141.4
1157720 2139.8
1157730 2139.8
1157740 2137.6
1157750 2137.0
1157760 2137.0
1157770 2137.6
1157780 2136.0
1157790 2135.2
1157800 2135.2
1157810 2135.6
1157820 2133.4
1157830 2133.4
1157840 2131.6
1157850 2134.5
1157860 2134.5
1157870 2135.8
1157880 2136.6
1157890 2136.6
1157900 2136.6
1157910 2135.9
1157920 2135.9
1157930 2134.7
1157940 2135.1
1157950 2135.1
1157960 2135.4
1157970 2134.8
1157980 2134.8
1157990 2137.0
1158000 2138.5
1158010 2142.5
1158020 2145.1
1158030 2148.5
1158040 2154.0
1158050 2154.0
1158060 2160.1
1158070 2166.2
1158080 2166.2
1158090 2172.5
1158100 2175.6
1158110 2175.6
1158120 2177.2
1158130 2179.7
1158140 2179.7
1158150 2182.3
1158160 2184.8
1158170 2184.8
1158180 2185.1
1158190 2183.2
1158200 2183.2
1158210 2183.6
1158220 2184.9
1158230 2184.9
1158240 2184.8
1158250 2185.2
1158260 2185.2
1158270 2185.2
1158280 2183.9
1158290 2183.9
1158300 2183.9
1158310 2184.6
1158320 2186.1
1158330 2186.1
1158340 2189.1
1158350 2191.4
1158360 2191.4
1158370 2193.5
1158380 2196.0
1158390 2196.0
1158400 2202.7
1158410 2203.1
1158420 2203.1
1158430 2203.9
1158440 2207.6
1158450 2207.6
1158460 2208.6
1158470 2210.3
1158480 2210.3
1158490 2212.0
1158500 2214.1
1158510 2214.1
1158520 2215.9
1158530 2217.2
1158540 2218.2
1158550 2218.2
1158560 2221.0
1158570 2224.2
1158580 2224.2
1158590 2228.5
1158600 2234.5
1158610 2234.5
1158620 2239.4
1158630 2244.0
1158640 2244.0
1158650 2247.9
1158660 2251.4
1158670 2251.4
1158680 2254.7
1158690 2258.7
1158700 2258.7
1158710 2263.5
1158720 2269.0
1158730 2269.0
1158740 2275.4
1158750 2279.7
1158760 2279.7
1158770 2282.7
1158780 2285.4
1158790 2291.3
1158800 2291.3
1158810 2293.1
1158820 2295.7
1158830 2295.7
1158840 2298.1
1158850 2300.3
1158860 2300.3
1158870 2302.1
1158880 2304.6
1158890 2304.6
1158900 2308.2
1158910 2313.1
1158920 2313.1
1158930 2317.6
1158940 2321.1
1158950 2321.1
1158960 2323.3
1158970 2325.1
1158980 2325.1
1158990 2327.7
1159000 2331.3
1159010 2331.3
1159020 2335.6
1159030 2340.3
1159040 2344.7
1159050 2344.7
1159060 2348.4
1159070 2351.0
1159080 2351.0
1159090 2354.2
1159100 2356.6
1159110 2356.6
1159120 2359.0
1159130 2362.4
1159140 2362.4
1159150 2366.7
1159160 2369.8
1159170 2369.8
1159180 2375.8
1159190 2379.8
1159200 2379.8
1159210 2383.8
1159220 2385.9
1159230 2385.9
1159240 2389.0
1159250 2392.9
1159260 2392.9
1159270 2395.7
1159280 2397.0
1159290 2398.6
1159300 2398.6
1159310 2400.3
1159320 2402.8
1159330 2402.8
1159340 2406.2
1159350 2408.9
1159360 2408.9
1159370 2409.3
1159380 2409.0
1159390 2409.0
1159400 2408.8
1159410 2409.1
1159420 2409.1
1159430 2409.5
1159440 2410.8
1159450 2410.8
1159460 2412.3
1159470 2414.5
1159480 2414.5
1159490 2417.3
1159500 2419.7
1159510 2419.7
1159520 2422.3
1159530 2427.1
1159540 2431.8
1159550 2431.8
1159560 2435.4
1159570 2439.7
1159580 2439.7
1159590 2443.0
1159600 2445.7
1159610 2445.7
1159620 2448.8
1159630 2452.5
1159640 2452.5
1159650 2458.1
1159660 2465.6
1159670 2465.6
1159680 2471.4
1159690 2476.1
1159700 2476.1
1159710 2481.5
1159720 2486.9
1159730 2486.9
1159740 2491.8
1159750 2496.8
1159760 2502.1
1159770 2502.1
1159780 2507.5
1159790 2513.1
1159800 2513.1
1159810 2518.8
1159820 2524.6
1159830 2524.6
1159840 2530.7
1159850 2537.5
1159860 2537.5
1159870 2545.6
1159880 2553.2
1159890 2553.2
1159900 2560.3
1159910 2567.7
1159920 2567.7
1159930 2576.3
1159940 2586.0
1159950 2586.0
1159960 2591.3
1159970 2600.4
1159980 2600.4
1159990 2611.5
