1140000 2499.3
1140010 2499.3
1140020 2490.7
1140030 2485.6
1140040 2485.6
1140050 2480.4
1140060 2470.5
1140070 2470.5
1140080 2460.5
1140090 2451.9
1140100 2445.7
1140110 2445.7
1140120 2437.4
1140130 2429.9
1140140 2429.9
1140150 2423.4
1140160 2416.5
1140170 2416.5
1140180 2407.5
1140190 2394.2
1140200 2394.2
1140210 2372.3
1140220 2363.7
1140230 2363.7
1140240 2358.1
1140250 2352.1
1140260 2352.1
1140270 2345.8
1140280 2338.9
1140290 2338.9
1140300 2331.7
1140310 2325.5
1140320 2325.5
1140330 2319.0
1140340 2313.3
1140350 2308.4
1140360 2308.4
1140370 2303.8
1140380 2299.5
1140390 2299.5
1140400 2295.2
1140410 2291.4
1140420 2291.4
1140430 2288.3
1140440 2283.7
1140450 2283.7
1140460 2279.2
1140470 2279.6
1140480 2279.6
1140490 2274.4
1140500 2269.3
1140510 2269.3
1140520 2264.3
1140530 2259.3
1140540 2259.3
1140550 2254.3
1140560 2249.3
1140570 2249.3
1140580 2244.4
1140590 2239.3
1140600 2234.2
1140610 2234.2
1140620 2228.6
1140630 2222.9
1140640 2222.9
1140650 2217.3
1140660 2211.6
1140670 2211.6
1140680 2205.9
1140690 2200.4
1140700 2200.4
1140710 2195.1
1140720 2189.8
1140730 2189.8
1140740 2184.6
1140750 2182.8
1140760 2182.8
1140770 2184.1
1140780 2184.4
1140790 2184.4
1140800 2181.6
1140810 2177.8
1140820 2177.8
1140830 2174.9
1140840 2173.1
1140850 2170.0
1140860 2170.0
1140870 2167.5
1140880 2164.9
1140890 2164.9
1140900 2161.7
1140910 2157.0
1140920 2157.0
1140930 2152.7
1140940 2148.5
1140950 2148.5
1140960 2144.7
1140970 2140.6
1140980 2140.6
1140990 2137.2
1141000 2134.8
1141010 2134.8
1141020 2131.5
1141030 2127.9
1141040 2127.9
1141050 2126.3
1141060 2125.4
1141070 2125.4
1141080 2122.7
1141090 2121.5
1141100 2118.5
1141110 2118.5
1141120 2115.6
1141130 2114.9
1141140 2114.9
1141150 2112.7
1141160 2110.6
1141170 2110.6
1141180 2108.1
1141190 2105.8
1141200 2105.8
1141210 2107.4
1141220 2107.2
1141230 2107.2
1141240 2108.0
1141250 2105.8
1141260 2105.8
1141270 2100.0
1141280 2093.6
1141290 2093.6
1141300 2088.5
1141310 2084.0
1141320 2084.0
1141330 2079.5
1141340 2076.8
1141350 2074.3
1141360 2074.3
1141370 2072.4
1141380 2070.1
1141390 2070.1
1141400 2067.6
1141410 2065.1
1141420 2065.1
1141430 2062.6
1141440 2059.0
1141450 2059.0
1141460 2054.7
1141470 2049.6
1141480 2049.6
1141490 2044.3
1141500 2039.2
1141510 2039.2
1141520 2034.6
1141530 2030.3
1141540 2030.3
1141550 2026.3
1141560 2021.5
1141570 2021.5
1141580 2018.7
1141590 2012.6
1141600 2006.1
1141610 2006.1
1141620 2003.4
1141630 2002.3
1141640 2002.3
1141650 1996.9
1141660 1991.5
1141670 1991.5
1141680 1985.9
1141690 1980.0
1141700 1980.0
1141710 1977.7
1141720 1972.3
1141730 1972.3
1141740 1968.6
1141750 1965.7
1141760 1965.7
1141770 1964.1
1141780 1960.1
1141790 1960.1
1141800 1952.6
1141810 1944.6
1141820 1944.6
1141830 1937.0
1141840 1931.0
1141850 1923.5
1141860 1923.5
1141870 1915.4
1141880 1907.3
1141890 1907.3
1141900 1899.5
1141910 1889.7
1141920 1889.7
1141930 1880.4
1141940 1871.4
1141950 1872.2
1141960 1858.0
1141970 1843.3
1141980 1843.3
1141990 1833.9
1142000 1825.2
1142010 1825.2
1142020 1817.1
1142030 1809.5
1142040 1809.5
1142050 1803.6
1142060 1799.5
1142070 1799.5
1142080 1795.2
1142090 1790.0
1142100 1784.0
1142110 1784.0
1142120 1777.6
1142130 1771.0
1142140 1771.0
1142150 1765.2
1142160 1760.6
1142170 1760.6
1142180 1756.0
1142190 1751.9
1142200 1751.9
1142210 1748.8
1142220 1743.9
1142230 1743.9
1142240 1738.4
1142250 1732.6
1142260 1732.6
1142270 1726.0
1142280 1720.1
1142290 1720.1
1142300 1714.3
1142310 1707.5
1142320 1708.0
1142330 1702.3
1142340 1695.8
1142350 1687.1
1142360 1687.1
1142370 1679.4
1142380 1673.3
1142390 1673.3
1142400 1666.8
1142410 1658.5
1142420 1658.5
1142430 1650.7
1142440 1644.6
1142450 1644.6
1142460 1638.8
1142470 1632.1
1142480 1632.1
1142490 1626.0
1142500 1620.2
1142510 1620.2
1142520 1613.7
1142530 1606.8
1142540 1606.8
1142550 1600.6
1142560 1595.2
1142570 1595.2
1142580 1590.4
1142590 1585.5
1142600 1578.7
1142610 1578.7
1142620 1571.0
1142630 1563.6
1142640 1563.6
1142650 1558.1
1142660 1555.0
1142670 1555.0
1142680 1552.3
1142690 1546.4
1142700 1546.4
1142710 1542.7
1142720 1537.9
1142730 1537.9
1142740 1534.5
1142750 1533.3
1142760 1533.3
1142770 1531.9
1142780 1531.2
1142790 1531.2
1142800 1531.5
1142810 1531.7
1142820 1531.7
1142830 1532.3
1142840 1537.2
1142850 1540.3
1142860 1540.3
1142870 1541.6
1142880 1542.8
1142890 1542.8
1142900 1543.9
1142910 1544.9
1142920 1544.9
1142930 1545.9
1142940 1546.8
1142950 1546.8
1142960 1547.9
1142970 1548.9
1142980 1548.9
1142990 1549.7
1143000 1550.8
1143010 1550.8
1143020 1552.1
1143030 1553.1
1143040 1553.1
1143050 1553.6
1143060 1555.7
1143070 1555.7
1143080 1557.5
1143090 1559.2
1143100 1560.4
1143110 1560.4
1143120 1559.9
1143130 1559.3
1143140 1559.3
1143150 1559.3
1143160 1560.2
1143170 1560.2
1143180 1561.5
1143190 1562.5
1143200 1562.5
1143210 1567.3
1143220 1576.1
1143230 1576.1
1143240 1585.4
1143250 1593.7
1143260 1593.7
1143270 1602.1
1143280 1611.1
1143290 1611.1
1143300 1622.3
1143310 1633.7
1143320 1633.7
1143330 1642.5
1143340 1651.5
1143350 1660.9
1143360 1660.9
1143370 1669.2
1143380 1679.5
1143390 1679.5
1143400 1686.7
1143410 1690.6
1143420 1690.6
1143430 1694.3
1143440 1698.4
1143450 1698.4
1143460 1702.6
1143470 1706.6
1143480 1706.6
1143490 1710.5
1143500 1715.0
1143510 1715.0
1143520 1719.4
1143530 1723.2
1143540 1723.2
1143550 1727.2
1143560 1731.3
1143570 1731.3
1143580 1736.1
1143590 1740.7
1143600 1745.1
1143610 1745.1
1143620 1749.4
1143630 1754.1
1143640 1754.1
1143650 1759.0
1143660 1763.9
1143670 1763.9
1143680 1768.5
1143690 1772.8
1143700 1772.8
1143710 1777.0
1143720 1781.4
1143730 1781.4
1143740 1786.6
1143750 1791.5
1143760 1791.5
1143770 1795.1
1143780 1801.4
1143790 1801.4
1143800 1808.7
1143810 1815.2
1143820 1815.2
1143830 1821.5
1143840 1821.6
1143850 1822.7
1143860 1822.7
1143870 1822.6
1143880 1822.6
1143890 1822.6
1143900 1825.1
1143910 1826.3
1143920 1826.3
1143930 1834.4
1143940 1850.3
1143950 1850.3
1143960 1865.1
1143970 1872.3
1143980 1872.3
1143990 1876.8
1144000 1881.0
1144010 1881.0
1144020 1885.7
1144030 1890.8
1144040 1890.8
1144050 1896.6
1144060 1903.2
1144070 1910.2
1144080 1910.2
1144090 1915.9
1144100 1919.4
1144110 1919.4
1144120 1922.5
1144130 1927.4
1144140 1927.4
1144150 1932.7
1144160 1938.3
1144170 1938.3
1144180 1941.5
1144190 1946.3
1144200 1946.3
1144210 1952.0
1144220 1958.9
1144230 1958.9
1144240 1965.9
1144250 1971.9
1144260 1971.9
1144270 1978.1
1144280 1984.1
1144290 1984.1
1144300 1989.1
1144310 1992.7
1144320 2000.7
1144330 2000.7
1144340 2009.0
1144350 2015.2
1144360 2015.2
1144370 2020.9
1144380 2025.9
1144390 2025.9
1144400 2030.8
1144410 2034.4
1144420 2034.4
1144430 2037.3
1144440 2041.6
1144450 2041.6
1144460 2047.0
1144470 2052.3
1144480 2052.3
1144490 2057.4
1144500 2062.6
1144510 2062.6
1144520 2069.2
1144530 2073.5
1144540 2073.5
1144550 2080.8
1144560 2086.6
1144570 2090.0
1144580 2090.0
1144590 2094.8
1144600 2098.3
1144610 2098.3
1144620 2104.1
1144630 2111.5
1144640 2111.5
1144650 2120.3
1144660 2128.8
1144670 2128.8
1144680 2138.0
1144690 2149.6
1144700 2149.6
1144710 2156.8
1144720 2159.1
1144730 2159.1
1144740 2160.8
1144750 2160.9
1144760 2160.9
1144770 2160.3
1144780 2159.7
1144790 2159.7
1144800 2160.6
1144810 2163.3
1144820 2166.3
1144830 2166.3
1144840 2170.8
1144850 2175.8
1144860 2175.8
1144870 2178.9
1144880 2180.6
1144890 2180.6
1144900 2179.4
1144910 2178.9
1144920 2178.9
1144930 2182.3
1144940 2183.1
1144950 2183.1
1144960 2182.0
1144970 2180.7
1144980 2180.7
1144990 2181.9
1145000 2183.9
1145010 2183.9
1145020 2185.5
1145030 2185.1
1145040 2185.1
1145050 2184.0
1145060 2186.1
1145070 2187.5
1145080 2187.5
1145090 2188.8
1145100 2191.9
1145110 2191.9
1145120 2197.4
1145130 2203.1
1145140 2203.1
1145150 2207.6
1145160 2209.0
1145170 2209.0
1145180 2212.6
1145190 2217.1
1145200 2217.1
1145210 2220.3
1145220 2223.5
1145230 2223.5
1145240 2226.2
1145250 2231.5
1145260 2231.5
1145270 2236.6
1145280 2242.2
1145290 2242.2
1145300 2248.9
1145310 2253.5
1145320 2258.8
1145330 2258.8
1145340 2265.1
1145350 2272.4
1145360 2272.4
1145370 2281.9
1145380 2286.4
1145390 2286.4
1145400 2291.2
1145410 2297.7
1145420 2297.7
1145430 2301.8
1145440 2305.6
1145450 2305.6
1145460 2310.6
1145470 2314.8
1145480 2314.8
1145490 2317.7
1145500 2319.8
1145510 2319.8
1145520 2323.4
1145530 2326.0
1145540 2326.0
1145550 2327.8
1145560 2328.1
1145570 2327.8
1145580 2327.8
1145590 2327.0
1145600 2325.5
1145610 2325.5
1145620 2319.2
1145630 2318.6
1145640 2318.6
1145650 2321.6
1145660 2327.4
1145670 2327.4
1145680 2334.1
1145690 2329.2
1145700 2329.2
1145710 2328.1
1145720 2323.8
1145730 2323.8
1145740 2314.1
1145750 2311.0
1145760 2311.0
1145770 2315.7
1145780 2319.4
1145790 2319.4
1145800 2316.7
1145810 2313.6
1145820 2313.3
1145830 2313.3
1145840 2311.7
1145850 2310.2
1145860 2310.2
1145870 2307.2
1145880 2303.4
1145890 2303.4
1145900 2298.2
1145910 2293.5
1145920 2293.5
1145930 2293.5
1145940 2295.4
1145950 2295.4
1145960 2295.7
1145970 2295.3
1145980 2295.3
1145990 2293.9
1146000 2292.2
1146010 2292.2
1146020 2290.5
1146030 2288.8
1146040 2288.8
1146050 2292.6
1146060 2291.3
1146070 2290.1
1146080 2290.1
1146090 2289.1
1146100 2288.2
1146110 2288.2
1146120 2287.6
1146130 2288.0
1146140 2288.0
1146150 2288.7
1146160 2289.7
1146170 2289.7
1146180 2290.8
1146190 2291.2
1146200 2291.2
1146210 2291.1
1146220 2291.8
1146230 2291.8
1146240 2293.2
1146250 2289.1
1146260 2289.1
1146270 2288.5
1146280 2289.6
1146290 2289.6
1146300 2290.8
1146310 2292.3
1146320 2292.8
1146330 2292.8
1146340 2292.6
1146350 2292.6
1146360 2292.6
1146370 2292.4
1146380 2294.1
1146390 2294.1
1146400 2297.4
1146410 2300.8
1146420 2300.8
1146430 2308.3
1146440 2311.3
1146450 2311.3
1146460 2314.0
1146470 2316.7
1146480 2316.7
1146490 2318.6
1146500 2319.7
1146510 2319.7
1146520 2320.4
1146530 2321.6
1146540 2321.6
1146550 2323.6
1146560 2326.0
1146570 2328.4
1146580 2328.4
1146590 2330.9
1146600 2333.3
1146610 2333.3
1146620 2336.0
1146630 2338.5
1146640 2338.5
1146650 2340.8
1146660 2342.6
1146670 2342.6
1146680 2344.4
1146690 2346.1
1146700 2346.1
1146710 2347.8
1146720 2349.1
1146730 2349.1
1146740 2350.1
1146750 2351.9
1146760 2351.9
1146770 2353.7
1146780 2355.4
1146790 2355.4
1146800 2360.8
1146810 2362.0
1146820 2362.1
1146830 2362.1
1146840 2361.6
1146850 2360.7
1146860 2360.7
1146870 2360.3
1146880 2361.6
1146890 2361.6
1146900 2367.2
1146910 2385.5
1146920 2385.5
1146930 2405.4
1146940 2424.5
1146950 2424.5
1146960 2439.2
1146970 2454.8
1146980 2454.8
1146990 2463.7
1147000 2478.6
1147010 2478.6
1147020 2487.2
1147030 2492.9
1147040 2492.9
1147050 2483.6
1147060 2464.6
1147070 2435.0
1147080 2435.0
1147090 2414.7
1147100 2407.6
1147110 2407.6
1147120 2401.6
1147130 2395.2
1147140 2395.2
1147150 2389.1
1147160 2383.5
1147170 2383.5
1147180 2373.8
1147190 2368.5
1147200 2368.5
1147210 2363.1
1147220 2357.7
1147230 2357.7
1147240 2352.8
1147250 2348.0
1147260 2348.0
1147270 2343.7
1147280 2341.1
1147290 2341.1
1147300 2340.9
1147310 2340.9
1147320 2341.6
1147330 2341.6
1147340 2342.6
1147350 2340.3
1147360 2340.3
1147370 2336.6
1147380 2331.5
1147390 2331.5
1147400 2329.0
1147410 2325.4
1147420 2325.4
1147430 2321.0
1147440 2314.4
1147450 2314.4
1147460 2306.9
1147470 2299.8
1147480 2299.8
1147490 2295.3
1147500 2291.9
1147510 2291.9
1147520 2285.7
1147530 2279.6
1147540 2279.6
1147550 2274.4
1147560 2273.3
1147570 2269.8
1147580 2269.8
1147590 2265.2
1147600 2260.4
1147610 2260.4
1147620 2258.8
1147630 2255.6
1147640 2255.6
1147650 2250.7
1147660 2249.2
1147670 2249.2
1147680 2250.2
1147690 2252.0
1147700 2252.0
1147710 2250.6
1147720 2247.6
1147730 2247.6
1147740 2247.2
1147750 2249.1
1147760 2249.1
1147770 2250.9
1147780 2253.0
1147790 2254.8
1147800 2254.8
1147810 2257.5
1147820 2259.9
1147830 2259.9
1147840 2261.5
1147850 2263.3
1147860 2263.3
1147870 2265.4
1147880 2266.6
1147890 2266.6
1147900 2267.5
1147910 2267.9
1147920 2267.9
1147930 2270.5
1147940 2266.3
1147950 2266.3
1147960 2261.8
1147970 2256.3
1147980 2256.3
1147990 2250.3
1148000 2244.6
1148010 2244.6
1148020 2239.1
1148030 2233.9
1148040 2230.3
1148050 2230.3
1148060 2228.1
1148070 2227.0
1148080 2227.0
1148090 2222.0
1148100 2213.2
1148110 2213.2
1148120 2205.5
1148130 2199.5
1148140 2199.5
1148150 2194.2
1148160 2189.3
1148170 2189.3
1148180 2184.4
1148190 2180.4
1148200 2180.4
1148210 2176.3
1148220 2168.6
1148230 2168.6
1148240 2158.3
1148250 2146.7
1148260 2146.7
1148270 2136.4
1148280 2123.4
1148290 2109.9
1148300 2109.9
1148310 2098.9
1148320 2090.3
1148330 2090.3
1148340 2082.9
1148350 2075.5
1148360 2075.5
1148370 2069.2
1148380 2064.4
1148390 2064.4
1148400 2060.2
1148410 2056.9
1148420 2056.9
1148430 2053.2
1148440 2052.7
1148450 2052.7
1148460 2051.0
1148470 2049.9
1148480 2049.9
1148490 2048.7
1148500 2046.1
1148510 2046.1
1148520 2043.5
1148530 2041.6
1148540 2036.0
1148550 2036.0
1148560 2030.5
1148570 2031.5
1148580 2031.5
1148590 2037.4
1148600 2039.4
1148610 2039.4
1148620 2038.7
1148630 2039.9
1148640 2039.9
1148650 2037.3
1148660 2024.1
1148670 2024.1
1148680 2006.1
1148690 2015.8
1148700 2015.8
1148710 2010.9
1148720 1984.7
1148730 1984.7
1148740 1964.2
1148750 1958.3
1148760 1958.3
1148770 1952.3
1148780 1950.0
1148790 1943.4
1148800 1943.4
1148810 1934.4
1148820 1926.8
1148830 1926.8
1148840 1923.5
1148850 1917.7
1148860 1917.7
1148870 1908.1
1148880 1899.4
1148890 1899.4
1148900 1891.4
1148910 1885.2
1148920 1885.2
1148930 1884.4
1148940 1875.3
1148950 1875.3
1148960 1869.3
1148970 1875.4
1148980 1875.4
1148990 1881.8
1149000 1878.6
1149010 1878.6
1149020 1868.1
1149030 1857.4
1149040 1845.5
1149050 1845.5
1149060 1838.1
1149070 1840.0
1149080 1840.0
1149090 1835.7
1149100 1832.4
1149110 1832.4
1149120 1825.7
1149130 1817.4
1149140 1817.4
1149150 1811.9
1149160 1806.6
1149170 1806.6
1149180 1800.6
1149190 1794.1
1149200 1794.1
1149210 1787.8
1149220 1782.1
1149230 1782.1
1149240 1776.9
1149250 1772.7
1149260 1772.7
1149270 1769.8
1149280 1767.5
1149290 1764.5
1149300 1764.5
1149310 1762.5
1149320 1760.7
1149330 1760.7
1149340 1758.8
1149350 1756.1
1149360 1756.1
1149370 1753.1
1149380 1750.2
1149390 1750.2
1149400 1746.9
1149410 1743.7
1149420 1743.7
1149430 1741.6
1149440 1738.6
1149450 1740.6
1149460 1737.5
1149470 1734.4
1149480 1734.4
1149490 1731.5
1149500 1729.5
1149510 1729.5
1149520 1726.5
1149530 1723.9
1149540 1721.8
1149550 1721.8
1149560 1720.1
1149570 1718.3
1149580 1718.3
1149590 1716.2
1149600 1713.3
1149610 1713.3
1149620 1713.7
1149630 1714.7
1149640 1714.7
1149650 1716.0
1149660 1716.7
1149670 1716.7
1149680 1717.2
1149690 1717.8
1149700 1717.8
1149710 1721.0
1149720 1725.9
1149730 1725.9
1149740 1730.9
1149750 1736.2
1149760 1736.2
1149770 1741.6
1149780 1746.2
1149790 1750.3
1149800 1750.3
1149810 1754.3
1149820 1758.2
1149830 1756.4
1149840 1761.2
1149850 1765.6
1149860 1765.6
1149870 1769.4
1149880 1773.6
1149890 1773.6
1149900 1778.1
1149910 1783.2
1149920 1783.2
1149930 1787.9
1149940 1792.7
1149950 1792.7
1149960 1797.2
1149970 1802.1
1149980 1802.1
1149990 1807.3
1150000 1811.4
1150010 1811.4
1150020 1815.1
1150030 1818.1
1150040 1820.8
1150050 1820.8
1150060 1823.6
1150070 1826.5
1150080 1826.5
1150090 1829.1
1150100 1831.4
1150110 1831.4
1150120 1833.5
1150130 1836.4
1150140 1836.4
1150150 1839.9
1150160 1842.9
1150170 1842.9
1150180 1846.0
1150190 1849.4
1150200 1849.4
1150210 1850.0
1150220 1852.4
1150230 1852.4
1150240 1855.8
1150250 1858.9
1150260 1858.9
1150270 1862.0
1150280 1864.4
1150290 1866.7
1150300 1866.7
1150310 1869.0
1150320 1871.2
1150330 1871.2
1150340 1873.1
1150350 1874.8
1150360 1874.8
1150370 1877.5
1150380 1880.9
1150390 1880.9
1150400 1883.5
1150410 1886.5
1150420 1886.5
1150430 1889.6
1150440 1892.5
1150450 1892.5
1150460 1895.2
1150470 1897.4
1150480 1897.4
1150490 1900.9
1150500 1903.8
1150510 1903.8
1150520 1905.5
1150530 1908.4
1150540 1911.4
1150550 1911.4
1150560 1913.5
1150570 1916.8
1150580 1916.8
1150590 1914.2
1150600 1915.0
1150610 1915.0
1150620 1917.2
1150630 1919.5
1150640 1919.5
1150650 1920.6
1150660 1921.6
1150670 1921.6
1150680 1923.5
1150690 1925.2
1150700 1925.2
1150710 1926.3
1150720 1927.3
1150730 1927.3
1150740 1928.7
1150750 1929.9
1150760 1929.9
1150770 1931.2
1150780 1932.0
1150790 1931.6
1150800 1931.6
1150810 1933.2
1150820 1933.5
1150830 1933.5
1150840 1934.7
1150850 1934.5
1150860 1934.5
1150870 1933.9
1150880 1935.7
1150890 1935.7
1150900 1937.7
1150910 1938.8
1150920 1938.8
1150930 1939.5
1150940 1939.6
1150950 1939.6
1150960 1940.1
1150970 1936.6
1150980 1936.6
1150990 1938.5
1151000 1939.6
1151010 1939.6
1151020 1940.0
1151030 1940.5
1151040 1941.2
1151050 1941.2
1151060 1942.3
1151070 1943.8
1151080 1943.8
1151090 1945.1
1151100 1946.1
1151110 1946.1
1151120 1947.1
1151130 1949.1
1151140 1949.1
1151150 1952.2
1151160 1954.4
1151170 1954.4
1151180 1956.6
1151190 1958.5
1151200 1958.5
1151210 1960.4
1151220 1962.0
1151230 1962.0
1151240 1962.8
1151250 1963.1
1151260 1963.1
1151270 1963.6
1151280 1963.2
1151290 1962.1
1151300 1962.1
1151310 1962.1
1151320 1961.7
1151330 1961.7
1151340 1961.5
1151350 1955.5
1151360 1955.5
1151370 1955.0
1151380 1954.6
1151390 1954.6
1151400 1954.5
1151410 1954.7
1151420 1954.7
1151430 1952.6
1151440 1952.7
1151450 1952.7
1151460 1952.3
1151470 1953.3
1151480 1953.3
1151490 1954.2
1151500 1953.2
1151510 1952.4
1151520 1952.4
1151530 1950.2
1151540 1948.7
1151550 1948.7
1151560 1947.2
1151570 1945.5
1151580 1945.5
1151590 1944.6
1151600 1943.9
1151610 1943.9
1151620 1941.6
1151630 1940.3
1151640 1940.3
1151650 1941.6
1151660 1941.9
1151670 1941.9
1151680 1941.1
1151690 1940.2
1151700 1940.2
1151710 1939.9
1151720 1939.6
1151730 1936.0
1151740 1936.6
1151750 1937.0
1151760 1937.4
1151770 1937.4
1151780 1937.3
1151790 1937.1
1151800 1937.1
1151810 1937.2
1151820 1937.5
1151830 1937.5
1151840 1937.7
1151850 1936.9
1151860 1936.9
1151870 1935.4
1151880 1933.3
1151890 1933.3
1151900 1931.2
1151910 1929.4
1151920 1929.4
1151930 1930.9
1151940 1933.4
1151950 1933.4
1151960 1935.8
1151970 1938.0
1151980 1938.0
1151990 1940.0
1152000 1942.1
1152010 1944.9
1152020 1944.9
1152030 1948.1
1152040 1951.5
1152050 1951.5
1152060 1954.3
1152070 1955.4
1152080 1955.4
1152090 1957.4
1152100 1960.8
1152110 1961.3
1152120 1964.3
1152130 1967.9
1152140 1967.9
1152150 1971.7
1152160 1974.7
1152170 1974.7
1152180 1977.4
1152190 1979.8
1152200 1979.8
1152210 1981.6
1152220 1984.3
1152230 1984.3
1152240 1988.0
1152250 1991.5
1152260 1994.6
1152270 1994.6
1152280 1997.0
1152290 2001.3
1152300 2001.3
1152310 2005.4
1152320 2009.3
1152330 2009.3
1152340 2013.0
1152350 2017.1
1152360 2017.1
1152370 2021.5
1152380 2026.3
1152390 2026.3
1152400 2031.1
1152410 2035.0
1152420 2035.0
1152430 2039.1
1152440 2043.4
1152450 2043.4
1152460 2048.0
1152470 2053.7
1152480 2053.7
1152490 2062.4
1152500 2068.1
1152510 2073.6
1152520 2073.6
1152530 2078.9
1152540 2083.2
1152550 2083.2
1152560 2088.1
1152570 2093.7
1152580 2093.7
1152590 2100.1
1152600 2106.6
1152610 2106.6
1152620 2112.8
1152630 2118.9
1152640 2118.9
1152650 2124.9
1152660 2130.9
1152670 2130.9
1152680 2137.0
1152690 2143.7
1152700 2143.7
1152710 2150.2
1152720 2156.6
1152730 2156.6
1152740 2162.2
1152750 2167.9
1152760 2173.1
1152770 2173.1
1152780 2177.9
1152790 2181.2
1152800 2181.2
1152810 2183.9
1152820 2190.0
1152830 2190.0
1152840 2192.0
1152850 2194.2
1152860 2194.2
1152870 2195.1
1152880 2201.4
1152890 2201.4
1152900 2200.5
1152910 2200.9
1152920 2200.9
1152930 2205.7
1152940 2211.1
1152950 2211.1
1152960 2216.8
1152970 2223.7
1152980 2223.7
1152990 2231.3
1153000 2238.9
1153010 2246.8
1153020 2246.8
1153030 2254.3
1153040 2261.6
1153050 2261.6
1153060 2267.8
1153070 2273.0
1153080 2273.0
1153090 2278.5
1153100 2284.5
1153110 2284.5
1153120 2290.4
1153130 2296.4
1153140 2296.4
1153150 2301.9
1153160 2307.4
1153170 2307.4
1153180 2313.1
1153190 2318.4
1153200 2318.4
1153210 2326.4
1153220 2333.8
1153230 2333.8
1153240 2346.7
1153250 2359.5
1153260 2375.7
1153270 2375.7
1153280 2383.8
1153290 2392.4
1153300 2392.4
1153310 2401.5
1153320 2411.1
1153330 2411.1
1153340 2420.6
1153350 2424.1
1153360 2424.1
1153370 2435.3
1153380 2450.4
1153390 2450.4
1153400 2462.4
1153410 2473.8
1153420 2473.8
1153430 2483.7
1153440 2491.1
1153450 2491.1
1153460 2498.4
1153470 2507.7
1153480 2507.7
1153490 2514.0
1153500 2516.4
1153510 2522.9
1153520 2522.9
1153530 2531.1
1153540 2537.4
1153550 2537.4
1153560 2542.3
1153570 2550.5
1153580 2550.5
1153590 2557.0
1153600 2562.8
1153610 2562.8
1153620 2570.3
1153630 2580.5
1153640 2585.4
1153650 2592.3
1153660 2599.5
1153670 2599.5
1153680 2605.7
1153690 2612.3
1153700 2612.3
1153710 2619.6
1153720 2627.7
1153730 2627.7
1153740 2635.6
1153750 2638.2
1153760 2633.3
1153770 2633.3
1153780 2624.1
1153790 2617.0
1153800 2617.0
1153810 2621.2
1153820 2633.9
1153830 2633.9
1153840 2636.0
1153850 2623.8
1153860 2623.8
1153870 2616.0
1153880 2611.1
1153890 2611.1
1153900 2608.2
1153910 2606.3
1153920 2606.3
1153930 2607.0
1153940 2608.4
1153950 2608.4
1153960 2610.9
1153970 2614.4
1153980 2614.4
1153990 2619.0
1154000 2623.3
1154010 2627.6
1154020 2627.6
1154030 2643.1
1154040 2646.4
1154050 2646.4
1154060 2650.8
1154070 2654.2
1154080 2654.2
1154090 2656.9
1154100 2658.6
1154110 2658.6
1154120 2660.1
1154130 2661.7
1154140 2661.7
1154150 2666.0
1154160 2670.9
1154170 2670.9
1154180 2676.7
1154190 2683.5
1154200 2683.5
1154210 2690.9
1154220 2698.4
1154230 2698.4
1154240 2708.6
1154250 2717.9
1154260 2726.4
1154270 2726.4
1154280 2735.4
1154290 2745.8
1154300 2745.8
1154310 2748.7
1154320 2744.1
1154330 2744.1
1154340 2741.2
1154350 2745.4
1154360 2745.4
1154370 2752.4
1154380 2762.3
1154390 2762.3
1154400 2762.4
1154410 2752.2
1154420 2752.2
1154430 2740.6
1154440 2724.4
1154450 2724.4
1154460 2712.8
1154470 2699.3
1154480 2699.3
1154490 2689.3
1154500 2682.9
1154510 2676.1
1154520 2676.1
1154530 2669.4
1154540 2662.8
1154550 2662.8
1154560 2656.5
1154570 2650.5
1154580 2650.5
1154590 2644.4
1154600 2638.8
1154610 2638.8
1154620 2634.1
1154630 2629.7
1154640 2629.7
1154650 2625.8
1154660 2622.0
1154670 2622.0
1154680 2618.2
1154690 2615.2
1154700 2615.2
1154710 2611.5
1154720 2602.8
1154730 2602.8
1154740 2587.3
1154750 2570.4
1154760 2556.7
1154770 2556.7
1154780 2545.1
1154790 2536.4
1154800 2540.4
1154810 2528.5
1154820 2522.1
1154830 2522.1
1154840 2516.9
1154850 2512.3
1154860 2512.3
1154870 2507.1
1154880 2501.7
1154890 2501.7
1154900 2496.3
1154910 2490.8
1154920 2490.8
1154930 2485.2
1154940 2479.5
1154950 2479.5
1154960 2473.8
1154970 2467.9
1154980 2461.9
1154990 2461.9
1155000 2456.1
1155010 2450.0
1155020 2450.0
1155030 2444.0
1155040 2438.2
1155050 2438.2
1155060 2432.3
1155070 2426.4
1155080 2426.4
1155090 2420.7
1155100 2414.7
1155110 2414.7
1155120 2408.8
1155130 2403.1
1155140 2403.1
1155150 2397.3
1155160 2391.7
1155170 2391.7
1155180 2391.1
1155190 2386.3
1155200 2386.3
1155210 2380.7
1155220 2375.6
1155230 2370.8
1155240 2370.8
1155250 2366.1
1155260 2361.4
1155270 2361.4
1155280 2357.2
1155290 2352.2
1155300 2352.2
1155310 2346.4
1155320 2339.8
1155330 2339.8
1155340 2333.4
1155350 2327.4
1155360 2327.4
1155370 2321.7
1155380 2316.3
1155390 2316.3
1155400 2310.9
1155410 2306.0
1155420 2306.0
1155430 2301.4
1155440 2296.7
1155450 2296.7
1155460 2292.2
1155470 2288.0
1155480 2284.1
1155490 2284.1
1155500 2280.3
1155510 2277.0
1155520 2277.0
1155530 2273.6
1155540 2270.7
1155550 2270.7
1155560 2267.6
1155570 2267.5
1155580 2267.5
1155590 2263.4
1155600 2259.6
1155610 2259.6
1155620 2256.3
1155630 2253.5
1155640 2253.5
1155650 2250.8
1155660 2247.9
1155670 2247.9
1155680 2245.0
1155690 2242.5
1155700 2242.5
1155710 2240.4
1155720 2238.7
1155730 2237.4
1155740 2237.4
1155750 2235.8
1155760 2234.5
1155770 2234.5
1155780 2233.5
1155790 2230.3
1155800 2230.3
1155810 2225.2
1155820 2221.7
1155830 2221.7
1155840 2219.0
1155850 2217.0
1155860 2217.0
1155870 2215.3
1155880 2213.7
1155890 2213.7
1155900 2211.4
1155910 2208.6
1155920 2208.6
1155930 2205.9
1155940 2203.4
1155950 2203.4
1155960 2207.1
1155970 2205.3
1155980 2203.0
1155990 2203.0
1156000 2199.5
1156010 2194.9
1156020 2194.9
1156030 2187.9
1156040 2181.6
1156050 2181.6
1156060 2177.2
1156070 2173.6
1156080 2173.6
1156090 2169.6
1156100 2165.7
1156110 2165.7
1156120 2160.7
1156130 2156.3
1156140 2156.3
1156150 2153.5
1156160 2151.3
1156170 2151.3
1156180 2149.4
1156190 2146.4
1156200 2146.4
1156210 2142.3
1156220 2138.7
1156230 2135.6
1156240 2135.6
1156250 2133.0
1156260 2130.2
1156270 2130.2
1156280 2127.3
1156290 2124.2
1156300 2124.2
1156310 2121.2
1156320 2119.2
1156330 2119.2
1156340 2124.6
1156350 2123.7
1156360 2123.7
1156370 2125.2
1156380 2122.9
1156390 2122.9
1156400 2120.9
1156410 2120.5
1156420 2120.5
1156430 2120.9
1156440 2120.6
1156450 2120.6
1156460 2120.3
1156470 2120.4
1156480 2119.4
1156490 2119.4
1156500 2119.4
1156510 2119.5
1156520 2119.5
1156530 2119.8
1156540 2121.9
1156550 2121.9
1156560 2119.7
1156570 2117.4
1156580 2117.4
1156590 2116.1
1156600 2121.5
1156610 2121.5
1156620 2127.7
1156630 2130.3
1156640 2130.3
1156650 2131.4
1156660 2131.7
1156670 2131.7
1156680 2130.9
1156690 2129.5
1156700 2129.5
1156710 2130.5
1156720 2131.6
1156730 2139.6
1156740 2139.6
1156750 2142.5
1156760 2145.7
1156770 2145.7
1156780 2149.0
1156790 2150.8
1156800 2150.8
1156810 2151.4
1156820 2151.4
1156830 2151.4
1156840 2151.2
1156850 2152.0
1156860 2152.0
1156870 2153.0
1156880 2154.0
1156890 2154.0
1156900 2153.1
1156910 2148.9
1156920 2148.9
1156930 2142.1
1156940 2133.6
1156950 2133.6
1156960 2126.2
1156970 2124.0
1156980 2122.4
1156990 2122.4
1157000 2120.4
1157010 2118.3
1157020 2118.3
1157030 2117.4
1157040 2118.2
1157050 2118.2
1157060 2119.0
1157070 2119.0
1157080 2119.0
1157090 2119.1
1157100 2119.7
1157110 2119.7
1157120 2124.6
1157130 2122.3
1157140 2122.3
1157150 2117.7
1157160 2117.9
1157170 2117.9
1157180 2117.8
1157190 2116.9
1157200 2116.9
1157210 2115.7
1157220 2114.2
1157230 2112.0
1157240 2112.0
1157250 2112.1
1157260 2113.4
1157270 2113.4
1157280 2112.5
1157290 2111.6
1157300 2111.6
1157310 2113.0
1157320 2111.6
1157330 2111.6
1157340 2108.9
1157350 2109.1
1157360 2109.1
1157370 2110.2
1157380 2111.4
1157390 2111.4
1157400 2111.6
1157410 2111.2
1157420 2111.2
1157430 2111.8
1157440 2113.2
1157450 2113.2
1157460 2115.1
1157470 2115.7
1157480 2115.5
1157490 2115.5
1157500 2115.2
1157510 2119.3
1157520 2119.3
1157530 2119.3
1157540 2120.2
1157550 2120.2
1157560 2122.4
1157570 2125.7
1157580 2125.7
1157590 2128.0
1157600 2126.8
1157610 2126.8
1157620 2126.1
1157630 2125.4
1157640 2125.4
1157650 2125.5
1157660 2127.5
1157670 2127.5
1157680 2129.9
1157690 2131.1
1157700 2131.1
1157710 2130.4
1157720 2129.9
1157730 2128.1
1157740 2128.1
1157750 2126.6
1157760 2128.4
1157770 2128.4
1157780 2126.9
1157790 2126.5
1157800 2126.5
1157810 2124.7
1157820 2121.8
1157830 2121.8
1157840 2122.2
1157850 2125.6
1157860 2125.6
1157870 2125.8
1157880 2125.8
1157890 2125.8
1157900 2128.9
1157910 2128.2
1157920 2128.2
1157930 2127.1
1157940 2127.3
1157950 2127.3
1157960 2127.6
1157970 2126.8
1157980 2129.1
1157990 2129.1
1158000 2131.3
1158010 2135.2
1158020 2135.2
1158030 2139.7
1158040 2143.4
1158050 2143.4
1158060 2148.9
1158070 2153.7
1158080 2153.7
1158090 2156.9
1158100 2160.6
1158110 2160.6
1158120 2163.9
1158130 2168.8
1158140 2168.8
1158150 2172.4
1158160 2174.1
1158170 2174.1
1158180 2174.0
1158190 2173.6
1158200 2174.5
1158210 2174.5
1158220 2177.3
1158230 2179.6
1158240 2179.6
1158250 2181.5
1158260 2180.9
1158270 2180.9
1158280 2178.1
1158290 2177.6
1158300 2177.6
1158310 2175.6
1158320 2176.7
1158330 2176.7
1158340 2179.3
1158350 2181.0
1158360 2181.0
1158370 2183.6
1158380 2186.0
1158390 2186.0
1158400 2188.1
1158410 2192.5
1158420 2192.5
1158430 2196.0
1158440 2198.9
1158450 2199.1
1158460 2199.1
1158470 2199.6
1158480 2201.0
1158490 2201.0
1158500 2202.3
1158510 2203.6
1158520 2203.6
1158530 2204.0
1158540 2204.4
1158550 2204.4
1158560 2207.4
1158570 2211.3
1158580 2211.3
1158590 2214.6
1158600 2219.6
1158610 2219.6
1158620 2226.8
1158630 2234.7
1158640 2234.7
1158650 2241.2
1158660 2245.7
1158670 2245.7
1158680 2251.0
1158690 2254.3
1158700 2256.7
1158710 2256.7
1158720 2259.7
1158730 2263.5
1158740 2263.5
1158750 2268.3
1158760 2273.5
1158770 2273.5
1158780 2277.9
1158790 2281.7
1158800 2281.7
1158810 2286.2
1158820 2289.2
1158830 2289.2
1158840 2290.6
1158850 2290.1
1158860 2290.1
1158870 2290.0
1158880 2292.5
1158890 2292.5
1158900 2295.7
1158910 2298.8
1158920 2298.8
1158930 2302.4
1158940 2306.9
1158950 2310.3
1158960 2310.3
1158970 2311.3
1158980 2313.1
1158990 2313.1
1159000 2316.7
1159010 2321.0
1159020 2321.0
1159030 2325.7
1159040 2330.5
1159050 2330.5
1159060 2334.3
1159070 2343.7
1159080 2343.7
1159090 2347.5
1159100 2352.2
1159110 2352.2
1159120 2355.6
1159130 2358.3
1159140 2358.3
1159150 2361.3
1159160 2364.8
1159170 2364.8
1159180 2368.7
1159190 2373.2
1159200 2378.5
1159210 2378.5
1159220 2383.0
1159230 2385.1
1159240 2385.1
1159250 2386.4
1159260 2388.2
1159270 2388.2
1159280 2390.6
1159290 2393.5
1159300 2393.5
1159310 2396.1
1159320 2397.8
1159330 2397.8
1159340 2397.2
1159350 2397.5
1159360 2397.5
1159370 2399.7
1159380 2399.6
1159390 2399.6
1159400 2400.8
1159410 2403.6
1159420 2403.6
1159430 2406.8
1159440 2409.3
1159450 2412.4
1159460 2412.0
1159470 2415.1
1159480 2417.9
1159490 2417.9
1159500 2421.1
1159510 2424.2
1159520 2424.2
1159530 2427.4
1159540 2430.9
1159550 2430.9
1159560 2434.4
1159570 2437.9
1159580 2437.9
1159590 2441.4
1159600 2445.0
1159610 2445.0
1159620 2449.2
1159630 2453.5
1159640 2453.5
1159650 2458.8
1159660 2464.4
1159670 2464.4
1159680 2469.0
1159690 2473.8
1159700 2479.7
1159710 2479.7
1159720 2485.1
1159730 2489.7
1159740 2489.7
1159750 2494.6
1159760 2499.9
1159770 2499.9
1159780 2505.2
1159790 2510.6
1159800 2510.6
1159810 2516.2
1159820 2523.0
1159830 2523.0
1159840 2531.0
1159850 2539.8
1159860 2539.8
1159870 2548.3
1159880 2555.9
1159890 2555.9
1159900 2562.5
1159910 2568.8
1159920 2568.8
1159930 2575.6
1159940 2582.3
1159950 2588.9
1159960 2588.9
1159970 2595.9
1159980 2602.4
1159990 2602.4
