1140000 2477.7
1140010 2477.7
1140020 2486.0
1140030 2494.4
1140040 2494.4
1140050 2500.2
1140060 2490.4
1140070 2490.4
1140080 2479.5
1140090 2470.6
1140100 2470.6
1140110 2462.3
1140120 2454.5
1140130 2453.0
1140140 2442.9
1140150 2435.4
1140160 2435.4
1140170 2428.2
1140180 2420.7
1140190 2420.7
1140200 2413.5
1140210 2406.9
1140220 2400.0
1140230 2400.0
1140240 2393.2
1140250 2386.4
1140260 2386.4
1140270 2379.8
1140280 2373.1
1140290 2373.1
1140300 2366.5
1140310 2359.8
1140320 2359.8
1140330 2353.0
1140340 2346.2
1140350 2346.2
1140360 2337.9
1140370 2330.7
1140380 2330.7
1140390 2324.2
1140400 2318.0
1140410 2318.0
1140420 2312.3
1140430 2306.5
1140440 2306.5
1140450 2300.8
1140460 2295.2
1140470 2289.7
1140480 2289.7
1140490 2284.4
1140500 2276.2
1140510 2276.2
1140520 2271.1
1140530 2266.0
1140540 2266.0
1140550 2260.8
1140560 2255.5
1140570 2255.5
1140580 2250.7
1140590 2245.8
1140600 2245.8
1140610 2240.9
1140620 2235.8
1140630 2235.8
1140640 2230.6
1140650 2225.3
1140660 2225.3
1140670 2220.0
1140680 2214.7
1140690 2214.7
1140700 2210.0
1140710 2205.9
1140720 2202.0
1140730 2202.0
1140740 2198.4
1140750 2194.7
1140760 2194.7
1140770 2193.2
1140780 2192.3
1140790 2192.3
1140800 2188.8
1140810 2184.2
1140820 2184.2
1140830 2179.7
1140840 2176.5
1140850 2176.5
1140860 2173.5
1140870 2165.6
1140880 2165.6
1140890 2163.7
1140900 2161.9
1140910 2161.9
1140920 2159.0
1140930 2154.5
1140940 2154.5
1140950 2149.1
1140960 2143.6
1140970 2138.6
1140980 2138.6
1140990 2134.2
1141000 2130.3
1141010 2130.3
1141020 2126.7
1141030 2123.7
1141040 2123.7
1141050 2121.5
1141060 2119.7
1141070 2119.7
1141080 2118.7
1141090 2117.1
1141100 2117.1
1141110 2114.2
1141120 2110.3
1141130 2110.3
1141140 2105.4
1141150 2100.4
1141160 2100.4
1141170 2095.4
1141180 2090.4
1141190 2090.4
1141200 2085.1
1141210 2079.1
1141220 2073.2
1141230 2073.2
1141240 2065.5
1141250 2059.2
1141260 2059.2
1141270 2052.4
1141280 2046.4
1141290 2046.4
1141300 2042.8
1141310 2039.5
1141320 2039.5
1141330 2034.0
1141340 2030.5
1141350 2030.5
1141360 2025.6
1141370 2019.2
1141380 2019.2
1141390 2011.3
1141400 2005.6
1141410 2005.6
1141420 2002.3
1141430 1997.9
1141440 1997.9
1141450 1990.4
1141460 1978.6
1141470 1969.3
1141480 1969.3
1141490 1961.1
1141500 1953.3
1141510 1953.3
1141520 1946.5
1141530 1940.2
1141540 1940.2
1141550 1937.6
1141560 1936.6
1141570 1936.6
1141580 1935.4
1141590 1930.0
1141600 1930.0
1141610 1918.9
1141620 1921.3
1141630 1921.3
1141640 1918.1
1141650 1912.5
1141660 1912.5
1141670 1910.9
1141680 1907.4
1141690 1907.4
1141700 1904.4
1141710 1901.0
1141720 1896.7
1141730 1896.7
1141740 1889.1
1141750 1878.4
1141760 1878.4
1141770 1869.0
1141780 1870.0
1141790 1870.0
1141800 1874.0
1141810 1872.8
1141820 1872.8
1141830 1870.4
1141840 1868.1
1141850 1868.1
1141860 1866.7
1141870 1865.8
1141880 1865.8
1141890 1862.0
1141900 1859.0
1141910 1859.0
1141920 1857.3
1141930 1855.4
1141940 1855.4
1141950 1851.9
1141960 1846.6
1141970 1840.9
1141980 1837.6
1141990 1832.9
1142000 1826.4
1142010 1826.4
1142020 1818.2
1142030 1809.1
1142040 1809.1
1142050 1800.3
1142060 1791.3
1142070 1791.3
1142080 1782.5
1142090 1774.8
1142100 1774.8
1142110 1773.2
1142120 1776.6
1142130 1776.6
1142140 1780.2
1142150 1780.4
1142160 1780.4
1142170 1780.5
1142180 1780.4
1142190 1780.4
1142200 1779.9
1142210 1779.8
1142220 1781.1
1142230 1781.1
1142240 1782.5
1142250 1780.3
1142260 1780.3
1142270 1779.4
1142280 1780.1
1142290 1780.1
1142300 1776.3
1142310 1771.1
1142320 1771.1
1142330 1764.8
1142340 1758.2
1142350 1758.6
1142360 1751.3
1142370 1745.9
1142380 1745.9
1142390 1743.8
1142400 1744.6
1142410 1744.6
1142420 1744.4
1142430 1744.5
1142440 1744.5
1142450 1742.8
1142460 1743.5
1142470 1744.2
1142480 1744.2
1142490 1744.9
1142500 1743.0
1142510 1743.0
1142520 1740.2
1142530 1738.1
1142540 1738.1
1142550 1732.7
1142560 1721.3
1142570 1721.3
1142580 1709.9
1142590 1704.3
1142600 1704.3
1142610 1703.1
1142620 1701.7
1142630 1701.7
1142640 1701.2
1142650 1698.5
1142660 1698.5
1142670 1688.9
1142680 1677.6
1142690 1677.6
1142700 1667.1
1142710 1661.3
1142720 1656.7
1142730 1650.6
1142740 1646.4
1142750 1642.1
1142760 1642.1
1142770 1637.6
1142780 1631.5
1142790 1631.5
1142800 1621.6
1142810 1613.8
1142820 1613.8
1142830 1610.4
1142840 1607.1
1142850 1607.1
1142860 1601.3
1142870 1595.8
1142880 1595.8
1142890 1590.9
1142900 1585.6
1142910 1585.6
1142920 1580.2
1142930 1574.6
1142940 1574.6
1142950 1569.0
1142960 1563.1
1142970 1557.2
1142980 1557.2
1142990 1551.9
1143000 1548.2
1143010 1548.2
1143020 1544.8
1143030 1540.0
1143040 1540.0
1143050 1535.3
1143060 1531.1
1143070 1531.1
1143080 1526.9
1143090 1522.9
1143100 1520.2
1143110 1516.6
1143120 1509.9
1143130 1509.9
1143140 1505.1
1143150 1502.9
1143160 1502.9
1143170 1502.9
1143180 1503.8
1143190 1503.8
1143200 1504.6
1143210 1504.6
1143220 1504.8
1143230 1504.8
1143240 1504.3
1143250 1503.7
1143260 1503.7
1143270 1503.1
1143280 1502.2
1143290 1502.2
1143300 1501.6
1143310 1501.0
1143320 1501.0
1143330 1500.5
1143340 1500.1
1143350 1500.1
1143360 1499.8
1143370 1499.7
1143380 1499.7
1143390 1500.0
1143400 1501.4
1143410 1501.4
1143420 1504.8
1143430 1508.9
1143440 1508.9
1143450 1512.9
1143460 1516.6
1143470 1522.0
1143480 1522.0
1143490 1525.4
1143500 1529.9
1143510 1529.9
1143520 1535.1
1143530 1541.1
1143540 1541.1
1143550 1546.3
1143560 1550.7
1143570 1550.7
1143580 1555.8
1143590 1559.6
1143600 1559.6
1143610 1566.5
1143620 1577.7
1143630 1577.7
1143640 1589.2
1143650 1598.2
1143660 1598.2
1143670 1607.9
1143680 1617.3
1143690 1617.3
1143700 1624.5
1143710 1625.1
1143720 1633.9
1143730 1633.9
1143740 1645.8
1143750 1649.7
1143760 1649.7
1143770 1656.0
1143780 1663.2
1143790 1663.2
1143800 1670.8
1143810 1678.1
1143820 1678.1
1143830 1687.4
1143840 1698.0
1143850 1698.0
1143860 1706.3
1143870 1715.8
1143880 1715.8
1143890 1724.2
1143900 1732.5
1143910 1732.5
1143920 1740.8
1143930 1749.9
1143940 1749.9
1143950 1759.3
1143960 1768.1
1143970 1777.8
1143980 1777.8
1143990 1785.9
1144000 1789.0
1144010 1789.0
1144020 1792.5
1144030 1794.9
1144040 1794.9
1144050 1789.8
1144060 1785.8
1144070 1785.8
1144080 1784.8
1144090 1779.8
1144100 1779.8
1144110 1786.3
1144120 1792.2
1144130 1792.2
1144140 1794.0
1144150 1795.1
1144160 1795.1
1144170 1793.6
1144180 1796.2
1144190 1796.2
1144200 1801.3
1144210 1807.9
1144220 1819.1
1144230 1819.1
1144240 1823.7
1144250 1828.5
1144260 1828.5
1144270 1831.7
1144280 1836.2
1144290 1836.2
1144300 1841.8
1144310 1851.2
1144320 1851.2
1144330 1863.0
1144340 1870.5
1144350 1870.5
1144360 1886.2
1144370 1900.1
1144380 1900.1
1144390 1904.5
1144400 1907.2
1144410 1907.2
1144420 1910.3
1144430 1913.7
1144440 1913.7
1144450 1916.4
1144460 1918.2
1144470 1918.7
1144480 1918.7
1144490 1919.1
1144500 1918.9
1144510 1918.9
1144520 1918.0
1144530 1917.1
1144540 1917.1
1144550 1916.7
1144560 1914.3
1144570 1914.3
1144580 1911.1
1144590 1916.8
1144600 1916.8
1144610 1906.5
1144620 1894.8
1144630 1894.8
1144640 1891.3
1144650 1886.5
1144660 1886.5
1144670 1882.2
1144680 1880.8
1144690 1880.8
1144700 1879.6
1144710 1879.0
1144720 1878.1
1144730 1878.1
1144740 1878.8
1144750 1878.8
1144760 1878.8
1144770 1878.3
1144780 1877.7
1144790 1877.7
1144800 1879.4
1144810 1879.8
1144820 1879.8
1144830 1880.0
1144840 1880.5
1144850 1880.5
1144860 1881.6
1144870 1885.1
1144880 1885.1
1144890 1888.5
1144900 1893.0
1144910 1893.0
1144920 1898.3
1144930 1903.5
1144940 1903.5
1144950 1908.2
1144960 1918.3
1144970 1922.8
1144980 1922.8
1144990 1927.3
1145000 1932.2
1145010 1932.2
1145020 1936.6
1145030 1940.7
1145040 1940.7
1145050 1944.3
1145060 1948.0
1145070 1948.0
1145080 1950.8
1145090 1952.6
1145100 1952.6
1145110 1954.6
1145120 1956.2
1145130 1956.2
1145140 1956.3
1145150 1956.7
1145160 1956.7
1145170 1959.9
1145180 1963.7
1145190 1963.7
1145200 1966.1
1145210 1966.9
1145220 1967.0
1145230 1967.0
1145240 1969.7
1145250 1973.0
1145260 1973.0
1145270 1975.6
1145280 1978.8
1145290 1978.8
1145300 1982.3
1145310 1985.1
1145320 1985.1
1145330 1987.8
1145340 1996.6
1145350 1996.6
1145360 2001.3
1145370 2005.5
1145380 2005.5
1145390 2008.6
1145400 2010.8
1145410 2010.8
1145420 2013.0
1145430 2014.6
1145440 2014.6
1145450 2015.7
1145460 2016.7
1145470 2018.3
1145480 2018.3
1145490 2021.2
1145500 2023.8
1145510 2023.8
1145520 2027.8
1145530 2033.4
1145540 2033.4
1145550 2039.3
1145560 2044.3
1145570 2044.3
1145580 2048.2
1145590 2052.7
1145600 2052.7
1145610 2060.0
1145620 2064.3
1145630 2064.3
1145640 2058.8
1145650 2054.0
1145660 2054.0
1145670 2050.2
1145680 2046.5
1145690 2046.5
1145700 2042.4
1145710 2045.5
1145720 2044.7
1145730 2044.7
1145740 2046.3
1145750 2048.5
1145760 2048.5
1145770 2051.8
1145780 2050.9
1145790 2050.9
1145800 2049.2
1145810 2047.1
1145820 2047.1
1145830 2045.5
1145840 2047.7
1145850 2047.7
1145860 2049.7
1145870 2052.8
1145880 2052.8
1145890 2055.9
1145900 2059.2
1145910 2059.2
1145920 2060.6
1145930 2058.3
1145940 2058.3
1145950 2055.9
1145960 2056.1
1145970 2055.9
1145980 2055.9
1145990 2056.7
1146000 2056.8
1146010 2056.8
1146020 2059.6
1146030 2058.9
1146040 2058.9
1146050 2059.1
1146060 2061.3
1146070 2061.3
1146080 2064.2
1146090 2071.2
1146100 2071.2
1146110 2072.5
1146120 2074.1
1146130 2074.1
1146140 2078.9
1146150 2085.5
1146160 2085.5
1146170 2091.1
1146180 2094.5
1146190 2094.5
1146200 2097.3
1146210 2100.9
1146220 2105.3
1146230 2105.3
1146240 2110.4
1146250 2116.0
1146260 2116.0
1146270 2120.8
1146280 2126.2
1146290 2126.2
1146300 2132.6
1146310 2137.6
1146320 2137.6
1146330 2144.2
1146340 2153.1
1146350 2153.1
1146360 2157.0
1146370 2159.1
1146380 2159.1
1146390 2162.6
1146400 2166.0
1146410 2166.0
1146420 2167.6
1146430 2167.9
1146440 2167.9
1146450 2169.9
1146460 2177.6
1146470 2180.8
1146480 2180.8
1146490 2180.6
1146500 2178.5
1146510 2178.5
1146520 2177.6
1146530 2176.4
1146540 2176.4
1146550 2176.6
1146560 2177.3
1146570 2177.3
1146580 2177.1
1146590 2177.8
1146600 2177.8
1146610 2178.9
1146620 2176.0
1146630 2176.0
1146640 2170.2
1146650 2168.7
1146660 2168.7
1146670 2171.6
1146680 2175.3
1146690 2175.3
1146700 2180.5
1146710 2186.7
1146720 2192.7
1146730 2192.7
1146740 2198.3
1146750 2205.7
1146760 2205.7
1146770 2216.4
1146780 2236.0
1146790 2236.0
1146800 2247.3
1146810 2255.8
1146820 2255.8
1146830 2264.8
1146840 2272.4
1146850 2272.4
1146860 2284.7
1146870 2298.3
1146880 2298.3
1146890 2307.0
1146900 2308.3
1146910 2308.3
1146920 2303.4
1146930 2295.3
1146940 2295.3
1146950 2284.7
1146960 2272.4
1146970 2265.2
1146980 2265.2
1146990 2259.5
1147000 2254.0
1147010 2254.0
1147020 2249.4
1147030 2245.3
1147040 2245.3
1147050 2242.0
1147060 2238.9
1147070 2238.9
1147080 2237.7
1147090 2237.3
1147100 2237.3
1147110 2236.8
1147120 2236.3
1147130 2236.3
1147140 2236.1
1147150 2236.6
1147160 2236.6
1147170 2236.5
1147180 2237.7
1147190 2237.7
1147200 2241.0
1147210 2245.4
1147220 2249.5
1147230 2249.5
1147240 2254.4
1147250 2260.0
1147260 2260.0
1147270 2264.8
1147280 2269.7
1147290 2269.7
1147300 2274.7
1147310 2278.8
1147320 2278.8
1147330 2284.5
1147340 2289.7
1147350 2289.7
1147360 2294.1
1147370 2298.9
1147380 2298.9
1147390 2303.6
1147400 2308.4
1147410 2308.4
1147420 2313.7
1147430 2319.6
1147440 2319.6
1147450 2325.1
1147460 2330.0
1147470 2335.2
1147480 2335.2
1147490 2340.5
1147500 2346.1
1147510 2346.1
1147520 2351.9
1147530 2357.0
1147540 2357.0
1147550 2360.0
1147560 2361.4
1147570 2361.4
1147580 2362.6
1147590 2363.5
1147600 2363.5
1147610 2363.4
1147620 2358.5
1147630 2358.5
1147640 2349.3
1147650 2343.8
1147660 2343.8
1147670 2338.3
1147680 2330.9
1147690 2330.9
1147700 2324.9
1147710 2319.7
1147720 2314.8
1147730 2314.8
1147740 2310.4
1147750 2305.1
1147760 2305.1
1147770 2300.5
1147780 2295.1
1147790 2295.1
1147800 2290.0
1147810 2285.7
1147820 2285.7
1147830 2280.7
1147840 2275.3
1147850 2275.3
1147860 2269.6
1147870 2263.8
1147880 2263.8
1147890 2258.3
1147900 2253.7
1147910 2253.7
1147920 2249.2
1147930 2245.0
1147940 2245.0
1147950 2240.5
1147960 2235.0
1147970 2226.9
1147980 2226.9
1147990 2222.1
1148000 2217.5
1148010 2217.5
1148020 2213.4
1148030 2210.9
1148040 2210.9
1148050 2211.7
1148060 2210.3
1148070 2210.3
1148080 2205.9
1148090 2201.2
1148100 2201.2
1148110 2198.3
1148120 2196.4
1148130 2196.4
1148140 2194.4
1148150 2192.7
1148160 2192.7
1148170 2190.6
1148180 2188.8
1148190 2188.8
1148200 2187.6
1148210 2185.7
1148220 2183.3
1148230 2183.3
1148240 2180.5
1148250 2178.2
1148260 2178.2
1148270 2173.3
1148280 2168.5
1148290 2168.5
1148300 2164.2
1148310 2158.4
1148320 2158.4
1148330 2152.3
1148340 2146.4
1148350 2144.0
1148360 2136.7
1148370 2124.4
1148380 2124.4
1148390 2113.0
1148400 2102.4
1148410 2102.4
1148420 2088.2
1148430 2080.5
1148440 2080.5
1148450 2069.2
1148460 2058.0
1148470 2049.6
1148480 2049.6
1148490 2039.2
1148500 2027.6
1148510 2027.6
1148520 2011.1
1148530 1992.6
1148540 1992.6
1148550 1980.9
1148560 1973.6
1148570 1973.6
1148580 1968.1
1148590 1962.7
1148600 1962.7
1148610 1954.5
1148620 1939.6
1148630 1939.6
1148640 1920.2
1148650 1905.8
1148660 1905.8
1148670 1895.5
1148680 1888.1
1148690 1876.3
1148700 1876.3
1148710 1867.6
1148720 1863.1
1148730 1869.5
1148740 1861.4
1148750 1846.8
1148760 1846.8
1148770 1822.8
1148780 1810.3
1148790 1810.3
1148800 1800.0
1148810 1791.9
1148820 1791.9
1148830 1784.5
1148840 1777.9
1148850 1777.9
1148860 1771.1
1148870 1764.5
1148880 1764.5
1148890 1758.1
1148900 1751.6
1148910 1751.6
1148920 1745.0
1148930 1738.4
1148940 1731.6
1148950 1731.6
1148960 1725.0
1148970 1719.3
1148980 1719.3
1148990 1714.2
1149000 1709.6
1149010 1709.6
1149020 1705.0
1149030 1700.2
1149040 1700.2
1149050 1695.2
1149060 1690.6
1149070 1690.6
1149080 1686.5
1149090 1682.5
1149100 1682.5
1149110 1681.1
1149120 1678.1
1149130 1678.1
1149140 1674.2
1149150 1671.4
1149160 1671.4
1149170 1672.5
1149180 1675.5
1149190 1677.1
1149200 1677.1
1149210 1675.6
1149220 1675.7
1149230 1675.7
1149240 1676.2
1149250 1676.5
1149260 1676.5
1149270 1677.0
1149280 1678.2
1149290 1678.2
1149300 1679.2
1149310 1680.4
1149320 1680.4
1149330 1681.8
1149340 1683.6
1149350 1683.6
1149360 1685.6
1149370 1687.8
1149380 1687.8
1149390 1691.7
1149400 1695.8
1149410 1695.8
1149420 1700.4
1149430 1705.5
1149440 1711.1
1149450 1711.1
1149460 1717.0
1149470 1722.9
1149480 1722.6
1149490 1729.2
1149500 1735.6
1149510 1735.6
1149520 1741.2
1149530 1745.6
1149540 1745.6
1149550 1748.6
1149560 1749.9
1149570 1749.9
1149580 1753.5
1149590 1758.2
1149600 1758.2
1149610 1763.8
1149620 1769.0
1149630 1769.0
1149640 1773.1
1149650 1776.5
1149660 1776.5
1149670 1779.8
1149680 1783.0
1149690 1787.5
1149700 1787.5
1149710 1791.7
1149720 1796.4
1149730 1796.4
1149740 1801.9
1149750 1807.2
1149760 1807.2
1149770 1812.2
1149780 1818.0
1149790 1818.0
1149800 1824.2
1149810 1830.5
1149820 1830.5
1149830 1837.0
1149840 1843.3
1149850 1843.3
1149860 1852.6
1149870 1856.4
1149880 1856.4
1149890 1860.2
1149900 1865.3
1149910 1865.3
1149920 1871.0
1149930 1876.1
1149940 1880.2
1149950 1880.2
1149960 1883.9
1149970 1887.7
1149980 1887.7
1149990 1891.5
1150000 1895.5
1150010 1895.5
1150020 1900.0
1150030 1904.5
1150040 1904.5
1150050 1909.1
1150060 1913.8
1150070 1913.8
1150080 1918.6
1150090 1923.3
1150100 1923.3
1150110 1927.9
1150120 1932.4
1150130 1932.4
1150140 1937.7
1150150 1943.5
1150160 1943.5
1150170 1949.7
1150180 1955.6
1150190 1961.6
1150200 1961.6
1150210 1967.3
1150220 1972.8
1150230 1972.8
1150240 1977.3
1150250 1982.6
1150260 1982.6
1150270 1988.0
1150280 1992.9
1150290 1992.9
1150300 1997.5
1150310 2002.1
1150320 2002.1
1150330 2006.5
1150340 2010.4
1150350 2010.4
1150360 2014.5
1150370 2018.7
1150380 2018.7
1150390 2023.1
1150400 2027.2
1150410 2027.2
1150420 2031.0
1150430 2035.0
1150440 2039.5
1150450 2039.5
1150460 2044.3
1150470 2049.1
1150480 2049.1
1150490 2053.8
1150500 2059.1
1150510 2059.1
1150520 2064.1
1150530 2068.6
1150540 2068.6
1150550 2073.1
1150560 2077.3
1150570 2077.3
1150580 2081.3
1150590 2085.0
1150600 2085.0
1150610 2088.5
1150620 2088.1
1150630 2088.1
1150640 2091.1
1150650 2094.1
1150660 2094.1
1150670 2097.9
1150680 2102.6
1150690 2106.7
1150700 2106.7
1150710 2110.3
1150720 2114.6
1150730 2114.6
1150740 2119.7
1150750 2124.6
1150760 2124.6
1150770 2128.8
1150780 2133.3
1150790 2133.3
1150800 2136.9
1150810 2141.0
1150820 2141.0
1150830 2146.5
1150840 2150.8
1150850 2150.8
1150860 2154.7
1150870 2158.7
1150880 2158.7
1150890 2162.3
1150900 2164.9
1150910 2164.9
1150920 2168.4
1150930 2172.6
1150940 2177.6
1150950 2177.6
1150960 2183.6
1150970 2187.6
1150980 2187.6
1150990 2190.0
1151000 2192.5
1151010 2191.0
1151020 2193.0
1151030 2195.3
1151040 2195.3
1151050 2197.7
1151060 2200.3
1151070 2200.3
1151080 2203.2
1151090 2206.6
1151100 2206.6
1151110 2210.0
1151120 2213.4
1151130 2213.4
1151140 2216.6
1151150 2219.7
1151160 2219.7
1151170 2222.6
1151180 2225.5
1151190 2229.5
1151200 2229.5
1151210 2235.2
1151220 2241.1
1151230 2241.1
1151240 2246.2
1151250 2250.2
1151260 2250.2
1151270 2252.5
1151280 2253.5
1151290 2253.5
1151300 2253.9
1151310 2254.2
1151320 2254.2
1151330 2255.1
1151340 2256.4
1151350 2256.4
1151360 2257.3
1151370 2259.0
1151380 2259.0
1151390 2255.1
1151400 2256.2
1151410 2256.2
1151420 2256.3
1151430 2256.3
1151440 2256.3
1151450 2256.3
1151460 2256.0
1151470 2256.3
1151480 2256.3
1151490 2256.3
1151500 2255.0
1151510 2255.0
1151520 2251.7
1151530 2250.0
1151540 2250.0
1151550 2250.6
1151560 2250.1
1151570 2250.1
1151580 2250.2
1151590 2249.0
1151600 2249.0
1151610 2247.2
1151620 2244.0
1151630 2244.0
1151640 2241.3
1151650 2240.3
1151660 2240.3
1151670 2241.2
1151680 2242.0
1151690 2241.9
1151700 2241.9
1151710 2241.2
1151720 2238.5
1151730 2238.5
1151740 2234.5
1151750 2229.6
1151760 2229.6
1151770 2219.8
1151780 2215.4
1151790 2215.4
1151800 2211.4
1151810 2208.9
1151820 2208.9
1151830 2207.2
1151840 2204.1
1151850 2204.1
1151860 2200.8
1151870 2197.3
1151880 2197.3
1151890 2193.2
1151900 2189.0
1151910 2189.0
1151920 2183.8
1151930 2179.2
1151940 2175.0
1151950 2175.0
1151960 2171.5
1151970 2168.8
1151980 2168.8
1151990 2166.8
1152000 2165.6
1152010 2165.6
1152020 2162.9
1152030 2156.3
1152040 2156.3
1152050 2147.0
1152060 2141.8
1152070 2141.8
1152080 2137.9
1152090 2129.9
1152100 2129.9
1152110 2121.4
1152120 2114.4
1152130 2114.4
1152140 2110.1
1152150 2102.7
1152160 2102.7
1152170 2098.8
1152180 2095.2
1152190 2092.9
1152200 2092.9
1152210 2091.0
1152220 2090.1
1152230 2090.1
1152240 2089.5
1152250 2089.1
1152260 2089.1
1152270 2088.4
1152280 2088.3
1152290 2088.3
1152300 2089.0
1152310 2090.1
1152320 2090.1
1152330 2090.3
1152340 2086.2
1152350 2086.2
1152360 2078.8
1152370 2074.9
1152380 2074.9
1152390 2077.8
1152400 2085.0
1152410 2085.0
1152420 2091.2
1152430 2092.5
1152440 2092.9
1152450 2092.9
1152460 2094.1
1152470 2096.1
1152480 2096.1
1152490 2098.4
1152500 2101.2
1152510 2101.2
1152520 2104.7
1152530 2105.9
1152540 2105.9
1152550 2110.6
1152560 2116.0
1152570 2116.0
1152580 2121.5
1152590 2127.5
1152600 2127.5
1152610 2133.0
1152620 2137.1
1152630 2137.1
1152640 2140.3
1152650 2142.2
1152660 2142.2
1152670 2143.5
1152680 2146.0
1152690 2149.4
1152700 2149.4
1152710 2153.4
1152720 2158.1
1152730 2158.1
1152740 2162.1
1152750 2165.6
1152760 2165.6
1152770 2170.6
1152780 2177.1
1152790 2177.1
1152800 2183.2
1152810 2187.0
1152820 2187.0
1152830 2189.8
1152840 2193.0
1152850 2193.0
1152860 2198.1
1152870 2206.8
1152880 2206.8
1152890 2215.5
1152900 2227.0
1152910 2227.0
1152920 2236.3
1152930 2240.1
1152940 2245.1
1152950 2245.1
1152960 2250.6
1152970 2255.5
1152980 2255.5
1152990 2262.0
1153000 2268.0
1153010 2268.0
1153020 2273.5
1153030 2279.1
1153040 2279.1
1153050 2284.1
1153060 2288.3
1153070 2288.3
1153080 2292.2
1153090 2297.0
1153100 2297.0
1153110 2301.2
1153120 2303.1
1153130 2303.1
1153140 2305.0
1153150 2305.7
1153160 2305.7
1153170 2307.6
1153180 2309.8
1153190 2312.6
1153200 2312.6
1153210 2317.6
1153220 2322.3
1153230 2322.3
1153240 2326.9
1153250 2331.8
1153260 2331.8
1153270 2336.1
1153280 2339.7
1153290 2339.7
1153300 2344.4
1153310 2347.0
1153320 2347.0
1153330 2349.0
1153340 2351.4
1153350 2351.4
1153360 2354.1
1153370 2356.7
1153380 2356.7
1153390 2358.9
1153400 2360.5
1153410 2360.5
1153420 2361.6
1153430 2360.8
1153440 2359.6
1153450 2359.6
1153460 2359.4
1153470 2359.8
1153480 2359.8
1153490 2360.3
1153500 2360.9
1153510 2360.9
1153520 2361.7
1153530 2362.7
1153540 2362.7
1153550 2363.8
1153560 2365.1
1153570 2365.1
1153580 2367.3
1153590 2370.9
1153600 2370.9
1153610 2374.4
1153620 2377.0
1153630 2377.0
1153640 2379.2
1153650 2381.8
1153660 2381.8
1153670 2384.1
1153680 2383.0
1153690 2386.1
1153700 2386.1
1153710 2389.8
1153720 2393.7
1153730 2393.7
1153740 2397.1
1153750 2398.7
1153760 2398.7
1153770 2399.6
1153780 2400.2
1153790 2400.2
1153800 2402.2
1153810 2405.4
1153820 2405.4
1153830 2407.6
1153840 2408.2
1153850 2408.2
1153860 2409.5
1153870 2414.6
1153880 2414.6
1153890 2420.8
1153900 2425.3
1153910 2425.3
1153920 2430.2
1153930 2434.6
1153940 2437.2
1153950 2437.2
1153960 2438.4
1153970 2437.7
1153980 2437.7
1153990 2435.6
1154000 2434.9
1154010 2434.9
1154020 2433.9
1154030 2434.5
1154040 2434.5
1154050 2436.6
1154060 2440.4
1154070 2440.0
1154080 2444.3
1154090 2448.8
1154100 2448.8
1154110 2453.6
1154120 2458.6
1154130 2458.6
1154140 2463.8
1154150 2469.1
1154160 2469.1
1154170 2474.6
1154180 2480.2
1154190 2486.0
1154200 2486.0
1154210 2492.0
1154220 2498.1
1154230 2498.1
1154240 2504.4
1154250 2510.9
1154260 2510.9
1154270 2517.6
1154280 2524.3
1154290 2524.3
1154300 2531.2
1154310 2538.3
1154320 2538.3
1154330 2545.6
1154340 2552.8
1154350 2552.8
1154360 2560.3
1154370 2568.8
1154380 2568.8
1154390 2577.4
1154400 2593.2
1154410 2593.2
1154420 2600.5
1154430 2593.7
1154440 2582.7
1154450 2589.3
1154460 2579.7
1154470 2572.7
1154480 2572.7
1154490 2565.1
1154500 2559.6
1154510 2559.6
1154520 2554.9
1154530 2549.6
1154540 2549.6
1154550 2543.7
1154560 2538.3
1154570 2538.3
1154580 2533.3
1154590 2528.9
1154600 2528.9
1154610 2524.9
1154620 2520.3
1154630 2520.3
1154640 2511.3
1154650 2504.6
1154660 2504.6
1154670 2501.6
1154680 2496.1
1154690 2482.3
1154700 2482.3
1154710 2474.0
1154720 2467.1
1154730 2467.1
1154740 2460.8
1154750 2455.1
1154760 2455.1
1154770 2450.5
1154780 2446.7
1154790 2446.7
1154800 2443.9
1154810 2441.6
1154820 2441.6
1154830 2438.6
1154840 2440.9
1154850 2440.9
1154860 2438.5
1154870 2434.0
1154880 2434.0
1154890 2428.5
1154900 2424.0
1154910 2424.0
1154920 2420.6
1154930 2415.2
1154940 2407.8
1154950 2407.8
1154960 2401.2
1154970 2394.6
1154980 2394.6
1154990 2388.2
1155000 2381.8
1155010 2381.8
1155020 2376.1
1155030 2371.3
1155040 2371.3
1155050 2366.8
1155060 2360.2
1155070 2360.2
1155080 2352.0
1155090 2340.4
1155100 2340.4
1155110 2323.5
1155120 2312.4
1155130 2312.4
1155140 2305.3
1155150 2298.1
1155160 2291.0
1155170 2291.0
1155180 2285.4
1155190 2277.4
1155200 2277.4
1155210 2270.6
1155220 2266.1
1155230 2266.1
1155240 2259.9
1155250 2254.5
1155260 2254.5
1155270 2249.8
1155280 2245.5
1155290 2245.5
1155300 2241.6
1155310 2238.0
1155320 2238.0
1155330 2235.1
1155340 2233.7
1155350 2233.7
1155360 2232.2
1155370 2232.9
1155380 2232.9
1155390 2233.4
1155400 2232.9
1155410 2233.9
1155420 2233.9
1155430 2234.4
1155440 2234.0
1155450 2234.0
1155460 2233.2
1155470 2232.7
1155480 2232.7
1155490 2232.5
1155500 2232.2
1155510 2232.2
1155520 2232.0
1155530 2232.0
1155540 2232.0
1155550 2232.7
1155560 2233.3
1155570 2233.3
1155580 2233.0
1155590 2232.3
1155600 2232.3
1155610 2230.1
1155620 2230.2
1155630 2230.2
1155640 2231.0
1155650 2232.0
1155660 2232.2
1155670 2232.2
1155680 2231.6
1155690 2230.1
1155700 2230.1
1155710 2228.7
1155720 2227.5
1155730 2227.5
1155740 2226.2
1155750 2224.7
1155760 2224.7
1155770 2223.4
1155780 2222.2
1155790 2222.2
1155800 2221.4
1155810 2220.6
1155820 2220.6
1155830 2219.0
1155840 2217.2
1155850 2217.2
1155860 2215.8
1155870 2214.9
1155880 2214.9
1155890 2214.2
1155900 2211.2
1155910 2209.9
1155920 2209.9
1155930 2209.2
1155940 2210.0
1155950 2210.0
1155960 2208.6
1155970 2204.9
1155980 2204.9
1155990 2201.3
1156000 2189.9
1156010 2189.9
1156020 2183.7
1156030 2177.1
1156040 2177.1
1156050 2172.9
1156060 2176.3
1156070 2176.3
1156080 2180.5
1156090 2178.4
1156100 2178.4
1156110 2178.3
1156120 2174.2
1156130 2174.2
1156140 2171.9
1156150 2173.9
1156160 2183.3
1156170 2183.3
1156180 2185.0
1156190 2184.5
1156200 2184.5
1156210 2184.0
1156220 2185.0
1156230 2185.0
1156240 2180.9
1156250 2172.6
1156260 2172.6
1156270 2166.0
1156280 2163.2
1156290 2163.2
1156300 2163.5
1156310 2164.6
1156320 2164.6
1156330 2169.0
1156340 2172.1
1156350 2172.1
1156360 2174.0
1156370 2175.8
1156380 2161.7
1156390 2163.6
1156400 2176.1
1156410 2179.2
1156420 2179.2
1156430 2179.9
1156440 2184.7
1156450 2184.7
1156460 2185.6
1156470 2186.2
1156480 2186.2
1156490 2187.4
1156500 2188.7
1156510 2188.7
1156520 2187.9
1156530 2185.0
1156540 2185.0
1156550 2187.5
1156560 2185.7
1156570 2185.7
1156580 2182.9
1156590 2179.2
1156600 2179.2
1156610 2176.3
1156620 2171.1
1156630 2171.1
1156640 2164.3
1156650 2156.6
1156660 2147.1
1156670 2147.1
1156680 2140.4
1156690 2137.1
1156700 2137.1
1156710 2133.9
1156720 2126.4
1156730 2126.4
1156740 2116.9
1156750 2109.5
1156760 2109.5
1156770 2099.0
1156780 2099.1
1156790 2099.1
1156800 2097.5
1156810 2091.9
1156820 2091.9
1156830 2088.1
1156840 2086.8
1156850 2086.8
1156860 2087.7
1156870 2087.0
1156880 2087.0
1156890 2086.2
1156900 2086.2
1156910 2087.2
1156920 2087.2
1156930 2088.5
1156940 2089.6
1156950 2089.6
1156960 2089.1
1156970 2085.0
1156980 2085.0
1156990 2073.2
1157000 2061.0
1157010 2061.0
1157020 2054.8
1157030 2049.4
1157040 2049.4
1157050 2044.2
1157060 2040.4
1157070 2040.4
1157080 2036.2
1157090 2032.4
1157100 2032.4
1157110 2031.2
1157120 2029.3
1157130 2029.3
1157140 2025.8
1157150 2023.8
1157160 2015.5
1157170 2015.5
1157180 2013.8
1157190 2011.1
1157200 2011.1
1157210 2008.6
1157220 2005.3
1157230 2005.3
1157240 2002.0
1157250 1998.9
1157260 1998.9
1157270 1995.4
1157280 1992.5
1157290 1992.5
1157300 1989.9
1157310 1986.7
1157320 1986.7
1157330 1983.6
1157340 1980.7
1157350 1980.7
1157360 1978.3
1157370 1975.4
1157380 1975.4
1157390 1973.1
1157400 1970.0
1157410 1967.8
1157420 1967.8
1157430 1966.0
1157440 1964.3
1157450 1964.3
1157460 1962.3
1157470 1960.2
1157480 1960.2
1157490 1959.2
1157500 1957.9
1157510 1957.9
1157520 1955.5
1157530 1953.2
1157540 1953.2
1157550 1950.9
1157560 1948.8
1157570 1948.8
1157580 1946.8
1157590 1944.9
1157600 1944.9
1157610 1943.1
1157620 1941.7
1157630 1941.7
1157640 1940.7
1157650 1938.7
1157660 1936.7
1157670 1936.7
1157680 1935.1
1157690 1934.0
1157700 1934.0
1157710 1931.5
1157720 1929.0
1157730 1929.0
1157740 1926.9
1157750 1924.8
1157760 1924.8
1157770 1923.4
1157780 1921.9
1157790 1921.9
1157800 1919.9
1157810 1917.5
1157820 1917.5
1157830 1914.2
1157840 1912.3
1157850 1912.3
1157860 1909.7
1157870 1904.9
1157880 1904.9
1157890 1904.1
1157900 1905.9
1157910 1905.8
1157920 1905.8
1157930 1906.7
1157940 1910.5
1157950 1910.5
1157960 1911.9
1157970 1911.2
1157980 1911.2
1157990 1910.9
1158000 1912.8
1158010 1912.8
1158020 1911.2
1158030 1908.8
1158040 1908.8
1158050 1906.9
1158060 1905.1
1158070 1905.1
1158080 1903.9
1158090 1906.7
1158100 1906.7
1158110 1909.0
1158120 1908.0
1158130 1908.0
1158140 1911.5
1158150 1919.8
1158160 1924.0
1158170 1924.0
1158180 1927.3
1158190 1930.9
1158200 1930.9
1158210 1933.3
1158220 1933.0
1158230 1933.0
1158240 1930.3
1158250 1935.2
1158260 1935.2
1158270 1948.0
1158280 1956.4
1158290 1956.4
1158300 1962.3
1158310 1967.8
1158320 1967.8
1158330 1978.9
1158340 1984.5
1158350 1984.5
1158360 1990.2
1158370 1996.6
1158380 1996.6
1158390 2003.6
1158400 2012.8
1158410 2020.8
1158420 2020.8
1158430 2026.9
1158440 2032.8
1158450 2032.8
1158460 2038.2
1158470 2042.9
1158480 2042.9
1158490 2047.2
1158500 2051.8
1158510 2051.8
1158520 2056.2
1158530 2063.7
1158540 2063.7
1158550 2075.1
1158560 2088.5
1158570 2088.5
1158580 2099.4
1158590 2105.3
1158600 2105.3
1158610 2109.3
1158620 2113.3
1158630 2113.3
1158640 2117.7
1158650 2123.0
1158660 2128.4
1158670 2128.4
1158680 2133.5
1158690 2139.7
1158700 2139.7
1158710 2146.3
1158720 2156.2
1158730 2156.2
1158740 2163.2
1158750 2169.9
1158760 2169.9
1158770 2178.8
1158780 2190.3
1158790 2190.3
1158800 2199.1
1158810 2204.8
1158820 2204.8
1158830 2209.7
1158840 2214.3
1158850 2214.3
1158860 2219.6
1158870 2225.3
1158880 2225.3
1158890 2231.0
1158900 2236.6
1158910 2243.0
1158920 2243.0
1158930 2248.9
1158940 2254.5
1158950 2254.5
1158960 2260.3
1158970 2266.9
1158980 2266.9
1158990 2272.9
1159000 2278.1
1159010 2278.1
1159020 2283.3
1159030 2288.8
1159040 2288.8
1159050 2294.2
1159060 2300.4
1159070 2300.4
1159080 2306.7
1159090 2314.1
1159100 2314.1
1159110 2326.6
1159120 2333.1
1159130 2333.1
1159140 2340.1
1159150 2346.6
1159160 2352.1
1159170 2352.1
1159180 2357.2
1159190 2361.9
1159200 2361.9
1159210 2367.6
1159220 2373.4
1159230 2373.4
1159240 2379.9
1159250 2387.1
1159260 2387.1
1159270 2394.1
1159280 2401.1
1159290 2401.1
1159300 2407.9
1159310 2416.5
1159320 2416.5
1159330 2424.7
1159340 2433.0
1159350 2433.0
1159360 2441.0
1159370 2446.9
1159380 2446.9
1159390 2452.3
1159400 2457.7
1159410 2461.5
1159420 2461.5
1159430 2467.0
1159440 2477.0
1159450 2477.0
1159460 2489.5
1159470 2499.1
1159480 2499.1
1159490 2508.4
1159500 2510.5
1159510 2510.5
1159520 2520.7
1159530 2530.4
1159540 2530.4
1159550 2539.0
1159560 2549.3
1159570 2549.3
1159580 2561.8
1159590 2580.7
1159600 2580.7
1159610 2600.4
1159620 2620.7
1159630 2620.7
1159640 2634.9
1159650 2651.3
1159660 2654.8
1159670 2654.8
1159680 2656.2
1159690 2657.1
1159700 2657.1
1159710 2657.8
1159720 2659.1
1159730 2659.1
1159740 2660.2
1159750 2661.5
1159760 2661.5
1159770 2662.5
1159780 2662.5
1159790 2662.5
1159800 2661.9
1159810 2660.3
1159820 2660.3
1159830 2658.0
1159840 2656.0
1159850 2656.0
1159860 2654.4
1159870 2652.1
1159880 2652.1
1159890 2657.5
1159900 2655.2
1159910 2653.5
1159920 2653.5
1159930 2652.3
1159940 2652.5
1159950 2652.5
1159960 2653.4
1159970 2654.9
1159980 2654.9
1159990 2656.3
