1140000 2310.2
1140010 2311.5
1140020 2311.5
1140030 2313.6
1140040 2315.3
1140050 2316.6
1140060 2316.6
1140070 2319.5
1140080 2329.6
1140090 2329.6
1140100 2346.0
1140110 2360.8
1140120 2360.8
1140130 2387.4
1140140 2408.9
1140150 2408.9
1140160 2418.7
1140170 2424.1
1140180 2424.1
1140190 2413.3
1140200 2411.0
1140210 2411.0
1140220 2448.7
1140230 2443.8
1140240 2443.8
1140250 2436.8
1140260 2429.8
1140270 2429.8
1140280 2422.5
1140290 2414.3
1140300 2407.9
1140310 2407.9
1140320 2401.6
1140330 2395.0
1140340 2395.0
1140350 2389.8
1140360 2384.8
1140370 2384.8
1140380 2378.7
1140390 2369.7
1140400 2369.7
1140410 2359.4
1140420 2350.2
1140430 2350.2
1140440 2342.3
1140450 2334.5
1140460 2334.5
1140470 2327.6
1140480 2320.7
1140490 2320.7
1140500 2314.8
1140510 2309.0
1140520 2309.0
1140530 2303.0
1140540 2297.1
1140550 2291.4
1140560 2291.4
1140570 2285.9
1140580 2281.2
1140590 2276.8
1140600 2272.3
1140610 2268.0
1140620 2268.0
1140630 2263.6
1140640 2259.7
1140650 2259.7
1140660 2255.6
1140670 2251.8
1140680 2251.8
1140690 2248.4
1140700 2245.1
1140710 2245.1
1140720 2241.6
1140730 2237.9
1140740 2237.9
1140750 2234.5
1140760 2231.9
1140770 2231.9
1140780 2229.1
1140790 2226.6
1140800 2223.1
1140810 2223.1
1140820 2218.2
1140830 2214.3
1140840 2214.3
1140850 2211.4
1140860 2209.0
1140870 2209.0
1140880 2207.3
1140890 2205.1
1140900 2205.1
1140910 2202.4
1140920 2199.6
1140930 2199.6
1140940 2195.8
1140950 2190.9
1140960 2187.3
1140970 2181.7
1140980 2176.1
1140990 2176.1
1141000 2171.0
1141010 2166.3
1141020 2166.3
1141030 2161.5
1141040 2157.1
1141050 2153.2
1141060 2153.2
1141070 2149.4
1141080 2146.4
1141090 2146.4
1141100 2143.8
1141110 2139.8
1141120 2139.8
1141130 2135.4
1141140 2131.6
1141150 2131.6
1141160 2128.5
1141170 2125.2
1141180 2125.2
1141190 2123.4
1141200 2122.8
1141210 2122.8
1141220 2121.8
1141230 2119.7
1141240 2119.7
1141250 2116.2
1141260 2111.0
1141270 2111.0
1141280 2104.9
1141290 2097.2
1141300 2089.6
1141310 2089.6
1141320 2082.8
1141330 2070.8
1141340 2070.8
1141350 2068.4
1141360 2072.9
1141370 2072.9
1141380 2076.8
1141390 2076.9
1141400 2076.9
1141410 2072.7
1141420 2068.2
1141430 2068.2
1141440 2062.9
1141450 2058.1
1141460 2058.1
1141470 2053.6
1141480 2049.6
1141490 2049.6
1141500 2045.9
1141510 2042.2
1141520 2042.2
1141530 2039.5
1141540 2035.9
1141550 2028.4
1141560 2028.4
1141570 2017.9
1141580 2004.6
1141590 2004.6
1141600 1995.3
1141610 1985.7
1141620 1985.7
1141630 1975.8
1141640 1965.5
1141650 1965.5
1141660 1955.5
1141670 1955.6
1141680 1955.6
1141690 1959.7
1141700 1957.7
1141710 1957.7
1141720 1962.4
1141730 1969.6
1141740 1969.6
1141750 1976.6
1141760 1976.8
1141770 1976.8
1141780 1971.6
1141790 1967.4
1141800 1962.5
1141810 1962.5
1141820 1959.6
1141830 1955.3
1141840 1955.3
1141850 1948.4
1141860 1941.2
1141870 1941.2
1141880 1930.0
1141890 1919.9
1141900 1919.9
1141910 1911.9
1141920 1906.4
1141930 1906.4
1141940 1902.7
1141950 1895.5
1141960 1895.5
1141970 1887.5
1141980 1884.7
1141990 1884.7
1142000 1882.9
1142010 1884.0
1142020 1884.0
1142030 1887.3
1142040 1892.2
1142050 1894.7
1142060 1894.7
1142070 1884.6
1142080 1880.3
1142090 1880.3
1142100 1878.6
1142110 1878.9
1142120 1878.9
1142130 1870.7
1142140 1862.3
1142150 1862.3
1142160 1857.8
1142170 1853.6
1142180 1853.6
1142190 1850.6
1142200 1847.5
1142210 1847.5
1142220 1845.1
1142230 1844.3
1142240 1844.3
1142250 1842.8
1142260 1839.4
1142270 1839.4
1142280 1834.8
1142290 1829.3
1142300 1823.7
1142310 1823.7
1142320 1817.9
1142330 1814.3
1142340 1814.3
1142350 1811.5
1142360 1808.7
1142370 1808.7
1142380 1807.1
1142390 1806.0
1142400 1806.0
1142410 1806.4
1142420 1807.5
1142430 1807.5
1142440 1804.7
1142450 1801.8
1142460 1801.8
1142470 1797.0
1142480 1791.8
1142490 1791.8
1142500 1785.8
1142510 1782.4
1142520 1782.4
1142530 1781.9
1142540 1781.8
1142550 1779.6
1142560 1779.6
1142570 1775.9
1142580 1772.3
1142590 1772.3
1142600 1768.4
1142610 1764.2
1142620 1764.2
1142630 1759.4
1142640 1754.7
1142650 1754.7
1142660 1750.4
1142670 1746.1
1142680 1746.1
1142690 1740.4
1142700 1734.2
1142710 1734.2
1142720 1728.0
1142730 1721.3
1142740 1721.3
1142750 1713.9
1142760 1702.2
1142770 1702.2
1142780 1689.9
1142790 1682.1
1142800 1674.2
1142810 1669.6
1142820 1661.2
1142830 1650.5
1142840 1650.5
1142850 1637.9
1142860 1628.8
1142870 1628.8
1142880 1621.8
1142890 1615.5
1142900 1615.5
1142910 1608.6
1142920 1602.1
1142930 1602.1
1142940 1595.8
1142950 1589.5
1142960 1589.5
1142970 1582.4
1142980 1575.6
1142990 1575.6
1143000 1569.2
1143010 1564.2
1143020 1564.2
1143030 1560.5
1143040 1556.9
1143050 1552.9
1143060 1552.9
1143070 1548.4
1143080 1543.5
1143090 1543.5
1143100 1542.7
1143110 1545.3
1143120 1545.3
1143130 1544.4
1143140 1541.8
1143150 1541.8
1143160 1539.3
1143170 1537.4
1143180 1537.4
1143190 1533.9
1143200 1531.7
1143210 1531.7
1143220 1529.2
1143230 1526.4
1143240 1526.4
1143250 1524.0
1143260 1522.5
1143270 1522.5
1143280 1520.5
1143290 1517.4
1143300 1514.2
1143310 1514.2
1143320 1511.4
1143330 1509.8
1143340 1509.8
1143350 1508.0
1143360 1505.4
1143370 1505.4
1143380 1502.2
1143390 1497.4
1143400 1497.4
1143410 1494.2
1143420 1493.7
1143430 1493.7
1143440 1493.3
1143450 1492.3
1143460 1492.3
1143470 1492.5
1143480 1492.8
1143490 1492.8
1143500 1492.5
1143510 1492.3
1143520 1492.3
1143530 1492.0
1143540 1492.1
1143550 1492.4
1143560 1494.8
1143570 1497.5
1143580 1501.4
1143590 1501.4
1143600 1504.2
1143610 1508.3
1143620 1508.3
1143630 1512.9
1143640 1517.0
1143650 1517.0
1143660 1521.7
1143670 1525.6
1143680 1525.6
1143690 1529.7
1143700 1535.0
1143710 1535.0
1143720 1540.9
1143730 1547.5
1143740 1547.5
1143750 1554.1
1143760 1561.1
1143770 1561.1
1143780 1568.9
1143790 1575.6
1143800 1581.7
1143810 1581.7
1143820 1588.6
1143830 1595.8
1143840 1595.8
1143850 1602.4
1143860 1608.1
1143870 1608.1
1143880 1614.2
1143890 1620.8
1143900 1620.8
1143910 1626.6
1143920 1632.0
1143930 1635.8
1143940 1641.0
1143950 1645.6
1143960 1645.6
1143970 1650.4
1143980 1654.7
1143990 1654.7
1144000 1659.0
1144010 1663.4
1144020 1663.4
1144030 1668.7
1144040 1674.2
1144050 1679.5
1144060 1679.5
1144070 1684.3
1144080 1688.2
1144090 1688.2
1144100 1692.1
1144110 1696.7
1144120 1696.7
1144130 1702.7
1144140 1708.1
1144150 1708.1
1144160 1712.2
1144170 1715.8
1144180 1715.8
1144190 1719.1
1144200 1722.6
1144210 1722.6
1144220 1726.2
1144230 1729.2
1144240 1729.2
1144250 1732.4
1144260 1735.6
1144270 1735.6
1144280 1738.7
1144290 1741.3
1144300 1749.2
1144310 1749.2
1144320 1752.7
1144330 1756.8
1144340 1756.8
1144350 1760.3
1144360 1763.2
1144370 1763.2
1144380 1765.4
1144390 1768.1
1144400 1768.1
1144410 1771.8
1144420 1775.6
1144430 1775.6
1144440 1778.2
1144450 1776.3
1144460 1776.3
1144470 1774.6
1144480 1775.7
1144490 1775.7
1144500 1774.6
1144510 1775.2
1144520 1775.2
1144530 1773.3
1144540 1772.1
1144550 1772.8
1144560 1772.8
1144570 1773.9
1144580 1774.9
1144590 1774.9
1144600 1777.5
1144610 1780.0
1144620 1780.0
1144630 1782.1
1144640 1782.3
1144650 1782.3
1144660 1780.3
1144670 1780.5
1144680 1786.2
1144690 1785.8
1144700 1787.1
1144710 1787.1
1144720 1789.2
1144730 1790.9
1144740 1790.9
1144750 1793.0
1144760 1796.1
1144770 1796.1
1144780 1798.9
1144790 1801.5
1144800 1804.7
1144810 1804.7
1144820 1808.3
1144830 1813.3
1144840 1813.3
1144850 1817.9
1144860 1823.5
1144870 1823.5
1144880 1828.3
1144890 1832.9
1144900 1832.9
1144910 1836.5
1144920 1840.1
1144930 1840.1
1144940 1842.9
1144950 1845.3
1144960 1845.3
1144970 1847.6
1144980 1849.1
1144990 1849.1
1145000 1850.3
1145010 1851.1
1145020 1851.1
1145030 1851.4
1145040 1850.7
1145050 1857.6
1145060 1857.6
1145070 1857.6
1145080 1858.4
1145090 1858.4
1145100 1860.0
1145110 1861.9
1145120 1861.9
1145130 1865.4
1145140 1868.5
1145150 1868.5
1145160 1872.6
1145170 1876.0
1145180 1876.0
1145190 1878.7
1145200 1882.5
1145210 1882.5
1145220 1886.9
1145230 1891.9
1145240 1891.9
1145250 1896.4
1145260 1901.7
1145270 1901.7
1145280 1907.4
1145290 1911.9
1145300 1915.9
1145310 1915.9
1145320 1919.3
1145330 1923.8
1145340 1923.8
1145350 1929.1
1145360 1934.5
1145370 1934.5
1145380 1938.3
1145390 1941.7
1145400 1941.7
1145410 1943.3
1145420 1945.0
1145430 1949.2
1145440 1952.3
1145450 1956.1
1145460 1956.1
1145470 1957.9
1145480 1956.4
1145490 1956.4
1145500 1954.9
1145510 1957.6
1145520 1957.6
1145530 1956.6
1145540 1956.6
1145550 1959.9
1145560 1959.9
1145570 1963.7
1145580 1967.3
1145590 1967.3
1145600 1969.0
1145610 1970.2
1145620 1970.2
1145630 1967.0
1145640 1962.9
1145650 1962.9
1145660 1957.9
1145670 1951.8
1145680 1951.8
1145690 1948.2
1145700 1941.9
1145710 1941.9
1145720 1938.3
1145730 1936.6
1145740 1936.6
1145750 1940.3
1145760 1948.2
1145770 1948.2
1145780 1950.6
1145790 1948.3
1145800 1953.3
1145810 1953.3
1145820 1952.6
1145830 1950.3
1145840 1950.3
1145850 1951.0
1145860 1949.8
1145870 1949.8
1145880 1947.4
1145890 1943.7
1145900 1943.7
1145910 1940.4
1145920 1945.3
1145930 1945.3
1145940 1955.5
1145950 1963.8
1145960 1963.8
1145970 1971.9
1145980 1978.8
1145990 1978.8
1146000 1987.8
1146010 1990.4
1146020 1990.4
1146030 1991.3
1146040 1992.2
1146050 1994.0
1146060 1994.0
1146070 1995.7
1146080 1998.4
1146090 1998.4
1146100 2003.5
1146110 2016.4
1146120 2016.4
1146130 2024.1
1146140 2024.5
1146150 2024.5
1146160 2026.2
1146170 2027.7
1146180 2033.6
1146190 2035.4
1146200 2037.4
1146210 2037.4
1146220 2043.4
1146230 2046.8
1146240 2046.8
1146250 2047.8
1146260 2052.1
1146270 2052.1
1146280 2055.8
1146290 2059.5
1146300 2063.6
1146310 2063.6
1146320 2067.6
1146330 2071.4
1146340 2071.4
1146350 2075.4
1146360 2079.3
1146370 2079.3
1146380 2082.1
1146390 2083.8
1146400 2083.8
1146410 2087.1
1146420 2091.6
1146430 2091.6
1146440 2094.8
1146450 2096.6
1146460 2096.6
1146470 2094.4
1146480 2094.3
1146490 2094.3
1146500 2097.1
1146510 2101.2
1146520 2101.2
1146530 2105.8
1146540 2109.5
1146550 2113.4
1146560 2113.4
1146570 2118.1
1146580 2123.5
1146590 2123.5
1146600 2129.2
1146610 2135.4
1146620 2135.4
1146630 2141.9
1146640 2148.4
1146650 2148.4
1146660 2154.9
1146670 2161.1
1146680 2161.1
1146690 2170.7
1146700 2191.3
1146710 2191.3
1146720 2208.2
1146730 2214.4
1146740 2214.4
1146750 2228.3
1146760 2240.7
1146770 2240.7
1146780 2248.7
1146790 2255.3
1146800 2259.8
1146810 2259.8
1146820 2260.7
1146830 2262.5
1146840 2262.5
1146850 2254.4
1146860 2222.5
1146870 2222.5
1146880 2213.6
1146890 2208.3
1146900 2208.3
1146910 2204.6
1146920 2199.8
1146930 2203.5
1146940 2198.4
1146950 2193.5
1146960 2193.5
1146970 2190.1
1146980 2190.6
1146990 2190.6
1147000 2192.4
1147010 2193.9
1147020 2193.9
1147030 2196.4
1147040 2199.0
1147050 2202.7
1147060 2202.7
1147070 2206.6
1147080 2209.6
1147090 2209.6
1147100 2212.5
1147110 2214.4
1147120 2214.4
1147130 2216.5
1147140 2219.3
1147150 2219.3
1147160 2221.7
1147170 2224.0
1147180 2224.0
1147190 2227.4
1147200 2231.3
1147210 2231.3
1147220 2234.7
1147230 2238.5
1147240 2238.5
1147250 2243.2
1147260 2247.9
1147270 2247.9
1147280 2252.8
1147290 2257.6
1147300 2261.5
1147310 2263.8
1147320 2268.0
1147330 2271.7
1147340 2271.7
1147350 2276.7
1147360 2283.0
1147370 2283.0
1147380 2289.4
1147390 2295.8
1147400 2295.8
1147410 2301.8
1147420 2307.8
1147430 2307.8
1147440 2313.6
1147450 2320.2
1147460 2320.2
1147470 2327.0
1147480 2332.9
1147490 2332.9
1147500 2338.7
1147510 2344.7
1147520 2344.7
1147530 2350.6
1147540 2356.4
1147550 2362.2
1147560 2362.2
1147570 2367.9
1147580 2373.3
1147590 2373.3
1147600 2379.0
1147610 2385.2
1147620 2385.2
1147630 2391.5
1147640 2397.0
1147650 2397.0
1147660 2402.5
1147670 2406.7
1147680 2405.2
1147690 2407.0
1147700 2407.3
1147710 2407.3
1147720 2405.6
1147730 2401.5
1147740 2401.5
1147750 2396.0
1147760 2389.2
1147770 2389.2
1147780 2380.3
1147790 2371.2
1147800 2364.1
1147810 2364.1
1147820 2357.2
1147830 2344.3
1147840 2344.3
1147850 2334.4
1147860 2325.2
1147870 2325.2
1147880 2316.8
1147890 2307.6
1147900 2307.6
1147910 2297.9
1147920 2290.5
1147930 2290.5
1147940 2285.0
1147950 2278.4
1147960 2278.4
1147970 2271.6
1147980 2265.3
1147990 2265.3
1148000 2258.8
1148010 2252.3
1148020 2252.3
1148030 2246.4
1148040 2240.9
1148050 2235.6
1148060 2235.4
1148070 2230.4
1148080 2225.6
1148090 2225.6
1148100 2220.9
1148110 2216.6
1148120 2216.6
1148130 2213.3
1148140 2209.6
1148150 2209.6
1148160 2197.8
1148170 2186.5
1148180 2186.5
1148190 2175.5
1148200 2163.6
1148210 2163.6
1148220 2146.4
1148230 2128.8
1148240 2128.8
1148250 2115.8
1148260 2104.5
1148270 2104.5
1148280 2090.0
1148290 2077.2
1148300 2067.3
1148310 2067.3
1148320 2059.4
1148330 2047.4
1148340 2047.4
1148350 2036.1
1148360 2028.7
1148370 2028.7
1148380 2017.2
1148390 2007.3
1148400 2007.3
1148410 1999.0
1148420 1989.6
1148430 1989.6
1148440 1982.4
1148450 1974.1
1148460 1974.1
1148470 1957.9
1148480 1945.2
1148490 1945.2
1148500 1937.2
1148510 1929.6
1148520 1929.6
1148530 1923.9
1148540 1918.1
1148550 1912.4
1148560 1912.4
1148570 1905.0
1148580 1897.5
1148590 1897.5
1148600 1890.2
1148610 1881.2
1148620 1881.2
1148630 1872.8
1148640 1865.7
1148650 1865.7
1148660 1859.3
1148670 1854.3
1148680 1854.3
1148690 1851.1
1148700 1849.8
1148710 1849.8
1148720 1848.9
1148730 1836.9
1148740 1836.9
1148750 1822.2
1148760 1814.3
1148770 1814.3
1148780 1802.8
1148790 1794.4
1148800 1784.7
1148810 1784.7
1148820 1776.0
1148830 1766.4
1148840 1766.4
1148850 1758.0
1148860 1750.2
1148870 1750.2
1148880 1742.3
1148890 1734.8
1148900 1734.8
1148910 1727.9
1148920 1721.4
1148930 1721.4
1148940 1714.9
1148950 1709.1
1148960 1709.1
1148970 1703.7
1148980 1698.6
1148990 1698.6
1149000 1693.8
1149010 1689.3
1149020 1689.3
1149030 1684.8
1149040 1680.4
1149050 1676.4
1149060 1676.4
1149070 1671.5
1149080 1666.1
1149090 1666.1
1149100 1665.2
1149110 1665.3
1149120 1665.3
1149130 1665.6
1149140 1664.7
1149150 1664.7
1149160 1665.9
1149170 1665.7
1149180 1665.7
1149190 1665.4
1149200 1666.4
1149210 1666.4
1149220 1666.9
1149230 1667.3
1149240 1667.3
1149250 1667.7
1149260 1668.8
1149270 1668.8
1149280 1670.9
1149290 1673.3
1149300 1676.8
1149310 1676.8
1149320 1679.8
1149330 1682.7
1149340 1682.7
1149350 1685.7
1149360 1688.8
1149370 1688.8
1149380 1692.6
1149390 1695.9
1149400 1695.9
1149410 1699.0
1149420 1704.2
1149430 1704.2
1149440 1712.0
1149450 1718.9
1149460 1718.9
1149470 1726.7
1149480 1734.8
1149490 1734.8
1149500 1741.2
1149510 1747.6
1149520 1747.6
1149530 1753.8
1149540 1760.0
1149550 1765.9
1149560 1765.9
1149570 1768.6
1149580 1773.7
1149590 1773.7
1149600 1780.8
1149610 1788.1
1149620 1788.1
1149630 1793.1
1149640 1797.7
1149650 1797.7
1149660 1802.5
1149670 1805.7
1149680 1805.7
1149690 1807.8
1149700 1810.0
1149710 1810.0
1149720 1812.7
1149730 1815.5
1149740 1815.5
1149750 1817.4
1149760 1821.0
1149770 1821.0
1149780 1826.9
1149790 1833.1
1149800 1839.6
1149810 1839.6
1149820 1844.6
1149830 1848.7
1149840 1848.7
1149850 1852.0
1149860 1855.3
1149870 1855.3
1149880 1858.6
1149890 1861.9
1149900 1861.9
1149910 1865.9
1149920 1869.6
1149930 1869.6
1149940 1873.2
1149950 1876.0
1149960 1876.0
1149970 1880.4
1149980 1885.0
1149990 1885.0
1150000 1891.3
1150010 1897.2
1150020 1897.2
1150030 1901.7
1150040 1907.3
1150050 1914.0
1150060 1914.0
1150070 1922.3
1150080 1931.7
1150090 1931.7
1150100 1940.1
1150110 1947.6
1150120 1947.6
1150130 1955.2
1150140 1962.4
1150150 1962.4
1150160 1969.5
1150170 1976.2
1150180 1976.2
1150190 1982.5
1150200 1989.5
1150210 1989.5
1150220 1996.9
1150230 2003.3
1150240 2003.3
1150250 2009.6
1150260 2015.9
1150270 2015.9
1150280 2022.2
1150290 2028.0
1150300 2034.1
1150310 2034.1
1150320 2041.3
1150330 2049.8
1150340 2049.8
1150350 2055.5
1150360 2062.1
1150370 2062.1
1150380 2067.7
1150390 2070.7
1150400 2070.7
1150410 2073.3
1150420 2076.5
1150430 2076.5
1150440 2080.5
1150450 2084.4
1150460 2084.4
1150470 2088.9
1150480 2094.1
1150490 2094.1
1150500 2099.2
1150510 2104.5
1150520 2110.0
1150530 2110.0
1150540 2115.8
1150550 2121.6
1150560 2121.6
1150570 2126.5
1150580 2131.1
1150590 2131.1
1150600 2135.6
1150610 2140.4
1150620 2140.4
1150630 2145.0
1150640 2149.2
1150650 2149.2
1150660 2153.4
1150670 2157.9
1150680 2157.9
1150690 2162.6
1150700 2166.9
1150710 2166.9
1150720 2167.4
1150730 2172.1
1150740 2172.1
1150750 2176.2
1150760 2180.3
1150770 2184.4
1150780 2184.4
1150790 2188.6
1150800 2193.6
1150810 2193.6
1150820 2199.2
1150830 2204.7
1150840 2204.7
1150850 2209.9
1150860 2216.0
1150870 2216.0
1150880 2221.3
1150890 2225.8
1150900 2225.8
1150910 2230.3
1150920 2234.6
1150930 2234.6
1150940 2238.3
1150950 2242.3
1150960 2242.3
1150970 2245.6
1150980 2248.9
1150990 2248.9
1151000 2252.9
1151010 2257.2
1151020 2261.1
1151030 2261.1
1151040 2265.7
1151050 2270.5
1151060 2270.5
1151070 2274.3
1151080 2277.4
1151090 2277.4
1151100 2277.5
1151110 2280.4
1151120 2280.4
1151130 2283.9
1151140 2288.3
1151150 2288.3
1151160 2293.6
1151170 2298.7
1151180 2298.7
1151190 2304.0
1151200 2308.7
1151210 2308.7
1151220 2313.0
1151230 2317.1
1151240 2317.1
1151250 2320.8
1151260 2324.2
1151270 2326.1
1151280 2326.1
1151290 2325.7
1151300 2327.1
1151310 2327.1
1151320 2329.3
1151330 2331.5
1151340 2331.5
1151350 2333.1
1151360 2336.3
1151370 2336.3
1151380 2339.7
1151390 2341.7
1151400 2341.7
1151410 2344.1
1151420 2345.0
1151430 2345.0
1151440 2344.3
1151450 2344.7
1151460 2344.7
1151470 2344.5
1151480 2340.2
1151490 2340.2
1151500 2340.2
1151510 2339.6
1151520 2337.7
1151530 2337.7
1151540 2334.5
1151550 2330.5
1151560 2330.5
1151570 2326.8
1151580 2323.5
1151590 2323.5
1151600 2320.9
1151610 2318.7
1151620 2318.7
1151630 2314.4
1151640 2309.3
1151650 2309.3
1151660 2304.3
1151670 2301.2
1151680 2301.2
1151690 2297.0
1151700 2291.9
1151710 2291.9
1151720 2286.3
1151730 2281.0
1151740 2281.0
1151750 2275.6
1151760 2270.3
1151770 2266.0
1151780 2266.0
1151790 2261.3
1151800 2255.4
1151810 2255.4
1151820 2250.8
1151830 2247.1
1151840 2247.1
1151850 2242.8
1151860 2235.3
1151870 2235.3
1151880 2231.6
1151890 2227.9
1151900 2227.9
1151910 2223.2
1151920 2217.0
1151930 2217.0
1151940 2211.0
1151950 2206.1
1151960 2206.1
1151970 2202.8
1151980 2199.7
1151990 2199.7
1152000 2196.3
1152010 2193.0
1152020 2188.9
1152030 2188.9
1152040 2185.3
1152050 2182.9
1152060 2182.9
1152070 2180.6
1152080 2178.4
1152090 2178.4
1152100 2176.6
1152110 2175.0
1152120 2175.0
1152130 2174.0
1152140 2174.6
1152150 2174.6
1152160 2174.1
1152170 2171.0
1152180 2171.0
1152190 2168.9
1152200 2170.7
1152210 2170.7
1152220 2172.3
1152230 2174.5
1152240 2167.2
1152250 2169.1
1152260 2171.1
1152270 2171.4
1152280 2171.4
1152290 2169.9
1152300 2170.4
1152310 2170.4
1152320 2170.9
1152330 2171.8
1152340 2171.8
1152350 2170.8
1152360 2172.8
1152370 2172.8
1152380 2170.1
1152390 2167.3
1152400 2167.3
1152410 2170.9
1152420 2177.4
1152430 2177.4
1152440 2184.3
1152450 2182.5
1152460 2182.5
1152470 2183.3
1152480 2181.7
1152490 2181.7
1152500 2180.9
1152510 2180.8
1152520 2182.0
1152530 2182.0
1152540 2184.9
1152550 2190.6
1152560 2190.6
1152570 2202.9
1152580 2214.2
1152590 2214.2
1152600 2220.6
1152610 2225.0
1152620 2220.1
1152630 2224.7
1152640 2226.2
1152650 2226.2
1152660 2225.4
1152670 2224.9
1152680 2224.9
1152690 2225.9
1152700 2225.7
1152710 2225.7
1152720 2223.8
1152730 2225.2
1152740 2225.2
1152750 2229.2
1152760 2234.5
1152770 2240.5
1152780 2240.5
1152790 2246.6
1152800 2252.6
1152810 2252.6
1152820 2258.7
1152830 2264.9
1152840 2264.9
1152850 2271.3
1152860 2278.0
1152870 2278.0
1152880 2285.9
1152890 2295.4
1152900 2295.4
1152910 2303.1
1152920 2313.7
1152930 2313.7
1152940 2324.5
1152950 2331.7
1152960 2331.7
1152970 2341.2
1152980 2348.6
1152990 2348.6
1153000 2349.4
1153010 2347.8
1153020 2350.8
1153030 2350.8
1153040 2350.0
1153050 2348.4
1153060 2348.4
1153070 2345.8
1153080 2343.8
1153090 2343.8
1153100 2342.7
1153110 2341.4
1153120 2341.4
1153130 2339.2
1153140 2337.1
1153150 2337.1
1153160 2336.1
1153170 2335.9
1153180 2335.9
1153190 2336.5
1153200 2337.9
1153210 2337.9
1153220 2339.9
1153230 2342.1
1153240 2342.1
1153250 2344.2
1153260 2347.2
1153270 2350.4
1153280 2350.4
1153290 2352.8
1153300 2355.0
1153310 2355.0
1153320 2356.3
1153330 2357.1
1153340 2357.1
1153350 2357.2
1153360 2356.9
1153370 2356.9
1153380 2357.0
1153390 2353.7
1153400 2353.7
1153410 2355.5
1153420 2358.1
1153430 2358.1
1153440 2361.0
1153450 2364.4
1153460 2364.4
1153470 2368.4
1153480 2373.2
1153490 2373.2
1153500 2378.4
1153510 2384.6
1153520 2391.4
1153530 2391.4
1153540 2398.7
1153550 2407.8
1153560 2407.8
1153570 2415.9
1153580 2422.0
1153590 2422.0
1153600 2427.5
1153610 2431.6
1153620 2431.6
1153630 2435.3
1153640 2439.5
1153650 2439.5
1153660 2443.8
1153670 2447.2
1153680 2447.2
1153690 2449.3
1153700 2450.1
1153710 2450.1
1153720 2451.2
1153730 2452.7
1153740 2452.7
1153750 2454.2
1153760 2456.9
1153770 2460.7
1153780 2460.7
1153790 2463.5
1153800 2466.0
1153810 2466.0
1153820 2468.0
1153830 2469.0
1153840 2469.0
1153850 2470.2
1153860 2470.8
1153870 2470.8
1153880 2471.0
1153890 2471.9
1153900 2471.9
1153910 2471.6
1153920 2471.8
1153930 2471.8
1153940 2474.8
1153950 2477.1
1153960 2477.1
1153970 2479.0
1153980 2481.5
1153990 2481.5
1154000 2483.8
1154010 2485.6
1154020 2486.2
1154030 2486.2
1154040 2486.2
1154050 2485.6
1154060 2485.6
1154070 2484.6
1154080 2484.4
1154090 2484.4
1154100 2484.2
1154110 2485.3
1154120 2485.3
1154130 2486.8
1154140 2490.5
1154150 2490.5
1154160 2493.0
1154170 2497.8
1154180 2497.8
1154190 2503.4
1154200 2510.7
1154210 2510.7
1154220 2518.7
1154230 2525.3
1154240 2525.3
1154250 2531.6
1154260 2538.2
1154270 2545.0
1154280 2545.0
1154290 2552.1
1154300 2559.4
1154310 2559.4
1154320 2567.0
1154330 2576.8
1154340 2576.8
1154350 2588.0
1154360 2598.7
1154370 2598.7
1154380 2603.3
1154390 2592.9
1154400 2592.9
1154410 2576.2
1154420 2565.5
1154430 2565.5
1154440 2558.0
1154450 2550.2
1154460 2550.2
1154470 2543.2
1154480 2537.0
1154490 2537.0
1154500 2530.8
1154510 2524.5
1154520 2518.6
1154530 2518.6
1154540 2509.0
1154550 2502.5
1154560 2502.5
1154570 2495.4
1154580 2486.9
1154590 2486.9
1154600 2478.1
1154610 2469.3
1154620 2469.3
1154630 2460.2
1154640 2452.3
1154650 2452.3
1154660 2445.1
1154670 2438.3
1154680 2438.3
1154690 2432.0
1154700 2426.1
1154710 2426.1
1154720 2420.7
1154730 2415.3
1154740 2415.3
1154750 2409.9
1154760 2404.5
1154770 2398.8
1154780 2398.8
1154790 2393.2
1154800 2387.7
1154810 2387.7
1154820 2382.1
1154830 2376.6
1154840 2376.6
1154850 2371.0
1154860 2365.5
1154870 2365.5
1154880 2360.0
1154890 2354.6
1154900 2354.6
1154910 2349.3
1154920 2344.3
1154930 2345.8
1154940 2340.7
1154950 2335.6
1154960 2335.6
1154970 2330.4
1154980 2325.4
1154990 2325.4
1155000 2320.6
1155010 2316.6
1155020 2313.2
1155030 2313.2
1155040 2309.5
1155050 2306.1
1155060 2306.1
1155070 2302.8
1155080 2300.0
1155090 2300.0
1155100 2297.7
1155110 2295.2
1155120 2295.2
1155130 2294.3
1155140 2292.9
1155150 2292.9
1155160 2290.9
1155170 2289.0
1155180 2289.0
1155190 2288.3
1155200 2286.8
1155210 2286.8
1155220 2283.7
1155230 2280.4
1155240 2280.4
1155250 2278.6
1155260 2277.8
1155270 2276.2
1155280 2276.2
1155290 2275.5
1155300 2274.3
1155310 2274.3
1155320 2270.5
1155330 2270.2
1155340 2270.2
1155350 2270.9
1155360 2271.1
1155370 2271.1
1155380 2271.2
1155390 2271.4
1155400 2271.4
1155410 2270.9
1155420 2269.5
1155430 2269.5
1155440 2268.1
1155450 2267.0
1155460 2267.0
1155470 2265.9
1155480 2265.4
1155490 2265.4
1155500 2265.1
1155510 2264.8
1155520 2264.9
1155530 2264.9
1155540 2265.4
1155550 2266.1
1155560 2266.1
1155570 2266.5
1155580 2266.1
1155590 2266.1
1155600 2265.0
1155610 2264.2
1155620 2264.2
1155630 2263.7
1155640 2263.8
1155650 2263.8
1155660 2265.3
1155670 2266.5
1155680 2266.5
1155690 2267.5
1155700 2265.2
1155710 2265.2
1155720 2266.9
1155730 2268.6
1155740 2268.6
1155750 2270.2
1155760 2271.8
1155770 2273.6
1155780 2273.6
1155790 2274.4
1155800 2274.0
1155810 2274.0
1155820 2274.4
1155830 2274.4
1155840 2274.4
1155850 2273.5
1155860 2272.8
1155870 2272.8
1155880 2271.3
1155890 2271.6
1155900 2271.6
1155910 2273.8
1155920 2275.2
1155930 2275.2
1155940 2275.3
1155950 2276.0
1155960 2276.0
1155970 2276.8
1155980 2277.7
1155990 2277.7
1156000 2278.3
1156010 2279.3
1156020 2281.0
1156030 2281.0
1156040 2282.0
1156050 2282.3
1156060 2282.3
1156070 2282.0
1156080 2280.9
1156090 2275.4
1156100 2274.3
1156110 2274.4
1156120 2274.4
1156130 2274.7
1156140 2274.5
1156150 2274.5
1156160 2276.2
1156170 2278.7
1156180 2278.7
1156190 2280.0
1156200 2280.0
1156210 2280.0
1156220 2279.7
1156230 2279.7
1156240 2279.7
1156250 2279.7
1156260 2279.8
1156270 2280.8
1156280 2280.8
1156290 2282.5
1156300 2282.7
1156310 2282.7
1156320 2281.8
1156330 2282.0
1156340 2282.0
1156350 2282.6
1156360 2282.7
1156370 2282.7
1156380 2282.2
1156390 2281.0
1156400 2281.0
1156410 2280.0
1156420 2279.5
1156430 2279.5
1156440 2279.8
1156450 2280.0
1156460 2280.0
1156470 2280.1
1156480 2273.6
1156490 2273.6
1156500 2272.7
1156510 2272.1
1156520 2271.3
1156530 2271.3
1156540 2269.3
1156550 2267.4
1156560 2267.4
1156570 2267.3
1156580 2266.8
1156590 2266.8
1156600 2263.8
1156610 2262.2
1156620 2262.2
1156630 2258.6
1156640 2252.8
1156650 2252.8
1156660 2249.6
1156670 2246.8
1156680 2246.8
1156690 2241.7
1156700 2235.7
1156710 2235.7
1156720 2232.9
1156730 2228.6
1156740 2228.6
1156750 2224.4
1156760 2221.0
1156770 2218.2
1156780 2218.2
1156790 2215.1
1156800 2210.7
1156810 2210.7
1156820 2204.2
1156830 2197.6
1156840 2197.6
1156850 2192.7
1156860 2182.9
1156870 2182.9
1156880 2179.5
1156890 2175.9
1156900 2175.9
1156910 2171.8
1156920 2168.0
1156930 2168.0
1156940 2163.9
1156950 2159.2
1156960 2159.2
1156970 2155.8
1156980 2153.7
1156990 2153.7
1157000 2150.3
1157010 2147.3
1157020 2145.3
1157030 2145.3
1157040 2144.5
1157050 2143.5
1157060 2143.5
1157070 2140.7
1157080 2137.9
1157090 2137.9
1157100 2132.2
1157110 2122.5
1157120 2122.5
1157130 2113.7
1157140 2109.4
1157150 2109.4
1157160 2107.5
1157170 2104.6
1157180 2104.6
1157190 2100.5
1157200 2095.8
1157210 2095.8
1157220 2091.2
1157230 2086.5
1157240 2086.5
1157250 2078.6
1157260 2074.4
1157270 2070.9
1157280 2070.9
1157290 2067.5
1157300 2063.7
1157310 2063.7
1157320 2059.2
1157330 2054.2
1157340 2054.2
1157350 2049.3
1157360 2044.2
1157370 2044.2
1157380 2038.6
1157390 2033.8
1157400 2033.8
1157410 2028.5
1157420 2024.6
1157430 2024.6
1157440 2021.9
1157450 2018.1
1157460 2018.1
1157470 2014.1
1157480 2010.3
1157490 2010.3
1157500 2006.6
1157510 2003.2
1157520 1999.8
1157530 1999.8
1157540 1996.3
1157550 1992.1
1157560 1992.1
1157570 1987.2
1157580 1981.8
1157590 1981.8
1157600 1976.8
1157610 1972.4
1157620 1972.4
1157630 1968.3
1157640 1960.7
1157650 1960.7
1157660 1957.6
1157670 1954.9
1157680 1954.9
1157690 1951.5
1157700 1948.2
1157710 1948.2
1157720 1944.3
1157730 1940.3
1157740 1940.3
1157750 1937.1
1157760 1933.6
1157770 1929.9
1157780 1929.9
1157790 1925.2
1157800 1920.8
1157810 1920.8
1157820 1916.9
1157830 1912.9
1157840 1912.9
1157850 1909.2
1157860 1906.0
1157870 1906.0
1157880 1903.1
1157890 1899.9
1157900 1899.9
1157910 1896.8
1157920 1894.1
1157930 1894.1
1157940 1891.2
1157950 1888.1
1157960 1888.1
1157970 1885.2
1157980 1882.3
1157990 1882.3
1158000 1879.9
1158010 1877.5
1158020 1872.1
1158030 1873.7
1158040 1870.1
1158050 1870.5
1158060 1870.5
1158070 1870.1
1158080 1869.3
1158090 1869.3
1158100 1870.0
1158110 1870.3
1158120 1870.3
1158130 1871.1
1158140 1871.8
1158150 1871.8
1158160 1873.0
1158170 1874.2
1158180 1874.2
1158190 1876.2
1158200 1879.1
1158210 1879.1
1158220 1882.1
1158230 1885.4
1158240 1888.5
1158250 1888.5
1158260 1892.5
1158270 1897.3
1158280 1897.3
1158290 1902.2
1158300 1907.3
1158310 1907.3
1158320 1911.3
1158330 1914.4
1158340 1914.4
1158350 1918.7
1158360 1921.9
1158370 1921.9
1158380 1926.5
1158390 1932.2
1158400 1932.2
1158410 1938.1
1158420 1950.9
1158430 1950.9
1158440 1957.8
1158450 1966.0
1158460 1966.0
1158470 1975.7
1158480 1989.7
1158490 2001.0
1158500 2001.0
1158510 2011.1
1158520 2009.6
1158530 2009.6
1158540 2016.0
1158550 2025.0
1158560 2025.0
1158570 2033.4
1158580 2041.0
1158590 2041.0
1158600 2046.1
1158610 2051.1
1158620 2051.1
1158630 2056.0
1158640 2064.4
1158650 2064.4
1158660 2073.4
1158670 2082.2
1158680 2082.2
1158690 2089.1
1158700 2094.2
1158710 2094.2
1158720 2099.5
1158730 2104.3
1158740 2109.2
1158750 2109.2
1158760 2111.8
1158770 2115.1
1158780 2115.1
1158790 2120.2
1158800 2126.1
1158810 2131.6
1158820 2137.8
1158830 2145.0
1158840 2145.0
1158850 2154.2
1158860 2165.3
1158870 2165.3
1158880 2178.2
1158890 2183.9
1158900 2183.9
1158910 2187.7
1158920 2183.9
1158930 2183.9
1158940 2185.0
1158950 2187.5
1158960 2187.5
1158970 2197.1
1158980 2216.3
1158990 2236.4
1159000 2236.4
1159010 2260.1
1159020 2271.3
1159030 2271.3
1159040 2277.2
1159050 2281.7
1159060 2281.7
1159070 2288.0
1159080 2300.5
1159090 2300.5
1159100 2309.8
1159110 2318.6
1159120 2318.6
1159130 2327.6
1159140 2337.6
1159150 2337.6
1159160 2347.0
1159170 2354.9
1159180 2354.9
1159190 2367.1
1159200 2404.0
1159210 2404.0
1159220 2417.7
1159230 2425.5
1159240 2425.3
1159250 2425.3
1159260 2432.2
1159270 2453.2
1159280 2453.2
1159290 2470.4
1159300 2477.9
1159310 2477.9
1159320 2484.4
1159330 2497.7
1159340 2497.7
1159350 2505.9
1159360 2497.0
1159370 2497.0
1159380 2492.0
1159390 2490.2
1159400 2490.2
1159410 2491.9
1159420 2491.6
1159430 2491.6
1159440 2490.9
1159450 2490.2
1159460 2490.2
1159470 2489.4
1159480 2490.5
1159490 2490.9
1159500 2490.9
1159510 2491.9
1159520 2492.8
1159530 2492.8
1159540 2492.2
1159550 2489.5
1159560 2489.5
1159570 2488.8
1159580 2492.3
1159590 2514.9
1159600 2527.4
1159610 2528.0
1159620 2528.0
1159630 2529.3
1159640 2527.1
1159650 2527.1
1159660 2523.9
1159670 2521.5
1159680 2521.5
1159690 2519.7
1159700 2517.9
1159710 2517.9
1159720 2513.7
1159730 2511.0
1159740 2507.4
1159750 2507.4
1159760 2507.1
1159770 2507.4
1159780 2507.4
1159790 2505.6
1159800 2504.6
1159810 2504.6
1159820 2504.4
1159830 2504.2
1159840 2504.2
1159850 2504.6
1159860 2507.9
1159870 2507.9
1159880 2512.6
1159890 2516.4
1159900 2516.4
1159910 2522.1
1159920 2527.9
1159930 2527.9
1159940 2532.8
1159950 2536.3
1159960 2536.3
1159970 2539.0
1159980 2548.3
1159990 2553.1
