1140000 1831.0
1140010 1841.6
1140020 1855.8
1140030 1855.8
1140040 1862.7
1140050 1868.9
1140060 1874.2
1140070 1874.2
1140080 1878.9
1140090 1881.6
1140100 1881.6
1140110 1882.3
1140120 1882.5
1140130 1882.5
1140140 1881.7
1140150 1882.6
1140160 1882.6
1140170 1887.6
1140180 1893.5
1140190 1893.5
1140200 1898.6
1140210 1903.9
1140220 1903.9
1140230 1911.2
1140240 1919.6
1140250 1919.6
1140260 1931.6
1140270 1941.2
1140280 1941.2
1140290 1948.1
1140300 1953.8
1140310 1957.3
1140320 1957.3
1140330 1962.2
1140340 1966.6
1140350 1966.6
1140360 1970.3
1140370 1976.1
1140380 1976.1
1140390 1985.9
1140400 1993.4
1140410 1993.4
1140420 2000.1
1140430 2006.2
1140440 2006.2
1140450 2012.0
1140460 2018.0
1140470 2018.0
1140480 2024.3
1140490 2030.7
1140500 2030.7
1140510 2037.8
1140520 2044.6
1140530 2044.6
1140540 2051.5
1140550 2059.2
1140560 2070.1
1140570 2070.1
1140580 2088.1
1140590 2101.7
1140600 2101.7
1140610 2110.6
1140620 2121.2
1140630 2121.2
1140640 2129.3
1140650 2135.7
1140660 2135.7
1140670 2142.1
1140680 2148.2
1140690 2148.2
1140700 2153.6
1140710 2158.7
1140720 2158.7
1140730 2161.6
1140740 2163.9
1140750 2163.9
1140760 2164.1
1140770 2164.7
1140780 2164.7
1140790 2163.8
1140800 2163.4
1140810 2168.2
1140820 2168.2
1140830 2176.1
1140840 2183.4
1140850 2183.4
1140860 2189.7
1140870 2196.7
1140880 2196.7
1140890 2200.2
1140900 2202.0
1140910 2202.0
1140920 2204.4
1140930 2207.2
1140940 2207.2
1140950 2210.0
1140960 2212.4
1140970 2212.4
1140980 2215.3
1140990 2217.8
1141000 2217.8
1141010 2221.1
1141020 2225.1
1141030 2225.1
1141040 2229.3
1141050 2233.1
1141060 2237.5
1141070 2237.5
1141080 2241.9
1141090 2246.1
1141100 2246.1
1141110 2250.9
1141120 2255.9
1141130 2257.0
1141140 2261.2
1141150 2265.9
1141160 2265.9
1141170 2269.9
1141180 2273.9
1141190 2273.9
1141200 2278.0
1141210 2281.4
1141220 2281.4
1141230 2285.6
1141240 2290.5
1141250 2290.5
1141260 2294.8
1141270 2298.4
1141280 2298.4
1141290 2301.7
1141300 2305.1
1141310 2305.1
1141320 2309.0
1141330 2313.9
1141340 2320.0
1141350 2320.0
1141360 2327.0
1141370 2334.5
1141380 2334.5
1141390 2341.8
1141400 2349.2
1141410 2349.2
1141420 2356.9
1141430 2364.3
1141440 2364.3
1141450 2370.6
1141460 2374.3
1141470 2374.3
1141480 2376.5
1141490 2377.6
1141500 2375.6
1141510 2375.8
1141520 2375.7
1141530 2375.7
1141540 2375.8
1141550 2375.4
1141560 2375.4
1141570 2375.3
1141580 2375.1
1141590 2374.5
1141600 2374.5
1141610 2374.0
1141620 2373.6
1141630 2373.6
1141640 2373.7
1141650 2373.4
1141660 2373.4
1141670 2373.1
1141680 2372.2
1141690 2372.2
1141700 2371.3
1141710 2370.5
1141720 2370.5
1141730 2369.8
1141740 2365.6
1141750 2365.6
1141760 2358.0
1141770 2351.3
1141780 2351.3
1141790 2344.8
1141800 2338.1
1141810 2338.1
1141820 2332.3
1141830 2326.5
1141840 2319.2
1141850 2319.2
1141860 2313.6
1141870 2305.1
1141880 2305.1
1141890 2301.3
1141900 2297.2
1141910 2297.2
1141920 2292.7
1141930 2287.8
1141940 2287.8
1141950 2282.5
1141960 2276.2
1141970 2276.2
1141980 2269.7
1141990 2263.2
1142000 2263.2
1142010 2257.3
1142020 2251.2
1142030 2251.2
1142040 2243.4
1142050 2236.5
1142060 2236.5
1142070 2232.6
1142080 2228.4
1142090 2223.7
1142100 2223.7
1142110 2219.4
1142120 2215.7
1142130 2215.7
1142140 2211.4
1142150 2208.0
1142160 2208.0
1142170 2205.3
1142180 2202.3
1142190 2202.3
1142200 2198.7
1142210 2195.6
1142220 2195.6
1142230 2193.2
1142240 2182.6
1142250 2182.6
1142260 2178.7
1142270 2171.9
1142280 2171.9
1142290 2164.8
1142300 2159.5
1142310 2159.5
1142320 2154.2
1142330 2149.6
1142340 2146.3
1142350 2146.3
1142360 2142.4
1142370 2138.4
1142380 2138.4
1142390 2134.6
1142400 2131.7
1142410 2131.7
1142420 2128.6
1142430 2124.7
1142440 2124.7
1142450 2121.8
1142460 2118.3
1142470 2118.3
1142480 2115.4
1142490 2112.5
1142500 2112.5
1142510 2109.1
1142520 2105.2
1142530 2105.2
1142540 2101.7
1142550 2098.6
1142560 2098.6
1142570 2095.2
1142580 2090.7
1142590 2086.7
1142600 2086.7
1142610 2078.5
1142620 2074.6
1142630 2074.6
1142640 2070.8
1142650 2066.7
1142660 2066.7
1142670 2062.7
1142680 2058.7
1142690 2058.7
1142700 2055.8
1142710 2053.4
1142720 2053.4
1142730 2051.5
1142740 2048.9
1142750 2048.9
1142760 2045.4
1142770 2041.0
1142780 2041.0
1142790 2033.6
1142800 2025.6
1142810 2025.6
1142820 2020.2
1142830 2014.9
1142840 2009.8
1142850 2009.8
1142860 2004.4
1142870 1998.4
1142880 1998.4
1142890 1993.8
1142900 1989.7
1142910 1989.7
1142920 1985.6
1142930 1979.6
1142940 1979.6
1142950 1974.5
1142960 1970.6
1142970 1970.6
1142980 1963.8
1142990 1962.6
1143000 1962.6
1143010 1958.2
1143020 1950.7
1143030 1950.7
1143040 1943.6
1143050 1936.6
1143060 1936.6
1143070 1930.6
1143080 1924.4
1143090 1917.6
1143100 1917.6
1143110 1911.5
1143120 1906.3
1143130 1906.3
1143140 1901.3
1143150 1896.7
1143160 1896.7
1143170 1891.2
1143180 1883.1
1143190 1883.1
1143200 1872.6
1143210 1864.3
1143220 1864.3
1143230 1856.2
1143240 1849.2
1143250 1849.2
1143260 1844.5
1143270 1839.9
1143280 1839.9
1143290 1834.2
1143300 1828.8
1143310 1828.8
1143320 1823.5
1143330 1816.3
1143340 1808.4
1143350 1808.4
1143360 1798.7
1143370 1791.3
1143380 1791.3
1143390 1785.2
1143400 1779.7
1143410 1779.7
1143420 1773.1
1143430 1765.5
1143440 1765.5
1143450 1760.8
1143460 1761.5
1143470 1761.5
1143480 1765.4
1143490 1770.5
1143500 1770.5
1143510 1765.9
1143520 1761.8
1143530 1761.8
1143540 1760.1
1143550 1757.1
1143560 1757.1
1143570 1753.1
1143580 1747.5
1143590 1747.2
1143600 1747.2
1143610 1753.6
1143620 1757.1
1143630 1757.1
1143640 1757.6
1143650 1761.4
1143660 1761.4
1143670 1761.4
1143680 1758.1
1143690 1758.1
1143700 1757.7
1143710 1760.6
1143720 1760.6
1143730 1758.3
1143740 1759.8
1143750 1759.8
1143760 1758.4
1143770 1752.9
1143780 1752.9
1143790 1746.5
1143800 1737.6
1143810 1737.6
1143820 1727.6
1143830 1718.5
1143840 1709.8
1143850 1709.8
1143860 1708.6
1143870 1712.4
1143880 1712.4
1143890 1714.1
1143900 1712.1
1143910 1712.1
1143920 1708.1
1143930 1703.8
1143940 1703.8
1143950 1703.6
1143960 1699.0
1143970 1699.0
1143980 1697.3
1143990 1693.9
1144000 1693.9
1144010 1688.1
1144020 1687.1
1144030 1687.1
1144040 1688.7
1144050 1691.3
1144060 1691.3
1144070 1692.1
1144080 1691.0
1144090 1688.1
1144100 1684.3
1144110 1679.1
1144120 1673.0
1144130 1673.0
1144140 1665.4
1144150 1656.4
1144160 1656.4
1144170 1647.4
1144180 1644.1
1144190 1644.1
1144200 1647.5
1144210 1651.0
1144220 1651.0
1144230 1652.8
1144240 1654.4
1144250 1654.4
1144260 1655.2
1144270 1654.1
1144280 1654.1
1144290 1649.4
1144300 1641.0
1144310 1641.0
1144320 1632.4
1144330 1627.2
1144340 1623.2
1144350 1623.2
1144360 1619.5
1144370 1617.2
1144380 1617.2
1144390 1614.5
1144400 1612.7
1144410 1612.7
1144420 1611.8
1144430 1611.1
1144440 1611.1
1144450 1608.7
1144460 1606.2
1144470 1599.3
1144480 1596.8
1144490 1592.4
1144500 1592.4
1144510 1586.5
1144520 1585.3
1144530 1585.3
1144540 1583.1
1144550 1579.4
1144560 1579.4
1144570 1576.0
1144580 1572.6
1144590 1568.9
1144600 1568.9
1144610 1565.2
1144620 1562.2
1144630 1562.2
1144640 1562.7
1144650 1563.4
1144660 1563.4
1144670 1563.7
1144680 1563.6
1144690 1563.6
1144700 1561.6
1144710 1558.0
1144720 1558.0
1144730 1552.6
1144740 1546.7
1144750 1546.7
1144760 1539.6
1144770 1531.9
1144780 1531.9
1144790 1523.3
1144800 1516.5
1144810 1516.5
1144820 1510.9
1144830 1505.2
1144840 1498.8
1144850 1497.2
1144860 1491.3
1144870 1486.0
1144880 1486.0
1144890 1481.7
1144900 1475.3
1144910 1475.3
1144920 1467.1
1144930 1461.1
1144940 1461.1
1144950 1459.4
1144960 1457.7
1144970 1457.7
1144980 1454.8
1144990 1453.5
1145000 1453.5
1145010 1450.4
1145020 1447.4
1145030 1447.4
1145040 1444.7
1145050 1442.4
1145060 1442.4
1145070 1440.4
1145080 1437.3
1145090 1437.3
1145100 1432.9
1145110 1427.5
1145120 1423.2
1145130 1423.2
1145140 1418.1
1145150 1414.2
1145160 1414.2
1145170 1412.9
1145180 1415.1
1145190 1415.1
1145200 1418.7
1145210 1423.5
1145220 1430.4
1145230 1432.8
1145240 1433.9
1145250 1433.9
1145260 1435.4
1145270 1438.8
1145280 1438.8
1145290 1441.1
1145300 1442.1
1145310 1442.1
1145320 1444.9
1145330 1448.3
1145340 1448.3
1145350 1452.4
1145360 1456.5
1145370 1461.2
1145380 1461.2
1145390 1463.0
1145400 1463.5
1145410 1463.5
1145420 1465.3
1145430 1468.3
1145440 1468.3
1145450 1470.9
1145460 1471.2
1145470 1471.2
1145480 1472.7
1145490 1477.4
1145500 1477.4
1145510 1481.9
1145520 1484.1
1145530 1484.1
1145540 1485.7
1145550 1486.2
1145560 1486.2
1145570 1487.9
1145580 1490.8
1145590 1490.8
1145600 1497.9
1145610 1501.3
1145620 1505.6
1145630 1505.6
1145640 1511.6
1145650 1518.1
1145660 1518.1
1145670 1522.9
1145680 1524.7
1145690 1524.7
1145700 1525.1
1145710 1525.7
1145720 1525.7
1145730 1525.4
1145740 1523.5
1145750 1523.5
1145760 1523.8
1145770 1527.2
1145780 1527.2
1145790 1530.2
1145800 1532.0
1145810 1532.0
1145820 1534.3
1145830 1537.1
1145840 1537.1
1145850 1539.7
1145860 1541.8
1145870 1541.0
1145880 1541.0
1145890 1532.2
1145900 1529.3
1145910 1529.3
1145920 1534.4
1145930 1542.4
1145940 1542.4
1145950 1550.0
1145960 1556.5
1145970 1558.9
1145980 1565.0
1145990 1570.6
1146000 1570.6
1146010 1576.0
1146020 1581.7
1146030 1581.7
1146040 1588.2
1146050 1594.7
1146060 1594.7
1146070 1600.7
1146080 1606.6
1146090 1606.6
1146100 1612.6
1146110 1618.9
1146120 1624.6
1146130 1624.6
1146140 1630.3
1146150 1636.0
1146160 1636.0
1146170 1641.8
1146180 1647.0
1146190 1647.0
1146200 1650.3
1146210 1649.2
1146220 1649.2
1146230 1651.1
1146240 1656.9
1146250 1656.9
1146260 1664.2
1146270 1671.8
1146280 1671.8
1146290 1680.5
1146300 1690.4
1146310 1690.4
1146320 1699.7
1146330 1708.1
1146340 1708.1
1146350 1714.6
1146360 1721.5
1146370 1728.2
1146380 1728.2
1146390 1734.5
1146400 1741.1
1146410 1741.1
1146420 1747.4
1146430 1753.7
1146440 1753.7
1146450 1759.4
1146460 1765.2
1146470 1765.2
1146480 1771.2
1146490 1777.3
1146500 1777.3
1146510 1783.8
1146520 1789.5
1146530 1789.5
1146540 1793.5
1146550 1796.8
1146560 1796.8
1146570 1800.8
1146580 1804.8
1146590 1804.8
1146600 1808.8
1146610 1813.4
1146620 1818.8
1146630 1818.8
1146640 1824.5
1146650 1830.3
1146660 1830.3
1146670 1835.6
1146680 1841.1
1146690 1841.1
1146700 1846.9
1146710 1852.9
1146720 1852.9
1146730 1861.4
1146740 1867.0
1146750 1867.0
1146760 1873.2
1146770 1879.2
1146780 1879.2
1146790 1885.2
1146800 1891.4
1146810 1891.4
1146820 1898.5
1146830 1907.7
1146840 1907.7
1146850 1916.6
1146860 1924.8
1146870 1933.4
1146880 1933.4
1146890 1942.0
1146900 1950.2
1146910 1950.2
1146920 1959.5
1146930 1968.6
1146940 1968.6
1146950 1977.7
1146960 1986.3
1146970 1986.3
1146980 1994.2
1146990 2002.5
1147000 2002.5
1147010 2006.8
1147020 1995.4
1147030 1995.4
1147040 1981.6
1147050 1973.5
1147060 1973.5
1147070 1966.1
1147080 1959.1
1147090 1959.1
1147100 1960.4
1147110 1955.3
1147120 1951.6
1147130 1951.6
1147140 1948.3
1147150 1942.8
1147160 1942.8
1147170 1936.1
1147180 1926.6
1147190 1926.6
1147200 1916.3
1147210 1914.0
1147220 1914.0
1147230 1914.3
1147240 1912.4
1147250 1912.4
1147260 1908.3
1147270 1903.5
1147280 1903.5
1147290 1899.3
1147300 1894.3
1147310 1894.3
1147320 1891.9
1147330 1890.4
1147340 1890.4
1147350 1888.9
1147360 1888.4
1147370 1888.6
1147380 1888.6
1147390 1890.4
1147400 1891.7
1147410 1891.7
1147420 1892.4
1147430 1894.4
1147440 1894.4
1147450 1896.2
1147460 1895.5
1147470 1895.5
1147480 1894.0
1147490 1887.4
1147500 1887.4
1147510 1883.2
1147520 1880.1
1147530 1880.1
1147540 1872.3
1147550 1859.7
1147560 1859.7
1147570 1846.5
1147580 1836.6
1147590 1836.6
1147600 1829.7
1147610 1821.8
1147620 1814.7
1147630 1814.7
1147640 1809.2
1147650 1807.3
1147660 1807.3
1147670 1805.9
1147680 1802.5
1147690 1802.5
1147700 1798.8
1147710 1796.3
1147720 1796.3
1147730 1793.2
1147740 1789.7
1147750 1789.7
1147760 1785.1
1147770 1778.8
1147780 1778.8
1147790 1775.2
1147800 1771.8
1147810 1771.8
1147820 1766.4
1147830 1764.0
1147840 1764.0
1147850 1765.1
1147860 1773.6
1147870 1775.5
1147880 1775.5
1147890 1776.5
1147900 1773.3
1147910 1773.3
1147920 1769.2
1147930 1763.2
1147940 1763.2
1147950 1755.3
1147960 1749.0
1147970 1749.0
1147980 1744.4
1147990 1739.2
1148000 1739.2
1148010 1733.6
1148020 1730.0
1148030 1730.0
1148040 1726.5
1148050 1723.3
1148060 1723.3
1148070 1718.9
1148080 1712.8
1148090 1712.8
1148100 1709.9
1148110 1708.0
1148120 1704.4
1148130 1704.4
1148140 1699.7
1148150 1694.1
1148160 1694.1
1148170 1690.3
1148180 1686.0
1148190 1686.0
1148200 1680.7
1148210 1675.2
1148220 1675.2
1148230 1675.1
1148240 1670.1
1148250 1670.1
1148260 1665.1
1148270 1661.1
1148280 1661.1
1148290 1657.6
1148300 1654.2
1148310 1654.2
1148320 1651.1
1148330 1647.2
1148340 1647.2
1148350 1641.8
1148360 1636.6
1148370 1632.6
1148380 1632.6
1148390 1628.9
1148400 1626.3
1148410 1626.3
1148420 1623.1
1148430 1618.7
1148440 1618.7
1148450 1614.8
1148460 1610.6
1148470 1610.6
1148480 1605.3
1148490 1605.5
1148500 1605.5
1148510 1606.6
1148520 1609.6
1148530 1609.6
1148540 1611.6
1148550 1613.7
1148560 1613.7
1148570 1616.0
1148580 1618.4
1148590 1618.4
1148600 1620.9
1148610 1622.9
1148620 1625.7
1148630 1625.7
1148640 1628.3
1148650 1629.3
1148660 1629.3
1148670 1630.8
1148680 1634.0
1148690 1634.0
1148700 1636.9
1148710 1638.7
1148720 1638.7
1148730 1641.4
1148740 1645.2
1148750 1645.2
1148760 1649.2
1148770 1656.6
1148780 1656.6
1148790 1665.9
1148800 1675.7
1148810 1675.7
1148820 1684.8
1148830 1694.3
1148840 1694.3
1148850 1702.7
1148860 1709.1
1148870 1714.0
1148880 1714.0
1148890 1720.4
1148900 1727.0
1148910 1727.0
1148920 1732.9
1148930 1737.6
1148940 1737.6
1148950 1742.7
1148960 1749.2
1148970 1749.2
1148980 1755.3
1148990 1756.6
1149000 1756.6
1149010 1756.4
1149020 1756.8
1149030 1756.8
1149040 1755.9
1149050 1753.8
1149060 1753.8
1149070 1754.0
1149080 1755.9
1149090 1755.9
1149100 1757.8
1149110 1760.7
1149120 1763.7
1149130 1763.7
1149140 1767.8
1149150 1771.6
1149160 1771.6
1149170 1776.4
1149180 1781.7
1149190 1781.7
1149200 1786.2
1149210 1791.5
1149220 1791.5
1149230 1797.1
1149240 1802.0
1149250 1802.0
1149260 1805.0
1149270 1808.6
1149280 1808.6
1149290 1812.4
1149300 1816.2
1149310 1816.2
1149320 1821.8
1149330 1827.5
1149340 1827.5
1149350 1832.1
1149360 1834.1
1149370 1836.0
1149380 1836.0
1149390 1843.8
1149400 1851.3
1149410 1851.3
1149420 1860.3
1149430 1868.4
1149440 1868.4
1149450 1876.3
1149460 1881.1
1149470 1881.1
1149480 1886.2
1149490 1889.5
1149500 1889.5
1149510 1893.1
1149520 1899.9
1149530 1899.9
1149540 1905.3
1149550 1912.3
1149560 1912.3
1149570 1918.2
1149580 1920.5
1149590 1920.5
1149600 1924.1
1149610 1929.8
1149620 1929.8
1149630 1935.7
1149640 1942.8
1149650 1949.9
1149660 1949.9
1149670 1954.2
1149680 1959.1
1149690 1959.1
1149700 1963.7
1149710 1967.4
1149720 1967.4
1149730 1970.0
1149740 1970.8
1149750 1981.1
1149760 1979.6
1149770 1981.5
1149780 1981.5
1149790 1986.2
1149800 1989.6
1149810 1989.6
1149820 1992.1
1149830 1997.2
1149840 1997.2
1149850 2003.3
1149860 2010.8
1149870 2010.8
1149880 2018.9
1149890 2023.4
1149900 2023.0
1149910 2023.0
1149920 2021.0
1149930 2020.7
1149940 2020.7
1149950 2026.2
1149960 2035.0
1149970 2035.0
1149980 2045.3
1149990 2054.5
1150000 2054.5
1150010 2056.6
1150020 2059.5
1150030 2059.5
1150040 2065.8
1150050 2071.0
1150060 2071.0
1150070 2075.1
1150080 2083.3
1150090 2083.3
1150100 2093.2
1150110 2100.6
1150120 2100.6
1150130 2106.3
1150140 2108.3
1150150 2110.6
1150160 2110.6
1150170 2113.9
1150180 2117.6
1150190 2117.6
1150200 2121.8
1150210 2125.5
1150220 2125.5
1150230 2128.1
1150240 2130.8
1150250 2130.8
1150260 2133.1
1150270 2134.2
1150280 2134.2
1150290 2137.5
1150300 2142.3
1150310 2142.3
1150320 2146.9
1150330 2150.6
1150340 2150.6
1150350 2153.1
1150360 2155.6
1150370 2155.6
1150380 2157.9
1150390 2161.2
1150400 2164.8
1150410 2164.8
1150420 2168.3
1150430 2172.0
1150440 2172.0
1150450 2176.0
1150460 2181.3
1150470 2181.3
1150480 2186.6
1150490 2187.5
1150500 2187.5
1150510 2194.3
1150520 2194.3
1150530 2194.3
1150540 2195.7
1150550 2197.8
1150560 2197.8
1150570 2199.7
1150580 2202.5
1150590 2202.5
1150600 2205.2
1150610 2207.8
1150620 2207.8
1150630 2211.2
1150640 2217.3
1150650 2224.1
1150660 2224.1
1150670 2230.1
1150680 2235.7
1150690 2235.7
1150700 2240.6
1150710 2242.4
1150720 2242.4
1150730 2246.6
1150740 2252.7
1150750 2252.7
1150760 2257.7
1150770 2262.0
1150780 2262.0
1150790 2267.3
1150800 2273.4
1150810 2273.4
1150820 2280.1
1150830 2286.3
1150840 2286.3
1150850 2292.6
1150860 2299.2
1150870 2299.2
1150880 2305.5
1150890 2308.7
1150900 2315.3
1150910 2315.3
1150920 2321.5
1150930 2327.7
1150940 2327.7
1150950 2334.1
1150960 2340.4
1150970 2340.4
1150980 2347.2
1150990 2354.9
1151000 2354.9
1151010 2362.8
1151020 2370.6
1151030 2370.6
1151040 2378.9
1151050 2386.7
1151060 2386.7
1151070 2394.9
1151080 2402.8
1151090 2402.8
1151100 2411.6
1151110 2430.9
1151120 2430.9
1151130 2440.0
1151140 2444.8
1151150 2455.5
1151160 2455.5
1151170 2465.7
1151180 2476.1
1151190 2476.1
1151200 2492.6
1151210 2505.2
1151220 2505.2
1151230 2514.1
1151240 2517.9
1151250 2517.9
1151260 2512.1
1151270 2511.3
1151280 2511.3
1151290 2497.9
1151300 2488.0
1151310 2488.0
1151320 2480.2
1151330 2473.2
1151340 2473.2
1151350 2466.9
1151360 2461.6
1151370 2461.6
1151380 2456.4
1151390 2451.1
1151400 2446.4
1151410 2446.4
1151420 2442.6
1151430 2438.8
1151440 2438.8
1151450 2434.9
1151460 2431.7
1151470 2431.7
1151480 2428.8
1151490 2426.1
1151500 2426.1
1151510 2423.1
1151520 2419.8
1151530 2419.8
1151540 2416.8
1151550 2414.5
1151560 2414.5
1151570 2412.3
1151580 2410.0
1151590 2410.0
1151600 2408.1
1151610 2406.0
1151620 2406.0
1151630 2403.9
1151640 2402.5
1151650 2405.7
1151660 2405.7
1151670 2404.7
1151680 2404.2
1151690 2404.2
1151700 2403.8
1151710 2403.6
1151720 2403.6
1151730 2404.9
1151740 2409.8
1151750 2409.8
1151760 2416.0
1151770 2421.7
1151780 2421.7
1151790 2426.6
1151800 2431.4
1151810 2431.4
1151820 2436.3
1151830 2439.3
1151840 2439.3
1151850 2442.1
1151860 2446.0
1151870 2446.0
1151880 2447.9
1151890 2443.5
1151900 2438.6
1151910 2438.6
1151920 2435.3
1151930 2432.3
1151940 2432.3
1151950 2429.7
1151960 2426.3
1151970 2426.3
1151980 2421.7
1151990 2417.5
1152000 2417.5
1152010 2412.4
1152020 2405.5
1152030 2405.5
1152040 2404.3
1152050 2397.0
1152060 2397.0
1152070 2393.9
1152080 2396.0
1152090 2396.0
1152100 2395.9
1152110 2399.3
1152120 2399.3
1152130 2405.5
1152140 2410.8
1152150 2409.1
1152160 2409.1
1152170 2404.8
1152180 2402.6
1152190 2402.6
1152200 2402.0
1152210 2404.2
1152220 2404.2
1152230 2406.9
1152240 2410.9
1152250 2410.9
1152260 2413.8
1152270 2414.2
1152280 2414.2
1152290 2409.9
1152300 2404.4
1152310 2404.4
1152320 2398.3
1152330 2394.5
1152340 2394.5
1152350 2393.3
1152360 2390.7
1152370 2390.7
1152380 2387.1
1152390 2389.0
1152400 2390.6
1152410 2390.6
1152420 2401.6
1152430 2403.6
1152440 2403.6
1152450 2402.2
1152460 2398.8
1152470 2398.8
1152480 2395.6
1152490 2392.6
1152500 2392.6
1152510 2388.0
1152520 2385.0
1152530 2385.0
1152540 2382.4
1152550 2378.8
1152560 2378.8
1152570 2379.8
1152580 2387.0
1152590 2387.0
1152600 2393.2
1152610 2398.0
1152620 2398.0
1152630 2403.5
1152640 2405.7
1152650 2403.2
1152660 2403.2
1152670 2402.3
1152680 2404.4
1152690 2404.4
1152700 2400.0
1152710 2392.8
1152720 2392.8
1152730 2389.4
1152740 2386.3
1152750 2386.3
1152760 2386.5
1152770 2390.4
1152780 2390.4
1152790 2402.7
1152800 2423.4
1152810 2423.4
1152820 2420.7
1152830 2414.7
1152840 2414.7
1152850 2412.6
1152860 2410.6
1152870 2410.6
1152880 2406.1
1152890 2406.7
1152900 2408.5
1152910 2408.5
1152920 2403.9
1152930 2402.1
1152940 2402.1
1152950 2402.0
1152960 2406.1
1152970 2406.1
1152980 2405.6
1152990 2406.0
1153000 2406.0
1153010 2408.6
1153020 2413.1
1153030 2413.1
1153040 2422.5
1153050 2432.8
1153060 2432.8
1153070 2441.4
1153080 2450.1
1153090 2450.1
1153100 2456.2
1153110 2458.4
1153120 2458.4
1153130 2459.8
1153140 2461.1
1153150 2462.4
1153160 2462.4
1153170 2465.8
1153180 2471.7
1153190 2471.7
1153200 2475.6
1153210 2479.4
1153220 2479.4
1153230 2483.3
1153240 2487.7
1153250 2487.7
1153260 2492.4
1153270 2496.7
1153280 2496.7
1153290 2501.2
1153300 2505.8
1153310 2505.8
1153320 2510.7
1153330 2515.5
1153340 2515.5
1153350 2519.9
1153360 2526.2
1153370 2526.2
1153380 2533.5
1153390 2535.0
1153400 2535.0
1153410 2535.0
1153420 2532.9
1153430 2529.3
1153440 2529.3
1153450 2526.2
1153460 2523.8
1153470 2523.8
1153480 2522.0
1153490 2520.6
1153500 2520.6
1153510 2520.4
1153520 2520.5
1153530 2520.5
1153540 2520.8
1153550 2520.9
1153560 2520.9
1153570 2523.7
1153580 2528.6
1153590 2528.6
1153600 2533.5
1153610 2536.7
1153620 2536.7
1153630 2537.9
1153640 2539.1
1153650 2538.2
1153660 2538.2
1153670 2538.4
1153680 2540.4
1153690 2540.4
1153700 2543.1
1153710 2546.8
1153720 2546.8
1153730 2550.6
1153740 2554.7
1153750 2554.7
1153760 2558.6
1153770 2562.1
1153780 2562.1
1153790 2565.6
1153800 2569.1
1153810 2569.1
1153820 2572.5
1153830 2575.9
1153840 2575.9
1153850 2579.0
1153860 2582.3
1153870 2582.3
1153880 2585.7
1153890 2587.8
1153900 2590.6
1153910 2590.6
1153920 2595.2
1153930 2600.4
1153940 2600.4
1153950 2608.6
1153960 2613.7
1153970 2613.7
1153980 2618.7
1153990 2623.8
1154000 2623.8
1154010 2629.1
1154020 2635.6
1154030 2635.6
1154040 2642.8
1154050 2649.0
1154060 2649.0
1154070 2653.7
1154080 2657.6
1154090 2657.6
1154100 2661.5
1154110 2665.9
1154120 2665.9
1154130 2671.5
1154140 2676.9
1154150 2682.7
1154160 2682.7
1154170 2688.6
1154180 2695.6
1154190 2695.6
1154200 2703.0
1154210 2709.3
1154220 2709.3
1154230 2715.9
1154240 2722.3
1154250 2722.3
1154260 2730.7
1154270 2739.5
1154280 2739.5
1154290 2748.3
1154300 2749.2
1154310 2749.2
1154320 2733.7
1154330 2723.4
1154340 2726.0
1154350 2719.7
1154360 2713.2
1154370 2713.2
1154380 2707.1
1154390 2700.8
1154400 2695.1
1154410 2695.1
1154420 2690.0
1154430 2685.1
1154440 2685.1
1154450 2680.1
1154460 2675.2
1154470 2675.2
1154480 2670.7
1154490 2666.3
1154500 2666.3
1154510 2662.2
1154520 2658.5
1154530 2658.5
1154540 2655.4
1154550 2652.6
1154560 2652.6
1154570 2650.0
1154580 2647.7
1154590 2647.7
1154600 2645.6
1154610 2643.9
1154620 2643.9
1154630 2643.1
1154640 2642.5
1154650 2641.3
1154660 2641.3
1154670 2640.1
1154680 2639.0
1154690 2639.0
1154700 2637.3
1154710 2636.4
1154720 2632.6
1154730 2633.5
1154740 2632.1
1154750 2632.1
1154760 2631.1
1154770 2630.0
1154780 2630.0
1154790 2628.9
1154800 2628.3
1154810 2628.3
1154820 2628.4
1154830 2629.0
1154840 2629.0
1154850 2632.7
1154860 2637.6
1154870 2637.6
1154880 2639.8
1154890 2638.0
1154900 2638.0
1154910 2632.1
1154920 2625.0
1154930 2618.0
1154940 2618.0
1154950 2611.4
1154960 2605.0
1154970 2605.0
1154980 2598.9
1154990 2593.0
1155000 2593.0
1155010 2587.4
1155020 2582.1
1155030 2582.1
1155040 2577.2
1155050 2571.9
1155060 2571.9
1155070 2565.5
1155080 2559.1
1155090 2559.1
1155100 2555.8
1155110 2550.3
1155120 2550.3
1155130 2546.3
1155140 2543.9
1155150 2543.9
1155160 2538.8
1155170 2531.9
1155180 2523.8
1155190 2523.8
1155200 2515.1
1155210 2505.6
1155220 2505.6
1155230 2496.1
1155240 2488.8
1155250 2488.8
1155260 2483.6
1155270 2478.2
1155280 2478.2
1155290 2470.6
1155300 2462.6
1155310 2462.6
1155320 2455.6
1155330 2447.8
1155340 2447.8
1155350 2439.3
1155360 2432.0
1155370 2432.0
1155380 2426.8
1155390 2423.2
1155400 2423.2
1155410 2419.7
1155420 2417.4
1155430 2418.0
1155440 2418.0
1155450 2418.8
1155460 2418.1
1155470 2418.1
1155480 2415.0
1155490 2406.7
1155500 2406.7
1155510 2400.1
1155520 2394.1
1155530 2394.1
1155540 2391.2
1155550 2387.4
1155560 2387.4
1155570 2383.8
1155580 2381.0
1155590 2381.0
1155600 2378.2
1155610 2374.5
1155620 2374.5
1155630 2371.1
1155640 2367.8
1155650 2367.8
1155660 2364.0
1155670 2360.9
1155680 2359.3
1155690 2359.3
1155700 2357.3
1155710 2355.5
1155720 2355.5
1155730 2352.6
1155740 2349.5
1155750 2349.5
1155760 2347.0
1155770 2345.3
1155780 2345.3
1155790 2345.5
1155800 2345.9
1155810 2345.9
1155820 2346.2
1155830 2346.0
1155840 2346.0
1155850 2345.1
1155860 2344.2
1155870 2344.2
1155880 2340.0
1155890 2337.2
1155900 2337.2
1155910 2334.5
1155920 2332.9
1155930 2333.0
1155940 2333.0
1155950 2332.7
1155960 2331.2
1155970 2331.2
1155980 2329.5
1155990 2328.0
1156000 2328.0
1156010 2325.5
1156020 2323.8
1156030 2323.8
1156040 2323.5
1156050 2323.7
1156060 2323.7
1156070 2323.2
1156080 2322.8
1156090 2322.8
1156100 2322.8
1156110 2323.9
1156120 2323.9
1156130 2326.4
1156140 2329.7
1156150 2329.7
1156160 2332.4
1156170 2335.6
1156180 2338.6
1156190 2338.6
1156200 2341.6
1156210 2344.3
1156220 2344.3
1156230 2345.7
1156240 2348.8
1156250 2348.8
1156260 2354.5
1156270 2366.0
1156280 2366.0
1156290 2373.6
1156300 2377.6
1156310 2377.6
1156320 2380.9
1156330 2384.9
1156340 2384.9
1156350 2389.2
1156360 2393.2
1156370 2393.2
1156380 2400.6
1156390 2435.1
1156400 2435.1
1156410 2505.1
1156420 2530.7
1156430 2535.3
1156440 2535.3
1156450 2545.9
1156460 2563.4
1156470 2563.4
1156480 2564.8
1156490 2562.0
1156500 2562.0
1156510 2561.3
1156520 2555.4
1156530 2555.4
1156540 2551.2
1156550 2556.7
1156560 2556.7
1156570 2562.1
1156580 2557.5
1156590 2557.5
1156600 2556.0
1156610 2556.1
1156620 2556.1
1156630 2558.0
1156640 2566.2
1156650 2566.2
1156660 2599.4
1156670 2622.9
1156680 2633.4
1156690 2633.4
1156700 2630.4
1156710 2625.2
1156720 2625.2
1156730 2627.0
1156740 2625.2
1156750 2625.2
1156760 2622.8
1156770 2623.2
1156780 2623.2
1156790 2621.9
1156800 2618.1
1156810 2618.1
1156820 2609.9
1156830 2600.8
1156840 2600.8
1156850 2590.4
1156860 2579.3
1156870 2579.3
1156880 2569.2
1156890 2565.1
1156900 2565.1
1156910 2562.3
1156920 2555.6
1156930 2546.4
1156940 2546.4
1156950 2535.4
1156960 2523.6
1156970 2523.6
1156980 2514.2
1156990 2504.6
1157000 2504.6
1157010 2493.8
1157020 2479.5
1157030 2479.5
1157040 2464.9
1157050 2447.1
1157060 2447.1
1157070 2434.1
1157080 2422.8
1157090 2422.8
1157100 2415.1
1157110 2410.7
1157120 2410.7
1157130 2408.4
1157140 2409.3
1157150 2409.3
1157160 2415.8
1157170 2418.2
1157180 2417.7
1157190 2417.7
1157200 2418.0
1157210 2418.4
1157220 2418.4
1157230 2418.0
1157240 2418.5
1157250 2418.5
1157260 2421.4
1157270 2427.0
1157280 2427.0
1157290 2422.9
1157300 2398.8
1157310 2398.8
1157320 2399.6
1157330 2401.1
1157340 2401.1
1157350 2403.1
1157360 2405.9
1157370 2405.9
1157380 2407.3
1157390 2406.1
1157400 2406.1
1157410 2403.2
1157420 2397.3
1157430 2392.4
1157440 2392.4
1157450 2378.7
1157460 2362.8
1157470 2362.8
1157480 2342.8
1157490 2332.6
1157500 2332.6
1157510 2321.8
1157520 2311.2
1157530 2311.2
1157540 2302.9
1157550 2292.7
1157560 2292.7
1157570 2280.5
1157580 2271.9
1157590 2271.9
1157600 2266.1
1157610 2261.4
1157620 2261.4
1157630 2256.6
1157640 2251.3
1157650 2251.3
1157660 2245.0
1157670 2238.3
1157680 2230.8
1157690 2230.8
1157700 2222.4
1157710 2214.5
1157720 2214.5
1157730 2206.2
1157740 2200.4
1157750 2200.4
1157760 2195.3
1157770 2190.3
1157780 2190.3
1157790 2185.3
1157800 2179.0
1157810 2179.0
1157820 2163.7
1157830 2159.9
1157840 2159.9
1157850 2154.4
1157860 2146.7
1157870 2146.7
1157880 2137.2
1157890 2128.1
1157900 2128.1
1157910 2119.4
1157920 2111.2
1157930 2103.6
1157940 2103.6
1157950 2096.3
1157960 2089.5
1157970 2089.5
1157980 2083.0
1157990 2077.0
1158000 2077.0
1158010 2071.8
1158020 2066.4
1158030 2066.4
1158040 2060.3
1158050 2053.4
1158060 2053.4
1158070 2047.1
1158080 2041.4
1158090 2041.4
1158100 2035.4
1158110 2029.1
1158120 2029.1
1158130 2023.0
1158140 2017.2
1158150 2017.2
1158160 2011.0
1158170 2005.3
1158180 2000.0
1158190 2000.0
1158200 1992.6
1158210 1985.3
1158220 1985.3
1158230 1975.4
1158240 1966.1
1158250 1966.1
1158260 1958.7
1158270 1955.0
1158280 1955.0
1158290 1952.2
1158300 1940.7
1158310 1940.7
1158320 1924.7
1158330 1905.0
1158340 1905.0
1158350 1894.5
1158360 1887.8
1158370 1887.8
1158380 1881.4
1158390 1875.2
1158400 1875.2
1158410 1867.5
1158420 1859.5
1158430 1852.6
1158440 1852.6
1158450 1845.5
1158460 1837.8
1158470 1837.8
1158480 1830.0
1158490 1822.7
1158500 1822.7
1158510 1816.0
1158520 1810.0
1158530 1810.0
1158540 1805.1
1158550 1803.3
1158560 1803.3
1158570 1803.2
1158580 1800.9
1158590 1800.9
1158600 1792.8
1158610 1790.0
1158620 1790.0
1158630 1786.2
1158640 1781.0
1158650 1781.0
1158660 1774.2
1158670 1768.2
1158680 1762.1
1158690 1762.1
1158700 1755.3
1158710 1746.5
1158720 1746.5
1158730 1736.4
1158740 1728.8
1158750 1728.8
1158760 1726.0
1158770 1729.2
1158780 1729.2
1158790 1736.5
1158800 1744.8
1158810 1744.8
1158820 1751.1
1158830 1756.4
1158840 1756.4
1158850 1762.7
1158860 1769.0
1158870 1769.0
1158880 1777.2
1158890 1785.3
1158900 1785.3
1158910 1792.0
1158920 1799.2
1158930 1806.2
1158940 1806.2
1158950 1810.1
1158960 1812.1
1158970 1812.1
1158980 1812.0
1158990 1820.8
1159000 1820.8
1159010 1818.1
1159020 1815.4
1159030 1815.4
1159040 1812.6
1159050 1812.6
1159060 1812.6
1159070 1815.8
1159080 1818.5
1159090 1818.5
1159100 1820.6
1159110 1822.3
1159120 1822.3
1159130 1827.0
1159140 1833.6
1159150 1833.6
1159160 1838.4
1159170 1843.2
1159180 1847.9
1159190 1847.9
1159200 1852.1
1159210 1856.4
1159220 1856.4
1159230 1861.0
1159240 1868.1
1159250 1868.1
1159260 1881.8
1159270 1898.2
1159280 1898.2
1159290 1918.5
1159300 1944.4
1159310 1944.4
1159320 1963.4
1159330 1973.6
1159340 1973.6
1159350 1979.6
1159360 1984.0
1159370 1984.0
1159380 2007.4
1159390 2017.0
1159400 2017.0
1159410 2019.0
1159420 2018.6
1159430 2029.0
1159440 2029.0
1159450 2043.7
1159460 2060.5
1159470 2060.5
1159480 2070.2
1159490 2072.3
1159500 2072.3
1159510 2077.7
1159520 2082.6
1159530 2082.6
1159540 2098.1
1159550 2110.7
1159560 2110.7
1159570 2121.2
1159580 2132.5
1159590 2132.5
1159600 2140.0
1159610 2147.6
1159620 2147.6
1159630 2152.7
1159640 2156.5
1159650 2156.5
1159660 2162.6
1159670 2167.0
1159680 2176.0
1159690 2176.0
1159700 2183.9
1159710 2190.2
1159720 2190.2
1159730 2194.6
1159740 2198.6
1159750 2198.6
1159760 2202.6
1159770 2218.4
1159780 2218.4
1159790 2225.9
1159800 2233.2
1159810 2233.2
1159820 2239.7
1159830 2245.9
1159840 2245.9
1159850 2252.3
1159860 2259.0
1159870 2259.0
1159880 2266.1
1159890 2274.3
1159900 2274.3
1159910 2282.6
1159920 2290.0
1159930 2297.7
1159940 2297.7
1159950 2306.0
1159960 2312.6
1159970 2312.6
1159980 2318.3
1159990 2324.6
