1140000 1970.7
1140010 1970.7
1140020 1978.7
1140030 1988.9
1140040 2001.0
1140050 2001.0
1140060 2008.9
1140070 2014.0
1140080 2014.0
1140090 2018.0
1140100 2021.8
1140110 2021.8
1140120 2025.0
1140130 2027.0
1140140 2027.0
1140150 2027.5
1140160 2027.5
1140170 2033.5
1140180 2033.4
1140190 2031.9
1140200 2031.9
1140210 2031.0
1140220 2029.1
1140230 2029.1
1140240 2026.7
1140250 2026.3
1140260 2026.3
1140270 2025.9
1140280 2026.2
1140290 2026.0
1140300 2026.0
1140310 2027.7
1140320 2031.5
1140330 2031.5
1140340 2034.2
1140350 2036.2
1140360 2036.2
1140370 2036.2
1140380 2036.9
1140390 2036.9
1140400 2038.6
1140410 2039.9
1140420 2039.9
1140430 2041.7
1140440 2044.2
1140450 2044.2
1140460 2046.7
1140470 2048.4
1140480 2048.4
1140490 2050.9
1140500 2053.6
1140510 2053.6
1140520 2056.8
1140530 2060.7
1140540 2062.9
1140550 2062.9
1140560 2066.3
1140570 2070.6
1140580 2070.6
1140590 2076.0
1140600 2082.2
1140610 2082.2
1140620 2089.1
1140630 2095.7
1140640 2095.7
1140650 2100.2
1140660 2104.4
1140670 2104.4
1140680 2109.9
1140690 2116.4
1140700 2116.4
1140710 2124.5
1140720 2133.1
1140730 2133.1
1140740 2141.0
1140750 2147.2
1140760 2147.2
1140770 2152.7
1140780 2158.7
1140790 2170.3
1140800 2170.3
1140810 2178.4
1140820 2184.6
1140830 2184.6
1140840 2189.2
1140850 2192.7
1140860 2192.7
1140870 2195.4
1140880 2197.9
1140890 2197.9
1140900 2202.0
1140910 2208.1
1140920 2208.1
1140930 2213.4
1140940 2217.6
1140950 2217.6
1140960 2220.0
1140970 2223.3
1140980 2223.3
1140990 2228.7
1141000 2234.5
1141010 2234.5
1141020 2239.4
1141030 2245.3
1141040 2253.4
1141050 2253.4
1141060 2260.9
1141070 2265.8
1141080 2265.8
1141090 2270.5
1141100 2274.4
1141110 2274.4
1141120 2277.4
1141130 2280.2
1141140 2280.2
1141150 2281.7
1141160 2282.5
1141170 2282.5
1141180 2285.0
1141190 2288.9
1141200 2288.9
1141210 2291.9
1141220 2294.9
1141230 2294.9
1141240 2298.4
1141250 2301.8
1141260 2301.8
1141270 2306.5
1141280 2312.9
1141290 2317.4
1141300 2317.4
1141310 2321.1
1141320 2325.7
1141330 2325.7
1141340 2329.5
1141350 2332.2
1141360 2332.2
1141370 2334.0
1141380 2335.8
1141390 2335.8
1141400 2336.6
1141410 2335.5
1141420 2335.5
1141430 2335.1
1141440 2335.1
1141450 2335.1
1141460 2336.5
1141470 2338.0
1141480 2338.0
1141490 2339.6
1141500 2341.4
1141510 2341.4
1141520 2342.9
1141530 2344.6
1141540 2346.2
1141550 2346.2
1141560 2347.3
1141570 2349.7
1141580 2349.7
1141590 2352.1
1141600 2353.0
1141610 2353.0
1141620 2352.8
1141630 2350.7
1141640 2350.7
1141650 2346.4
1141660 2341.0
1141670 2341.0
1141680 2334.9
1141690 2329.4
1141700 2329.4
1141710 2324.4
1141720 2319.8
1141730 2319.8
1141740 2315.4
1141750 2310.7
1141760 2310.7
1141770 2306.6
1141780 2302.6
1141790 2297.7
1141800 2297.7
1141810 2292.0
1141820 2286.2
1141830 2286.2
1141840 2279.0
1141850 2270.1
1141860 2270.1
1141870 2261.9
1141880 2253.4
1141890 2253.4
1141900 2245.6
1141910 2238.8
1141920 2238.8
1141930 2232.3
1141940 2226.2
1141950 2226.2
1141960 2221.3
1141970 2216.0
1141980 2216.0
1141990 2209.8
1142000 2204.5
1142010 2204.5
1142020 2196.2
1142030 2191.6
1142040 2187.3
1142050 2187.3
1142060 2182.3
1142070 2176.2
1142080 2176.2
1142090 2170.2
1142100 2164.5
1142110 2164.5
1142120 2159.0
1142130 2153.4
1142140 2153.4
1142150 2148.7
1142160 2142.7
1142170 2142.7
1142180 2136.4
1142190 2131.2
1142200 2131.2
1142210 2126.3
1142220 2121.3
1142230 2121.3
1142240 2117.8
1142250 2113.8
1142260 2113.8
1142270 2109.2
1142280 2104.9
1142290 2100.3
1142300 2100.3
1142310 2096.5
1142320 2092.4
1142330 2092.4
1142340 2087.7
1142350 2083.2
1142360 2083.2
1142370 2079.6
1142380 2075.6
1142390 2070.9
1142400 2066.5
1142410 2062.7
1142420 2062.7
1142430 2059.7
1142440 2056.6
1142450 2056.6
1142460 2052.9
1142470 2050.4
1142480 2050.4
1142490 2048.4
1142500 2043.8
1142510 2043.8
1142520 2037.5
1142530 2030.7
1142540 2024.8
1142550 2024.8
1142560 2021.3
1142570 2020.1
1142580 2020.1
1142590 2019.4
1142600 2019.0
1142610 2019.0
1142620 2018.1
1142630 2017.4
1142640 2017.4
1142650 2015.5
1142660 2012.2
1142670 2012.2
1142680 2007.5
1142690 2001.4
1142700 2001.4
1142710 1995.6
1142720 1990.9
1142730 1990.9
1142740 1986.7
1142750 1983.1
1142760 1980.0
1142770 1976.5
1142780 1973.0
1142790 1969.6
1142800 1969.6
1142810 1965.7
1142820 1961.1
1142830 1961.1
1142840 1955.7
1142850 1951.1
1142860 1951.1
1142870 1946.6
1142880 1942.8
1142890 1942.8
1142900 1940.2
1142910 1938.0
1142920 1938.0
1142930 1935.7
1142940 1932.1
1142950 1932.1
1142960 1928.2
1142970 1923.4
1142980 1923.4
1142990 1918.2
1143000 1913.6
1143010 1913.6
1143020 1910.0
1143030 1906.6
1143040 1902.8
1143050 1902.8
1143060 1899.0
1143070 1895.5
1143080 1895.5
1143090 1892.1
1143100 1890.4
1143110 1890.4
1143120 1890.0
1143130 1887.7
1143140 1885.2
1143150 1882.7
1143160 1879.5
1143170 1879.5
1143180 1875.7
1143190 1868.7
1143200 1868.7
1143210 1858.9
1143220 1850.2
1143230 1850.2
1143240 1842.8
1143250 1835.9
1143260 1835.9
1143270 1829.5
1143280 1823.6
1143290 1817.6
1143300 1817.6
1143310 1810.3
1143320 1801.4
1143330 1801.4
1143340 1793.7
1143350 1786.6
1143360 1786.6
1143370 1779.2
1143380 1772.0
1143390 1772.0
1143400 1765.3
1143410 1758.2
1143420 1758.2
1143430 1751.0
1143440 1742.5
1143450 1742.5
1143460 1732.9
1143470 1726.6
1143480 1726.6
1143490 1722.3
1143500 1716.7
1143510 1716.3
1143520 1711.1
1143530 1708.4
1143540 1708.4
1143550 1705.7
1143560 1703.9
1143570 1700.0
1143580 1700.0
1143590 1695.8
1143600 1691.2
1143610 1691.2
1143620 1688.9
1143630 1688.7
1143640 1688.7
1143650 1687.9
1143660 1688.2
1143670 1688.2
1143680 1690.4
1143690 1692.9
1143700 1692.9
1143710 1697.5
1143720 1699.0
1143730 1699.0
1143740 1702.3
1143750 1705.8
1143760 1705.8
1143770 1703.7
1143780 1701.5
1143790 1701.5
1143800 1697.4
1143810 1690.5
1143820 1684.9
1143830 1684.9
1143840 1678.6
1143850 1673.5
1143860 1673.5
1143870 1671.3
1143880 1669.4
1143890 1669.4
1143900 1665.7
1143910 1663.1
1143920 1663.1
1143930 1660.5
1143940 1657.6
1143950 1657.6
1143960 1656.9
1143970 1653.0
1143980 1653.0
1143990 1649.3
1144000 1646.8
1144010 1646.8
1144020 1643.1
1144030 1631.0
1144040 1631.0
1144050 1611.2
1144060 1603.1
1144070 1590.4
1144080 1590.4
1144090 1584.3
1144100 1586.8
1144110 1586.8
1144120 1586.9
1144130 1586.7
1144140 1586.7
1144150 1586.7
1144160 1585.9
1144170 1585.9
1144180 1586.1
1144190 1586.3
1144200 1586.3
1144210 1586.4
1144220 1586.9
1144230 1586.9
1144240 1586.4
1144250 1578.3
1144260 1578.3
1144270 1577.9
1144280 1578.4
1144290 1578.4
1144300 1580.4
1144310 1582.4
1144320 1582.0
1144330 1582.0
1144340 1578.7
1144350 1573.2
1144360 1573.2
1144370 1567.0
1144380 1562.7
1144390 1562.7
1144400 1559.8
1144410 1554.9
1144420 1554.9
1144430 1548.4
1144440 1540.8
1144450 1540.8
1144460 1535.4
1144470 1534.9
1144480 1534.9
1144490 1534.3
1144500 1529.3
1144510 1529.3
1144520 1524.6
1144530 1522.0
1144540 1522.0
1144550 1517.9
1144560 1515.9
1144570 1513.2
1144580 1513.2
1144590 1510.4
1144600 1506.0
1144610 1506.0
1144620 1500.1
1144630 1492.6
1144640 1492.6
1144650 1492.0
1144660 1491.5
1144670 1491.5
1144680 1490.0
1144690 1487.8
1144700 1487.8
1144710 1485.7
1144720 1482.9
1144730 1482.9
1144740 1480.3
1144750 1480.3
1144760 1480.3
1144770 1477.8
1144780 1473.9
1144790 1473.9
1144800 1469.6
1144810 1465.9
1144820 1462.8
1144830 1462.8
1144840 1460.9
1144850 1459.1
1144860 1459.1
1144870 1456.1
1144880 1452.4
1144890 1452.4
1144900 1447.9
1144910 1440.8
1144920 1440.8
1144930 1435.1
1144940 1431.6
1144950 1431.6
1144960 1429.6
1144970 1429.2
1144980 1429.2
1144990 1429.6
1145000 1437.1
1145010 1437.1
1145020 1449.3
1145030 1459.4
1145040 1459.4
1145050 1465.3
1145060 1470.0
1145070 1472.8
1145080 1472.8
1145090 1473.2
1145100 1475.2
1145110 1475.2
1145120 1477.2
1145130 1476.8
1145140 1476.8
1145150 1474.7
1145160 1474.4
1145170 1474.4
1145180 1475.1
1145190 1476.3
1145200 1476.3
1145210 1471.2
1145220 1462.0
1145230 1462.0
1145240 1462.1
1145250 1470.8
1145260 1470.8
1145270 1478.9
1145280 1485.6
1145290 1485.6
1145300 1489.0
1145310 1489.4
1145320 1490.5
1145330 1490.5
1145340 1494.8
1145350 1499.5
1145360 1499.5
1145370 1505.4
1145380 1513.4
1145390 1513.4
1145400 1522.0
1145410 1530.2
1145420 1530.2
1145430 1537.0
1145440 1543.4
1145450 1543.4
1145460 1549.9
1145470 1556.8
1145480 1556.8
1145490 1562.9
1145500 1567.8
1145510 1567.8
1145520 1572.2
1145530 1576.3
1145540 1576.3
1145550 1580.7
1145560 1584.8
1145570 1589.6
1145580 1589.6
1145590 1594.3
1145600 1598.3
1145610 1598.3
1145620 1601.8
1145630 1604.9
1145640 1604.9
1145650 1606.9
1145660 1608.9
1145670 1608.9
1145680 1610.8
1145690 1611.7
1145700 1611.7
1145710 1610.6
1145720 1612.1
1145730 1612.1
1145740 1616.7
1145750 1627.7
1145760 1627.7
1145770 1630.0
1145780 1632.9
1145790 1632.9
1145800 1636.0
1145810 1638.3
1145820 1639.7
1145830 1639.7
1145840 1638.2
1145850 1636.5
1145860 1636.5
1145870 1635.7
1145880 1636.3
1145890 1636.3
1145900 1636.0
1145910 1635.0
1145920 1635.0
1145930 1635.4
1145940 1637.5
1145950 1637.5
1145960 1637.8
1145970 1632.0
1145980 1632.0
1145990 1624.9
1146000 1623.9
1146010 1623.9
1146020 1621.1
1146030 1617.2
1146040 1617.2
1146050 1614.6
1146060 1611.2
1146070 1615.6
1146080 1615.6
1146090 1625.8
1146100 1635.2
1146110 1635.2
1146120 1642.3
1146130 1651.1
1146140 1651.1
1146150 1658.4
1146160 1666.0
1146170 1666.0
1146180 1675.4
1146190 1683.0
1146200 1683.0
1146210 1688.4
1146220 1693.8
1146230 1693.8
1146240 1699.4
1146250 1704.6
1146260 1704.6
1146270 1710.0
1146280 1715.4
1146290 1715.4
1146300 1721.3
1146310 1728.3
1146320 1737.5
1146330 1737.5
1146340 1745.1
1146350 1751.2
1146360 1751.2
1146370 1756.5
1146380 1761.9
1146390 1761.9
1146400 1768.6
1146410 1775.7
1146420 1775.7
1146430 1782.8
1146440 1789.8
1146450 1789.8
1146460 1796.2
1146470 1802.2
1146480 1802.2
1146490 1807.8
1146500 1817.6
1146510 1817.6
1146520 1822.6
1146530 1828.0
1146540 1828.0
1146550 1834.1
1146560 1841.8
1146570 1849.3
1146580 1849.3
1146590 1858.2
1146600 1873.4
1146610 1873.4
1146620 1883.9
1146630 1889.8
1146640 1889.8
1146650 1896.5
1146660 1906.9
1146670 1906.9
1146680 1918.6
1146690 1930.2
1146700 1930.2
1146710 1938.0
1146720 1945.4
1146730 1945.4
1146740 1950.0
1146750 1956.5
1146760 1956.5
1146770 1962.3
1146780 1969.7
1146790 1969.7
1146800 1978.5
1146810 1985.8
1146820 1993.7
1146830 1993.7
1146840 2001.0
1146850 2007.9
1146860 2007.9
1146870 2017.0
1146880 2032.1
1146890 2032.1
1146900 2037.5
1146910 2041.7
1146920 2041.7
1146930 2047.7
1146940 2055.6
1146950 2055.6
1146960 2064.1
1146970 2069.5
1146980 2069.5
1146990 2074.4
1147000 2079.2
1147010 2079.2
1147020 2083.8
1147030 2088.1
1147040 2088.1
1147050 2091.0
1147060 2085.0
1147070 2077.5
1147080 2077.5
1147090 2066.5
1147100 2057.4
1147110 2057.4
1147120 2048.3
1147130 2039.1
1147140 2039.1
1147150 2032.8
1147160 2028.4
1147170 2028.4
1147180 2024.8
1147190 2020.2
1147200 2020.2
1147210 2014.7
1147220 2009.8
1147230 2009.8
1147240 2005.2
1147250 2001.1
1147260 2005.3
1147270 2002.3
1147280 2001.1
1147290 2001.1
1147300 2000.1
1147310 1999.8
1147320 2000.6
1147330 2000.6
1147340 2001.9
1147350 2002.1
1147360 2002.1
1147370 1998.3
1147380 1998.1
1147390 1998.1
1147400 1995.1
1147410 1991.6
1147420 1991.6
1147430 1990.6
1147440 1990.2
1147450 1990.2
1147460 1989.4
1147470 1978.6
1147480 1978.6
1147490 1966.4
1147500 1954.1
1147510 1954.1
1147520 1948.9
1147530 1943.5
1147540 1943.5
1147550 1936.3
1147560 1928.5
1147570 1919.6
1147580 1919.6
1147590 1909.8
1147600 1904.8
1147610 1904.8
1147620 1902.8
1147630 1904.4
1147640 1904.4
1147650 1903.7
1147660 1903.4
1147670 1903.4
1147680 1898.5
1147690 1892.8
1147700 1892.8
1147710 1893.1
1147720 1888.9
1147730 1888.9
1147740 1888.0
1147750 1889.1
1147760 1889.1
1147770 1888.5
1147780 1882.6
1147790 1882.6
1147800 1875.3
1147810 1868.3
1147820 1861.0
1147830 1861.0
1147840 1851.8
1147850 1843.8
1147860 1843.8
1147870 1838.7
1147880 1834.0
1147890 1834.0
1147900 1829.6
1147910 1826.5
1147920 1826.5
1147930 1824.2
1147940 1821.4
1147950 1821.4
1147960 1818.0
1147970 1813.9
1147980 1813.9
1147990 1808.6
1148000 1802.9
1148010 1808.1
1148020 1804.6
1148030 1800.1
1148040 1800.1
1148050 1794.6
1148060 1789.6
1148070 1780.8
1148080 1780.8
1148090 1767.8
1148100 1759.9
1148110 1759.9
1148120 1757.2
1148130 1757.8
1148140 1757.8
1148150 1756.9
1148160 1753.3
1148170 1753.3
1148180 1745.3
1148190 1737.6
1148200 1737.6
1148210 1731.7
1148220 1727.1
1148230 1727.1
1148240 1723.6
1148250 1719.0
1148260 1719.0
1148270 1713.0
1148280 1706.8
1148290 1706.8
1148300 1700.9
1148310 1695.3
1148320 1689.8
1148330 1689.8
1148340 1684.2
1148350 1678.5
1148360 1678.5
1148370 1673.0
1148380 1668.2
1148390 1672.2
1148400 1667.5
1148410 1663.3
1148420 1663.3
1148430 1658.6
1148440 1654.2
1148450 1654.2
1148460 1650.0
1148470 1645.6
1148480 1645.6
1148490 1639.8
1148500 1633.2
1148510 1633.2
1148520 1626.4
1148530 1620.7
1148540 1620.7
1148550 1617.6
1148560 1615.4
1148570 1615.2
1148580 1615.2
1148590 1621.1
1148600 1627.5
1148610 1627.5
1148620 1635.8
1148630 1642.1
1148640 1642.1
1148650 1642.5
1148660 1641.6
1148670 1641.6
1148680 1644.2
1148690 1648.4
1148700 1648.4
1148710 1652.6
1148720 1656.5
1148730 1656.5
1148740 1661.6
1148750 1667.0
1148760 1667.0
1148770 1666.3
1148780 1669.1
1148790 1669.1
1148800 1672.9
1148810 1676.5
1148820 1676.5
1148830 1680.6
1148840 1685.7
1148850 1691.4
1148860 1691.4
1148870 1697.2
1148880 1703.9
1148890 1703.9
1148900 1711.7
1148910 1719.2
1148920 1719.2
1148930 1731.7
1148940 1743.4
1148950 1743.4
1148960 1754.3
1148970 1765.4
1148980 1765.4
1148990 1773.4
1149000 1779.7
1149010 1779.7
1149020 1783.9
1149030 1783.9
1149040 1783.9
1149050 1785.2
1149060 1787.8
1149070 1787.8
1149080 1790.4
1149090 1792.3
1149100 1796.2
1149110 1796.2
1149120 1801.0
1149130 1807.9
1149140 1807.9
1149150 1816.6
1149160 1825.5
1149170 1825.5
1149180 1835.0
1149190 1842.4
1149200 1842.4
1149210 1848.2
1149220 1853.9
1149230 1853.9
1149240 1860.4
1149250 1867.0
1149260 1867.0
1149270 1873.5
1149280 1880.8
1149290 1880.8
1149300 1888.6
1149310 1890.5
1149320 1890.5
1149330 1893.5
1149340 1897.6
1149350 1902.1
1149360 1902.1
1149370 1905.4
1149380 1908.9
1149390 1908.9
1149400 1913.6
1149410 1917.7
1149420 1917.7
1149430 1920.8
1149440 1924.0
1149450 1924.0
1149460 1925.8
1149470 1927.0
1149480 1927.0
1149490 1929.8
1149500 1934.3
1149510 1934.3
1149520 1937.9
1149530 1940.6
1149540 1940.6
1149550 1943.7
1149560 1948.7
1149570 1948.7
1149580 1953.7
1149590 1959.0
1149600 1966.6
1149610 1966.6
1149620 1975.8
1149630 1985.0
1149640 1985.0
1149650 1992.0
1149660 1998.2
1149670 1998.2
1149680 2005.7
1149690 2019.4
1149700 2019.4
1149710 2031.7
1149720 2037.2
1149730 2037.2
1149740 2044.3
1149750 2056.5
1149760 2056.5
1149770 2067.2
1149780 2081.9
1149790 2081.9
1149800 2095.7
1149810 2106.4
1149820 2106.4
1149830 2110.8
1149840 2113.7
1149850 2117.5
1149860 2117.5
1149870 2122.0
1149880 2124.2
1149890 2124.2
1149900 2128.9
1149910 2131.3
1149920 2131.3
1149930 2133.8
1149940 2136.7
1149950 2136.7
1149960 2141.4
1149970 2145.6
1149980 2145.6
1149990 2149.3
1150000 2153.6
1150010 2153.6
1150020 2154.4
1150030 2155.5
1150040 2155.5
1150050 2156.8
1150060 2159.1
1150070 2159.1
1150080 2162.9
1150090 2165.6
1150100 2168.8
1150110 2168.8
1150120 2172.0
1150130 2175.7
1150140 2175.7
1150150 2180.5
1150160 2185.4
1150170 2185.4
1150180 2190.3
1150190 2194.8
1150200 2194.8
1150210 2199.3
1150220 2203.7
1150230 2203.7
1150240 2207.7
1150250 2212.0
1150260 2212.0
1150270 2216.7
1150280 2221.4
1150290 2221.4
1150300 2225.0
1150310 2229.2
1150320 2229.2
1150330 2233.7
1150340 2238.6
1150350 2243.7
1150360 2243.7
1150370 2248.8
1150380 2253.6
1150390 2253.6
1150400 2257.9
1150410 2261.6
1150420 2261.6
1150430 2265.4
1150440 2269.8
1150450 2269.8
1150460 2274.9
1150470 2281.2
1150480 2281.2
1150490 2286.9
1150500 2291.1
1150510 2291.1
1150520 2296.2
1150530 2303.2
1150540 2303.2
1150550 2311.4
1150560 2319.6
1150570 2319.6
1150580 2326.1
1150590 2329.8
1150600 2331.5
1150610 2331.5
1150620 2332.5
1150630 2335.5
1150640 2335.5
1150650 2340.4
1150660 2345.5
1150670 2346.6
1150680 2351.8
1150690 2356.7
1150700 2356.7
1150710 2361.1
1150720 2361.8
1150730 2361.8
1150740 2355.5
1150750 2351.1
1150760 2351.1
1150770 2352.2
1150780 2352.2
1150790 2352.2
1150800 2352.9
1150810 2357.5
1150820 2357.5
1150830 2363.5
1150840 2370.5
1150850 2376.8
1150860 2376.8
1150870 2381.2
1150880 2384.2
1150890 2384.2
1150900 2387.8
1150910 2391.8
1150920 2391.8
1150930 2395.8
1150940 2401.2
1150950 2401.2
1150960 2403.5
1150970 2405.6
1150980 2405.6
1150990 2407.5
1151000 2409.2
1151010 2409.2
1151020 2411.3
1151030 2413.0
1151040 2413.0
1151050 2427.8
1151060 2434.4
1151070 2434.4
1151080 2438.7
1151090 2445.3
1151100 2453.9
1151110 2453.9
1151120 2456.3
1151130 2457.4
1151140 2457.4
1151150 2463.3
1151160 2471.3
1151170 2471.3
1151180 2479.1
1151190 2485.0
1151200 2485.0
1151210 2489.2
1151220 2491.7
1151230 2491.7
1151240 2495.0
1151250 2500.6
1151260 2500.6
1151270 2507.3
1151280 2515.0
1151290 2515.0
1151300 2523.2
1151310 2532.9
1151320 2532.9
1151330 2542.6
1151340 2552.4
1151350 2555.5
1151360 2555.5
1151370 2553.0
1151380 2550.9
1151390 2550.9
1151400 2549.5
1151410 2547.0
1151420 2547.0
1151430 2548.0
1151440 2541.2
1151450 2541.2
1151460 2533.7
1151470 2529.7
1151480 2529.7
1151490 2526.8
1151500 2525.6
1151510 2525.6
1151520 2525.5
1151530 2526.6
1151540 2526.6
1151550 2528.4
1151560 2526.7
1151570 2526.7
1151580 2523.4
1151590 2518.9
1151600 2513.1
1151610 2513.1
1151620 2508.9
1151630 2506.7
1151640 2506.7
1151650 2505.3
1151660 2506.0
1151670 2506.0
1151680 2508.6
1151690 2505.5
1151700 2505.5
1151710 2500.7
1151720 2496.0
1151730 2496.0
1151740 2490.1
1151750 2481.7
1151760 2481.7
1151770 2474.9
1151780 2469.8
1151790 2469.8
1151800 2465.4
1151810 2454.8
1151820 2454.8
1151830 2449.4
1151840 2444.2
1151850 2440.1
1151860 2440.1
1151870 2436.4
1151880 2431.8
1151890 2431.8
1151900 2425.5
1151910 2421.2
1151920 2421.2
1151930 2416.5
1151940 2413.3
1151950 2413.3
1151960 2411.4
1151970 2409.7
1151980 2409.7
1151990 2409.2
1152000 2408.8
1152010 2408.8
1152020 2408.3
1152030 2408.9
1152040 2408.9
1152050 2410.0
1152060 2411.1
1152070 2411.1
1152080 2412.5
1152090 2414.4
1152100 2416.1
1152110 2416.1
1152120 2417.2
1152130 2418.3
1152140 2418.3
1152150 2420.0
1152160 2421.1
1152170 2421.1
1152180 2422.0
1152190 2416.2
1152200 2416.2
1152210 2418.7
1152220 2422.7
1152230 2422.7
1152240 2426.9
1152250 2430.8
1152260 2430.8
1152270 2434.4
1152280 2439.0
1152290 2439.0
1152300 2443.7
1152310 2447.5
1152320 2447.5
1152330 2450.3
1152340 2452.3
1152350 2453.4
1152360 2453.4
1152370 2454.0
1152380 2454.4
1152390 2454.4
1152400 2454.0
1152410 2453.7
1152420 2453.7
1152430 2454.4
1152440 2455.3
1152450 2455.3
1152460 2456.7
1152470 2458.6
1152480 2458.6
1152490 2460.8
1152500 2462.2
1152510 2462.2
1152520 2464.2
1152530 2467.7
1152540 2467.7
1152550 2470.3
1152560 2472.8
1152570 2466.8
1152580 2468.3
1152590 2468.9
1152600 2469.1
1152610 2469.1
1152620 2468.6
1152630 2466.8
1152640 2466.8
1152650 2465.1
1152660 2463.6
1152670 2463.6
1152680 2461.8
1152690 2460.0
1152700 2460.0
1152710 2457.4
1152720 2454.3
1152730 2454.3
1152740 2452.4
1152750 2451.2
1152760 2451.2
1152770 2449.5
1152780 2447.8
1152790 2447.8
1152800 2447.2
1152810 2448.2
1152820 2448.2
1152830 2451.1
1152840 2454.4
1152850 2455.5
1152860 2455.5
1152870 2456.9
1152880 2458.9
1152890 2458.9
1152900 2460.5
1152910 2463.0
1152920 2463.0
1152930 2465.7
1152940 2468.6
1152950 2468.6
1152960 2464.0
1152970 2465.4
1152980 2465.4
1152990 2467.3
1153000 2469.3
1153010 2469.3
1153020 2471.9
1153030 2473.2
1153040 2473.2
1153050 2473.9
1153060 2473.9
1153070 2473.9
1153080 2472.9
1153090 2471.0
1153100 2469.1
1153110 2469.1
1153120 2469.4
1153130 2472.8
1153140 2472.8
1153150 2476.8
1153160 2479.0
1153170 2479.0
1153180 2480.5
1153190 2483.0
1153200 2483.0
1153210 2484.6
1153220 2485.8
1153230 2485.8
1153240 2486.9
1153250 2488.1
1153260 2488.1
1153270 2490.3
1153280 2491.4
1153290 2491.4
1153300 2492.9
1153310 2497.3
1153320 2497.3
1153330 2501.2
1153340 2499.6
1153350 2503.2
1153360 2503.2
1153370 2510.6
1153380 2517.3
1153390 2517.3
1153400 2523.2
1153410 2528.2
1153420 2528.2
1153430 2532.2
1153440 2537.1
1153450 2537.1
1153460 2543.2
1153470 2548.8
1153480 2548.8
1153490 2554.9
1153500 2561.1
1153510 2561.1
1153520 2567.6
1153530 2574.3
1153540 2574.3
1153550 2581.3
1153560 2589.1
1153570 2589.1
1153580 2598.3
1153590 2608.6
1153600 2617.8
1153610 2617.8
1153620 2623.5
1153630 2630.2
1153640 2630.2
1153650 2637.3
1153660 2644.6
1153670 2644.6
1153680 2652.4
1153690 2659.0
1153700 2659.0
1153710 2665.5
1153720 2675.4
1153730 2670.9
1153740 2679.3
1153750 2682.7
1153760 2682.7
1153770 2687.4
1153780 2692.1
1153790 2692.1
1153800 2696.3
1153810 2701.5
1153820 2701.5
1153830 2707.9
1153840 2715.6
1153850 2722.0
1153860 2722.0
1153870 2726.1
1153880 2730.1
1153890 2730.1
1153900 2734.1
1153910 2739.9
1153920 2739.9
1153930 2744.5
1153940 2746.7
1153950 2746.7
1153960 2747.8
1153970 2751.5
1153980 2751.5
1153990 2759.3
1154000 2767.7
1154010 2767.7
1154020 2774.6
1154030 2782.4
1154040 2782.4
1154050 2789.3
1154060 2794.4
1154070 2794.4
1154080 2800.8
1154090 2809.8
1154100 2817.9
1154110 2815.2
1154120 2818.9
1154130 2822.5
1154140 2822.5
1154150 2825.8
1154160 2827.9
1154170 2827.9
1154180 2830.2
1154190 2833.0
1154200 2833.0
1154210 2835.7
1154220 2838.2
1154230 2838.2
1154240 2840.6
1154250 2842.7
1154260 2842.7
1154270 2843.1
1154280 2839.0
1154290 2839.0
1154300 2831.8
1154310 2824.6
1154320 2824.6
1154330 2817.7
1154340 2811.0
1154350 2803.2
1154360 2803.2
1154370 2791.2
1154380 2773.5
1154390 2773.5
1154400 2756.5
1154410 2742.9
1154420 2742.9
1154430 2734.5
1154440 2724.7
1154450 2724.7
1154460 2716.2
1154470 2709.8
1154480 2709.8
1154490 2708.8
1154500 2702.7
1154510 2702.7
1154520 2697.4
1154530 2692.4
1154540 2692.4
1154550 2687.5
1154560 2682.6
1154570 2682.6
1154580 2677.9
1154590 2673.4
1154600 2669.1
1154610 2669.1
1154620 2664.9
1154630 2660.4
1154640 2660.4
1154650 2656.2
1154660 2652.7
1154670 2652.7
1154680 2649.7
1154690 2646.9
1154700 2646.9
1154710 2644.7
1154720 2643.3
1154730 2643.3
1154740 2643.6
1154750 2646.2
1154760 2646.2
1154770 2649.2
1154780 2650.4
1154790 2650.4
1154800 2649.9
1154810 2648.4
1154820 2648.4
1154830 2646.1
1154840 2643.3
1154850 2640.5
1154860 2640.5
1154870 2637.9
1154880 2633.7
1154890 2633.7
1154900 2631.4
1154910 2627.6
1154920 2627.6
1154930 2622.4
1154940 2618.1
1154950 2618.1
1154960 2613.4
1154970 2608.4
1154980 2608.4
1154990 2601.7
1155000 2594.8
1155010 2594.8
1155020 2589.0
1155030 2584.1
1155040 2584.1
1155050 2578.7
1155060 2575.3
1155070 2575.3
1155080 2570.6
1155090 2562.7
1155100 2557.4
1155110 2557.4
1155120 2552.4
1155130 2546.4
1155140 2546.4
1155150 2540.3
1155160 2534.9
1155170 2534.9
1155180 2529.7
1155190 2524.7
1155200 2524.7
1155210 2522.5
1155220 2522.1
1155230 2522.1
1155240 2521.7
1155250 2521.1
1155260 2521.1
1155270 2527.4
1155280 2526.4
1155290 2526.4
1155300 2523.5
1155310 2518.5
1155320 2518.5
1155330 2514.6
1155340 2511.5
1155350 2514.3
1155360 2514.3
1155370 2511.3
1155380 2503.8
1155390 2503.8
1155400 2491.7
1155410 2481.0
1155420 2481.0
1155430 2468.5
1155440 2456.3
1155450 2456.3
1155460 2446.7
1155470 2436.0
1155480 2436.0
1155490 2426.5
1155500 2419.2
1155510 2419.2
1155520 2412.4
1155530 2406.7
1155540 2406.7
1155550 2401.4
1155560 2396.1
1155570 2396.1
1155580 2390.5
1155590 2384.4
1155600 2384.4
1155610 2378.5
1155620 2372.9
1155630 2369.1
1155640 2369.1
1155650 2370.6
1155660 2369.4
1155670 2369.4
1155680 2368.4
1155690 2367.8
1155700 2367.8
1155710 2366.6
1155720 2365.7
1155730 2365.7
1155740 2364.5
1155750 2362.4
1155760 2362.4
1155770 2360.9
1155780 2360.2
1155790 2360.2
1155800 2359.8
1155810 2359.4
1155820 2359.4
1155830 2359.2
1155840 2358.8
1155850 2358.8
1155860 2358.9
1155870 2361.5
1155880 2365.0
1155890 2365.0
1155900 2366.6
1155910 2367.4
1155920 2367.4
1155930 2367.7
1155940 2369.7
1155950 2369.7
1155960 2371.6
1155970 2373.9
1155980 2373.9
1155990 2376.7
1156000 2379.4
1156010 2379.4
1156020 2381.8
1156030 2383.3
1156040 2387.6
1156050 2389.0
1156060 2391.3
1156070 2391.3
1156080 2393.6
1156090 2396.3
1156100 2396.3
1156110 2399.6
1156120 2403.5
1156130 2407.2
1156140 2407.2
1156150 2411.5
1156160 2416.7
1156170 2416.7
1156180 2422.2
1156190 2428.4
1156200 2428.4
1156210 2434.6
1156220 2441.0
1156230 2441.0
1156240 2446.8
1156250 2452.1
1156260 2452.1
1156270 2456.4
1156280 2459.7
1156290 2459.7
1156300 2462.8
1156310 2469.8
1156320 2469.8
1156330 2481.0
1156340 2501.4
1156350 2501.4
1156360 2514.0
1156370 2534.2
1156380 2560.2
1156390 2560.2
1156400 2590.5
1156410 2610.5
1156420 2610.5
1156430 2616.6
1156440 2636.3
1156450 2636.3
1156460 2642.9
1156470 2643.7
1156480 2643.7
1156490 2647.9
1156500 2651.4
1156510 2651.4
1156520 2653.0
1156530 2653.9
1156540 2653.9
1156550 2655.9
1156560 2659.0
1156570 2659.0
1156580 2663.0
1156590 2667.0
1156600 2667.0
1156610 2671.5
1156620 2675.7
1156630 2679.4
1156640 2679.4
1156650 2685.3
1156660 2691.4
1156670 2691.4
1156680 2698.0
1156690 2701.6
1156700 2701.6
1156710 2702.2
1156720 2704.5
1156730 2704.5
1156740 2707.5
1156750 2710.0
1156760 2710.0
1156770 2710.5
1156780 2703.1
1156790 2703.1
1156800 2693.4
1156810 2691.1
1156820 2691.1
1156830 2681.1
1156840 2661.7
1156850 2661.7
1156860 2643.9
1156870 2630.6
1156880 2616.0
1156890 2616.0
1156900 2600.4
1156910 2587.2
1156920 2587.2
1156930 2574.8
1156940 2565.9
1156950 2565.9
1156960 2554.5
1156970 2544.3
1156980 2544.3
1156990 2536.1
1157000 2527.7
1157010 2527.7
1157020 2519.2
1157030 2510.0
1157040 2510.0
1157050 2501.1
1157060 2490.9
1157070 2490.9
1157080 2480.0
1157090 2473.0
1157100 2473.0
1157110 2462.3
1157120 2453.8
1157130 2447.0
1157140 2447.0
1157150 2432.3
1157160 2418.7
1157170 2418.7
1157180 2405.7
1157190 2382.3
1157200 2393.0
1157210 2366.9
1157220 2341.6
1157230 2341.6
1157240 2325.2
1157250 2311.1
1157260 2311.1
1157270 2299.1
1157280 2290.7
1157290 2290.7
1157300 2282.0
1157310 2274.1
1157320 2274.1
1157330 2268.2
1157340 2263.9
1157350 2263.9
1157360 2260.4
1157370 2256.5
1157380 2252.1
1157390 2252.1
1157400 2247.5
1157410 2242.5
1157420 2242.5
1157430 2236.2
1157440 2229.7
1157450 2229.7
1157460 2224.3
1157470 2220.3
1157480 2220.3
1157490 2216.7
1157500 2212.4
1157510 2212.4
1157520 2208.3
1157530 2203.6
1157540 2203.6
1157550 2198.1
1157560 2193.3
1157570 2193.3
1157580 2189.1
1157590 2178.6
1157600 2178.6
1157610 2174.7
1157620 2171.0
1157630 2167.5
1157640 2167.5
1157650 2163.8
1157660 2157.9
1157670 2157.9
1157680 2150.8
1157690 2146.3
1157700 2146.3
1157710 2147.1
1157720 2147.6
1157730 2147.6
1157740 2144.3
1157750 2141.3
1157760 2141.3
1157770 2138.5
1157780 2134.5
1157790 2134.5
1157800 2130.5
1157810 2125.7
1157820 2125.7
1157830 2120.8
1157840 2116.8
1157850 2116.8
1157860 2112.8
1157870 2109.6
1157880 2108.2
1157890 2108.2
1157900 2106.5
1157910 2104.1
1157920 2104.1
1157930 2101.9
1157940 2100.7
1157950 2100.7
1157960 2100.0
1157970 2099.5
1157980 2090.6
1157990 2089.5
1158000 2086.9
1158010 2086.9
1158020 2083.2
1158030 2077.9
1158040 2077.9
1158050 2073.1
1158060 2069.7
1158070 2069.7
1158080 2066.0
1158090 2060.6
1158100 2060.6
1158110 2054.8
1158120 2049.3
1158130 2041.6
1158140 2041.6
1158150 2034.5
1158160 2026.4
1158170 2026.4
1158180 2020.6
1158190 2012.5
1158200 2012.5
1158210 2003.9
1158220 1995.9
1158230 1995.9
1158240 1987.5
1158250 1980.6
1158260 1980.6
1158270 1975.5
1158280 1970.1
1158290 1970.1
1158300 1962.7
1158310 1953.1
1158320 1953.1
1158330 1937.9
1158340 1921.3
1158350 1921.3
1158360 1908.2
1158370 1900.9
1158380 1893.5
1158390 1893.5
1158400 1886.4
1158410 1879.9
1158420 1879.9
1158430 1873.1
1158440 1867.8
1158450 1867.8
1158460 1864.3
1158470 1853.0
1158480 1853.0
1158490 1837.2
1158500 1832.7
1158510 1832.7
1158520 1832.1
1158530 1832.1
1158540 1832.1
1158550 1830.1
1158560 1826.5
1158570 1826.5
1158580 1817.2
1158590 1801.8
1158600 1801.8
1158610 1786.5
1158620 1765.9
1158630 1758.1
1158640 1758.1
1158650 1757.1
1158660 1757.5
1158670 1757.5
1158680 1757.1
1158690 1759.2
1158700 1759.2
1158710 1760.8
1158720 1763.6
1158730 1763.6
1158740 1766.2
1158750 1770.6
1158760 1771.8
1158770 1777.4
1158780 1784.4
1158790 1784.4
1158800 1793.0
1158810 1804.0
1158820 1804.0
1158830 1817.7
1158840 1828.6
1158850 1828.6
1158860 1836.2
1158870 1842.4
1158880 1851.8
1158890 1851.8
1158900 1862.8
1158910 1871.0
1158920 1871.0
1158930 1883.0
1158940 1899.3
1158950 1899.3
1158960 1912.4
1158970 1918.9
1158980 1918.9
1158990 1919.4
1159000 1919.2
1159010 1919.2
1159020 1923.2
1159030 1929.0
1159040 1929.0
1159050 1935.7
1159060 1940.5
1159070 1940.5
1159080 1946.5
1159090 1952.8
1159100 1952.8
1159110 1960.3
1159120 1969.6
1159130 1974.0
1159140 1974.0
1159150 2007.7
1159160 2013.2
1159170 2013.2
1159180 2015.3
1159190 2020.8
1159200 2020.8
1159210 2028.0
1159220 2033.7
1159230 2033.7
1159240 2040.6
1159250 2046.4
1159260 2046.4
1159270 2052.4
1159280 2059.6
1159290 2059.6
1159300 2063.6
1159310 2067.7
1159320 2067.7
1159330 2075.2
1159340 2083.0
1159350 2083.0
1159360 2088.8
1159370 2092.6
1159380 2096.3
1159390 2096.3
1159400 2101.3
1159410 2105.7
1159420 2105.7
1159430 2112.2
1159440 2118.8
1159450 2118.8
1159460 2122.4
1159470 2124.4
1159480 2124.4
1159490 2127.3
1159500 2131.1
1159510 2131.1
1159520 2134.6
1159530 2137.9
1159540 2129.6
1159550 2133.0
1159560 2136.9
1159570 2136.9
1159580 2140.0
1159590 2143.5
1159600 2143.5
1159610 2147.5
1159620 2151.5
1159630 2155.1
1159640 2155.1
1159650 2159.0
1159660 2163.5
1159670 2163.5
1159680 2169.1
1159690 2175.7
1159700 2175.7
1159710 2182.7
1159720 2188.6
1159730 2188.6
1159740 2191.4
1159750 2192.7
1159760 2192.7
1159770 2200.6
1159780 2208.9
1159790 2208.9
1159800 2213.6
1159810 2224.9
1159820 2224.9
1159830 2238.5
1159840 2244.4
1159850 2244.4
1159860 2250.1
1159870 2257.1
1159880 2263.4
1159890 2263.4
1159900 2268.6
1159910 2275.0
1159920 2275.0
1159930 2288.7
1159940 2304.6
1159950 2304.6
1159960 2315.5
1159970 2324.1
1159980 2324.1
1159990 2331.9
