1140000 2069.2
1140010 2075.1
1140020 2075.1
1140030 2081.0
1140040 2087.8
1140050 2087.8
1140060 2091.6
1140070 2093.4
1140080 2093.4
1140090 2095.0
1140100 2098.3
1140110 2098.3
1140120 2103.3
1140130 2109.0
1140140 2109.0
1140150 2119.8
1140160 2123.5
1140170 2123.5
1140180 2122.2
1140190 2120.9
1140200 2120.9
1140210 2120.4
1140220 2119.2
1140230 2120.3
1140240 2120.3
1140250 2122.1
1140260 2124.1
1140270 2124.1
1140280 2125.0
1140290 2125.1
1140300 2125.1
1140310 2124.5
1140320 2123.7
1140330 2123.7
1140340 2122.4
1140350 2121.5
1140360 2121.5
1140370 2121.4
1140380 2120.9
1140390 2120.9
1140400 2121.1
1140410 2122.2
1140420 2122.2
1140430 2123.1
1140440 2122.9
1140450 2122.9
1140460 2124.0
1140470 2125.9
1140480 2127.5
1140490 2127.5
1140500 2129.7
1140510 2137.4
1140520 2149.8
1140530 2152.3
1140540 2152.9
1140550 2152.9
1140560 2150.3
1140570 2151.5
1140580 2151.5
1140590 2153.5
1140600 2154.7
1140610 2154.7
1140620 2154.2
1140630 2152.6
1140640 2152.6
1140650 2153.2
1140660 2153.5
1140670 2153.5
1140680 2153.4
1140690 2154.3
1140700 2154.3
1140710 2154.5
1140720 2153.6
1140730 2151.2
1140740 2151.2
1140750 2153.0
1140760 2156.6
1140770 2156.6
1140780 2159.6
1140790 2162.9
1140800 2162.9
1140810 2166.9
1140820 2172.5
1140830 2172.5
1140840 2180.5
1140850 2188.4
1140860 2188.4
1140870 2196.3
1140880 2204.2
1140890 2206.6
1140900 2213.6
1140910 2219.9
1140920 2219.9
1140930 2227.1
1140940 2234.3
1140950 2234.3
1140960 2240.0
1140970 2246.6
1140980 2254.5
1140990 2254.5
1141000 2262.4
1141010 2268.9
1141020 2268.9
1141030 2276.8
1141040 2285.3
1141050 2285.3
1141060 2293.3
1141070 2298.9
1141080 2298.9
1141090 2303.9
1141100 2309.6
1141110 2309.6
1141120 2318.4
1141130 2335.4
1141140 2335.4
1141150 2344.4
1141160 2351.0
1141170 2351.0
1141180 2356.1
1141190 2360.0
1141200 2360.0
1141210 2362.2
1141220 2364.8
1141230 2367.6
1141240 2367.6
1141250 2369.9
1141260 2371.2
1141270 2371.2
1141280 2371.9
1141290 2373.7
1141300 2373.7
1141310 2379.9
1141320 2380.7
1141330 2380.7
1141340 2376.0
1141350 2370.6
1141360 2370.6
1141370 2365.6
1141380 2361.0
1141390 2361.0
1141400 2356.1
1141410 2351.3
1141420 2351.3
1141430 2346.8
1141440 2343.2
1141450 2343.2
1141460 2337.6
1141470 2331.2
1141480 2325.5
1141490 2325.5
1141500 2319.6
1141510 2313.9
1141520 2313.9
1141530 2308.9
1141540 2303.4
1141550 2303.4
1141560 2298.1
1141570 2293.5
1141580 2293.5
1141590 2289.7
1141600 2285.7
1141610 2285.7
1141620 2281.9
1141630 2274.7
1141640 2274.7
1141650 2270.0
1141660 2262.4
1141670 2262.4
1141680 2256.7
1141690 2253.2
1141700 2253.2
1141710 2250.1
1141720 2244.5
1141730 2240.3
1141740 2240.3
1141750 2235.3
1141760 2228.7
1141770 2228.7
1141780 2221.9
1141790 2214.7
1141800 2214.7
1141810 2208.0
1141820 2201.2
1141830 2201.2
1141840 2194.1
1141850 2187.3
1141860 2187.3
1141870 2181.4
1141880 2176.0
1141890 2176.0
1141900 2171.1
1141910 2166.0
1141920 2166.0
1141930 2159.7
1141940 2154.0
1141950 2154.0
1141960 2149.2
1141970 2144.2
1141980 2138.7
1141990 2138.7
1142000 2130.3
1142010 2122.6
1142020 2122.6
1142030 2116.5
1142040 2110.6
1142050 2110.6
1142060 2105.0
1142070 2100.3
1142080 2100.3
1142090 2095.5
1142100 2091.1
1142110 2091.1
1142120 2086.3
1142130 2081.5
1142140 2081.5
1142150 2077.1
1142160 2072.8
1142170 2072.8
1142180 2068.8
1142190 2064.3
1142200 2064.3
1142210 2060.1
1142220 2055.6
1142230 2051.7
1142240 2051.7
1142250 2045.7
1142260 2039.1
1142270 2039.1
1142280 2034.4
1142290 2030.4
1142300 2030.4
1142310 2026.7
1142320 2022.9
1142330 2022.9
1142340 2019.6
1142350 2017.9
1142360 2017.9
1142370 2016.4
1142380 2012.5
1142390 2012.5
1142400 2011.3
1142410 2010.6
1142420 2010.6
1142430 2009.9
1142440 2008.4
1142450 2008.4
1142460 2006.6
1142470 2004.7
1142480 2002.4
1142490 2002.4
1142500 1999.3
1142510 1994.8
1142520 1994.8
1142530 1989.4
1142540 1984.5
1142550 1984.5
1142560 1978.1
1142570 1967.8
1142580 1967.8
1142590 1959.3
1142600 1953.1
1142610 1953.1
1142620 1947.8
1142630 1943.2
1142640 1943.2
1142650 1938.1
1142660 1933.1
1142670 1933.1
1142680 1928.9
1142690 1924.9
1142700 1924.9
1142710 1921.5
1142720 1919.4
1142730 1917.1
1142740 1917.1
1142750 1912.4
1142760 1910.1
1142770 1910.1
1142780 1903.4
1142790 1894.3
1142800 1894.3
1142810 1888.1
1142820 1881.2
1142830 1881.2
1142840 1872.4
1142850 1861.0
1142860 1861.0
1142870 1849.0
1142880 1842.0
1142890 1842.0
1142900 1836.1
1142910 1829.4
1142920 1829.4
1142930 1822.4
1142940 1815.8
1142950 1815.8
1142960 1810.1
1142970 1805.1
1142980 1800.6
1142990 1800.6
1143000 1798.1
1143010 1796.2
1143020 1796.2
1143030 1793.1
1143040 1793.0
1143050 1793.0
1143060 1791.1
1143070 1787.8
1143080 1787.8
1143090 1784.4
1143100 1779.8
1143110 1779.8
1143120 1768.0
1143130 1763.0
1143140 1763.0
1143150 1761.7
1143160 1759.0
1143170 1759.0
1143180 1756.5
1143190 1751.5
1143200 1751.5
1143210 1747.7
1143220 1744.3
1143230 1740.2
1143240 1740.2
1143250 1736.3
1143260 1732.2
1143270 1732.2
1143280 1729.6
1143290 1726.9
1143300 1726.9
1143310 1725.0
1143320 1722.7
1143330 1722.7
1143340 1723.2
1143350 1724.1
1143360 1724.1
1143370 1724.3
1143380 1724.3
1143390 1724.3
1143400 1723.2
1143410 1719.3
1143420 1719.3
1143430 1713.4
1143440 1707.1
1143450 1707.1
1143460 1700.3
1143470 1693.7
1143480 1691.3
1143490 1687.8
1143500 1684.8
1143510 1679.1
1143520 1679.1
1143530 1676.1
1143540 1675.9
1143550 1675.9
1143560 1673.8
1143570 1670.5
1143580 1670.5
1143590 1666.0
1143600 1660.6
1143610 1660.6
1143620 1655.3
1143630 1649.2
1143640 1649.2
1143650 1642.8
1143660 1637.2
1143670 1637.2
1143680 1634.0
1143690 1630.4
1143700 1630.4
1143710 1623.9
1143720 1622.6
1143730 1620.5
1143740 1620.5
1143750 1615.9
1143760 1609.7
1143770 1609.7
1143780 1599.6
1143790 1592.4
1143800 1592.4
1143810 1584.3
1143820 1574.0
1143830 1574.0
1143840 1568.7
1143850 1569.8
1143860 1563.4
1143870 1560.9
1143880 1558.3
1143890 1558.3
1143900 1558.4
1143910 1558.6
1143920 1558.6
1143930 1559.1
1143940 1561.7
1143950 1561.7
1143960 1562.5
1143970 1562.7
1143980 1563.3
1143990 1563.3
1144000 1564.7
1144010 1566.4
1144020 1566.4
1144030 1567.7
1144040 1567.3
1144050 1567.3
1144060 1566.0
1144070 1563.9
1144080 1563.9
1144090 1561.0
1144100 1558.6
1144110 1558.6
1144120 1556.4
1144130 1554.6
1144140 1554.6
1144150 1552.2
1144160 1549.0
1144170 1549.0
1144180 1545.7
1144190 1541.9
1144200 1541.9
1144210 1538.6
1144220 1536.7
1144230 1535.8
1144240 1531.6
1144250 1529.7
1144260 1528.2
1144270 1528.2
1144280 1526.0
1144290 1522.4
1144300 1522.4
1144310 1518.1
1144320 1513.7
1144330 1513.7
1144340 1508.5
1144350 1500.7
1144360 1500.7
1144370 1493.2
1144380 1487.1
1144390 1487.1
1144400 1482.8
1144410 1479.5
1144420 1479.5
1144430 1475.9
1144440 1471.5
1144450 1471.5
1144460 1467.0
1144470 1463.7
1144480 1459.4
1144490 1459.4
1144500 1457.4
1144510 1457.9
1144520 1457.9
1144530 1458.8
1144540 1462.8
1144550 1462.8
1144560 1469.6
1144570 1473.7
1144580 1473.7
1144590 1474.2
1144600 1475.7
1144610 1479.9
1144620 1480.9
1144630 1482.2
1144640 1482.2
1144650 1481.6
1144660 1479.1
1144670 1479.1
1144680 1479.0
1144690 1480.9
1144700 1480.9
1144710 1483.7
1144720 1485.8
1144730 1487.9
1144740 1487.9
1144750 1490.0
1144760 1491.6
1144770 1491.6
1144780 1494.7
1144790 1499.2
1144800 1499.2
1144810 1503.0
1144820 1506.0
1144830 1506.0
1144840 1506.8
1144850 1506.4
1144860 1506.4
1144870 1507.0
1144880 1508.9
1144890 1508.9
1144900 1511.9
1144910 1514.2
1144920 1514.2
1144930 1515.0
1144940 1517.0
1144950 1517.0
1144960 1520.8
1144970 1524.0
1144980 1528.3
1144990 1532.0
1145000 1536.5
1145010 1541.0
1145020 1541.0
1145030 1544.8
1145040 1547.5
1145050 1547.5
1145060 1551.4
1145070 1556.1
1145080 1556.1
1145090 1560.9
1145100 1564.1
1145110 1564.1
1145120 1565.3
1145130 1568.8
1145140 1568.8
1145150 1574.1
1145160 1580.0
1145170 1580.0
1145180 1584.1
1145190 1585.5
1145200 1585.5
1145210 1588.3
1145220 1587.7
1145230 1584.2
1145240 1584.2
1145250 1581.3
1145260 1577.7
1145270 1577.7
1145280 1568.2
1145290 1554.9
1145300 1554.9
1145310 1538.9
1145320 1537.2
1145330 1537.2
1145340 1545.4
1145350 1553.8
1145360 1553.7
1145370 1562.2
1145380 1569.2
1145390 1569.2
1145400 1576.1
1145410 1583.0
1145420 1583.0
1145430 1590.7
1145440 1598.8
1145450 1598.8
1145460 1606.5
1145470 1614.1
1145480 1614.1
1145490 1620.7
1145500 1627.4
1145510 1633.8
1145520 1633.8
1145530 1639.9
1145540 1645.5
1145550 1645.5
1145560 1648.4
1145570 1647.7
1145580 1647.7
1145590 1650.0
1145600 1654.1
1145610 1654.1
1145620 1658.4
1145630 1663.4
1145640 1663.4
1145650 1668.0
1145660 1672.2
1145670 1672.2
1145680 1676.6
1145690 1680.8
1145700 1680.8
1145710 1684.9
1145720 1689.6
1145730 1689.6
1145740 1695.7
1145750 1700.8
1145760 1705.2
1145770 1705.2
1145780 1709.2
1145790 1712.9
1145800 1712.9
1145810 1717.3
1145820 1720.8
1145830 1720.8
1145840 1724.0
1145850 1727.2
1145860 1727.2
1145870 1729.9
1145880 1732.4
1145890 1732.4
1145900 1734.7
1145910 1736.9
1145920 1736.9
1145930 1739.1
1145940 1741.7
1145950 1741.7
1145960 1744.6
1145970 1747.7
1145980 1747.7
1145990 1751.0
1146000 1754.1
1146010 1756.5
1146020 1756.5
1146030 1758.4
1146040 1759.5
1146050 1759.5
1146060 1760.8
1146070 1761.4
1146080 1761.4
1146090 1762.0
1146100 1763.0
1146110 1766.7
1146120 1766.5
1146130 1764.3
1146140 1764.3
1146150 1761.0
1146160 1755.4
1146170 1755.4
1146180 1756.4
1146190 1748.1
1146200 1748.1
1146210 1739.3
1146220 1742.5
1146230 1742.5
1146240 1754.0
1146250 1766.5
1146260 1776.0
1146270 1776.0
1146280 1783.5
1146290 1790.1
1146300 1790.1
1146310 1796.1
1146320 1802.4
1146330 1802.4
1146340 1808.7
1146350 1815.1
1146360 1815.1
1146370 1821.7
1146380 1828.0
1146390 1828.0
1146400 1834.9
1146410 1842.7
1146420 1842.7
1146430 1851.3
1146440 1860.7
1146450 1860.7
1146460 1871.2
1146470 1880.5
1146480 1880.5
1146490 1897.9
1146500 1907.1
1146510 1918.0
1146520 1918.0
1146530 1927.9
1146540 1933.7
1146550 1933.7
1146560 1938.0
1146570 1943.4
1146580 1943.4
1146590 1951.4
1146600 1958.1
1146610 1958.1
1146620 1966.7
1146630 1975.4
1146640 1975.4
1146650 1981.8
1146660 1987.9
1146670 1987.9
1146680 1992.2
1146690 1997.0
1146700 1997.0
1146710 2003.1
1146720 2009.7
1146730 2009.7
1146740 2015.8
1146750 2021.8
1146760 2027.9
1146770 2027.9
1146780 2033.9
1146790 2040.5
1146800 2040.5
1146810 2047.0
1146820 2053.6
1146830 2053.6
1146840 2060.8
1146850 2068.1
1146860 2070.5
1146870 2076.2
1146880 2082.4
1146890 2082.4
1146900 2090.2
1146910 2098.2
1146920 2098.2
1146930 2105.1
1146940 2110.7
1146950 2110.7
1146960 2116.1
1146970 2122.4
1146980 2122.4
1146990 2128.4
1147000 2133.8
1147010 2140.0
1147020 2140.0
1147030 2146.7
1147040 2154.3
1147050 2154.3
1147060 2161.5
1147070 2168.8
1147080 2168.8
1147090 2176.2
1147100 2183.6
1147110 2183.6
1147120 2191.3
1147130 2197.2
1147140 2197.2
1147150 2196.6
1147160 2191.5
1147170 2191.5
1147180 2189.3
1147190 2183.5
1147200 2183.5
1147210 2173.4
1147220 2164.1
1147230 2164.1
1147240 2165.8
1147250 2159.7
1147260 2152.9
1147270 2152.9
1147280 2147.4
1147290 2138.4
1147300 2138.4
1147310 2130.7
1147320 2124.7
1147330 2124.7
1147340 2119.3
1147350 2114.5
1147360 2114.5
1147370 2110.1
1147380 2108.2
1147390 2108.2
1147400 2103.8
1147410 2105.1
1147420 2105.1
1147430 2106.0
1147440 2103.7
1147450 2103.7
1147460 2100.3
1147470 2096.4
1147480 2096.4
1147490 2091.9
1147500 2086.9
1147510 2082.9
1147520 2082.9
1147530 2078.1
1147540 2072.2
1147550 2072.2
1147560 2068.1
1147570 2064.2
1147580 2064.2
1147590 2059.6
1147600 2054.1
1147610 2054.1
1147620 2048.9
1147630 2044.9
1147640 2044.9
1147650 2041.0
1147660 2035.1
1147670 2035.1
1147680 2028.9
1147690 2024.5
1147700 2024.5
1147710 2018.3
1147720 2015.5
1147730 2015.5
1147740 2014.9
1147750 2011.8
1147760 2006.6
1147770 2006.6
1147780 2002.2
1147790 2000.1
1147800 2000.1
1147810 1995.9
1147820 1990.9
1147830 1990.9
1147840 1985.7
1147850 1980.6
1147860 1980.6
1147870 1975.2
1147880 1969.7
1147890 1969.7
1147900 1964.2
1147910 1957.9
1147920 1957.9
1147930 1949.8
1147940 1942.6
1147950 1942.6
1147960 1940.7
1147970 1937.9
1147980 1937.9
1147990 1938.3
1148000 1934.0
1148010 1929.5
1148020 1929.5
1148030 1924.5
1148040 1915.3
1148050 1915.3
1148060 1906.9
1148070 1899.8
1148080 1899.8
1148090 1894.0
1148100 1889.2
1148110 1889.2
1148120 1884.4
1148130 1879.8
1148140 1879.8
1148150 1874.7
1148160 1870.4
1148170 1870.4
1148180 1866.6
1148190 1861.8
1148200 1861.8
1148210 1856.8
1148220 1851.3
1148230 1851.3
1148240 1846.5
1148250 1841.9
1148260 1837.1
1148270 1837.1
1148280 1830.9
1148290 1823.4
1148300 1823.4
1148310 1815.8
1148320 1808.3
1148330 1808.3
1148340 1801.1
1148350 1792.3
1148360 1792.3
1148370 1780.9
1148380 1770.3
1148390 1770.3
1148400 1761.5
1148410 1753.1
1148420 1753.1
1148430 1745.2
1148440 1736.9
1148450 1736.9
1148460 1728.5
1148470 1720.5
1148480 1720.5
1148490 1712.9
1148500 1705.8
1148510 1699.1
1148520 1699.1
1148530 1692.6
1148540 1686.5
1148550 1686.5
1148560 1680.1
1148570 1673.7
1148580 1673.7
1148590 1667.5
1148600 1661.7
1148610 1661.7
1148620 1656.1
1148630 1650.9
1148640 1650.9
1148650 1646.7
1148660 1643.7
1148670 1643.7
1148680 1642.5
1148690 1641.7
1148700 1641.7
1148710 1640.2
1148720 1639.2
1148730 1639.2
1148740 1637.9
1148750 1637.3
1148760 1636.4
1148770 1636.4
1148780 1634.9
1148790 1634.1
1148800 1634.1
1148810 1634.8
1148820 1635.7
1148830 1635.7
1148840 1638.0
1148850 1644.2
1148860 1644.2
1148870 1649.1
1148880 1654.3
1148890 1654.3
1148900 1662.1
1148910 1669.8
1148920 1669.8
1148930 1677.0
1148940 1683.4
1148950 1683.4
1148960 1689.3
1148970 1695.1
1148980 1695.1
1148990 1700.3
1149000 1706.5
1149010 1713.9
1149020 1713.9
1149030 1720.6
1149040 1727.8
1149050 1727.8
1149060 1735.6
1149070 1745.9
1149080 1745.9
1149090 1753.7
1149100 1756.0
1149110 1756.0
1149120 1757.6
1149130 1754.6
1149140 1754.6
1149150 1760.0
1149160 1765.7
1149170 1765.7
1149180 1771.6
1149190 1778.2
1149200 1778.2
1149210 1785.8
1149220 1793.9
1149230 1793.9
1149240 1803.3
1149250 1810.2
1149260 1815.2
1149270 1815.2
1149280 1820.1
1149290 1825.2
1149300 1825.2
1149310 1830.6
1149320 1836.4
1149330 1836.4
1149340 1842.5
1149350 1848.7
1149360 1848.7
1149370 1853.8
1149380 1858.1
1149390 1858.1
1149400 1863.2
1149410 1868.6
1149420 1868.6
1149430 1875.7
1149440 1885.4
1149450 1885.4
1149460 1892.7
1149470 1900.4
1149480 1900.4
1149490 1909.6
1149500 1918.1
1149510 1923.2
1149520 1923.2
1149530 1930.3
1149540 1938.1
1149550 1938.1
1149560 1943.6
1149570 1947.9
1149580 1947.9
1149590 1952.7
1149600 1957.7
1149610 1957.7
1149620 1961.3
1149630 1964.4
1149640 1964.4
1149650 1969.5
1149660 1976.6
1149670 1976.6
1149680 1984.6
1149690 1993.7
1149700 1993.7
1149710 2002.8
1149720 2013.2
1149730 2013.2
1149740 2027.7
1149750 2039.3
1149760 2045.4
1149770 2045.4
1149780 2049.4
1149790 2052.7
1149800 2052.7
1149810 2054.7
1149820 2057.6
1149830 2057.6
1149840 2060.8
1149850 2064.8
1149860 2064.8
1149870 2070.8
1149880 2078.2
1149890 2074.0
1149900 2080.8
1149910 2084.9
1149920 2084.9
1149930 2086.5
1149940 2089.3
1149950 2089.3
1149960 2093.1
1149970 2096.8
1149980 2096.8
1149990 2101.0
1150000 2104.3
1150010 2107.0
1150020 2107.0
1150030 2110.0
1150040 2113.5
1150050 2113.5
1150060 2118.0
1150070 2123.4
1150080 2123.4
1150090 2128.9
1150100 2134.4
1150110 2134.4
1150120 2139.8
1150130 2145.0
1150140 2145.0
1150150 2150.3
1150160 2155.3
1150170 2155.3
1150180 2160.0
1150190 2163.9
1150200 2163.9
1150210 2167.3
1150220 2171.1
1150230 2171.1
1150240 2175.8
1150250 2180.7
1150260 2184.9
1150270 2179.5
1150280 2182.8
1150290 2186.5
1150300 2186.5
1150310 2190.3
1150320 2194.2
1150330 2194.2
1150340 2197.1
1150350 2199.1
1150360 2199.1
1150370 2200.7
1150380 2202.0
1150390 2202.0
1150400 2203.3
1150410 2204.8
1150420 2204.8
1150430 2206.5
1150440 2209.6
1150450 2209.6
1150460 2213.5
1150470 2218.3
1150480 2218.3
1150490 2223.1
1150500 2227.6
1150510 2232.1
1150520 2232.1
1150530 2236.9
1150540 2240.8
1150550 2240.8
1150560 2244.9
1150570 2248.6
1150580 2248.6
1150590 2252.1
1150600 2255.9
1150610 2255.9
1150620 2260.4
1150630 2265.8
1150640 2265.8
1150650 2269.4
1150660 2274.6
1150670 2274.6
1150680 2280.1
1150690 2285.8
1150700 2285.8
1150710 2291.9
1150720 2297.9
1150730 2297.9
1150740 2304.1
1150750 2310.4
1150760 2316.4
1150770 2316.4
1150780 2322.0
1150790 2326.8
1150800 2326.8
1150810 2331.5
1150820 2336.2
1150830 2336.2
1150840 2340.6
1150850 2344.6
1150860 2344.6
1150870 2349.4
1150880 2354.9
1150890 2354.9
1150900 2361.6
1150910 2367.3
1150920 2367.3
1150930 2371.3
1150940 2375.9
1150950 2375.9
1150960 2382.0
1150970 2389.0
1150980 2389.0
1150990 2396.3
1151000 2402.7
1151010 2408.2
1151020 2408.2
1151030 2410.0
1151040 2415.6
1151050 2415.6
1151060 2421.9
1151070 2427.9
1151080 2427.9
1151090 2434.1
1151100 2440.8
1151110 2440.8
1151120 2447.2
1151130 2453.2
1151140 2453.2
1151150 2459.4
1151160 2466.0
1151170 2466.0
1151180 2472.7
1151190 2479.6
1151200 2479.6
1151210 2486.5
1151220 2493.0
1151230 2493.0
1151240 2499.5
1151250 2506.7
1151260 2513.7
1151270 2513.7
1151280 2520.8
1151290 2528.3
1151300 2528.3
1151310 2535.6
1151320 2542.8
1151330 2542.8
1151340 2550.2
1151350 2563.9
1151360 2563.9
1151370 2585.5
1151380 2624.6
1151390 2624.6
1151400 2641.1
1151410 2641.7
1151420 2641.7
1151430 2635.0
1151440 2579.4
1151450 2579.4
1151460 2549.6
1151470 2541.9
1151480 2541.9
1151490 2535.0
1151500 2528.4
1151510 2522.1
1151520 2522.1
1151530 2515.6
1151540 2509.1
1151550 2509.1
1151560 2502.8
1151570 2496.1
1151580 2496.1
1151590 2490.1
1151600 2483.6
1151610 2483.6
1151620 2477.0
1151630 2470.4
1151640 2470.4
1151650 2464.0
1151660 2457.4
1151670 2457.4
1151680 2450.7
1151690 2443.9
1151700 2443.9
1151710 2437.1
1151720 2430.6
1151730 2430.6
1151740 2424.6
1151750 2418.6
1151760 2412.7
1151770 2412.7
1151780 2406.8
1151790 2401.8
1151800 2401.8
1151810 2395.8
1151820 2390.2
1151830 2390.2
1151840 2384.7
1151850 2379.7
1151860 2379.7
1151870 2375.0
1151880 2370.1
1151890 2370.1
1151900 2365.8
1151910 2362.2
1151920 2362.2
1151930 2358.5
1151940 2355.4
1151950 2355.4
1151960 2353.1
1151970 2350.5
1151980 2350.5
1151990 2348.1
1152000 2345.8
1152010 2343.9
1152020 2343.9
1152030 2341.8
1152040 2339.6
1152050 2339.6
1152060 2337.3
1152070 2334.9
1152080 2334.9
1152090 2332.2
1152100 2329.7
1152110 2329.7
1152120 2327.2
1152130 2325.0
1152140 2325.0
1152150 2323.0
1152160 2320.9
1152170 2319.9
1152180 2317.9
1152190 2316.0
1152200 2316.0
1152210 2314.6
1152220 2313.7
1152230 2313.7
1152240 2313.7
1152250 2313.5
1152260 2313.0
1152270 2313.0
1152280 2312.2
1152290 2312.3
1152300 2312.3
1152310 2313.6
1152320 2315.3
1152330 2315.3
1152340 2317.3
1152350 2320.8
1152360 2320.8
1152370 2328.8
1152380 2335.5
1152390 2335.5
1152400 2339.7
1152410 2343.8
1152420 2343.8
1152430 2348.2
1152440 2350.8
1152450 2350.8
1152460 2353.1
1152470 2354.5
1152480 2354.5
1152490 2355.9
1152500 2358.3
1152510 2361.0
1152520 2361.0
1152530 2364.0
1152540 2367.2
1152550 2367.2
1152560 2362.8
1152570 2364.6
1152580 2364.6
1152590 2366.1
1152600 2367.8
1152610 2367.8
1152620 2371.0
1152630 2373.2
1152640 2373.2
1152650 2374.8
1152660 2374.8
1152670 2374.8
1152680 2376.0
1152690 2380.6
1152700 2380.6
1152710 2386.1
1152720 2390.4
1152730 2390.4
1152740 2392.7
1152750 2394.1
1152760 2395.5
1152770 2395.5
1152780 2396.9
1152790 2398.1
1152800 2398.1
1152810 2399.0
1152820 2398.9
1152830 2398.9
1152840 2398.1
1152850 2398.2
1152860 2398.2
1152870 2398.3
1152880 2398.5
1152890 2398.5
1152900 2399.2
1152910 2399.2
1152920 2399.2
1152930 2399.0
1152940 2397.5
1152950 2397.5
1152960 2397.4
1152970 2397.6
1152980 2397.6
1152990 2395.2
1153000 2392.9
1153010 2392.5
1153020 2392.5
1153030 2392.6
1153040 2392.6
1153050 2392.6
1153060 2392.9
1153070 2393.6
1153080 2393.6
1153090 2394.4
1153100 2395.5
1153110 2395.5
1153120 2397.1
1153130 2398.6
1153140 2398.6
1153150 2400.5
1153160 2402.3
1153170 2402.3
1153180 2404.1
1153190 2406.1
1153200 2406.1
1153210 2409.1
1153220 2411.8
1153230 2411.8
1153240 2414.3
1153250 2417.3
1153260 2420.3
1153270 2420.3
1153280 2424.0
1153290 2427.8
1153300 2427.8
1153310 2431.5
1153320 2434.0
1153330 2434.0
1153340 2437.5
1153350 2441.3
1153360 2441.3
1153370 2445.0
1153380 2448.5
1153390 2448.5
1153400 2452.4
1153410 2455.8
1153420 2455.8
1153430 2458.8
1153440 2461.8
1153450 2461.8
1153460 2464.4
1153470 2467.3
1153480 2467.3
1153490 2470.6
1153500 2473.9
1153510 2477.3
1153520 2477.3
1153530 2481.1
1153540 2486.1
1153550 2486.1
1153560 2491.2
1153570 2495.7
1153580 2495.7
1153590 2499.9
1153600 2503.5
1153610 2503.5
1153620 2508.4
1153630 2519.3
1153640 2519.3
1153650 2528.3
1153660 2541.4
1153670 2541.4
1153680 2557.8
1153690 2576.1
1153700 2576.1
1153710 2571.5
1153720 2581.5
1153730 2581.5
1153740 2590.3
1153750 2596.6
1153760 2598.9
1153770 2598.9
1153780 2603.0
1153790 2623.8
1153800 2623.8
1153810 2634.4
1153820 2641.6
1153830 2641.6
1153840 2649.4
1153850 2661.6
1153860 2661.6
1153870 2689.0
1153880 2705.7
1153890 2705.7
1153900 2713.5
1153910 2714.8
1153920 2714.8
1153930 2709.6
1153940 2712.2
1153950 2712.2
1153960 2718.6
1153970 2722.5
1153980 2722.5
1153990 2731.5
1154000 2738.3
1154010 2740.2
1154020 2740.2
1154030 2741.3
1154040 2741.9
1154050 2741.9
1154060 2742.5
1154070 2743.1
1154080 2743.1
1154090 2739.2
1154100 2740.2
1154110 2740.2
1154120 2741.4
1154130 2742.8
1154140 2742.8
1154150 2744.9
1154160 2746.5
1154170 2746.5
1154180 2746.9
1154190 2746.9
1154200 2746.9
1154210 2746.9
1154220 2748.0
1154230 2748.0
1154240 2749.3
1154250 2750.0
1154260 2750.0
1154270 2750.0
1154280 2750.5
1154290 2751.6
1154300 2751.6
1154310 2752.9
1154320 2754.5
1154330 2754.5
1154340 2755.9
1154350 2756.4
1154360 2756.4
1154370 2755.8
1154380 2753.7
1154390 2753.7
1154400 2751.8
1154410 2751.9
1154420 2751.9
1154430 2752.4
1154440 2752.5
1154450 2752.5
1154460 2753.7
1154470 2753.6
1154480 2747.0
1154490 2746.2
1154500 2744.9
1154510 2742.7
1154520 2742.7
1154530 2739.0
1154540 2735.0
1154550 2735.0
1154560 2732.3
1154570 2730.1
1154580 2730.1
1154590 2727.8
1154600 2725.3
1154610 2725.3
1154620 2721.6
1154630 2717.5
1154640 2717.5
1154650 2714.2
1154660 2712.3
1154670 2712.3
1154680 2710.7
1154690 2708.5
1154700 2708.5
1154710 2706.9
1154720 2705.6
1154730 2705.6
1154740 2705.6
1154750 2705.3
1154760 2704.2
1154770 2704.2
1154780 2703.3
1154790 2702.2
1154800 2702.2
1154810 2702.0
1154820 2702.2
1154830 2702.2
1154840 2702.6
1154850 2702.7
1154860 2696.1
1154870 2695.9
1154880 2696.0
1154890 2696.0
1154900 2697.0
1154910 2697.9
1154920 2697.9
1154930 2698.7
1154940 2699.7
1154950 2699.7
1154960 2701.1
1154970 2703.3
1154980 2703.3
1154990 2706.6
1155000 2709.2
1155010 2711.1
1155020 2711.1
1155030 2714.0
1155040 2716.2
1155050 2716.2
1155060 2718.2
1155070 2718.1
1155080 2718.1
1155090 2714.7
1155100 2709.0
1155110 2709.0
1155120 2704.0
1155130 2701.2
1155140 2701.2
1155150 2698.4
1155160 2695.7
1155170 2695.7
1155180 2693.2
1155190 2691.3
1155200 2691.3
1155210 2688.7
1155220 2677.7
1155230 2677.7
1155240 2657.1
1155250 2655.3
1155260 2646.9
1155270 2646.9
1155280 2640.4
1155290 2634.3
1155300 2634.3
1155310 2627.5
1155320 2620.7
1155330 2620.7
1155340 2614.3
1155350 2608.4
1155360 2608.4
1155370 2602.5
1155380 2596.4
1155390 2596.4
1155400 2590.0
1155410 2584.0
1155420 2584.0
1155430 2577.9
1155440 2571.2
1155450 2571.2
1155460 2564.1
1155470 2557.5
1155480 2557.5
1155490 2551.7
1155500 2547.4
1155510 2543.5
1155520 2543.5
1155530 2539.7
1155540 2536.0
1155550 2536.0
1155560 2533.2
1155570 2533.3
1155580 2533.3
1155590 2532.7
1155600 2532.2
1155610 2532.2
1155620 2532.3
1155630 2539.9
1155640 2539.9
1155650 2542.3
1155660 2546.0
1155670 2546.0
1155680 2547.1
1155690 2547.8
1155700 2547.8
1155710 2549.1
1155720 2550.1
1155730 2550.1
1155740 2547.4
1155750 2540.4
1155760 2536.3
1155770 2536.3
1155780 2541.0
1155790 2548.6
1155800 2548.6
1155810 2556.7
1155820 2562.0
1155830 2562.0
1155840 2566.2
1155850 2568.0
1155860 2568.0
1155870 2563.4
1155880 2557.6
1155890 2557.6
1155900 2546.4
1155910 2545.0
1155920 2545.0
1155930 2553.7
1155940 2562.6
1155950 2562.6
1155960 2570.0
1155970 2570.7
1155980 2570.7
1155990 2563.6
1156000 2561.9
1156010 2558.4
1156020 2562.5
1156030 2555.6
1156040 2545.0
1156050 2545.0
1156060 2537.3
1156070 2539.4
1156080 2539.4
1156090 2537.9
1156100 2541.3
1156110 2541.3
1156120 2546.6
1156130 2548.1
1156140 2548.1
1156150 2548.4
1156160 2551.3
1156170 2551.3
1156180 2554.8
1156190 2560.7
1156200 2560.7
1156210 2568.7
1156220 2576.2
1156230 2576.2
1156240 2580.7
1156250 2585.2
1156260 2588.9
1156270 2588.9
1156280 2581.6
1156290 2570.8
1156300 2570.8
1156310 2561.3
1156320 2551.8
1156330 2551.8
1156340 2544.3
1156350 2539.8
1156360 2539.8
1156370 2536.2
1156380 2530.9
1156390 2530.9
1156400 2523.4
1156410 2507.7
1156420 2507.7
1156430 2496.2
1156440 2487.1
1156450 2487.1
1156460 2480.7
1156470 2474.9
1156480 2474.9
1156490 2469.4
1156500 2464.4
1156510 2459.7
1156520 2459.7
1156530 2455.4
1156540 2451.2
1156550 2451.2
1156560 2447.1
1156570 2443.7
1156580 2443.7
1156590 2441.1
1156600 2438.4
1156610 2438.4
1156620 2436.0
1156630 2433.9
1156640 2433.9
1156650 2431.8
1156660 2429.4
1156670 2429.4
1156680 2427.3
1156690 2426.2
1156700 2426.2
1156710 2424.0
1156720 2421.2
1156730 2421.2
1156740 2417.8
1156750 2414.2
1156760 2414.2
1156770 2410.1
1156780 2405.7
1156790 2401.6
1156800 2397.0
1156810 2392.4
1156820 2389.6
1156830 2389.6
1156840 2388.5
1156850 2386.9
1156860 2386.9
1156870 2385.8
1156880 2385.3
1156890 2385.3
1156900 2386.1
1156910 2387.1
1156920 2387.1
1156930 2388.9
1156940 2391.5
1156950 2391.5
1156960 2394.4
1156970 2397.9
1156980 2397.9
1156990 2401.2
1157000 2404.2
1157010 2404.2
1157020 2407.6
1157030 2411.3
1157040 2414.4
1157050 2414.4
1157060 2417.6
1157070 2421.9
1157080 2421.9
1157090 2426.6
1157100 2430.7
1157110 2430.7
1157120 2433.9
1157130 2435.2
1157140 2435.2
1157150 2435.6
1157160 2434.8
1157170 2434.8
1157180 2426.1
1157190 2424.2
1157200 2424.2
1157210 2421.4
1157220 2418.7
1157230 2418.7
1157240 2411.8
1157250 2401.2
1157260 2401.2
1157270 2391.2
1157280 2381.3
1157290 2372.4
1157300 2372.4
1157310 2364.3
1157320 2356.0
1157330 2356.0
1157340 2346.8
1157350 2336.2
1157360 2336.2
1157370 2324.1
1157380 2313.2
1157390 2313.2
1157400 2304.2
1157410 2290.9
1157420 2290.9
1157430 2280.7
1157440 2272.6
1157450 2272.6
1157460 2262.5
1157470 2252.6
1157480 2252.6
1157490 2243.3
1157500 2236.5
1157510 2236.5
1157520 2225.4
1157530 2221.0
1157540 2221.6
1157550 2221.6
1157560 2217.9
1157570 2189.0
1157580 2189.0
1157590 2192.7
1157600 2192.5
1157610 2192.5
1157620 2188.0
1157630 2181.6
1157640 2181.6
1157650 2169.8
1157660 2162.4
1157670 2162.4
1157680 2161.5
1157690 2161.6
1157700 2161.6
1157710 2161.6
1157720 2162.4
1157730 2162.4
1157740 2163.9
1157750 2165.8
1157760 2165.8
1157770 2165.9
1157780 2164.0
1157790 2160.8
1157800 2160.8
1157810 2156.5
1157820 2155.0
1157830 2155.0
1157840 2153.7
1157850 2150.7
1157860 2150.7
1157870 2145.7
1157880 2140.9
1157890 2140.9
1157900 2136.4
1157910 2132.3
1157920 2132.3
1157930 2126.9
1157940 2111.6
1157950 2111.6
1157960 2101.4
1157970 2088.0
1157980 2088.0
1157990 2078.7
1158000 2067.3
1158010 2067.3
1158020 2056.7
1158030 2047.6
1158040 2035.5
1158050 2035.5
1158060 2025.6
1158070 2017.2
1158080 2017.2
1158090 2007.4
1158100 1999.8
1158110 1999.8
1158120 1991.1
1158130 1980.8
1158140 1980.8
1158150 1966.5
1158160 1959.4
1158170 1959.4
1158180 1950.9
1158190 1941.1
1158200 1941.1
1158210 1930.7
1158220 1920.5
1158230 1920.5
1158240 1910.4
1158250 1901.4
1158260 1901.4
1158270 1894.3
1158280 1888.0
1158290 1883.8
1158300 1883.8
1158310 1880.2
1158320 1876.3
1158330 1876.3
1158340 1871.8
1158350 1868.6
1158360 1868.6
1158370 1864.7
1158380 1860.5
1158390 1860.5
1158400 1855.9
1158410 1851.3
1158420 1851.3
1158430 1846.4
1158440 1842.3
1158450 1842.3
1158460 1839.3
1158470 1836.1
1158480 1836.1
1158490 1832.6
1158500 1828.6
1158510 1828.6
1158520 1824.5
1158530 1820.7
1158540 1817.2
1158550 1817.2
1158560 1813.8
1158570 1810.5
1158580 1810.5
1158590 1807.1
1158600 1801.0
1158610 1801.0
1158620 1795.7
1158630 1797.8
1158640 1797.8
1158650 1801.4
1158660 1804.4
1158670 1804.4
1158680 1807.5
1158690 1811.1
1158700 1811.1
1158710 1814.4
1158720 1817.6
1158730 1817.6
1158740 1821.8
1158750 1825.1
1158760 1825.1
1158770 1828.8
1158780 1833.2
1158790 1837.6
1158800 1837.6
1158810 1842.2
1158820 1847.0
1158830 1847.0
1158840 1850.7
1158850 1851.2
1158860 1851.2
1158870 1850.2
1158880 1847.8
1158890 1847.8
1158900 1846.7
1158910 1847.7
1158920 1847.7
1158930 1849.5
1158940 1851.7
1158950 1851.7
1158960 1856.0
1158970 1862.4
1158980 1862.4
1158990 1869.6
1159000 1875.8
1159010 1875.8
1159020 1880.9
1159030 1887.6
1159040 1893.1
1159050 1893.1
1159060 1897.7
1159070 1904.3
1159080 1904.3
1159090 1910.7
1159100 1916.9
1159110 1916.9
1159120 1924.0
1159130 1926.4
1159140 1926.4
1159150 1935.8
1159160 1945.7
1159170 1945.7
1159180 1957.0
1159190 1972.7
1159200 1972.7
1159210 1991.0
1159220 2014.6
1159230 2014.6
1159240 2034.3
1159250 2041.2
1159260 2041.2
1159270 2048.3
1159280 2059.0
1159290 2076.9
1159300 2076.9
1159310 2098.2
1159320 2130.1
1159330 2130.1
1159340 2149.1
1159350 2164.1
1159360 2164.1
1159370 2175.2
1159380 2182.2
1159390 2182.2
1159400 2189.4
1159410 2197.5
1159420 2197.5
1159430 2205.1
1159440 2210.8
1159450 2210.8
1159460 2216.1
1159470 2222.2
1159480 2222.2
1159490 2230.1
1159500 2237.3
1159510 2237.3
1159520 2251.3
1159530 2260.9
1159540 2273.9
1159550 2273.9
1159560 2284.3
1159570 2292.7
1159580 2292.7
1159590 2301.4
1159600 2307.8
1159610 2307.8
1159620 2311.8
1159630 2315.2
1159640 2315.2
1159650 2319.5
1159660 2323.3
1159670 2323.3
1159680 2329.6
1159690 2337.0
1159700 2337.0
1159710 2342.0
1159720 2345.8
1159730 2345.8
1159740 2348.3
1159750 2350.1
1159760 2350.1
1159770 2352.4
1159780 2355.1
1159790 2357.2
1159800 2357.2
1159810 2357.9
1159820 2357.3
1159830 2357.3
1159840 2359.2
1159850 2359.5
1159860 2359.5
1159870 2358.2
1159880 2359.4
1159890 2359.4
1159900 2359.5
1159910 2370.2
1159920 2370.2
1159930 2370.0
1159940 2371.1
1159950 2371.1
1159960 2369.9
1159970 2368.7
1159980 2368.7
1159990 2370.4
