1140000 1692.3
1140010 1692.3
1140020 1696.6
1140030 1701.1
1140040 1705.9
1140050 1705.9
1140060 1710.7
1140070 1715.4
1140080 1715.4
1140090 1720.0
1140100 1724.8
1140110 1724.8
1140120 1728.7
1140130 1731.6
1140140 1731.6
1140150 1737.8
1140160 1743.3
1140170 1743.3
1140180 1750.0
1140190 1757.2
1140200 1757.2
1140210 1764.7
1140220 1772.2
1140230 1776.1
1140240 1783.2
1140250 1790.7
1140260 1790.7
1140270 1799.8
1140280 1806.3
1140290 1811.9
1140300 1811.9
1140310 1819.7
1140320 1821.9
1140330 1821.9
1140340 1821.1
1140350 1828.0
1140360 1828.0
1140370 1838.9
1140380 1846.3
1140390 1846.3
1140400 1851.9
1140410 1855.2
1140420 1855.2
1140430 1857.8
1140440 1859.7
1140450 1859.7
1140460 1863.6
1140470 1868.3
1140480 1868.3
1140490 1873.7
1140500 1879.8
1140510 1879.8
1140520 1886.1
1140530 1891.5
1140540 1895.2
1140550 1895.2
1140560 1900.8
1140570 1905.9
1140580 1905.9
1140590 1910.3
1140600 1921.7
1140610 1921.7
1140620 1927.9
1140630 1933.0
1140640 1933.0
1140650 1938.1
1140660 1943.4
1140670 1943.4
1140680 1948.1
1140690 1953.3
1140700 1953.3
1140710 1959.1
1140720 1964.0
1140730 1964.0
1140740 1970.6
1140750 1977.5
1140760 1977.5
1140770 1983.7
1140780 1991.3
1140790 1998.5
1140800 1998.5
1140810 2006.1
1140820 2014.4
1140830 2014.4
1140840 2021.8
1140850 2029.0
1140860 2029.0
1140870 2037.5
1140880 2045.1
1140890 2045.1
1140900 2052.4
1140910 2059.8
1140920 2059.8
1140930 2067.9
1140940 2076.6
1140950 2076.6
1140960 2084.9
1140970 2094.4
1140980 2094.4
1140990 2102.8
1141000 2111.4
1141010 2111.4
1141020 2120.5
1141030 2128.8
1141040 2134.9
1141050 2134.9
1141060 2139.8
1141070 2145.5
1141080 2145.5
1141090 2150.5
1141100 2154.3
1141110 2154.3
1141120 2158.6
1141130 2163.2
1141140 2163.2
1141150 2167.8
1141160 2173.2
1141170 2173.2
1141180 2177.0
1141190 2183.1
1141200 2183.1
1141210 2189.1
1141220 2194.2
1141230 2194.2
1141240 2198.6
1141250 2202.8
1141260 2202.8
1141270 2206.9
1141280 2211.2
1141290 2214.7
1141300 2214.7
1141310 2217.6
1141320 2222.9
1141330 2222.9
1141340 2232.2
1141350 2235.6
1141360 2235.6
1141370 2240.3
1141380 2244.6
1141390 2244.6
1141400 2246.6
1141410 2251.0
1141420 2251.0
1141430 2258.1
1141440 2262.5
1141450 2262.5
1141460 2267.6
1141470 2275.2
1141480 2275.2
1141490 2281.2
1141500 2285.3
1141510 2285.3
1141520 2289.4
1141530 2294.1
1141540 2297.4
1141550 2297.4
1141560 2300.9
1141570 2307.5
1141580 2307.5
1141590 2314.3
1141600 2320.1
1141610 2320.1
1141620 2325.6
1141630 2331.1
1141640 2331.1
1141650 2335.3
1141660 2339.2
1141670 2339.2
1141680 2347.2
1141690 2354.4
1141700 2354.4
1141710 2366.0
1141720 2373.6
1141730 2373.6
1141740 2380.2
1141750 2387.1
1141760 2387.1
1141770 2395.3
1141780 2409.2
1141790 2424.4
1141800 2424.4
1141810 2431.7
1141820 2436.9
1141830 2436.9
1141840 2444.5
1141850 2452.0
1141860 2452.0
1141870 2458.3
1141880 2463.9
1141890 2463.9
1141900 2469.0
1141910 2471.9
1141920 2471.9
1141930 2467.1
1141940 2457.5
1141950 2457.5
1141960 2450.3
1141970 2445.1
1141980 2445.1
1141990 2441.9
1142000 2438.8
1142010 2438.8
1142020 2434.6
1142030 2430.2
1142040 2424.9
1142050 2424.9
1142060 2419.5
1142070 2413.1
1142080 2407.4
1142090 2400.6
1142100 2393.6
1142110 2393.6
1142120 2386.5
1142130 2377.7
1142140 2377.7
1142150 2371.4
1142160 2366.8
1142170 2366.8
1142180 2361.8
1142190 2357.1
1142200 2357.1
1142210 2353.1
1142220 2349.2
1142230 2349.2
1142240 2347.3
1142250 2345.1
1142260 2345.1
1142270 2342.1
1142280 2338.9
1142290 2338.9
1142300 2332.8
1142310 2325.4
1142320 2318.3
1142330 2318.3
1142340 2311.7
1142350 2305.0
1142360 2305.0
1142370 2298.3
1142380 2291.2
1142390 2291.2
1142400 2281.1
1142410 2270.0
1142420 2270.0
1142430 2260.6
1142440 2253.8
1142450 2254.9
1142460 2246.7
1142470 2238.5
1142480 2238.5
1142490 2230.2
1142500 2222.0
1142510 2222.0
1142520 2213.2
1142530 2205.4
1142540 2205.4
1142550 2198.3
1142560 2191.3
1142570 2184.5
1142580 2184.5
1142590 2177.4
1142600 2170.6
1142610 2170.6
1142620 2164.5
1142630 2158.3
1142640 2158.3
1142650 2152.2
1142660 2146.1
1142670 2146.1
1142680 2139.9
1142690 2134.0
1142700 2134.0
1142710 2128.0
1142720 2122.2
1142730 2122.2
1142740 2117.2
1142750 2112.8
1142760 2112.8
1142770 2108.4
1142780 2103.7
1142790 2103.7
1142800 2098.4
1142810 2092.9
1142820 2086.5
1142830 2086.5
1142840 2080.8
1142850 2077.2
1142860 2077.2
1142870 2074.4
1142880 2072.8
1142890 2072.8
1142900 2071.9
1142910 2069.4
1142920 2069.4
1142930 2063.5
1142940 2056.7
1142950 2056.7
1142960 2050.2
1142970 2042.1
1142980 2042.1
1142990 2033.8
1143000 2026.9
1143010 2026.9
1143020 2023.6
1143030 2022.5
1143040 2022.5
1143050 2020.2
1143060 2018.1
1143070 2016.5
1143080 2016.5
1143090 2015.9
1143100 2013.8
1143110 2013.8
1143120 2007.4
1143130 1999.7
1143140 1999.7
1143150 1991.6
1143160 1982.8
1143170 1982.8
1143180 1983.1
1143190 1980.5
1143200 1980.5
1143210 1984.0
1143220 1989.2
1143230 1989.2
1143240 1991.3
1143250 1987.0
1143260 1987.0
1143270 1983.6
1143280 1979.0
1143290 1979.0
1143300 1970.4
1143310 1964.3
1143320 1964.4
1143330 1964.4
1143340 1960.4
1143350 1952.3
1143360 1952.3
1143370 1934.9
1143380 1925.8
1143390 1925.8
1143400 1920.5
1143410 1920.6
1143420 1920.6
1143430 1920.7
1143440 1921.7
1143450 1921.7
1143460 1921.6
1143470 1918.1
1143480 1918.1
1143490 1912.5
1143500 1906.2
1143510 1906.2
1143520 1903.5
1143530 1902.1
1143540 1902.1
1143550 1898.1
1143560 1893.5
1143570 1883.1
1143580 1883.1
1143590 1878.8
1143600 1875.6
1143610 1875.6
1143620 1873.9
1143630 1872.7
1143640 1872.7
1143650 1871.5
1143660 1870.8
1143670 1870.8
1143680 1869.8
1143690 1868.4
1143700 1868.4
1143710 1865.8
1143720 1863.1
1143730 1863.1
1143740 1861.1
1143750 1859.7
1143760 1859.7
1143770 1858.4
1143780 1857.3
1143790 1857.3
1143800 1855.5
1143810 1852.4
1143820 1849.2
1143830 1849.2
1143840 1847.0
1143850 1845.0
1143860 1845.0
1143870 1843.4
1143880 1842.6
1143890 1842.6
1143900 1841.7
1143910 1842.5
1143920 1842.5
1143930 1841.4
1143940 1838.0
1143950 1838.0
1143960 1837.2
1143970 1833.6
1143980 1833.6
1143990 1827.8
1144000 1822.4
1144010 1822.4
1144020 1818.6
1144030 1816.7
1144040 1816.7
1144050 1814.5
1144060 1813.5
1144070 1815.8
1144080 1815.8
1144090 1817.6
1144100 1818.1
1144110 1818.1
1144120 1817.1
1144130 1815.2
1144140 1815.2
1144150 1813.3
1144160 1810.6
1144170 1810.6
1144180 1807.2
1144190 1803.6
1144200 1803.6
1144210 1799.2
1144220 1794.8
1144230 1794.8
1144240 1790.7
1144250 1787.3
1144260 1787.3
1144270 1786.2
1144280 1785.7
1144290 1785.7
1144300 1782.9
1144310 1774.5
1144320 1772.3
1144330 1772.3
1144340 1768.9
1144350 1764.0
1144360 1764.0
1144370 1758.7
1144380 1755.7
1144390 1755.7
1144400 1752.4
1144410 1751.9
1144420 1751.9
1144430 1752.8
1144440 1751.4
1144450 1751.4
1144460 1747.3
1144470 1743.5
1144480 1743.5
1144490 1741.4
1144500 1739.2
1144510 1739.2
1144520 1737.2
1144530 1735.0
1144540 1735.0
1144550 1731.5
1144560 1728.1
1144570 1726.9
1144580 1726.9
1144590 1726.5
1144600 1724.8
1144610 1724.8
1144620 1724.4
1144630 1722.5
1144640 1722.5
1144650 1719.6
1144660 1717.5
1144670 1717.5
1144680 1716.1
1144690 1712.7
1144700 1712.7
1144710 1711.0
1144720 1708.5
1144730 1708.5
1144740 1704.7
1144750 1700.1
1144760 1700.1
1144770 1695.2
1144780 1689.8
1144790 1689.8
1144800 1685.0
1144810 1681.0
1144820 1676.8
1144830 1676.8
1144840 1671.9
1144850 1664.8
1144860 1664.8
1144870 1656.6
1144880 1649.7
1144890 1649.7
1144900 1643.5
1144910 1637.7
1144920 1637.7
1144930 1634.6
1144940 1632.0
1144950 1632.0
1144960 1626.9
1144970 1618.0
1144980 1618.0
1144990 1609.4
1145000 1606.6
1145010 1606.6
1145020 1606.1
1145030 1605.0
1145040 1605.0
1145050 1603.0
1145060 1591.3
1145070 1591.3
1145080 1586.9
1145090 1578.8
1145100 1571.7
1145110 1571.7
1145120 1565.9
1145130 1559.3
1145140 1559.3
1145150 1553.4
1145160 1546.9
1145170 1546.9
1145180 1544.0
1145190 1540.3
1145200 1540.3
1145210 1537.1
1145220 1534.5
1145230 1534.5
1145240 1529.9
1145250 1523.9
1145260 1523.9
1145270 1519.5
1145280 1518.8
1145290 1518.8
1145300 1522.2
1145310 1523.6
1145320 1523.6
1145330 1522.0
1145340 1518.7
1145350 1506.5
1145360 1506.5
1145370 1484.4
1145380 1474.8
1145390 1474.8
1145400 1468.3
1145410 1463.6
1145420 1463.6
1145430 1459.8
1145440 1452.1
1145450 1452.1
1145460 1445.8
1145470 1440.3
1145480 1440.3
1145490 1435.4
1145500 1429.4
1145510 1429.4
1145520 1423.8
1145530 1418.8
1145540 1418.8
1145550 1414.3
1145560 1409.1
1145570 1409.1
1145580 1404.0
1145590 1398.4
1145600 1392.8
1145610 1392.8
1145620 1387.8
1145630 1382.4
1145640 1382.4
1145650 1376.8
1145660 1373.2
1145670 1373.2
1145680 1371.5
1145690 1372.5
1145700 1372.5
1145710 1373.0
1145720 1379.9
1145730 1379.9
1145740 1389.7
1145750 1399.5
1145760 1399.5
1145770 1408.3
1145780 1411.5
1145790 1411.5
1145800 1410.6
1145810 1419.7
1145820 1419.7
1145830 1420.3
1145840 1427.2
1145850 1426.5
1145860 1426.5
1145870 1425.9
1145880 1424.3
1145890 1424.3
1145900 1422.7
1145910 1424.9
1145920 1424.9
1145930 1432.1
1145940 1440.3
1145950 1440.3
1145960 1446.7
1145970 1451.7
1145980 1451.7
1145990 1454.2
1146000 1458.0
1146010 1458.0
1146020 1464.0
1146030 1468.5
1146040 1468.5
1146050 1472.1
1146060 1475.8
1146070 1475.8
1146080 1479.1
1146090 1482.0
1146100 1485.2
1146110 1485.2
1146120 1488.4
1146130 1491.4
1146140 1491.4
1146150 1495.4
1146160 1499.3
1146170 1499.3
1146180 1503.3
1146190 1514.5
1146200 1514.5
1146210 1519.2
1146220 1523.0
1146230 1523.0
1146240 1528.2
1146250 1535.7
1146260 1535.7
1146270 1542.1
1146280 1546.9
1146290 1546.9
1146300 1548.9
1146310 1553.1
1146320 1553.1
1146330 1560.0
1146340 1567.5
1146350 1575.1
1146360 1575.1
1146370 1582.3
1146380 1589.2
1146390 1589.2
1146400 1596.6
1146410 1603.7
1146420 1603.7
1146430 1609.8
1146440 1615.7
1146450 1615.7
1146460 1621.3
1146470 1626.3
1146480 1626.3
1146490 1630.7
1146500 1634.4
1146510 1634.4
1146520 1639.3
1146530 1646.8
1146540 1646.8
1146550 1653.5
1146560 1664.7
1146570 1664.7
1146580 1668.7
1146590 1673.4
1146600 1679.7
1146610 1679.7
1146620 1687.1
1146630 1693.5
1146640 1693.5
1146650 1699.6
1146660 1705.9
1146670 1705.9
1146680 1712.2
1146690 1718.4
1146700 1718.4
1146710 1724.1
1146720 1729.5
1146730 1729.5
1146740 1735.7
1146750 1741.8
1146760 1741.8
1146770 1747.5
1146780 1753.2
1146790 1753.2
1146800 1758.9
1146810 1764.8
1146820 1764.8
1146830 1770.9
1146840 1777.1
1146850 1782.4
1146860 1782.4
1146870 1786.2
1146880 1787.6
1146890 1787.6
1146900 1787.5
1146910 1787.5
1146920 1787.5
1146930 1785.0
1146940 1785.3
1146950 1785.3
1146960 1780.2
1146970 1775.7
1146980 1775.7
1146990 1772.3
1147000 1768.9
1147010 1768.9
1147020 1764.5
1147030 1759.4
1147040 1759.4
1147050 1753.9
1147060 1747.9
1147070 1747.9
1147080 1741.5
1147090 1734.9
1147100 1731.6
1147110 1731.6
1147120 1730.5
1147130 1729.2
1147140 1729.2
1147150 1727.5
1147160 1723.9
1147170 1723.9
1147180 1719.5
1147190 1715.3
1147200 1715.3
1147210 1714.9
1147220 1716.5
1147230 1716.5
1147240 1716.8
1147250 1715.1
1147260 1715.1
1147270 1712.5
1147280 1709.6
1147290 1709.6
1147300 1708.3
1147310 1706.6
1147320 1712.3
1147330 1708.4
1147340 1703.1
1147350 1697.2
1147360 1697.2
1147370 1691.5
1147380 1685.6
1147390 1685.6
1147400 1681.5
1147410 1677.8
1147420 1677.8
1147430 1674.4
1147440 1671.5
1147450 1671.5
1147460 1669.0
1147470 1668.1
1147480 1668.1
1147490 1667.3
1147500 1666.4
1147510 1666.4
1147520 1664.5
1147530 1662.0
1147540 1662.0
1147550 1658.4
1147560 1654.0
1147570 1654.0
1147580 1650.9
1147590 1648.8
1147600 1646.6
1147610 1646.6
1147620 1644.4
1147630 1642.1
1147640 1642.1
1147650 1639.6
1147660 1636.4
1147670 1636.4
1147680 1632.1
1147690 1633.5
1147700 1633.5
1147710 1628.6
1147720 1624.8
1147730 1624.8
1147740 1620.9
1147750 1617.4
1147760 1617.4
1147770 1613.6
1147780 1609.6
1147790 1609.6
1147800 1606.4
1147810 1602.9
1147820 1602.9
1147830 1600.0
1147840 1596.7
1147850 1596.7
1147860 1592.9
1147870 1588.8
1147880 1585.5
1147890 1585.5
1147900 1581.5
1147910 1577.8
1147920 1577.8
1147930 1573.5
1147940 1569.1
1147950 1569.1
1147960 1564.7
1147970 1560.7
1147980 1560.7
1147990 1557.3
1148000 1553.1
1148010 1553.1
1148020 1547.9
1148030 1547.7
1148040 1547.7
1148050 1545.8
1148060 1543.8
1148070 1551.6
1148080 1548.5
1148090 1546.5
1148100 1546.5
1148110 1545.2
1148120 1542.8
1148130 1540.6
1148140 1540.6
1148150 1538.3
1148160 1542.1
1148170 1542.1
1148180 1548.0
1148190 1552.3
1148200 1552.3
1148210 1554.8
1148220 1557.1
1148230 1557.1
1148240 1559.1
1148250 1561.1
1148260 1561.1
1148270 1563.4
1148280 1565.5
1148290 1565.5
1148300 1567.9
1148310 1570.4
1148320 1570.4
1148330 1573.9
1148340 1578.5
1148350 1578.5
1148360 1585.6
1148370 1593.1
1148380 1599.5
1148390 1599.5
1148400 1605.4
1148410 1610.1
1148420 1610.1
1148430 1614.6
1148440 1620.6
1148450 1616.5
1148460 1621.3
1148470 1626.5
1148480 1626.5
1148490 1630.8
1148500 1636.2
1148510 1636.2
1148520 1643.2
1148530 1649.9
1148540 1649.9
1148550 1653.1
1148560 1656.0
1148570 1656.0
1148580 1660.9
1148590 1667.8
1148600 1667.8
1148610 1674.5
1148620 1678.3
1148630 1681.1
1148640 1681.1
1148650 1684.1
1148660 1688.3
1148670 1688.3
1148680 1693.2
1148690 1698.2
1148700 1698.2
1148710 1702.2
1148720 1706.4
1148730 1706.4
1148740 1712.3
1148750 1719.3
1148760 1719.3
1148770 1727.1
1148780 1734.3
1148790 1734.3
1148800 1740.0
1148810 1744.4
1148820 1744.4
1148830 1747.8
1148840 1753.7
1148850 1753.7
1148860 1760.5
1148870 1766.8
1148880 1773.5
1148890 1773.5
1148900 1780.4
1148910 1788.5
1148920 1788.5
1148930 1796.1
1148940 1802.4
1148950 1802.4
1148960 1809.5
1148970 1818.1
1148980 1818.1
1148990 1826.4
1149000 1831.1
1149010 1831.1
1149020 1837.5
1149030 1846.0
1149040 1846.0
1149050 1852.0
1149060 1857.8
1149070 1857.8
1149080 1863.7
1149090 1869.4
1149100 1869.4
1149110 1874.3
1149120 1880.2
1149130 1887.4
1149140 1887.4
1149150 1895.8
1149160 1905.2
1149170 1905.2
1149180 1914.4
1149190 1924.7
1149200 1924.7
1149210 1931.3
1149220 1939.1
1149230 1939.1
1149240 1946.0
1149250 1951.5
1149260 1951.5
1149270 1957.4
1149280 1961.9
1149290 1961.9
1149300 1966.5
1149310 1971.7
1149320 1971.7
1149330 1976.4
1149340 1983.4
1149350 1983.4
1149360 1995.8
1149370 2002.3
1149380 2004.2
1149390 2004.2
1149400 2006.5
1149410 2008.4
1149420 2008.4
1149430 2009.1
1149440 2009.7
1149450 2009.7
1149460 2010.5
1149470 2012.1
1149480 2012.1
1149490 2014.2
1149500 2015.4
1149510 2015.4
1149520 2015.2
1149530 2016.0
1149540 2016.0
1149550 2018.4
1149560 2021.2
1149570 2021.2
1149580 2019.7
1149590 2024.4
1149600 2024.4
1149610 2029.2
1149620 2034.2
1149630 2039.6
1149640 2039.6
1149650 2045.2
1149660 2050.3
1149670 2050.3
1149680 2054.5
1149690 2058.3
1149700 2058.3
1149710 2062.1
1149720 2066.2
1149730 2066.2
1149740 2069.9
1149750 2072.4
1149760 2072.4
1149770 2075.5
1149780 2079.4
1149790 2079.4
1149800 2083.2
1149810 2087.2
1149820 2087.2
1149830 2091.1
1149840 2094.8
1149850 2094.8
1149860 2098.2
1149870 2102.2
1149880 2106.8
1149890 2106.8
1149900 2111.2
1149910 2114.6
1149920 2114.6
1149930 2117.1
1149940 2119.5
1149950 2119.5
1149960 2119.1
1149970 2122.9
1149980 2122.9
1149990 2127.5
1150000 2134.8
1150010 2134.8
1150020 2141.7
1150030 2145.9
1150040 2145.9
1150050 2149.9
1150060 2154.2
1150070 2154.2
1150080 2158.4
1150090 2162.8
1150100 2162.8
1150110 2166.4
1150120 2169.4
1150130 2172.5
1150140 2172.5
1150150 2175.7
1150160 2179.8
1150170 2179.8
1150180 2184.6
1150190 2189.2
1150200 2189.2
1150210 2193.0
1150220 2196.5
1150230 2196.5
1150240 2200.2
1150250 2204.3
1150260 2204.3
1150270 2208.5
1150280 2212.3
1150290 2212.3
1150300 2215.5
1150310 2218.1
1150320 2218.1
1150330 2220.0
1150340 2221.0
1150350 2221.0
1150360 2224.0
1150370 2227.7
1150380 2231.2
1150390 2231.2
1150400 2234.7
1150410 2238.5
1150420 2238.5
1150430 2242.3
1150440 2245.6
1150450 2245.6
1150460 2249.0
1150470 2252.5
1150480 2252.5
1150490 2255.4
1150500 2258.1
1150510 2258.1
1150520 2260.6
1150530 2263.3
1150540 2263.3
1150550 2266.4
1150560 2270.3
1150570 2270.3
1150580 2274.5
1150590 2279.0
1150600 2279.0
1150610 2283.5
1150620 2288.4
1150630 2293.6
1150640 2293.6
1150650 2298.2
1150660 2302.5
1150670 2302.5
1150680 2306.6
1150690 2311.1
1150700 2311.1
1150710 2316.0
1150720 2321.0
1150730 2320.5
1150740 2326.8
1150750 2332.8
1150760 2332.8
1150770 2338.8
1150780 2345.1
1150790 2345.1
1150800 2351.4
1150810 2357.2
1150820 2357.2
1150830 2362.9
1150840 2367.8
1150850 2367.8
1150860 2372.1
1150870 2376.8
1150880 2381.1
1150890 2381.1
1150900 2384.6
1150910 2388.2
1150920 2388.2
1150930 2393.7
1150940 2399.8
1150950 2399.8
1150960 2405.3
1150970 2410.2
1150980 2410.2
1150990 2414.4
1151000 2419.7
1151010 2419.7
1151020 2426.6
1151030 2433.2
1151040 2433.2
1151050 2440.1
1151060 2446.8
1151070 2446.8
1151080 2452.9
1151090 2459.9
1151100 2459.9
1151110 2465.6
1151120 2473.5
1151130 2480.6
1151140 2480.6
1151150 2487.9
1151160 2494.8
1151170 2494.8
1151180 2500.6
1151190 2503.8
1151200 2503.8
1151210 2500.8
1151220 2495.4
1151230 2495.4
1151240 2488.9
1151250 2483.0
1151260 2483.0
1151270 2478.2
1151280 2473.9
1151290 2473.9
1151300 2470.3
1151310 2467.3
1151320 2467.3
1151330 2464.4
1151340 2461.9
1151350 2461.9
1151360 2460.2
1151370 2460.3
1151380 2460.3
1151390 2460.0
1151400 2455.6
1151410 2443.1
1151420 2443.1
1151430 2423.0
1151440 2406.4
1151450 2406.4
1151460 2394.9
1151470 2386.8
1151480 2386.8
1151490 2385.6
1151500 2374.9
1151510 2374.9
1151520 2365.0
1151530 2356.2
1151540 2356.2
1151550 2346.0
1151560 2335.7
1151570 2335.7
1151580 2325.3
1151590 2308.9
1151600 2308.9
1151610 2294.0
1151620 2284.1
1151630 2284.1
1151640 2271.7
1151650 2259.6
1151660 2249.8
1151670 2249.8
1151680 2235.1
1151690 2224.1
1151700 2224.1
1151710 2215.9
1151720 2207.9
1151730 2207.9
1151740 2200.0
1151750 2191.8
1151760 2191.8
1151770 2184.1
1151780 2180.1
1151790 2180.1
1151800 2177.0
1151810 2174.8
1151820 2174.8
1151830 2171.1
1151840 2166.7
1151850 2166.7
1151860 2157.6
1151870 2139.3
1151880 2139.3
1151890 2131.1
1151900 2123.4
1151910 2115.7
1151920 2115.7
1151930 2113.1
1151940 2117.5
1151950 2117.5
1151960 2125.0
1151970 2125.8
1151980 2125.8
1151990 2120.6
1152000 2114.1
1152010 2114.1
1152020 2107.4
1152030 2103.0
1152040 2103.0
1152050 2100.4
1152060 2096.6
1152070 2096.6
1152080 2093.0
1152090 2092.8
1152100 2092.8
1152110 2092.1
1152120 2090.1
1152130 2090.1
1152140 2087.3
1152150 2086.2
1152160 2082.6
1152170 2082.6
1152180 2081.3
1152190 2078.9
1152200 2078.9
1152210 2072.8
1152220 2072.6
1152230 2072.6
1152240 2075.8
1152250 2082.4
1152260 2082.4
1152270 2080.1
1152280 2075.4
1152290 2075.4
1152300 2076.1
1152310 2079.0
1152320 2079.0
1152330 2080.0
1152340 2082.2
1152350 2082.2
1152360 2085.8
1152370 2087.3
1152380 2087.3
1152390 2088.5
1152400 2089.2
1152410 2088.8
1152420 2088.8
1152430 2086.2
1152440 2087.0
1152450 2087.0
1152460 2090.9
1152470 2093.0
1152480 2093.0
1152490 2093.5
1152500 2094.6
1152510 2094.6
1152520 2094.5
1152530 2095.0
1152540 2095.0
1152550 2095.0
1152560 2092.2
1152570 2092.2
1152580 2092.3
1152590 2098.1
1152600 2098.1
1152610 2105.3
1152620 2110.5
1152630 2110.5
1152640 2117.6
1152650 2121.4
1152660 2125.3
1152670 2125.3
1152680 2129.7
1152690 2133.8
1152700 2133.8
1152710 2137.7
1152720 2141.5
1152730 2141.5
1152740 2145.5
1152750 2149.2
1152760 2149.2
1152770 2152.7
1152780 2156.1
1152790 2156.1
1152800 2159.6
1152810 2162.8
1152820 2162.8
1152830 2165.9
1152840 2169.3
1152850 2169.3
1152860 2172.6
1152870 2176.4
1152880 2176.4
1152890 2180.4
1152900 2185.1
1152910 2189.7
1152920 2189.7
1152930 2193.4
1152940 2196.2
1152950 2196.2
1152960 2199.7
1152970 2204.1
1152980 2204.1
1152990 2209.0
1153000 2214.1
1153010 2214.1
1153020 2220.6
1153030 2226.3
1153040 2226.3
1153050 2232.4
1153060 2237.9
1153070 2237.9
1153080 2242.8
1153090 2247.2
1153100 2247.2
1153110 2251.0
1153120 2254.7
1153130 2254.7
1153140 2258.3
1153150 2261.5
1153160 2264.9
1153170 2264.9
1153180 2268.6
1153190 2272.8
1153200 2272.8
1153210 2278.2
1153220 2283.1
1153230 2283.1
1153240 2286.3
1153250 2287.2
1153260 2287.2
1153270 2287.8
1153280 2288.8
1153290 2288.8
1153300 2294.4
1153310 2299.5
1153320 2299.5
1153330 2301.5
1153340 2304.8
1153350 2304.8
1153360 2308.9
1153370 2314.9
1153380 2314.9
1153390 2321.5
1153400 2330.0
1153410 2334.7
1153420 2334.7
1153430 2340.5
1153440 2351.3
1153450 2351.3
1153460 2363.2
1153470 2374.1
1153480 2374.1
1153490 2381.9
1153500 2385.4
1153510 2385.4
1153520 2392.7
1153530 2400.2
1153540 2400.2
1153550 2406.8
1153560 2413.3
1153570 2413.3
1153580 2420.0
1153590 2427.0
1153600 2427.0
1153610 2433.9
1153620 2441.4
1153630 2441.4
1153640 2449.4
1153650 2458.7
1153660 2468.3
1153670 2468.3
1153680 2475.5
1153690 2482.2
1153700 2482.2
1153710 2490.6
1153720 2501.7
1153730 2501.7
1153740 2514.0
1153750 2524.5
1153760 2524.5
1153770 2535.2
1153780 2544.3
1153790 2547.6
1153800 2556.1
1153810 2566.4
1153820 2566.4
1153830 2583.2
1153840 2605.3
1153850 2605.3
1153860 2617.1
1153870 2625.4
1153880 2625.4
1153890 2631.4
1153900 2635.6
1153910 2639.0
1153920 2639.0
1153930 2646.0
1153940 2652.8
1153950 2652.8
1153960 2658.6
1153970 2662.2
1153980 2662.2
1153990 2661.5
1154000 2664.0
1154010 2664.0
1154020 2673.1
1154030 2682.2
1154040 2682.2
1154050 2690.9
1154060 2699.0
1154070 2699.0
1154080 2706.0
1154090 2712.4
1154100 2712.4
1154110 2718.3
1154120 2724.6
1154130 2724.6
1154140 2732.1
1154150 2740.6
1154160 2749.5
1154170 2745.1
1154180 2753.5
1154190 2763.1
1154200 2763.1
1154210 2772.6
1154220 2780.2
1154230 2780.2
1154240 2786.4
1154250 2793.4
1154260 2793.4
1154270 2800.3
1154280 2803.0
1154290 2803.0
1154300 2791.8
1154310 2775.3
1154320 2775.3
1154330 2757.0
1154340 2738.3
1154350 2738.3
1154360 2723.8
1154370 2714.9
1154380 2714.9
1154390 2707.6
1154400 2703.8
1154410 2698.5
1154420 2698.5
1154430 2688.8
1154440 2677.3
1154450 2677.3
1154460 2671.1
1154470 2655.6
1154480 2655.6
1154490 2642.6
1154500 2634.2
1154510 2634.2
1154520 2626.6
1154530 2619.1
1154540 2619.1
1154550 2611.8
1154560 2606.6
1154570 2606.6
1154580 2600.3
1154590 2594.2
1154600 2594.2
1154610 2588.4
1154620 2582.5
1154630 2582.5
1154640 2576.9
1154650 2572.5
1154660 2572.5
1154670 2568.2
1154680 2563.6
1154690 2559.4
1154700 2559.4
1154710 2555.7
1154720 2552.6
1154730 2552.6
1154740 2549.2
1154750 2545.0
1154760 2545.0
1154770 2540.9
1154780 2537.6
1154790 2537.6
1154800 2535.8
1154810 2531.7
1154820 2531.7
1154830 2529.2
1154840 2528.5
1154850 2528.5
1154860 2531.5
1154870 2527.6
1154880 2527.6
1154890 2520.1
1154900 2518.0
1154910 2518.0
1154920 2523.9
1154930 2532.1
1154940 2542.8
1154950 2542.8
1154960 2548.1
1154970 2550.0
1154980 2550.0
1154990 2549.5
1155000 2547.5
1155010 2547.5
1155020 2545.7
1155030 2541.4
1155040 2541.4
1155050 2533.5
1155060 2524.5
1155070 2524.5
1155080 2518.4
1155090 2513.1
1155100 2513.1
1155110 2507.6
1155120 2502.5
1155130 2502.5
1155140 2500.1
1155150 2500.6
1155160 2500.6
1155170 2501.2
1155180 2496.3
1155190 2488.2
1155200 2488.2
1155210 2480.8
1155220 2476.0
1155230 2476.0
1155240 2474.2
1155250 2471.7
1155260 2471.7
1155270 2469.5
1155280 2467.4
1155290 2467.4
1155300 2465.7
1155310 2460.6
1155320 2460.6
1155330 2465.3
1155340 2464.8
1155350 2464.8
1155360 2459.7
1155370 2453.3
1155380 2453.3
1155390 2450.5
1155400 2448.2
1155410 2448.2
1155420 2447.7
1155430 2448.1
1155440 2446.7
1155450 2446.7
1155460 2444.7
1155470 2429.5
1155480 2429.5
1155490 2413.2
1155500 2401.0
1155510 2401.0
1155520 2393.5
1155530 2393.3
1155540 2393.3
1155550 2388.2
1155560 2382.5
1155570 2382.5
1155580 2375.9
1155590 2366.0
1155600 2366.0
1155610 2353.6
1155620 2344.8
1155630 2344.8
1155640 2338.1
1155650 2332.2
1155660 2332.2
1155670 2326.6
1155680 2322.2
1155690 2316.9
1155700 2316.9
1155710 2320.8
1155720 2315.5
1155730 2315.5
1155740 2313.0
1155750 2306.4
1155760 2306.4
1155770 2286.9
1155780 2267.5
1155790 2267.5
1155800 2251.5
1155810 2239.6
1155820 2239.6
1155830 2231.4
1155840 2225.2
1155850 2225.2
1155860 2220.0
1155870 2215.2
1155880 2215.2
1155890 2210.3
1155900 2205.1
1155910 2205.1
1155920 2199.6
1155930 2194.0
1155940 2188.6
1155950 2188.6
1155960 2183.1
1155970 2178.2
1155980 2178.2
1155990 2174.8
1156000 2173.3
1156010 2173.3
1156020 2171.9
1156030 2171.0
1156040 2171.0
1156050 2170.0
1156060 2168.6
1156070 2168.6
1156080 2167.5
1156090 2166.0
1156100 2167.9
1156110 2166.4
1156120 2164.4
1156130 2164.4
1156140 2162.6
1156150 2161.1
1156160 2161.1
1156170 2159.8
1156180 2157.8
1156190 2155.6
1156200 2155.6
1156210 2153.6
1156220 2151.2
1156230 2151.2
1156240 2149.0
1156250 2147.0
1156260 2147.0
1156270 2145.0
1156280 2142.6
1156290 2142.6
1156300 2140.7
1156310 2140.8
1156320 2140.8
1156330 2140.5
1156340 2140.7
1156350 2140.7
1156360 2142.2
1156370 2143.7
1156380 2143.7
1156390 2144.9
1156400 2146.1
1156410 2146.1
1156420 2148.2
1156430 2149.7
1156440 2150.3
1156450 2150.3
1156460 2150.4
1156470 2151.3
1156480 2151.3
1156490 2159.0
1156500 2158.7
1156510 2158.7
1156520 2158.4
1156530 2157.7
1156540 2157.7
1156550 2156.4
1156560 2155.8
1156570 2155.8
1156580 2154.9
1156590 2155.2
1156600 2155.2
1156610 2159.1
1156620 2165.1
1156630 2165.1
1156640 2169.9
1156650 2174.4
1156660 2174.4
1156670 2178.8
1156680 2182.8
1156690 2186.0
1156700 2186.0
1156710 2188.2
1156720 2189.4
1156730 2189.4
1156740 2189.8
1156750 2189.7
1156760 2189.7
1156770 2189.3
1156780 2188.6
1156790 2188.6
1156800 2187.6
1156810 2185.5
1156820 2185.5
1156830 2184.3
1156840 2185.0
1156850 2185.0
1156860 2186.5
1156870 2183.4
1156880 2190.1
1156890 2193.3
1156900 2198.0
1156910 2198.0
1156920 2201.0
1156930 2210.8
1156940 2228.2
1156950 2228.2
1156960 2237.5
1156970 2245.4
1156980 2245.4
1156990 2249.4
1157000 2253.6
1157010 2253.6
1157020 2257.9
1157030 2260.1
1157040 2260.1
1157050 2263.6
1157060 2271.3
1157070 2271.3
1157080 2283.0
1157090 2294.7
1157100 2294.7
1157110 2303.8
1157120 2315.3
1157130 2315.3
1157140 2323.1
1157150 2328.1
1157160 2328.1
1157170 2336.0
1157180 2345.6
1157190 2348.6
1157200 2348.6
1157210 2346.0
1157220 2351.1
1157230 2351.1
1157240 2352.6
1157250 2359.8
1157260 2373.3
1157270 2378.6
1157280 2385.8
1157290 2385.8
1157300 2395.9
1157310 2402.1
1157320 2402.1
1157330 2408.6
1157340 2418.6
1157350 2418.6
1157360 2431.1
1157370 2448.2
1157380 2448.2
1157390 2463.9
1157400 2480.6
1157410 2480.6
1157420 2485.5
1157430 2481.5
1157440 2469.4
1157450 2469.4
1157460 2457.0
1157470 2447.8
1157480 2447.8
1157490 2439.8
1157500 2433.0
1157510 2433.0
1157520 2427.5
1157530 2421.4
1157540 2421.4
1157550 2415.5
1157560 2408.1
1157570 2408.1
1157580 2392.9
1157590 2371.5
1157600 2371.5
1157610 2355.5
1157620 2342.4
1157630 2342.4
1157640 2331.6
1157650 2324.1
1157660 2324.1
1157670 2312.2
1157680 2304.0
1157690 2300.2
1157700 2300.2
1157710 2294.3
1157720 2290.6
1157730 2290.6
1157740 2288.4
1157750 2282.3
1157760 2282.3
1157770 2275.2
1157780 2264.0
1157790 2264.0
1157800 2241.0
1157810 2202.5
1157820 2202.5
1157830 2176.4
1157840 2167.5
1157850 2167.5
1157860 2159.0
1157870 2153.8
1157880 2153.8
1157890 2152.7
1157900 2151.6
1157910 2151.6
1157920 2150.2
1157930 2146.8
1157940 2144.9
1157950 2144.9
1157960 2141.1
1157970 2137.0
1157980 2137.0
1157990 2134.4
1158000 2132.6
1158010 2132.6
1158020 2131.5
1158030 2130.6
1158040 2121.9
1158050 2120.9
1158060 2118.9
1158070 2118.9
1158080 2115.4
1158090 2111.4
1158100 2111.4
1158110 2106.5
1158120 2101.2
1158130 2101.2
1158140 2094.2
1158150 2086.8
1158160 2086.8
1158170 2080.6
1158180 2069.1
1158190 2054.4
1158200 2054.4
1158210 2044.1
1158220 2035.5
1158230 2035.5
1158240 2027.6
1158250 2018.7
1158260 2018.7
1158270 2008.4
1158280 1996.1
1158290 1996.1
1158300 1982.6
1158310 1963.1
1158320 1963.1
1158330 1939.6
1158340 1925.4
1158350 1925.4
1158360 1915.2
1158370 1906.1
1158380 1906.1
1158390 1899.0
1158400 1893.0
1158410 1893.0
1158420 1886.1
1158430 1876.0
1158440 1876.0
1158450 1870.9
1158460 1867.0
1158470 1861.8
1158480 1861.8
1158490 1856.0
1158500 1849.5
1158510 1849.5
1158520 1843.7
1158530 1836.8
1158540 1836.8
1158550 1825.3
1158560 1814.1
1158570 1814.1
1158580 1805.1
1158590 1798.1
1158600 1798.1
1158610 1790.1
1158620 1782.0
1158630 1782.0
1158640 1775.7
1158650 1769.9
1158660 1769.9
1158670 1764.4
1158680 1758.8
1158690 1758.8
1158700 1753.5
1158710 1749.7
1158720 1745.0
1158730 1745.0
1158740 1741.0
1158750 1736.6
1158760 1736.6
1158770 1732.1
1158780 1727.5
1158790 1727.5
1158800 1723.1
1158810 1718.7
1158820 1717.9
1158830 1713.9
1158840 1709.8
1158850 1709.8
1158860 1705.8
1158870 1702.0
1158880 1702.0
1158890 1698.2
1158900 1694.2
1158910 1694.2
1158920 1690.8
1158930 1688.4
1158940 1688.4
1158950 1686.7
1158960 1680.7
1158970 1681.3
1158980 1681.3
1158990 1687.8
1159000 1689.5
1159010 1689.5
1159020 1691.1
1159030 1691.8
1159040 1691.8
1159050 1693.0
1159060 1693.8
1159070 1693.8
1159080 1694.7
1159090 1695.3
1159100 1695.3
1159110 1695.0
1159120 1697.4
1159130 1697.4
1159140 1699.7
1159150 1701.0
1159160 1701.0
1159170 1703.6
1159180 1705.9
1159190 1705.9
1159200 1708.5
1159210 1715.3
1159220 1719.4
1159230 1719.4
1159240 1724.1
1159250 1729.1
1159260 1729.1
1159270 1734.1
1159280 1739.4
1159290 1739.4
1159300 1745.3
1159310 1750.9
1159320 1750.9
1159330 1757.1
1159340 1763.4
1159350 1763.4
1159360 1770.4
1159370 1777.7
1159380 1777.7
1159390 1784.0
1159400 1794.3
1159410 1794.3
1159420 1811.8
1159430 1826.4
1159440 1826.4
1159450 1834.0
1159460 1839.4
1159470 1846.7
1159480 1846.7
1159490 1854.0
1159500 1868.2
1159510 1868.2
1159520 1893.4
1159530 1911.0
1159540 1911.0
1159550 1919.5
1159560 1928.6
1159570 1928.6
1159580 1951.9
1159590 1970.7
1159600 1978.4
1159610 1987.2
1159620 1993.4
1159630 1993.4
1159640 2001.6
1159650 2012.9
1159660 2012.9
1159670 2026.8
1159680 2037.8
1159690 2037.8
1159700 2055.0
1159710 2075.5
1159720 2097.2
1159730 2097.2
1159740 2118.1
1159750 2138.0
1159760 2138.0
1159770 2147.2
1159780 2153.4
1159790 2153.4
1159800 2158.8
1159810 2163.8
1159820 2163.8
1159830 2168.8
1159840 2173.8
1159850 2173.8
1159860 2178.7
1159870 2183.5
1159880 2183.5
1159890 2188.1
1159900 2193.0
1159910 2193.0
1159920 2197.8
1159930 2202.6
1159940 2202.6
1159950 2207.1
1159960 2212.2
1159970 2217.1
1159980 2217.1
1159990 2219.2
