1140000 1751.7
1140010 1760.4
1140020 1760.4
1140030 1765.7
1140040 1769.9
1140050 1769.9
1140060 1774.9
1140070 1782.4
1140080 1782.4
1140090 1802.9
1140100 1818.7
1140110 1818.7
1140120 1830.8
1140130 1841.9
1140140 1841.9
1140150 1850.0
1140160 1855.8
1140170 1860.6
1140180 1860.6
1140190 1865.6
1140200 1871.2
1140210 1871.2
1140220 1879.7
1140230 1884.6
1140240 1884.6
1140250 1889.1
1140260 1894.4
1140270 1894.4
1140280 1900.3
1140290 1906.6
1140300 1906.6
1140310 1912.9
1140320 1920.2
1140330 1920.2
1140340 1927.6
1140350 1936.1
1140360 1936.1
1140370 1944.1
1140380 1954.0
1140390 1954.0
1140400 1960.0
1140410 1962.5
1140420 1966.2
1140430 1966.2
1140440 1971.2
1140450 1975.8
1140460 1975.8
1140470 1980.7
1140480 1985.8
1140490 1985.8
1140500 1991.2
1140510 1997.2
1140520 1997.2
1140530 2003.9
1140540 2011.9
1140550 2011.9
1140560 2020.0
1140570 2027.4
1140580 2027.4
1140590 2036.2
1140600 2042.7
1140610 2042.7
1140620 2048.9
1140630 2054.8
1140640 2054.8
1140650 2058.1
1140660 2059.8
1140670 2063.3
1140680 2063.3
1140690 2071.9
1140700 2080.5
1140710 2080.5
1140720 2085.8
1140730 2091.3
1140740 2091.3
1140750 2101.8
1140760 2110.2
1140770 2110.2
1140780 2117.6
1140790 2125.4
1140800 2125.4
1140810 2135.3
1140820 2143.6
1140830 2143.6
1140840 2149.9
1140850 2156.3
1140860 2156.3
1140870 2162.9
1140880 2169.9
1140890 2169.9
1140900 2175.9
1140910 2182.7
1140920 2187.7
1140930 2187.7
1140940 2189.0
1140950 2190.0
1140960 2188.8
1140970 2189.2
1140980 2190.8
1140990 2190.8
1141000 2192.8
1141010 2196.2
1141020 2196.2
1141030 2198.6
1141040 2201.3
1141050 2201.3
1141060 2206.3
1141070 2210.0
1141080 2210.0
1141090 2213.9
1141100 2219.2
1141110 2219.2
1141120 2224.9
1141130 2231.0
1141140 2231.0
1141150 2237.1
1141160 2242.7
1141170 2248.3
1141180 2248.3
1141190 2253.9
1141200 2260.3
1141210 2260.3
1141220 2266.8
1141230 2272.1
1141240 2272.1
1141250 2276.8
1141260 2282.0
1141270 2282.0
1141280 2287.8
1141290 2293.7
1141300 2293.7
1141310 2299.7
1141320 2305.6
1141330 2306.1
1141340 2311.9
1141350 2317.8
1141360 2317.8
1141370 2323.1
1141380 2327.3
1141390 2327.3
1141400 2331.1
1141410 2335.9
1141420 2341.2
1141430 2341.2
1141440 2346.4
1141450 2352.6
1141460 2352.6
1141470 2359.3
1141480 2366.8
1141490 2366.8
1141500 2376.6
1141510 2389.0
1141520 2389.0
1141530 2396.3
1141540 2402.0
1141550 2402.0
1141560 2407.5
1141570 2413.2
1141580 2413.2
1141590 2418.8
1141600 2423.5
1141610 2423.5
1141620 2426.6
1141630 2428.6
1141640 2428.6
1141650 2428.9
1141660 2427.3
1141670 2425.9
1141680 2425.9
1141690 2425.2
1141700 2421.1
1141710 2421.1
1141720 2420.8
1141730 2420.7
1141740 2420.7
1141750 2419.8
1141760 2417.6
1141770 2417.6
1141780 2414.0
1141790 2410.5
1141800 2410.5
1141810 2406.1
1141820 2393.1
1141830 2393.1
1141840 2384.0
1141850 2377.2
1141860 2377.2
1141870 2370.6
1141880 2363.9
1141890 2363.9
1141900 2359.5
1141910 2355.9
1141920 2351.9
1141930 2351.9
1141940 2348.5
1141950 2342.0
1141960 2342.0
1141970 2332.9
1141980 2330.3
1141990 2330.3
1142000 2328.1
1142010 2325.6
1142020 2325.6
1142030 2323.5
1142040 2322.0
1142050 2322.0
1142060 2319.9
1142070 2310.8
1142080 2310.8
1142090 2305.0
1142100 2299.9
1142110 2299.9
1142120 2296.9
1142130 2294.3
1142140 2294.3
1142150 2292.6
1142160 2290.3
1142170 2287.1
1142180 2287.1
1142190 2284.7
1142200 2282.8
1142210 2282.8
1142220 2280.2
1142230 2276.8
1142240 2276.8
1142250 2271.7
1142260 2266.7
1142270 2266.7
1142280 2261.3
1142290 2257.0
1142300 2257.0
1142310 2254.5
1142320 2252.2
1142330 2252.2
1142340 2249.8
1142350 2248.1
1142360 2248.1
1142370 2246.9
1142380 2245.0
1142390 2245.0
1142400 2240.5
1142410 2235.6
1142420 2230.2
1142430 2230.2
1142440 2225.3
1142450 2214.9
1142460 2214.9
1142470 2209.3
1142480 2202.8
1142490 2202.8
1142500 2195.2
1142510 2189.1
1142520 2189.1
1142530 2184.2
1142540 2178.5
1142550 2178.5
1142560 2171.6
1142570 2165.4
1142580 2165.4
1142590 2159.8
1142600 2153.8
1142610 2153.8
1142620 2148.7
1142630 2144.4
1142640 2144.4
1142650 2140.2
1142660 2135.7
1142670 2135.7
1142680 2131.2
1142690 2127.1
1142700 2123.5
1142710 2123.5
1142720 2119.5
1142730 2114.5
1142740 2114.5
1142750 2109.6
1142760 2103.6
1142770 2103.6
1142780 2097.9
1142790 2092.1
1142800 2092.1
1142810 2086.0
1142820 2076.5
1142830 2076.5
1142840 2067.4
1142850 2057.8
1142860 2057.8
1142870 2048.5
1142880 2040.2
1142890 2040.2
1142900 2035.1
1142910 2030.5
1142920 2030.5
1142930 2022.3
1142940 2008.7
1142950 2000.7
1142960 2000.7
1142970 1994.5
1142980 1988.8
1142990 1988.8
1143000 1983.4
1143010 1978.5
1143020 1978.5
1143030 1974.0
1143040 1969.6
1143050 1969.6
1143060 1965.2
1143070 1959.2
1143080 1959.2
1143090 1952.9
1143100 1946.2
1143110 1946.2
1143120 1938.6
1143130 1931.9
1143140 1931.9
1143150 1926.1
1143160 1923.4
1143170 1923.4
1143180 1910.7
1143190 1883.9
1143200 1879.4
1143210 1879.4
1143220 1877.0
1143230 1873.8
1143240 1873.8
1143250 1867.3
1143260 1861.8
1143270 1861.8
1143280 1859.5
1143290 1859.2
1143300 1859.2
1143310 1859.2
1143320 1858.5
1143330 1858.5
1143340 1856.6
1143350 1852.8
1143360 1852.8
1143370 1846.8
1143380 1840.8
1143390 1840.8
1143400 1836.0
1143410 1835.6
1143420 1835.6
1143430 1834.1
1143440 1826.0
1143450 1818.1
1143460 1818.1
1143470 1814.2
1143480 1815.3
1143490 1815.3
1143500 1817.3
1143510 1817.4
1143520 1817.4
1143530 1816.4
1143540 1813.8
1143550 1813.8
1143560 1807.5
1143570 1802.7
1143580 1802.7
1143590 1797.7
1143600 1794.2
1143610 1794.2
1143620 1795.6
1143630 1795.3
1143640 1795.3
1143650 1793.1
1143660 1792.5
1143670 1792.5
1143680 1793.1
1143690 1793.1
1143700 1792.2
1143710 1792.2
1143720 1790.1
1143730 1785.8
1143740 1785.8
1143750 1782.8
1143760 1780.1
1143770 1780.1
1143780 1776.6
1143790 1774.6
1143800 1774.6
1143810 1773.6
1143820 1773.3
1143830 1773.3
1143840 1772.7
1143850 1771.2
1143860 1771.2
1143870 1769.4
1143880 1767.9
1143890 1767.9
1143900 1766.1
1143910 1763.7
1143920 1763.7
1143930 1760.5
1143940 1752.9
1143950 1751.1
1143960 1751.1
1143970 1749.5
1143980 1747.3
1143990 1747.3
1144000 1741.8
1144010 1734.5
1144020 1734.5
1144030 1729.7
1144040 1732.0
1144050 1732.0
1144060 1735.8
1144070 1737.1
1144080 1737.1
1144090 1733.0
1144100 1730.4
1144110 1730.4
1144120 1727.0
1144130 1722.2
1144140 1722.2
1144150 1717.5
1144160 1710.7
1144170 1710.7
1144180 1704.9
1144190 1706.6
1144200 1711.9
1144210 1711.9
1144220 1715.2
1144230 1716.5
1144240 1716.5
1144250 1715.2
1144260 1712.0
1144270 1712.0
1144280 1710.5
1144290 1704.1
1144300 1704.1
1144310 1687.4
1144320 1683.3
1144330 1683.3
1144340 1681.3
1144350 1680.1
1144360 1680.1
1144370 1678.2
1144380 1675.7
1144390 1675.7
1144400 1673.1
1144410 1668.7
1144420 1668.7
1144430 1665.4
1144440 1663.7
1144450 1663.0
1144460 1663.0
1144470 1661.8
1144480 1659.8
1144490 1659.8
1144500 1658.1
1144510 1656.7
1144520 1656.7
1144530 1652.9
1144540 1652.8
1144550 1652.8
1144560 1653.7
1144570 1653.6
1144580 1653.6
1144590 1652.1
1144600 1648.6
1144610 1648.6
1144620 1645.0
1144630 1642.7
1144640 1642.7
1144650 1639.7
1144660 1635.0
1144670 1635.0
1144680 1627.7
1144690 1623.1
1144700 1617.3
1144710 1617.3
1144720 1612.5
1144730 1609.1
1144740 1609.1
1144750 1605.0
1144760 1588.7
1144770 1588.7
1144780 1570.8
1144790 1561.6
1144800 1561.6
1144810 1554.4
1144820 1549.5
1144830 1549.5
1144840 1549.3
1144850 1550.4
1144860 1550.4
1144870 1550.3
1144880 1549.1
1144890 1549.1
1144900 1544.0
1144910 1536.3
1144920 1536.3
1144930 1529.3
1144940 1526.8
1144950 1525.4
1144960 1525.4
1144970 1521.0
1144980 1515.0
1144990 1515.0
1145000 1508.0
1145010 1501.6
1145020 1501.6
1145030 1496.0
1145040 1492.2
1145050 1492.2
1145060 1485.4
1145070 1480.8
1145080 1480.8
1145090 1476.0
1145100 1471.1
1145110 1471.1
1145120 1467.0
1145130 1462.8
1145140 1462.8
1145150 1457.6
1145160 1454.0
1145170 1454.0
1145180 1450.8
1145190 1446.6
1145200 1441.6
1145210 1441.6
1145220 1435.4
1145230 1426.5
1145240 1426.5
1145250 1421.1
1145260 1415.9
1145270 1415.9
1145280 1410.6
1145290 1407.8
1145300 1407.8
1145310 1404.8
1145320 1402.8
1145330 1402.8
1145340 1400.1
1145350 1399.6
1145360 1399.6
1145370 1405.7
1145380 1416.4
1145390 1416.4
1145400 1422.3
1145410 1426.3
1145420 1426.3
1145430 1427.3
1145440 1430.8
1145450 1434.7
1145460 1434.7
1145470 1438.9
1145480 1441.6
1145490 1441.6
1145500 1444.4
1145510 1447.2
1145520 1447.2
1145530 1449.9
1145540 1452.8
1145550 1452.8
1145560 1455.7
1145570 1458.6
1145580 1458.6
1145590 1461.8
1145600 1465.2
1145610 1465.2
1145620 1468.0
1145630 1471.1
1145640 1471.1
1145650 1474.0
1145660 1476.4
1145670 1476.4
1145680 1477.3
1145690 1476.2
1145700 1473.3
1145710 1473.3
1145720 1467.1
1145730 1463.4
1145740 1463.4
1145750 1461.0
1145760 1466.7
1145770 1466.7
1145780 1477.0
1145790 1482.5
1145800 1482.5
1145810 1490.6
1145820 1493.5
1145830 1493.5
1145840 1498.5
1145850 1505.0
1145860 1505.0
1145870 1511.8
1145880 1518.9
1145890 1518.9
1145900 1526.0
1145910 1531.0
1145920 1531.0
1145930 1533.3
1145940 1534.6
1145950 1532.3
1145960 1532.3
1145970 1528.6
1145980 1527.5
1145990 1527.5
1146000 1529.3
1146010 1531.3
1146020 1531.3
1146030 1535.5
1146040 1542.1
1146050 1542.1
1146060 1546.9
1146070 1549.5
1146080 1549.5
1146090 1554.9
1146100 1561.4
1146110 1561.4
1146120 1564.7
1146130 1568.3
1146140 1568.3
1146150 1576.0
1146160 1584.3
1146170 1584.3
1146180 1594.3
1146190 1602.5
1146200 1602.5
1146210 1610.3
1146220 1617.3
1146230 1624.7
1146240 1624.7
1146250 1632.5
1146260 1639.8
1146270 1639.8
1146280 1647.0
1146290 1653.1
1146300 1653.1
1146310 1659.1
1146320 1664.5
1146330 1664.5
1146340 1669.4
1146350 1673.5
1146360 1673.5
1146370 1677.6
1146380 1682.5
1146390 1682.5
1146400 1687.9
1146410 1695.3
1146420 1695.3
1146430 1701.1
1146440 1703.7
1146450 1703.7
1146460 1699.0
1146470 1698.8
1146480 1702.8
1146490 1702.8
1146500 1705.7
1146510 1708.4
1146520 1708.4
1146530 1714.9
1146540 1722.9
1146550 1722.9
1146560 1733.1
1146570 1739.9
1146580 1739.9
1146590 1746.3
1146600 1753.8
1146610 1753.8
1146620 1760.3
1146630 1766.0
1146640 1766.0
1146650 1771.1
1146660 1775.7
1146670 1775.7
1146680 1780.4
1146690 1785.7
1146700 1785.7
1146710 1791.2
1146720 1796.4
1146730 1801.9
1146740 1801.9
1146750 1807.3
1146760 1812.5
1146770 1812.5
1146780 1818.3
1146790 1824.2
1146800 1824.2
1146810 1830.0
1146820 1835.7
1146830 1835.7
1146840 1841.3
1146850 1847.1
1146860 1847.1
1146870 1852.7
1146880 1858.2
1146890 1858.2
1146900 1863.0
1146910 1869.3
1146920 1869.3
1146930 1889.6
1146940 1895.6
1146950 1895.6
1146960 1900.2
1146970 1902.8
1146980 1899.7
1146990 1899.7
1147000 1896.3
1147010 1890.8
1147020 1890.8
1147030 1885.1
1147040 1878.3
1147050 1878.3
1147060 1871.7
1147070 1868.2
1147080 1868.2
1147090 1864.4
1147100 1859.7
1147110 1859.7
1147120 1855.3
1147130 1852.2
1147140 1852.2
1147150 1850.5
1147160 1847.8
1147170 1847.8
1147180 1843.3
1147190 1838.5
1147200 1838.5
1147210 1833.4
1147220 1829.8
1147230 1826.0
1147240 1826.0
1147250 1822.9
1147260 1821.1
1147270 1821.1
1147280 1819.6
1147290 1818.7
1147300 1818.7
1147310 1823.8
1147320 1821.8
1147330 1821.8
1147340 1819.5
1147350 1815.8
1147360 1815.8
1147370 1812.9
1147380 1813.6
1147390 1813.6
1147400 1815.9
1147410 1817.6
1147420 1817.6
1147430 1816.2
1147440 1812.0
1147450 1812.0
1147460 1806.4
1147470 1801.6
1147480 1798.4
1147490 1798.4
1147500 1796.9
1147510 1798.7
1147520 1798.7
1147530 1801.2
1147540 1797.7
1147550 1797.7
1147560 1788.9
1147570 1781.6
1147580 1781.6
1147590 1775.8
1147600 1770.0
1147610 1770.0
1147620 1763.6
1147630 1756.9
1147640 1756.9
1147650 1750.8
1147660 1745.6
1147670 1745.6
1147680 1741.8
1147690 1745.2
1147700 1745.2
1147710 1740.4
1147720 1736.1
1147730 1733.1
1147740 1733.1
1147750 1731.7
1147760 1732.2
1147770 1732.2
1147780 1733.1
1147790 1730.6
1147800 1730.6
1147810 1726.7
1147820 1722.5
1147830 1722.5
1147840 1718.3
1147850 1714.2
1147860 1714.2
1147870 1710.4
1147880 1706.5
1147890 1706.5
1147900 1701.1
1147910 1693.8
1147920 1693.8
1147930 1685.8
1147940 1680.3
1147950 1680.3
1147960 1676.6
1147970 1672.8
1147980 1668.7
1147990 1668.7
1148000 1664.7
1148010 1662.9
1148020 1662.9
1148030 1659.2
1148040 1654.5
1148050 1654.5
1148060 1649.6
1148070 1648.1
1148080 1648.1
1148090 1645.5
1148100 1642.3
1148110 1642.3
1148120 1639.3
1148130 1636.9
1148140 1636.9
1148150 1634.1
1148160 1630.8
1148170 1630.8
1148180 1627.6
1148190 1624.8
1148200 1624.8
1148210 1622.5
1148220 1620.1
1148230 1617.2
1148240 1617.2
1148250 1613.4
1148260 1609.3
1148270 1609.3
1148280 1605.4
1148290 1602.1
1148300 1602.1
1148310 1599.6
1148320 1597.2
1148330 1597.2
1148340 1594.3
1148350 1591.5
1148360 1591.5
1148370 1588.9
1148380 1587.1
1148390 1587.1
1148400 1586.2
1148410 1582.6
1148420 1582.6
1148430 1583.2
1148440 1588.3
1148450 1588.3
1148460 1594.8
1148470 1602.0
1148480 1606.3
1148490 1606.3
1148500 1610.0
1148510 1612.8
1148520 1612.8
1148530 1616.1
1148540 1620.4
1148550 1620.4
1148560 1623.9
1148570 1626.5
1148580 1626.5
1148590 1629.9
1148600 1633.4
1148610 1633.4
1148620 1636.6
1148630 1641.0
1148640 1641.0
1148650 1646.0
1148660 1650.7
1148670 1650.7
1148680 1656.4
1148690 1662.3
1148700 1662.3
1148710 1667.8
1148720 1672.0
1148730 1676.2
1148740 1676.2
1148750 1682.4
1148760 1689.5
1148770 1689.5
1148780 1696.7
1148790 1703.5
1148800 1703.5
1148810 1710.2
1148820 1716.3
1148830 1716.3
1148840 1723.9
1148850 1731.8
1148860 1731.8
1148870 1738.2
1148880 1742.9
1148890 1742.9
1148900 1748.6
1148910 1755.4
1148920 1755.4
1148930 1763.1
1148940 1770.7
1148950 1770.7
1148960 1777.3
1148970 1784.0
1148980 1790.2
1148990 1790.2
1149000 1795.5
1149010 1799.8
1149020 1799.8
1149030 1803.9
1149040 1808.3
1149050 1808.3
1149060 1812.5
1149070 1816.8
1149080 1816.8
1149090 1821.3
1149100 1826.1
1149110 1826.1
1149120 1831.0
1149130 1834.9
1149140 1834.9
1149150 1837.4
1149160 1841.2
1149170 1841.2
1149180 1845.4
1149190 1850.6
1149200 1845.3
1149210 1849.4
1149220 1851.6
1149230 1853.1
1149240 1853.1
1149250 1855.9
1149260 1859.8
1149270 1859.8
1149280 1864.0
1149290 1868.9
1149300 1868.9
1149310 1875.0
1149320 1882.3
1149330 1882.3
1149340 1887.4
1149350 1889.9
1149360 1889.9
1149370 1892.0
1149380 1896.2
1149390 1896.2
1149400 1899.5
1149410 1902.9
1149420 1902.9
1149430 1905.6
1149440 1908.0
1149450 1908.0
1149460 1910.2
1149470 1913.8
1149480 1919.1
1149490 1919.1
1149500 1923.7
1149510 1928.3
1149520 1928.3
1149530 1932.5
1149540 1937.5
1149550 1937.5
1149560 1943.1
1149570 1948.7
1149580 1942.4
1149590 1946.6
1149600 1950.9
1149610 1950.9
1149620 1955.9
1149630 1960.3
1149640 1960.3
1149650 1964.8
1149660 1969.7
1149670 1969.7
1149680 1975.0
1149690 1980.7
1149700 1980.7
1149710 1985.3
1149720 1989.9
1149730 1997.1
1149740 1997.1
1149750 2004.1
1149760 2010.2
1149770 2010.2
1149780 2016.9
1149790 2024.3
1149800 2024.3
1149810 2031.0
1149820 2036.8
1149830 2036.8
1149840 2042.2
1149850 2046.9
1149860 2046.9
1149870 2050.5
1149880 2053.8
1149890 2053.8
1149900 2056.8
1149910 2059.6
1149920 2059.6
1149930 2062.8
1149940 2066.4
1149950 2066.4
1149960 2066.0
1149970 2070.0
1149980 2074.4
1149990 2074.4
1150000 2078.7
1150010 2082.5
1150020 2082.5
1150030 2086.9
1150040 2091.9
1150050 2091.9
1150060 2096.5
1150070 2100.4
1150080 2100.4
1150090 2103.8
1150100 2107.1
1150110 2107.1
1150120 2110.3
1150130 2113.0
1150140 2113.0
1150150 2116.4
1150160 2119.4
1150170 2119.4
1150180 2123.2
1150190 2128.4
1150200 2128.4
1150210 2133.6
1150220 2138.7
1150230 2138.7
1150240 2143.9
1150250 2149.1
1150260 2153.1
1150270 2153.1
1150280 2154.7
1150290 2155.8
1150300 2155.8
1150310 2157.4
1150320 2158.9
1150330 2158.9
1150340 2156.2
1150350 2159.7
1150360 2159.7
1150370 2163.3
1150380 2166.5
1150390 2166.5
1150400 2169.9
1150410 2173.0
1150420 2173.0
1150430 2176.5
1150440 2180.4
1150450 2180.4
1150460 2184.6
1150470 2188.8
1150480 2188.8
1150490 2192.7
1150500 2196.7
1150510 2200.7
1150520 2200.7
1150530 2204.8
1150540 2209.8
1150550 2209.8
1150560 2215.9
1150570 2222.0
1150580 2222.0
1150590 2227.5
1150600 2233.4
1150610 2233.4
1150620 2239.7
1150630 2246.3
1150640 2246.3
1150650 2252.6
1150660 2258.3
1150670 2258.3
1150680 2263.1
1150690 2266.6
1150700 2266.6
1150710 2269.8
1150720 2269.4
1150730 2269.4
1150740 2272.7
1150750 2276.1
1150760 2280.0
1150770 2280.0
1150780 2284.4
1150790 2288.8
1150800 2288.8
1150810 2293.4
1150820 2297.6
1150830 2297.6
1150840 2301.3
1150850 2306.7
1150860 2306.7
1150870 2312.5
1150880 2318.1
1150890 2318.1
1150900 2324.6
1150910 2330.6
1150920 2330.6
1150930 2337.1
1150940 2344.1
1150950 2344.1
1150960 2350.3
1150970 2356.5
1150980 2356.5
1150990 2362.7
1151000 2369.5
1151010 2376.5
1151020 2376.5
1151030 2383.4
1151040 2390.6
1151050 2390.6
1151060 2398.2
1151070 2405.4
1151080 2405.4
1151090 2412.1
1151100 2417.6
1151110 2417.6
1151120 2422.4
1151130 2427.0
1151140 2427.0
1151150 2431.8
1151160 2438.3
1151170 2438.3
1151180 2446.4
1151190 2454.6
1151200 2454.6
1151210 2462.5
1151220 2469.2
1151230 2469.2
1151240 2471.9
1151250 2466.4
1151260 2457.3
1151270 2457.3
1151280 2450.0
1151290 2444.0
1151300 2444.0
1151310 2438.9
1151320 2434.1
1151330 2434.1
1151340 2429.3
1151350 2424.3
1151360 2424.3
1151370 2419.5
1151380 2414.7
1151390 2414.7
1151400 2409.2
1151410 2403.3
1151420 2403.3
1151430 2398.1
1151440 2393.5
1151450 2393.5
1151460 2388.2
1151470 2381.7
1151480 2382.2
1151490 2378.1
1151500 2375.1
1151510 2372.7
1151520 2372.7
1151530 2370.1
1151540 2367.7
1151550 2367.7
1151560 2365.7
1151570 2363.4
1151580 2363.4
1151590 2360.7
1151600 2357.8
1151610 2357.8
1151620 2355.1
1151630 2352.5
1151640 2352.5
1151650 2350.5
1151660 2347.9
1151670 2347.9
1151680 2345.7
1151690 2345.3
1151700 2345.3
1151710 2345.8
1151720 2347.6
1151730 2347.6
1151740 2349.8
1151750 2350.4
1151760 2350.3
1151770 2350.3
1151780 2349.8
1151790 2348.2
1151800 2348.2
1151810 2347.5
1151820 2343.4
1151830 2343.4
1151840 2338.1
1151850 2340.9
1151860 2340.9
1151870 2354.2
1151880 2357.5
1151890 2357.5
1151900 2355.4
1151910 2352.4
1151920 2352.4
1151930 2345.8
1151940 2335.3
1151950 2335.3
1151960 2324.4
1151970 2313.4
1151980 2313.4
1151990 2305.1
1152000 2300.8
1152010 2298.8
1152020 2298.8
1152030 2298.5
1152040 2296.3
1152050 2296.3
1152060 2295.1
1152070 2290.0
1152080 2290.0
1152090 2281.2
1152100 2266.9
1152110 2266.9
1152120 2259.9
1152130 2263.8
1152140 2263.8
1152150 2262.1
1152160 2254.9
1152170 2254.9
1152180 2247.4
1152190 2247.4
1152200 2247.4
1152210 2242.5
1152220 2241.2
1152230 2241.2
1152240 2249.4
1152250 2267.2
1152260 2268.2
1152270 2268.2
1152280 2268.7
1152290 2264.9
1152300 2264.9
1152310 2261.2
1152320 2257.2
1152330 2257.2
1152340 2252.5
1152350 2249.9
1152360 2249.9
1152370 2250.4
1152380 2253.3
1152390 2253.3
1152400 2250.8
1152410 2252.9
1152420 2252.9
1152430 2254.9
1152440 2255.8
1152450 2255.8
1152460 2254.2
1152470 2257.1
1152480 2257.1
1152490 2259.7
1152500 2266.5
1152510 2271.1
1152520 2271.1
1152530 2269.7
1152540 2266.3
1152550 2266.3
1152560 2261.0
1152570 2255.3
1152580 2255.3
1152590 2248.9
1152600 2245.2
1152610 2245.2
1152620 2250.3
1152630 2264.1
1152640 2264.1
1152650 2264.3
1152660 2258.6
1152670 2258.6
1152680 2258.0
1152690 2261.3
1152700 2261.3
1152710 2260.7
1152720 2254.8
1152730 2254.8
1152740 2253.0
1152750 2253.2
1152760 2253.8
1152770 2253.8
1152780 2253.8
1152790 2255.8
1152800 2255.8
1152810 2256.3
1152820 2256.8
1152830 2256.8
1152840 2261.4
1152850 2265.3
1152860 2265.3
1152870 2267.8
1152880 2271.7
1152890 2271.7
1152900 2275.8
1152910 2282.3
1152920 2282.3
1152930 2293.1
1152940 2304.7
1152950 2304.7
1152960 2316.3
1152970 2328.5
1152980 2328.5
1152990 2341.7
1153000 2353.6
1153010 2370.0
1153020 2370.0
1153030 2379.4
1153040 2380.4
1153050 2380.4
1153060 2379.6
1153070 2380.1
1153080 2380.1
1153090 2386.0
1153100 2393.2
1153110 2393.2
1153120 2400.6
1153130 2414.3
1153140 2414.3
1153150 2439.1
1153160 2444.3
1153170 2444.3
1153180 2445.6
1153190 2449.7
1153200 2449.7
1153210 2454.5
1153220 2456.1
1153230 2456.1
1153240 2458.7
1153250 2462.6
1153260 2459.2
1153270 2459.2
1153280 2456.9
1153290 2455.6
1153300 2455.6
1153310 2450.7
1153320 2446.6
1153330 2446.6
1153340 2439.3
1153350 2427.2
1153360 2427.2
1153370 2434.2
1153380 2447.0
1153390 2447.0
1153400 2466.5
1153410 2478.6
1153420 2478.6
1153430 2480.8
1153440 2481.0
1153450 2481.0
1153460 2480.0
1153470 2475.0
1153480 2475.0
1153490 2476.4
1153500 2478.2
1153510 2478.8
1153520 2478.8
1153530 2479.1
1153540 2482.0
1153550 2482.0
1153560 2486.4
1153570 2488.7
1153580 2488.7
1153590 2488.5
1153600 2488.5
1153610 2488.5
1153620 2491.7
1153630 2495.7
1153640 2495.7
1153650 2498.6
1153660 2501.7
1153670 2501.7
1153680 2504.6
1153690 2507.0
1153700 2507.0
1153710 2509.3
1153720 2512.9
1153730 2512.9
1153740 2518.7
1153750 2524.1
1153760 2530.6
1153770 2530.6
1153780 2540.6
1153790 2542.1
1153800 2542.1
1153810 2544.1
1153820 2546.8
1153830 2546.8
1153840 2550.2
1153850 2553.2
1153860 2553.2
1153870 2556.4
1153880 2557.8
1153890 2557.8
1153900 2557.6
1153910 2559.9
1153920 2559.9
1153930 2562.6
1153940 2566.4
1153950 2566.4
1153960 2571.3
1153970 2576.6
1153980 2576.6
1153990 2581.9
1154000 2587.8
1154010 2594.1
1154020 2594.1
1154030 2600.5
1154040 2610.1
1154050 2610.1
1154060 2618.0
1154070 2624.6
1154080 2624.6
1154090 2632.2
1154100 2639.5
1154110 2639.5
1154120 2646.5
1154130 2653.8
1154140 2653.8
1154150 2660.6
1154160 2668.0
1154170 2665.6
1154180 2673.0
1154190 2680.7
1154200 2680.7
1154210 2688.2
1154220 2695.9
1154230 2695.9
1154240 2703.5
1154250 2710.8
1154260 2717.6
1154270 2717.6
1154280 2724.2
1154290 2730.3
1154300 2730.3
1154310 2735.6
1154320 2740.0
1154330 2740.0
1154340 2743.5
1154350 2744.8
1154360 2744.8
1154370 2741.5
1154380 2735.8
1154390 2735.8
1154400 2730.3
1154410 2725.3
1154420 2725.3
1154430 2721.0
1154440 2717.4
1154450 2717.4
1154460 2714.6
1154470 2712.1
1154480 2712.1
1154490 2709.7
1154500 2707.1
1154510 2707.1
1154520 2704.0
1154530 2700.5
1154540 2698.5
1154550 2694.0
1154560 2692.7
1154570 2692.0
1154580 2692.0
1154590 2691.5
1154600 2690.8
1154610 2690.8
1154620 2690.0
1154630 2689.5
1154640 2689.5
1154650 2689.4
1154660 2688.8
1154670 2688.8
1154680 2682.0
1154690 2671.9
1154700 2671.9
1154710 2665.1
1154720 2657.9
1154730 2657.9
1154740 2648.4
1154750 2637.7
1154760 2637.7
1154770 2626.8
1154780 2613.0
1154790 2601.4
1154800 2601.4
1154810 2593.4
1154820 2586.6
1154830 2586.6
1154840 2579.7
1154850 2574.0
1154860 2574.0
1154870 2569.1
1154880 2564.9
1154890 2564.9
1154900 2561.9
1154910 2559.3
1154920 2559.3
1154930 2557.2
1154940 2559.3
1154950 2559.3
1154960 2556.4
1154970 2552.8
1154980 2552.8
1154990 2548.8
1155000 2544.8
1155010 2544.8
1155020 2540.8
1155030 2537.1
1155040 2534.3
1155050 2534.3
1155060 2532.7
1155070 2531.3
1155080 2531.3
1155090 2530.3
1155100 2529.9
1155110 2529.9
1155120 2527.6
1155130 2525.6
1155140 2525.6
1155150 2523.1
1155160 2520.7
1155170 2520.7
1155180 2517.1
1155190 2509.8
1155200 2509.8
1155210 2501.8
1155220 2495.8
1155230 2495.8
1155240 2491.1
1155250 2486.8
1155260 2486.8
1155270 2482.4
1155280 2478.2
1155290 2473.7
1155300 2473.7
1155310 2469.2
1155320 2463.3
1155330 2463.3
1155340 2457.9
1155350 2453.0
1155360 2453.0
1155370 2448.3
1155380 2443.1
1155390 2443.1
1155400 2438.0
1155410 2433.7
1155420 2433.7
1155430 2428.6
1155440 2424.1
1155450 2424.1
1155460 2417.9
1155470 2411.6
1155480 2411.6
1155490 2406.9
1155500 2402.1
1155510 2402.1
1155520 2397.7
1155530 2392.9
1155540 2388.5
1155550 2388.5
1155560 2385.7
1155570 2382.1
1155580 2382.1
1155590 2378.7
1155600 2375.8
1155610 2375.8
1155620 2372.3
1155630 2368.2
1155640 2368.2
1155650 2364.6
1155660 2360.9
1155670 2360.9
1155680 2356.1
1155690 2350.7
1155700 2350.7
1155710 2349.5
1155720 2347.2
1155730 2347.2
1155740 2343.6
1155750 2341.6
1155760 2341.6
1155770 2339.3
1155780 2334.9
1155790 2329.4
1155800 2329.4
1155810 2323.5
1155820 2317.7
1155830 2317.7
1155840 2310.1
1155850 2303.3
1155860 2303.3
1155870 2298.6
1155880 2293.7
1155890 2293.7
1155900 2288.3
1155910 2282.8
1155920 2282.8
1155930 2278.1
1155940 2273.5
1155950 2273.5
1155960 2268.7
1155970 2263.2
1155980 2263.2
1155990 2258.0
1156000 2253.7
1156010 2253.7
1156020 2250.3
1156030 2247.1
1156040 2245.2
1156050 2245.2
1156060 2244.7
1156070 2246.5
1156080 2246.5
1156090 2247.5
1156100 2254.7
1156110 2254.7
1156120 2257.5
1156130 2259.7
1156140 2259.7
1156150 2262.1
1156160 2264.8
1156170 2264.8
1156180 2267.1
1156190 2268.2
1156200 2268.2
1156210 2269.4
1156220 2271.2
1156230 2271.2
1156240 2272.7
1156250 2273.5
1156260 2273.5
1156270 2274.1
1156280 2274.9
1156290 2274.5
1156300 2274.5
1156310 2273.9
1156320 2272.3
1156330 2272.3
1156340 2270.5
1156350 2271.8
1156360 2271.8
1156370 2274.2
1156380 2275.3
1156390 2275.3
1156400 2274.4
1156410 2274.3
1156420 2274.3
1156430 2278.9
1156440 2282.5
1156450 2282.5
1156460 2289.0
1156470 2299.9
1156480 2332.1
1156490 2343.4
1156500 2350.4
1156510 2350.4
1156520 2359.8
1156530 2372.0
1156540 2409.4
1156550 2409.4
1156560 2425.1
1156570 2425.8
1156580 2425.8
1156590 2425.0
1156600 2427.4
1156610 2427.4
1156620 2427.0
1156630 2432.8
1156640 2432.8
1156650 2440.4
1156660 2444.2
1156670 2444.2
1156680 2451.7
1156690 2455.6
1156700 2455.6
1156710 2456.1
1156720 2465.7
1156730 2465.7
1156740 2474.3
1156750 2466.8
1156760 2466.8
1156770 2460.6
1156780 2451.4
1156790 2443.3
1156800 2443.3
1156810 2437.5
1156820 2433.8
1156830 2433.8
1156840 2438.9
1156850 2445.4
1156860 2445.4
1156870 2463.3
1156880 2473.3
1156890 2473.3
1156900 2479.6
1156910 2482.1
1156920 2482.1
1156930 2497.7
1156940 2514.9
1156950 2514.9
1156960 2537.3
1156970 2549.6
1156980 2549.6
1156990 2559.8
1157000 2566.2
1157010 2566.2
1157020 2569.2
1157030 2568.8
1157040 2568.0
1157050 2568.0
1157060 2567.4
1157070 2571.3
1157080 2571.3
1157090 2575.7
1157100 2577.4
1157110 2577.4
1157120 2575.0
1157130 2568.9
1157140 2568.9
1157150 2562.8
1157160 2557.7
1157170 2557.7
1157180 2548.8
1157190 2534.7
1157200 2534.7
1157210 2520.8
1157220 2508.0
1157230 2508.0
1157240 2498.0
1157250 2489.5
1157260 2487.6
1157270 2476.6
1157280 2466.2
1157290 2457.2
1157300 2457.2
1157310 2448.5
1157320 2439.0
1157330 2439.0
1157340 2430.0
1157350 2423.7
1157360 2423.7
1157370 2417.8
1157380 2410.4
1157390 2410.4
1157400 2403.4
1157410 2397.2
1157420 2397.2
1157430 2390.9
1157440 2384.3
1157450 2384.3
1157460 2378.2
1157470 2373.0
1157480 2373.0
1157490 2368.2
1157500 2362.9
1157510 2362.9
1157520 2357.1
1157530 2350.4
1157540 2343.1
1157550 2343.1
1157560 2336.5
1157570 2330.3
1157580 2330.3
1157590 2323.9
1157600 2317.5
1157610 2317.5
1157620 2311.3
1157630 2306.3
1157640 2306.3
1157650 2296.4
1157660 2290.2
1157670 2290.2
1157680 2283.0
1157690 2274.0
1157700 2274.0
1157710 2264.4
1157720 2255.2
1157730 2255.2
1157740 2245.8
1157750 2233.1
1157760 2233.1
1157770 2219.7
1157780 2206.5
1157790 2190.7
1157800 2190.7
1157810 2176.0
1157820 2166.8
1157830 2166.8
1157840 2160.0
1157850 2152.6
1157860 2152.6
1157870 2142.4
1157880 2134.7
1157890 2134.7
1157900 2125.6
1157910 2116.8
1157920 2116.8
1157930 2110.1
1157940 2103.7
1157950 2103.7
1157960 2096.6
1157970 2089.2
1157980 2089.2
1157990 2080.3
1158000 2071.5
1158010 2071.5
1158020 2063.0
1158030 2054.7
1158040 2047.5
1158050 2047.5
1158060 2036.1
1158070 2022.5
1158080 2022.5
1158090 2010.9
1158100 2000.4
1158110 2000.4
1158120 1991.0
1158130 1982.2
1158140 1982.2
1158150 1973.4
1158160 1965.2
1158170 1965.2
1158180 1956.5
1158190 1946.2
1158200 1946.2
1158210 1939.0
1158220 1940.3
1158230 1940.3
1158240 1939.8
1158250 1939.2
1158260 1939.2
1158270 1939.7
1158280 1937.6
1158290 1932.2
1158300 1932.2
1158310 1926.7
1158320 1925.0
1158330 1925.0
1158340 1922.0
1158350 1916.5
1158360 1916.5
1158370 1912.8
1158380 1909.2
1158390 1909.2
1158400 1901.5
1158410 1892.0
1158420 1892.0
1158430 1879.7
1158440 1868.4
1158450 1868.4
1158460 1852.0
1158470 1839.6
1158480 1839.6
1158490 1829.9
1158500 1821.0
1158510 1821.0
1158520 1812.3
1158530 1804.5
1158540 1797.2
1158550 1797.2
1158560 1790.2
1158570 1782.8
1158580 1782.8
1158590 1775.4
1158600 1768.4
1158610 1768.4
1158620 1761.5
1158630 1755.2
1158640 1755.2
1158650 1749.4
1158660 1743.8
1158670 1743.8
1158680 1738.8
1158690 1733.9
1158700 1733.9
1158710 1729.3
1158720 1725.0
1158730 1725.0
1158740 1720.6
1158750 1715.1
1158760 1715.1
1158770 1709.6
1158780 1707.1
1158790 1705.0
1158800 1705.0
1158810 1704.0
1158820 1706.4
1158830 1706.4
1158840 1707.0
1158850 1712.0
1158860 1712.0
1158870 1715.8
1158880 1718.1
1158890 1718.1
1158900 1720.5
1158910 1723.1
1158920 1723.1
1158930 1725.6
1158940 1728.3
1158950 1728.3
1158960 1730.2
1158970 1731.8
1158980 1731.8
1158990 1733.7
1159000 1735.5
1159010 1735.5
1159020 1736.8
1159030 1739.0
1159040 1741.9
1159050 1741.9
1159060 1745.8
1159070 1749.3
1159080 1749.3
1159090 1753.2
1159100 1757.8
1159110 1757.8
1159120 1762.9
1159130 1767.8
1159140 1767.8
1159150 1772.7
1159160 1777.5
1159170 1777.5
1159180 1782.1
1159190 1786.8
1159200 1786.8
1159210 1796.3
1159220 1801.7
1159230 1801.7
1159240 1807.1
1159250 1812.1
1159260 1812.1
1159270 1816.7
1159280 1820.2
1159290 1820.2
1159300 1820.6
1159310 1822.6
1159320 1835.2
1159330 1835.2
1159340 1855.8
1159350 1875.4
1159360 1875.4
1159370 1890.8
1159380 1908.1
1159390 1908.1
1159400 1924.5
1159410 1936.0
1159420 1936.0
1159430 1939.2
1159440 1940.1
1159450 1940.1
1159460 1953.6
1159470 1963.5
1159480 1963.5
1159490 1973.5
1159500 1987.8
1159510 1987.8
1159520 2000.3
1159530 2011.9
1159540 2011.9
1159550 2022.9
1159560 2030.3
1159570 2036.1
1159580 2036.1
1159590 2047.1
1159600 2064.4
1159610 2064.4
1159620 2074.3
1159630 2082.7
1159640 2082.7
1159650 2090.1
1159660 2097.2
1159670 2097.2
1159680 2103.3
1159690 2107.6
1159700 2107.6
1159710 2112.2
1159720 2119.8
1159730 2119.8
1159740 2128.4
1159750 2133.7
1159760 2133.7
1159770 2140.0
1159780 2147.6
1159790 2147.6
1159800 2154.6
1159810 2162.4
1159820 2172.3
1159830 2172.3
1159840 2181.2
1159850 2189.8
1159860 2189.8
1159870 2197.0
1159880 2204.0
1159890 2204.0
1159900 2211.4
1159910 2218.3
1159920 2218.3
1159930 2224.8
1159940 2231.3
1159950 2231.3
1159960 2237.1
1159970 2242.6
1159980 2242.6
1159990 2245.8
