1140000 1633.7
1140010 1633.7
1140020 1636.7
1140030 1640.1
1140040 1640.1
1140050 1645.0
1140060 1649.8
1140070 1654.4
1140080 1654.4
1140090 1658.3
1140100 1661.1
1140110 1661.1
1140120 1664.1
1140130 1667.7
1140140 1667.7
1140150 1671.0
1140160 1674.3
1140170 1674.3
1140180 1677.2
1140190 1679.3
1140200 1679.3
1140210 1681.7
1140220 1685.2
1140230 1685.2
1140240 1688.9
1140250 1691.7
1140260 1691.7
1140270 1693.8
1140280 1693.6
1140290 1693.6
1140300 1699.6
1140310 1706.3
1140320 1710.8
1140330 1710.8
1140340 1715.6
1140350 1720.4
1140360 1720.4
1140370 1724.4
1140380 1729.3
1140390 1729.3
1140400 1734.0
1140410 1734.0
1140420 1734.0
1140430 1734.8
1140440 1746.8
1140450 1746.8
1140460 1757.1
1140470 1764.4
1140480 1764.4
1140490 1771.9
1140500 1779.9
1140510 1779.9
1140520 1788.4
1140530 1795.8
1140540 1795.8
1140550 1803.4
1140560 1809.1
1140570 1815.8
1140580 1815.8
1140590 1830.1
1140600 1847.7
1140610 1847.7
1140620 1860.6
1140630 1868.8
1140640 1868.8
1140650 1873.7
1140660 1878.8
1140670 1878.8
1140680 1885.1
1140690 1892.2
1140700 1892.2
1140710 1900.0
1140720 1905.4
1140730 1905.4
1140740 1910.7
1140750 1916.6
1140760 1916.6
1140770 1922.8
1140780 1928.1
1140790 1928.1
1140800 1933.2
1140810 1941.6
1140820 1950.3
1140830 1950.3
1140840 1956.6
1140850 1960.6
1140860 1961.7
1140870 1964.7
1140880 1964.5
1140890 1964.5
1140900 1963.8
1140910 1961.0
1140920 1961.0
1140930 1959.6
1140940 1961.7
1140950 1961.7
1140960 1966.0
1140970 1973.9
1140980 1973.9
1140990 1982.9
1141000 1987.6
1141010 1987.6
1141020 1992.8
1141030 2005.3
1141040 2005.3
1141050 2017.3
1141060 2027.4
1141070 2027.4
1141080 2037.3
1141090 2045.8
1141100 2051.6
1141110 2051.6
1141120 2055.6
1141130 2059.5
1141140 2059.5
1141150 2064.1
1141160 2068.8
1141170 2068.8
1141180 2073.9
1141190 2079.1
1141200 2079.1
1141210 2084.4
1141220 2089.7
1141230 2091.0
1141240 2096.8
1141250 2102.9
1141260 2102.9
1141270 2109.2
1141280 2115.5
1141290 2115.5
1141300 2121.7
1141310 2127.7
1141320 2127.7
1141330 2133.7
1141340 2140.1
1141350 2147.2
1141360 2147.2
1141370 2154.8
1141380 2163.5
1141390 2163.5
1141400 2172.5
1141410 2180.3
1141420 2180.3
1141430 2187.5
1141440 2194.0
1141450 2194.0
1141460 2200.8
1141470 2207.4
1141480 2207.4
1141490 2213.4
1141500 2219.0
1141510 2219.0
1141520 2224.6
1141530 2229.1
1141540 2229.1
1141550 2233.7
1141560 2239.3
1141570 2239.3
1141580 2244.8
1141590 2248.6
1141600 2254.9
1141610 2254.9
1141620 2258.6
1141630 2262.1
1141640 2262.1
1141650 2265.1
1141660 2267.4
1141670 2267.4
1141680 2269.5
1141690 2269.0
1141700 2269.0
1141710 2268.1
1141720 2268.7
1141730 2268.7
1141740 2268.2
1141750 2266.5
1141760 2266.5
1141770 2264.6
1141780 2263.5
1141790 2263.5
1141800 2266.1
1141810 2265.5
1141820 2265.5
1141830 2268.4
1141840 2271.9
1141850 2275.8
1141860 2275.8
1141870 2281.5
1141880 2286.5
1141890 2286.5
1141900 2291.1
1141910 2295.6
1141920 2295.6
1141930 2300.1
1141940 2303.6
1141950 2303.6
1141960 2307.6
1141970 2317.5
1141980 2317.5
1141990 2322.4
1142000 2327.7
1142010 2327.7
1142020 2332.4
1142030 2334.8
1142040 2334.8
1142050 2335.2
1142060 2335.6
1142070 2335.6
1142080 2336.8
1142090 2338.7
1142100 2340.1
1142110 2340.1
1142120 2341.4
1142130 2342.7
1142140 2342.7
1142150 2345.1
1142160 2348.9
1142170 2348.9
1142180 2352.8
1142190 2356.1
1142200 2356.1
1142210 2358.2
1142220 2357.9
1142230 2357.9
1142240 2350.1
1142250 2341.9
1142260 2341.9
1142270 2333.7
1142280 2324.2
1142290 2324.2
1142300 2314.3
1142310 2305.3
1142320 2305.3
1142330 2297.9
1142340 2291.0
1142350 2284.1
1142360 2284.1
1142370 2277.1
1142380 2270.9
1142390 2270.9
1142400 2264.3
1142410 2257.9
1142420 2257.9
1142430 2251.8
1142440 2246.2
1142450 2246.2
1142460 2241.2
1142470 2236.8
1142480 2236.8
1142490 2233.2
1142500 2229.5
1142510 2229.5
1142520 2225.9
1142530 2222.9
1142540 2222.9
1142550 2220.3
1142560 2217.3
1142570 2217.3
1142580 2213.4
1142590 2209.3
1142600 2205.5
1142610 2205.5
1142620 2202.2
1142630 2199.4
1142640 2199.4
1142650 2197.1
1142660 2194.7
1142670 2194.7
1142680 2191.9
1142690 2189.2
1142700 2189.2
1142710 2187.0
1142720 2180.9
1142730 2180.9
1142740 2178.5
1142750 2176.1
1142760 2176.1
1142770 2173.4
1142780 2170.8
1142790 2170.8
1142800 2168.1
1142810 2165.6
1142820 2165.6
1142830 2162.8
1142840 2160.3
1142850 2157.5
1142860 2157.5
1142870 2154.4
1142880 2150.7
1142890 2150.7
1142900 2147.2
1142910 2142.9
1142920 2142.9
1142930 2139.1
1142940 2136.5
1142950 2136.5
1142960 2134.2
1142970 2131.8
1142980 2131.8
1142990 2128.6
1143000 2125.0
1143010 2125.0
1143020 2120.5
1143030 2115.5
1143040 2115.5
1143050 2111.3
1143060 2108.9
1143070 2108.9
1143080 2109.8
1143090 2105.4
1143100 2104.7
1143110 2104.7
1143120 2100.1
1143130 2096.0
1143140 2096.0
1143150 2097.1
1143160 2097.9
1143170 2097.9
1143180 2098.4
1143190 2097.9
1143200 2097.9
1143210 2095.4
1143220 2093.3
1143230 2093.3
1143240 2091.7
1143250 2089.7
1143260 2089.7
1143270 2087.7
1143280 2086.6
1143290 2086.6
1143300 2087.1
1143310 2086.6
1143320 2086.6
1143330 2085.1
1143340 2084.2
1143350 2084.2
1143360 2082.5
1143370 2080.9
1143380 2078.6
1143390 2078.6
1143400 2075.4
1143410 2072.7
1143420 2072.7
1143430 2069.5
1143440 2065.8
1143450 2065.8
1143460 2059.7
1143470 2057.1
1143480 2057.1
1143490 2053.4
1143500 2048.2
1143510 2048.2
1143520 2044.9
1143530 2042.1
1143540 2042.1
1143550 2039.5
1143560 2037.1
1143570 2037.1
1143580 2035.8
1143590 2033.4
1143600 2033.4
1143610 2031.2
1143620 2028.6
1143630 2025.7
1143640 2025.7
1143650 2022.8
1143660 2020.0
1143670 2020.0
1143680 2015.5
1143690 2003.2
1143700 2003.2
1143710 1988.9
1143720 1982.9
1143730 1982.9
1143740 1977.8
1143750 1972.5
1143760 1972.5
1143770 1965.8
1143780 1959.6
1143790 1959.6
1143800 1957.5
1143810 1956.3
1143820 1956.3
1143830 1948.1
1143840 1945.9
1143850 1945.9
1143860 1942.9
1143870 1939.5
1143880 1935.8
1143890 1935.8
1143900 1932.6
1143910 1928.8
1143920 1928.8
1143930 1925.6
1143940 1922.1
1143950 1922.1
1143960 1918.7
1143970 1915.4
1143980 1915.4
1143990 1911.3
1144000 1905.9
1144010 1905.9
1144020 1899.2
1144030 1893.7
1144040 1893.7
1144050 1890.3
1144060 1886.8
1144070 1886.8
1144080 1882.9
1144090 1878.1
1144100 1878.1
1144110 1873.0
1144120 1869.8
1144130 1868.1
1144140 1868.1
1144150 1867.0
1144160 1865.8
1144170 1865.8
1144180 1863.1
1144190 1861.1
1144200 1861.1
1144210 1855.8
1144220 1854.1
1144230 1854.1
1144240 1852.0
1144250 1849.5
1144260 1849.5
1144270 1846.3
1144280 1843.2
1144290 1843.2
1144300 1840.6
1144310 1838.4
1144320 1838.4
1144330 1836.1
1144340 1833.9
1144350 1833.9
1144360 1832.3
1144370 1830.6
1144380 1828.8
1144390 1828.8
1144400 1826.7
1144410 1824.7
1144420 1824.7
1144430 1823.7
1144440 1822.3
1144450 1822.3
1144460 1820.9
1144470 1819.0
1144480 1819.0
1144490 1817.2
1144500 1815.6
1144510 1815.6
1144520 1813.8
1144530 1811.6
1144540 1811.6
1144550 1809.3
1144560 1807.3
1144570 1807.3
1144580 1802.8
1144590 1801.1
1144600 1801.1
1144610 1799.6
1144620 1797.9
1144630 1796.1
1144640 1796.1
1144650 1794.5
1144660 1792.6
1144670 1792.6
1144680 1789.9
1144690 1789.4
1144700 1789.4
1144710 1790.5
1144720 1791.4
1144730 1791.4
1144740 1791.3
1144750 1790.5
1144760 1790.5
1144770 1789.6
1144780 1788.0
1144790 1788.0
1144800 1785.4
1144810 1782.5
1144820 1782.5
1144830 1779.3
1144840 1774.2
1144850 1774.2
1144860 1767.1
1144870 1759.8
1144880 1753.2
1144890 1753.2
1144900 1747.1
1144910 1741.4
1144920 1741.4
1144930 1735.5
1144940 1729.6
1144950 1729.6
1144960 1721.9
1144970 1717.8
1144980 1717.8
1144990 1714.4
1145000 1709.4
1145010 1709.4
1145020 1702.8
1145030 1697.0
1145040 1697.0
1145050 1692.2
1145060 1686.1
1145070 1686.1
1145080 1676.7
1145090 1668.2
1145100 1668.2
1145110 1661.4
1145120 1653.7
1145130 1648.4
1145140 1648.4
1145150 1643.0
1145160 1636.1
1145170 1636.1
1145180 1629.3
1145190 1621.7
1145200 1621.7
1145210 1616.2
1145220 1611.6
1145230 1611.6
1145240 1606.8
1145250 1597.8
1145260 1597.8
1145270 1583.5
1145280 1566.5
1145290 1566.5
1145300 1554.6
1145310 1547.7
1145320 1547.7
1145330 1544.5
1145340 1534.6
1145350 1534.6
1145360 1526.4
1145370 1520.2
1145380 1514.4
1145390 1514.4
1145400 1509.7
1145410 1502.1
1145420 1502.1
1145430 1494.4
1145440 1488.4
1145450 1488.4
1145460 1481.5
1145470 1476.9
1145480 1476.9
1145490 1478.0
1145500 1477.9
1145510 1477.9
1145520 1476.5
1145530 1474.4
1145540 1474.4
1145550 1472.2
1145560 1469.7
1145570 1469.7
1145580 1467.4
1145590 1464.9
1145600 1464.9
1145610 1464.2
1145620 1465.0
1145630 1465.0
1145640 1466.0
1145650 1464.8
1145660 1457.7
1145670 1457.7
1145680 1450.8
1145690 1444.2
1145700 1444.2
1145710 1436.7
1145720 1434.6
1145730 1434.6
1145740 1432.9
1145750 1430.8
1145760 1430.8
1145770 1426.2
1145780 1419.9
1145790 1419.9
1145800 1413.1
1145810 1406.0
1145820 1406.0
1145830 1397.7
1145840 1387.1
1145850 1387.1
1145860 1376.1
1145870 1363.1
1145880 1363.1
1145890 1356.3
1145900 1355.0
1145910 1360.8
1145920 1360.8
1145930 1369.9
1145940 1378.1
1145950 1378.1
1145960 1381.9
1145970 1388.9
1145980 1388.9
1145990 1396.1
1146000 1400.1
1146010 1400.1
1146020 1404.7
1146030 1408.3
1146040 1408.3
1146050 1412.3
1146060 1417.5
1146070 1417.5
1146080 1422.6
1146090 1424.9
1146100 1424.9
1146110 1426.3
1146120 1427.8
1146130 1427.8
1146140 1430.1
1146150 1433.1
1146160 1436.6
1146170 1436.6
1146180 1440.8
1146190 1445.2
1146200 1445.2
1146210 1448.2
1146220 1450.2
1146230 1450.2
1146240 1454.9
1146250 1459.6
1146260 1459.6
1146270 1464.8
1146280 1471.1
1146290 1471.1
1146300 1478.3
1146310 1484.8
1146320 1484.8
1146330 1492.2
1146340 1499.3
1146350 1499.3
1146360 1506.2
1146370 1513.0
1146380 1513.0
1146390 1519.6
1146400 1526.7
1146410 1534.8
1146420 1534.8
1146430 1542.7
1146440 1551.0
1146450 1551.0
1146460 1559.2
1146470 1566.2
1146480 1566.2
1146490 1570.8
1146500 1574.7
1146510 1574.7
1146520 1578.9
1146530 1583.3
1146540 1583.3
1146550 1588.7
1146560 1595.0
1146570 1595.0
1146580 1601.6
1146590 1608.8
1146600 1608.8
1146610 1616.0
1146620 1623.4
1146630 1623.4
1146640 1631.3
1146650 1639.0
1146660 1646.4
1146670 1646.4
1146680 1653.6
1146690 1660.5
1146700 1660.5
1146710 1666.8
1146720 1671.1
1146730 1671.1
1146740 1675.6
1146750 1679.8
1146760 1679.8
1146770 1682.9
1146780 1685.2
1146790 1685.2
1146800 1687.4
1146810 1688.1
1146820 1688.1
1146830 1691.7
1146840 1688.2
1146850 1688.2
1146860 1684.3
1146870 1679.9
1146880 1679.9
1146890 1675.6
1146900 1671.3
1146910 1666.9
1146920 1666.9
1146930 1661.9
1146940 1656.9
1146950 1656.9
1146960 1651.9
1146970 1647.1
1146980 1647.1
1146990 1644.1
1147000 1641.4
1147010 1641.4
1147020 1638.0
1147030 1634.7
1147040 1634.7
1147050 1631.7
1147060 1629.0
1147070 1629.0
1147080 1627.3
1147090 1626.0
1147100 1626.0
1147110 1624.6
1147120 1622.7
1147130 1622.7
1147140 1620.7
1147150 1616.4
1147160 1611.4
1147170 1611.4
1147180 1608.5
1147190 1605.5
1147200 1605.5
1147210 1606.0
1147220 1604.0
1147230 1604.0
1147240 1602.3
1147250 1601.7
1147260 1601.7
1147270 1601.0
1147280 1600.6
1147290 1600.6
1147300 1599.6
1147310 1597.6
1147320 1597.6
1147330 1594.8
1147340 1591.6
1147350 1591.6
1147360 1588.4
1147370 1584.6
1147380 1584.6
1147390 1580.8
1147400 1576.2
1147410 1572.4
1147420 1572.4
1147430 1569.0
1147440 1566.7
1147450 1566.7
1147460 1564.7
1147470 1563.2
1147480 1563.2
1147490 1562.2
1147500 1561.8
1147510 1561.8
1147520 1562.2
1147530 1562.7
1147540 1562.7
1147550 1562.2
1147560 1560.6
1147570 1560.6
1147580 1558.0
1147590 1555.2
1147600 1555.2
1147610 1552.6
1147620 1550.3
1147630 1550.3
1147640 1547.6
1147650 1542.1
1147660 1514.3
1147670 1514.3
1147680 1498.8
1147690 1492.5
1147700 1492.5
1147710 1487.9
1147720 1484.4
1147730 1484.4
1147740 1482.0
1147750 1480.7
1147760 1480.7
1147770 1479.6
1147780 1478.7
1147790 1478.7
1147800 1477.0
1147810 1474.7
1147820 1474.7
1147830 1472.4
1147840 1474.0
1147850 1474.0
1147860 1476.7
1147870 1478.7
1147880 1478.7
1147890 1481.3
1147900 1487.1
1147910 1492.0
1147920 1492.0
1147930 1499.1
1147940 1505.4
1147950 1505.4
1147960 1510.5
1147970 1516.0
1147980 1516.0
1147990 1521.4
1148000 1527.5
1148010 1527.5
1148020 1533.7
1148030 1540.2
1148040 1540.2
1148050 1547.1
1148060 1554.2
1148070 1554.2
1148080 1562.1
1148090 1570.6
1148100 1570.6
1148110 1578.4
1148120 1586.1
1148130 1586.1
1148140 1594.0
1148150 1603.0
1148160 1603.0
1148170 1611.7
1148180 1620.0
1148190 1628.2
1148200 1628.2
1148210 1637.1
1148220 1645.5
1148230 1645.5
1148240 1652.9
1148250 1658.4
1148260 1658.4
1148270 1664.1
1148280 1669.9
1148290 1669.9
1148300 1675.5
1148310 1681.9
1148320 1681.9
1148330 1688.7
1148340 1690.7
1148350 1690.7
1148360 1695.3
1148370 1698.9
1148380 1698.9
1148390 1702.0
1148400 1704.8
1148410 1704.8
1148420 1707.0
1148430 1707.7
1148440 1708.1
1148450 1708.1
1148460 1712.5
1148470 1718.7
1148480 1718.7
1148490 1724.1
1148500 1727.5
1148510 1727.5
1148520 1729.6
1148530 1731.0
1148540 1731.0
1148550 1732.1
1148560 1733.8
1148570 1733.8
1148580 1735.5
1148590 1736.6
1148600 1736.6
1148610 1737.9
1148620 1739.5
1148630 1739.5
1148640 1741.8
1148650 1744.3
1148660 1744.3
1148670 1745.9
1148680 1747.7
1148690 1750.0
1148700 1750.0
1148710 1751.7
1148720 1748.4
1148730 1748.4
1148740 1752.7
1148750 1756.9
1148760 1756.9
1148770 1760.9
1148780 1764.8
1148790 1764.8
1148800 1768.5
1148810 1772.0
1148820 1772.0
1148830 1776.4
1148840 1781.0
1148850 1781.0
1148860 1785.5
1148870 1791.3
1148880 1791.3
1148890 1797.0
1148900 1802.3
1148910 1802.3
1148920 1807.0
1148930 1811.7
1148940 1816.6
1148950 1816.6
1148960 1822.5
1148970 1829.2
1148980 1829.2
1148990 1835.3
1149000 1841.2
1149010 1841.2
1149020 1848.0
1149030 1854.9
1149040 1854.9
1149050 1862.8
1149060 1869.3
1149070 1869.3
1149080 1874.5
1149090 1881.3
1149100 1882.1
1149110 1891.1
1149120 1899.1
1149130 1899.1
1149140 1907.3
1149150 1915.9
1149160 1915.9
1149170 1924.2
1149180 1931.7
1149190 1937.7
1149200 1937.7
1149210 1942.9
1149220 1948.3
1149230 1948.3
1149240 1954.2
1149250 1960.1
1149260 1960.1
1149270 1964.6
1149280 1969.5
1149290 1969.5
1149300 1974.5
1149310 1978.6
1149320 1978.6
1149330 1982.1
1149340 1988.2
1149350 1988.2
1149360 2000.0
1149370 2006.1
1149380 2006.1
1149390 2011.4
1149400 2017.3
1149410 2017.3
1149420 2023.0
1149430 2030.0
1149440 2039.5
1149450 2039.5
1149460 2049.3
1149470 2057.2
1149480 2054.1
1149490 2065.3
1149500 2076.2
1149510 2076.2
1149520 2085.5
1149530 2094.1
1149540 2094.1
1149550 2099.5
1149560 2108.6
1149570 2108.6
1149580 2125.1
1149590 2136.7
1149600 2136.7
1149610 2144.3
1149620 2152.7
1149630 2152.7
1149640 2155.3
1149650 2157.3
1149660 2157.3
1149670 2159.5
1149680 2161.7
1149690 2164.4
1149700 2164.4
1149710 2167.1
1149720 2169.7
1149730 2169.7
1149740 2172.6
1149750 2175.6
1149760 2175.6
1149770 2178.4
1149780 2181.9
1149790 2181.9
1149800 2186.1
1149810 2190.0
1149820 2190.0
1149830 2194.0
1149840 2198.7
1149850 2198.7
1149860 2202.8
1149870 2208.4
1149880 2208.4
1149890 2211.9
1149900 2215.5
1149910 2215.5
1149920 2220.3
1149930 2224.9
1149940 2229.3
1149950 2229.3
1149960 2233.5
1149970 2237.8
1149980 2237.8
1149990 2242.0
1150000 2245.1
1150010 2245.1
1150020 2247.6
1150030 2251.3
1150040 2251.3
1150050 2254.3
1150060 2258.2
1150070 2258.2
1150080 2262.2
1150090 2265.9
1150100 2265.9
1150110 2269.4
1150120 2273.4
1150130 2273.4
1150140 2277.9
1150150 2281.6
1150160 2281.6
1150170 2288.5
1150180 2294.0
1150190 2297.8
1150200 2297.8
1150210 2301.2
1150220 2304.4
1150230 2304.4
1150240 2303.2
1150250 2307.9
1150260 2307.9
1150270 2312.3
1150280 2316.5
1150290 2316.5
1150300 2320.5
1150310 2323.8
1150320 2323.8
1150330 2327.4
1150340 2332.0
1150350 2332.0
1150360 2336.7
1150370 2341.8
1150380 2341.8
1150390 2347.4
1150400 2353.2
1150410 2353.2
1150420 2358.6
1150430 2363.8
1150440 2368.2
1150450 2368.2
1150460 2371.3
1150470 2374.0
1150480 2374.0
1150490 2379.7
1150500 2384.7
1150510 2384.7
1150520 2389.6
1150530 2394.3
1150540 2394.3
1150550 2399.7
1150560 2398.6
1150570 2398.6
1150580 2398.2
1150590 2402.7
1150600 2402.7
1150610 2410.2
1150620 2408.2
1150630 2408.2
1150640 2410.7
1150650 2414.4
1150660 2414.4
1150670 2420.0
1150680 2425.7
1150690 2425.1
1150700 2425.1
1150710 2425.0
1150720 2427.1
1150730 2427.1
1150740 2436.4
1150750 2442.5
1150760 2442.5
1150770 2445.2
1150780 2453.0
1150790 2453.0
1150800 2459.3
1150810 2461.1
1150820 2461.1
1150830 2462.5
1150840 2466.3
1150850 2466.3
1150860 2471.5
1150870 2475.8
1150880 2475.8
1150890 2479.7
1150900 2483.4
1150910 2483.4
1150920 2487.8
1150930 2491.3
1150940 2492.7
1150950 2492.7
1150960 2495.6
1150970 2499.1
1150980 2499.1
1150990 2500.3
1151000 2498.4
1151010 2498.4
1151020 2494.7
1151030 2479.9
1151040 2479.9
1151050 2454.8
1151060 2435.3
1151070 2435.3
1151080 2426.4
1151090 2419.1
1151100 2419.1
1151110 2412.0
1151120 2406.0
1151130 2406.0
1151140 2400.2
1151150 2394.5
1151160 2394.5
1151170 2388.2
1151180 2380.6
1151190 2380.6
1151200 2372.6
1151210 2365.2
1151220 2357.0
1151230 2357.0
1151240 2348.5
1151250 2339.2
1151260 2339.2
1151270 2328.6
1151280 2315.0
1151290 2315.0
1151300 2304.5
1151310 2296.2
1151320 2296.2
1151330 2289.8
1151340 2283.8
1151350 2283.8
1151360 2276.4
1151370 2270.2
1151380 2270.8
1151390 2265.8
1151400 2260.8
1151410 2260.8
1151420 2255.3
1151430 2249.5
1151440 2249.5
1151450 2243.7
1151460 2238.3
1151470 2232.8
1151480 2232.8
1151490 2227.5
1151500 2222.6
1151510 2222.6
1151520 2218.6
1151530 2215.2
1151540 2215.2
1151550 2212.4
1151560 2210.1
1151570 2210.1
1151580 2208.7
1151590 2207.4
1151600 2207.4
1151610 2205.7
1151620 2204.2
1151630 2204.2
1151640 2203.7
1151650 2205.2
1151660 2205.2
1151670 2203.7
1151680 2200.6
1151690 2200.6
1151700 2199.0
1151710 2196.2
1151720 2192.0
1151730 2192.0
1151740 2184.7
1151750 2175.6
1151760 2173.3
1151770 2163.6
1151780 2150.7
1151790 2150.7
1151800 2134.8
1151810 2115.6
1151820 2115.6
1151830 2097.1
1151840 2075.3
1151850 2075.3
1151860 2044.0
1151870 2019.6
1151880 2019.6
1151890 2012.4
1151900 2006.1
1151910 2006.1
1151920 1999.1
1151930 1991.9
1151940 1991.9
1151950 1986.1
1151960 1980.3
1151970 1974.6
1151980 1974.6
1151990 1969.1
1152000 1963.6
1152010 1963.6
1152020 1958.9
1152030 1955.9
1152040 1955.9
1152050 1955.1
1152060 1955.2
1152070 1955.2
1152080 1955.5
1152090 1955.0
1152100 1955.0
1152110 1954.4
1152120 1954.8
1152130 1954.8
1152140 1956.4
1152150 1960.2
1152160 1960.2
1152170 1961.2
1152180 1963.6
1152190 1963.6
1152200 1964.5
1152210 1965.8
1152220 1967.6
1152230 1967.6
1152240 1968.4
1152250 1966.8
1152260 1966.8
1152270 1969.8
1152280 1971.7
1152290 1971.7
1152300 1973.0
1152310 1974.2
1152320 1974.2
1152330 1976.2
1152340 1978.7
1152350 1978.7
1152360 1980.9
1152370 1983.6
1152380 1983.6
1152390 1986.8
1152400 1990.4
1152410 1990.4
1152420 1993.8
1152430 1996.6
1152440 1996.6
1152450 1999.3
1152460 2002.7
1152470 2007.1
1152480 2007.1
1152490 2011.9
1152500 2014.7
1152510 2014.7
1152520 2015.3
1152530 2020.6
1152540 2020.6
1152550 2021.7
1152560 2021.0
1152570 2021.0
1152580 2020.6
1152590 2019.9
1152600 2019.9
1152610 2020.3
1152620 2019.3
1152630 2019.3
1152640 2015.2
1152650 2015.6
1152660 2015.6
1152670 2025.8
1152680 2036.4
1152690 2036.4
1152700 2043.2
1152710 2048.2
1152720 2053.3
1152730 2053.3
1152740 2059.0
1152750 2064.2
1152760 2064.2
1152770 2069.2
1152780 2074.5
1152790 2074.5
1152800 2080.6
1152810 2087.3
1152820 2087.3
1152830 2094.4
1152840 2101.3
1152850 2101.3
1152860 2108.0
1152870 2114.4
1152880 2114.4
1152890 2119.1
1152900 2122.9
1152910 2128.8
1152920 2135.8
1152930 2152.8
1152940 2152.8
1152950 2174.9
1152960 2187.8
1152970 2196.9
1152980 2196.9
1152990 2203.9
1153000 2214.0
1153010 2214.0
1153020 2223.5
1153030 2228.9
1153040 2228.9
1153050 2233.9
1153060 2241.1
1153070 2241.1
1153080 2248.0
1153090 2260.0
1153100 2260.0
1153110 2279.6
1153120 2285.7
1153130 2285.7
1153140 2287.3
1153150 2289.5
1153160 2289.5
1153170 2291.6
1153180 2293.7
1153190 2293.7
1153200 2296.3
1153210 2299.8
1153220 2303.3
1153230 2303.3
1153240 2307.1
1153250 2313.7
1153260 2313.7
1153270 2321.9
1153280 2328.4
1153290 2328.4
1153300 2326.9
1153310 2335.5
1153320 2335.5
1153330 2340.5
1153340 2345.7
1153350 2345.7
1153360 2352.6
1153370 2357.0
1153380 2357.0
1153390 2361.4
1153400 2367.6
1153410 2367.6
1153420 2374.1
1153430 2379.5
1153440 2379.5
1153450 2387.2
1153460 2396.9
1153470 2402.7
1153480 2402.7
1153490 2405.6
1153500 2409.4
1153510 2409.4
1153520 2416.4
1153530 2424.6
1153540 2424.6
1153550 2430.4
1153560 2436.7
1153570 2436.7
1153580 2447.0
1153590 2459.6
1153600 2459.6
1153610 2474.0
1153620 2485.6
1153630 2485.6
1153640 2494.5
1153650 2504.2
1153660 2504.2
1153670 2511.5
1153680 2544.3
1153690 2544.3
1153700 2554.3
1153710 2564.5
1153720 2564.5
1153730 2569.3
1153740 2574.4
1153750 2582.5
1153760 2582.5
1153770 2590.9
1153780 2598.4
1153790 2598.4
1153800 2605.8
1153810 2614.1
1153820 2614.1
1153830 2621.8
1153840 2629.6
1153850 2629.6
1153860 2637.3
1153870 2645.9
1153880 2645.9
1153890 2655.0
1153900 2661.4
1153910 2661.4
1153920 2666.2
1153930 2670.6
1153940 2670.6
1153950 2675.8
1153960 2681.5
1153970 2681.5
1153980 2686.9
1153990 2693.0
1154000 2699.7
1154010 2699.7
1154020 2706.5
1154030 2713.5
1154040 2713.5
1154050 2723.1
1154060 2732.8
1154070 2732.8
1154080 2742.2
1154090 2759.9
1154100 2759.9
1154110 2775.2
1154120 2784.3
1154130 2784.3
1154140 2791.4
1154150 2810.6
1154160 2810.6
1154170 2821.8
1154180 2812.3
1154190 2812.3
1154200 2825.1
1154210 2862.5
1154220 2862.5
1154230 2871.0
1154240 2872.6
1154250 2876.0
1154260 2876.0
1154270 2879.6
1154280 2883.0
1154290 2883.0
1154300 2883.6
1154310 2886.8
1154320 2886.8
1154330 2883.9
1154340 2846.4
1154350 2846.4
1154360 2785.4
1154370 2768.1
1154380 2768.1
1154390 2757.8
1154400 2750.1
1154410 2750.1
1154420 2741.5
1154430 2723.3
1154440 2723.3
1154450 2692.3
1154460 2669.6
1154470 2669.6
1154480 2659.9
1154490 2650.3
1154500 2636.4
1154510 2636.4
1154520 2634.4
1154530 2623.2
1154540 2623.2
1154550 2598.9
1154560 2591.7
1154570 2591.7
1154580 2584.4
1154590 2576.7
1154600 2576.7
1154610 2569.6
1154620 2562.8
1154630 2562.8
1154640 2556.3
1154650 2550.1
1154660 2550.1
1154670 2543.2
1154680 2536.9
1154690 2536.9
1154700 2530.8
1154710 2524.7
1154720 2524.7
1154730 2518.6
1154740 2512.3
1154750 2506.2
1154760 2506.2
1154770 2500.1
1154780 2494.1
1154790 2494.1
1154800 2488.2
1154810 2481.6
1154820 2481.6
1154830 2475.4
1154840 2469.4
1154850 2469.4
1154860 2463.3
1154870 2457.4
1154880 2457.4
1154890 2451.6
1154900 2445.5
1154910 2445.5
1154920 2439.0
1154930 2433.1
1154940 2433.1
1154950 2427.2
1154960 2421.4
1154970 2421.4
1154980 2415.8
1154990 2410.5
1155000 2405.4
1155010 2405.4
1155020 2400.2
1155030 2394.6
1155040 2394.6
1155050 2388.9
1155060 2383.6
1155070 2383.6
1155080 2378.3
1155090 2373.0
1155100 2373.0
1155110 2368.2
1155120 2363.7
1155130 2363.7
1155140 2359.2
1155150 2355.0
1155160 2355.0
1155170 2350.3
1155180 2345.7
1155190 2345.7
1155200 2341.8
1155210 2337.9
1155220 2339.4
1155230 2335.9
1155240 2332.5
1155250 2328.7
1155260 2328.7
1155270 2324.7
1155280 2321.2
1155290 2321.2
1155300 2318.0
1155310 2315.2
1155320 2315.2
1155330 2312.2
1155340 2309.3
1155350 2309.3
1155360 2306.2
1155370 2302.8
1155380 2302.8
1155390 2299.2
1155400 2296.0
1155410 2296.0
1155420 2292.4
1155430 2288.5
1155440 2288.5
1155450 2284.5
1155460 2280.4
1155470 2280.4
1155480 2277.2
1155490 2274.2
1155500 2272.3
1155510 2272.3
1155520 2270.8
1155530 2268.0
1155540 2268.0
1155550 2263.8
1155560 2259.5
1155570 2259.5
1155580 2255.5
1155590 2252.1
1155600 2252.1
1155610 2252.8
1155620 2246.7
1155630 2246.7
1155640 2237.7
1155650 2228.5
1155660 2228.5
1155670 2220.1
1155680 2213.1
1155690 2213.1
1155700 2208.7
1155710 2204.1
1155720 2204.1
1155730 2199.5
1155740 2194.7
1155750 2190.6
1155760 2190.6
1155770 2185.8
1155780 2181.1
1155790 2181.1
1155800 2176.5
1155810 2171.8
1155820 2171.8
1155830 2167.3
1155840 2162.7
1155850 2162.7
1155860 2158.7
1155870 2154.9
1155880 2154.9
1155890 2150.8
1155900 2145.9
1155910 2145.9
1155920 2141.0
1155930 2137.0
1155940 2137.0
1155950 2133.2
1155960 2129.4
1155970 2129.4
1155980 2125.5
1155990 2122.3
1156000 2119.0
1156010 2119.0
1156020 2115.9
1156030 2113.3
1156040 2113.3
1156050 2110.7
1156060 2108.1
1156070 2108.1
1156080 2105.7
1156090 2103.3
1156100 2103.3
1156110 2100.9
1156120 2098.5
1156130 2098.5
1156140 2096.2
1156150 2094.2
1156160 2094.2
1156170 2092.0
1156180 2090.2
1156190 2090.2
1156200 2088.5
1156210 2086.8
1156220 2086.8
1156230 2085.0
1156240 2082.9
1156250 2081.0
1156260 2081.0
1156270 2079.4
1156280 2078.2
1156290 2078.2
1156300 2076.9
1156310 2075.3
1156320 2075.3
1156330 2074.0
1156340 2072.2
1156350 2072.2
1156360 2070.5
1156370 2068.5
1156380 2068.5
1156390 2066.8
1156400 2065.3
1156410 2065.3
1156420 2063.8
1156430 2062.3
1156440 2062.3
1156450 2060.7
1156460 2059.1
1156470 2059.1
1156480 2058.2
1156490 2058.7
1156500 2058.7
1156510 2059.7
1156520 2060.3
1156530 2060.9
1156540 2060.9
1156550 2060.9
1156560 2060.9
1156570 2060.9
1156580 2060.4
1156590 2059.6
1156600 2059.6
1156610 2058.8
1156620 2058.1
1156630 2058.1
1156640 2057.3
1156650 2056.2
1156660 2056.2
1156670 2054.6
1156680 2053.1
1156690 2053.1
1156700 2051.7
1156710 2051.4
1156720 2051.4
1156730 2051.7
1156740 2051.0
1156750 2051.0
1156760 2050.8
1156770 2054.6
1156780 2056.0
1156790 2056.0
1156800 2057.5
1156810 2058.8
1156820 2058.8
1156830 2058.8
1156840 2058.2
1156850 2058.2
1156860 2058.3
1156870 2058.1
1156880 2058.1
1156890 2058.7
1156900 2058.6
1156910 2058.6
1156920 2058.9
1156930 2060.2
1156940 2060.2
1156950 2061.5
1156960 2062.7
1156970 2062.7
1156980 2063.5
1156990 2065.0
1157000 2065.0
1157010 2066.0
1157020 2066.9
1157030 2068.1
1157040 2068.1
1157050 2068.8
1157060 2069.1
1157070 2069.1
1157080 2070.2
1157090 2070.3
1157100 2070.3
1157110 2070.4
1157120 2070.2
1157130 2070.2
1157140 2071.9
1157150 2074.3
1157160 2081.0
1157170 2082.9
1157180 2091.9
1157190 2091.9
1157200 2111.7
1157210 2127.9
1157220 2127.9
1157230 2140.4
1157240 2152.7
1157250 2152.7
1157260 2158.1
1157270 2157.7
1157280 2152.8
1157290 2152.8
1157300 2154.6
1157310 2164.4
1157320 2164.4
1157330 2177.3
1157340 2190.4
1157350 2190.4
1157360 2204.3
1157370 2217.5
1157380 2217.5
1157390 2229.3
1157400 2241.1
1157410 2241.1
1157420 2255.3
1157430 2269.2
1157440 2269.2
1157450 2281.7
1157460 2297.4
1157470 2297.4
1157480 2314.5
1157490 2327.5
1157500 2327.5
1157510 2332.7
1157520 2342.2
1157530 2349.5
1157540 2349.5
1157550 2369.9
1157560 2376.8
1157570 2376.8
1157580 2383.0
1157590 2389.8
1157600 2389.8
1157610 2387.7
1157620 2380.1
1157630 2380.1
1157640 2372.3
1157650 2365.0
1157660 2365.0
1157670 2357.4
1157680 2350.0
1157690 2350.0
1157700 2343.3
1157710 2336.8
1157720 2336.8
1157730 2330.4
1157740 2324.6
1157750 2324.6
1157760 2318.3
1157770 2311.8
1157780 2306.0
1157790 2306.0
1157800 2301.6
1157810 2298.3
1157820 2298.3
1157830 2293.1
1157840 2284.3
1157850 2284.3
1157860 2272.8
1157870 2260.1
1157880 2260.1
1157890 2248.1
1157900 2226.9
1157910 2226.9
1157920 2207.9
1157930 2199.1
1157940 2199.1
1157950 2189.6
1157960 2182.9
1157970 2182.9
1157980 2169.0
1157990 2137.9
1158000 2137.9
1158010 2123.6
1158020 2116.9
1158030 2108.3
1158040 2108.3
1158050 2103.4
1158060 2098.0
1158070 2098.0
1158080 2086.7
1158090 2072.4
1158100 2072.4
1158110 2061.5
1158120 2055.3
1158130 2055.3
1158140 2044.4
1158150 2033.2
1158160 2033.2
1158170 2023.2
1158180 2015.2
1158190 2015.2
1158200 2007.8
1158210 2000.2
1158220 2000.2
1158230 1991.5
1158240 1979.7
1158250 1979.7
1158260 1967.5
1158270 1956.3
1158280 1947.8
1158290 1947.8
1158300 1939.1
1158310 1931.0
1158320 1931.0
1158330 1920.8
1158340 1912.4
1158350 1912.4
1158360 1904.9
1158370 1896.9
1158380 1896.9
1158390 1886.4
1158400 1876.1
1158410 1876.1
1158420 1870.4
1158430 1865.4
1158440 1865.4
1158450 1855.9
1158460 1844.3
1158470 1844.3
1158480 1835.4
1158490 1826.8
1158500 1826.8
1158510 1818.1
1158520 1809.0
1158530 1800.1
1158540 1800.1
1158550 1793.5
1158560 1788.7
1158570 1788.7
1158580 1783.7
1158590 1778.2
1158600 1778.2
1158610 1772.8
1158620 1767.4
1158630 1767.4
1158640 1762.3
1158650 1757.2
1158660 1757.2
1158670 1751.9
1158680 1746.5
1158690 1746.5
1158700 1741.0
1158710 1735.4
1158720 1735.4
1158730 1730.4
1158740 1725.9
1158750 1725.9
1158760 1721.7
1158770 1717.6
1158780 1713.7
1158790 1713.7
1158800 1709.8
1158810 1706.4
1158820 1706.4
1158830 1703.3
1158840 1700.4
1158850 1700.4
1158860 1697.9
1158870 1696.0
1158880 1696.0
1158890 1695.0
1158900 1693.7
1158910 1693.7
1158920 1690.6
1158930 1686.4
1158940 1686.4
1158950 1680.8
1158960 1675.8
1158970 1675.8
1158980 1671.7
1158990 1670.6
1159000 1670.6
1159010 1669.9
1159020 1668.5
1159030 1666.3
1159040 1666.3
1159050 1663.3
1159060 1659.7
1159070 1659.7
1159080 1656.1
1159090 1651.6
1159100 1650.9
1159110 1653.6
1159120 1657.7
1159130 1657.7
1159140 1661.0
1159150 1663.5
1159160 1663.5
1159170 1666.4
1159180 1669.4
1159190 1669.4
1159200 1672.5
1159210 1676.0
1159220 1676.0
1159230 1679.5
1159240 1683.5
1159250 1683.5
1159260 1688.0
1159270 1692.4
1159280 1696.2
1159290 1696.2
1159300 1700.3
1159310 1703.7
1159320 1703.7
1159330 1707.1
1159340 1710.8
1159350 1710.8
1159360 1714.8
1159370 1719.5
1159380 1719.5
1159390 1724.0
1159400 1728.5
1159410 1728.5
1159420 1732.8
1159430 1737.1
1159440 1737.1
1159450 1742.1
1159460 1747.5
1159470 1747.5
1159480 1752.8
1159490 1757.9
1159500 1759.0
1159510 1765.4
1159520 1771.3
1159530 1771.3
1159540 1775.8
1159550 1779.4
1159560 1786.3
1159570 1786.3
1159580 1794.2
1159590 1801.5
1159600 1801.5
1159610 1808.3
1159620 1814.5
1159630 1814.5
1159640 1819.1
1159650 1822.9
1159660 1822.9
1159670 1828.6
1159680 1836.7
1159690 1836.7
1159700 1846.1
1159710 1856.3
1159720 1856.3
1159730 1866.2
1159740 1875.8
1159750 1875.8
1159760 1886.9
1159770 1894.6
1159780 1894.6
1159790 1902.5
1159800 1915.7
1159810 1930.9
1159820 1930.9
1159830 1950.6
1159840 1974.8
1159850 1974.8
1159860 1982.3
1159870 1988.4
1159880 1988.4
1159890 2000.0
1159900 2008.0
1159910 2008.0
1159920 2017.6
1159930 2025.3
1159940 2025.3
1159950 2030.6
1159960 2036.0
1159970 2036.0
1159980 2040.7
1159990 2050.1
