1140000 1755.5
1140010 1765.7
1140020 1765.7
1140030 1773.6
1140040 1778.7
1140050 1778.7
1140060 1782.0
1140070 1785.7
1140080 1785.7
1140090 1795.1
1140100 1815.4
1140110 1815.4
1140120 1830.6
1140130 1842.4
1140140 1842.4
1140150 1850.8
1140160 1856.6
1140170 1863.6
1140180 1863.6
1140190 1869.0
1140200 1874.2
1140210 1874.2
1140220 1879.7
1140230 1884.6
1140240 1884.6
1140250 1889.1
1140260 1894.4
1140270 1894.4
1140280 1900.3
1140290 1906.6
1140300 1906.6
1140310 1912.9
1140320 1920.2
1140330 1920.2
1140340 1937.6
1140350 1949.1
1140360 1949.1
1140370 1957.5
1140380 1962.8
1140390 1962.8
1140400 1966.3
1140410 1968.7
1140420 1971.9
1140430 1971.9
1140440 1977.0
1140450 1981.3
1140460 1981.3
1140470 1986.0
1140480 1990.7
1140490 1990.7
1140500 1995.9
1140510 2002.3
1140520 2002.3
1140530 2009.3
1140540 2015.7
1140550 2015.7
1140560 2022.7
1140570 2029.5
1140580 2029.5
1140590 2036.2
1140600 2042.7
1140610 2042.7
1140620 2048.9
1140630 2054.8
1140640 2054.8
1140650 2058.1
1140660 2059.8
1140670 2059.8
1140680 2063.3
1140690 2071.9
1140700 2080.5
1140710 2086.5
1140720 2095.4
1140730 2099.7
1140740 2099.7
1140750 2106.2
1140760 2111.8
1140770 2111.8
1140780 2117.1
1140790 2124.8
1140800 2124.8
1140810 2133.7
1140820 2139.8
1140830 2139.8
1140840 2145.6
1140850 2152.6
1140860 2152.6
1140870 2160.4
1140880 2169.1
1140890 2169.1
1140900 2175.7
1140910 2182.4
1140920 2182.4
1140930 2186.6
1140940 2188.0
1140950 2188.8
1140960 2188.8
1140970 2189.2
1140980 2190.8
1140990 2190.8
1141000 2192.8
1141010 2196.2
1141020 2196.2
1141030 2198.6
1141040 2201.3
1141050 2201.3
1141060 2206.3
1141070 2210.0
1141080 2210.8
1141090 2216.8
1141100 2222.1
1141110 2222.1
1141120 2226.6
1141130 2230.7
1141140 2230.7
1141150 2237.7
1141160 2244.3
1141170 2244.3
1141180 2250.7
1141190 2256.0
1141200 2261.0
1141210 2261.0
1141220 2266.6
1141230 2271.6
1141240 2271.6
1141250 2276.5
1141260 2281.9
1141270 2281.9
1141280 2288.1
1141290 2294.3
1141300 2294.3
1141310 2300.3
1141320 2306.1
1141330 2306.1
1141340 2311.9
1141350 2317.8
1141360 2317.8
1141370 2323.1
1141380 2327.3
1141390 2327.3
1141400 2331.1
1141410 2335.9
1141420 2335.9
1141430 2341.2
1141440 2346.4
1141450 2354.1
1141460 2354.1
1141470 2360.9
1141480 2369.1
1141490 2369.1
1141500 2379.5
1141510 2390.7
1141520 2390.7
1141530 2396.8
1141540 2402.4
1141550 2402.4
1141560 2408.1
1141570 2413.0
1141580 2413.0
1141590 2417.7
1141600 2421.5
1141610 2421.5
1141620 2423.7
1141630 2425.1
1141640 2425.1
1141650 2424.8
1141660 2423.4
1141670 2423.4
1141680 2422.1
1141690 2421.3
1141700 2421.1
1141710 2421.1
1141720 2420.8
1141730 2420.7
1141740 2420.7
1141750 2419.8
1141760 2417.6
1141770 2417.6
1141780 2414.0
1141790 2410.5
1141800 2410.5
1141810 2406.1
1141820 2388.6
1141830 2388.6
1141840 2379.6
1141850 2372.7
1141860 2372.7
1141870 2366.1
1141880 2359.5
1141890 2359.5
1141900 2354.7
1141910 2351.0
1141920 2351.0
1141930 2346.4
1141940 2343.2
1141950 2338.5
1141960 2338.5
1141970 2328.0
1141980 2325.0
1141990 2325.0
1142000 2323.4
1142010 2321.1
1142020 2321.1
1142030 2318.6
1142040 2316.7
1142050 2316.7
1142060 2314.4
1142070 2310.8
1142080 2310.8
1142090 2305.0
1142100 2299.9
1142110 2299.9
1142120 2296.9
1142130 2294.3
1142140 2294.3
1142150 2292.6
1142160 2290.3
1142170 2290.3
1142180 2287.1
1142190 2282.3
1142200 2280.0
1142210 2280.0
1142220 2276.1
1142230 2271.3
1142240 2271.3
1142250 2265.1
1142260 2259.8
1142270 2259.8
1142280 2254.9
1142290 2250.8
1142300 2250.8
1142310 2248.1
1142320 2245.8
1142330 2245.8
1142340 2243.9
1142350 2242.9
1142360 2242.9
1142370 2242.6
1142380 2238.7
1142390 2238.7
1142400 2233.4
1142410 2228.2
1142420 2228.2
1142430 2223.4
1142440 2219.1
1142450 2214.9
1142460 2214.9
1142470 2209.3
1142480 2202.8
1142490 2202.8
1142500 2195.2
1142510 2189.1
1142520 2189.1
1142530 2184.2
1142540 2178.5
1142550 2178.5
1142560 2171.6
1142570 2159.8
1142580 2159.8
1142590 2154.4
1142600 2149.2
1142610 2149.2
1142620 2144.3
1142630 2139.9
1142640 2139.9
1142650 2135.5
1142660 2131.2
1142670 2131.2
1142680 2127.0
1142690 2123.6
1142700 2119.9
1142710 2119.9
1142720 2115.7
1142730 2110.7
1142740 2110.7
1142750 2105.5
1142760 2100.5
1142770 2100.5
1142780 2095.6
1142790 2090.0
1142800 2090.0
1142810 2083.8
1142820 2076.5
1142830 2076.5
1142840 2067.4
1142850 2057.8
1142860 2057.8
1142870 2048.5
1142880 2040.2
1142890 2040.2
1142900 2035.1
1142910 2030.5
1142920 2030.5
1142930 2022.3
1142940 2003.6
1142950 1996.1
1142960 1996.1
1142970 1989.8
1142980 1984.3
1142990 1984.3
1143000 1978.3
1143010 1972.7
1143020 1972.7
1143030 1967.9
1143040 1963.9
1143050 1963.9
1143060 1960.5
1143070 1957.5
1143080 1957.5
1143090 1953.3
1143100 1948.1
1143110 1948.1
1143120 1940.2
1143130 1929.5
1143140 1929.5
1143150 1915.8
1143160 1910.1
1143170 1910.1
1143180 1899.7
1143190 1883.9
1143200 1879.4
1143210 1879.4
1143220 1877.0
1143230 1873.8
1143240 1873.8
1143250 1867.3
1143260 1861.8
1143270 1861.8
1143280 1859.5
1143290 1859.2
1143300 1859.2
1143310 1852.9
1143320 1853.0
1143330 1853.0
1143340 1851.8
1143350 1849.3
1143360 1849.3
1143370 1845.9
1143380 1842.0
1143390 1842.0
1143400 1835.8
1143410 1827.5
1143420 1827.5
1143430 1824.1
1143440 1820.4
1143450 1815.6
1143460 1815.6
1143470 1810.7
1143480 1812.7
1143490 1812.7
1143500 1814.6
1143510 1814.4
1143520 1814.4
1143530 1813.7
1143540 1811.5
1143550 1811.5
1143560 1807.5
1143570 1802.7
1143580 1802.7
1143590 1797.7
1143600 1794.2
1143610 1794.2
1143620 1795.6
1143630 1795.3
1143640 1795.3
1143650 1793.1
1143660 1792.5
1143670 1792.5
1143680 1790.2
1143690 1790.9
1143700 1790.9
1143710 1790.0
1143720 1787.8
1143730 1782.7
1143740 1782.7
1143750 1778.8
1143760 1775.2
1143770 1775.2
1143780 1771.9
1143790 1770.0
1143800 1770.0
1143810 1769.1
1143820 1768.6
1143830 1768.6
1143840 1767.6
1143850 1765.8
1143860 1765.8
1143870 1763.7
1143880 1761.7
1143890 1761.7
1143900 1759.9
1143910 1757.5
1143920 1757.5
1143930 1755.0
1143940 1752.9
1143950 1752.9
1143960 1751.1
1143970 1749.5
1143980 1747.3
1143990 1747.3
1144000 1741.8
1144010 1734.5
1144020 1734.5
1144030 1729.7
1144040 1732.0
1144050 1732.0
1144060 1729.3
1144070 1731.8
1144080 1731.8
1144090 1729.1
1144100 1725.3
1144110 1725.3
1144120 1722.2
1144130 1718.7
1144140 1718.7
1144150 1715.1
1144160 1707.9
1144170 1707.9
1144180 1700.3
1144190 1701.2
1144200 1701.2
1144210 1707.6
1144220 1710.4
1144230 1712.0
1144240 1712.0
1144250 1710.9
1144260 1704.9
1144270 1704.9
1144280 1701.9
1144290 1694.6
1144300 1694.6
1144310 1687.4
1144320 1683.3
1144330 1683.3
1144340 1681.3
1144350 1680.1
1144360 1680.1
1144370 1678.2
1144380 1675.7
1144390 1675.7
1144400 1673.1
1144410 1668.7
1144420 1668.7
1144430 1661.1
1144440 1659.8
1144450 1659.8
1144460 1659.0
1144470 1657.0
1144480 1654.6
1144490 1654.6
1144500 1652.7
1144510 1650.3
1144520 1650.3
1144530 1647.0
1144540 1646.3
1144550 1646.3
1144560 1646.6
1144570 1646.4
1144580 1646.4
1144590 1644.5
1144600 1641.2
1144610 1641.2
1144620 1637.0
1144630 1634.9
1144640 1634.9
1144650 1633.3
1144660 1631.0
1144670 1631.0
1144680 1627.7
1144690 1623.1
1144700 1623.1
1144710 1617.3
1144720 1612.5
1144730 1609.1
1144740 1609.1
1144750 1605.0
1144760 1588.7
1144770 1588.7
1144780 1570.8
1144790 1561.6
1144800 1556.9
1144810 1550.9
1144820 1544.6
1144830 1544.6
1144840 1541.3
1144850 1542.7
1144860 1542.7
1144870 1542.0
1144880 1541.0
1144890 1541.0
1144900 1537.8
1144910 1532.3
1144920 1532.3
1144930 1526.0
1144940 1520.1
1144950 1520.1
1144960 1518.7
1144970 1516.2
1144980 1511.3
1144990 1511.3
1145000 1505.0
1145010 1498.9
1145020 1498.9
1145030 1492.6
1145040 1488.5
1145050 1488.5
1145060 1485.4
1145070 1480.8
1145080 1480.8
1145090 1476.0
1145100 1471.1
1145110 1471.1
1145120 1467.0
1145130 1462.8
1145140 1462.8
1145150 1457.6
1145160 1454.0
1145170 1454.0
1145180 1445.2
1145190 1441.4
1145200 1441.4
1145210 1437.6
1145220 1429.8
1145230 1423.5
1145240 1423.5
1145250 1414.3
1145260 1407.8
1145270 1407.8
1145280 1403.7
1145290 1402.7
1145300 1402.7
1145310 1402.9
1145320 1402.0
1145330 1402.0
1145340 1401.9
1145350 1404.8
1145360 1404.8
1145370 1410.5
1145380 1416.4
1145390 1416.4
1145400 1420.7
1145410 1424.1
1145420 1424.1
1145430 1427.3
1145440 1430.8
1145450 1430.8
1145460 1434.7
1145470 1438.9
1145480 1441.6
1145490 1441.6
1145500 1444.4
1145510 1447.2
1145520 1447.2
1145530 1449.9
1145540 1452.8
1145550 1454.5
1145560 1457.0
1145570 1460.1
1145580 1460.1
1145590 1463.5
1145600 1467.4
1145610 1467.4
1145620 1471.1
1145630 1474.2
1145640 1474.2
1145650 1476.1
1145660 1478.1
1145670 1478.1
1145680 1480.3
1145690 1481.2
1145700 1481.2
1145710 1480.5
1145720 1476.6
1145730 1467.2
1145740 1467.2
1145750 1464.0
1145760 1466.2
1145770 1466.2
1145780 1475.9
1145790 1487.2
1145800 1487.2
1145810 1490.6
1145820 1493.5
1145830 1493.5
1145840 1498.5
1145850 1505.0
1145860 1505.0
1145870 1511.8
1145880 1518.9
1145890 1518.9
1145900 1526.0
1145910 1531.0
1145920 1531.0
1145930 1537.1
1145940 1539.5
1145950 1539.5
1145960 1537.7
1145970 1534.6
1145980 1533.3
1145990 1533.3
1146000 1534.5
1146010 1536.3
1146020 1536.3
1146030 1538.2
1146040 1544.2
1146050 1544.2
1146060 1550.8
1146070 1555.6
1146080 1555.6
1146090 1558.2
1146100 1564.2
1146110 1564.2
1146120 1570.4
1146130 1575.2
1146140 1575.2
1146150 1580.2
1146160 1586.5
1146170 1586.5
1146180 1594.3
1146190 1602.5
1146200 1602.5
1146210 1610.3
1146220 1617.3
1146230 1624.7
1146240 1624.7
1146250 1632.5
1146260 1639.8
1146270 1639.8
1146280 1647.0
1146290 1653.1
1146300 1662.1
1146310 1666.9
1146320 1671.9
1146330 1671.9
1146340 1676.9
1146350 1680.6
1146360 1680.6
1146370 1683.1
1146380 1687.4
1146390 1687.4
1146400 1692.8
1146410 1698.4
1146420 1698.4
1146430 1704.3
1146440 1709.0
1146450 1709.0
1146460 1709.5
1146470 1709.7
1146480 1713.5
1146490 1713.5
1146500 1717.1
1146510 1718.9
1146520 1718.9
1146530 1720.3
1146540 1725.6
1146550 1725.6
1146560 1733.1
1146570 1739.9
1146580 1739.9
1146590 1746.3
1146600 1753.8
1146610 1753.8
1146620 1760.3
1146630 1766.0
1146640 1766.0
1146650 1771.1
1146660 1775.7
1146670 1775.7
1146680 1785.2
1146690 1790.3
1146700 1790.3
1146710 1795.9
1146720 1801.2
1146730 1806.4
1146740 1806.4
1146750 1811.5
1146760 1816.6
1146770 1816.6
1146780 1822.1
1146790 1827.9
1146800 1827.9
1146810 1833.5
1146820 1839.1
1146830 1839.1
1146840 1845.1
1146850 1851.5
1146860 1851.5
1146870 1857.7
1146880 1864.0
1146890 1864.0
1146900 1870.0
1146910 1880.8
1146920 1880.8
1146930 1889.6
1146940 1895.6
1146950 1895.6
1146960 1900.2
1146970 1902.8
1146980 1899.7
1146990 1899.7
1147000 1896.3
1147010 1890.8
1147020 1890.8
1147030 1885.1
1147040 1878.3
1147050 1878.3
1147060 1884.5
1147070 1875.7
1147080 1875.7
1147090 1870.0
1147100 1863.6
1147110 1863.6
1147120 1860.2
1147130 1858.5
1147140 1858.5
1147150 1855.5
1147160 1851.0
1147170 1851.0
1147180 1846.9
1147190 1841.9
1147200 1841.9
1147210 1837.4
1147220 1833.6
1147230 1829.4
1147240 1829.4
1147250 1826.5
1147260 1824.5
1147270 1824.5
1147280 1822.5
1147290 1822.3
1147300 1822.3
1147310 1823.8
1147320 1821.8
1147330 1821.8
1147340 1819.5
1147350 1815.8
1147360 1815.8
1147370 1812.9
1147380 1813.6
1147390 1813.6
1147400 1815.9
1147410 1817.6
1147420 1817.6
1147430 1821.4
1147440 1816.0
1147450 1816.0
1147460 1811.4
1147470 1807.5
1147480 1807.5
1147490 1803.2
1147500 1799.7
1147510 1799.5
1147520 1799.5
1147530 1803.0
1147540 1802.6
1147550 1802.6
1147560 1794.2
1147570 1787.0
1147580 1787.0
1147590 1781.7
1147600 1776.2
1147610 1776.2
1147620 1770.1
1147630 1763.8
1147640 1763.8
1147650 1758.1
1147660 1753.3
1147670 1753.3
1147680 1749.3
1147690 1745.2
1147700 1745.2
1147710 1740.4
1147720 1736.1
1147730 1736.1
1147740 1733.1
1147750 1731.7
1147760 1732.2
1147770 1732.2
1147780 1733.1
1147790 1730.6
1147800 1730.6
1147810 1732.2
1147820 1728.1
1147830 1728.1
1147840 1723.6
1147850 1719.3
1147860 1719.3
1147870 1715.2
1147880 1710.1
1147890 1710.1
1147900 1702.2
1147910 1693.9
1147920 1693.9
1147930 1687.9
1147940 1684.5
1147950 1684.5
1147960 1680.4
1147970 1676.1
1147980 1676.1
1147990 1672.3
1148000 1670.4
1148010 1668.8
1148020 1668.8
1148030 1664.8
1148040 1659.7
1148050 1659.7
1148060 1653.2
1148070 1648.1
1148080 1648.1
1148090 1645.5
1148100 1642.3
1148110 1642.3
1148120 1639.3
1148130 1636.9
1148140 1636.9
1148150 1634.1
1148160 1630.8
1148170 1630.8
1148180 1627.6
1148190 1630.3
1148200 1630.3
1148210 1627.8
1148220 1624.8
1148230 1624.8
1148240 1621.2
1148250 1616.8
1148260 1612.5
1148270 1612.5
1148280 1608.6
1148290 1605.3
1148300 1605.3
1148310 1602.5
1148320 1600.2
1148330 1600.2
1148340 1597.0
1148350 1594.1
1148360 1594.1
1148370 1591.3
1148380 1589.3
1148390 1589.3
1148400 1588.5
1148410 1585.3
1148420 1585.3
1148430 1584.6
1148440 1588.3
1148450 1588.3
1148460 1594.8
1148470 1602.0
1148480 1602.0
1148490 1606.3
1148500 1610.0
1148510 1612.8
1148520 1612.8
1148530 1616.1
1148540 1620.4
1148550 1620.4
1148560 1623.9
1148570 1623.2
1148580 1623.2
1148590 1626.1
1148600 1628.9
1148610 1628.9
1148620 1632.5
1148630 1637.9
1148640 1637.9
1148650 1642.7
1148660 1648.3
1148670 1648.3
1148680 1654.9
1148690 1660.7
1148700 1660.7
1148710 1665.5
1148720 1669.7
1148730 1669.7
1148740 1674.5
1148750 1681.0
1148760 1688.1
1148770 1688.1
1148780 1695.0
1148790 1701.9
1148800 1701.9
1148810 1709.2
1148820 1716.3
1148830 1716.3
1148840 1723.9
1148850 1731.8
1148860 1731.8
1148870 1738.2
1148880 1742.9
1148890 1742.9
1148900 1748.6
1148910 1755.4
1148920 1755.4
1148930 1763.1
1148940 1771.9
1148950 1771.9
1148960 1778.2
1148970 1784.1
1148980 1784.1
1148990 1789.1
1149000 1793.5
1149010 1797.5
1149020 1797.5
1149030 1800.9
1149040 1804.3
1149050 1804.3
1149060 1808.5
1149070 1812.8
1149080 1812.8
1149090 1817.1
1149100 1822.2
1149110 1822.2
1149120 1827.0
1149130 1830.2
1149140 1830.2
1149150 1832.4
1149160 1836.2
1149170 1836.2
1149180 1841.1
1149190 1845.3
1149200 1845.3
1149210 1849.4
1149220 1851.6
1149230 1851.6
1149240 1853.1
1149250 1855.9
1149260 1859.8
1149270 1859.8
1149280 1864.0
1149290 1868.9
1149300 1868.9
1149310 1875.0
1149320 1879.6
1149330 1879.6
1149340 1882.0
1149350 1883.8
1149360 1883.8
1149370 1886.5
1149380 1890.5
1149390 1890.5
1149400 1894.2
1149410 1898.8
1149420 1898.8
1149430 1903.2
1149440 1906.3
1149450 1906.3
1149460 1908.2
1149470 1911.3
1149480 1911.3
1149490 1915.7
1149500 1920.1
1149510 1924.4
1149520 1924.4
1149530 1928.7
1149540 1933.2
1149550 1933.2
1149560 1937.9
1149570 1942.4
1149580 1942.4
1149590 1946.6
1149600 1950.9
1149610 1950.9
1149620 1955.9
1149630 1960.3
1149640 1960.3
1149650 1964.8
1149660 1969.7
1149670 1969.7
1149680 1975.0
1149690 1980.7
1149700 1976.4
1149710 1982.1
1149720 1987.9
1149730 1987.9
1149740 1993.9
1149750 2000.2
1149760 2006.9
1149770 2006.9
1149780 2013.8
1149790 2020.6
1149800 2020.6
1149810 2027.2
1149820 2033.4
1149830 2033.4
1149840 2039.1
1149850 2043.6
1149860 2043.6
1149870 2046.5
1149880 2048.9
1149890 2048.9
1149900 2051.8
1149910 2055.1
1149920 2055.1
1149930 2058.6
1149940 2062.2
1149950 2062.2
1149960 2066.0
1149970 2070.0
1149980 2070.0
1149990 2074.4
1150000 2078.7
1150010 2082.5
1150020 2082.5
1150030 2086.9
1150040 2091.9
1150050 2091.9
1150060 2096.5
1150070 2100.4
1150080 2097.0
1150090 2100.9
1150100 2104.3
1150110 2104.3
1150120 2107.5
1150130 2110.1
1150140 2110.1
1150150 2113.2
1150160 2115.8
1150170 2115.8
1150180 2119.5
1150190 2124.7
1150200 2124.7
1150210 2130.3
1150220 2135.5
1150230 2135.5
1150240 2140.2
1150250 2144.9
1150260 2147.7
1150270 2147.7
1150280 2148.8
1150290 2149.8
1150300 2149.8
1150310 2151.7
1150320 2153.7
1150330 2153.7
1150340 2156.2
1150350 2159.7
1150360 2159.7
1150370 2163.3
1150380 2166.5
1150390 2166.5
1150400 2169.9
1150410 2173.0
1150420 2173.0
1150430 2176.5
1150440 2180.4
1150450 2180.4
1150460 2181.1
1150470 2186.1
1150480 2186.1
1150490 2191.2
1150500 2195.6
1150510 2200.2
1150520 2200.2
1150530 2204.8
1150540 2209.5
1150550 2209.5
1150560 2214.0
1150570 2220.1
1150580 2220.1
1150590 2226.5
1150600 2232.7
1150610 2232.7
1150620 2238.3
1150630 2244.3
1150640 2244.3
1150650 2250.8
1150660 2256.3
1150670 2256.3
1150680 2260.4
1150690 2263.5
1150700 2263.5
1150710 2266.3
1150720 2269.4
1150730 2269.4
1150740 2272.7
1150750 2276.1
1150760 2280.0
1150770 2280.0
1150780 2284.4
1150790 2288.8
1150800 2288.8
1150810 2293.4
1150820 2297.6
1150830 2297.6
1150840 2299.9
1150850 2305.3
1150860 2305.3
1150870 2310.9
1150880 2316.6
1150890 2316.6
1150900 2322.6
1150910 2328.7
1150920 2328.7
1150930 2335.1
1150940 2341.7
1150950 2341.7
1150960 2348.3
1150970 2355.1
1150980 2355.1
1150990 2362.0
1151000 2369.2
1151010 2376.8
1151020 2376.8
1151030 2384.1
1151040 2391.4
1151050 2391.4
1151060 2398.7
1151070 2405.6
1151080 2405.6
1151090 2411.8
1151100 2417.6
1151110 2417.6
1151120 2422.4
1151130 2427.0
1151140 2427.0
1151150 2431.8
1151160 2438.3
1151170 2438.3
1151180 2446.4
1151190 2454.6
1151200 2454.6
1151210 2462.5
1151220 2469.2
1151230 2476.1
1151240 2474.6
1151250 2465.9
1151260 2457.4
1151270 2457.4
1151280 2450.6
1151290 2444.8
1151300 2444.8
1151310 2439.7
1151320 2434.8
1151330 2434.8
1151340 2429.6
1151350 2424.3
1151360 2424.3
1151370 2419.3
1151380 2414.3
1151390 2414.3
1151400 2409.1
1151410 2404.1
1151420 2404.1
1151430 2399.2
1151440 2394.0
1151450 2394.0
1151460 2388.1
1151470 2382.2
1151480 2382.2
1151490 2378.1
1151500 2375.1
1151510 2372.7
1151520 2372.7
1151530 2370.1
1151540 2367.7
1151550 2367.7
1151560 2365.7
1151570 2363.4
1151580 2363.4
1151590 2360.7
1151600 2357.8
1151610 2359.9
1151620 2357.6
1151630 2355.1
1151640 2355.1
1151650 2352.5
1151660 2350.3
1151670 2350.3
1151680 2350.3
1151690 2350.8
1151700 2350.8
1151710 2351.1
1151720 2352.0
1151730 2352.0
1151740 2353.3
1151750 2355.1
1151760 2355.1
1151770 2355.7
1151780 2355.9
1151790 2355.1
1151800 2355.1
1151810 2353.3
1151820 2348.3
1151830 2348.3
1151840 2346.0
1151850 2349.3
1151860 2349.3
1151870 2354.2
1151880 2357.5
1151890 2357.5
1151900 2355.4
1151910 2352.4
1151920 2352.4
1151930 2345.8
1151940 2335.3
1151950 2335.3
1151960 2324.4
1151970 2313.4
1151980 2313.4
1151990 2315.4
1152000 2315.8
1152010 2315.8
1152020 2317.4
1152030 2314.8
1152040 2310.2
1152050 2310.2
1152060 2306.4
1152070 2297.8
1152080 2297.8
1152090 2292.1
1152100 2281.8
1152110 2281.8
1152120 2277.9
1152130 2281.4
1152140 2281.4
1152150 2279.7
1152160 2271.0
1152170 2271.0
1152180 2263.9
1152190 2262.5
1152200 2262.5
1152210 2262.8
1152220 2265.3
1152230 2265.3
1152240 2271.5
1152250 2267.2
1152260 2267.2
1152270 2268.2
1152280 2268.7
1152290 2264.9
1152300 2264.9
1152310 2261.2
1152320 2257.2
1152330 2257.2
1152340 2252.5
1152350 2249.9
1152360 2249.9
1152370 2275.4
1152380 2271.3
1152390 2271.3
1152400 2267.3
1152410 2270.0
1152420 2270.0
1152430 2269.8
1152440 2269.5
1152450 2269.5
1152460 2270.0
1152470 2273.3
1152480 2273.3
1152490 2280.9
1152500 2281.8
1152510 2281.8
1152520 2284.9
1152530 2285.9
1152540 2280.3
1152550 2280.3
1152560 2274.4
1152570 2268.1
1152580 2268.1
1152590 2259.2
1152600 2254.6
1152610 2254.6
1152620 2258.8
1152630 2264.1
1152640 2264.1
1152650 2264.3
1152660 2258.6
1152670 2258.6
1152680 2258.0
1152690 2261.3
1152700 2261.3
1152710 2260.7
1152720 2254.8
1152730 2254.8
1152740 2253.0
1152750 2261.2
1152760 2261.2
1152770 2264.8
1152780 2266.6
1152790 2266.7
1152800 2266.7
1152810 2266.8
1152820 2264.7
1152830 2264.7
1152840 2267.6
1152850 2274.4
1152860 2274.4
1152870 2278.0
1152880 2280.2
1152890 2280.2
1152900 2283.0
1152910 2292.2
1152920 2292.2
1152930 2300.9
1152940 2306.5
1152950 2306.5
1152960 2318.7
1152970 2332.5
1152980 2332.5
1152990 2346.8
1153000 2358.7
1153010 2358.7
1153020 2370.0
1153030 2379.4
1153040 2380.4
1153050 2380.4
1153060 2379.6
1153070 2380.1
1153080 2380.1
1153090 2386.0
1153100 2393.2
1153110 2393.2
1153120 2400.6
1153130 2414.3
1153140 2439.9
1153150 2460.7
1153160 2463.2
1153170 2463.2
1153180 2465.1
1153190 2471.8
1153200 2471.8
1153210 2476.0
1153220 2476.4
1153230 2476.4
1153240 2479.9
1153250 2481.5
1153260 2481.5
1153270 2477.7
1153280 2473.2
1153290 2474.2
1153300 2474.2
1153310 2468.6
1153320 2462.3
1153330 2462.3
1153340 2458.1
1153350 2441.9
1153360 2441.9
1153370 2440.0
1153380 2454.6
1153390 2454.6
1153400 2466.5
1153410 2478.6
1153420 2478.6
1153430 2480.8
1153440 2481.0
1153450 2481.0
1153460 2480.0
1153470 2475.0
1153480 2475.0
1153490 2476.4
1153500 2478.2
1153510 2478.2
1153520 2500.6
1153530 2502.4
1153540 2507.1
1153550 2507.1
1153560 2512.8
1153570 2516.5
1153580 2516.5
1153590 2512.8
1153600 2503.3
1153610 2503.3
1153620 2499.5
1153630 2502.0
1153640 2502.0
1153650 2505.2
1153660 2507.5
1153670 2507.5
1153680 2510.4
1153690 2512.8
1153700 2512.8
1153710 2515.2
1153720 2517.5
1153730 2517.5
1153740 2521.7
1153750 2528.2
1153760 2528.2
1153770 2534.6
1153780 2540.6
1153790 2542.1
1153800 2542.1
1153810 2544.1
1153820 2546.8
1153830 2546.8
1153840 2550.2
1153850 2553.2
1153860 2553.2
1153870 2556.4
1153880 2557.8
1153890 2557.8
1153900 2557.6
1153910 2563.3
1153920 2563.3
1153930 2566.2
1153940 2569.5
1153950 2569.5
1153960 2573.6
1153970 2578.4
1153980 2578.4
1153990 2583.8
1154000 2589.4
1154010 2589.4
1154020 2595.5
1154030 2601.7
1154040 2608.4
1154050 2608.4
1154060 2615.2
1154070 2622.0
1154080 2622.0
1154090 2629.4
1154100 2636.7
1154110 2636.7
1154120 2643.7
1154130 2650.9
1154140 2650.9
1154150 2658.2
1154160 2665.6
1154170 2665.6
1154180 2673.0
1154190 2680.7
1154200 2680.7
1154210 2688.2
1154220 2695.9
1154230 2695.9
1154240 2703.5
1154250 2710.8
1154260 2710.8
1154270 2717.6
1154280 2724.2
1154290 2729.0
1154300 2729.0
1154310 2734.1
1154320 2738.4
1154330 2738.4
1154340 2741.4
1154350 2741.5
1154360 2741.5
1154370 2735.7
1154380 2729.0
1154390 2729.0
1154400 2723.8
1154410 2719.5
1154420 2719.5
1154430 2715.3
1154440 2711.6
1154450 2711.6
1154460 2708.4
1154470 2706.5
1154480 2706.5
1154490 2704.7
1154500 2702.9
1154510 2702.9
1154520 2700.3
1154530 2697.2
1154540 2694.0
1154550 2694.0
1154560 2692.7
1154570 2692.0
1154580 2692.0
1154590 2691.5
1154600 2690.8
1154610 2690.8
1154620 2690.0
1154630 2689.5
1154640 2689.5
1154650 2689.4
1154660 2688.8
1154670 2688.8
1154680 2678.4
1154690 2671.1
1154700 2671.1
1154710 2664.7
1154720 2658.4
1154730 2658.4
1154740 2651.7
1154750 2642.8
1154760 2642.8
1154770 2633.2
1154780 2620.7
1154790 2606.8
1154800 2606.8
1154810 2597.8
1154820 2589.6
1154830 2589.6
1154840 2582.2
1154850 2577.0
1154860 2577.0
1154870 2572.1
1154880 2567.8
1154890 2567.8
1154900 2565.0
1154910 2563.0
1154920 2563.0
1154930 2561.4
1154940 2559.3
1154950 2559.3
1154960 2556.4
1154970 2552.8
1154980 2552.8
1154990 2548.8
1155000 2544.8
1155010 2544.8
1155020 2540.8
1155030 2537.1
1155040 2534.3
1155050 2534.3
1155060 2532.8
1155070 2531.1
1155080 2531.1
1155090 2530.0
1155100 2529.7
1155110 2529.7
1155120 2527.3
1155130 2524.3
1155140 2524.3
1155150 2523.0
1155160 2520.7
1155170 2520.7
1155180 2516.3
1155190 2510.6
1155200 2510.6
1155210 2503.8
1155220 2496.7
1155230 2496.7
1155240 2489.6
1155250 2485.8
1155260 2485.8
1155270 2482.3
1155280 2478.2
1155290 2473.1
1155300 2473.1
1155310 2468.4
1155320 2463.3
1155330 2463.3
1155340 2457.9
1155350 2453.0
1155360 2453.0
1155370 2448.3
1155380 2443.1
1155390 2443.1
1155400 2438.0
1155410 2433.7
1155420 2433.7
1155430 2428.6
1155440 2424.1
1155450 2424.9
1155460 2418.5
1155470 2412.8
1155480 2412.8
1155490 2407.6
1155500 2402.1
1155510 2402.1
1155520 2397.1
1155530 2392.0
1155540 2387.3
1155550 2387.3
1155560 2384.0
1155570 2379.9
1155580 2379.9
1155590 2376.0
1155600 2373.9
1155610 2373.9
1155620 2370.9
1155630 2366.7
1155640 2366.7
1155650 2363.4
1155660 2360.7
1155670 2360.7
1155680 2357.1
1155690 2352.2
1155700 2352.2
1155710 2349.5
1155720 2347.2
1155730 2347.2
1155740 2343.6
1155750 2341.6
1155760 2341.6
1155770 2339.3
1155780 2334.9
1155790 2329.4
1155800 2329.4
1155810 2323.5
1155820 2317.7
1155830 2321.0
1155840 2311.5
1155850 2304.4
1155860 2304.4
1155870 2299.9
1155880 2295.8
1155890 2295.8
1155900 2291.8
1155910 2286.5
1155920 2286.5
1155930 2281.5
1155940 2277.1
1155950 2277.1
1155960 2272.5
1155970 2267.8
1155980 2267.8
1155990 2263.1
1156000 2258.5
1156010 2258.5
1156020 2255.4
1156030 2252.7
1156040 2252.7
1156050 2250.4
1156060 2250.1
1156070 2251.6
1156080 2251.6
1156090 2252.9
1156100 2254.7
1156110 2254.7
1156120 2257.5
1156130 2259.7
1156140 2259.7
1156150 2262.1
1156160 2264.8
1156170 2264.8
1156180 2267.1
1156190 2268.2
1156200 2268.2
1156210 2269.4
1156220 2278.2
1156230 2278.2
1156240 2279.9
1156250 2280.8
1156260 2280.8
1156270 2281.3
1156280 2282.1
1156290 2282.1
1156300 2281.6
1156310 2281.1
1156320 2279.2
1156330 2279.2
1156340 2277.1
1156350 2278.4
1156360 2278.4
1156370 2281.0
1156380 2282.2
1156390 2282.2
1156400 2281.0
1156410 2287.8
1156420 2287.8
1156430 2302.0
1156440 2312.2
1156450 2312.2
1156460 2319.9
1156470 2332.1
1156480 2332.1
1156490 2343.4
1156500 2350.4
1156510 2350.4
1156520 2359.8
1156530 2372.0
1156540 2372.0
1156550 2409.4
1156560 2425.1
1156570 2425.8
1156580 2425.8
1156590 2425.0
1156600 2427.4
1156610 2436.1
1156620 2436.7
1156630 2442.5
1156640 2442.5
1156650 2452.5
1156660 2460.1
1156670 2460.1
1156680 2471.8
1156690 2472.5
1156700 2472.5
1156710 2467.7
1156720 2479.3
1156730 2479.3
1156740 2484.6
1156750 2478.1
1156760 2478.1
1156770 2470.6
1156780 2464.9
1156790 2464.9
1156800 2460.5
1156810 2455.4
1156820 2448.0
1156830 2448.0
1156840 2447.2
1156850 2452.5
1156860 2452.5
1156870 2463.3
1156880 2473.3
1156890 2473.3
1156900 2479.6
1156910 2482.1
1156920 2482.1
1156930 2497.7
1156940 2514.9
1156950 2514.9
1156960 2537.3
1156970 2549.6
1156980 2549.6
1156990 2559.8
1157000 2563.0
1157010 2563.0
1157020 2564.6
1157030 2564.8
1157040 2564.8
1157050 2563.7
1157060 2564.1
1157070 2564.5
1157080 2564.5
1157090 2565.6
1157100 2567.1
1157110 2567.1
1157120 2568.8
1157130 2565.1
1157140 2565.1
1157150 2557.6
1157160 2551.3
1157170 2551.3
1157180 2545.2
1157190 2535.6
1157200 2535.6
1157210 2522.8
1157220 2510.0
1157230 2510.0
1157240 2498.5
1157250 2487.6
1157260 2487.6
1157270 2476.6
1157280 2466.2
1157290 2466.2
1157300 2457.2
1157310 2448.5
1157320 2439.0
1157330 2439.0
1157340 2430.0
1157350 2423.7
1157360 2423.7
1157370 2417.8
1157380 2410.4
1157390 2404.9
1157400 2398.2
1157410 2392.0
1157420 2392.0
1157430 2386.0
1157440 2379.8
1157450 2379.8
1157460 2373.1
1157470 2367.1
1157480 2367.1
1157490 2362.0
1157500 2357.2
1157510 2357.2
1157520 2352.3
1157530 2346.6
1157540 2346.6
1157550 2339.8
1157560 2333.3
1157570 2327.5
1157580 2327.5
1157590 2321.8
1157600 2315.4
1157610 2315.4
1157620 2309.0
1157630 2302.8
1157640 2302.8
1157650 2296.4
1157660 2290.2
1157670 2290.2
1157680 2283.0
1157690 2274.0
1157700 2274.0
1157710 2264.4
1157720 2255.2
1157730 2255.2
1157740 2245.8
1157750 2233.1
1157760 2233.1
1157770 2225.2
1157780 2215.3
1157790 2215.3
1157800 2203.2
1157810 2188.8
1157820 2175.4
1157830 2175.4
1157840 2167.1
1157850 2160.8
1157860 2160.8
1157870 2150.5
1157880 2139.8
1157890 2139.8
1157900 2129.9
1157910 2122.0
1157920 2122.0
1157930 2114.2
1157940 2105.8
1157950 2105.8
1157960 2097.9
1157970 2090.0
1157980 2090.0
1157990 2081.8
1158000 2073.5
1158010 2073.5
1158020 2065.3
1158030 2056.3
1158040 2056.3
1158050 2047.5
1158060 2036.1
1158070 2022.5
1158080 2022.5
1158090 2010.9
1158100 2000.4
1158110 2000.4
1158120 1991.0
1158130 1982.2
1158140 1982.2
1158150 1973.4
1158160 1971.8
1158170 1971.8
1158180 1961.9
1158190 1950.6
1158200 1950.6
1158210 1938.8
1158220 1932.7
1158230 1932.7
1158240 1931.9
1158250 1930.0
1158260 1930.0
1158270 1929.6
1158280 1929.4
1158290 1929.4
1158300 1928.6
1158310 1923.7
1158320 1917.6
1158330 1917.6
1158340 1914.9
1158350 1912.8
1158360 1912.8
1158370 1910.1
1158380 1908.2
1158390 1908.2
1158400 1901.8
1158410 1887.8
1158420 1887.8
1158430 1879.7
1158440 1868.4
1158450 1868.4
1158460 1852.0
1158470 1839.6
1158480 1839.6
1158490 1829.9
1158500 1821.0
1158510 1821.0
1158520 1812.3
1158530 1804.5
1158540 1804.5
1158550 1797.0
1158560 1789.9
1158570 1782.1
1158580 1782.1
1158590 1774.9
1158600 1768.1
1158610 1768.1
1158620 1761.5
1158630 1755.1
1158640 1755.1
1158650 1749.4
1158660 1743.9
1158670 1743.9
1158680 1738.8
1158690 1733.8
1158700 1733.8
1158710 1729.2
1158720 1724.8
1158730 1724.8
1158740 1719.5
1158750 1712.8
1158760 1712.8
1158770 1709.6
1158780 1707.7
1158790 1707.7
1158800 1705.3
1158810 1705.5
1158820 1706.4
1158830 1706.4
1158840 1707.0
1158850 1712.0
1158860 1712.0
1158870 1715.8
1158880 1718.1
1158890 1718.1
1158900 1720.5
1158910 1723.1
1158920 1723.1
1158930 1725.6
1158940 1731.3
1158950 1731.3
1158960 1733.5
1158970 1735.7
1158980 1735.7
1158990 1737.8
1159000 1739.5
1159010 1739.5
1159020 1740.8
1159030 1743.1
1159040 1743.1
1159050 1745.7
1159060 1749.4
1159070 1753.3
1159080 1753.3
1159090 1757.1
1159100 1761.6
1159110 1761.6
1159120 1766.4
1159130 1771.6
1159140 1771.6
1159150 1776.6
1159160 1781.5
1159170 1781.5
1159180 1786.4
1159190 1791.2
1159200 1791.2
1159210 1796.3
1159220 1801.7
1159230 1801.7
1159240 1807.1
1159250 1812.1
1159260 1812.1
1159270 1816.7
1159280 1820.2
1159290 1820.2
1159300 1820.6
1159310 1822.6
1159320 1835.2
1159330 1843.6
1159340 1863.3
1159350 1882.2
1159360 1882.2
1159370 1901.4
1159380 1915.6
1159390 1915.6
1159400 1931.8
1159410 1944.4
1159420 1944.4
1159430 1950.6
1159440 1952.2
1159450 1952.2
1159460 1957.4
1159470 1967.3
1159480 1967.3
1159490 1979.5
1159500 1993.2
1159510 1993.2
1159520 2006.3
1159530 2017.9
1159540 2017.9
1159550 2028.2
1159560 2036.3
1159570 2042.6
1159580 2042.6
1159590 2053.3
1159600 2064.4
1159610 2064.4
1159620 2074.3
1159630 2082.7
1159640 2082.7
1159650 2090.1
1159660 2097.2
1159670 2097.2
1159680 2103.3
1159690 2107.6
1159700 2107.6
1159710 2112.2
1159720 2119.8
1159730 2138.8
1159740 2142.6
1159750 2146.7
1159760 2146.7
1159770 2151.4
1159780 2155.4
1159790 2155.4
1159800 2159.1
1159810 2163.3
1159820 2170.2
1159830 2170.2
1159840 2178.3
1159850 2187.4
1159860 2187.4
1159870 2195.3
1159880 2202.3
1159890 2202.3
1159900 2209.2
1159910 2215.1
1159920 2215.1
1159930 2220.5
1159940 2226.2
1159950 2226.2
1159960 2232.0
1159970 2238.0
1159980 2238.0
1159990 2245.8
