1140000 1621.7
1140010 1617.3
1140020 1617.3
1140030 1606.8
1140040 1607.5
1140050 1622.3
1140060 1622.3
1140070 1627.1
1140080 1631.1
1140090 1631.1
1140100 1635.2
1140110 1637.9
1140120 1637.9
1140130 1639.4
1140140 1638.5
1140150 1638.5
1140160 1642.0
1140170 1648.9
1140180 1648.9
1140190 1654.4
1140200 1659.1
1140210 1659.1
1140220 1662.6
1140230 1665.0
1140240 1665.0
1140250 1667.0
1140260 1668.0
1140270 1668.0
1140280 1667.1
1140290 1664.7
1140300 1662.0
1140310 1662.0
1140320 1663.0
1140330 1671.1
1140340 1671.1
1140350 1681.5
1140360 1690.6
1140370 1690.6
1140380 1697.1
1140390 1702.8
1140400 1702.8
1140410 1707.4
1140420 1715.5
1140430 1715.5
1140440 1720.5
1140450 1725.7
1140460 1725.7
1140470 1732.2
1140480 1738.9
1140490 1738.9
1140500 1745.3
1140510 1751.7
1140520 1751.7
1140530 1758.3
1140540 1765.2
1140550 1765.2
1140560 1773.8
1140570 1781.6
1140580 1788.1
1140590 1788.1
1140600 1796.4
1140610 1809.4
1140620 1809.4
1140630 1821.0
1140640 1830.1
1140650 1830.1
1140660 1836.1
1140670 1841.3
1140680 1841.3
1140690 1845.8
1140700 1851.8
1140710 1851.8
1140720 1858.4
1140730 1866.2
1140740 1866.2
1140750 1874.9
1140760 1882.6
1140770 1882.6
1140780 1888.7
1140790 1897.5
1140800 1897.5
1140810 1902.6
1140820 1906.9
1140830 1913.9
1140840 1913.9
1140850 1920.7
1140860 1928.3
1140870 1928.3
1140880 1934.9
1140890 1941.3
1140900 1941.3
1140910 1947.3
1140920 1953.0
1140930 1953.0
1140940 1956.8
1140950 1960.5
1140960 1960.5
1140970 1964.4
1140980 1968.7
1140990 1968.7
1141000 1973.2
1141010 1977.5
1141020 1977.5
1141030 1981.0
1141040 1985.4
1141050 1985.4
1141060 1990.2
1141070 1995.4
1141080 2000.4
1141090 2000.4
1141100 2005.8
1141110 2011.8
1141120 2011.8
1141130 2017.3
1141140 2023.2
1141150 2023.2
1141160 2034.8
1141170 2041.0
1141180 2041.0
1141190 2047.2
1141200 2054.0
1141210 2054.0
1141220 2059.8
1141230 2065.0
1141240 2065.0
1141250 2070.2
1141260 2075.4
1141270 2075.4
1141280 2081.1
1141290 2087.5
1141300 2087.5
1141310 2094.0
1141320 2101.2
1141330 2108.1
1141340 2108.1
1141350 2114.8
1141360 2119.6
1141370 2119.6
1141380 2124.3
1141390 2129.6
1141400 2129.6
1141410 2135.4
1141420 2140.5
1141430 2140.5
1141440 2145.8
1141450 2151.1
1141460 2151.1
1141470 2156.4
1141480 2161.9
1141490 2161.9
1141500 2166.9
1141510 2171.1
1141520 2171.1
1141530 2179.8
1141540 2184.0
1141550 2184.0
1141560 2190.7
1141570 2199.7
1141580 2200.8
1141590 2200.8
1141600 2201.6
1141610 2204.3
1141620 2204.3
1141630 2204.6
1141640 2201.2
1141650 2201.2
1141660 2197.4
1141670 2195.6
1141680 2195.6
1141690 2195.5
1141700 2194.1
1141710 2194.1
1141720 2193.4
1141730 2192.0
1141740 2192.0
1141750 2192.0
1141760 2192.9
1141770 2192.9
1141780 2191.1
1141790 2190.2
1141800 2190.2
1141810 2198.3
1141820 2205.0
1141830 2210.5
1141840 2210.5
1141850 2214.6
1141860 2219.3
1141870 2219.3
1141880 2226.6
1141890 2234.3
1141900 2244.3
1141910 2253.3
1141920 2261.8
1141930 2261.8
1141940 2270.8
1141950 2280.4
1141960 2280.4
1141970 2286.4
1141980 2290.3
1141990 2290.3
1142000 2293.9
1142010 2296.6
1142020 2296.6
1142030 2298.7
1142040 2300.5
1142050 2300.5
1142060 2301.9
1142070 2302.8
1142080 2306.2
1142090 2306.2
1142100 2309.6
1142110 2314.2
1142120 2314.2
1142130 2319.5
1142140 2324.8
1142150 2324.8
1142160 2330.0
1142170 2336.4
1142180 2336.4
1142190 2343.7
1142200 2349.9
1142210 2349.9
1142220 2354.6
1142230 2357.6
1142240 2357.6
1142250 2358.2
1142260 2356.4
1142270 2353.8
1142280 2344.7
1142290 2335.0
1142300 2335.0
1142310 2327.8
1142320 2320.8
1142330 2314.8
1142340 2314.8
1142350 2308.9
1142360 2303.8
1142370 2303.8
1142380 2299.0
1142390 2294.4
1142400 2294.4
1142410 2289.8
1142420 2285.4
1142430 2285.4
1142440 2281.1
1142450 2276.9
1142460 2276.9
1142470 2272.7
1142480 2269.0
1142490 2269.0
1142500 2265.6
1142510 2262.6
1142520 2262.6
1142530 2260.2
1142540 2258.0
1142550 2258.0
1142560 2256.1
1142570 2254.0
1142580 2254.0
1142590 2252.0
1142600 2248.8
1142610 2244.8
1142620 2244.8
1142630 2241.4
1142640 2238.6
1142650 2233.3
1142660 2229.8
1142670 2226.2
1142680 2226.2
1142690 2223.3
1142700 2221.5
1142710 2221.5
1142720 2219.5
1142730 2217.8
1142740 2217.8
1142750 2215.1
1142760 2211.9
1142770 2211.9
1142780 2209.5
1142790 2207.1
1142800 2207.1
1142810 2204.4
1142820 2200.9
1142830 2200.9
1142840 2198.1
1142850 2195.2
1142860 2191.7
1142870 2191.7
1142880 2187.9
1142890 2183.3
1142900 2183.3
1142910 2178.0
1142920 2172.7
1142930 2172.7
1142940 2167.3
1142950 2163.0
1142960 2163.0
1142970 2163.1
1142980 2164.4
1142990 2164.4
1143000 2166.4
1143010 2165.6
1143020 2158.5
1143030 2158.2
1143040 2158.4
1143050 2158.4
1143060 2158.4
1143070 2156.9
1143080 2156.9
1143090 2153.8
1143100 2150.3
1143110 2146.4
1143120 2146.4
1143130 2141.6
1143140 2141.3
1143150 2141.3
1143160 2138.7
1143170 2134.0
1143180 2134.0
1143190 2129.8
1143200 2127.0
1143210 2127.0
1143220 2125.4
1143230 2124.1
1143240 2124.1
1143250 2123.8
1143260 2122.8
1143270 2122.8
1143280 2121.4
1143290 2119.9
1143300 2119.9
1143310 2119.1
1143320 2117.8
1143330 2117.8
1143340 2116.9
1143350 2116.5
1143360 2118.0
1143370 2118.0
1143380 2117.6
1143390 2111.3
1143400 2111.3
1143410 2107.6
1143420 2103.0
1143430 2103.0
1143440 2099.3
1143450 2096.0
1143460 2096.0
1143470 2092.7
1143480 2090.2
1143490 2090.2
1143500 2087.7
1143510 2086.0
1143520 2086.0
1143530 2084.4
1143540 2080.0
1143550 2080.0
1143560 2075.6
1143570 2072.5
1143580 2072.5
1143590 2069.9
1143600 2067.0
1143610 2060.6
1143620 2060.6
1143630 2053.9
1143640 2048.4
1143650 2048.4
1143660 2044.7
1143670 2042.6
1143680 2042.6
1143690 2041.1
1143700 2039.0
1143710 2039.0
1143720 2037.2
1143730 2036.0
1143740 2036.0
1143750 2033.6
1143760 2023.9
1143770 2023.9
1143780 2014.5
1143790 2005.8
1143800 2005.8
1143810 1999.2
1143820 1994.2
1143830 1994.2
1143840 1989.2
1143850 1983.8
1143860 1978.8
1143870 1978.8
1143880 1974.4
1143890 1972.9
1143900 1972.9
1143910 1971.6
1143920 1968.4
1143930 1968.4
1143940 1965.6
1143950 1962.3
1143960 1962.3
1143970 1958.5
1143980 1954.5
1143990 1954.5
1144000 1947.8
1144010 1941.1
1144020 1941.1
1144030 1936.1
1144040 1930.6
1144050 1930.6
1144060 1928.4
1144070 1925.6
1144080 1925.6
1144090 1920.3
1144100 1914.9
1144110 1911.1
1144120 1911.1
1144130 1910.4
1144140 1902.6
1144150 1902.6
1144160 1898.0
1144170 1892.9
1144180 1892.9
1144190 1890.3
1144200 1888.8
1144210 1888.8
1144220 1886.0
1144230 1883.3
1144240 1883.3
1144250 1880.6
1144260 1878.0
1144270 1878.0
1144280 1875.9
1144290 1873.8
1144300 1873.8
1144310 1870.7
1144320 1867.7
1144330 1867.7
1144340 1865.0
1144350 1862.3
1144360 1859.0
1144370 1859.0
1144380 1856.5
1144390 1855.2
1144400 1855.2
1144410 1853.6
1144420 1851.5
1144430 1851.5
1144440 1849.0
1144450 1846.8
1144460 1846.8
1144470 1844.8
1144480 1842.4
1144490 1842.4
1144500 1839.5
1144510 1834.7
1144520 1834.7
1144530 1833.0
1144540 1831.7
1144550 1831.7
1144560 1830.2
1144570 1829.0
1144580 1829.0
1144590 1828.4
1144600 1828.0
1144610 1826.9
1144620 1826.9
1144630 1825.2
1144640 1822.9
1144650 1822.9
1144660 1819.8
1144670 1817.0
1144680 1817.0
1144690 1814.7
1144700 1812.2
1144710 1812.2
1144720 1809.6
1144730 1806.7
1144740 1806.7
1144750 1803.4
1144760 1801.8
1144770 1801.8
1144780 1801.1
1144790 1800.7
1144800 1800.7
1144810 1799.7
1144820 1798.2
1144830 1798.2
1144840 1796.2
1144850 1792.9
1144860 1792.9
1144870 1785.5
1144880 1775.8
1144890 1766.1
1144900 1766.1
1144910 1759.5
1144920 1752.6
1144930 1752.6
1144940 1745.0
1144950 1738.8
1144960 1738.8
1144970 1733.4
1144980 1727.6
1144990 1727.6
1145000 1721.6
1145010 1715.3
1145020 1715.3
1145030 1709.1
1145040 1702.9
1145050 1702.9
1145060 1697.6
1145070 1691.3
1145080 1691.3
1145090 1684.3
1145100 1677.3
1145110 1677.3
1145120 1669.4
1145130 1660.9
1145140 1652.6
1145150 1652.6
1145160 1646.8
1145170 1645.2
1145180 1645.2
1145190 1643.9
1145200 1640.5
1145210 1640.5
1145220 1635.2
1145230 1617.2
1145240 1617.2
1145250 1598.4
1145260 1589.6
1145270 1589.6
1145280 1588.9
1145290 1590.5
1145300 1590.5
1145310 1590.1
1145320 1585.7
1145330 1585.7
1145340 1577.7
1145350 1571.0
1145360 1571.0
1145370 1565.5
1145380 1561.0
1145390 1556.7
1145400 1556.7
1145410 1552.4
1145420 1548.2
1145430 1548.2
1145440 1545.1
1145450 1542.1
1145460 1542.1
1145470 1538.2
1145480 1534.4
1145490 1534.4
1145500 1530.6
1145510 1526.8
1145520 1526.8
1145530 1522.5
1145540 1517.6
1145550 1517.6
1145560 1513.5
1145570 1510.8
1145580 1510.8
1145590 1508.2
1145600 1504.8
1145610 1504.8
1145620 1499.6
1145630 1490.9
1145640 1480.7
1145650 1480.7
1145660 1473.1
1145670 1466.0
1145680 1466.0
1145690 1459.8
1145700 1454.7
1145710 1454.7
1145720 1450.4
1145730 1447.5
1145740 1447.5
1145750 1443.1
1145760 1438.2
1145770 1438.2
1145780 1434.3
1145790 1430.9
1145800 1430.9
1145810 1426.9
1145820 1419.7
1145830 1419.7
1145840 1409.0
1145850 1400.3
1145860 1400.3
1145870 1393.0
1145880 1388.7
1145890 1381.5
1145900 1381.5
1145910 1371.0
1145920 1369.3
1145930 1369.3
1145940 1360.9
1145950 1354.4
1145960 1354.4
1145970 1349.7
1145980 1349.9
1145990 1349.9
1146000 1350.1
1146010 1363.4
1146020 1363.4
1146030 1366.6
1146040 1375.1
1146050 1375.1
1146060 1377.3
1146070 1381.3
1146080 1381.3
1146090 1389.1
1146100 1397.4
1146110 1397.4
1146120 1405.9
1146130 1411.4
1146140 1415.9
1146150 1415.9
1146160 1421.6
1146170 1428.3
1146180 1428.3
1146190 1434.4
1146200 1439.6
1146210 1439.6
1146220 1443.7
1146230 1448.1
1146240 1448.1
1146250 1452.4
1146260 1456.3
1146270 1456.3
1146280 1460.6
1146290 1465.9
1146300 1465.9
1146310 1472.2
1146320 1479.0
1146330 1479.0
1146340 1485.9
1146350 1493.2
1146360 1493.2
1146370 1501.0
1146380 1508.7
1146390 1516.0
1146400 1516.0
1146410 1522.5
1146420 1529.8
1146430 1529.8
1146440 1537.4
1146450 1545.1
1146460 1545.1
1146470 1553.0
1146480 1561.1
1146490 1561.1
1146500 1567.6
1146510 1573.4
1146520 1573.4
1146530 1578.9
1146540 1585.0
1146550 1585.0
1146560 1592.3
1146570 1599.8
1146580 1599.8
1146590 1606.8
1146600 1612.6
1146610 1612.6
1146620 1618.3
1146630 1624.0
1146640 1629.0
1146650 1629.0
1146660 1633.9
1146670 1639.6
1146680 1639.6
1146690 1645.7
1146700 1650.3
1146710 1650.3
1146720 1653.4
1146730 1654.4
1146740 1654.4
1146750 1653.4
1146760 1655.7
1146770 1655.7
1146780 1646.7
1146790 1635.6
1146800 1635.6
1146810 1625.2
1146820 1616.3
1146830 1616.3
1146840 1608.1
1146850 1605.0
1146860 1605.0
1146870 1607.2
1146880 1607.7
1146890 1608.3
1146900 1608.3
1146910 1608.8
1146920 1608.8
1146930 1608.8
1146940 1607.0
1146950 1606.2
1146960 1606.2
1146970 1605.5
1146980 1603.3
1146990 1603.3
1147000 1602.7
1147010 1602.3
1147020 1602.3
1147030 1602.4
1147040 1600.5
1147050 1600.5
1147060 1597.2
1147070 1594.1
1147080 1594.1
1147090 1589.9
1147100 1585.4
1147110 1585.4
1147120 1580.6
1147130 1580.5
1147140 1587.7
1147150 1588.8
1147160 1588.7
1147170 1585.7
1147180 1585.7
1147190 1578.0
1147200 1569.9
1147210 1569.9
1147220 1567.0
1147230 1564.0
1147240 1564.0
1147250 1559.5
1147260 1556.4
1147270 1556.4
1147280 1553.2
1147290 1547.3
1147300 1547.3
1147310 1540.2
1147320 1534.0
1147330 1534.0
1147340 1529.4
1147350 1524.9
1147360 1524.9
1147370 1521.5
1147380 1518.0
1147390 1518.0
1147400 1514.3
1147410 1510.8
1147420 1509.1
1147430 1509.1
1147440 1507.8
1147450 1506.3
1147460 1506.3
1147470 1504.8
1147480 1502.8
1147490 1502.8
1147500 1499.2
1147510 1495.7
1147520 1502.1
1147530 1499.7
1147540 1496.3
1147550 1496.3
1147560 1491.8
1147570 1487.7
1147580 1487.7
1147590 1483.8
1147600 1479.3
1147610 1479.3
1147620 1474.2
1147630 1469.8
1147640 1469.8
1147650 1466.0
1147660 1463.3
1147670 1457.5
1147680 1457.5
1147690 1454.6
1147700 1459.2
1147710 1459.2
1147720 1464.3
1147730 1466.8
1147740 1466.8
1147750 1469.5
1147760 1473.1
1147770 1473.1
1147780 1475.9
1147790 1479.3
1147800 1479.3
1147810 1483.2
1147820 1487.0
1147830 1487.0
1147840 1491.5
1147850 1496.3
1147860 1496.3
1147870 1499.7
1147880 1502.1
1147890 1497.5
1147900 1500.4
1147910 1505.9
1147920 1510.2
1147930 1510.2
1147940 1515.8
1147950 1521.6
1147960 1521.6
1147970 1527.7
1147980 1534.9
1147990 1534.9
1148000 1542.7
1148010 1549.6
1148020 1549.6
1148030 1556.6
1148040 1563.4
1148050 1563.4
1148060 1571.2
1148070 1579.6
1148080 1579.6
1148090 1587.7
1148100 1595.4
1148110 1595.4
1148120 1602.9
1148130 1609.1
1148140 1609.1
1148150 1614.7
1148160 1619.3
1148170 1623.3
1148180 1623.3
1148190 1628.0
1148200 1634.0
1148210 1634.0
1148220 1646.7
1148230 1673.8
1148240 1673.8
1148250 1687.9
1148260 1699.7
1148270 1702.6
1148280 1712.7
1148290 1720.0
1148300 1720.0
1148310 1725.3
1148320 1730.0
1148330 1730.0
1148340 1734.5
1148350 1738.5
1148360 1738.5
1148370 1742.0
1148380 1745.7
1148390 1745.7
1148400 1749.6
1148410 1753.3
1148420 1757.2
1148430 1757.2
1148440 1761.2
1148450 1765.1
1148460 1765.1
1148470 1767.2
1148480 1769.7
1148490 1769.7
1148500 1772.6
1148510 1774.2
1148520 1774.2
1148530 1776.3
1148540 1779.2
1148550 1779.2
1148560 1782.9
1148570 1786.9
1148580 1786.9
1148590 1790.7
1148600 1793.2
1148610 1793.2
1148620 1794.9
1148630 1797.0
1148640 1797.0
1148650 1791.3
1148660 1791.5
1148670 1792.2
1148680 1792.2
1148690 1794.1
1148700 1797.0
1148710 1797.0
1148720 1799.7
1148730 1802.7
1148740 1802.7
1148750 1805.9
1148760 1809.1
1148770 1809.1
1148780 1813.2
1148790 1818.0
1148800 1818.0
1148810 1822.9
1148820 1827.8
1148830 1827.8
1148840 1832.4
1148850 1835.6
1148860 1835.6
1148870 1837.1
1148880 1838.4
1148890 1838.4
1148900 1840.2
1148910 1841.2
1148920 1841.6
1148930 1841.6
1148940 1844.4
1148950 1848.8
1148960 1848.8
1148970 1855.1
1148980 1860.8
1148990 1860.8
1149000 1865.7
1149010 1868.9
1149020 1868.9
1149030 1874.8
1149040 1883.4
1149050 1883.4
1149060 1889.2
1149070 1895.7
1149080 1895.7
1149090 1903.6
1149100 1909.8
1149110 1909.8
1149120 1914.1
1149130 1916.7
1149140 1916.7
1149150 1919.0
1149160 1923.3
1149170 1928.1
1149180 1928.1
1149190 1934.2
1149200 1940.5
1149210 1940.5
1149220 1946.9
1149230 1953.9
1149240 1953.9
1149250 1961.2
1149260 1968.3
1149270 1968.3
1149280 1975.1
1149290 1983.0
1149300 1983.0
1149310 1992.6
1149320 2002.8
1149330 2002.8
1149340 2011.5
1149350 2019.7
1149360 2019.7
1149370 2026.5
1149380 2031.2
1149390 2031.2
1149400 2035.4
1149410 2036.4
1149420 2042.8
1149430 2042.8
1149440 2050.1
1149450 2055.8
1149460 2055.8
1149470 2061.3
1149480 2068.0
1149490 2068.0
1149500 2077.6
1149510 2086.8
1149520 2086.8
1149530 2094.9
1149540 2103.0
1149550 2103.0
1149560 2111.4
1149570 2121.5
1149580 2121.5
1149590 2131.5
1149600 2139.0
1149610 2139.0
1149620 2146.9
1149630 2155.1
1149640 2155.1
1149650 2162.0
1149660 2167.2
1149670 2167.2
1149680 2171.3
1149690 2175.6
1149700 2182.1
1149710 2182.1
1149720 2187.3
1149730 2191.7
1149740 2191.7
1149750 2195.1
1149760 2197.9
1149770 2197.9
1149780 2200.2
1149790 2202.7
1149800 2202.7
1149810 2206.8
1149820 2211.6
1149830 2211.6
1149840 2216.4
1149850 2220.5
1149860 2220.5
1149870 2225.2
1149880 2231.0
1149890 2231.0
1149900 2237.1
1149910 2242.7
1149920 2242.7
1149930 2248.5
1149940 2253.9
1149950 2257.4
1149960 2257.4
1149970 2260.4
1149980 2264.9
1149990 2264.9
1150000 2270.5
1150010 2274.3
1150020 2274.3
1150030 2276.6
1150040 2281.3
1150050 2281.3
1150060 2285.8
1150070 2289.8
1150080 2289.8
1150090 2293.2
1150100 2297.1
1150110 2297.1
1150120 2302.3
1150130 2308.0
1150140 2308.0
1150150 2313.2
1150160 2317.2
1150170 2314.3
1150180 2318.0
1150190 2322.8
1150200 2328.1
1150210 2328.1
1150220 2333.4
1150230 2340.3
1150240 2340.3
1150250 2346.8
1150260 2352.6
1150270 2352.6
1150280 2358.4
1150290 2363.5
1150300 2363.5
1150310 2368.5
1150320 2373.6
1150330 2373.6
1150340 2379.5
1150350 2386.2
1150360 2386.2
1150370 2393.6
1150380 2399.8
1150390 2399.8
1150400 2404.9
1150410 2409.8
1150420 2409.8
1150430 2414.5
1150440 2418.8
1150450 2424.5
1150460 2424.5
1150470 2431.2
1150480 2437.6
1150490 2437.6
1150500 2443.4
1150510 2449.3
1150520 2449.3
1150530 2454.7
1150540 2460.6
1150550 2454.1
1150560 2459.0
1150570 2463.2
1150580 2463.2
1150590 2467.4
1150600 2471.8
1150610 2471.8
1150620 2476.1
1150630 2481.0
1150640 2481.0
1150650 2484.7
1150660 2485.7
1150670 2485.7
1150680 2488.8
1150690 2492.2
1150700 2494.9
1150710 2494.9
1150720 2494.9
1150730 2492.6
1150740 2492.6
1150750 2495.4
1150760 2499.5
1150770 2499.5
1150780 2501.6
1150790 2504.3
1150800 2504.3
1150810 2506.6
1150820 2508.9
1150830 2508.9
1150840 2512.1
1150850 2515.3
1150860 2515.3
1150870 2519.2
1150880 2523.2
1150890 2523.2
1150900 2520.6
1150910 2513.3
1150920 2513.3
1150930 2500.2
1150940 2491.3
1150950 2483.4
1150960 2483.4
1150970 2470.9
1150980 2458.0
1150990 2458.0
1151000 2447.8
1151010 2440.9
1151020 2440.9
1151030 2434.5
1151040 2428.1
1151050 2428.1
1151060 2421.9
1151070 2416.1
1151080 2416.1
1151090 2410.5
1151100 2405.4
1151110 2405.4
1151120 2400.6
1151130 2395.4
1151140 2395.4
1151150 2389.6
1151160 2383.8
1151170 2383.8
1151180 2379.2
1151190 2375.7
1151200 2371.5
1151210 2371.5
1151220 2358.3
1151230 2331.0
1151240 2331.0
1151250 2321.5
1151260 2315.0
1151270 2315.0
1151280 2308.7
1151290 2303.7
1151300 2303.7
1151310 2295.2
1151320 2290.2
1151330 2290.2
1151340 2285.1
1151350 2281.1
1151360 2281.1
1151370 2277.3
1151380 2275.0
1151390 2275.0
1151400 2272.0
1151410 2270.0
1151420 2270.0
1151430 2268.6
1151440 2267.7
1151450 2267.1
1151460 2267.1
1151470 2266.5
1151480 2265.9
1151490 2265.9
1151500 2265.0
1151510 2263.8
1151520 2263.8
1151530 2263.9
1151540 2263.8
1151550 2263.8
1151560 2263.3
1151570 2263.5
1151580 2263.5
1151590 2260.9
1151600 2233.6
1151610 2233.6
1151620 2199.5
1151630 2186.8
1151640 2186.8
1151650 2167.9
1151660 2145.7
1151670 2145.7
1151680 2130.5
1151690 2140.0
1151700 2120.2
1151710 2120.2
1151720 2101.5
1151730 2082.6
1151740 2082.6
1151750 2067.4
1151760 2057.8
1151770 2057.8
1151780 2051.3
1151790 2045.2
1151800 2045.2
1151810 2029.9
1151820 2020.5
1151830 2020.5
1151840 2013.3
1151850 2006.0
1151860 2006.0
1151870 1999.2
1151880 1992.4
1151890 1992.4
1151900 1985.9
1151910 1979.6
1151920 1979.6
1151930 1973.4
1151940 1967.2
1151950 1961.5
1151960 1961.5
1151970 1955.7
1151980 1950.1
1151990 1950.1
1152000 1944.9
1152010 1940.2
1152020 1940.2
1152030 1936.4
1152040 1933.7
1152050 1933.7
1152060 1933.5
1152070 1936.2
1152080 1936.2
1152090 1935.6
1152100 1934.1
1152110 1934.1
1152120 1934.2
1152130 1935.6
1152140 1935.6
1152150 1937.5
1152160 1939.3
1152170 1939.3
1152180 1941.5
1152190 1939.1
1152200 1939.1
1152210 1941.0
1152220 1943.4
1152230 1944.1
1152240 1944.1
1152250 1944.5
1152260 1944.4
1152270 1944.4
1152280 1945.0
1152290 1948.6
1152300 1948.6
1152310 1951.9
1152320 1956.6
1152330 1956.6
1152340 1959.8
1152350 1963.5
1152360 1963.5
1152370 1968.6
1152380 1974.4
1152390 1974.4
1152400 1978.1
1152410 1980.7
1152420 1980.7
1152430 1983.4
1152440 1984.3
1152450 1984.3
1152460 1986.9
1152470 1986.5
1152480 1986.0
1152490 1986.0
1152500 1986.1
1152510 1986.7
1152520 1986.7
1152530 1986.8
1152540 1986.1
1152550 1986.1
1152560 1986.9
1152570 1986.5
1152580 1986.5
1152590 1984.7
1152600 1987.4
1152610 1987.4
1152620 1996.2
1152630 2001.9
1152640 2001.9
1152650 2005.7
1152660 2008.9
1152670 2008.9
1152680 2011.6
1152690 2014.4
1152700 2014.4
1152710 2018.8
1152720 2024.1
1152730 2029.7
1152740 2029.7
1152750 2034.9
1152760 2038.9
1152770 2038.9
1152780 2042.8
1152790 2047.6
1152800 2047.6
1152810 2053.2
1152820 2058.9
1152830 2058.9
1152840 2067.2
1152850 2073.2
1152860 2073.2
1152870 2079.6
1152880 2086.1
1152890 2086.1
1152900 2092.7
1152910 2099.3
1152920 2099.3
1152930 2106.4
1152940 2113.7
1152950 2113.7
1152960 2121.8
1152970 2130.1
1152980 2139.8
1152990 2139.8
1153000 2150.9
1153010 2163.0
1153020 2163.0
1153030 2172.8
1153040 2181.4
1153050 2181.4
1153060 2189.6
1153070 2197.2
1153080 2197.2
1153090 2205.5
1153100 2216.2
1153110 2216.2
1153120 2228.0
1153130 2244.3
1153140 2244.3
1153150 2264.0
1153160 2278.5
1153170 2278.5
1153180 2293.4
1153190 2305.8
1153200 2305.8
1153210 2316.5
1153220 2323.8
1153230 2332.6
1153240 2332.6
1153250 2340.8
1153260 2348.2
1153270 2348.2
1153280 2355.1
1153290 2361.9
1153300 2361.9
1153310 2369.1
1153320 2377.2
1153330 2377.2
1153340 2385.0
1153350 2392.2
1153360 2392.2
1153370 2399.3
1153380 2405.9
1153390 2405.9
1153400 2412.2
1153410 2417.8
1153420 2417.8
1153430 2423.6
1153440 2429.8
1153450 2429.8
1153460 2435.8
1153470 2440.9
1153480 2446.6
1153490 2446.6
1153500 2453.3
1153510 2460.0
1153520 2460.0
1153530 2467.1
1153540 2474.2
1153550 2474.2
1153560 2481.1
1153570 2488.1
1153580 2488.1
1153590 2495.0
1153600 2502.1
1153610 2499.5
1153620 2506.8
1153630 2512.8
1153640 2512.8
1153650 2518.5
1153660 2525.8
1153670 2525.8
1153680 2532.2
1153690 2538.8
1153700 2538.8
1153710 2542.2
1153720 2542.9
1153730 2547.2
1153740 2547.2
1153750 2555.1
1153760 2565.6
1153770 2565.6
1153780 2579.1
1153790 2585.8
1153800 2585.8
1153810 2588.2
1153820 2588.9
1153830 2588.9
1153840 2593.3
1153850 2594.5
1153860 2594.5
1153870 2592.4
1153880 2592.0
1153890 2592.0
1153900 2584.5
1153910 2576.4
1153920 2576.4
1153930 2570.8
1153940 2565.1
1153950 2565.1
1153960 2561.5
1153970 2557.6
1153980 2554.6
1153990 2565.2
1154000 2565.4
1154010 2565.7
1154020 2565.7
1154030 2569.5
1154040 2569.3
1154050 2569.3
1154060 2567.4
1154070 2568.9
1154080 2568.9
1154090 2572.6
1154100 2575.9
1154110 2575.9
1154120 2578.4
1154130 2579.4
1154140 2579.4
1154150 2580.9
1154160 2583.3
1154170 2583.3
1154180 2586.7
1154190 2589.3
1154200 2589.3
1154210 2591.0
1154220 2592.2
1154230 2595.3
1154240 2595.3
1154250 2599.4
1154260 2603.3
1154270 2603.3
1154280 2609.3
1154290 2625.3
1154300 2625.3
1154310 2640.0
1154320 2651.0
1154330 2651.0
1154340 2661.2
1154350 2680.7
1154360 2680.7
1154370 2696.4
1154380 2702.6
1154390 2702.6
1154400 2696.8
1154410 2689.0
1154420 2689.0
1154430 2678.1
1154440 2670.1
1154450 2670.1
1154460 2662.0
1154470 2649.2
1154480 2640.1
1154490 2640.1
1154500 2633.2
1154510 2625.8
1154520 2625.8
1154530 2618.5
1154540 2611.7
1154550 2611.7
1154560 2605.2
1154570 2599.3
1154580 2599.3
1154590 2594.9
1154600 2589.6
1154610 2589.6
1154620 2583.8
1154630 2580.5
1154640 2580.5
1154650 2578.9
1154660 2579.4
1154670 2579.4
1154680 2579.7
1154690 2582.3
1154700 2582.3
1154710 2585.2
1154720 2588.7
1154730 2587.9
1154740 2587.9
1154750 2572.7
1154760 2555.9
1154770 2555.9
1154780 2557.0
1154790 2559.2
1154800 2559.2
1154810 2559.3
1154820 2553.2
1154830 2553.2
1154840 2544.5
1154850 2529.9
1154860 2529.9
1154870 2503.9
1154880 2487.7
1154890 2487.7
1154900 2482.5
1154910 2477.9
1154920 2477.9
1154930 2472.5
1154940 2467.5
1154950 2467.5
1154960 2461.8
1154970 2454.8
1154980 2454.8
1154990 2449.9
1155000 2445.3
1155010 2440.0
1155020 2440.0
1155030 2434.2
1155040 2425.0
1155050 2425.0
1155060 2413.5
1155070 2401.0
1155080 2401.0
1155090 2389.8
1155100 2379.7
1155110 2379.7
1155120 2366.7
1155130 2352.7
1155140 2352.7
1155150 2346.9
1155160 2339.7
1155170 2339.7
1155180 2332.7
1155190 2326.3
1155200 2326.3
1155210 2320.4
1155220 2314.8
1155230 2314.8
1155240 2309.8
1155250 2306.1
1155260 2303.0
1155270 2303.0
1155280 2300.1
1155290 2297.5
1155300 2297.5
1155310 2294.9
1155320 2291.7
1155330 2291.7
1155340 2287.9
1155350 2284.0
1155360 2284.0
1155370 2280.3
1155380 2276.2
1155390 2276.2
1155400 2272.4
1155410 2268.8
1155420 2268.8
1155430 2265.3
1155440 2261.6
1155450 2261.6
1155460 2258.3
1155470 2254.5
1155480 2254.5
1155490 2249.8
1155500 2245.0
1155510 2240.8
1155520 2240.8
1155530 2236.5
1155540 2232.1
1155550 2232.1
1155560 2228.0
1155570 2223.9
1155580 2223.9
1155590 2219.6
1155600 2215.3
1155610 2215.3
1155620 2211.5
1155630 2207.4
1155640 2207.4
1155650 2203.3
1155660 2199.3
1155670 2199.3
1155680 2195.2
1155690 2191.3
1155700 2191.3
1155710 2187.4
1155720 2183.7
1155730 2183.7
1155740 2180.0
1155750 2176.3
1155760 2173.0
1155770 2173.0
1155780 2169.7
1155790 2165.8
1155800 2165.8
1155810 2161.8
1155820 2157.9
1155830 2157.9
1155840 2154.7
1155850 2151.6
1155860 2151.6
1155870 2148.8
1155880 2146.4
1155890 2146.4
1155900 2143.3
1155910 2139.9
1155920 2139.9
1155930 2137.1
1155940 2134.1
1155950 2134.1
1155960 2130.8
1155970 2127.8
1155980 2127.8
1155990 2125.0
1156000 2122.7
1156010 2120.7
1156020 2120.7
1156030 2118.4
1156040 2115.9
1156050 2115.9
1156060 2115.3
1156070 2117.1
1156080 2117.1
1156090 2118.6
1156100 2118.3
1156110 2118.3
1156120 2115.7
1156130 2111.2
1156140 2111.2
1156150 2106.7
1156160 2103.3
1156170 2103.3
1156180 2100.6
1156190 2097.8
1156200 2097.8
1156210 2095.9
1156220 2094.4
1156230 2094.4
1156240 2090.0
1156250 2084.8
1156260 2081.7
1156270 2081.7
1156280 2079.7
1156290 2079.1
1156300 2079.1
1156310 2076.2
1156320 2074.2
1156330 2074.2
1156340 2071.3
1156350 2067.8
1156360 2067.8
1156370 2064.9
1156380 2062.5
1156390 2062.5
1156400 2060.8
1156410 2058.9
1156420 2058.9
1156430 2057.1
1156440 2055.2
1156450 2055.2
1156460 2053.3
1156470 2052.2
1156480 2052.2
1156490 2051.4
1156500 2050.2
1156510 2048.0
1156520 2048.0
1156530 2047.0
1156540 2047.1
1156550 2047.1
1156560 2047.0
1156570 2046.5
1156580 2046.5
1156590 2046.1
1156600 2045.7
1156610 2045.7
1156620 2045.4
1156630 2046.0
1156640 2046.0
1156650 2045.6
1156660 2045.1
1156670 2045.1
1156680 2044.6
1156690 2043.6
1156700 2043.4
1156710 2043.3
1156720 2044.2
1156730 2044.2
1156740 2044.5
1156750 2043.9
1156760 2042.6
1156770 2042.6
1156780 2042.3
1156790 2042.4
1156800 2042.4
1156810 2042.2
1156820 2043.0
1156830 2043.0
1156840 2042.8
1156850 2042.1
1156860 2042.1
1156870 2041.5
1156880 2039.9
1156890 2039.9
1156900 2038.6
1156910 2037.4
1156920 2037.4
1156930 2036.3
1156940 2035.1
1156950 2035.1
1156960 2036.7
1156970 2035.8
1156980 2035.8
1156990 2033.3
1157000 2033.6
1157010 2034.3
1157020 2034.3
1157030 2035.1
1157040 2035.7
1157050 2035.7
1157060 2036.2
1157070 2036.9
1157080 2039.8
1157090 2039.8
1157100 2039.8
1157110 2039.8
1157120 2039.4
1157130 2039.7
1157140 2039.7
1157150 2042.4
1157160 2045.3
1157170 2045.3
1157180 2047.7
1157190 2050.3
1157200 2050.3
1157210 2052.2
1157220 2053.8
1157230 2053.8
1157240 2057.3
1157250 2061.3
1157260 2065.1
1157270 2065.1
1157280 2068.0
1157290 2070.5
1157300 2070.5
1157310 2073.1
1157320 2077.4
1157330 2077.4
1157340 2083.6
1157350 2096.9
1157360 2096.9
1157370 2113.6
1157380 2124.2
1157390 2124.2
1157400 2137.1
1157410 2149.2
1157420 2149.2
1157430 2157.0
1157440 2166.5
1157450 2166.5
1157460 2175.5
1157470 2210.4
1157480 2210.4
1157490 2221.3
1157500 2229.9
1157510 2229.9
1157520 2240.1
1157530 2244.7
1157540 2246.6
1157550 2246.6
1157560 2246.1
1157570 2246.9
1157580 2246.9
1157590 2255.4
1157600 2272.7
1157610 2272.7
1157620 2305.8
1157630 2325.1
1157640 2325.1
1157650 2338.0
1157660 2348.9
1157670 2348.9
1157680 2361.0
1157690 2374.9
1157700 2374.9
1157710 2382.5
1157720 2380.9
1157730 2380.9
1157740 2382.9
1157750 2378.9
1157760 2378.9
1157770 2371.0
1157780 2357.8
1157790 2336.2
1157800 2336.2
1157810 2286.4
1157820 2246.4
1157830 2246.4
1157840 2230.5
1157850 2218.6
1157860 2225.8
1157870 2212.4
1157880 2203.3
1157890 2203.3
1157900 2193.8
1157910 2183.4
1157920 2183.4
1157930 2172.9
1157940 2149.2
1157950 2149.2
1157960 2127.3
1157970 2116.6
1157980 2116.6
1157990 2099.3
1158000 2082.9
1158010 2082.9
1158020 2068.2
1158030 2064.2
1158040 2056.3
1158050 2056.3
1158060 2046.0
1158070 2035.9
1158080 2035.9
1158090 2027.5
1158100 2029.1
1158110 2029.1
1158120 2027.0
1158130 2021.8
1158140 2021.8
1158150 2014.6
1158160 2007.9
1158170 2007.9
1158180 1998.5
1158190 1987.7
1158200 1987.7
1158210 1975.3
1158220 1966.4
1158230 1966.4
1158240 1962.3
1158250 1959.8
1158260 1959.8
1158270 1952.3
1158280 1945.2
1158290 1937.8
1158300 1937.8
1158310 1930.1
1158320 1923.8
1158330 1923.8
1158340 1918.9
1158350 1912.5
1158360 1912.5
1158370 1904.9
1158380 1896.4
1158390 1896.4
1158400 1888.6
1158410 1881.1
1158420 1881.1
1158430 1877.6
1158440 1874.2
1158450 1874.2
1158460 1868.9
1158470 1862.0
1158480 1862.0
1158490 1854.2
1158500 1846.2
1158510 1846.2
1158520 1839.3
1158530 1831.5
1158540 1819.6
1158550 1819.6
1158560 1810.2
1158570 1802.5
1158580 1802.5
1158590 1795.3
1158600 1787.6
1158610 1787.6
1158620 1777.6
1158630 1769.8
1158640 1770.3
1158650 1763.7
1158660 1758.3
1158670 1758.3
1158680 1753.3
1158690 1748.3
1158700 1748.3
1158710 1743.4
1158720 1738.7
1158730 1738.7
1158740 1733.9
1158750 1729.3
1158760 1729.3
1158770 1725.1
1158780 1721.0
1158790 1716.9
1158800 1716.9
1158810 1712.8
1158820 1708.6
1158830 1708.6
1158840 1704.5
1158850 1700.5
1158860 1700.5
1158870 1696.2
1158880 1692.2
1158890 1692.2
1158900 1688.7
1158910 1684.9
1158920 1684.9
1158930 1681.6
1158940 1678.2
1158950 1678.2
1158960 1675.4
1158970 1672.3
1158980 1672.3
1158990 1669.0
1159000 1665.8
1159010 1665.8
1159020 1662.7
1159030 1660.0
1159040 1656.0
1159050 1656.0
1159060 1649.9
1159070 1643.9
1159080 1643.9
1159090 1642.0
1159100 1641.5
1159110 1641.5
1159120 1643.1
1159130 1649.0
1159140 1649.0
1159150 1652.3
1159160 1655.3
1159170 1655.3
1159180 1658.5
1159190 1661.4
1159200 1661.4
1159210 1664.2
1159220 1667.8
1159230 1667.8
1159240 1670.5
1159250 1674.0
1159260 1674.0
1159270 1677.3
1159280 1680.3
1159290 1683.5
1159300 1683.5
1159310 1686.4
1159320 1689.5
1159330 1689.5
1159340 1692.7
1159350 1696.0
1159360 1696.0
1159370 1699.7
1159380 1703.2
1159390 1703.2
1159400 1707.5
1159410 1711.8
1159420 1714.5
1159430 1718.8
1159440 1722.6
1159450 1722.6
1159460 1726.3
1159470 1732.3
1159480 1732.3
1159490 1739.7
1159500 1746.6
1159510 1746.6
1159520 1753.6
1159530 1762.6
1159540 1770.2
1159550 1770.2
1159560 1777.4
1159570 1785.9
1159580 1785.9
1159590 1794.1
1159600 1800.4
1159610 1800.4
1159620 1811.2
1159630 1823.3
1159640 1823.3
1159650 1831.3
1159660 1838.7
1159670 1838.7
1159680 1845.3
1159690 1852.2
1159700 1852.2
1159710 1860.0
1159720 1866.9
1159730 1866.9
1159740 1873.8
1159750 1880.5
1159760 1880.5
1159770 1887.2
1159780 1893.9
1159790 1900.6
1159800 1900.6
1159810 1908.8
1159820 1915.6
1159830 1915.6
1159840 1922.7
1159850 1930.4
1159860 1930.4
1159870 1939.0
1159880 1946.9
1159890 1946.9
1159900 1953.4
1159910 1960.2
1159920 1960.2
1159930 1967.1
1159940 1971.8
1159950 1971.8
1159960 1980.4
1159970 1987.8
1159980 1987.8
1159990 1995.4
