1140000 1618.5
1140010 1616.6
1140020 1614.4
1140030 1612.9
1140040 1612.9
1140050 1610.8
1140060 1609.1
1140070 1609.1
1140080 1605.6
1140090 1597.8
1140100 1597.8
1140110 1594.7
1140120 1597.2
1140130 1597.2
1140140 1600.8
1140150 1602.6
1140160 1602.6
1140170 1604.9
1140180 1609.5
1140190 1615.0
1140200 1615.0
1140210 1620.3
1140220 1625.8
1140230 1625.8
1140240 1631.9
1140250 1636.4
1140260 1636.4
1140270 1638.7
1140280 1640.9
1140290 1640.9
1140300 1643.9
1140310 1647.3
1140320 1647.3
1140330 1650.5
1140340 1653.7
1140350 1653.7
1140360 1656.9
1140370 1659.9
1140380 1662.1
1140390 1664.8
1140400 1667.6
1140410 1667.6
1140420 1670.6
1140430 1674.0
1140440 1677.5
1140450 1677.5
1140460 1681.1
1140470 1684.4
1140480 1684.4
1140490 1688.1
1140500 1692.2
1140510 1692.2
1140520 1696.5
1140530 1701.1
1140540 1701.1
1140550 1706.7
1140560 1713.2
1140570 1713.2
1140580 1722.5
1140590 1729.8
1140600 1729.8
1140610 1736.7
1140620 1743.5
1140630 1743.5
1140640 1750.3
1140650 1757.0
1140660 1757.0
1140670 1762.8
1140680 1769.0
1140690 1778.3
1140700 1778.3
1140710 1789.3
1140720 1795.9
1140730 1795.9
1140740 1804.6
1140750 1805.8
1140760 1805.8
1140770 1813.1
1140780 1820.0
1140790 1820.0
1140800 1828.0
1140810 1837.6
1140820 1837.6
1140830 1846.2
1140840 1853.8
1140850 1853.8
1140860 1862.6
1140870 1868.2
1140880 1868.2
1140890 1872.4
1140900 1877.0
1140910 1877.0
1140920 1884.0
1140930 1888.5
1140940 1894.1
1140950 1894.1
1140960 1901.0
1140970 1909.4
1140980 1909.4
1140990 1917.9
1141000 1926.8
1141010 1926.8
1141020 1937.2
1141030 1943.1
1141040 1943.1
1141050 1948.1
1141060 1953.0
1141070 1953.0
1141080 1957.0
1141090 1960.3
1141100 1960.3
1141110 1962.1
1141120 1978.5
1141130 1978.5
1141140 1983.0
1141150 1986.0
1141160 1986.0
1141170 1988.6
1141180 1995.3
1141190 2002.3
1141200 2002.3
1141210 2008.2
1141220 2015.7
1141230 2015.7
1141240 2021.9
1141250 2027.3
1141260 2027.3
1141270 2034.9
1141280 2041.6
1141290 2041.6
1141300 2047.2
1141310 2052.6
1141320 2052.6
1141330 2057.1
1141340 2060.9
1141350 2060.9
1141360 2064.6
1141370 2067.9
1141380 2067.9
1141390 2070.5
1141400 2072.2
1141410 2072.2
1141420 2073.8
1141430 2076.9
1141440 2080.4
1141450 2080.4
1141460 2083.2
1141470 2084.9
1141480 2084.9
1141490 2093.1
1141500 2091.7
1141510 2091.7
1141520 2088.0
1141530 2086.0
1141540 2086.0
1141550 2085.8
1141560 2085.5
1141570 2085.5
1141580 2086.5
1141590 2089.0
1141600 2089.0
1141610 2089.8
1141620 2089.8
1141630 2089.8
1141640 2090.1
1141650 2089.2
1141660 2089.2
1141670 2089.1
1141680 2090.8
1141690 2090.4
1141700 2090.4
1141710 2094.0
1141720 2099.4
1141730 2099.4
1141740 2102.3
1141750 2107.3
1141760 2107.3
1141770 2112.3
1141780 2117.9
1141790 2117.9
1141800 2123.0
1141810 2128.0
1141820 2128.0
1141830 2133.2
1141840 2138.6
1141850 2138.6
1141860 2148.2
1141870 2154.5
1141880 2154.5
1141890 2160.8
1141900 2168.0
1141910 2168.0
1141920 2177.8
1141930 2190.3
1141940 2200.8
1141950 2200.8
1141960 2212.9
1141970 2226.3
1141980 2226.3
1141990 2235.6
1142000 2245.2
1142010 2245.2
1142020 2258.4
1142030 2270.3
1142040 2270.3
1142050 2279.4
1142060 2287.1
1142070 2287.1
1142080 2294.6
1142090 2301.1
1142100 2301.1
1142110 2307.3
1142120 2312.7
1142130 2312.7
1142140 2317.6
1142150 2322.4
1142160 2322.4
1142170 2327.5
1142180 2332.6
1142190 2332.6
1142200 2337.6
1142210 2342.5
1142220 2347.3
1142230 2348.7
1142240 2353.5
1142250 2357.9
1142260 2357.9
1142270 2361.8
1142280 2365.0
1142290 2365.0
1142300 2367.3
1142310 2367.2
1142320 2367.2
1142330 2363.9
1142340 2360.6
1142350 2360.6
1142360 2357.5
1142370 2355.1
1142380 2355.1
1142390 2352.7
1142400 2349.1
1142410 2349.1
1142420 2344.2
1142430 2338.4
1142440 2338.4
1142450 2334.9
1142460 2332.2
1142470 2329.1
1142480 2329.1
1142490 2325.0
1142500 2321.4
1142510 2321.4
1142520 2318.7
1142530 2316.7
1142540 2316.7
1142550 2314.4
1142560 2312.5
1142570 2312.5
1142580 2310.7
1142590 2307.4
1142600 2302.6
1142610 2299.4
1142620 2296.2
1142630 2296.2
1142640 2292.8
1142650 2290.4
1142660 2290.4
1142670 2288.7
1142680 2287.6
1142690 2287.6
1142700 2285.7
1142710 2283.1
1142720 2280.1
1142730 2280.1
1142740 2276.2
1142750 2271.4
1142760 2271.4
1142770 2266.1
1142780 2260.9
1142790 2260.9
1142800 2257.2
1142810 2253.0
1142820 2253.0
1142830 2247.5
1142840 2242.5
1142850 2242.5
1142860 2240.2
1142870 2236.9
1142880 2236.9
1142890 2234.0
1142900 2232.0
1142910 2232.0
1142920 2229.2
1142930 2224.0
1142940 2224.0
1142950 2220.8
1142960 2221.0
1142970 2216.9
1142980 2216.9
1142990 2215.3
1143000 2213.0
1143010 2213.0
1143020 2210.0
1143030 2207.0
1143040 2207.0
1143050 2204.4
1143060 2202.0
1143070 2202.0
1143080 2199.6
1143090 2197.4
1143100 2197.4
1143110 2194.7
1143120 2191.7
1143130 2191.7
1143140 2187.5
1143150 2182.3
1143160 2182.3
1143170 2176.7
1143180 2171.7
1143190 2171.7
1143200 2171.2
1143210 2171.2
1143220 2170.6
1143230 2170.6
1143240 2169.3
1143250 2167.9
1143260 2167.9
1143270 2165.5
1143280 2164.0
1143290 2164.0
1143300 2164.0
1143310 2163.9
1143320 2163.9
1143330 2164.4
1143340 2162.7
1143350 2162.7
1143360 2163.5
1143370 2163.1
1143380 2163.1
1143390 2161.6
1143400 2160.6
1143410 2160.6
1143420 2159.2
1143430 2157.6
1143440 2157.6
1143450 2153.2
1143460 2147.0
1143470 2141.5
1143480 2141.5
1143490 2137.8
1143500 2131.7
1143510 2131.7
1143520 2123.0
1143530 2114.5
1143540 2114.5
1143550 2115.8
1143560 2117.7
1143570 2117.7
1143580 2116.2
1143590 2116.3
1143600 2116.3
1143610 2116.3
1143620 2116.2
1143630 2116.2
1143640 2114.3
1143650 2112.1
1143660 2112.1
1143670 2108.8
1143680 2103.1
1143690 2103.1
1143700 2097.0
1143710 2092.4
1143720 2083.6
1143730 2083.6
1143740 2080.0
1143750 2077.7
1143760 2077.7
1143770 2075.6
1143780 2074.1
1143790 2074.1
1143800 2071.5
1143810 2067.5
1143820 2067.5
1143830 2066.7
1143840 2064.4
1143850 2064.4
1143860 2060.7
1143870 2056.4
1143880 2056.4
1143890 2051.5
1143900 2046.4
1143910 2046.4
1143920 2041.2
1143930 2035.8
1143940 2035.8
1143950 2030.7
1143960 2025.9
1143970 2018.7
1143980 2018.7
1143990 2009.0
1144000 2004.5
1144010 2004.5
1144020 2000.3
1144030 1994.8
1144040 1994.8
1144050 1990.6
1144060 1986.8
1144070 1986.8
1144080 1982.6
1144090 1974.1
1144100 1974.1
1144110 1970.0
1144120 1965.8
1144130 1965.8
1144140 1961.3
1144150 1957.4
1144160 1957.4
1144170 1953.8
1144180 1949.3
1144190 1949.3
1144200 1944.1
1144210 1939.7
1144220 1939.7
1144230 1936.1
1144240 1932.7
1144250 1929.6
1144260 1929.6
1144270 1926.2
1144280 1923.0
1144290 1923.0
1144300 1919.2
1144310 1915.8
1144320 1915.8
1144330 1911.9
1144340 1907.6
1144350 1907.6
1144360 1906.1
1144370 1903.4
1144380 1903.4
1144390 1900.2
1144400 1898.4
1144410 1898.4
1144420 1895.9
1144430 1893.1
1144440 1893.1
1144450 1890.7
1144460 1888.4
1144470 1882.6
1144480 1880.0
1144490 1878.4
1144500 1877.5
1144510 1877.5
1144520 1876.0
1144530 1873.2
1144540 1873.2
1144550 1870.9
1144560 1869.7
1144570 1869.7
1144580 1868.7
1144590 1866.8
1144600 1866.8
1144610 1864.8
1144620 1862.7
1144630 1862.7
1144640 1860.4
1144650 1858.7
1144660 1858.7
1144670 1857.5
1144680 1856.3
1144690 1856.3
1144700 1855.4
1144710 1854.5
1144720 1854.5
1144730 1852.3
1144740 1847.4
1144750 1843.0
1144760 1843.0
1144770 1838.6
1144780 1833.6
1144790 1833.6
1144800 1828.2
1144810 1823.9
1144820 1823.9
1144830 1819.8
1144840 1812.0
1144850 1812.0
1144860 1807.3
1144870 1801.3
1144880 1801.3
1144890 1793.9
1144900 1786.0
1144910 1786.0
1144920 1779.6
1144930 1774.7
1144940 1774.7
1144950 1769.4
1144960 1762.8
1144970 1762.8
1144980 1755.5
1144990 1750.9
1145000 1748.5
1145010 1748.5
1145020 1745.4
1145030 1741.0
1145040 1741.0
1145050 1736.0
1145060 1728.2
1145070 1728.2
1145080 1718.9
1145090 1713.3
1145100 1713.3
1145110 1710.4
1145120 1704.4
1145130 1704.4
1145140 1696.9
1145150 1693.3
1145160 1693.3
1145170 1695.9
1145180 1699.0
1145190 1699.0
1145200 1701.5
1145210 1693.4
1145220 1693.4
1145230 1692.4
1145240 1697.2
1145250 1701.4
1145260 1701.4
1145270 1703.9
1145280 1706.2
1145290 1706.2
1145300 1707.7
1145310 1701.2
1145320 1701.2
1145330 1684.9
1145340 1662.6
1145350 1662.6
1145360 1653.6
1145370 1646.9
1145380 1646.9
1145390 1640.2
1145400 1633.7
1145410 1633.7
1145420 1627.6
1145430 1621.2
1145440 1621.2
1145450 1613.2
1145460 1601.2
1145470 1601.2
1145480 1591.4
1145490 1584.1
1145500 1576.2
1145510 1576.2
1145520 1568.5
1145530 1560.5
1145540 1560.5
1145550 1553.5
1145560 1547.4
1145570 1547.4
1145580 1541.2
1145590 1530.6
1145600 1530.6
1145610 1524.2
1145620 1518.1
1145630 1518.1
1145640 1512.7
1145650 1507.2
1145660 1507.2
1145670 1502.6
1145680 1497.6
1145690 1497.6
1145700 1492.1
1145710 1487.0
1145720 1487.0
1145730 1482.3
1145740 1478.1
1145750 1474.2
1145760 1474.2
1145770 1470.9
1145780 1467.5
1145790 1467.5
1145800 1464.8
1145810 1462.6
1145820 1462.6
1145830 1460.4
1145840 1457.8
1145850 1457.8
1145860 1454.4
1145870 1450.2
1145880 1450.2
1145890 1445.5
1145900 1441.1
1145910 1441.1
1145920 1435.9
1145930 1429.6
1145940 1429.6
1145950 1422.8
1145960 1416.1
1145970 1416.1
1145980 1407.9
1145990 1399.1
1146000 1389.3
1146010 1389.3
1146020 1379.4
1146030 1371.0
1146040 1371.0
1146050 1363.7
1146060 1353.3
1146070 1353.3
1146080 1343.4
1146090 1345.1
1146100 1345.1
1146110 1354.9
1146120 1370.8
1146130 1370.8
1146140 1384.8
1146150 1392.0
1146160 1392.0
1146170 1397.9
1146180 1403.9
1146190 1403.9
1146200 1409.6
1146210 1415.3
1146220 1415.3
1146230 1421.3
1146240 1427.1
1146250 1427.1
1146260 1433.4
1146270 1440.0
1146280 1446.1
1146290 1446.1
1146300 1452.1
1146310 1458.1
1146320 1458.1
1146330 1464.1
1146340 1473.4
1146350 1473.4
1146360 1480.2
1146370 1486.9
1146380 1486.9
1146390 1494.2
1146400 1501.9
1146410 1501.9
1146420 1510.2
1146430 1520.7
1146440 1520.7
1146450 1535.2
1146460 1553.8
1146470 1553.8
1146480 1566.0
1146490 1571.3
1146500 1571.3
1146510 1576.9
1146520 1581.7
1146530 1582.1
1146540 1582.1
1146550 1580.4
1146560 1579.5
1146570 1579.5
1146580 1578.9
1146590 1572.0
1146600 1572.0
1146610 1558.5
1146620 1551.7
1146630 1551.7
1146640 1546.4
1146650 1541.4
1146660 1541.4
1146670 1537.4
1146680 1534.6
1146690 1534.6
1146700 1531.7
1146710 1529.4
1146720 1537.2
1146730 1533.6
1146740 1529.7
1146750 1529.7
1146760 1526.8
1146770 1523.3
1146780 1519.3
1146790 1519.3
1146800 1516.1
1146810 1513.2
1146820 1513.2
1146830 1511.4
1146840 1508.7
1146850 1508.7
1146860 1503.9
1146870 1502.9
1146880 1502.9
1146890 1502.7
1146900 1502.6
1146910 1502.6
1146920 1503.3
1146930 1505.4
1146940 1505.4
1146950 1506.1
1146960 1506.0
1146970 1506.0
1146980 1506.3
1146990 1506.1
1147000 1506.1
1147010 1506.2
1147020 1506.6
1147030 1506.0
1147040 1506.0
1147050 1504.5
1147060 1502.4
1147070 1502.4
1147080 1500.1
1147090 1503.8
1147100 1503.8
1147110 1501.0
1147120 1498.0
1147130 1498.0
1147140 1494.7
1147150 1492.0
1147160 1492.0
1147170 1490.8
1147180 1491.1
1147190 1491.1
1147200 1491.8
1147210 1491.9
1147220 1491.9
1147230 1491.8
1147240 1491.2
1147250 1491.2
1147260 1489.4
1147270 1480.6
1147280 1480.1
1147290 1480.1
1147300 1487.6
1147310 1489.5
1147320 1489.5
1147330 1489.8
1147340 1491.6
1147350 1491.6
1147360 1491.1
1147370 1485.7
1147380 1485.7
1147390 1479.6
1147400 1474.5
1147410 1474.5
1147420 1471.0
1147430 1466.7
1147440 1466.7
1147450 1461.1
1147460 1454.5
1147470 1460.3
1147480 1452.4
1147490 1443.9
1147500 1443.9
1147510 1437.6
1147520 1433.3
1147530 1429.8
1147540 1429.8
1147550 1427.4
1147560 1427.6
1147570 1427.6
1147580 1430.1
1147590 1433.2
1147600 1433.2
1147610 1437.3
1147620 1442.2
1147630 1442.2
1147640 1445.2
1147650 1447.1
1147660 1447.1
1147670 1450.7
1147680 1456.2
1147690 1456.2
1147700 1461.8
1147710 1467.2
1147720 1467.2
1147730 1472.0
1147740 1476.5
1147750 1476.5
1147760 1481.2
1147770 1486.0
1147780 1489.6
1147790 1489.6
1147800 1493.4
1147810 1499.4
1147820 1499.4
1147830 1504.7
1147840 1510.1
1147850 1508.2
1147860 1513.4
1147870 1519.2
1147880 1519.2
1147890 1525.4
1147900 1531.9
1147910 1531.9
1147920 1538.0
1147930 1542.8
1147940 1542.8
1147950 1546.5
1147960 1547.2
1147970 1547.2
1147980 1543.5
1147990 1537.9
1148000 1537.9
1148010 1533.8
1148020 1531.0
1148030 1535.6
1148040 1535.6
1148050 1542.2
1148060 1548.6
1148070 1548.6
1148080 1554.1
1148090 1560.2
1148100 1560.2
1148110 1566.4
1148120 1573.4
1148130 1573.4
1148140 1578.8
1148150 1582.8
1148160 1582.8
1148170 1587.3
1148180 1592.6
1148190 1592.6
1148200 1597.4
1148210 1603.0
1148220 1610.2
1148230 1615.8
1148240 1621.0
1148250 1621.0
1148260 1628.2
1148270 1635.9
1148280 1642.8
1148290 1642.8
1148300 1649.1
1148310 1657.2
1148320 1657.2
1148330 1666.8
1148340 1675.5
1148350 1675.5
1148360 1685.9
1148370 1695.1
1148380 1695.1
1148390 1703.4
1148400 1714.2
1148410 1714.2
1148420 1724.8
1148430 1733.8
1148440 1733.8
1148450 1743.5
1148460 1749.2
1148470 1749.2
1148480 1758.1
1148490 1767.4
1148500 1767.4
1148510 1776.6
1148520 1788.1
1148530 1788.1
1148540 1797.2
1148550 1802.6
1148560 1807.1
1148570 1807.1
1148580 1813.0
1148590 1817.6
1148600 1822.9
1148610 1826.3
1148620 1829.1
1148630 1829.1
1148640 1831.2
1148650 1834.0
1148660 1834.0
1148670 1837.9
1148680 1841.9
1148690 1841.9
1148700 1845.0
1148710 1848.0
1148720 1848.0
1148730 1852.4
1148740 1857.8
1148750 1857.8
1148760 1864.6
1148770 1871.6
1148780 1871.6
1148790 1879.1
1148800 1884.0
1148810 1887.1
1148820 1887.1
1148830 1890.0
1148840 1892.4
1148850 1892.4
1148860 1894.6
1148870 1897.3
1148880 1897.3
1148890 1900.3
1148900 1904.4
1148910 1904.4
1148920 1908.7
1148930 1912.9
1148940 1912.9
1148950 1917.2
1148960 1921.7
1148970 1921.7
1148980 1923.2
1148990 1927.9
1149000 1927.9
1149010 1932.7
1149020 1937.7
1149030 1937.7
1149040 1942.7
1149050 1947.3
1149060 1951.4
1149070 1951.4
1149080 1954.8
1149090 1958.6
1149100 1958.6
1149110 1962.1
1149120 1965.3
1149130 1965.3
1149140 1968.3
1149150 1972.4
1149160 1972.4
1149170 1976.5
1149180 1980.5
1149190 1980.5
1149200 1984.9
1149210 1988.9
1149220 1988.9
1149230 1993.0
1149240 1997.9
1149250 1997.9
1149260 2003.2
1149270 2008.3
1149280 2008.3
1149290 2013.3
1149300 2019.3
1149310 2025.4
1149320 2025.4
1149330 2031.2
1149340 2036.6
1149350 2036.6
1149360 2041.7
1149370 2047.1
1149380 2047.1
1149390 2053.4
1149400 2060.1
1149410 2060.1
1149420 2067.3
1149430 2073.8
1149440 2073.8
1149450 2079.4
1149460 2085.1
1149470 2085.1
1149480 2090.0
1149490 2094.9
1149500 2094.9
1149510 2099.9
1149520 2105.0
1149530 2105.0
1149540 2109.8
1149550 2114.3
1149560 2118.8
1149570 2118.8
1149580 2123.3
1149590 2128.0
1149600 2128.0
1149610 2132.3
1149620 2136.0
1149630 2136.0
1149640 2139.9
1149650 2144.6
1149660 2144.6
1149670 2149.6
1149680 2155.0
1149690 2155.0
1149700 2159.9
1149710 2164.2
1149720 2164.2
1149730 2168.0
1149740 2172.7
1149750 2172.7
1149760 2175.5
1149770 2178.6
1149780 2178.6
1149790 2181.2
1149800 2182.7
1149810 2184.3
1149820 2184.3
1149830 2186.8
1149840 2190.9
1149850 2190.9
1149860 2195.3
1149870 2198.9
1149880 2198.9
1149890 2202.3
1149900 2206.3
1149910 2206.3
1149920 2210.3
1149930 2214.1
1149940 2214.1
1149950 2218.2
1149960 2222.5
1149970 2222.5
1149980 2225.8
1149990 2229.4
1150000 2229.4
1150010 2234.5
1150020 2238.8
1150030 2238.8
1150040 2241.6
1150050 2244.3
1150060 2249.5
1150070 2249.5
1150080 2256.0
1150090 2262.8
1150100 2262.8
1150110 2268.7
1150120 2279.4
1150130 2279.4
1150140 2285.8
1150150 2292.2
1150160 2292.2
1150170 2298.7
1150180 2307.9
1150190 2307.9
1150200 2316.3
1150210 2324.9
1150220 2324.9
1150230 2332.3
1150240 2336.9
1150250 2336.9
1150260 2340.3
1150270 2343.3
1150280 2343.3
1150290 2349.0
1150300 2354.5
1150310 2361.6
1150320 2361.6
1150330 2369.9
1150340 2379.7
1150350 2379.7
1150360 2389.5
1150370 2399.4
1150380 2399.4
1150390 2409.3
1150400 2418.4
1150410 2418.4
1150420 2425.4
1150430 2432.6
1150440 2432.6
1150450 2440.8
1150460 2450.6
1150470 2450.6
1150480 2465.0
1150490 2479.4
1150500 2472.0
1150510 2481.4
1150520 2490.0
1150530 2490.0
1150540 2497.0
1150550 2504.3
1150560 2511.9
1150570 2511.9
1150580 2519.4
1150590 2527.0
1150600 2527.0
1150610 2534.7
1150620 2541.8
1150630 2541.8
1150640 2547.4
1150650 2551.3
1150660 2551.3
1150670 2554.6
1150680 2558.0
1150690 2558.0
1150700 2561.6
1150710 2564.7
1150720 2564.7
1150730 2567.4
1150740 2569.4
1150750 2569.4
1150760 2562.2
1150770 2547.5
1150780 2547.5
1150790 2535.1
1150800 2525.7
1150810 2525.7
1150820 2515.0
1150830 2503.9
1150840 2492.4
1150850 2492.4
1150860 2484.4
1150870 2476.9
1150880 2488.3
1150890 2477.9
1150900 2464.9
1150910 2464.9
1150920 2450.3
1150930 2440.3
1150940 2440.3
1150950 2432.5
1150960 2425.2
1150970 2425.2
1150980 2418.5
1150990 2412.2
1151000 2412.2
1151010 2405.9
1151020 2398.9
1151030 2398.9
1151040 2393.5
1151050 2388.8
1151060 2388.8
1151070 2383.6
1151080 2378.1
1151090 2372.5
1151100 2372.5
1151110 2367.0
1151120 2361.6
1151130 2361.6
1151140 2356.4
1151150 2351.6
1151160 2351.6
1151170 2347.1
1151180 2343.0
1151190 2343.0
1151200 2339.2
1151210 2336.2
1151220 2336.2
1151230 2334.8
1151240 2336.3
1151250 2336.3
1151260 2339.8
1151270 2342.7
1151280 2342.7
1151290 2345.8
1151300 2344.8
1151310 2344.8
1151320 2341.5
1151330 2337.7
1151340 2333.9
1151350 2333.9
1151360 2331.0
1151370 2328.7
1151380 2328.7
1151390 2325.2
1151400 2318.3
1151410 2318.3
1151420 2312.8
1151430 2304.7
1151440 2304.7
1151450 2297.7
1151460 2289.9
1151470 2289.9
1151480 2282.6
1151490 2272.9
1151500 2272.9
1151510 2262.4
1151520 2238.6
1151530 2238.6
1151540 2204.3
1151550 2181.1
1151560 2181.1
1151570 2169.6
1151580 2161.0
1151590 2152.1
1151600 2152.1
1151610 2139.2
1151620 2127.8
1151630 2127.8
1151640 2123.1
1151650 2116.3
1151660 2116.3
1151670 2110.3
1151680 2103.1
1151690 2103.1
1151700 2093.5
1151710 2080.4
1151720 2080.4
1151730 2064.1
1151740 2049.5
1151750 2049.5
1151760 2033.9
1151770 2023.9
1151780 2023.9
1151790 2015.9
1151800 2008.8
1151810 2008.8
1151820 2001.5
1151830 1994.7
1151840 1986.2
1151850 1986.2
1151860 1978.1
1151870 1971.1
1151880 1971.1
1151890 1965.6
1151900 1961.1
1151910 1961.1
1151920 1955.6
1151930 1950.1
1151940 1950.1
1151950 1945.1
1151960 1940.1
1151970 1940.1
1151980 1934.8
1151990 1929.5
1152000 1929.5
1152010 1924.7
1152020 1920.0
1152030 1924.1
1152040 1918.2
1152050 1912.6
1152060 1912.6
1152070 1909.7
1152080 1906.4
1152090 1904.6
1152100 1904.6
1152110 1904.6
1152120 1904.4
1152130 1904.4
1152140 1904.2
1152150 1904.5
1152160 1904.5
1152170 1903.9
1152180 1904.7
1152190 1904.7
1152200 1905.1
1152210 1905.1
1152220 1905.1
1152230 1904.8
1152240 1905.0
1152250 1905.0
1152260 1904.8
1152270 1904.3
1152280 1904.3
1152290 1904.0
1152300 1904.1
1152310 1904.1
1152320 1904.2
1152330 1906.5
1152340 1909.2
1152350 1909.2
1152360 1910.9
1152370 1913.6
1152380 1913.6
1152390 1913.8
1152400 1910.9
1152410 1917.6
1152420 1918.0
1152430 1917.8
1152440 1917.8
1152450 1918.0
1152460 1919.9
1152470 1919.9
1152480 1922.3
1152490 1921.9
1152500 1921.9
1152510 1924.6
1152520 1928.5
1152530 1928.5
1152540 1932.7
1152550 1937.1
1152560 1937.1
1152570 1941.1
1152580 1944.6
1152590 1948.8
1152600 1948.8
1152610 1953.1
1152620 1957.2
1152630 1957.2
1152640 1961.7
1152650 1966.3
1152660 1966.3
1152670 1970.7
1152680 1975.3
1152690 1975.3
1152700 1979.6
1152710 1984.3
1152720 1984.3
1152730 1989.1
1152740 1994.4
1152750 1994.4
1152760 2001.3
1152770 2007.9
1152780 2007.9
1152790 2018.2
1152800 2024.5
1152810 2024.5
1152820 2030.2
1152830 2036.1
1152840 2040.8
1152850 2040.8
1152860 2045.1
1152870 2049.1
1152880 2049.1
1152890 2054.3
1152900 2060.5
1152910 2060.5
1152920 2067.6
1152930 2073.4
1152940 2073.4
1152950 2082.0
1152960 2090.6
1152970 2090.6
1152980 2099.0
1152990 2108.5
1153000 2108.5
1153010 2118.8
1153020 2128.9
1153030 2128.9
1153040 2138.0
1153050 2143.7
1153060 2143.7
1153070 2147.2
1153080 2151.6
1153090 2151.6
1153100 2156.9
1153110 2164.5
1153120 2174.3
1153130 2174.3
1153140 2185.4
1153150 2194.8
1153160 2194.8
1153170 2204.2
1153180 2220.6
1153190 2220.6
1153200 2230.1
1153210 2238.3
1153220 2238.3
1153230 2246.2
1153240 2255.2
1153250 2255.2
1153260 2262.9
1153270 2277.6
1153280 2277.6
1153290 2301.6
1153300 2317.6
1153310 2317.6
1153320 2341.2
1153330 2367.2
1153340 2367.2
1153350 2387.5
1153360 2397.0
1153370 2403.9
1153380 2403.9
1153390 2410.0
1153400 2416.2
1153410 2416.2
1153420 2423.0
1153430 2429.9
1153440 2429.9
1153450 2436.5
1153460 2438.5
1153470 2438.5
1153480 2436.0
1153490 2435.2
1153500 2435.2
1153510 2433.8
1153520 2433.9
1153530 2433.9
1153540 2435.3
1153550 2433.5
1153560 2441.5
1153570 2441.4
1153580 2443.9
1153590 2443.9
1153600 2447.4
1153610 2447.1
1153620 2443.4
1153630 2443.4
1153640 2439.4
1153650 2437.8
1153660 2437.8
1153670 2439.1
1153680 2440.7
1153690 2440.7
1153700 2439.9
1153710 2439.6
1153720 2439.6
1153730 2436.8
1153740 2433.8
1153750 2433.8
1153760 2432.6
1153770 2430.6
1153780 2430.6
1153790 2427.0
1153800 2426.6
1153810 2426.6
1153820 2430.2
1153830 2431.9
1153840 2431.9
1153850 2433.3
1153860 2437.3
1153870 2439.8
1153880 2439.8
1153890 2439.3
1153900 2440.2
1153910 2440.2
1153920 2441.1
1153930 2443.8
1153940 2454.4
1153950 2454.8
1153960 2450.8
1153970 2450.8
1153980 2444.2
1153990 2440.7
1154000 2440.7
1154010 2438.3
1154020 2433.4
1154030 2433.4
1154040 2430.1
1154050 2433.3
1154060 2433.3
1154070 2436.4
1154080 2440.2
1154090 2440.2
1154100 2445.1
1154110 2448.5
1154120 2452.0
1154130 2452.0
1154140 2456.5
1154150 2460.4
1154160 2460.4
1154170 2459.4
1154180 2458.0
1154190 2458.0
1154200 2458.8
1154210 2458.9
1154220 2458.9
1154230 2460.1
1154240 2461.5
1154250 2461.5
1154260 2463.4
1154270 2465.7
1154280 2465.7
1154290 2468.5
1154300 2473.4
1154310 2473.4
1154320 2478.5
1154330 2492.5
1154340 2492.5
1154350 2498.5
1154360 2505.9
1154370 2516.2
1154380 2516.2
1154390 2532.4
1154400 2546.5
1154410 2546.5
1154420 2557.6
1154430 2565.0
1154440 2565.0
1154450 2572.1
1154460 2578.4
1154470 2578.4
1154480 2584.1
1154490 2590.2
1154500 2590.2
1154510 2596.4
1154520 2606.2
1154530 2606.2
1154540 2620.1
1154550 2627.0
1154560 2627.0
1154570 2629.2
1154580 2622.4
1154590 2622.4
1154600 2605.4
1154610 2587.2
1154620 2570.1
1154630 2570.1
1154640 2550.6
1154650 2537.2
1154660 2537.2
1154670 2524.6
1154680 2512.2
1154690 2512.2
1154700 2505.1
1154710 2501.6
1154720 2501.6
1154730 2494.6
1154740 2487.6
1154750 2487.6
1154760 2480.9
1154770 2474.5
1154780 2474.5
1154790 2468.6
1154800 2462.8
1154810 2462.8
1154820 2457.2
1154830 2451.5
1154840 2451.5
1154850 2445.6
1154860 2439.6
1154870 2433.7
1154880 2433.7
1154890 2428.2
1154900 2423.1
1154910 2423.1
1154920 2417.7
1154930 2412.7
1154940 2412.7
1154950 2407.2
1154960 2401.7
1154970 2401.7
1154980 2396.6
1154990 2390.9
1155000 2390.9
1155010 2385.0
1155020 2379.0
1155030 2379.0
1155040 2373.4
1155050 2368.8
1155060 2368.8
1155070 2364.3
1155080 2359.7
1155090 2359.7
1155100 2356.7
1155110 2352.0
1155120 2347.4
1155130 2347.4
1155140 2342.9
1155150 2338.6
1155160 2338.6
1155170 2334.5
1155180 2330.8
1155190 2330.8
1155200 2327.7
1155210 2324.7
1155220 2324.7
1155230 2321.9
1155240 2319.4
1155250 2319.4
1155260 2317.5
1155270 2315.3
1155280 2315.3
1155290 2311.9
1155300 2306.8
1155310 2306.8
1155320 2302.2
1155330 2298.7
1155340 2298.7
1155350 2295.7
1155360 2292.8
1155370 2289.0
1155380 2289.0
1155390 2285.6
1155400 2282.1
1155410 2282.1
1155420 2278.7
1155430 2275.1
1155440 2275.1
1155450 2271.3
1155460 2268.1
1155470 2268.1
1155480 2266.2
1155490 2258.2
1155500 2258.2
1155510 2255.8
1155520 2254.3
1155530 2254.3
1155540 2251.8
1155550 2247.7
1155560 2247.7
1155570 2243.5
1155580 2239.2
1155590 2239.2
1155600 2234.4
1155610 2228.7
1155620 2228.7
1155630 2223.1
1155640 2217.3
1155650 2214.1
1155660 2214.1
1155670 2210.7
1155680 2207.4
1155690 2207.4
1155700 2204.7
1155710 2202.6
1155720 2202.6
1155730 2201.1
1155740 2200.0
1155750 2200.0
1155760 2198.9
1155770 2196.3
1155780 2196.3
1155790 2192.7
1155800 2190.0
1155810 2190.0
1155820 2188.5
1155830 2188.0
1155840 2188.0
1155850 2187.2
1155860 2185.4
1155870 2180.1
1155880 2178.2
1155890 2176.1
1155900 2174.2
1155910 2174.2
1155920 2172.3
1155930 2170.8
1155940 2170.8
1155950 2170.1
1155960 2171.9
1155970 2171.9
1155980 2174.4
1155990 2176.6
1156000 2176.6
1156010 2177.5
1156020 2178.1
1156030 2178.1
1156040 2178.9
1156050 2180.4
1156060 2180.4
1156070 2180.7
1156080 2179.2
1156090 2179.2
1156100 2176.9
1156110 2174.1
1156120 2174.1
1156130 2172.6
1156140 2171.7
1156150 2170.6
1156160 2170.6
1156170 2169.4
1156180 2166.9
1156190 2166.9
1156200 2163.5
1156210 2159.7
1156220 2159.7
1156230 2155.3
1156240 2151.3
1156250 2151.3
1156260 2142.6
1156270 2137.8
1156280 2137.8
1156290 2133.2
1156300 2129.2
1156310 2129.2
1156320 2125.3
1156330 2121.9
1156340 2121.9
1156350 2118.2
1156360 2114.0
1156370 2114.0
1156380 2110.5
1156390 2107.9
1156400 2104.8
1156410 2104.8
1156420 2100.7
1156430 2096.0
1156440 2096.0
1156450 2090.8
1156460 2084.5
1156470 2084.5
1156480 2076.3
1156490 2063.5
1156500 2063.5
1156510 2050.2
1156520 2039.9
1156530 2039.9
1156540 2039.5
1156550 2044.9
1156560 2044.9
1156570 2045.0
1156580 2044.8
1156590 2044.8
1156600 2042.3
1156610 2045.1
1156620 2045.1
1156630 2048.0
1156640 2051.0
1156650 2054.7
1156660 2054.7
1156670 2053.2
1156680 2051.7
1156690 2051.7
1156700 2050.9
1156710 2050.4
1156720 2050.4
1156730 2049.4
1156740 2049.4
1156750 2049.4
1156760 2049.0
1156770 2048.4
1156780 2048.4
1156790 2048.4
1156800 2049.0
1156810 2049.0
1156820 2049.6
1156830 2048.0
1156840 2048.0
1156850 2045.0
1156860 2043.1
1156870 2043.1
1156880 2042.1
1156890 2039.6
1156900 2036.5
1156910 2036.5
1156920 2036.0
1156930 2036.8
1156940 2036.8
1156950 2036.4
1156960 2035.2
1156970 2035.2
1156980 2033.8
1156990 2032.5
1157000 2032.5
1157010 2029.1
1157020 2025.4
1157030 2025.4
1157040 2029.9
1157050 2026.2
1157060 2026.2
1157070 2023.5
1157080 2021.1
1157090 2021.1
1157100 2015.7
1157110 2012.3
1157120 2012.3
1157130 2014.4
1157140 2014.0
1157150 2012.1
1157160 2012.1
1157170 2011.4
1157180 2009.6
1157190 2009.6
1157200 2007.7
1157210 2008.0
1157220 2008.0
1157230 2010.7
1157240 2014.9
1157250 2014.9
1157260 2019.5
1157270 2024.0
1157280 2024.0
1157290 2028.1
1157300 2032.6
1157310 2032.6
1157320 2037.2
1157330 2041.8
1157340 2041.8
1157350 2045.9
1157360 2048.9
1157370 2048.9
1157380 2052.5
1157390 2059.5
1157400 2068.7
1157410 2068.7
1157420 2082.4
1157430 2091.3
1157440 2091.3
1157450 2101.3
1157460 2111.3
1157470 2111.3
1157480 2119.2
1157490 2126.4
1157500 2126.4
1157510 2132.9
1157520 2138.6
1157530 2138.6
1157540 2143.9
1157550 2151.2
1157560 2151.2
1157570 2165.9
1157580 2181.7
1157590 2181.7
1157600 2203.8
1157610 2229.0
1157620 2229.0
1157630 2243.5
1157640 2251.8
1157650 2258.3
1157660 2258.3
1157670 2266.2
1157680 2272.9
1157690 2272.9
1157700 2274.2
1157710 2269.8
1157720 2269.8
1157730 2259.8
1157740 2246.8
1157750 2246.8
1157760 2229.4
1157770 2212.2
1157780 2212.2
1157790 2206.3
1157800 2201.1
1157810 2193.9
1157820 2192.0
1157830 2186.4
1157840 2186.4
1157850 2177.2
1157860 2163.5
1157870 2163.5
1157880 2149.7
1157890 2139.3
1157900 2139.3
1157910 2132.5
1157920 2129.3
1157930 2119.3
1157940 2119.3
1157950 2109.4
1157960 2103.2
1157970 2103.2
1157980 2097.5
1157990 2093.3
1158000 2093.3
1158010 2089.5
1158020 2086.4
1158030 2086.4
1158040 2084.8
1158050 2079.8
1158060 2079.8
1158070 2072.1
1158080 2064.8
1158090 2064.8
1158100 2060.2
1158110 2056.3
1158120 2056.3
1158130 2050.7
1158140 2044.9
1158150 2044.9
1158160 2039.1
1158170 2034.0
1158180 2029.7
1158190 2029.7
1158200 2016.1
1158210 2009.8
1158220 2009.8
1158230 2003.7
1158240 1998.8
1158250 1998.8
1158260 1995.4
1158270 1991.9
1158280 1991.9
1158290 1987.4
1158300 1980.8
1158310 1980.8
1158320 1973.5
1158330 1967.0
1158340 1967.0
1158350 1960.4
1158360 1953.1
1158370 1953.1
1158380 1945.1
1158390 1931.8
1158400 1931.8
1158410 1901.8
1158420 1881.0
1158430 1873.5
1158440 1873.5
1158450 1866.6
1158460 1858.7
1158470 1858.7
1158480 1850.5
1158490 1841.7
1158500 1841.7
1158510 1832.4
1158520 1824.1
1158530 1824.1
1158540 1816.6
1158550 1809.5
1158560 1809.5
1158570 1802.8
1158580 1795.9
1158590 1793.6
1158600 1787.0
1158610 1780.8
1158620 1780.8
1158630 1774.8
1158640 1767.9
1158650 1767.9
1158660 1761.4
1158670 1754.7
1158680 1747.8
1158690 1747.8
1158700 1741.4
1158710 1735.2
1158720 1735.2
1158730 1728.8
1158740 1722.5
1158750 1722.5
1158760 1716.3
1158770 1710.2
1158780 1710.2
1158790 1704.5
1158800 1698.9
1158810 1698.9
1158820 1693.8
1158830 1688.8
1158840 1688.8
1158850 1684.2
1158860 1680.8
1158870 1680.8
1158880 1678.0
1158890 1675.1
1158900 1675.1
1158910 1672.5
1158920 1669.7
1158930 1666.9
1158940 1666.9
1158950 1663.9
1158960 1660.1
1158970 1660.1
1158980 1658.4
1158990 1654.1
1159000 1654.1
1159010 1653.8
1159020 1651.3
1159030 1651.3
1159040 1643.4
1159050 1634.2
1159060 1634.2
1159070 1630.6
1159080 1630.7
1159090 1630.7
1159100 1630.3
1159110 1630.4
1159120 1630.4
1159130 1630.4
1159140 1631.8
1159150 1631.8
1159160 1635.3
1159170 1639.8
1159180 1643.9
1159190 1643.9
1159200 1645.9
1159210 1647.8
1159220 1647.8
1159230 1649.8
1159240 1652.2
1159250 1652.2
1159260 1654.8
1159270 1657.8
1159280 1657.8
1159290 1660.3
1159300 1664.1
1159310 1664.1
1159320 1668.2
1159330 1672.2
1159340 1672.2
1159350 1676.4
1159360 1680.6
1159370 1682.3
1159380 1686.7
1159390 1691.4
1159400 1691.4
1159410 1695.7
1159420 1699.7
1159430 1703.4
1159440 1703.4
1159450 1708.2
1159460 1714.1
1159470 1714.1
1159480 1720.1
1159490 1726.0
1159500 1726.0
1159510 1731.3
1159520 1736.3
1159530 1736.3
1159540 1741.7
1159550 1746.8
1159560 1746.8
1159570 1751.8
1159580 1757.5
1159590 1757.5
1159600 1763.5
1159610 1769.5
1159620 1769.5
1159630 1775.7
1159640 1782.5
1159650 1782.5
1159660 1789.0
1159670 1796.0
1159680 1803.1
1159690 1803.1
1159700 1810.8
1159710 1817.9
1159720 1817.9
1159730 1824.8
1159740 1832.8
1159750 1832.8
1159760 1844.4
1159770 1851.4
1159780 1851.4
1159790 1857.0
1159800 1864.0
1159810 1864.0
1159820 1873.8
1159830 1881.3
1159840 1881.3
1159850 1889.5
1159860 1898.7
1159870 1898.7
1159880 1909.0
1159890 1918.2
1159900 1918.2
1159910 1928.5
1159920 1938.6
1159930 1944.7
1159940 1944.7
1159950 1951.9
1159960 1957.4
1159970 1957.4
1159980 1962.2
1159990 1967.2
