1140000 1622.6
1140010 1618.9
1140020 1614.3
1140030 1614.3
1140040 1606.5
1140050 1601.2
1140060 1601.2
1140070 1606.1
1140080 1612.9
1140090 1617.6
1140100 1621.3
1140110 1623.7
1140120 1623.1
1140130 1623.1
1140140 1621.1
1140150 1620.2
1140160 1620.2
1140170 1622.3
1140180 1626.0
1140190 1626.0
1140200 1631.8
1140210 1638.7
1140220 1638.7
1140230 1646.3
1140240 1652.3
1140250 1652.3
1140260 1654.8
1140270 1657.0
1140280 1657.0
1140290 1659.7
1140300 1662.7
1140310 1662.7
1140320 1665.9
1140330 1669.4
1140340 1669.4
1140350 1673.2
1140360 1677.5
1140370 1680.7
1140380 1680.7
1140390 1683.2
1140400 1686.2
1140410 1686.2
1140420 1689.2
1140430 1692.7
1140440 1692.7
1140450 1696.2
1140460 1703.4
1140470 1703.4
1140480 1708.2
1140490 1714.1
1140500 1714.1
1140510 1720.9
1140520 1730.0
1140530 1730.0
1140540 1738.1
1140550 1745.8
1140560 1745.8
1140570 1754.3
1140580 1763.0
1140590 1763.0
1140600 1772.4
1140610 1779.5
1140620 1779.5
1140630 1783.1
1140640 1787.0
1140650 1793.0
1140660 1793.0
1140670 1803.8
1140680 1815.2
1140690 1815.2
1140700 1822.8
1140710 1827.2
1140720 1827.2
1140730 1830.3
1140740 1836.5
1140750 1836.5
1140760 1844.6
1140770 1852.4
1140780 1852.4
1140790 1860.0
1140800 1866.8
1140810 1866.8
1140820 1873.0
1140830 1888.3
1140840 1888.3
1140850 1894.5
1140860 1900.5
1140870 1900.5
1140880 1907.3
1140890 1912.1
1140900 1917.6
1140910 1917.6
1140920 1927.6
1140930 1936.7
1140940 1936.7
1140950 1944.5
1140960 1949.5
1140970 1949.5
1140980 1952.6
1140990 1955.7
1141000 1955.7
1141010 1959.0
1141020 1963.3
1141030 1963.3
1141040 1969.8
1141050 1976.9
1141060 1976.9
1141070 1983.6
1141080 1991.4
1141090 1991.4
1141100 1997.4
1141110 2002.7
1141120 2002.7
1141130 2007.9
1141140 2012.8
1141150 2018.5
1141160 2018.5
1141170 2023.8
1141180 2029.1
1141190 2029.1
1141200 2037.6
1141210 2040.9
1141220 2040.9
1141230 2044.6
1141240 2048.9
1141250 2048.9
1141260 2053.3
1141270 2058.0
1141280 2058.0
1141290 2062.3
1141300 2067.0
1141310 2067.0
1141320 2071.8
1141330 2077.2
1141340 2077.2
1141350 2083.3
1141360 2089.8
1141370 2089.8
1141380 2096.8
1141390 2102.8
1141400 2108.1
1141410 2108.1
1141420 2113.1
1141430 2118.0
1141440 2118.0
1141450 2122.1
1141460 2125.8
1141470 2125.8
1141480 2129.3
1141490 2131.3
1141500 2131.3
1141510 2130.8
1141520 2129.1
1141530 2129.1
1141540 2126.3
1141550 2123.7
1141560 2123.7
1141570 2128.9
1141580 2128.2
1141590 2128.2
1141600 2128.0
1141610 2127.5
1141620 2127.5
1141630 2126.5
1141640 2126.3
1141650 2126.8
1141660 2126.8
1141670 2128.5
1141680 2129.6
1141690 2129.6
1141700 2131.0
1141710 2133.3
1141720 2133.3
1141730 2134.9
1141740 2134.9
1141750 2134.9
1141760 2139.1
1141770 2144.8
1141780 2144.8
1141790 2149.9
1141800 2154.0
1141810 2154.0
1141820 2159.3
1141830 2165.6
1141840 2165.6
1141850 2171.8
1141860 2181.5
1141870 2181.5
1141880 2193.6
1141890 2203.3
1141900 2211.6
1141910 2211.6
1141920 2215.9
1141930 2219.8
1141940 2230.5
1141950 2236.9
1141960 2244.7
1141970 2244.7
1141980 2252.3
1141990 2258.8
1142000 2258.8
1142010 2265.2
1142020 2273.6
1142030 2273.6
1142040 2281.8
1142050 2289.6
1142060 2289.6
1142070 2294.4
1142080 2298.7
1142090 2298.7
1142100 2303.8
1142110 2308.8
1142120 2308.8
1142130 2313.8
1142140 2318.6
1142150 2323.3
1142160 2323.3
1142170 2328.4
1142180 2333.8
1142190 2333.8
1142200 2339.5
1142210 2345.0
1142220 2345.0
1142230 2350.1
1142240 2354.7
1142250 2354.7
1142260 2358.5
1142270 2361.5
1142280 2361.5
1142290 2363.3
1142300 2361.7
1142310 2357.7
1142320 2352.2
1142330 2346.7
1142340 2346.7
1142350 2341.1
1142360 2335.8
1142370 2335.8
1142380 2331.4
1142390 2327.6
1142400 2323.2
1142410 2323.2
1142420 2318.3
1142430 2312.9
1142440 2312.9
1142450 2308.7
1142460 2305.6
1142470 2305.6
1142480 2302.5
1142490 2299.7
1142500 2299.7
1142510 2296.9
1142520 2294.0
1142530 2294.0
1142540 2291.2
1142550 2288.3
1142560 2288.3
1142570 2285.6
1142580 2282.6
1142590 2282.6
1142600 2279.4
1142610 2275.5
1142620 2275.5
1142630 2271.2
1142640 2267.2
1142650 2267.2
1142660 2263.6
1142670 2260.7
1142680 2253.8
1142690 2253.8
1142700 2251.5
1142710 2249.2
1142720 2249.2
1142730 2246.7
1142740 2243.8
1142750 2243.8
1142760 2240.6
1142770 2236.9
1142780 2236.9
1142790 2234.4
1142800 2232.3
1142810 2232.3
1142820 2230.0
1142830 2227.0
1142840 2227.0
1142850 2223.0
1142860 2217.7
1142870 2217.7
1142880 2213.3
1142890 2210.1
1142900 2210.1
1142910 2206.9
1142920 2205.1
1142930 2202.5
1142940 2202.5
1142950 2199.3
1142960 2197.7
1142970 2197.7
1142980 2196.8
1142990 2194.4
1143000 2194.4
1143010 2190.7
1143020 2187.0
1143030 2187.0
1143040 2184.3
1143050 2182.8
1143060 2179.6
1143070 2178.5
1143080 2175.8
1143090 2175.8
1143100 2169.1
1143110 2163.9
1143120 2163.9
1143130 2164.2
1143140 2162.1
1143150 2162.1
1143160 2158.8
1143170 2155.4
1143180 2151.8
1143190 2151.8
1143200 2148.2
1143210 2145.1
1143220 2145.1
1143230 2141.5
1143240 2140.4
1143250 2140.4
1143260 2140.8
1143270 2142.1
1143280 2142.1
1143290 2143.8
1143300 2144.2
1143310 2144.2
1143320 2142.8
1143330 2143.2
1143340 2143.2
1143350 2145.2
1143360 2146.9
1143370 2146.9
1143380 2147.3
1143390 2145.4
1143400 2145.4
1143410 2141.0
1143420 2136.2
1143430 2127.0
1143440 2127.0
1143450 2124.5
1143460 2120.6
1143470 2120.6
1143480 2114.8
1143490 2111.7
1143500 2111.7
1143510 2108.1
1143520 2103.9
1143530 2103.9
1143540 2099.0
1143550 2095.3
1143560 2095.3
1143570 2091.9
1143580 2092.5
1143590 2092.5
1143600 2093.2
1143610 2092.0
1143620 2092.0
1143630 2088.0
1143640 2082.6
1143650 2082.6
1143660 2077.7
1143670 2074.7
1143680 2071.1
1143690 2071.1
1143700 2067.9
1143710 2063.8
1143720 2063.8
1143730 2060.5
1143740 2056.5
1143750 2056.5
1143760 2052.3
1143770 2047.2
1143780 2047.2
1143790 2040.5
1143800 2028.8
1143810 2028.8
1143820 2022.8
1143830 2022.6
1143840 2022.6
1143850 2020.7
1143860 2017.4
1143870 2017.4
1143880 2013.0
1143890 2009.1
1143900 2009.1
1143910 2004.6
1143920 2000.0
1143930 1996.0
1143940 1996.0
1143950 1993.1
1143960 1989.3
1143970 1989.3
1143980 1983.3
1143990 1978.3
1144000 1978.3
1144010 1972.6
1144020 1966.3
1144030 1966.3
1144040 1961.2
1144050 1957.6
1144060 1957.6
1144070 1954.7
1144080 1952.6
1144090 1952.6
1144100 1949.4
1144110 1945.9
1144120 1945.9
1144130 1942.0
1144140 1938.2
1144150 1938.2
1144160 1934.3
1144170 1925.5
1144180 1921.2
1144190 1921.2
1144200 1916.6
1144210 1913.0
1144220 1913.0
1144230 1910.4
1144240 1907.3
1144250 1907.3
1144260 1904.0
1144270 1900.0
1144280 1900.0
1144290 1896.1
1144300 1892.8
1144310 1892.8
1144320 1889.4
1144330 1886.7
1144340 1886.7
1144350 1883.9
1144360 1881.9
1144370 1881.9
1144380 1879.6
1144390 1876.3
1144400 1876.3
1144410 1873.6
1144420 1871.0
1144430 1868.3
1144440 1868.3
1144450 1865.5
1144460 1862.6
1144470 1862.6
1144480 1859.8
1144490 1856.7
1144500 1856.7
1144510 1854.1
1144520 1851.8
1144530 1851.8
1144540 1849.8
1144550 1845.7
1144560 1845.7
1144570 1843.8
1144580 1842.4
1144590 1842.4
1144600 1841.2
1144610 1839.4
1144620 1839.4
1144630 1837.3
1144640 1835.2
1144650 1835.2
1144660 1833.0
1144670 1830.7
1144680 1828.7
1144690 1828.7
1144700 1826.6
1144710 1824.7
1144720 1824.7
1144730 1822.5
1144740 1819.8
1144750 1819.8
1144760 1816.2
1144770 1811.9
1144780 1811.9
1144790 1807.7
1144800 1803.9
1144810 1803.9
1144820 1799.1
1144830 1796.0
1144840 1796.0
1144850 1793.7
1144860 1789.5
1144870 1789.5
1144880 1783.7
1144890 1777.2
1144900 1777.2
1144910 1770.6
1144920 1762.8
1144930 1762.8
1144940 1755.9
1144950 1749.6
1144960 1743.9
1144970 1743.9
1144980 1739.2
1144990 1733.8
1145000 1733.8
1145010 1729.1
1145020 1724.1
1145030 1724.1
1145040 1718.0
1145050 1712.0
1145060 1712.0
1145070 1705.7
1145080 1699.6
1145090 1699.6
1145100 1695.3
1145110 1692.9
1145120 1692.9
1145130 1688.0
1145140 1683.4
1145150 1683.4
1145160 1676.3
1145170 1666.5
1145180 1666.5
1145190 1656.9
1145200 1652.9
1145210 1657.6
1145220 1657.6
1145230 1663.1
1145240 1666.6
1145250 1666.6
1145260 1669.2
1145270 1671.9
1145280 1671.9
1145290 1668.9
1145300 1648.1
1145310 1648.1
1145320 1636.8
1145330 1625.1
1145340 1625.1
1145350 1615.4
1145360 1607.3
1145370 1607.3
1145380 1601.6
1145390 1596.9
1145400 1596.9
1145410 1592.4
1145420 1587.7
1145430 1587.7
1145440 1583.4
1145450 1579.5
1145460 1575.8
1145470 1575.8
1145480 1571.9
1145490 1566.5
1145500 1566.5
1145510 1558.8
1145520 1551.3
1145530 1551.3
1145540 1544.7
1145550 1538.4
1145560 1538.4
1145570 1531.0
1145580 1522.1
1145590 1522.1
1145600 1513.8
1145610 1506.2
1145620 1506.2
1145630 1499.6
1145640 1493.8
1145650 1493.8
1145660 1488.6
1145670 1480.3
1145680 1480.3
1145690 1475.3
1145700 1470.2
1145710 1465.2
1145720 1465.2
1145730 1459.9
1145740 1455.3
1145750 1455.3
1145760 1451.1
1145770 1447.3
1145780 1447.3
1145790 1441.6
1145800 1436.4
1145810 1436.4
1145820 1429.2
1145830 1424.4
1145840 1424.4
1145850 1419.4
1145860 1418.9
1145870 1418.9
1145880 1420.1
1145890 1419.6
1145900 1419.6
1145910 1418.4
1145920 1417.5
1145930 1417.5
1145940 1417.1
1145950 1415.8
1145960 1411.9
1145970 1411.9
1145980 1402.1
1145990 1390.5
1146000 1390.5
1146010 1382.2
1146020 1372.3
1146030 1372.3
1146040 1360.9
1146050 1348.4
1146060 1348.4
1146070 1346.5
1146080 1354.9
1146090 1354.9
1146100 1366.2
1146110 1377.6
1146120 1377.6
1146130 1387.5
1146140 1396.3
1146150 1396.3
1146160 1404.5
1146170 1412.0
1146180 1412.0
1146190 1417.3
1146200 1422.3
1146210 1427.6
1146220 1427.6
1146230 1432.5
1146240 1437.5
1146250 1437.5
1146260 1444.3
1146270 1451.5
1146280 1451.5
1146290 1459.6
1146300 1468.8
1146310 1468.8
1146320 1481.7
1146330 1490.6
1146340 1490.6
1146350 1495.9
1146360 1501.4
1146370 1501.4
1146380 1507.5
1146390 1514.7
1146400 1514.7
1146410 1522.6
1146420 1534.2
1146430 1534.2
1146440 1544.5
1146450 1553.1
1146460 1561.2
1146470 1561.2
1146480 1568.1
1146490 1574.4
1146500 1574.4
1146510 1581.0
1146520 1588.3
1146530 1588.3
1146540 1595.6
1146550 1602.8
1146560 1602.8
1146570 1608.6
1146580 1612.9
1146590 1612.9
1146600 1616.8
1146610 1620.7
1146620 1620.7
1146630 1623.1
1146640 1622.2
1146650 1622.2
1146660 1618.9
1146670 1615.5
1146680 1615.5
1146690 1612.5
1146700 1609.2
1146710 1606.6
1146720 1606.6
1146730 1603.8
1146740 1601.1
1146750 1601.1
1146760 1594.8
1146770 1583.8
1146780 1583.8
1146790 1577.2
1146800 1580.0
1146810 1580.0
1146820 1574.2
1146830 1567.6
1146840 1567.6
1146850 1561.7
1146860 1556.6
1146870 1556.6
1146880 1551.6
1146890 1552.9
1146900 1552.9
1146910 1556.9
1146920 1559.6
1146930 1559.6
1146940 1562.2
1146950 1565.4
1146960 1565.4
1146970 1568.4
1146980 1572.0
1146990 1571.9
1147000 1571.9
1147010 1560.6
1147020 1553.0
1147030 1553.0
1147040 1551.3
1147050 1550.6
1147060 1550.6
1147070 1550.1
1147080 1549.1
1147090 1549.1
1147100 1546.8
1147110 1544.2
1147120 1544.2
1147130 1539.5
1147140 1532.5
1147150 1532.5
1147160 1526.4
1147170 1521.7
1147180 1528.6
1147190 1524.9
1147200 1522.2
1147210 1522.2
1147220 1519.6
1147230 1517.3
1147240 1514.9
1147250 1514.9
1147260 1512.2
1147270 1509.6
1147280 1509.6
1147290 1507.0
1147300 1503.6
1147310 1503.6
1147320 1500.5
1147330 1499.1
1147340 1499.1
1147350 1497.8
1147360 1495.5
1147370 1495.5
1147380 1492.9
1147390 1489.9
1147400 1489.9
1147410 1486.1
1147420 1480.5
1147430 1480.5
1147440 1474.5
1147450 1471.9
1147460 1471.9
1147470 1470.8
1147480 1469.4
1147490 1466.0
1147500 1466.0
1147510 1461.1
1147520 1454.7
1147530 1454.7
1147540 1451.0
1147550 1456.3
1147560 1456.3
1147570 1451.7
1147580 1446.0
1147590 1446.0
1147600 1442.4
1147610 1443.1
1147620 1443.1
1147630 1444.4
1147640 1446.6
1147650 1446.6
1147660 1448.3
1147670 1449.1
1147680 1449.1
1147690 1452.8
1147700 1459.1
1147710 1459.1
1147720 1463.6
1147730 1467.3
1147740 1472.2
1147750 1472.2
1147760 1476.1
1147770 1479.5
1147780 1479.5
1147790 1481.6
1147800 1483.6
1147810 1483.6
1147820 1486.7
1147830 1488.7
1147840 1488.7
1147850 1490.1
1147860 1491.9
1147870 1491.9
1147880 1495.1
1147890 1498.0
1147900 1498.0
1147910 1499.1
1147920 1502.2
1147930 1506.3
1147940 1511.1
1147950 1515.9
1147960 1515.9
1147970 1521.4
1147980 1527.6
1147990 1535.2
1148000 1535.2
1148010 1543.3
1148020 1552.0
1148030 1552.0
1148040 1559.0
1148050 1566.5
1148060 1566.5
1148070 1576.4
1148080 1585.9
1148090 1585.9
1148100 1594.7
1148110 1604.4
1148120 1604.4
1148130 1615.7
1148140 1625.2
1148150 1625.2
1148160 1632.0
1148170 1637.3
1148180 1637.3
1148190 1641.7
1148200 1645.1
1148210 1645.1
1148220 1648.3
1148230 1651.4
1148240 1655.7
1148250 1655.7
1148260 1663.5
1148270 1673.3
1148280 1673.3
1148290 1689.4
1148300 1710.9
1148310 1714.6
1148320 1723.0
1148330 1730.9
1148340 1730.9
1148350 1737.9
1148360 1744.6
1148370 1744.6
1148380 1750.5
1148390 1756.2
1148400 1756.2
1148410 1761.9
1148420 1767.5
1148430 1767.5
1148440 1772.6
1148450 1777.7
1148460 1777.7
1148470 1782.8
1148480 1787.7
1148490 1792.1
1148500 1792.1
1148510 1796.3
1148520 1800.4
1148530 1800.4
1148540 1804.6
1148550 1808.4
1148560 1808.4
1148570 1812.2
1148580 1816.4
1148590 1816.4
1148600 1820.5
1148610 1824.7
1148620 1824.7
1148630 1828.4
1148640 1831.2
1148650 1831.2
1148660 1833.7
1148670 1836.3
1148680 1836.3
1148690 1833.9
1148700 1835.9
1148710 1835.9
1148720 1838.0
1148730 1840.7
1148740 1843.6
1148750 1843.6
1148760 1845.8
1148770 1848.4
1148780 1848.4
1148790 1851.3
1148800 1854.1
1148810 1854.1
1148820 1857.3
1148830 1860.7
1148840 1860.7
1148850 1863.9
1148860 1866.9
1148870 1866.9
1148880 1870.3
1148890 1874.2
1148900 1874.2
1148910 1878.7
1148920 1882.9
1148930 1882.9
1148940 1885.8
1148950 1887.0
1148960 1887.0
1148970 1888.5
1148980 1891.2
1148990 1894.8
1149000 1894.8
1149010 1898.0
1149020 1902.0
1149030 1902.0
1149040 1909.3
1149050 1917.6
1149060 1917.6
1149070 1912.3
1149080 1916.3
1149090 1916.3
1149100 1923.1
1149110 1930.4
1149120 1930.4
1149130 1938.2
1149140 1945.1
1149150 1945.1
1149160 1951.0
1149170 1954.9
1149180 1954.9
1149190 1956.3
1149200 1958.2
1149210 1958.2
1149220 1962.3
1149230 1967.7
1149240 1973.8
1149250 1973.8
1149260 1979.1
1149270 1983.9
1149280 1983.9
1149290 1989.9
1149300 1997.8
1149310 1997.8
1149320 2007.9
1149330 2018.8
1149340 2018.8
1149350 2028.9
1149360 2037.1
1149370 2037.1
1149380 2043.9
1149390 2050.6
1149400 2050.6
1149410 2057.6
1149420 2064.4
1149430 2064.4
1149440 2070.1
1149450 2075.1
1149460 2075.1
1149470 2081.1
1149480 2087.0
1149490 2087.0
1149500 2092.7
1149510 2098.7
1149520 2105.4
1149530 2105.4
1149540 2111.6
1149550 2117.3
1149560 2117.3
1149570 2124.0
1149580 2131.3
1149590 2131.3
1149600 2137.7
1149610 2143.2
1149620 2143.2
1149630 2147.8
1149640 2151.9
1149650 2151.9
1149660 2155.4
1149670 2159.9
1149680 2159.9
1149690 2164.8
1149700 2169.5
1149710 2169.5
1149720 2174.5
1149730 2179.5
1149740 2179.5
1149750 2183.7
1149760 2187.3
1149770 2190.3
1149780 2190.3
1149790 2193.5
1149800 2196.9
1149810 2196.9
1149820 2204.6
1149830 2209.9
1149840 2209.9
1149850 2215.8
1149860 2222.1
1149870 2222.1
1149880 2229.4
1149890 2234.3
1149900 2234.3
1149910 2238.1
1149920 2241.9
1149930 2241.9
1149940 2246.0
1149950 2249.4
1149960 2249.4
1149970 2253.2
1149980 2258.7
1149990 2258.7
1150000 2265.6
1150010 2271.2
1150020 2274.9
1150030 2274.9
1150040 2279.9
1150050 2285.0
1150060 2285.0
1150070 2290.5
1150080 2295.3
1150090 2295.3
1150100 2299.9
1150110 2304.6
1150120 2304.6
1150130 2310.8
1150140 2317.5
1150150 2317.5
1150160 2326.3
1150170 2334.4
1150180 2334.4
1150190 2340.6
1150200 2348.6
1150210 2348.6
1150220 2354.7
1150230 2361.2
1150240 2361.2
1150250 2368.3
1150260 2375.3
1150270 2381.7
1150280 2381.7
1150290 2388.1
1150300 2393.9
1150310 2393.9
1150320 2399.2
1150330 2404.6
1150340 2404.6
1150350 2410.2
1150360 2416.9
1150370 2416.9
1150380 2423.8
1150390 2431.5
1150400 2431.5
1150410 2442.5
1150420 2453.6
1150430 2453.6
1150440 2457.2
1150450 2461.3
1150460 2461.3
1150470 2465.9
1150480 2469.8
1150490 2469.8
1150500 2473.6
1150510 2478.0
1150520 2483.6
1150530 2483.6
1150540 2490.1
1150550 2496.8
1150560 2496.8
1150570 2503.3
1150580 2503.7
1150590 2503.7
1150600 2508.1
1150610 2512.0
1150620 2512.0
1150630 2515.4
1150640 2518.9
1150650 2518.9
1150660 2522.2
1150670 2525.5
1150680 2525.5
1150690 2528.6
1150700 2531.6
1150710 2531.6
1150720 2534.5
1150730 2537.2
1150740 2537.2
1150750 2540.0
1150760 2542.6
1150770 2543.9
1150780 2543.9
1150790 2543.2
1150800 2537.2
1150810 2537.2
1150820 2526.8
1150830 2520.1
1150840 2520.1
1150850 2510.5
1150860 2503.3
1150870 2503.3
1150880 2498.6
1150890 2499.5
1150900 2499.5
1150910 2497.1
1150920 2491.9
1150930 2491.9
1150940 2482.8
1150950 2471.4
1150960 2471.4
1150970 2459.1
1150980 2445.4
1150990 2445.4
1151000 2436.2
1151010 2431.0
1151020 2426.4
1151030 2426.4
1151040 2420.9
1151050 2413.6
1151060 2413.6
1151070 2402.7
1151080 2394.0
1151090 2394.0
1151100 2385.8
1151110 2378.6
1151120 2378.6
1151130 2371.8
1151140 2365.5
1151150 2365.5
1151160 2359.6
1151170 2354.8
1151180 2354.8
1151190 2350.9
1151200 2347.1
1151210 2347.1
1151220 2343.3
1151230 2339.8
1151240 2339.8
1151250 2336.6
1151260 2333.6
1151270 2331.0
1151280 2331.0
1151290 2330.6
1151300 2333.2
1151310 2333.2
1151320 2333.9
1151330 2330.9
1151340 2330.9
1151350 2321.0
1151360 2319.8
1151370 2319.8
1151380 2319.4
1151390 2319.1
1151400 2319.1
1151410 2318.9
1151420 2318.4
1151430 2318.4
1151440 2316.9
1151450 2317.4
1151460 2317.4
1151470 2320.5
1151480 2319.6
1151490 2319.6
1151500 2309.7
1151510 2295.1
1151520 2278.7
1151530 2278.7
1151540 2263.3
1151550 2254.7
1151560 2254.7
1151570 2230.7
1151580 2180.1
1151590 2180.1
1151600 2162.6
1151610 2137.8
1151620 2137.8
1151630 2114.2
1151640 2104.6
1151650 2104.6
1151660 2096.5
1151670 2088.5
1151680 2088.5
1151690 2080.2
1151700 2072.1
1151710 2072.1
1151720 2064.5
1151730 2058.5
1151740 2058.5
1151750 2051.0
1151760 2043.5
1151770 2036.1
1151780 2036.1
1151790 2028.9
1151800 2021.7
1151810 2021.7
1151820 2014.8
1151830 2008.0
1151840 2008.0
1151850 2001.3
1151860 1994.7
1151870 1994.7
1151880 1988.3
1151890 1981.9
1151900 1981.9
1151910 1975.8
1151920 1969.9
1151930 1969.9
1151940 1964.2
1151950 1958.7
1151960 1958.7
1151970 1953.9
1151980 1947.5
1151990 1947.5
1152000 1941.4
1152010 1936.6
1152020 1936.6
1152030 1932.0
1152040 1927.8
1152050 1924.2
1152060 1924.2
1152070 1920.8
1152080 1919.8
1152090 1919.8
1152100 1919.8
1152110 1920.5
1152120 1920.5
1152130 1921.1
1152140 1923.3
1152150 1923.3
1152160 1923.4
1152170 1924.0
1152180 1924.0
1152190 1923.2
1152200 1924.6
1152210 1924.6
1152220 1925.0
1152230 1924.8
1152240 1924.8
1152250 1925.0
1152260 1924.6
1152270 1924.6
1152280 1923.9
1152290 1926.4
1152300 1930.7
1152310 1930.7
1152320 1934.3
1152330 1938.1
1152340 1938.1
1152350 1942.4
1152360 1947.4
1152370 1947.4
1152380 1951.3
1152390 1953.5
1152400 1953.5
1152410 1954.8
1152420 1953.4
1152430 1953.4
1152440 1952.0
1152450 1954.2
1152460 1954.2
1152470 1956.8
1152480 1959.9
1152490 1962.9
1152500 1966.2
1152510 1966.1
1152520 1966.1
1152530 1967.0
1152540 1966.0
1152550 1966.6
1152560 1966.6
1152570 1973.4
1152580 1978.3
1152590 1978.3
1152600 1981.0
1152610 1983.1
1152620 1983.1
1152630 1984.0
1152640 1985.5
1152650 1985.5
1152660 1988.7
1152670 1992.7
1152680 1992.7
1152690 1996.5
1152700 2000.1
1152710 2000.1
1152720 2003.9
1152730 2008.1
1152740 2008.1
1152750 2012.9
1152760 2020.3
1152770 2020.3
1152780 2028.4
1152790 2034.9
1152800 2040.0
1152810 2040.0
1152820 2044.4
1152830 2050.1
1152840 2050.1
1152850 2056.2
1152860 2061.5
1152870 2061.5
1152880 2070.2
1152890 2074.8
1152900 2074.8
1152910 2079.5
1152920 2085.8
1152930 2085.8
1152940 2095.2
1152950 2104.4
1152960 2104.4
1152970 2110.6
1152980 2114.7
1152990 2114.7
1153000 2121.6
1153010 2129.2
1153020 2129.2
1153030 2133.6
1153040 2140.5
1153050 2146.5
1153060 2146.5
1153070 2158.5
1153080 2171.5
1153090 2171.5
1153100 2182.6
1153110 2190.1
1153120 2190.1
1153130 2198.3
1153140 2210.9
1153150 2210.9
1153160 2220.6
1153170 2228.2
1153180 2228.2
1153190 2240.6
1153200 2252.6
1153210 2252.6
1153220 2260.8
1153230 2271.8
1153240 2271.8
1153250 2284.4
1153260 2299.3
1153270 2299.3
1153280 2309.2
1153290 2320.2
1153300 2334.4
1153310 2334.4
1153320 2347.0
1153330 2355.4
1153340 2355.4
1153350 2364.7
1153360 2374.5
1153370 2374.5
1153380 2383.7
1153390 2394.4
1153400 2394.4
1153410 2404.5
1153420 2415.2
1153430 2415.2
1153440 2424.5
1153450 2432.9
1153460 2432.9
1153470 2440.4
1153480 2447.2
1153490 2447.2
1153500 2455.4
1153510 2465.1
1153520 2465.1
1153530 2474.4
1153540 2481.9
1153550 2488.1
1153560 2488.1
1153570 2493.7
1153580 2498.8
1153590 2498.8
1153600 2503.3
1153610 2506.0
1153620 2506.0
1153630 2505.3
1153640 2500.9
1153650 2511.1
1153660 2509.5
1153670 2509.5
1153680 2509.5
1153690 2509.6
1153700 2509.1
1153710 2509.1
1153720 2507.1
1153730 2505.0
1153740 2505.0
1153750 2503.3
1153760 2503.6
1153770 2503.6
1153780 2503.0
1153790 2501.3
1153800 2501.9
1153810 2501.9
1153820 2501.5
1153830 2503.4
1153840 2503.4
1153850 2508.6
1153860 2513.3
1153870 2513.3
1153880 2517.3
1153890 2520.9
1153900 2520.9
1153910 2523.5
1153920 2520.9
1153930 2520.9
1153940 2516.8
1153950 2513.8
1153960 2513.8
1153970 2510.6
1153980 2505.6
1153990 2505.6
1154000 2502.2
1154010 2502.7
1154020 2502.7
1154030 2512.8
1154040 2514.8
1154050 2516.2
1154060 2516.2
1154070 2517.7
1154080 2520.2
1154090 2520.2
1154100 2523.3
1154110 2525.6
1154120 2525.6
1154130 2527.8
1154140 2532.2
1154150 2532.2
1154160 2536.6
1154170 2538.4
1154180 2538.4
1154190 2537.4
1154200 2532.0
1154210 2532.0
1154220 2527.5
1154230 2529.1
1154240 2529.1
1154250 2531.1
1154260 2534.9
1154270 2534.9
1154280 2539.8
1154290 2544.7
1154300 2544.7
1154310 2550.0
1154320 2553.8
1154330 2559.4
1154340 2559.4
1154350 2568.3
1154360 2592.5
1154370 2592.5
1154380 2614.9
1154390 2623.1
1154400 2623.1
1154410 2633.4
1154420 2650.2
1154430 2650.2
1154440 2662.3
1154450 2674.6
1154460 2674.6
1154470 2676.8
1154480 2671.1
1154490 2671.1
1154500 2659.6
1154510 2650.9
1154520 2650.9
1154530 2646.4
1154540 2641.9
1154550 2641.9
1154560 2638.8
1154570 2638.5
1154580 2639.7
1154590 2639.7
1154600 2638.8
1154610 2639.5
1154620 2639.5
1154630 2642.6
1154640 2645.4
1154650 2645.4
1154660 2642.4
1154670 2630.2
1154680 2630.2
1154690 2597.4
1154700 2568.8
1154710 2568.8
1154720 2554.7
1154730 2539.8
1154740 2539.8
1154750 2521.8
1154760 2507.5
1154770 2507.5
1154780 2498.3
1154790 2489.9
1154800 2498.8
1154810 2490.7
1154820 2482.8
1154830 2475.9
1154840 2475.9
1154850 2469.5
1154860 2463.6
1154870 2463.6
1154880 2457.6
1154890 2451.2
1154900 2451.2
1154910 2444.8
1154920 2438.0
1154930 2438.0
1154940 2432.4
1154950 2427.2
1154960 2427.2
1154970 2422.1
1154980 2416.7
1154990 2416.7
1155000 2410.9
1155010 2404.3
1155020 2404.3
1155030 2397.8
1155040 2391.8
1155050 2391.8
1155060 2385.4
1155070 2378.8
1155080 2372.1
1155090 2372.1
1155100 2365.1
1155110 2358.1
1155120 2358.1
1155130 2351.2
1155140 2344.7
1155150 2344.7
1155160 2338.8
1155170 2333.2
1155180 2333.2
1155190 2324.7
1155200 2319.2
1155210 2319.2
1155220 2313.6
1155230 2308.8
1155240 2308.8
1155250 2303.6
1155260 2297.2
1155270 2297.2
1155280 2290.6
1155290 2285.9
1155300 2285.9
1155310 2282.9
1155320 2280.7
1155330 2279.0
1155340 2279.0
1155350 2277.2
1155360 2275.0
1155370 2275.0
1155380 2272.9
1155390 2270.4
1155400 2270.4
1155410 2267.7
1155420 2264.5
1155430 2264.5
1155440 2260.5
1155450 2255.6
1155460 2255.6
1155470 2249.7
1155480 2243.8
1155490 2243.8
1155500 2239.1
1155510 2235.5
1155520 2235.5
1155530 2231.7
1155540 2227.6
1155550 2227.6
1155560 2223.1
1155570 2223.3
1155580 2218.1
1155590 2218.1
1155600 2212.5
1155610 2206.9
1155620 2206.9
1155630 2201.4
1155640 2195.8
1155650 2195.8
1155660 2190.8
1155670 2187.1
1155680 2187.1
1155690 2184.4
1155700 2181.7
1155710 2181.7
1155720 2179.3
1155730 2177.0
1155740 2177.0
1155750 2174.2
1155760 2171.4
1155770 2171.4
1155780 2168.7
1155790 2166.0
1155800 2166.0
1155810 2163.5
1155820 2160.6
1155830 2157.7
1155840 2157.7
1155850 2155.6
1155860 2153.3
1155870 2153.3
1155880 2150.7
1155890 2148.5
1155900 2148.5
1155910 2147.0
1155920 2146.4
1155930 2146.4
1155940 2146.4
1155950 2147.1
1155960 2141.7
1155970 2142.6
1155980 2143.3
1155990 2143.3
1156000 2143.3
1156010 2142.0
1156020 2142.0
1156030 2139.7
1156040 2137.2
1156050 2137.2
1156060 2135.8
1156070 2135.5
1156080 2134.9
1156090 2134.9
1156100 2134.4
1156110 2134.3
1156120 2134.3
1156130 2134.4
1156140 2135.2
1156150 2135.2
1156160 2136.4
1156170 2134.7
1156180 2134.7
1156190 2133.9
1156200 2131.2
1156210 2131.2
1156220 2122.4
1156230 2117.8
1156240 2117.8
1156250 2116.8
1156260 2117.8
1156270 2117.8
1156280 2119.8
1156290 2123.3
1156300 2123.3
1156310 2124.5
1156320 2123.5
1156330 2122.4
1156340 2122.4
1156350 2108.7
1156360 2107.1
1156370 2107.1
1156380 2104.9
1156390 2102.3
1156400 2102.3
1156410 2100.5
1156420 2098.0
1156430 2098.0
1156440 2094.4
1156450 2090.4
1156460 2090.4
1156470 2087.0
1156480 2084.1
1156490 2084.1
1156500 2079.3
1156510 2073.8
1156520 2073.8
1156530 2068.6
1156540 2063.7
1156550 2063.7
1156560 2061.6
1156570 2060.1
1156580 2056.7
1156590 2056.7
1156600 2054.3
1156610 2052.4
1156620 2052.4
1156630 2048.5
1156640 2045.5
1156650 2045.5
1156660 2045.3
1156670 2046.1
1156680 2046.1
1156690 2046.4
1156700 2046.1
1156710 2046.1
1156720 2047.0
1156730 2046.6
1156740 2046.6
1156750 2045.8
1156760 2044.7
1156770 2044.7
1156780 2042.8
1156790 2042.8
1156800 2042.8
1156810 2042.3
1156820 2040.2
1156830 2040.2
1156840 2040.4
1156850 2038.4
1156860 2038.2
1156870 2038.2
1156880 2037.3
1156890 2036.0
1156900 2036.0
1156910 2033.4
1156920 2029.8
1156930 2029.8
1156940 2024.7
1156950 2022.4
1156960 2022.4
1156970 2022.3
1156980 2022.1
1156990 2022.1
1157000 2021.3
1157010 2020.5
1157020 2020.5
1157030 2020.1
1157040 2020.7
1157050 2020.7
1157060 2022.1
1157070 2022.9
1157080 2022.9
1157090 2023.6
1157100 2023.9
1157110 2024.7
1157120 2026.8
1157130 2027.8
1157140 2028.7
1157150 2028.7
1157160 2029.5
1157170 2030.5
1157180 2030.5
1157190 2031.6
1157200 2032.6
1157210 2032.6
1157220 2034.5
1157230 2037.5
1157240 2037.5
1157250 2040.4
1157260 2042.9
1157270 2042.9
1157280 2046.6
1157290 2051.0
1157300 2051.0
1157310 2055.5
1157320 2060.5
1157330 2060.5
1157340 2066.0
1157350 2071.8
1157360 2078.4
1157370 2078.4
1157380 2085.2
1157390 2091.8
1157400 2091.8
1157410 2098.4
1157420 2103.9
1157430 2103.9
1157440 2105.4
1157450 2112.5
1157460 2112.5
1157470 2131.2
1157480 2148.5
1157490 2148.5
1157500 2152.0
1157510 2151.4
1157520 2151.4
1157530 2160.5
1157540 2176.4
1157550 2176.4
1157560 2193.9
1157570 2209.3
1157580 2209.3
1157590 2213.4
1157600 2219.8
1157610 2228.7
1157620 2228.7
1157630 2237.5
1157640 2245.6
1157650 2245.6
1157660 2256.4
1157670 2273.6
1157680 2273.6
1157690 2286.6
1157700 2288.7
1157710 2288.7
1157720 2284.6
1157730 2279.6
1157740 2279.6
1157750 2275.6
1157760 2267.5
1157770 2267.5
1157780 2253.1
1157790 2242.3
1157800 2242.3
1157810 2235.9
1157820 2228.7
1157830 2228.7
1157840 2221.4
1157850 2211.9
1157860 2198.7
1157870 2198.7
1157880 2177.6
1157890 2154.2
1157900 2171.1
1157910 2149.3
1157920 2125.0
1157930 2125.0
1157940 2093.6
1157950 2085.5
1157960 2085.5
1157970 2079.7
1157980 2076.8
1157990 2076.8
1158000 2073.9
1158010 2068.8
1158020 2068.8
1158030 2057.6
1158040 2041.9
1158050 2041.9
1158060 2031.7
1158070 2022.3
1158080 2022.3
1158090 2015.3
1158100 2009.3
1158110 2001.6
1158120 2001.6
1158130 1993.9
1158140 1986.7
1158150 1986.7
1158160 1979.7
1158170 1973.4
1158180 1973.4
1158190 1967.1
1158200 1961.0
1158210 1961.0
1158220 1954.5
1158230 1948.4
1158240 1948.4
1158250 1943.1
1158260 1937.8
1158270 1937.8
1158280 1932.2
1158290 1920.4
1158300 1920.4
1158310 1915.1
1158320 1910.9
1158330 1910.9
1158340 1906.8
1158350 1902.3
1158360 1893.2
1158370 1893.2
1158380 1883.2
1158390 1878.3
1158400 1878.3
1158410 1873.6
1158420 1869.8
1158430 1869.8
1158440 1866.8
1158450 1862.9
1158460 1862.9
1158470 1857.0
1158480 1850.4
1158490 1850.4
1158500 1842.5
1158510 1836.0
1158520 1836.0
1158530 1830.4
1158540 1823.6
1158550 1823.6
1158560 1816.4
1158570 1808.2
1158580 1808.2
1158590 1800.0
1158600 1790.9
1158610 1780.5
1158620 1780.5
1158630 1770.7
1158640 1762.5
1158650 1762.5
1158660 1755.8
1158670 1749.3
1158680 1748.1
1158690 1742.5
1158700 1737.3
1158710 1737.3
1158720 1732.2
1158730 1727.2
1158740 1727.2
1158750 1722.8
1158760 1718.6
1158770 1718.6
1158780 1715.1
1158790 1711.1
1158800 1711.1
1158810 1706.7
1158820 1702.5
1158830 1702.5
1158840 1698.5
1158850 1694.9
1158860 1691.6
1158870 1691.6
1158880 1688.4
1158890 1685.2
1158900 1685.2
1158910 1681.9
1158920 1678.5
1158930 1678.5
1158940 1674.8
1158950 1671.1
1158960 1671.1
1158970 1667.9
1158980 1665.1
1158990 1665.1
1159000 1662.4
1159010 1660.3
1159020 1660.3
1159030 1657.3
1159040 1649.3
1159050 1649.3
1159060 1639.1
1159070 1635.8
1159080 1635.8
1159090 1635.8
1159100 1635.9
1159110 1638.5
1159120 1638.5
1159130 1640.0
1159140 1641.6
1159150 1641.6
1159160 1643.6
1159170 1646.7
1159180 1646.7
1159190 1648.5
1159200 1651.0
1159210 1651.0
1159220 1656.4
1159230 1659.4
1159240 1659.4
1159250 1661.9
1159260 1665.0
1159270 1665.0
1159280 1668.2
1159290 1671.2
1159300 1671.2
1159310 1674.2
1159320 1677.4
1159330 1677.4
1159340 1681.1
1159350 1684.9
1159360 1689.1
1159370 1689.1
1159380 1693.4
1159390 1697.7
1159400 1697.7
1159410 1702.3
1159420 1707.4
1159430 1707.4
1159440 1712.6
1159450 1718.2
1159460 1718.7
1159470 1724.4
1159480 1730.1
1159490 1730.1
1159500 1736.0
1159510 1741.7
1159520 1741.7
1159530 1747.1
1159540 1752.6
1159550 1752.6
1159560 1758.3
1159570 1763.6
1159580 1763.6
1159590 1769.4
1159600 1776.7
1159610 1776.7
1159620 1784.0
1159630 1790.8
1159640 1796.7
1159650 1796.7
1159660 1803.7
1159670 1811.6
1159680 1811.6
1159690 1823.9
1159700 1845.3
1159710 1845.3
1159720 1859.1
1159730 1866.4
1159740 1866.4
1159750 1873.7
1159760 1882.2
1159770 1882.2
1159780 1890.7
1159790 1897.3
1159800 1897.3
1159810 1903.2
1159820 1909.3
1159830 1909.3
1159840 1915.4
1159850 1923.3
1159860 1923.3
1159870 1928.7
1159880 1933.9
1159890 1939.5
1159900 1939.5
1159910 1945.5
1159920 1951.5
1159930 1951.5
1159940 1957.8
1159950 1964.1
1159960 1964.1
1159970 1969.5
1159980 1974.2
1159990 1974.2
