1140000 1634.5
1140010 1630.2
1140020 1630.2
1140030 1625.8
1140040 1622.7
1140050 1622.7
1140060 1619.3
1140070 1616.1
1140080 1616.1
1140090 1613.1
1140100 1608.2
1140110 1605.1
1140120 1605.1
1140130 1603.7
1140140 1601.5
1140150 1601.5
1140160 1590.0
1140170 1586.8
1140180 1586.8
1140190 1595.7
1140200 1603.1
1140210 1603.1
1140220 1609.2
1140230 1615.9
1140240 1615.9
1140250 1621.3
1140260 1622.1
1140270 1622.1
1140280 1621.8
1140290 1622.7
1140300 1622.7
1140310 1624.1
1140320 1630.1
1140330 1630.1
1140340 1632.8
1140350 1634.5
1140360 1636.3
1140370 1636.3
1140380 1637.4
1140390 1637.9
1140400 1637.9
1140410 1639.5
1140420 1642.4
1140430 1642.4
1140440 1646.1
1140450 1650.1
1140460 1650.1
1140470 1654.2
1140480 1658.5
1140490 1658.5
1140500 1663.0
1140510 1667.6
1140520 1667.6
1140530 1672.4
1140540 1676.9
1140550 1676.9
1140560 1681.8
1140570 1686.8
1140580 1686.8
1140590 1692.1
1140600 1696.5
1140610 1700.3
1140620 1700.3
1140630 1703.7
1140640 1707.5
1140650 1707.5
1140660 1711.6
1140670 1716.1
1140680 1716.1
1140690 1725.2
1140700 1730.4
1140710 1730.4
1140720 1735.4
1140730 1741.0
1140740 1741.0
1140750 1745.3
1140760 1750.9
1140770 1750.9
1140780 1756.8
1140790 1760.9
1140800 1760.9
1140810 1764.2
1140820 1766.4
1140830 1766.4
1140840 1769.9
1140850 1774.4
1140860 1779.6
1140870 1779.6
1140880 1783.8
1140890 1788.5
1140900 1788.5
1140910 1793.4
1140920 1797.8
1140930 1797.8
1140940 1802.6
1140950 1807.0
1140960 1807.0
1140970 1811.4
1140980 1819.5
1140990 1819.5
1141000 1828.3
1141010 1836.4
1141020 1836.4
1141030 1844.8
1141040 1852.4
1141050 1852.4
1141060 1858.8
1141070 1866.9
1141080 1866.9
1141090 1875.7
1141100 1884.8
1141110 1893.0
1141120 1893.0
1141130 1900.5
1141140 1905.7
1141150 1905.7
1141160 1909.9
1141170 1914.5
1141180 1914.5
1141190 1920.3
1141200 1926.2
1141210 1926.2
1141220 1932.2
1141230 1939.4
1141240 1939.4
1141250 1946.5
1141260 1954.4
1141270 1954.4
1141280 1963.0
1141290 1970.8
1141300 1970.8
1141310 1977.9
1141320 1984.2
1141330 1984.2
1141340 1988.8
1141350 1991.2
1141360 1990.6
1141370 1990.6
1141380 1989.1
1141390 1987.2
1141400 1987.2
1141410 1984.6
1141420 1983.9
1141430 1993.2
1141440 1993.2
1141450 1993.2
1141460 1993.2
1141470 1994.2
1141480 1996.2
1141490 1996.2
1141500 1997.1
1141510 1997.0
1141520 1997.0
1141530 1996.9
1141540 1999.0
1141550 1999.0
1141560 2005.1
1141570 2014.4
1141580 2014.4
1141590 2020.3
1141600 2019.4
1141610 2019.4
1141620 2015.0
1141630 2018.2
1141640 2023.9
1141650 2023.9
1141660 2030.2
1141670 2036.2
1141680 2036.2
1141690 2041.8
1141700 2047.3
1141710 2047.3
1141720 2052.5
1141730 2058.8
1141740 2058.8
1141750 2065.4
1141760 2073.3
1141770 2073.3
1141780 2089.7
1141790 2102.6
1141800 2102.7
1141810 2113.3
1141820 2119.7
1141830 2119.7
1141840 2126.1
1141850 2132.9
1141860 2132.9
1141870 2139.5
1141880 2145.9
1141890 2152.7
1141900 2152.7
1141910 2159.8
1141920 2167.2
1141930 2167.2
1141940 2176.1
1141950 2186.5
1141960 2186.5
1141970 2196.2
1141980 2205.1
1141990 2205.1
1142000 2213.4
1142010 2221.7
1142020 2221.7
1142030 2228.1
1142040 2232.8
1142050 2232.8
1142060 2240.6
1142070 2248.5
1142080 2248.5
1142090 2256.0
1142100 2263.6
1142110 2263.6
1142120 2270.6
1142130 2276.6
1142140 2282.5
1142150 2282.5
1142160 2288.8
1142170 2300.2
1142180 2300.2
1142190 2306.9
1142200 2313.9
1142210 2313.9
1142220 2320.3
1142230 2326.8
1142240 2326.8
1142250 2333.2
1142260 2339.3
1142270 2339.3
1142280 2345.4
1142290 2352.0
1142300 2352.0
1142310 2358.0
1142320 2363.5
1142330 2363.5
1142340 2368.7
1142350 2372.9
1142360 2372.9
1142370 2375.5
1142380 2378.2
1142390 2380.6
1142400 2380.6
1142410 2381.2
1142420 2379.8
1142430 2379.8
1142440 2377.8
1142450 2374.7
1142460 2374.7
1142470 2371.3
1142480 2367.3
1142490 2367.3
1142500 2363.3
1142510 2359.8
1142520 2359.8
1142530 2356.4
1142540 2349.2
1142550 2349.2
1142560 2346.6
1142570 2344.9
1142580 2344.9
1142590 2343.6
1142600 2341.9
1142610 2341.9
1142620 2339.0
1142630 2336.1
1142640 2334.4
1142650 2334.4
1142660 2332.9
1142670 2330.6
1142680 2330.6
1142690 2326.6
1142700 2321.3
1142710 2321.3
1142720 2315.7
1142730 2309.8
1142740 2309.8
1142750 2303.5
1142760 2297.1
1142770 2297.1
1142780 2290.5
1142790 2284.4
1142800 2284.4
1142810 2280.2
1142820 2280.0
1142830 2280.0
1142840 2279.5
1142850 2277.6
1142860 2277.6
1142870 2274.6
1142880 2271.0
1142890 2268.3
1142900 2268.3
1142910 2261.1
1142920 2256.8
1142930 2256.8
1142940 2255.2
1142950 2253.3
1142960 2253.3
1142970 2250.8
1142980 2247.7
1142990 2247.7
1143000 2244.8
1143010 2243.1
1143020 2243.1
1143030 2241.9
1143040 2240.1
1143050 2240.1
1143060 2238.1
1143070 2234.9
1143080 2234.9
1143090 2232.2
1143100 2230.3
1143110 2230.3
1143120 2229.4
1143130 2227.1
1143140 2223.7
1143150 2223.7
1143160 2220.6
1143170 2218.0
1143180 2218.0
1143190 2215.4
1143200 2214.0
1143210 2214.0
1143220 2214.1
1143230 2214.6
1143240 2214.6
1143250 2214.8
1143260 2215.3
1143270 2215.3
1143280 2216.4
1143290 2211.0
1143300 2211.0
1143310 2211.0
1143320 2208.9
1143330 2208.9
1143340 2204.4
1143350 2200.4
1143360 2200.4
1143370 2198.7
1143380 2198.0
1143390 2197.8
1143400 2197.8
1143410 2197.3
1143420 2194.9
1143430 2194.9
1143440 2189.4
1143450 2183.4
1143460 2183.4
1143470 2178.3
1143480 2175.3
1143490 2175.3
1143500 2173.5
1143510 2171.2
1143520 2171.2
1143530 2168.2
1143540 2164.0
1143550 2164.0
1143560 2158.0
1143570 2151.2
1143580 2151.2
1143590 2150.8
1143600 2154.1
1143610 2154.1
1143620 2156.2
1143630 2156.2
1143640 2156.2
1143650 2155.3
1143660 2149.4
1143670 2147.3
1143680 2147.3
1143690 2145.3
1143700 2142.9
1143710 2142.9
1143720 2141.4
1143730 2140.4
1143740 2140.4
1143750 2140.4
1143760 2138.6
1143770 2138.6
1143780 2136.8
1143790 2134.8
1143800 2134.8
1143810 2131.7
1143820 2128.2
1143830 2128.2
1143840 2125.3
1143850 2122.5
1143860 2122.5
1143870 2118.8
1143880 2115.3
1143890 2115.3
1143900 2110.7
1143910 2105.6
1143920 2100.0
1143930 2100.0
1143940 2096.2
1143950 2091.4
1143960 2091.4
1143970 2086.2
1143980 2082.4
1143990 2082.4
1144000 2079.0
1144010 2074.8
1144020 2074.8
1144030 2065.8
1144040 2060.1
1144050 2060.1
1144060 2049.5
1144070 2041.9
1144080 2041.9
1144090 2036.4
1144100 2030.4
1144110 2030.4
1144120 2024.7
1144130 2019.7
1144140 2019.7
1144150 2015.6
1144160 2011.2
1144170 2007.2
1144180 2007.2
1144190 2003.1
1144200 1999.7
1144210 1999.7
1144220 1996.5
1144230 1992.9
1144240 1992.9
1144250 1989.3
1144260 1984.6
1144270 1984.6
1144280 1980.4
1144290 1976.5
1144300 1976.5
1144310 1972.8
1144320 1969.6
1144330 1969.6
1144340 1966.1
1144350 1963.0
1144360 1963.0
1144370 1959.5
1144380 1955.8
1144390 1955.8
1144400 1952.9
1144410 1945.5
1144420 1943.7
1144430 1943.7
1144440 1941.0
1144450 1938.5
1144460 1938.5
1144470 1936.4
1144480 1934.1
1144490 1934.1
1144500 1932.0
1144510 1929.4
1144520 1929.4
1144530 1927.1
1144540 1925.0
1144550 1925.0
1144560 1922.4
1144570 1918.4
1144580 1918.4
1144590 1912.9
1144600 1907.0
1144610 1907.0
1144620 1902.2
1144630 1897.9
1144640 1897.9
1144650 1895.3
1144660 1893.0
1144670 1890.3
1144680 1890.3
1144690 1886.9
1144700 1882.9
1144710 1882.9
1144720 1878.6
1144730 1874.2
1144740 1874.2
1144750 1871.7
1144760 1869.3
1144770 1869.3
1144780 1865.0
1144790 1861.4
1144800 1861.4
1144810 1857.1
1144820 1851.2
1144830 1851.2
1144840 1848.0
1144850 1844.6
1144860 1844.6
1144870 1840.4
1144880 1836.6
1144890 1836.6
1144900 1832.2
1144910 1828.5
1144920 1825.1
1144930 1825.1
1144940 1820.3
1144950 1814.2
1144960 1814.2
1144970 1807.9
1144980 1801.4
1144990 1801.4
1145000 1795.2
1145010 1788.9
1145020 1788.9
1145030 1783.3
1145040 1777.7
1145050 1777.7
1145060 1772.4
1145070 1770.3
1145080 1770.3
1145090 1768.1
1145100 1764.7
1145110 1764.7
1145120 1763.0
1145130 1763.8
1145140 1763.8
1145150 1761.7
1145160 1754.7
1145170 1754.4
1145180 1754.4
1145190 1754.3
1145200 1752.3
1145210 1752.3
1145220 1749.1
1145230 1746.3
1145240 1746.3
1145250 1750.4
1145260 1752.1
1145270 1752.1
1145280 1753.0
1145290 1753.7
1145300 1753.7
1145310 1752.8
1145320 1746.7
1145330 1746.7
1145340 1728.8
1145350 1712.6
1145360 1712.6
1145370 1699.5
1145380 1688.3
1145390 1688.3
1145400 1680.5
1145410 1673.4
1145420 1673.4
1145430 1664.0
1145440 1648.0
1145450 1635.3
1145460 1635.3
1145470 1626.8
1145480 1618.6
1145490 1618.6
1145500 1612.2
1145510 1606.0
1145520 1606.0
1145530 1594.7
1145540 1589.2
1145550 1589.2
1145560 1583.2
1145570 1577.0
1145580 1577.0
1145590 1570.6
1145600 1564.1
1145610 1564.1
1145620 1557.4
1145630 1551.0
1145640 1551.0
1145650 1545.2
1145660 1539.0
1145670 1539.0
1145680 1532.2
1145690 1525.5
1145700 1520.2
1145710 1520.2
1145720 1515.9
1145730 1512.1
1145740 1512.1
1145750 1507.8
1145760 1501.2
1145770 1501.2
1145780 1493.3
1145790 1488.5
1145800 1488.5
1145810 1485.9
1145820 1483.6
1145830 1483.6
1145840 1480.7
1145850 1477.4
1145860 1477.4
1145870 1475.3
1145880 1471.9
1145890 1471.9
1145900 1463.6
1145910 1457.5
1145920 1457.5
1145930 1447.1
1145940 1437.8
1145950 1430.0
1145960 1430.0
1145970 1419.2
1145980 1413.7
1145990 1413.7
1146000 1410.0
1146010 1405.1
1146020 1405.1
1146030 1395.1
1146040 1383.2
1146050 1383.2
1146060 1365.1
1146070 1346.9
1146080 1346.9
1146090 1339.6
1146100 1343.4
1146110 1343.4
1146120 1353.5
1146130 1367.7
1146140 1367.7
1146150 1383.9
1146160 1391.5
1146170 1391.5
1146180 1396.0
1146190 1398.7
1146200 1403.8
1146210 1403.8
1146220 1409.7
1146230 1415.4
1146240 1415.4
1146250 1420.7
1146260 1421.8
1146270 1421.8
1146280 1428.4
1146290 1434.0
1146300 1434.0
1146310 1437.6
1146320 1441.0
1146330 1441.0
1146340 1444.6
1146350 1448.8
1146360 1448.8
1146370 1452.7
1146380 1456.8
1146390 1456.8
1146400 1461.5
1146410 1466.3
1146420 1466.3
1146430 1471.0
1146440 1475.6
1146450 1480.7
1146460 1480.7
1146470 1486.2
1146480 1490.8
1146490 1490.8
1146500 1493.2
1146510 1493.1
1146520 1493.1
1146530 1492.0
1146540 1492.2
1146550 1492.2
1146560 1492.3
1146570 1490.3
1146580 1490.3
1146590 1488.8
1146600 1487.0
1146610 1487.0
1146620 1484.3
1146630 1481.5
1146640 1481.5
1146650 1478.0
1146660 1477.8
1146670 1477.8
1146680 1473.4
1146690 1471.1
1146700 1469.2
1146710 1469.2
1146720 1465.7
1146730 1462.0
1146740 1462.0
1146750 1459.9
1146760 1458.1
1146770 1458.1
1146780 1455.9
1146790 1453.7
1146800 1453.7
1146810 1452.3
1146820 1451.0
1146830 1451.0
1146840 1449.7
1146850 1449.0
1146860 1449.0
1146870 1448.6
1146880 1447.8
1146890 1447.8
1146900 1445.6
1146910 1447.4
1146920 1447.4
1146930 1447.2
1146940 1446.0
1146950 1445.9
1146960 1445.9
1146970 1443.9
1146980 1438.7
1146990 1438.7
1147000 1436.5
1147010 1433.8
1147020 1433.8
1147030 1440.9
1147040 1438.5
1147050 1438.5
1147060 1434.7
1147070 1428.3
1147080 1428.3
1147090 1424.3
1147100 1423.4
1147110 1423.4
1147120 1423.5
1147130 1421.8
1147140 1421.8
1147150 1420.4
1147160 1421.4
1147170 1421.4
1147180 1420.5
1147190 1417.3
1147200 1411.4
1147210 1411.4
1147220 1406.4
1147230 1402.9
1147240 1402.9
1147250 1401.1
1147260 1401.8
1147270 1401.8
1147280 1402.4
1147290 1402.6
1147300 1402.6
1147310 1403.6
1147320 1405.3
1147330 1405.3
1147340 1407.1
1147350 1409.2
1147360 1409.2
1147370 1412.5
1147380 1416.8
1147390 1416.8
1147400 1420.6
1147410 1420.0
1147420 1420.0
1147430 1423.7
1147440 1426.7
1147450 1426.7
1147460 1430.7
1147470 1436.5
1147480 1443.1
1147490 1443.1
1147500 1450.2
1147510 1457.3
1147520 1457.3
1147530 1463.4
1147540 1468.3
1147550 1468.3
1147560 1472.4
1147570 1475.9
1147580 1475.9
1147590 1479.3
1147600 1481.6
1147610 1481.6
1147620 1481.1
1147630 1478.3
1147640 1478.3
1147650 1474.3
1147660 1470.3
1147670 1470.3
1147680 1469.4
1147690 1470.3
1147700 1470.3
1147710 1473.9
1147720 1479.8
1147730 1486.5
1147740 1486.5
1147750 1496.7
1147760 1506.0
1147770 1506.0
1147780 1515.1
1147790 1521.1
1147800 1521.1
1147810 1527.0
1147820 1531.9
1147830 1531.9
1147840 1537.0
1147850 1542.7
1147860 1542.7
1147870 1549.4
1147880 1557.4
1147890 1557.4
1147900 1565.4
1147910 1572.9
1147920 1572.9
1147930 1579.8
1147940 1586.6
1147950 1586.6
1147960 1593.3
1147970 1599.8
1147980 1606.1
1147990 1606.1
1148000 1611.8
1148010 1614.0
1148020 1614.0
1148030 1611.4
1148040 1607.4
1148050 1607.4
1148060 1604.1
1148070 1600.4
1148080 1600.4
1148090 1595.9
1148100 1591.5
1148110 1591.5
1148120 1590.8
1148130 1590.2
1148140 1590.2
1148150 1592.3
1148160 1597.1
1148170 1595.5
1148180 1598.1
1148190 1602.5
1148200 1602.5
1148210 1608.9
1148220 1615.5
1148230 1620.5
1148240 1620.5
1148250 1625.0
1148260 1630.7
1148270 1630.7
1148280 1636.5
1148290 1641.6
1148300 1641.6
1148310 1645.5
1148320 1647.9
1148330 1647.9
1148340 1652.1
1148350 1656.4
1148360 1656.4
1148370 1663.1
1148380 1669.9
1148390 1669.9
1148400 1676.2
1148410 1678.9
1148420 1678.9
1148430 1679.2
1148440 1677.9
1148450 1677.9
1148460 1677.6
1148470 1678.9
1148480 1682.0
1148490 1682.0
1148500 1688.1
1148510 1694.1
1148520 1694.1
1148530 1699.4
1148540 1711.6
1148550 1711.6
1148560 1718.2
1148570 1727.2
1148580 1727.2
1148590 1734.4
1148600 1739.6
1148610 1739.6
1148620 1742.3
1148630 1742.4
1148640 1742.4
1148650 1745.3
1148660 1751.1
1148670 1751.1
1148680 1755.5
1148690 1758.4
1148700 1758.4
1148710 1762.1
1148720 1766.6
1148730 1773.6
1148740 1773.6
1148750 1782.7
1148760 1793.4
1148770 1793.4
1148780 1801.8
1148790 1815.5
1148800 1815.5
1148810 1826.3
1148820 1827.3
1148830 1827.3
1148840 1816.7
1148850 1810.6
1148860 1810.6
1148870 1813.3
1148880 1827.8
1148890 1827.8
1148900 1840.4
1148910 1846.7
1148920 1862.6
1148930 1863.8
1148940 1860.2
1148950 1860.2
1148960 1850.4
1148970 1847.9
1148980 1853.1
1148990 1853.1
1149000 1863.0
1149010 1874.2
1149020 1874.2
1149030 1884.0
1149040 1894.4
1149050 1894.4
1149060 1905.4
1149070 1915.2
1149080 1915.2
1149090 1922.9
1149100 1928.9
1149110 1928.9
1149120 1934.9
1149130 1941.7
1149140 1941.7
1149150 1948.9
1149160 1955.0
1149170 1955.0
1149180 1960.7
1149190 1966.6
1149200 1966.6
1149210 1972.8
1149220 1977.9
1149230 1981.0
1149240 1981.0
1149250 1984.8
1149260 1989.0
1149270 1989.0
1149280 1992.9
1149290 1997.0
1149300 2001.3
1149310 2006.1
1149320 2011.3
1149330 2011.3
1149340 2016.3
1149350 2021.1
1149360 2021.1
1149370 2025.9
1149380 2031.3
1149390 2031.3
1149400 2036.6
1149410 2040.6
1149420 2040.6
1149430 2044.0
1149440 2047.4
1149450 2047.4
1149460 2050.8
1149470 2054.1
1149480 2057.2
1149490 2057.2
1149500 2061.3
1149510 2065.7
1149520 2065.7
1149530 2070.2
1149540 2074.6
1149550 2074.6
1149560 2078.5
1149570 2081.8
1149580 2081.8
1149590 2086.3
1149600 2089.6
1149610 2089.6
1149620 2091.9
1149630 2093.8
1149640 2093.8
1149650 2096.0
1149660 2098.0
1149670 2098.0
1149680 2104.0
1149690 2106.5
1149700 2106.5
1149710 2110.2
1149720 2114.0
1149730 2114.0
1149740 2117.9
1149750 2121.3
1149760 2122.3
1149770 2122.3
1149780 2123.8
1149790 2128.6
1149800 2128.6
1149810 2135.8
1149820 2142.6
1149830 2142.6
1149840 2149.6
1149850 2156.8
1149860 2156.8
1149870 2162.7
1149880 2166.7
1149890 2166.7
1149900 2170.3
1149910 2173.2
1149920 2173.2
1149930 2177.5
1149940 2182.1
1149950 2182.1
1149960 2186.4
1149970 2191.4
1149980 2191.4
1149990 2197.0
1150000 2203.4
1150010 2210.6
1150020 2210.6
1150030 2215.9
1150040 2220.0
1150050 2220.0
1150060 2225.2
1150070 2229.2
1150080 2229.2
1150090 2234.3
1150100 2240.5
1150110 2240.5
1150120 2247.7
1150130 2254.2
1150140 2254.2
1150150 2258.9
1150160 2263.0
1150170 2263.0
1150180 2267.7
1150190 2273.0
1150200 2273.0
1150210 2278.7
1150220 2284.9
1150230 2284.9
1150240 2291.5
1150250 2298.0
1150260 2304.4
1150270 2304.4
1150280 2310.5
1150290 2316.2
1150300 2316.2
1150310 2321.8
1150320 2327.6
1150330 2327.6
1150340 2332.9
1150350 2337.8
1150360 2337.8
1150370 2343.2
1150380 2349.2
1150390 2349.2
1150400 2355.2
1150410 2358.9
1150420 2358.9
1150430 2365.2
1150440 2378.0
1150450 2378.0
1150460 2390.0
1150470 2400.6
1150480 2400.6
1150490 2410.8
1150500 2421.0
1150510 2429.3
1150520 2429.3
1150530 2437.0
1150540 2443.7
1150550 2443.7
1150560 2446.8
1150570 2454.8
1150580 2454.8
1150590 2465.0
1150600 2474.0
1150610 2474.0
1150620 2481.3
1150630 2489.2
1150640 2489.2
1150650 2494.2
1150660 2498.5
1150670 2498.5
1150680 2502.5
1150690 2508.7
1150700 2508.7
1150710 2517.2
1150720 2526.8
1150730 2526.8
1150740 2535.9
1150750 2544.2
1150760 2542.6
1150770 2542.6
1150780 2533.3
1150790 2530.0
1150800 2530.0
1150810 2528.2
1150820 2518.8
1150830 2518.8
1150840 2513.3
1150850 2502.7
1150860 2502.7
1150870 2490.6
1150880 2478.8
1150890 2478.8
1150900 2465.0
1150910 2446.7
1150920 2446.7
1150930 2435.8
1150940 2428.6
1150950 2428.6
1150960 2423.9
1150970 2415.6
1150980 2415.6
1150990 2403.7
1151000 2393.6
1151010 2386.8
1151020 2386.8
1151030 2380.3
1151040 2373.5
1151050 2373.5
1151060 2366.0
1151070 2358.8
1151080 2358.8
1151090 2351.8
1151100 2345.3
1151110 2345.3
1151120 2339.0
1151130 2330.6
1151140 2330.6
1151150 2320.5
1151160 2310.6
1151170 2310.6
1151180 2303.0
1151190 2297.5
1151200 2301.7
1151210 2296.1
1151220 2289.8
1151230 2289.8
1151240 2281.9
1151250 2275.0
1151260 2271.0
1151270 2271.0
1151280 2268.0
1151290 2258.9
1151300 2258.9
1151310 2253.5
1151320 2250.8
1151330 2250.8
1151340 2243.0
1151350 2238.7
1151360 2238.7
1151370 2231.2
1151380 2222.0
1151390 2222.0
1151400 2213.5
1151410 2205.9
1151420 2205.9
1151430 2195.1
1151440 2177.1
1151450 2177.1
1151460 2167.6
1151470 2162.0
1151480 2162.0
1151490 2156.6
1151500 2151.0
1151510 2145.3
1151520 2145.3
1151530 2139.8
1151540 2134.1
1151550 2134.1
1151560 2127.2
1151570 2119.1
1151580 2122.6
1151590 2114.9
1151600 2107.8
1151610 2107.8
1151620 2101.0
1151630 2094.0
1151640 2094.0
1151650 2085.4
1151660 2077.8
1151670 2077.8
1151680 2072.0
1151690 2065.4
1151700 2065.4
1151710 2057.5
1151720 2046.6
1151730 2046.6
1151740 2033.0
1151750 2019.2
1151760 2008.1
1151770 2008.1
1151780 1999.5
1151790 1990.8
1151800 1990.8
1151810 1981.9
1151820 1973.8
1151830 1973.8
1151840 1967.0
1151850 1960.4
1151860 1960.4
1151870 1954.7
1151880 1948.6
1151890 1948.6
1151900 1942.4
1151910 1936.2
1151920 1936.2
1151930 1930.2
1151940 1924.1
1151950 1924.1
1151960 1918.2
1151970 1913.4
1151980 1913.4
1151990 1908.3
1152000 1903.3
1152010 1903.3
1152020 1898.5
1152030 1894.2
1152040 1890.0
1152050 1890.0
1152060 1886.6
1152070 1883.9
1152080 1883.9
1152090 1882.5
1152100 1882.0
1152110 1882.0
1152120 1881.5
1152130 1879.6
1152140 1879.6
1152150 1878.4
1152160 1879.0
1152170 1879.0
1152180 1879.7
1152190 1879.2
1152200 1879.2
1152210 1879.0
1152220 1878.8
1152230 1878.8
1152240 1878.8
1152250 1878.6
1152260 1878.6
1152270 1877.9
1152280 1877.9
1152290 1879.6
1152300 1879.6
1152310 1880.5
1152320 1882.3
1152330 1882.3
1152340 1884.1
1152350 1887.8
1152360 1887.8
1152370 1889.3
1152380 1890.3
1152390 1890.3
1152400 1891.8
1152410 1891.4
1152420 1891.4
1152430 1892.6
1152440 1894.3
1152450 1894.3
1152460 1895.7
1152470 1898.5
1152480 1898.5
1152490 1903.7
1152500 1909.3
1152510 1909.3
1152520 1914.0
1152530 1919.7
1152540 1925.7
1152550 1925.7
1152560 1930.1
1152570 1933.7
1152580 1933.7
1152590 1937.6
1152600 1941.4
1152610 1941.4
1152620 1945.9
1152630 1952.1
1152640 1952.1
1152650 1958.9
1152660 1965.6
1152670 1965.6
1152680 1972.0
1152690 1978.8
1152700 1978.8
1152710 1986.2
1152720 1992.1
1152730 1993.7
1152740 1999.4
1152750 2004.2
1152760 2004.2
1152770 2008.5
1152780 2012.6
1152790 2016.8
1152800 2016.8
1152810 2019.1
1152820 2020.3
1152830 2020.3
1152840 2023.5
1152850 2028.7
1152860 2028.7
1152870 2035.8
1152880 2043.3
1152890 2043.3
1152900 2047.7
1152910 2050.6
1152920 2050.6
1152930 2055.7
1152940 2064.7
1152950 2064.7
1152960 2074.8
1152970 2082.5
1152980 2082.5
1152990 2090.2
1153000 2098.2
1153010 2098.2
1153020 2106.2
1153030 2114.2
1153040 2122.6
1153050 2122.6
1153060 2131.4
1153070 2140.2
1153080 2140.2
1153090 2148.1
1153100 2155.9
1153110 2155.9
1153120 2167.1
1153130 2174.9
1153140 2174.9
1153150 2184.1
1153160 2195.0
1153170 2195.0
1153180 2205.4
1153190 2215.7
1153200 2215.7
1153210 2225.0
1153220 2244.0
1153230 2244.0
1153240 2277.9
1153250 2309.5
1153260 2309.5
1153270 2322.6
1153280 2333.1
1153290 2342.6
1153300 2342.6
1153310 2350.3
1153320 2356.0
1153330 2356.0
1153340 2357.1
1153350 2355.2
1153360 2355.2
1153370 2352.0
1153380 2347.2
1153390 2347.2
1153400 2343.2
1153410 2340.5
1153420 2340.5
1153430 2336.5
1153440 2332.2
1153450 2332.2
1153460 2327.3
1153470 2322.8
1153480 2322.8
1153490 2319.9
1153500 2329.1
1153510 2329.1
1153520 2332.1
1153530 2330.9
1153540 2328.6
1153550 2328.6
1153560 2328.5
1153570 2330.7
1153580 2330.7
1153590 2330.2
1153600 2330.6
1153610 2330.6
1153620 2329.9
1153630 2329.0
1153640 2329.0
1153650 2328.2
1153660 2330.9
1153670 2330.9
1153680 2330.3
1153690 2331.7
1153700 2331.7
1153710 2333.0
1153720 2335.5
1153730 2335.5
1153740 2339.6
1153750 2332.9
1153760 2332.9
1153770 2315.4
1153780 2303.9
1153790 2305.6
1153800 2305.6
1153810 2313.7
1153820 2315.0
1153830 2315.0
1153840 2313.0
1153850 2306.0
1153860 2306.0
1153870 2305.8
1153880 2319.8
1153890 2319.8
1153900 2324.8
1153910 2322.6
1153920 2322.6
1153930 2317.6
1153940 2315.0
1153950 2315.0
1153960 2315.6
1153970 2318.5
1153980 2318.5
1153990 2323.4
1154000 2328.9
1154010 2328.9
1154020 2331.7
1154030 2332.8
1154040 2332.8
1154050 2336.4
1154060 2340.1
1154070 2343.0
1154080 2343.0
1154090 2346.2
1154100 2350.5
1154110 2350.5
1154120 2356.5
1154130 2362.7
1154140 2362.7
1154150 2368.0
1154160 2372.7
1154170 2372.7
1154180 2376.6
1154190 2380.4
1154200 2380.4
1154210 2384.2
1154220 2388.4
1154230 2388.4
1154240 2393.2
1154250 2398.0
1154260 2398.0
1154270 2407.5
1154280 2411.9
1154290 2411.9
1154300 2416.1
1154310 2420.3
1154320 2425.0
1154330 2425.0
1154340 2429.6
1154350 2434.6
1154360 2434.6
1154370 2440.2
1154380 2446.1
1154390 2446.1
1154400 2452.0
1154410 2457.7
1154420 2457.7
1154430 2462.8
1154440 2467.3
1154450 2467.3
1154460 2471.4
1154470 2475.5
1154480 2475.5
1154490 2479.2
1154500 2482.6
1154510 2482.6
1154520 2486.9
1154530 2492.6
1154540 2492.6
1154550 2498.5
1154560 2508.7
1154570 2520.1
1154580 2520.1
1154590 2527.9
1154600 2536.4
1154610 2536.4
1154620 2545.5
1154630 2549.2
1154640 2549.2
1154650 2536.7
1154660 2530.4
1154670 2530.4
1154680 2526.0
1154690 2522.7
1154700 2522.7
1154710 2518.7
1154720 2514.3
1154730 2514.3
1154740 2511.2
1154750 2497.9
1154760 2497.9
1154770 2481.8
1154780 2472.3
1154790 2472.3
1154800 2463.0
1154810 2453.4
1154820 2439.8
1154830 2439.8
1154840 2431.0
1154850 2425.6
1154860 2425.6
1154870 2420.7
1154880 2415.7
1154890 2415.7
1154900 2410.8
1154910 2406.1
1154920 2406.1
1154930 2402.2
1154940 2398.4
1154950 2398.4
1154960 2394.6
1154970 2391.3
1154980 2391.3
1154990 2388.1
1155000 2385.0
1155010 2385.0
1155020 2382.0
1155030 2379.8
1155040 2376.1
1155050 2373.4
1155060 2370.2
1155070 2367.0
1155080 2367.0
1155090 2363.3
1155100 2359.8
1155110 2359.8
1155120 2356.5
1155130 2353.5
1155140 2353.5
1155150 2350.4
1155160 2348.8
1155170 2348.8
1155180 2349.2
1155190 2349.5
1155200 2349.5
1155210 2349.7
1155220 2350.4
1155230 2350.4
1155240 2351.7
1155250 2353.0
1155260 2353.0
1155270 2354.4
1155280 2356.1
1155290 2356.1
1155300 2357.1
1155310 2356.9
1155320 2357.8
1155330 2357.8
1155340 2358.0
1155350 2356.2
1155360 2356.2
1155370 2354.8
1155380 2353.3
1155390 2353.3
1155400 2352.3
1155410 2351.5
1155420 2351.5
1155430 2342.6
1155440 2342.2
1155450 2342.2
1155460 2341.9
1155470 2340.2
1155480 2340.2
1155490 2339.2
1155500 2340.8
1155510 2340.8
1155520 2339.1
1155530 2336.1
1155540 2336.1
1155550 2334.6
1155560 2333.5
1155570 2333.0
1155580 2333.0
1155590 2330.8
1155600 2327.2
1155610 2327.2
1155620 2323.1
1155630 2319.9
1155640 2319.9
1155650 2316.3
1155660 2311.8
1155670 2311.8
1155680 2307.8
1155690 2305.0
1155700 2305.0
1155710 2300.3
1155720 2294.1
1155730 2294.1
1155740 2285.3
1155750 2272.8
1155760 2272.8
1155770 2264.9
1155780 2260.1
1155790 2260.1
1155800 2256.6
1155810 2246.9
1155820 2243.4
1155830 2243.4
1155840 2240.5
1155850 2238.7
1155860 2238.7
1155870 2237.2
1155880 2235.6
1155890 2235.6
1155900 2234.2
1155910 2235.0
1155920 2235.0
1155930 2235.9
1155940 2236.6
1155950 2236.6
1155960 2235.0
1155970 2234.2
1155980 2234.2
1155990 2232.5
1156000 2229.3
1156010 2229.3
1156020 2224.6
1156030 2219.2
1156040 2219.2
1156050 2214.1
1156060 2210.0
1156070 2207.4
1156080 2207.4
1156090 2207.4
1156100 2205.6
1156110 2205.6
1156120 2198.0
1156130 2192.3
1156140 2192.3
1156150 2182.3
1156160 2170.2
1156170 2170.2
1156180 2159.5
1156190 2150.4
1156200 2163.4
1156210 2153.1
1156220 2147.9
1156230 2147.9
1156240 2143.7
1156250 2139.0
1156260 2139.0
1156270 2133.4
1156280 2128.8
1156290 2128.8
1156300 2124.3
1156310 2117.8
1156320 2117.8
1156330 2113.8
1156340 2109.2
1156350 2102.2
1156360 2102.2
1156370 2081.3
1156380 2055.6
1156390 2055.6
1156400 2035.1
1156410 2021.7
1156420 2021.7
1156430 2004.1
1156440 1984.1
1156450 1984.1
1156460 1971.5
1156470 1965.6
1156480 1965.6
1156490 1962.2
1156500 1961.6
1156510 1961.6
1156520 1961.7
1156530 1958.9
1156540 1958.9
1156550 1951.7
1156560 1944.0
1156570 1944.0
1156580 1932.4
1156590 1937.3
1156600 1925.9
1156610 1925.9
1156620 1915.4
1156630 1903.3
1156640 1903.3
1156650 1891.1
1156660 1885.8
1156670 1885.8
1156680 1885.2
1156690 1882.8
1156700 1882.8
1156710 1879.5
1156720 1877.2
1156730 1877.2
1156740 1877.1
1156750 1877.0
1156760 1877.0
1156770 1876.6
1156780 1888.5
1156790 1888.5
1156800 1947.2
1156810 1994.3
1156820 1994.3
1156830 1990.4
1156840 1973.2
1156850 1962.1
1156860 1962.1
1156870 1955.8
1156880 1949.8
1156890 1949.8
1156900 1944.8
1156910 1942.0
1156920 1942.0
1156930 1939.0
1156940 1938.6
1156950 1938.6
1156960 1939.0
1156970 1956.7
1156980 1956.7
1156990 1959.0
1157000 1954.7
1157010 1954.7
1157020 1946.0
1157030 1928.7
1157040 1928.7
1157050 1918.2
1157060 1925.8
1157070 1925.8
1157080 1936.8
1157090 1942.0
1157100 1943.9
1157110 1943.9
1157120 1943.5
1157130 1941.7
1157140 1941.7
1157150 1947.3
1157160 1948.1
1157170 1948.1
1157180 1949.9
1157190 1952.3
1157200 1952.3
1157210 1958.9
1157220 1963.7
1157230 1963.7
1157240 1971.2
1157250 1976.6
1157260 1976.6
1157270 1982.3
1157280 1989.8
1157290 1989.8
1157300 1997.8
1157310 2006.8
1157320 2006.8
1157330 2016.6
1157340 2027.6
1157350 2039.3
1157360 2037.6
1157370 2042.8
1157380 2049.6
1157390 2049.6
1157400 2059.1
1157410 2073.4
1157420 2073.4
1157430 2083.7
1157440 2092.1
1157450 2092.1
1157460 2099.7
1157470 2108.0
1157480 2108.0
1157490 2116.2
1157500 2123.9
1157510 2123.9
1157520 2131.1
1157530 2137.8
1157540 2137.8
1157550 2144.8
1157560 2152.2
1157570 2152.2
1157580 2160.1
1157590 2168.2
1157600 2175.9
1157610 2175.9
1157620 2183.1
1157630 2190.0
1157640 2190.0
1157650 2196.4
1157660 2202.9
1157670 2202.9
1157680 2209.6
1157690 2216.1
1157700 2216.1
1157710 2220.7
1157720 2222.9
1157730 2222.9
1157740 2224.5
1157750 2225.5
1157760 2225.5
1157770 2220.4
1157780 2217.4
1157790 2217.4
1157800 2214.5
1157810 2208.6
1157820 2208.6
1157830 2201.6
1157840 2196.2
1157850 2189.2
1157860 2189.2
1157870 2179.7
1157880 2172.2
1157890 2172.2
1157900 2165.4
1157910 2160.8
1157920 2160.8
1157930 2158.0
1157940 2153.1
1157950 2153.1
1157960 2149.5
1157970 2145.1
1157980 2145.1
1157990 2140.8
1158000 2135.1
1158010 2135.1
1158020 2129.3
1158030 2127.0
1158040 2127.0
1158050 2125.5
1158060 2117.1
1158070 2117.1
1158080 2108.2
1158090 2102.8
1158100 2098.0
1158110 2098.0
1158120 2091.4
1158130 2089.0
1158140 2101.1
1158150 2104.9
1158160 2098.7
1158170 2098.7
1158180 2086.3
1158190 2072.8
1158200 2072.8
1158210 2050.6
1158220 2034.8
1158230 2034.8
1158240 2032.3
1158250 2029.6
1158260 2029.6
1158270 2015.0
1158280 1994.5
1158290 1994.5
1158300 1969.2
1158310 1938.5
1158320 1938.5
1158330 1929.0
1158340 1922.0
1158350 1915.5
1158360 1915.5
1158370 1909.3
1158380 1901.6
1158390 1901.6
1158400 1893.4
1158410 1884.0
1158420 1884.0
1158430 1874.0
1158440 1865.6
1158450 1865.6
1158460 1856.0
1158470 1847.0
1158480 1847.0
1158490 1839.0
1158500 1832.1
1158510 1832.1
1158520 1825.5
1158530 1819.6
1158540 1819.6
1158550 1812.8
1158560 1806.2
1158570 1806.2
1158580 1799.6
1158590 1792.8
1158600 1792.8
1158610 1785.9
1158620 1779.8
1158630 1773.4
1158640 1773.4
1158650 1767.2
1158660 1761.1
1158670 1761.1
1158680 1754.9
1158690 1748.6
1158700 1748.6
1158710 1742.4
1158720 1736.5
1158730 1736.5
1158740 1730.8
1158750 1725.1
1158760 1725.1
1158770 1719.6
1158780 1714.4
1158790 1714.4
1158800 1709.5
1158810 1705.1
1158820 1705.1
1158830 1701.1
1158840 1697.4
1158850 1697.4
1158860 1694.1
1158870 1690.7
1158880 1686.9
1158890 1686.9
1158900 1683.5
1158910 1680.1
1158920 1679.1
1158930 1675.7
1158940 1672.6
1158950 1672.6
1158960 1669.7
1158970 1666.9
1158980 1666.9
1158990 1663.6
1159000 1658.3
1159010 1658.3
1159020 1651.8
1159030 1644.3
1159040 1644.3
1159050 1636.4
1159060 1628.9
1159070 1628.9
1159080 1623.8
1159090 1622.7
1159100 1622.7
1159110 1622.3
1159120 1624.1
1159130 1626.9
1159140 1626.9
1159150 1627.6
1159160 1628.8
1159170 1628.8
1159180 1629.6
1159190 1629.7
1159200 1629.7
1159210 1630.9
1159220 1636.1
1159230 1636.1
1159240 1641.0
1159250 1643.9
1159260 1643.9
1159270 1646.9
1159280 1649.7
1159290 1649.7
1159300 1652.1
1159310 1656.5
1159320 1656.5
1159330 1659.4
1159340 1662.4
1159350 1662.4
1159360 1666.5
1159370 1669.3
1159380 1671.1
1159390 1671.1
1159400 1676.3
1159410 1681.7
1159420 1681.7
1159430 1687.7
1159440 1694.1
1159450 1694.1
1159460 1700.6
1159470 1707.1
1159480 1707.1
1159490 1712.7
1159500 1717.3
1159510 1717.3
1159520 1722.1
1159530 1727.2
1159540 1727.2
1159550 1732.5
1159560 1738.2
1159570 1738.2
1159580 1744.2
1159590 1750.6
1159600 1750.6
1159610 1756.9
1159620 1763.2
1159630 1768.7
1159640 1768.7
1159650 1772.8
1159660 1778.7
1159670 1778.7
1159680 1787.1
1159690 1795.7
1159700 1797.1
1159710 1806.2
1159720 1814.1
1159730 1814.1
1159740 1821.1
1159750 1827.9
1159760 1827.9
1159770 1834.1
1159780 1840.1
1159790 1840.1
1159800 1845.7
1159810 1851.5
1159820 1851.5
1159830 1857.5
1159840 1863.6
1159850 1863.6
1159860 1869.7
1159870 1875.9
1159880 1882.1
1159890 1882.1
1159900 1888.1
1159910 1894.2
1159920 1894.2
1159930 1899.8
1159940 1905.5
1159950 1905.5
1159960 1911.5
1159970 1917.9
1159980 1917.9
1159990 1924.0
