1140000 1872.1
1140010 1872.1
1140020 1870.4
1140030 1866.2
1140040 1866.2
1140050 1858.9
1140060 1849.4
1140070 1849.4
1140080 1841.9
1140090 1836.8
1140100 1836.8
1140110 1830.5
1140120 1822.1
1140130 1811.6
1140140 1811.6
1140150 1802.8
1140160 1793.5
1140170 1793.5
1140180 1785.1
1140190 1777.5
1140200 1777.5
1140210 1771.4
1140220 1765.0
1140230 1765.0
1140240 1756.7
1140250 1750.9
1140260 1750.9
1140270 1745.0
1140280 1737.6
1140290 1737.6
1140300 1730.1
1140310 1723.3
1140320 1723.3
1140330 1717.1
1140340 1710.6
1140350 1710.6
1140360 1704.6
1140370 1699.2
1140380 1693.7
1140390 1693.7
1140400 1688.3
1140410 1682.2
1140420 1682.2
1140430 1673.7
1140440 1660.9
1140450 1660.9
1140460 1647.8
1140470 1639.1
1140480 1639.1
1140490 1632.3
1140500 1625.5
1140510 1625.5
1140520 1618.8
1140530 1611.6
1140540 1611.6
1140550 1603.9
1140560 1596.1
1140570 1596.1
1140580 1587.7
1140590 1570.5
1140600 1570.5
1140610 1555.2
1140620 1540.6
1140630 1536.6
1140640 1536.6
1140650 1531.4
1140660 1525.2
1140670 1525.2
1140680 1519.2
1140690 1514.8
1140700 1514.8
1140710 1510.6
1140720 1508.6
1140730 1508.6
1140740 1511.9
1140750 1518.2
1140760 1518.2
1140770 1525.6
1140780 1531.8
1140790 1531.8
1140800 1537.6
1140810 1539.1
1140820 1539.1
1140830 1546.7
1140840 1554.0
1140850 1554.0
1140860 1561.3
1140870 1568.2
1140880 1576.3
1140890 1576.3
1140900 1582.2
1140910 1589.4
1140920 1589.4
1140930 1596.0
1140940 1602.4
1140950 1602.4
1140960 1608.9
1140970 1615.4
1140980 1615.4
1140990 1621.4
1141000 1628.2
1141010 1628.2
1141020 1635.2
1141030 1641.3
1141040 1641.3
1141050 1646.6
1141060 1651.2
1141070 1651.2
1141080 1655.8
1141090 1659.1
1141100 1659.1
1141110 1660.2
1141120 1662.9
1141130 1667.9
1141140 1667.9
1141150 1674.2
1141160 1679.8
1141170 1679.8
1141180 1685.7
1141190 1692.3
1141200 1692.3
1141210 1698.9
1141220 1708.5
1141230 1706.9
1141240 1718.4
1141250 1726.4
1141260 1726.4
1141270 1734.3
1141280 1742.2
1141290 1742.2
1141300 1748.6
1141310 1754.4
1141320 1754.4
1141330 1760.4
1141340 1767.1
1141350 1767.1
1141360 1778.1
1141370 1797.4
1141380 1797.4
1141390 1805.6
1141400 1809.3
1141410 1812.7
1141420 1812.7
1141430 1815.2
1141440 1816.7
1141450 1816.7
1141460 1818.4
1141470 1820.1
1141480 1820.1
1141490 1824.2
1141500 1828.6
1141510 1828.6
1141520 1832.5
1141530 1834.3
1141540 1834.3
1141550 1836.1
1141560 1839.0
1141570 1839.0
1141580 1842.1
1141590 1846.1
1141600 1846.1
1141610 1843.9
1141620 1848.7
1141630 1848.7
1141640 1853.3
1141650 1856.2
1141660 1857.8
1141670 1857.8
1141680 1858.7
1141690 1861.1
1141700 1861.1
1141710 1868.9
1141720 1874.3
1141730 1874.3
1141740 1878.9
1141750 1886.8
1141760 1886.8
1141770 1898.5
1141780 1908.4
1141790 1908.4
1141800 1914.0
1141810 1918.0
1141820 1918.0
1141830 1921.8
1141840 1927.0
1141850 1927.0
1141860 1932.9
1141870 1938.5
1141880 1938.5
1141890 1943.2
1141900 1946.7
1141910 1951.0
1141920 1951.0
1141930 1957.1
1141940 1965.4
1141950 1965.4
1141960 1972.9
1141970 1980.1
1141980 1986.2
1141990 1991.9
1142000 1997.7
1142010 1997.7
1142020 2004.3
1142030 2011.3
1142040 2011.3
1142050 2017.9
1142060 2024.0
1142070 2024.0
1142080 2030.1
1142090 2035.5
1142100 2035.5
1142110 2040.4
1142120 2045.5
1142130 2045.5
1142140 2051.4
1142150 2057.4
1142160 2063.6
1142170 2063.6
1142180 2069.9
1142190 2076.4
1142200 2076.4
1142210 2083.2
1142220 2089.7
1142230 2089.7
1142240 2095.1
1142250 2101.4
1142260 2101.4
1142270 2107.6
1142280 2114.6
1142290 2114.6
1142300 2121.8
1142310 2128.2
1142320 2128.2
1142330 2134.9
1142340 2141.4
1142350 2142.2
1142360 2149.0
1142370 2156.1
1142380 2156.1
1142390 2163.3
1142400 2170.0
1142410 2176.6
1142420 2176.6
1142430 2183.6
1142440 2190.9
1142450 2190.9
1142460 2198.1
1142470 2205.4
1142480 2205.4
1142490 2211.5
1142500 2216.9
1142510 2216.9
1142520 2220.9
1142530 2224.3
1142540 2224.3
1142550 2228.4
1142560 2232.5
1142570 2232.5
1142580 2235.6
1142590 2238.1
1142600 2238.1
1142610 2240.8
1142620 2241.9
1142630 2241.9
1142640 2241.5
1142650 2241.0
1142660 2241.0
1142670 2245.8
1142680 2252.6
1142690 2259.7
1142700 2259.7
1142710 2265.1
1142720 2280.5
1142730 2280.5
1142740 2282.5
1142750 2285.6
1142760 2285.6
1142770 2292.0
1142780 2301.5
1142790 2301.5
1142800 2309.6
1142810 2320.3
1142820 2320.3
1142830 2330.5
1142840 2337.8
1142850 2337.8
1142860 2341.4
1142870 2345.7
1142880 2345.7
1142890 2353.2
1142900 2365.2
1142910 2365.2
1142920 2374.5
1142930 2376.4
1142940 2367.6
1142950 2367.6
1142960 2375.4
1142970 2388.5
1142980 2388.5
1142990 2402.3
1143000 2411.1
1143010 2411.1
1143020 2414.2
1143030 2417.4
1143040 2417.4
1143050 2418.9
1143060 2415.1
1143070 2415.1
1143080 2406.1
1143090 2394.8
1143100 2394.8
1143110 2385.2
1143120 2375.9
1143130 2375.9
1143140 2366.4
1143150 2353.3
1143160 2353.3
1143170 2341.3
1143180 2331.6
1143190 2324.4
1143200 2324.4
1143210 2317.8
1143220 2311.4
1143230 2311.4
1143240 2305.0
1143250 2298.7
1143260 2298.7
1143270 2292.3
1143280 2285.9
1143290 2285.9
1143300 2279.8
1143310 2273.6
1143320 2273.6
1143330 2267.6
1143340 2261.6
1143350 2261.6
1143360 2255.5
1143370 2248.9
1143380 2248.9
1143390 2242.1
1143400 2236.0
1143410 2236.0
1143420 2229.9
1143430 2223.8
1143440 2216.3
1143450 2216.3
1143460 2207.2
1143470 2202.9
1143480 2202.9
1143490 2195.8
1143500 2189.3
1143510 2189.3
1143520 2183.3
1143530 2177.0
1143540 2177.0
1143550 2171.7
1143560 2168.6
1143570 2168.6
1143580 2164.6
1143590 2159.2
1143600 2159.2
1143610 2152.5
1143620 2146.5
1143630 2146.5
1143640 2140.8
1143650 2134.6
1143660 2134.6
1143670 2128.1
1143680 2122.5
1143690 2117.7
1143700 2117.7
1143710 2112.9
1143720 2108.1
1143730 2108.1
1143740 2102.8
1143750 2097.9
1143760 2097.9
1143770 2090.7
1143780 2083.4
1143790 2083.4
1143800 2076.7
1143810 2070.1
1143820 2070.1
1143830 2063.8
1143840 2059.3
1143850 2059.3
1143860 2052.7
1143870 2045.7
1143880 2045.7
1143890 2039.1
1143900 2033.4
1143910 2033.4
1143920 2028.8
1143930 2024.5
1143940 2024.5
1143950 2019.7
1143960 2014.4
1143970 2008.5
1143980 2008.5
1143990 2002.8
1144000 1997.6
1144010 1997.6
1144020 1992.7
1144030 1987.3
1144040 1987.3
1144050 1981.3
1144060 1975.8
1144070 1975.8
1144080 1971.1
1144090 1967.2
1144100 1967.2
1144110 1962.8
1144120 1958.0
1144130 1958.0
1144140 1953.0
1144150 1951.5
1144160 1951.5
1144170 1952.3
1144180 1955.0
1144190 1955.0
1144200 1953.1
1144210 1939.3
1144220 1929.1
1144230 1929.1
1144240 1916.4
1144250 1907.1
1144260 1907.1
1144270 1900.5
1144280 1894.0
1144290 1894.0
1144300 1886.3
1144310 1879.2
1144320 1879.2
1144330 1869.9
1144340 1857.6
1144350 1857.6
1144360 1852.3
1144370 1850.0
1144380 1850.0
1144390 1845.9
1144400 1839.6
1144410 1839.6
1144420 1836.6
1144430 1834.9
1144440 1834.9
1144450 1831.2
1144460 1829.7
1144470 1826.7
1144480 1826.7
1144490 1823.9
1144500 1820.9
1144510 1820.9
1144520 1818.3
1144530 1814.3
1144540 1814.3
1144550 1809.6
1144560 1806.8
1144570 1806.8
1144580 1804.0
1144590 1806.1
1144600 1806.1
1144610 1802.3
1144620 1796.5
1144630 1796.5
1144640 1786.4
1144650 1776.2
1144660 1776.2
1144670 1767.3
1144680 1759.5
1144690 1759.5
1144700 1753.5
1144710 1747.5
1144720 1739.9
1144730 1739.9
1144740 1732.8
1144750 1725.8
1144760 1725.8
1144770 1718.9
1144780 1712.8
1144790 1712.8
1144800 1706.9
1144810 1699.5
1144820 1699.5
1144830 1683.8
1144840 1670.8
1144850 1670.8
1144860 1663.4
1144870 1658.4
1144880 1658.4
1144890 1657.9
1144900 1659.5
1144910 1659.5
1144920 1658.4
1144930 1654.8
1144940 1654.8
1144950 1646.7
1144960 1647.8
1144970 1642.1
1144980 1642.1
1144990 1637.6
1145000 1630.5
1145010 1630.5
1145020 1627.2
1145030 1628.0
1145040 1628.0
1145050 1629.7
1145060 1629.1
1145070 1629.1
1145080 1627.7
1145090 1623.0
1145100 1623.0
1145110 1615.9
1145120 1608.0
1145130 1608.0
1145140 1599.3
1145150 1590.7
1145160 1590.7
1145170 1582.7
1145180 1573.6
1145190 1573.6
1145200 1565.8
1145210 1559.4
1145220 1559.4
1145230 1553.5
1145240 1547.6
1145250 1542.0
1145260 1542.0
1145270 1536.1
1145280 1530.7
1145290 1530.7
1145300 1525.8
1145310 1521.4
1145320 1521.4
1145330 1517.5
1145340 1511.4
1145350 1511.4
1145360 1507.1
1145370 1503.0
1145380 1503.0
1145390 1499.1
1145400 1494.3
1145410 1494.3
1145420 1488.8
1145430 1483.1
1145440 1483.1
1145450 1476.9
1145460 1471.1
1145470 1471.1
1145480 1465.7
1145490 1461.1
1145500 1457.7
1145510 1457.7
1145520 1455.0
1145530 1452.2
1145540 1452.2
1145550 1449.6
1145560 1447.9
1145570 1447.9
1145580 1446.3
1145590 1443.8
1145600 1443.8
1145610 1440.8
1145620 1437.0
1145630 1437.0
1145640 1431.8
1145650 1426.3
1145660 1426.3
1145670 1421.3
1145680 1415.5
1145690 1415.5
1145700 1409.5
1145710 1406.0
1145720 1406.0
1145730 1400.2
1145740 1394.5
1145750 1388.5
1145760 1388.5
1145770 1382.2
1145780 1376.6
1145790 1376.6
1145800 1370.9
1145810 1364.4
1145820 1364.4
1145830 1357.7
1145840 1350.8
1145850 1350.8
1145860 1343.0
1145870 1334.9
1145880 1334.9
1145890 1324.6
1145900 1309.2
1145910 1309.2
1145920 1289.0
1145930 1282.9
1145940 1282.9
1145950 1291.5
1145960 1302.7
1145970 1302.7
1145980 1315.1
1145990 1320.7
1146000 1326.8
1146010 1326.8
1146020 1336.7
1146030 1344.4
1146040 1344.4
1146050 1349.6
1146060 1353.4
1146070 1353.4
1146080 1357.6
1146090 1362.3
1146100 1362.3
1146110 1366.6
1146120 1371.4
1146130 1371.4
1146140 1377.3
1146150 1383.7
1146160 1383.7
1146170 1390.0
1146180 1396.4
1146190 1396.4
1146200 1403.0
1146210 1409.9
1146220 1409.9
1146230 1417.3
1146240 1423.9
1146250 1429.3
1146260 1429.3
1146270 1432.9
1146280 1435.0
1146290 1435.0
1146300 1437.3
1146310 1439.9
1146320 1439.9
1146330 1442.2
1146340 1444.4
1146350 1444.4
1146360 1446.4
1146370 1448.4
1146380 1448.4
1146390 1450.5
1146400 1452.9
1146410 1452.9
1146420 1454.9
1146430 1458.3
1146440 1458.3
1146450 1460.7
1146460 1461.6
1146470 1461.6
1146480 1462.7
1146490 1463.1
1146500 1463.1
1146510 1464.1
1146520 1466.4
1146530 1469.2
1146540 1469.2
1146550 1472.1
1146560 1475.3
1146570 1475.3
1146580 1479.7
1146590 1485.6
1146600 1485.6
1146610 1491.9
1146620 1495.7
1146630 1495.7
1146640 1501.2
1146650 1506.6
1146660 1506.6
1146670 1511.6
1146680 1515.9
1146690 1515.9
1146700 1519.1
1146710 1522.6
1146720 1522.6
1146730 1526.4
1146740 1528.2
1146750 1528.2
1146760 1527.2
1146770 1526.9
1146780 1528.9
1146790 1528.9
1146800 1532.2
1146810 1535.5
1146820 1535.5
1146830 1538.7
1146840 1544.4
1146850 1544.4
1146860 1548.5
1146870 1552.0
1146880 1552.0
1146890 1555.3
1146900 1557.9
1146910 1557.9
1146920 1560.3
1146930 1563.4
1146940 1563.4
1146950 1566.4
1146960 1570.8
1146970 1570.8
1146980 1576.1
1146990 1580.0
1147000 1580.0
1147010 1583.4
1147020 1587.4
1147030 1591.2
1147040 1591.2
1147050 1595.0
1147060 1599.6
1147070 1599.6
1147080 1604.9
1147090 1610.6
1147100 1610.6
1147110 1615.4
1147120 1620.8
1147130 1620.8
1147140 1626.3
1147150 1632.5
1147160 1632.5
1147170 1638.7
1147180 1644.9
1147190 1644.9
1147200 1649.6
1147210 1654.1
1147220 1654.1
1147230 1657.8
1147240 1661.4
1147250 1661.4
1147260 1664.6
1147270 1668.3
1147280 1672.4
1147290 1672.4
1147300 1676.7
1147310 1681.8
1147320 1681.8
1147330 1687.6
1147340 1694.4
1147350 1694.4
1147360 1702.7
1147370 1710.0
1147380 1710.0
1147390 1714.9
1147400 1719.7
1147410 1719.7
1147420 1724.5
1147430 1729.9
1147440 1729.9
1147450 1735.6
1147460 1742.4
1147470 1742.4
1147480 1751.7
1147490 1759.1
1147500 1759.1
1147510 1765.9
1147520 1773.0
1147530 1780.1
1147540 1780.1
1147550 1787.6
1147560 1795.1
1147570 1795.1
1147580 1802.0
1147590 1809.9
1147600 1809.9
1147610 1818.2
1147620 1825.9
1147630 1825.9
1147640 1831.7
1147650 1836.9
1147660 1836.9
1147670 1843.1
1147680 1849.7
1147690 1849.7
1147700 1855.9
1147710 1862.6
1147720 1862.6
1147730 1870.1
1147740 1877.4
1147750 1877.4
1147760 1884.5
1147770 1891.4
1147780 1891.4
1147790 1898.1
1147800 1904.3
1147810 1911.1
1147820 1911.1
1147830 1914.1
1147840 1918.2
1147850 1918.2
1147860 1923.5
1147870 1929.3
1147880 1929.3
1147890 1935.7
1147900 1941.7
1147910 1941.7
1147920 1945.6
1147930 1948.0
1147940 1948.0
1147950 1952.0
1147960 1958.2
1147970 1964.0
1147980 1967.9
1147990 1971.2
1148000 1971.2
1148010 1977.1
1148020 1983.7
1148030 1983.7
1148040 1989.9
1148050 1994.2
1148060 1995.7
1148070 1995.7
1148080 1998.8
1148090 2002.7
1148100 2002.7
1148110 2006.0
1148120 2009.5
1148130 2009.5
1148140 2013.4
1148150 2017.8
1148160 2017.8
1148170 2021.4
1148180 2022.9
1148190 2022.9
1148200 2025.0
1148210 2028.4
1148220 2028.4
1148230 2032.0
1148240 2035.2
1148250 2035.2
1148260 2038.6
1148270 2042.2
1148280 2042.2
1148290 2045.4
1148300 2047.4
1148310 2049.6
1148320 2049.6
1148330 2052.8
1148340 2056.6
1148350 2058.9
1148360 2061.7
1148370 2065.2
1148380 2065.2
1148390 2068.7
1148400 2070.5
1148410 2070.5
1148420 2070.4
1148430 2069.9
1148440 2069.9
1148450 2069.5
1148460 2070.5
1148470 2070.5
1148480 2072.6
1148490 2073.8
1148500 2073.8
1148510 2073.4
1148520 2072.3
1148530 2072.3
1148540 2071.6
1148550 2070.0
1148560 2068.7
1148570 2068.7
1148580 2068.4
1148590 2068.9
1148600 2068.9
1148610 2069.7
1148620 2070.8
1148630 2070.8
1148640 2071.8
1148650 2072.9
1148660 2072.9
1148670 2072.6
1148680 2070.0
1148690 2070.0
1148700 2066.8
1148710 2066.3
1148720 2066.3
1148730 2059.2
1148740 2058.4
1148750 2058.4
1148760 2057.9
1148770 2056.4
1148780 2056.4
1148790 2054.7
1148800 2054.5
1148810 2054.5
1148820 2054.5
1148830 2053.8
1148840 2054.2
1148850 2054.2
1148860 2054.8
1148870 2054.9
1148880 2054.9
1148890 2054.9
1148900 2054.6
1148910 2054.6
1148920 2054.5
1148930 2055.4
1148940 2055.4
1148950 2057.1
1148960 2058.5
1148970 2058.5
1148980 2059.3
1148990 2058.8
1149000 2058.8
1149010 2058.5
1149020 2059.9
1149030 2059.9
1149040 2062.1
1149050 2063.2
1149060 2063.2
1149070 2062.9
1149080 2063.3
1149090 2065.1
1149100 2065.1
1149110 2062.3
1149120 2065.0
1149130 2065.0
1149140 2066.4
1149150 2067.9
1149160 2067.9
1149170 2070.1
1149180 2072.6
1149190 2072.6
1149200 2079.6
1149210 2084.3
1149220 2084.3
1149230 2087.2
1149240 2093.0
1149250 2093.0
1149260 2098.6
1149270 2100.6
1149280 2100.6
1149290 2101.9
1149300 2104.6
1149310 2104.6
1149320 2107.7
1149330 2110.9
1149340 2115.9
1149350 2115.9
1149360 2120.6
1149370 2124.1
1149380 2124.1
1149390 2127.3
1149400 2131.5
1149410 2131.5
1149420 2136.5
1149430 2141.4
1149440 2141.4
1149450 2146.9
1149460 2151.6
1149470 2151.6
1149480 2153.0
1149490 2156.3
1149500 2156.3
1149510 2160.2
1149520 2164.5
1149530 2164.5
1149540 2168.6
1149550 2171.3
1149560 2171.3
1149570 2173.1
1149580 2175.3
1149590 2179.4
1149600 2179.4
1149610 2182.7
1149620 2185.6
1149630 2185.6
1149640 2188.2
1149650 2190.6
1149660 2190.6
1149670 2192.9
1149680 2196.8
1149690 2196.8
1149700 2200.8
1149710 2205.0
1149720 2205.0
1149730 2209.2
1149740 2212.7
1149750 2212.7
1149760 2215.2
1149770 2217.7
1149780 2217.7
1149790 2220.6
1149800 2223.8
1149810 2223.8
1149820 2226.9
1149830 2230.0
1149840 2233.3
1149850 2233.3
1149860 2233.9
1149870 2236.6
1149880 2236.6
1149890 2239.9
1149900 2244.1
1149910 2244.1
1149920 2249.4
1149930 2255.4
1149940 2255.4
1149950 2260.8
1149960 2264.5
1149970 2264.5
1149980 2267.4
1149990 2271.4
1150000 2271.4
1150010 2276.1
1150020 2280.3
1150030 2280.3
1150040 2282.8
1150050 2284.6
1150060 2284.6
1150070 2286.7
1150080 2289.6
1150090 2292.8
1150100 2292.8
1150110 2296.5
1150120 2300.8
1150130 2300.8
1150140 2305.2
1150150 2309.9
1150160 2309.9
1150170 2314.8
1150180 2319.9
1150190 2319.9
1150200 2325.0
1150210 2330.1
1150220 2330.1
1150230 2335.5
1150240 2341.1
1150250 2341.1
1150260 2347.8
1150270 2355.1
1150280 2355.1
1150290 2362.7
1150300 2370.9
1150310 2370.9
1150320 2379.6
1150330 2388.7
1150340 2397.7
1150350 2397.7
1150360 2406.3
1150370 2415.7
1150380 2415.7
1150390 2426.1
1150400 2435.0
1150410 2435.0
1150420 2441.8
1150430 2442.6
1150440 2442.6
1150450 2437.8
1150460 2429.4
1150470 2429.4
1150480 2419.2
1150490 2410.2
1150500 2410.2
1150510 2401.2
1150520 2392.9
1150530 2392.9
1150540 2384.6
1150550 2375.7
1150560 2375.7
1150570 2368.7
1150580 2362.9
1150590 2362.9
1150600 2355.3
1150610 2348.4
1150620 2345.2
1150630 2345.2
1150640 2329.0
1150650 2316.2
1150660 2316.2
1150670 2306.6
1150680 2286.2
1150690 2286.2
1150700 2272.9
1150710 2263.7
1150720 2263.7
1150730 2250.6
1150740 2242.0
1150750 2242.0
1150760 2240.4
1150770 2229.4
1150780 2229.4
1150790 2220.5
1150800 2209.0
1150810 2209.0
1150820 2197.4
1150830 2194.2
1150840 2194.2
1150850 2194.6
1150860 2186.2
1150870 2173.8
1150880 2173.8
1150890 2162.7
1150900 2151.5
1150910 2151.5
1150920 2140.7
1150930 2133.4
1150940 2133.4
1150950 2125.4
1150960 2116.9
1150970 2116.9
1150980 2108.5
1150990 2100.3
1151000 2100.3
1151010 2095.3
1151020 2091.2
1151030 2091.2
1151040 2089.0
1151050 2086.2
1151060 2086.2
1151070 2082.1
1151080 2077.4
1151090 2077.4
1151100 2072.6
1151110 2067.6
1151120 2063.1
1151130 2063.1
1151140 2058.6
1151150 2053.7
1151160 2053.7
1151170 2048.3
1151180 2042.4
1151190 2042.4
1151200 2035.0
1151210 2024.9
1151220 2024.9
1151230 2015.5
1151240 2006.8
1151250 2006.8
1151260 1997.6
1151270 1987.4
1151280 1987.4
1151290 1978.0
1151300 1972.8
1151310 1972.8
1151320 1966.6
1151330 1956.9
1151340 1956.9
1151350 1952.8
1151360 1950.3
1151370 1943.3
1151380 1943.3
1151390 1942.1
1151400 1928.4
1151410 1928.4
1151420 1919.5
1151430 1918.9
1151440 1918.9
1151450 1923.0
1151460 1930.8
1151470 1930.8
1151480 1940.2
1151490 1948.8
1151500 1948.8
1151510 1954.0
1151520 1958.6
1151530 1958.6
1151540 1964.8
1151550 1971.1
1151560 1971.1
1151570 1976.1
1151580 1980.6
1151590 1980.6
1151600 1983.9
1151610 1986.7
1151620 1991.7
1151630 1991.7
1151640 1996.8
1151650 1999.7
1151660 1999.7
1151670 2000.4
1151680 2001.3
1151690 2001.3
1151700 2002.4
1151710 1993.0
1151720 1993.0
1151730 1989.4
1151740 2000.0
1151750 2000.0
1151760 2007.4
1151770 2032.4
1151780 2032.4
1151790 2029.9
1151800 2019.9
1151810 2019.9
1151820 2000.9
1151830 1990.6
1151840 1990.6
1151850 1989.1
1151860 1990.4
1151870 1990.4
1151880 1992.1
1151890 1993.1
1151900 1992.1
1151910 1992.1
1151920 1986.5
1151930 1978.6
1151940 1978.6
1151950 1971.2
1151960 1964.4
1151970 1964.4
1151980 1952.3
1151990 1932.6
1152000 1932.6
1152010 1919.6
1152020 1910.2
1152030 1910.2
1152040 1901.2
1152050 1892.4
1152060 1892.4
1152070 1883.0
1152080 1872.5
1152090 1872.5
1152100 1861.7
1152110 1854.8
1152120 1854.8
1152130 1846.4
1152140 1835.0
1152150 1821.5
1152160 1821.5
1152170 1806.5
1152180 1794.6
1152190 1794.6
1152200 1783.3
1152210 1773.4
1152220 1773.4
1152230 1763.2
1152240 1752.3
1152250 1752.3
1152260 1740.7
1152270 1729.5
1152280 1729.5
1152290 1721.4
1152300 1716.3
1152310 1716.3
1152320 1712.4
1152330 1708.4
1152340 1708.4
1152350 1703.7
1152360 1699.1
1152370 1699.1
1152380 1694.6
1152390 1689.8
1152400 1684.7
1152410 1684.7
1152420 1678.7
1152430 1672.4
1152440 1672.4
1152450 1668.1
1152460 1666.6
1152470 1666.6
1152480 1663.9
1152490 1662.1
1152500 1662.1
1152510 1663.8
1152520 1664.1
1152530 1666.4
1152540 1666.7
1152550 1665.0
1152560 1665.0
1152570 1663.6
1152580 1667.1
1152590 1667.1
1152600 1669.8
1152610 1670.4
1152620 1670.4
1152630 1671.0
1152640 1671.9
1152650 1673.3
1152660 1673.3
1152670 1674.0
1152680 1676.1
1152690 1676.1
1152700 1675.4
1152710 1676.4
1152720 1676.4
1152730 1676.6
1152740 1676.5
1152750 1676.5
1152760 1679.9
1152770 1684.9
1152780 1684.9
1152790 1690.5
1152800 1696.2
1152810 1696.2
1152820 1700.2
1152830 1702.7
1152840 1702.7
1152850 1706.4
1152860 1710.1
1152870 1710.1
1152880 1713.3
1152890 1719.4
1152900 1728.4
1152910 1728.4
1152920 1748.9
1152930 1759.1
1152940 1759.1
1152950 1766.5
1152960 1773.3
1152970 1773.3
1152980 1781.0
1152990 1789.5
1153000 1789.5
1153010 1798.5
1153020 1812.9
1153030 1812.9
1153040 1826.0
1153050 1834.6
1153060 1834.6
1153070 1842.4
1153080 1850.5
1153090 1850.5
1153100 1859.3
1153110 1867.9
1153120 1867.9
1153130 1875.7
1153140 1882.3
1153150 1888.1
1153160 1888.1
1153170 1892.1
1153180 1894.8
1153190 1894.8
1153200 1897.8
1153210 1901.6
1153220 1901.6
1153230 1907.0
1153240 1913.3
1153250 1913.3
1153260 1919.6
1153270 1926.2
1153280 1926.2
1153290 1932.5
1153300 1952.7
1153310 1952.7
1153320 1962.9
1153330 1970.2
1153340 1970.2
1153350 1979.1
1153360 1986.1
1153370 1986.1
1153380 1992.5
1153390 1998.8
1153400 1998.8
1153410 2005.4
1153420 2013.0
1153430 2020.4
1153440 2020.4
1153450 2027.2
1153460 2033.6
1153470 2033.6
1153480 2039.2
1153490 2044.7
1153500 2044.7
1153510 2050.0
1153520 2055.3
1153530 2055.3
1153540 2060.2
1153550 2068.2
1153560 2068.2
1153570 2076.5
1153580 2084.2
1153590 2084.2
1153600 2092.1
1153610 2100.4
1153620 2100.4
1153630 2108.7
1153640 2116.6
1153650 2116.6
1153660 2124.1
1153670 2131.5
1153680 2138.1
1153690 2145.0
1153700 2152.8
1153710 2159.2
1153720 2159.2
1153730 2165.4
1153740 2172.7
1153750 2172.7
1153760 2181.1
1153770 2189.0
1153780 2189.0
1153790 2196.9
1153800 2204.2
1153810 2204.2
1153820 2211.7
1153830 2219.1
1153840 2219.1
1153850 2225.4
1153860 2234.0
1153870 2234.0
1153880 2242.5
1153890 2251.1
1153900 2251.1
1153910 2258.3
1153920 2266.5
1153930 2274.2
1153940 2274.2
1153950 2281.4
1153960 2288.3
1153970 2288.3
1153980 2296.1
1153990 2304.2
1154000 2304.2
1154010 2311.1
1154020 2318.1
1154030 2318.1
1154040 2325.3
1154050 2333.2
1154060 2333.2
1154070 2346.6
1154080 2353.7
1154090 2353.7
1154100 2361.0
1154110 2367.0
1154120 2367.0
1154130 2371.2
1154140 2373.6
1154150 2373.6
1154160 2372.8
1154170 2371.4
1154180 2371.6
1154190 2371.6
1154200 2372.9
1154210 2374.8
1154220 2374.8
1154230 2376.4
1154240 2379.9
1154250 2379.9
1154260 2384.4
1154270 2390.2
1154280 2390.2
1154290 2396.1
1154300 2402.2
1154310 2402.2
1154320 2407.1
1154330 2409.1
1154340 2409.1
1154350 2410.4
1154360 2414.0
1154370 2414.0
1154380 2421.2
1154390 2433.3
1154400 2433.3
1154410 2444.2
1154420 2452.8
1154430 2462.7
1154440 2462.7
1154450 2474.7
1154460 2492.3
1154470 2492.3
1154480 2502.7
1154490 2511.9
1154500 2511.9
1154510 2520.5
1154520 2528.8
1154530 2528.8
1154540 2537.5
1154550 2545.9
1154560 2545.9
1154570 2554.3
1154580 2562.9
1154590 2562.9
1154600 2570.7
1154610 2577.0
1154620 2577.0
1154630 2570.7
1154640 2540.9
1154650 2540.9
1154660 2513.3
1154670 2474.8
1154680 2474.8
1154690 2439.9
1154700 2418.8
1154710 2403.6
1154720 2403.6
1154730 2376.4
1154740 2366.1
1154750 2366.1
1154760 2359.4
1154770 2352.6
1154780 2352.6
1154790 2345.6
1154800 2339.2
1154810 2339.2
1154820 2333.6
1154830 2328.8
1154840 2323.9
1154850 2318.8
1154860 2313.8
1154870 2313.8
1154880 2309.0
1154890 2303.8
1154900 2303.8
1154910 2298.3
1154920 2292.4
1154930 2292.4
1154940 2287.0
1154950 2281.7
1154960 2276.5
1154970 2276.5
1154980 2271.1
1154990 2265.9
1155000 2265.9
1155010 2261.4
1155020 2255.9
1155030 2255.9
1155040 2249.6
1155050 2243.8
1155060 2243.8
1155070 2238.6
1155080 2234.3
1155090 2234.3
1155100 2229.4
1155110 2224.5
1155120 2224.5
1155130 2219.3
1155140 2214.1
1155150 2214.1
1155160 2209.9
1155170 2206.2
1155180 2206.2
1155190 2201.4
1155200 2194.7
1155210 2187.6
1155220 2187.6
1155230 2177.3
1155240 2174.7
1155250 2174.7
1155260 2168.4
1155270 2161.2
1155280 2161.2
1155290 2153.6
1155300 2147.6
1155310 2147.6
1155320 2141.4
1155330 2134.1
1155340 2134.1
1155350 2127.5
1155360 2122.4
1155370 2122.4
1155380 2114.8
1155390 2108.1
1155400 2108.1
1155410 2102.0
1155420 2096.3
1155430 2096.3
1155440 2090.8
1155450 2085.8
1155460 2080.8
1155470 2080.8
1155480 2075.1
1155490 2070.1
1155500 2070.1
1155510 2064.9
1155520 2058.9
1155530 2058.9
1155540 2052.7
1155550 2047.4
1155560 2047.4
1155570 2042.0
1155580 2036.3
1155590 2036.3
1155600 2030.2
1155610 2023.5
1155620 2023.5
1155630 2018.3
1155640 2013.2
1155650 2013.2
1155660 2008.4
1155670 2003.7
1155680 2003.7
1155690 1998.9
1155700 1994.4
1155710 1990.4
1155720 1990.4
1155730 1986.6
1155740 1982.9
1155750 1982.9
1155760 1979.1
1155770 1975.2
1155780 1975.2
1155790 1971.3
1155800 1967.4
1155810 1967.4
1155820 1963.8
1155830 1960.4
1155840 1960.4
1155850 1957.2
1155860 1954.0
1155870 1954.0
1155880 1950.9
1155890 1948.3
1155900 1948.3
1155910 1945.3
1155920 1941.9
1155930 1941.9
1155940 1938.7
1155950 1936.0
1155960 1933.5
1155970 1933.5
1155980 1930.7
1155990 1928.0
1156000 1929.4
1156010 1927.2
1156020 1925.2
1156030 1925.2
1156040 1923.4
1156050 1921.2
1156060 1921.2
1156070 1919.2
1156080 1917.3
1156090 1917.3
1156100 1915.6
1156110 1913.3
1156120 1913.3
1156130 1909.0
1156140 1903.7
1156150 1903.7
1156160 1899.2
1156170 1895.3
1156180 1895.3
1156190 1888.6
1156200 1881.7
1156210 1881.7
1156220 1876.1
1156230 1870.4
1156240 1865.4
1156250 1865.4
1156260 1859.1
1156270 1852.1
1156280 1852.1
1156290 1843.9
1156300 1835.9
1156310 1835.9
1156320 1829.4
1156330 1823.3
1156340 1823.3
1156350 1817.2
1156360 1811.0
1156370 1811.0
1156380 1805.3
1156390 1802.4
1156400 1802.4
1156410 1796.1
1156420 1790.5
1156430 1790.5
1156440 1785.3
1156450 1779.8
1156460 1779.8
1156470 1774.5
1156480 1769.2
1156490 1763.5
1156500 1763.5
1156510 1756.9
1156520 1750.4
1156530 1750.4
1156540 1744.3
1156550 1738.1
1156560 1738.1
1156570 1732.8
1156580 1728.5
1156590 1728.5
1156600 1724.5
1156610 1720.5
1156620 1720.5
1156630 1717.9
1156640 1715.8
1156650 1715.8
1156660 1714.4
1156670 1712.3
1156680 1712.3
1156690 1710.5
1156700 1708.6
1156710 1708.6
1156720 1706.7
1156730 1704.7
1156740 1703.0
1156750 1703.0
1156760 1701.4
1156770 1699.3
1156780 1700.9
1156790 1699.5
1156800 1697.9
1156810 1697.9
1156820 1696.4
1156830 1694.8
1156840 1694.8
1156850 1692.3
1156860 1690.1
1156870 1690.1
1156880 1691.2
1156890 1696.1
1156900 1696.1
1156910 1699.0
1156920 1701.9
1156930 1701.9
1156940 1705.1
1156950 1708.8
1156960 1708.8
1156970 1712.9
1156980 1717.1
1156990 1721.3
1157000 1721.3
1157010 1726.1
1157020 1731.8
1157030 1731.8
1157040 1737.9
1157050 1744.7
1157060 1744.7
1157070 1751.2
1157080 1757.4
1157090 1757.4
1157100 1763.7
1157110 1770.2
1157120 1770.2
1157130 1776.6
1157140 1782.2
1157150 1782.2
1157160 1791.1
1157170 1797.6
1157180 1797.6
1157190 1804.1
1157200 1813.1
1157210 1813.1
1157220 1827.9
1157230 1838.6
1157240 1846.8
1157250 1846.8
1157260 1853.8
1157270 1861.9
1157280 1861.9
1157290 1869.1
1157300 1875.6
1157310 1875.6
1157320 1883.3
1157330 1891.7
1157340 1891.7
1157350 1899.6
1157360 1907.5
1157370 1907.5
1157380 1916.2
1157390 1926.9
1157400 1926.9
1157410 1939.3
1157420 1952.2
1157430 1952.2
1157440 1963.1
1157450 1971.7
1157460 1971.7
1157470 1977.5
1157480 1981.4
1157490 1981.4
1157500 1984.3
1157510 1988.9
1157520 1993.8
1157530 1993.8
1157540 1997.8
1157550 2010.8
1157560 2010.8
1157570 2014.8
1157580 2018.2
1157590 2018.2
1157600 2020.4
1157610 2024.7
1157620 2024.7
1157630 2029.8
1157640 2034.1
1157650 2034.1
1157660 2038.2
1157670 2043.8
1157680 2043.8
1157690 2051.2
1157700 2057.7
1157710 2057.7
1157720 2064.0
1157730 2073.8
1157740 2073.8
1157750 2080.0
1157760 2084.2
1157770 2089.2
1157780 2089.2
1157790 2095.0
1157800 2100.9
1157810 2100.9
1157820 2106.3
1157830 2115.8
1157840 2115.8
1157850 2127.7
1157860 2134.5
1157870 2134.5
1157880 2145.5
1157890 2162.4
1157900 2162.4
1157910 2177.0
1157920 2192.1
1157930 2192.1
1157940 2213.8
1157950 2225.5
1157960 2225.5
1157970 2232.2
1157980 2234.7
1157990 2234.7
1158000 2231.8
1158010 2228.1
1158020 2224.2
1158030 2224.2
1158040 2220.2
1158050 2216.3
1158060 2216.3
1158070 2210.9
1158080 2205.6
1158090 2205.6
1158100 2200.4
1158110 2196.0
1158120 2196.0
1158130 2192.4
1158140 2189.0
1158150 2189.0
1158160 2184.9
1158170 2180.3
1158180 2180.3
1158190 2175.6
1158200 2172.0
1158210 2172.0
1158220 2169.2
1158230 2166.9
1158240 2166.9
1158250 2163.5
1158260 2158.0
1158270 2153.7
1158280 2153.7
1158290 2149.9
1158300 2146.4
1158310 2146.4
1158320 2143.6
1158330 2136.9
1158340 2136.9
1158350 2134.0
1158360 2130.5
1158370 2130.5
1158380 2125.6
1158390 2119.3
1158400 2119.3
1158410 2111.0
1158420 2105.3
1158430 2105.3
1158440 2100.9
1158450 2096.1
1158460 2096.1
1158470 2091.4
1158480 2086.9
1158490 2086.9
1158500 2082.4
1158510 2077.9
1158520 2074.0
1158530 2074.0
1158540 2069.7
1158550 2065.3
1158560 2065.3
1158570 2058.7
1158580 2050.8
1158590 2050.8
1158600 2042.6
1158610 2029.5
1158620 2029.5
1158630 2012.7
1158640 2001.1
1158650 2001.1
1158660 1991.8
1158670 1983.1
1158680 1983.1
1158690 1975.8
1158700 1970.1
1158710 1970.1
1158720 1959.4
1158730 1950.5
1158740 1950.5
1158750 1930.9
1158760 1918.6
1158770 1909.3
1158780 1909.3
1158790 1900.4
1158800 1892.2
1158810 1892.2
1158820 1884.0
1158830 1874.7
1158840 1874.7
1158850 1867.0
1158860 1859.2
1158870 1859.2
1158880 1850.8
1158890 1842.3
1158900 1842.3
1158910 1833.9
1158920 1824.9
1158930 1824.9
1158940 1815.9
1158950 1807.3
1158960 1807.3
1158970 1799.3
1158980 1791.8
1158990 1791.8
1159000 1784.6
1159010 1778.1
1159020 1778.1
1159030 1770.9
1159040 1763.6
1159050 1757.1
1159060 1757.1
1159070 1750.8
1159080 1746.1
1159090 1746.1
1159100 1741.4
1159110 1729.4
1159120 1729.4
1159130 1725.0
1159140 1720.3
1159150 1720.3
1159160 1714.6
1159170 1708.3
1159180 1708.3
1159190 1701.0
1159200 1694.6
1159210 1694.6
1159220 1695.3
1159230 1694.7
1159240 1694.7
1159250 1690.8
1159260 1687.7
1159270 1687.7
1159280 1687.0
1159290 1684.9
1159300 1682.1
1159310 1682.1
1159320 1677.8
1159330 1673.0
1159340 1673.0
1159350 1668.5
1159360 1664.5
1159370 1664.5
1159380 1660.6
1159390 1656.9
1159400 1656.9
1159410 1654.0
1159420 1649.8
1159430 1649.8
1159440 1645.5
1159450 1639.4
1159460 1639.4
1159470 1634.3
1159480 1626.8
1159490 1626.8
1159500 1618.8
1159510 1609.0
1159520 1609.0
1159530 1599.8
1159540 1591.5
1159550 1584.0
1159560 1584.0
1159570 1577.5
1159580 1570.9
1159590 1570.9
1159600 1564.0
1159610 1556.3
1159620 1556.3
1159630 1549.0
1159640 1542.8
1159650 1542.8
1159660 1536.9
1159670 1531.2
1159680 1531.2
1159690 1525.8
1159700 1521.0
1159710 1521.0
1159720 1517.4
1159730 1515.5
1159740 1515.5
1159750 1514.2
1159760 1509.8
1159770 1509.8
1159780 1501.0
1159790 1493.7
1159800 1493.9
1159810 1493.9
1159820 1498.3
1159830 1501.3
1159840 1501.3
1159850 1503.0
1159860 1503.9
1159870 1503.9
1159880 1504.7
1159890 1508.9
1159900 1508.9
1159910 1509.7
1159920 1510.8
1159930 1510.8
1159940 1512.6
1159950 1515.2
1159960 1515.2
1159970 1518.1
1159980 1520.9
1159990 1520.9
