1140000 1873.3
1140010 1872.1
1140020 1870.4
1140030 1866.2
1140040 1866.2
1140050 1858.9
1140060 1849.4
1140070 1849.4
1140080 1841.9
1140090 1836.8
1140100 1830.5
1140110 1830.5
1140120 1822.1
1140130 1812.8
1140140 1812.8
1140150 1804.1
1140160 1795.3
1140170 1795.3
1140180 1787.3
1140190 1780.9
1140200 1780.9
1140210 1775.6
1140220 1769.2
1140230 1769.2
1140240 1761.4
1140250 1756.1
1140260 1756.1
1140270 1750.1
1140280 1741.3
1140290 1741.3
1140300 1733.8
1140310 1727.1
1140320 1727.1
1140330 1720.4
1140340 1713.6
1140350 1707.8
1140360 1707.8
1140370 1702.6
1140380 1693.7
1140390 1693.7
1140400 1688.3
1140410 1682.2
1140420 1682.2
1140430 1673.7
1140440 1660.9
1140450 1660.9
1140460 1647.8
1140470 1639.1
1140480 1639.1
1140490 1632.1
1140500 1625.2
1140510 1625.2
1140520 1618.1
1140530 1610.3
1140540 1610.3
1140550 1601.6
1140560 1593.7
1140570 1593.7
1140580 1585.5
1140590 1571.3
1140600 1550.7
1140610 1550.7
1140620 1538.5
1140630 1534.7
1140640 1534.7
1140650 1528.2
1140660 1521.1
1140670 1521.1
1140680 1514.8
1140690 1509.3
1140700 1509.3
1140710 1507.2
1140720 1511.1
1140730 1511.1
1140740 1518.3
1140750 1518.2
1140760 1518.2
1140770 1525.6
1140780 1531.8
1140790 1531.8
1140800 1537.6
1140810 1539.1
1140820 1539.1
1140830 1546.7
1140840 1554.0
1140850 1560.3
1140860 1560.3
1140870 1565.5
1140880 1570.2
1140890 1570.2
1140900 1575.4
1140910 1584.0
1140920 1584.0
1140930 1593.9
1140940 1601.8
1140950 1601.8
1140960 1607.5
1140970 1613.3
1140980 1613.3
1140990 1619.6
1141000 1627.3
1141010 1627.3
1141020 1635.4
1141030 1642.0
1141040 1642.0
1141050 1647.1
1141060 1651.7
1141070 1651.7
1141080 1657.1
1141090 1662.2
1141100 1662.2
1141110 1666.1
1141120 1662.9
1141130 1667.9
1141140 1667.9
1141150 1674.2
1141160 1679.8
1141170 1679.8
1141180 1685.7
1141190 1692.3
1141200 1692.3
1141210 1698.9
1141220 1708.5
1141230 1708.5
1141240 1720.5
1141250 1728.7
1141260 1728.7
1141270 1736.1
1141280 1743.2
1141290 1743.2
1141300 1749.2
1141310 1754.7
1141320 1754.7
1141330 1760.9
1141340 1767.8
1141350 1767.8
1141360 1775.4
1141370 1791.2
1141380 1809.3
1141390 1809.3
1141400 1815.2
1141410 1818.1
1141420 1818.1
1141430 1820.2
1141440 1821.8
1141450 1821.8
1141460 1823.2
1141470 1825.0
1141480 1825.0
1141490 1824.2
1141500 1828.6
1141510 1828.6
1141520 1832.5
1141530 1834.3
1141540 1834.3
1141550 1836.1
1141560 1839.0
1141570 1839.0
1141580 1842.1
1141590 1846.1
1141600 1846.1
1141610 1849.8
1141620 1854.2
1141630 1858.8
1141640 1858.8
1141650 1862.6
1141660 1865.3
1141670 1865.3
1141680 1865.8
1141690 1866.4
1141700 1866.4
1141710 1872.3
1141720 1879.0
1141730 1879.0
1141740 1884.2
1141750 1889.8
1141760 1889.8
1141770 1897.0
1141780 1902.0
1141790 1902.0
1141800 1906.6
1141810 1911.6
1141820 1911.6
1141830 1916.4
1141840 1921.8
1141850 1921.8
1141860 1932.9
1141870 1938.5
1141880 1943.2
1141890 1943.2
1141900 1946.7
1141910 1951.0
1141920 1951.0
1141930 1957.1
1141940 1965.4
1141950 1965.4
1141960 1972.9
1141970 1980.1
1141980 1980.1
1141990 1985.8
1142000 1991.8
1142010 1991.8
1142020 1999.2
1142030 2006.4
1142040 2006.4
1142050 2015.4
1142060 2023.6
1142070 2023.6
1142080 2030.2
1142090 2035.7
1142100 2035.7
1142110 2041.0
1142120 2046.3
1142130 2052.0
1142140 2052.0
1142150 2057.9
1142160 2063.6
1142170 2063.6
1142180 2069.5
1142190 2075.7
1142200 2075.7
1142210 2082.2
1142220 2088.9
1142230 2089.7
1142240 2095.1
1142250 2101.4
1142260 2101.4
1142270 2107.6
1142280 2114.6
1142290 2114.6
1142300 2121.8
1142310 2128.2
1142320 2128.2
1142330 2134.9
1142340 2141.4
1142350 2141.4
1142360 2147.9
1142370 2154.9
1142380 2154.9
1142390 2162.3
1142400 2169.6
1142410 2176.4
1142420 2176.4
1142430 2183.4
1142440 2190.7
1142450 2190.7
1142460 2197.6
1142470 2203.9
1142480 2203.9
1142490 2209.4
1142500 2214.4
1142510 2214.4
1142520 2217.7
1142530 2220.2
1142540 2220.2
1142550 2223.6
1142560 2225.5
1142570 2225.5
1142580 2225.4
1142590 2227.4
1142600 2238.1
1142610 2240.8
1142620 2241.9
1142630 2241.9
1142640 2241.5
1142650 2241.0
1142660 2245.8
1142670 2245.8
1142680 2252.6
1142690 2259.7
1142700 2259.7
1142710 2265.1
1142720 2268.7
1142730 2268.7
1142740 2270.1
1142750 2276.0
1142760 2276.0
1142770 2281.7
1142780 2287.2
1142790 2287.2
1142800 2291.7
1142810 2301.9
1142820 2301.9
1142830 2309.1
1142840 2315.8
1142850 2315.8
1142860 2321.5
1142870 2326.8
1142880 2326.8
1142890 2336.1
1142900 2350.6
1142910 2358.2
1142920 2358.2
1142930 2355.9
1142940 2357.9
1142950 2357.9
1142960 2369.5
1142970 2388.5
1142980 2388.5
1142990 2402.3
1143000 2411.1
1143010 2411.1
1143020 2414.2
1143030 2417.4
1143040 2417.4
1143050 2418.9
1143060 2415.1
1143070 2415.1
1143080 2406.1
1143090 2395.9
1143100 2395.9
1143110 2385.7
1143120 2374.0
1143130 2374.0
1143140 2363.0
1143150 2351.9
1143160 2341.4
1143170 2341.4
1143180 2333.5
1143190 2326.5
1143200 2326.5
1143210 2319.7
1143220 2313.0
1143230 2313.0
1143240 2306.3
1143250 2299.6
1143260 2299.6
1143270 2292.8
1143280 2286.1
1143290 2286.1
1143300 2279.6
1143310 2273.4
1143320 2273.4
1143330 2267.2
1143340 2261.0
1143350 2261.6
1143360 2255.5
1143370 2248.9
1143380 2248.9
1143390 2242.1
1143400 2236.0
1143410 2236.0
1143420 2229.9
1143430 2223.8
1143440 2216.3
1143450 2216.3
1143460 2207.2
1143470 2199.3
1143480 2199.3
1143490 2192.4
1143500 2186.0
1143510 2186.0
1143520 2180.1
1143530 2174.8
1143540 2174.8
1143550 2168.6
1143560 2162.4
1143570 2162.4
1143580 2158.4
1143590 2153.5
1143600 2153.5
1143610 2147.7
1143620 2141.8
1143630 2141.8
1143640 2136.2
1143650 2129.9
1143660 2129.9
1143670 2123.6
1143680 2118.2
1143690 2113.1
1143700 2113.1
1143710 2108.1
1143720 2108.1
1143730 2108.1
1143740 2102.8
1143750 2097.9
1143760 2097.9
1143770 2090.7
1143780 2083.4
1143790 2083.4
1143800 2076.7
1143810 2070.1
1143820 2070.1
1143830 2063.8
1143840 2057.4
1143850 2057.4
1143860 2051.7
1143870 2045.5
1143880 2045.5
1143890 2039.4
1143900 2033.0
1143910 2033.0
1143920 2026.7
1143930 2020.6
1143940 2015.3
1143950 2015.3
1143960 2010.3
1143970 2004.8
1143980 2004.8
1143990 1998.9
1144000 1993.9
1144010 1993.9
1144020 1989.6
1144030 1984.9
1144040 1984.9
1144050 1980.3
1144060 1976.1
1144070 1976.1
1144080 1971.9
1144090 1967.2
1144100 1967.2
1144110 1962.8
1144120 1958.0
1144130 1958.0
1144140 1953.0
1144150 1951.5
1144160 1951.5
1144170 1952.3
1144180 1955.0
1144190 1953.1
1144200 1953.1
1144210 1942.4
1144220 1932.8
1144230 1932.8
1144240 1920.0
1144250 1910.3
1144260 1910.3
1144270 1902.9
1144280 1895.5
1144290 1895.5
1144300 1889.1
1144310 1882.9
1144320 1882.9
1144330 1869.0
1144340 1857.1
1144350 1857.1
1144360 1850.2
1144370 1843.5
1144380 1843.5
1144390 1837.5
1144400 1831.0
1144410 1831.0
1144420 1827.1
1144430 1823.7
1144440 1821.2
1144450 1821.2
1144460 1819.8
1144470 1826.7
1144480 1826.7
1144490 1823.9
1144500 1820.9
1144510 1820.9
1144520 1818.3
1144530 1814.3
1144540 1814.3
1144550 1809.6
1144560 1806.8
1144570 1806.8
1144580 1804.0
1144590 1800.9
1144600 1800.9
1144610 1797.3
1144620 1791.2
1144630 1791.2
1144640 1782.9
1144650 1773.3
1144660 1773.3
1144670 1764.5
1144680 1757.2
1144690 1757.2
1144700 1751.0
1144710 1744.3
1144720 1736.8
1144730 1736.8
1144740 1730.4
1144750 1724.2
1144760 1724.2
1144770 1717.6
1144780 1710.0
1144790 1710.0
1144800 1700.3
1144810 1689.9
1144820 1689.9
1144830 1679.5
1144840 1670.8
1144850 1670.8
1144860 1663.4
1144870 1658.4
1144880 1658.4
1144890 1657.9
1144900 1659.5
1144910 1659.5
1144920 1658.4
1144930 1654.8
1144940 1654.8
1144950 1646.7
1144960 1640.0
1144970 1634.7
1144980 1634.7
1144990 1630.6
1145000 1622.9
1145010 1622.9
1145020 1618.8
1145030 1619.5
1145040 1619.5
1145050 1621.3
1145060 1620.6
1145070 1620.6
1145080 1619.2
1145090 1617.8
1145100 1617.8
1145110 1612.5
1145120 1604.9
1145130 1604.9
1145140 1597.1
1145150 1588.2
1145160 1588.2
1145170 1579.6
1145180 1571.2
1145190 1571.2
1145200 1563.9
1145210 1559.4
1145220 1553.5
1145230 1553.5
1145240 1547.6
1145250 1542.0
1145260 1542.0
1145270 1536.1
1145280 1530.7
1145290 1530.7
1145300 1525.8
1145310 1521.4
1145320 1521.4
1145330 1517.5
1145340 1513.6
1145350 1513.6
1145360 1509.5
1145370 1505.0
1145380 1505.0
1145390 1500.3
1145400 1495.2
1145410 1495.2
1145420 1490.1
1145430 1484.7
1145440 1484.7
1145450 1478.9
1145460 1472.8
1145470 1467.0
1145480 1467.0
1145490 1461.6
1145500 1457.1
1145510 1457.1
1145520 1454.2
1145530 1451.9
1145540 1451.9
1145550 1449.9
1145560 1447.9
1145570 1447.9
1145580 1445.2
1145590 1443.8
1145600 1443.8
1145610 1440.8
1145620 1437.0
1145630 1437.0
1145640 1431.8
1145650 1426.3
1145660 1426.3
1145670 1421.3
1145680 1415.5
1145690 1415.5
1145700 1409.5
1145710 1403.7
1145720 1397.9
1145730 1397.9
1145740 1392.2
1145750 1386.7
1145760 1386.7
1145770 1381.3
1145780 1375.9
1145790 1375.9
1145800 1369.9
1145810 1363.4
1145820 1363.4
1145830 1356.8
1145840 1350.1
1145850 1350.1
1145860 1342.9
1145870 1335.4
1145880 1335.4
1145890 1325.9
1145900 1306.8
1145910 1306.8
1145920 1284.9
1145930 1282.6
1145940 1282.6
1145950 1290.3
1145960 1302.7
1145970 1302.7
1145980 1315.1
1145990 1320.7
1146000 1326.8
1146010 1326.8
1146020 1336.7
1146030 1344.4
1146040 1344.4
1146050 1349.6
1146060 1353.4
1146070 1353.4
1146080 1357.6
1146090 1361.6
1146100 1361.6
1146110 1365.4
1146120 1371.2
1146130 1371.2
1146140 1377.7
1146150 1383.7
1146160 1383.7
1146170 1390.0
1146180 1396.9
1146190 1396.9
1146200 1403.4
1146210 1410.2
1146220 1410.2
1146230 1417.2
1146240 1423.8
1146250 1429.2
1146260 1429.2
1146270 1432.6
1146280 1434.6
1146290 1434.6
1146300 1437.4
1146310 1440.4
1146320 1440.4
1146330 1442.9
1146340 1444.4
1146350 1444.4
1146360 1446.4
1146370 1448.4
1146380 1448.4
1146390 1450.5
1146400 1452.9
1146410 1452.9
1146420 1454.9
1146430 1458.3
1146440 1458.3
1146450 1460.7
1146460 1464.3
1146470 1464.3
1146480 1466.6
1146490 1467.3
1146500 1468.8
1146510 1468.8
1146520 1471.5
1146530 1474.4
1146540 1474.4
1146550 1477.7
1146560 1481.1
1146570 1481.1
1146580 1484.7
1146590 1489.8
1146600 1489.8
1146610 1496.1
1146620 1500.8
1146630 1500.8
1146640 1504.6
1146650 1508.0
1146660 1508.0
1146670 1512.5
1146680 1517.1
1146690 1517.1
1146700 1521.0
1146710 1525.8
1146720 1522.6
1146730 1526.4
1146740 1528.2
1146750 1527.2
1146760 1527.2
1146770 1526.9
1146780 1528.9
1146790 1528.9
1146800 1532.2
1146810 1535.5
1146820 1535.5
1146830 1538.7
1146840 1542.0
1146850 1542.0
1146860 1545.3
1146870 1548.6
1146880 1548.6
1146890 1551.8
1146900 1555.0
1146910 1555.0
1146920 1558.7
1146930 1562.9
1146940 1562.9
1146950 1566.9
1146960 1572.0
1146970 1572.0
1146980 1578.2
1146990 1583.0
1147000 1587.5
1147010 1587.5
1147020 1592.5
1147030 1596.9
1147040 1596.9
1147050 1600.9
1147060 1605.1
1147070 1605.1
1147080 1609.6
1147090 1610.6
1147100 1610.6
1147110 1615.4
1147120 1620.8
1147130 1620.8
1147140 1626.3
1147150 1632.5
1147160 1632.5
1147170 1638.7
1147180 1644.9
1147190 1644.9
1147200 1649.6
1147210 1653.2
1147220 1653.2
1147230 1656.6
1147240 1659.9
1147250 1659.9
1147260 1663.6
1147270 1667.5
1147280 1671.6
1147290 1671.6
1147300 1676.1
1147310 1681.3
1147320 1681.3
1147330 1686.9
1147340 1693.1
1147350 1693.1
1147360 1699.8
1147370 1706.2
1147380 1706.2
1147390 1711.3
1147400 1715.8
1147410 1715.8
1147420 1720.3
1147430 1726.0
1147440 1726.0
1147450 1733.0
1147460 1740.0
1147470 1742.4
1147480 1751.7
1147490 1759.1
1147500 1759.1
1147510 1765.9
1147520 1773.0
1147530 1780.1
1147540 1780.1
1147550 1787.6
1147560 1795.1
1147570 1795.1
1147580 1802.0
1147590 1809.2
1147600 1809.2
1147610 1817.0
1147620 1824.2
1147630 1824.2
1147640 1830.3
1147650 1836.0
1147660 1836.0
1147670 1842.6
1147680 1848.9
1147690 1848.9
1147700 1855.8
1147710 1863.3
1147720 1863.3
1147730 1871.1
1147740 1878.8
1147750 1878.8
1147760 1886.0
1147770 1892.9
1147780 1899.6
1147790 1899.6
1147800 1905.5
1147810 1911.1
1147820 1911.1
1147830 1913.7
1147840 1917.3
1147850 1918.2
1147860 1923.5
1147870 1929.3
1147880 1929.3
1147890 1935.7
1147900 1941.7
1147910 1941.7
1147920 1945.6
1147930 1948.0
1147940 1948.0
1147950 1952.0
1147960 1958.2
1147970 1958.2
1147980 1962.5
1147990 1965.9
1148000 1965.9
1148010 1971.5
1148020 1978.0
1148030 1984.8
1148040 1984.8
1148050 1991.1
1148060 1992.6
1148070 1992.6
1148080 1993.6
1148090 1997.2
1148100 1997.2
1148110 2001.5
1148120 2005.3
1148130 2005.3
1148140 2009.3
1148150 2013.8
1148160 2013.8
1148170 2018.9
1148180 2020.5
1148190 2020.5
1148200 2021.5
1148210 2024.6
1148220 2024.6
1148230 2032.0
1148240 2035.2
1148250 2035.2
1148260 2038.6
1148270 2042.2
1148280 2045.4
1148290 2045.4
1148300 2047.4
1148310 2049.6
1148320 2049.6
1148330 2052.8
1148340 2056.6
1148350 2056.6
1148360 2060.0
1148370 2063.5
1148380 2063.5
1148390 2066.6
1148400 2068.6
1148410 2068.6
1148420 2069.3
1148430 2069.5
1148440 2069.5
1148450 2070.0
1148460 2072.1
1148470 2072.1
1148480 2074.5
1148490 2075.2
1148500 2075.2
1148510 2074.5
1148520 2074.5
1148530 2074.5
1148540 2074.5
1148550 2073.4
1148560 2072.7
1148570 2072.7
1148580 2073.1
1148590 2074.0
1148600 2068.9
1148610 2069.7
1148620 2070.8
1148630 2070.8
1148640 2071.8
1148650 2072.9
1148660 2072.9
1148670 2072.6
1148680 2070.0
1148690 2070.0
1148700 2066.8
1148710 2066.3
1148720 2066.3
1148730 2065.8
1148740 2064.8
1148750 2064.8
1148760 2064.0
1148770 2062.8
1148780 2062.8
1148790 2062.2
1148800 2061.8
1148810 2061.2
1148820 2061.2
1148830 2060.9
1148840 2061.4
1148850 2061.4
1148860 2062.0
1148870 2062.0
1148880 2062.0
1148890 2062.0
1148900 2061.5
1148910 2061.5
1148920 2061.2
1148930 2061.9
1148940 2061.9
1148950 2063.6
1148960 2065.0
1148970 2065.0
1148980 2059.3
1148990 2058.8
1149000 2058.8
1149010 2058.5
1149020 2059.9
1149030 2059.9
1149040 2062.1
1149050 2063.2
1149060 2062.9
1149070 2062.9
1149080 2063.3
1149090 2065.1
1149100 2065.1
1149110 2067.8
1149120 2070.6
1149130 2070.6
1149140 2072.3
1149150 2073.6
1149160 2073.6
1149170 2076.5
1149180 2081.0
1149190 2081.0
1149200 2090.9
1149210 2095.4
1149220 2095.4
1149230 2098.7
1149240 2104.2
1149250 2104.2
1149260 2106.8
1149270 2107.1
1149280 2107.1
1149290 2108.0
1149300 2109.9
1149310 2112.8
1149320 2112.8
1149330 2115.7
1149340 2121.4
1149350 2121.4
1149360 2120.6
1149370 2124.1
1149380 2124.1
1149390 2127.3
1149400 2131.5
1149410 2131.5
1149420 2136.5
1149430 2141.4
1149440 2141.4
1149450 2146.9
1149460 2151.6
1149470 2151.6
1149480 2155.5
1149490 2159.3
1149500 2159.3
1149510 2163.4
1149520 2167.4
1149530 2167.4
1149540 2171.6
1149550 2175.3
1149560 2178.2
1149570 2178.2
1149580 2179.9
1149590 2182.9
1149600 2182.9
1149610 2186.6
1149620 2190.0
1149630 2190.0
1149640 2192.9
1149650 2195.4
1149660 2195.4
1149670 2197.3
1149680 2200.3
1149690 2200.3
1149700 2203.7
1149710 2207.4
1149720 2207.4
1149730 2211.3
1149740 2212.7
1149750 2212.7
1149760 2215.2
1149770 2217.7
1149780 2217.7
1149790 2220.6
1149800 2223.8
1149810 2226.9
1149820 2226.9
1149830 2230.0
1149840 2233.3
1149850 2233.3
1149860 2236.2
1149870 2239.0
1149880 2239.0
1149890 2242.0
1149900 2245.6
1149910 2245.6
1149920 2250.4
1149930 2255.9
1149940 2255.9
1149950 2261.1
1149960 2265.5
1149970 2265.5
1149980 2269.5
1149990 2273.8
1150000 2273.8
1150010 2278.6
1150020 2282.7
1150030 2282.7
1150040 2284.9
1150050 2286.2
1150060 2286.2
1150070 2288.1
1150080 2290.7
1150090 2293.8
1150100 2293.8
1150110 2297.7
1150120 2300.8
1150130 2300.8
1150140 2305.2
1150150 2309.9
1150160 2309.9
1150170 2314.8
1150180 2319.9
1150190 2319.9
1150200 2325.0
1150210 2330.1
1150220 2330.1
1150230 2335.5
1150240 2341.9
1150250 2341.9
1150260 2348.7
1150270 2356.1
1150280 2356.1
1150290 2364.0
1150300 2373.0
1150310 2373.0
1150320 2382.4
1150330 2392.0
1150340 2401.3
1150350 2401.3
1150360 2409.5
1150370 2418.2
1150380 2418.2
1150390 2427.4
1150400 2435.1
1150410 2435.1
1150420 2440.0
1150430 2437.9
1150440 2437.9
1150450 2430.7
1150460 2423.1
1150470 2423.1
1150480 2415.3
1150490 2406.8
1150500 2410.2
1150510 2401.2
1150520 2392.9
1150530 2392.9
1150540 2384.6
1150550 2375.7
1150560 2375.7
1150570 2368.7
1150580 2362.9
1150590 2355.3
1150600 2355.3
1150610 2348.4
1150620 2340.5
1150630 2340.5
1150640 2329.9
1150650 2320.5
1150660 2320.5
1150670 2308.8
1150680 2291.1
1150690 2291.1
1150700 2278.1
1150710 2269.1
1150720 2269.1
1150730 2261.0
1150740 2258.5
1150750 2258.5
1150760 2255.6
1150770 2248.6
1150780 2248.6
1150790 2240.4
1150800 2225.6
1150810 2225.6
1150820 2208.4
1150830 2206.8
1150840 2205.0
1150850 2205.0
1150860 2186.8
1150870 2174.5
1150880 2173.8
1150890 2162.7
1150900 2151.5
1150910 2151.5
1150920 2140.7
1150930 2133.4
1150940 2133.4
1150950 2125.4
1150960 2116.9
1150970 2116.9
1150980 2108.5
1150990 2100.3
1151000 2100.3
1151010 2093.5
1151020 2088.6
1151030 2088.6
1151040 2085.2
1151050 2083.1
1151060 2083.1
1151070 2080.3
1151080 2076.6
1151090 2072.3
1151100 2072.3
1151110 2067.5
1151120 2062.4
1151130 2062.4
1151140 2057.8
1151150 2053.3
1151160 2053.3
1151170 2048.4
1151180 2042.9
1151190 2042.9
1151200 2035.4
1151210 2025.8
1151220 2025.8
1151230 2016.7
1151240 2007.8
1151250 2007.8
1151260 1997.6
1151270 1987.4
1151280 1987.4
1151290 1978.0
1151300 1972.8
1151310 1972.8
1151320 1966.6
1151330 1956.9
1151340 1956.9
1151350 1952.8
1151360 1950.3
1151370 1943.3
1151380 1943.3
1151390 1932.2
1151400 1923.0
1151410 1923.0
1151420 1917.1
1151430 1914.4
1151440 1914.4
1151450 1913.6
1151460 1918.3
1151470 1918.3
1151480 1927.8
1151490 1938.6
1151500 1938.6
1151510 1948.0
1151520 1952.7
1151530 1952.7
1151540 1958.2
1151550 1964.6
1151560 1964.6
1151570 1968.8
1151580 1973.1
1151590 1973.1
1151600 1977.1
1151610 1980.3
1151620 1983.7
1151630 1983.7
1151640 1988.8
1151650 1999.7
1151660 1999.7
1151670 2000.4
1151680 2001.3
1151690 2001.3
1151700 2002.4
1151710 1993.0
1151720 1993.0
1151730 1989.4
1151740 2000.0
1151750 2000.0
1151760 2007.4
1151770 2007.7
1151780 2007.7
1151790 2000.3
1151800 1988.7
1151810 1988.7
1151820 1982.2
1151830 1979.9
1151840 1979.9
1151850 1978.3
1151860 1978.3
1151870 1979.5
1151880 1979.5
1151890 1980.6
1151900 1981.7
1151910 1981.7
1151920 1980.7
1151930 1974.8
1151940 1974.8
1151950 1968.3
1151960 1964.0
1151970 1964.0
1151980 1955.5
1151990 1938.5
1152000 1938.5
1152010 1925.0
1152020 1913.4
1152030 1910.2
1152040 1901.2
1152050 1892.4
1152060 1892.4
1152070 1883.0
1152080 1872.5
1152090 1872.5
1152100 1861.7
1152110 1854.8
1152120 1846.4
1152130 1846.4
1152140 1835.0
1152150 1822.0
1152160 1822.0
1152170 1808.7
1152180 1797.2
1152190 1797.2
1152200 1786.0
1152210 1775.5
1152220 1775.5
1152230 1764.4
1152240 1751.3
1152250 1751.3
1152260 1737.8
1152270 1727.8
1152280 1727.8
1152290 1717.7
1152300 1710.8
1152310 1710.8
1152320 1706.5
1152330 1703.6
1152340 1703.6
1152350 1699.7
1152360 1695.2
1152370 1690.8
1152380 1690.8
1152390 1686.2
1152400 1680.7
1152410 1684.7
1152420 1678.7
1152430 1672.4
1152440 1672.4
1152450 1668.1
1152460 1666.6
1152470 1666.6
1152480 1663.9
1152490 1662.1
1152500 1662.1
1152510 1663.8
1152520 1664.1
1152530 1664.1
1152540 1663.9
1152550 1662.0
1152560 1662.0
1152570 1661.5
1152580 1665.2
1152590 1665.2
1152600 1667.4
1152610 1667.7
1152620 1668.8
1152630 1668.8
1152640 1669.5
1152650 1670.6
1152660 1670.6
1152670 1671.6
1152680 1672.8
1152690 1672.8
1152700 1672.6
1152710 1673.6
1152720 1673.6
1152730 1674.4
1152740 1674.1
1152750 1674.1
1152760 1676.9
1152770 1682.0
1152780 1682.0
1152790 1690.5
1152800 1696.2
1152810 1696.2
1152820 1700.2
1152830 1702.7
1152840 1702.7
1152850 1706.4
1152860 1710.1
1152870 1710.1
1152880 1713.3
1152890 1719.4
1152900 1728.4
1152910 1728.4
1152920 1743.3
1152930 1754.2
1152940 1754.2
1152950 1762.1
1152960 1769.2
1152970 1769.2
1152980 1775.8
1152990 1782.8
1153000 1782.8
1153010 1793.1
1153020 1809.6
1153030 1809.6
1153040 1821.9
1153050 1829.9
1153060 1829.9
1153070 1837.7
1153080 1846.6
1153090 1846.6
1153100 1855.7
1153110 1863.8
1153120 1863.8
1153130 1870.9
1153140 1876.7
1153150 1881.7
1153160 1881.7
1153170 1884.9
1153180 1894.8
1153190 1894.8
1153200 1897.8
1153210 1901.6
1153220 1901.6
1153230 1907.0
1153240 1913.3
1153250 1913.3
1153260 1919.6
1153270 1926.2
1153280 1926.2
1153290 1932.5
1153300 1939.4
1153310 1939.4
1153320 1947.1
1153330 1958.0
1153340 1958.0
1153350 1968.0
1153360 1975.0
1153370 1975.0
1153380 1981.6
1153390 1988.6
1153400 1996.4
1153410 1996.4
1153420 2004.6
1153430 2012.2
1153440 2012.2
1153450 2019.1
1153460 2025.2
1153470 2025.2
1153480 2032.1
1153490 2038.6
1153500 2038.6
1153510 2044.7
1153520 2049.6
1153530 2049.6
1153540 2053.9
1153550 2059.2
1153560 2068.2
1153570 2076.5
1153580 2084.2
1153590 2084.2
1153600 2092.1
1153610 2100.4
1153620 2100.4
1153630 2108.7
1153640 2116.6
1153650 2124.1
1153660 2124.1
1153670 2131.5
1153680 2138.1
1153690 2138.1
1153700 2145.4
1153710 2152.1
1153720 2152.1
1153730 2158.9
1153740 2166.9
1153750 2166.9
1153760 2176.4
1153770 2185.6
1153780 2185.6
1153790 2194.1
1153800 2202.1
1153810 2202.1
1153820 2208.2
1153830 2212.7
1153840 2212.7
1153850 2219.9
1153860 2229.9
1153870 2229.9
1153880 2239.4
1153890 2248.2
1153900 2255.4
1153910 2255.4
1153920 2262.2
1153930 2268.7
1153940 2268.7
1153950 2281.4
1153960 2288.3
1153970 2288.3
1153980 2296.1
1153990 2304.2
1154000 2304.2
1154010 2311.1
1154020 2318.1
1154030 2318.1
1154040 2325.3
1154050 2333.2
1154060 2333.2
1154070 2340.8
1154080 2348.2
1154090 2348.2
1154100 2354.6
1154110 2359.9
1154120 2359.9
1154130 2363.6
1154140 2364.5
1154150 2364.5
1154160 2364.4
1154170 2364.3
1154180 2364.9
1154190 2364.9
1154200 2365.7
1154210 2367.0
1154220 2367.0
1154230 2369.8
1154240 2374.2
1154250 2374.2
1154260 2379.5
1154270 2385.2
1154280 2385.2
1154290 2391.3
1154300 2395.9
1154310 2395.9
1154320 2397.9
1154330 2409.1
1154340 2409.1
1154350 2410.4
1154360 2414.0
1154370 2414.0
1154380 2421.2
1154390 2433.3
1154400 2433.3
1154410 2444.2
1154420 2452.8
1154430 2462.7
1154440 2462.7
1154450 2474.7
1154460 2486.8
1154470 2486.8
1154480 2498.1
1154490 2507.4
1154500 2507.4
1154510 2516.8
1154520 2525.5
1154530 2525.5
1154540 2534.6
1154550 2543.3
1154560 2543.3
1154570 2551.9
1154580 2560.5
1154590 2560.5
1154600 2569.6
1154610 2575.3
1154620 2575.3
1154630 2563.3
1154640 2538.3
1154650 2538.3
1154660 2506.7
1154670 2462.0
1154680 2440.2
1154690 2440.2
1154700 2425.4
1154710 2404.1
1154720 2403.6
1154730 2376.4
1154740 2366.1
1154750 2366.1
1154760 2359.4
1154770 2352.6
1154780 2352.6
1154790 2345.6
1154800 2339.2
1154810 2339.2
1154820 2333.6
1154830 2328.8
1154840 2328.8
1154850 2324.0
1154860 2319.1
1154870 2319.1
1154880 2313.9
1154890 2308.3
1154900 2308.3
1154910 2302.3
1154920 2296.7
1154930 2291.4
1154940 2291.4
1154950 2286.4
1154960 2281.2
1154970 2281.2
1154980 2276.1
1154990 2270.9
1155000 2270.9
1155010 2265.1
1155020 2258.8
1155030 2258.8
1155040 2253.6
1155050 2248.8
1155060 2248.8
1155070 2244.3
1155080 2239.3
1155090 2239.3
1155100 2229.4
1155110 2224.5
1155120 2224.5
1155130 2219.3
1155140 2214.1
1155150 2214.1
1155160 2209.9
1155170 2206.2
1155180 2201.4
1155190 2201.4
1155200 2194.7
1155210 2187.6
1155220 2187.6
1155230 2184.2
1155240 2181.7
1155250 2181.7
1155260 2177.4
1155270 2169.1
1155280 2169.1
1155290 2160.4
1155300 2153.7
1155310 2153.7
1155320 2146.1
1155330 2138.0
1155340 2138.0
1155350 2133.0
1155360 2127.5
1155370 2127.5
1155380 2118.3
1155390 2110.6
1155400 2110.6
1155410 2104.2
1155420 2098.4
1155430 2093.1
1155440 2093.1
1155450 2088.1
1155460 2083.3
1155470 2083.3
1155480 2078.2
1155490 2070.1
1155500 2070.1
1155510 2064.9
1155520 2058.9
1155530 2058.9
1155540 2052.7
1155550 2047.4
1155560 2047.4
1155570 2042.0
1155580 2036.3
1155590 2036.3
1155600 2030.2
1155610 2024.3
1155620 2024.3
1155630 2018.9
1155640 2013.8
1155650 2013.8
1155660 2008.9
1155670 2003.8
1155680 2003.8
1155690 1999.1
1155700 1994.7
1155710 1990.3
1155720 1990.3
1155730 1986.3
1155740 1982.4
1155750 1982.4
1155760 1978.5
1155770 1974.7
1155780 1974.7
1155790 1970.8
1155800 1966.9
1155810 1966.9
1155820 1963.1
1155830 1959.7
1155840 1959.7
1155850 1956.5
1155860 1953.3
1155870 1953.3
1155880 1950.9
1155890 1948.3
1155900 1948.3
1155910 1945.3
1155920 1941.9
1155930 1941.9
1155940 1938.7
1155950 1936.0
1155960 1933.5
1155970 1933.5
1155980 1930.7
1155990 1928.0
1156000 1928.0
1156010 1925.6
1156020 1923.2
1156030 1923.2
1156040 1921.1
1156050 1919.3
1156060 1919.3
1156070 1917.5
1156080 1915.8
1156090 1915.8
1156100 1913.5
1156110 1910.8
1156120 1910.8
1156130 1907.3
1156140 1902.8
1156150 1902.8
1156160 1897.8
1156170 1893.5
1156180 1893.5
1156190 1887.6
1156200 1880.2
1156210 1872.8
1156220 1872.8
1156230 1865.7
1156240 1859.2
1156250 1859.2
1156260 1859.1
1156270 1852.1
1156280 1852.1
1156290 1843.9
1156300 1835.9
1156310 1835.9
1156320 1829.4
1156330 1823.3
1156340 1823.3
1156350 1817.2
1156360 1811.0
1156370 1811.0
1156380 1805.3
1156390 1800.2
1156400 1800.2
1156410 1793.8
1156420 1788.0
1156430 1788.0
1156440 1782.5
1156450 1777.5
1156460 1772.5
1156470 1772.5
1156480 1768.0
1156490 1763.1
1156500 1763.1
1156510 1756.9
1156520 1749.3
1156530 1749.3
1156540 1742.9
1156550 1736.9
1156560 1736.9
1156570 1731.6
1156580 1727.0
1156590 1727.0
1156600 1723.3
1156610 1719.3
1156620 1719.3
1156630 1715.6
1156640 1713.5
1156650 1715.8
1156660 1714.4
1156670 1712.3
1156680 1712.3
1156690 1710.5
1156700 1708.6
1156710 1706.7
1156720 1706.7
1156730 1704.7
1156740 1703.0
1156750 1703.0
1156760 1701.4
1156770 1699.3
1156780 1699.3
1156790 1697.8
1156800 1696.5
1156810 1696.5
1156820 1694.9
1156830 1693.2
1156840 1693.2
1156850 1691.1
1156860 1688.4
1156870 1688.4
1156880 1689.9
1156890 1694.6
1156900 1694.6
1156910 1697.4
1156920 1700.0
1156930 1700.0
1156940 1703.1
1156950 1706.7
1156960 1706.7
1156970 1710.8
1156980 1714.8
1156990 1719.4
1157000 1719.4
1157010 1724.8
1157020 1730.7
1157030 1730.7
1157040 1737.9
1157050 1744.7
1157060 1744.7
1157070 1751.2
1157080 1757.4
1157090 1757.4
1157100 1763.7
1157110 1770.2
1157120 1770.2
1157130 1776.6
1157140 1782.2
1157150 1782.2
1157160 1787.7
1157170 1794.1
1157180 1794.1
1157190 1801.3
1157200 1815.3
1157210 1815.3
1157220 1827.3
1157230 1836.7
1157240 1844.5
1157250 1844.5
1157260 1851.8
1157270 1858.4
1157280 1858.4
1157290 1865.3
1157300 1873.8
1157310 1873.8
1157320 1883.1
1157330 1891.0
1157340 1891.0
1157350 1898.7
1157360 1906.4
1157370 1906.4
1157380 1915.3
1157390 1928.9
1157400 1928.9
1157410 1942.6
1157420 1954.1
1157430 1952.2
1157440 1963.1
1157450 1971.7
1157460 1971.7
1157470 1977.5
1157480 1981.4
1157490 1984.3
1157500 1984.3
1157510 1988.9
1157520 1993.8
1157530 1993.8
1157540 1997.8
1157550 2002.3
1157560 2002.3
1157570 2005.8
1157580 2007.7
1157590 2007.7
1157600 2010.8
1157610 2016.4
1157620 2016.4
1157630 2021.4
1157640 2026.5
1157650 2026.5
1157660 2031.5
1157670 2038.3
1157680 2038.3
1157690 2044.2
1157700 2050.3
1157710 2050.3
1157720 2055.9
1157730 2064.5
1157740 2072.6
1157750 2072.6
1157760 2077.9
1157770 2083.9
1157780 2083.9
1157790 2089.9
1157800 2095.8
1157810 2095.8
1157820 2106.3
1157830 2115.8
1157840 2115.8
1157850 2127.7
1157860 2134.5
1157870 2134.5
1157880 2145.5
1157890 2162.4
1157900 2162.4
1157910 2177.0
1157920 2192.1
1157930 2192.1
1157940 2209.1
1157950 2223.6
1157960 2223.6
1157970 2229.2
1157980 2236.1
1157990 2236.4
1158000 2236.4
1158010 2233.6
1158020 2229.8
1158030 2229.8
1158040 2225.9
1158050 2221.6
1158060 2221.6
1158070 2216.7
1158080 2210.8
1158090 2210.8
1158100 2205.2
1158110 2200.8
1158120 2200.8
1158130 2196.9
1158140 2193.4
1158150 2193.4
1158160 2189.3
1158170 2185.0
1158180 2185.0
1158190 2180.0
1158200 2175.9
1158210 2172.0
1158220 2169.2
1158230 2166.9
1158240 2163.5
1158250 2163.5
1158260 2158.0
1158270 2153.7
1158280 2153.7
1158290 2149.9
1158300 2146.4
1158310 2146.4
1158320 2143.6
1158330 2141.3
1158340 2141.3
1158350 2139.1
1158360 2136.2
1158370 2136.2
1158380 2131.1
1158390 2124.2
1158400 2124.2
1158410 2116.2
1158420 2110.9
1158430 2110.9
1158440 2106.1
1158450 2101.2
1158460 2101.2
1158470 2096.4
1158480 2091.6
1158490 2091.6
1158500 2087.6
1158510 2083.8
1158520 2079.6
1158530 2079.6
1158540 2074.9
1158550 2070.3
1158560 2070.3
1158570 2064.1
1158580 2055.7
1158590 2055.7
1158600 2042.6
1158610 2029.5
1158620 2029.5
1158630 2012.7
1158640 2001.1
1158650 2001.1
1158660 1991.8
1158670 1983.1
1158680 1983.1
1158690 1975.8
1158700 1970.1
1158710 1970.1
1158720 1964.7
1158730 1952.7
1158740 1952.7
1158750 1933.5
1158760 1920.5
1158770 1909.8
1158780 1909.8
1158790 1900.4
1158800 1891.5
1158810 1891.5
1158820 1883.5
1158830 1875.3
1158840 1875.3
1158850 1866.7
1158860 1857.0
1158870 1857.0
1158880 1849.1
1158890 1841.2
1158900 1841.2
1158910 1832.5
1158920 1822.8
1158930 1822.8
1158940 1814.5
1158950 1807.9
1158960 1807.9
1158970 1802.0
1158980 1795.7
1158990 1791.8
1159000 1784.6
1159010 1778.1
1159020 1770.9
1159030 1770.9
1159040 1763.6
1159050 1757.1
1159060 1757.1
1159070 1750.8
1159080 1746.1
1159090 1746.1
1159100 1741.4
1159110 1736.5
1159120 1736.5
1159130 1731.4
1159140 1724.6
1159150 1724.6
1159160 1717.4
1159170 1709.5
1159180 1709.5
1159190 1703.4
1159200 1702.0
1159210 1702.0
1159220 1703.5
1159230 1701.1
1159240 1701.1
1159250 1698.3
1159260 1696.4
1159270 1694.9
1159280 1694.9
1159290 1691.7
1159300 1687.2
1159310 1687.2
1159320 1681.5
1159330 1676.0
1159340 1676.0
1159350 1671.1
1159360 1667.0
1159370 1667.0
1159380 1660.6
1159390 1656.9
1159400 1656.9
1159410 1654.0
1159420 1649.8
1159430 1649.8
1159440 1645.5
1159450 1639.4
1159460 1639.4
1159470 1634.3
1159480 1626.8
1159490 1626.8
1159500 1615.7
1159510 1607.3
1159520 1599.5
1159530 1599.5
1159540 1592.8
1159550 1585.7
1159560 1585.7
1159570 1578.9
1159580 1572.0
1159590 1572.0
1159600 1565.0
1159610 1557.6
1159620 1557.6
1159630 1550.6
1159640 1544.1
1159650 1544.1
1159660 1538.0
1159670 1532.5
1159680 1532.5
1159690 1527.5
1159700 1522.6
1159710 1522.6
1159720 1518.3
1159730 1515.3
1159740 1515.3
1159750 1513.8
1159760 1509.7
1159770 1501.0
1159780 1501.0
1159790 1493.7
1159800 1493.9
1159810 1493.9
1159820 1498.3
1159830 1501.3
1159840 1501.3
1159850 1503.0
1159860 1503.9
1159870 1503.9
1159880 1504.7
1159890 1505.9
1159900 1505.9
1159910 1506.2
1159920 1506.8
1159930 1506.8
1159940 1507.8
1159950 1509.6
1159960 1509.6
1159970 1512.5
1159980 1515.1
1159990 1515.1
