1140000 1935.2
1140010 1935.2
1140020 1928.3
1140030 1922.1
1140040 1916.2
1140050 1916.2
1140060 1910.3
1140070 1905.6
1140080 1905.6
1140090 1900.4
1140100 1894.5
1140110 1894.5
1140120 1888.3
1140130 1882.0
1140140 1882.0
1140150 1875.9
1140160 1868.6
1140170 1868.6
1140180 1860.0
1140190 1852.2
1140200 1852.2
1140210 1845.0
1140220 1837.0
1140230 1837.0
1140240 1830.1
1140250 1823.0
1140260 1823.0
1140270 1815.8
1140280 1807.8
1140290 1800.1
1140300 1800.1
1140310 1789.2
1140320 1779.7
1140330 1779.7
1140340 1775.8
1140350 1766.1
1140360 1766.1
1140370 1755.8
1140380 1749.2
1140390 1749.2
1140400 1739.3
1140410 1730.5
1140420 1730.5
1140430 1724.8
1140440 1727.5
1140450 1727.5
1140460 1718.5
1140470 1707.8
1140480 1707.8
1140490 1695.4
1140500 1686.0
1140510 1686.0
1140520 1677.4
1140530 1669.4
1140540 1662.1
1140550 1662.1
1140560 1653.8
1140570 1641.1
1140580 1641.1
1140590 1631.3
1140600 1622.2
1140610 1622.2
1140620 1615.2
1140630 1606.0
1140640 1606.0
1140650 1598.9
1140660 1590.5
1140670 1590.5
1140680 1581.5
1140690 1574.3
1140700 1574.3
1140710 1568.5
1140720 1562.7
1140730 1562.7
1140740 1558.5
1140750 1556.4
1140760 1556.4
1140770 1555.6
1140780 1553.3
1140790 1553.3
1140800 1548.5
1140810 1538.1
1140820 1531.0
1140830 1531.0
1140840 1524.5
1140850 1519.3
1140860 1519.3
1140870 1515.9
1140880 1512.8
1140890 1512.8
1140900 1509.4
1140910 1506.7
1140920 1506.7
1140930 1501.1
1140940 1495.0
1140950 1495.0
1140960 1489.3
1140970 1483.7
1140980 1483.7
1140990 1478.2
1141000 1472.1
1141010 1472.1
1141020 1465.4
1141030 1456.8
1141040 1456.8
1141050 1450.0
1141060 1459.2
1141070 1471.1
1141080 1471.1
1141090 1481.7
1141100 1488.3
1141110 1488.3
1141120 1494.7
1141130 1500.1
1141140 1500.1
1141150 1504.5
1141160 1509.1
1141170 1509.1
1141180 1517.8
1141190 1522.3
1141200 1522.3
1141210 1525.8
1141220 1527.1
1141230 1527.1
1141240 1527.0
1141250 1525.9
1141260 1525.9
1141270 1530.4
1141280 1537.9
1141290 1537.9
1141300 1544.9
1141310 1552.4
1141320 1559.3
1141330 1559.3
1141340 1565.9
1141350 1570.3
1141360 1570.3
1141370 1570.3
1141380 1564.7
1141390 1564.7
1141400 1564.9
1141410 1574.0
1141420 1574.0
1141430 1583.3
1141440 1591.0
1141450 1591.0
1141460 1597.1
1141470 1601.8
1141480 1601.8
1141490 1607.4
1141500 1612.6
1141510 1612.6
1141520 1617.6
1141530 1622.8
1141540 1622.8
1141550 1633.8
1141560 1638.2
1141570 1642.0
1141580 1642.0
1141590 1642.9
1141600 1644.4
1141610 1644.4
1141620 1651.4
1141630 1660.9
1141640 1660.9
1141650 1670.4
1141660 1679.6
1141670 1679.6
1141680 1688.8
1141690 1697.1
1141700 1697.1
1141710 1705.5
1141720 1714.7
1141730 1714.7
1141740 1724.7
1141750 1734.4
1141760 1734.4
1141770 1743.6
1141780 1754.0
1141790 1754.0
1141800 1766.3
1141810 1774.7
1141820 1774.7
1141830 1785.4
1141840 1795.4
1141850 1807.2
1141860 1807.2
1141870 1821.9
1141880 1835.4
1141890 1835.4
1141900 1850.0
1141910 1867.3
1141920 1855.7
1141930 1864.5
1141940 1866.2
1141950 1866.2
1141960 1872.2
1141970 1879.5
1141980 1879.5
1141990 1889.3
1142000 1898.5
1142010 1898.5
1142020 1904.3
1142030 1910.2
1142040 1910.2
1142050 1911.7
1142060 1913.9
1142070 1913.9
1142080 1916.1
1142090 1916.8
1142100 1917.8
1142110 1917.8
1142120 1919.0
1142130 1919.6
1142140 1919.6
1142150 1919.7
1142160 1921.3
1142170 1921.3
1142180 1924.2
1142190 1924.8
1142200 1924.8
1142210 1921.4
1142220 1921.4
1142230 1921.4
1142240 1922.5
1142250 1923.1
1142260 1923.1
1142270 1920.2
1142280 1912.9
1142290 1914.2
1142300 1907.4
1142310 1901.0
1142320 1901.0
1142330 1894.4
1142340 1887.4
1142350 1882.3
1142360 1882.3
1142370 1881.3
1142380 1877.1
1142390 1877.1
1142400 1870.6
1142410 1863.5
1142420 1863.5
1142430 1855.2
1142440 1857.1
1142450 1857.1
1142460 1870.9
1142470 1894.3
1142480 1894.3
1142490 1910.5
1142500 1920.1
1142510 1920.1
1142520 1926.7
1142530 1931.1
1142540 1931.1
1142550 1934.9
1142560 1939.4
1142570 1939.4
1142580 1943.6
1142590 1947.4
1142600 1951.1
1142610 1951.1
1142620 1951.7
1142630 1951.3
1142640 1951.3
1142650 1949.7
1142660 1962.0
1142670 1962.0
1142680 1965.5
1142690 1973.7
1142700 1973.7
1142710 1987.9
1142720 2003.6
1142730 2003.6
1142740 2013.3
1142750 2024.4
1142760 2024.4
1142770 2033.4
1142780 2040.2
1142790 2040.2
1142800 2044.7
1142810 2048.9
1142820 2048.9
1142830 2053.4
1142840 2058.5
1142850 2058.5
1142860 2064.2
1142870 2069.6
1142880 2073.6
1142890 2073.6
1142900 2076.7
1142910 2078.9
1142920 2078.9
1142930 2082.3
1142940 2087.6
1142950 2087.6
1142960 2093.3
1142970 2098.6
1142980 2098.6
1142990 2103.4
1143000 2108.0
1143010 2108.0
1143020 2112.3
1143030 2117.2
1143040 2120.4
1143050 2125.7
1143060 2132.0
1143070 2132.0
1143080 2137.2
1143090 2140.4
1143100 2140.4
1143110 2144.0
1143120 2148.8
1143130 2155.6
1143140 2155.6
1143150 2160.7
1143160 2164.3
1143170 2164.3
1143180 2168.7
1143190 2171.4
1143200 2171.4
1143210 2173.1
1143220 2176.2
1143230 2176.2
1143240 2178.2
1143250 2180.6
1143260 2180.6
1143270 2183.5
1143280 2185.9
1143290 2185.9
1143300 2188.8
1143310 2191.9
1143320 2191.9
1143330 2194.9
1143340 2197.4
1143350 2197.4
1143360 2199.6
1143370 2200.7
1143380 2201.9
1143390 2201.9
1143400 2202.9
1143410 2205.3
1143420 2205.3
1143430 2211.6
1143440 2217.8
1143450 2217.8
1143460 2224.0
1143470 2229.5
1143480 2229.5
1143490 2234.0
1143500 2237.4
1143510 2237.4
1143520 2241.4
1143530 2246.8
1143540 2246.8
1143550 2250.3
1143560 2248.3
1143570 2248.3
1143580 2245.5
1143590 2242.8
1143600 2242.8
1143610 2238.0
1143620 2233.1
1143630 2228.7
1143640 2228.7
1143650 2226.5
1143660 2224.6
1143670 2224.6
1143680 2222.5
1143690 2220.7
1143700 2220.7
1143710 2219.0
1143720 2218.9
1143730 2218.9
1143740 2217.8
1143750 2213.4
1143760 2213.4
1143770 2211.7
1143780 2205.5
1143790 2205.5
1143800 2204.6
1143810 2201.8
1143820 2201.8
1143830 2199.9
1143840 2198.9
1143850 2198.9
1143860 2194.6
1143870 2185.6
1143880 2185.6
1143890 2180.1
1143900 2175.3
1143910 2171.2
1143920 2171.2
1143930 2167.0
1143940 2163.1
1143950 2163.1
1143960 2158.8
1143970 2153.7
1143980 2153.7
1143990 2147.5
1144000 2141.9
1144010 2141.9
1144020 2138.1
1144030 2133.0
1144040 2133.0
1144050 2125.7
1144060 2119.0
1144070 2119.0
1144080 2112.9
1144090 2106.2
1144100 2106.2
1144110 2100.3
1144120 2095.3
1144130 2095.3
1144140 2090.1
1144150 2085.5
1144160 2077.7
1144170 2077.7
1144180 2072.6
1144190 2065.7
1144200 2065.7
1144210 2061.7
1144220 2062.6
1144230 2062.6
1144240 2059.3
1144250 2044.7
1144260 2044.7
1144270 2033.6
1144280 2024.3
1144290 2024.3
1144300 2015.0
1144310 2015.2
1144320 2015.2
1144330 2020.8
1144340 2014.1
1144350 2014.1
1144360 2004.6
1144370 1997.6
1144380 1997.6
1144390 1983.2
1144400 1964.6
1144410 1948.9
1144420 1948.9
1144430 1940.1
1144440 1934.1
1144450 1934.1
1144460 1928.4
1144470 1922.6
1144480 1922.6
1144490 1915.7
1144500 1910.6
1144510 1910.6
1144520 1907.3
1144530 1897.1
1144540 1897.1
1144550 1892.5
1144560 1885.3
1144570 1885.3
1144580 1882.3
1144590 1881.8
1144600 1881.8
1144610 1880.2
1144620 1877.1
1144630 1877.1
1144640 1874.3
1144650 1873.3
1144660 1873.5
1144670 1873.5
1144680 1872.3
1144690 1870.2
1144700 1870.2
1144710 1868.0
1144720 1864.4
1144730 1864.4
1144740 1858.8
1144750 1850.3
1144760 1850.3
1144770 1841.3
1144780 1832.2
1144790 1832.2
1144800 1821.9
1144810 1812.4
1144820 1812.4
1144830 1803.4
1144840 1795.0
1144850 1795.0
1144860 1786.7
1144870 1779.5
1144880 1779.5
1144890 1775.9
1144900 1765.8
1144910 1763.8
1144920 1763.8
1144930 1759.1
1144940 1752.7
1144950 1752.7
1144960 1745.9
1144970 1738.8
1144980 1738.8
1144990 1729.9
1145000 1720.5
1145010 1720.5
1145020 1711.1
1145030 1702.4
1145040 1702.4
1145050 1694.0
1145060 1684.8
1145070 1684.8
1145080 1674.7
1145090 1662.1
1145100 1662.1
1145110 1655.3
1145120 1650.9
1145130 1650.9
1145140 1644.7
1145150 1632.2
1145160 1632.2
1145170 1621.4
1145180 1611.0
1145190 1604.4
1145200 1604.4
1145210 1600.3
1145220 1595.6
1145230 1595.6
1145240 1591.2
1145250 1586.5
1145260 1586.5
1145270 1582.5
1145280 1571.9
1145290 1571.9
1145300 1569.0
1145310 1565.2
1145320 1565.2
1145330 1559.8
1145340 1553.9
1145350 1553.9
1145360 1548.0
1145370 1542.1
1145380 1542.1
1145390 1536.5
1145400 1531.1
1145410 1531.1
1145420 1526.0
1145430 1521.5
1145440 1517.1
1145450 1517.1
1145460 1513.6
1145470 1511.2
1145480 1511.2
1145490 1505.8
1145500 1492.0
1145510 1492.0
1145520 1479.4
1145530 1471.2
1145540 1471.2
1145550 1463.6
1145560 1455.9
1145570 1455.9
1145580 1448.4
1145590 1440.9
1145600 1440.9
1145610 1433.4
1145620 1425.3
1145630 1425.3
1145640 1416.5
1145650 1410.5
1145660 1410.5
1145670 1404.5
1145680 1398.3
1145690 1391.5
1145700 1391.5
1145710 1384.3
1145720 1376.9
1145730 1376.9
1145740 1370.3
1145750 1364.2
1145760 1364.2
1145770 1357.9
1145780 1350.2
1145790 1350.2
1145800 1340.0
1145810 1327.0
1145820 1327.0
1145830 1314.8
1145840 1303.3
1145850 1303.3
1145860 1289.8
1145870 1287.3
1145880 1287.3
1145890 1288.8
1145900 1289.3
1145910 1289.3
1145920 1277.7
1145930 1255.3
1145940 1269.1
1145950 1269.1
1145960 1292.3
1145970 1309.5
1145980 1309.5
1145990 1315.6
1146000 1320.1
1146010 1320.1
1146020 1325.3
1146030 1330.3
1146040 1330.3
1146050 1335.5
1146060 1341.2
1146070 1341.2
1146080 1346.2
1146090 1349.7
1146100 1349.7
1146110 1356.6
1146120 1361.0
1146130 1361.0
1146140 1364.5
1146150 1368.3
1146160 1368.3
1146170 1372.9
1146180 1377.3
1146190 1377.3
1146200 1382.1
1146210 1387.7
1146220 1394.9
1146230 1394.9
1146240 1402.9
1146250 1407.1
1146260 1407.1
1146270 1413.8
1146280 1421.0
1146290 1421.0
1146300 1427.8
1146310 1434.7
1146320 1434.7
1146330 1441.9
1146340 1449.8
1146350 1449.8
1146360 1457.5
1146370 1463.9
1146380 1463.9
1146390 1469.2
1146400 1474.1
1146410 1475.8
1146420 1480.9
1146430 1486.1
1146440 1486.1
1146450 1492.0
1146460 1499.1
1146470 1505.7
1146480 1505.7
1146490 1511.8
1146500 1518.6
1146510 1518.6
1146520 1525.7
1146530 1532.8
1146540 1532.8
1146550 1537.9
1146560 1541.2
1146570 1541.2
1146580 1544.1
1146590 1546.8
1146600 1546.8
1146610 1549.7
1146620 1553.9
1146630 1553.9
1146640 1559.1
1146650 1564.6
1146660 1564.6
1146670 1570.0
1146680 1575.8
1146690 1575.8
1146700 1581.8
1146710 1588.3
1146720 1594.8
1146730 1594.8
1146740 1600.5
1146750 1605.6
1146760 1605.6
1146770 1610.1
1146780 1612.1
1146790 1612.1
1146800 1615.7
1146810 1619.4
1146820 1619.4
1146830 1622.5
1146840 1625.0
1146850 1625.0
1146860 1627.6
1146870 1630.2
1146880 1630.2
1146890 1633.3
1146900 1637.2
1146910 1637.2
1146920 1641.5
1146930 1645.3
1146940 1645.3
1146950 1647.7
1146960 1649.1
1146970 1651.5
1146980 1651.5
1146990 1654.4
1147000 1657.8
1147010 1657.8
1147020 1661.5
1147030 1665.8
1147040 1665.8
1147050 1670.8
1147060 1676.6
1147070 1676.6
1147080 1682.1
1147090 1687.0
1147100 1687.0
1147110 1691.9
1147120 1696.4
1147130 1696.4
1147140 1700.9
1147150 1705.3
1147160 1703.1
1147170 1707.0
1147180 1710.4
1147190 1710.4
1147200 1714.0
1147210 1717.5
1147220 1717.5
1147230 1717.9
1147240 1714.3
1147250 1709.7
1147260 1709.7
1147270 1707.3
1147280 1711.2
1147290 1711.2
1147300 1716.0
1147310 1718.8
1147320 1718.8
1147330 1721.7
1147340 1726.0
1147350 1726.0
1147360 1732.5
1147370 1737.3
1147380 1737.3
1147390 1740.0
1147400 1740.7
1147410 1740.7
1147420 1739.9
1147430 1741.5
1147440 1741.5
1147450 1745.7
1147460 1751.8
1147470 1751.8
1147480 1758.7
1147490 1766.6
1147500 1775.1
1147510 1775.1
1147520 1782.5
1147530 1788.1
1147540 1785.3
1147550 1792.2
1147560 1798.7
1147570 1798.7
1147580 1803.8
1147590 1807.8
1147600 1807.8
1147610 1810.6
1147620 1812.7
1147630 1812.7
1147640 1814.2
1147650 1816.9
1147660 1816.9
1147670 1822.7
1147680 1826.8
1147690 1826.8
1147700 1829.7
1147710 1834.0
1147720 1834.0
1147730 1839.3
1147740 1844.5
1147750 1848.3
1147760 1848.3
1147770 1855.4
1147780 1862.7
1147790 1862.7
1147800 1868.7
1147810 1873.9
1147820 1873.9
1147830 1879.2
1147840 1884.4
1147850 1884.4
1147860 1889.0
1147870 1893.7
1147880 1893.7
1147890 1898.0
1147900 1902.4
1147910 1902.4
1147920 1907.6
1147930 1913.1
1147940 1913.1
1147950 1918.5
1147960 1923.5
1147970 1923.5
1147980 1928.6
1147990 1933.7
1148000 1938.7
1148010 1938.7
1148020 1943.3
1148030 1947.9
1148040 1947.9
1148050 1952.9
1148060 1958.2
1148070 1958.2
1148080 1963.8
1148090 1969.4
1148100 1969.4
1148110 1975.4
1148120 1982.1
1148130 1982.1
1148140 1988.8
1148150 1995.2
1148160 1995.2
1148170 2001.7
1148180 2008.4
1148190 2008.4
1148200 2014.9
1148210 2021.6
1148220 2021.6
1148230 2028.1
1148240 2033.3
1148250 2033.3
1148260 2038.8
1148270 2044.4
1148280 2049.5
1148290 2047.7
1148300 2054.0
1148310 2061.1
1148320 2061.1
1148330 2067.5
1148340 2073.4
1148350 2073.4
1148360 2078.7
1148370 2084.2
1148380 2084.2
1148390 2090.4
1148400 2097.0
1148410 2097.0
1148420 2103.5
1148430 2109.9
1148440 2109.9
1148450 2116.1
1148460 2121.7
1148470 2121.7
1148480 2127.7
1148490 2133.8
1148500 2133.8
1148510 2140.2
1148520 2146.8
1148530 2154.1
1148540 2154.1
1148550 2164.3
1148560 2171.1
1148570 2171.1
1148580 2176.3
1148590 2182.2
1148600 2182.2
1148610 2189.5
1148620 2197.3
1148630 2197.3
1148640 2201.9
1148650 2202.8
1148660 2202.8
1148670 2203.4
1148680 2204.3
1148690 2204.3
1148700 2207.4
1148710 2212.6
1148720 2212.6
1148730 2217.8
1148740 2222.8
1148750 2222.8
1148760 2227.9
1148770 2233.2
1148780 2237.1
1148790 2237.1
1148800 2238.7
1148810 2240.0
1148820 2240.0
1148830 2241.3
1148840 2243.6
1148850 2243.6
1148860 2245.4
1148870 2245.9
1148880 2245.9
1148890 2245.5
1148900 2242.5
1148910 2242.5
1148920 2234.4
1148930 2227.2
1148940 2227.2
1148950 2218.1
1148960 2210.5
1148970 2210.5
1148980 2205.8
1148990 2201.9
1149000 2201.9
1149010 2199.3
1149020 2198.4
1149030 2200.4
1149040 2200.4
1149050 2204.7
1149060 2206.0
1149070 2206.0
1149080 2206.6
1149090 2206.4
1149100 2206.4
1149110 2206.8
1149120 2207.8
1149130 2207.8
1149140 2210.0
1149150 2212.4
1149160 2212.4
1149170 2213.3
1149180 2214.2
1149190 2214.2
1149200 2216.5
1149210 2220.8
1149220 2220.8
1149230 2225.6
1149240 2225.9
1149250 2225.9
1149260 2227.7
1149270 2229.7
1149280 2232.2
1149290 2232.2
1149300 2233.2
1149310 2236.3
1149320 2236.3
1149330 2237.9
1149340 2240.2
1149350 2240.2
1149360 2245.5
1149370 2248.8
1149380 2248.8
1149390 2249.7
1149400 2249.8
1149410 2249.8
1149420 2247.9
1149430 2252.5
1149440 2252.5
1149450 2249.9
1149460 2247.7
1149470 2247.7
1149480 2246.2
1149490 2245.3
1149500 2245.3
1149510 2244.2
1149520 2243.7
1149530 2243.7
1149540 2247.2
1149550 2247.9
1149560 2246.3
1149570 2246.3
1149580 2242.9
1149590 2239.5
1149600 2239.5
1149610 2236.5
1149620 2234.1
1149630 2234.1
1149640 2233.0
1149650 2234.0
1149660 2234.0
1149670 2235.6
1149680 2237.1
1149690 2237.1
1149700 2238.5
1149710 2240.4
1149720 2240.4
1149730 2242.6
1149740 2244.9
1149750 2244.9
1149760 2247.4
1149770 2249.3
1149780 2249.3
1149790 2250.8
1149800 2253.1
1149810 2260.5
1149820 2260.5
1149830 2262.9
1149840 2265.7
1149850 2265.7
1149860 2269.2
1149870 2273.9
1149880 2273.9
1149890 2278.2
1149900 2282.5
1149910 2282.5
1149920 2286.7
1149930 2291.2
1149940 2291.2
1149950 2295.1
1149960 2297.6
1149970 2297.6
1149980 2299.2
1149990 2301.8
1150000 2301.8
1150010 2304.2
1150020 2305.9
1150030 2305.9
1150040 2306.8
1150050 2306.5
1150060 2304.3
1150070 2304.3
1150080 2302.8
1150090 2304.0
1150100 2304.0
1150110 2306.2
1150120 2309.1
1150130 2309.1
1150140 2314.2
1150150 2318.8
1150160 2318.8
1150170 2320.5
1150180 2322.8
1150190 2326.3
1150200 2328.7
1150210 2331.0
1150220 2331.0
1150230 2333.2
1150240 2335.4
1150250 2335.4
1150260 2338.2
1150270 2341.3
1150280 2341.3
1150290 2344.9
1150300 2349.1
1150310 2353.4
1150320 2353.4
1150330 2357.7
1150340 2361.8
1150350 2361.8
1150360 2366.1
1150370 2370.3
1150380 2370.3
1150390 2374.3
1150400 2378.0
1150410 2378.0
1150420 2381.7
1150430 2386.0
1150440 2386.0
1150450 2391.5
1150460 2398.2
1150470 2398.2
1150480 2404.7
1150490 2411.4
1150500 2411.4
1150510 2418.3
1150520 2425.4
1150530 2425.4
1150540 2431.9
1150550 2437.6
1150560 2437.6
1150570 2450.6
1150580 2465.8
1150590 2473.1
1150600 2473.1
1150610 2477.2
1150620 2479.8
1150630 2479.8
1150640 2487.3
1150650 2494.8
1150660 2494.8
1150670 2502.5
1150680 2510.8
1150690 2510.8
1150700 2518.8
1150710 2517.8
1150720 2517.8
1150730 2508.1
1150740 2499.7
1150750 2499.7
1150760 2492.2
1150770 2482.9
1150780 2482.9
1150790 2464.5
1150800 2448.7
1150810 2448.7
1150820 2435.7
1150830 2425.6
1150840 2414.2
1150850 2414.2
1150860 2397.6
1150870 2381.9
1150880 2381.9
1150890 2366.4
1150900 2353.8
1150910 2353.8
1150920 2337.4
1150930 2322.7
1150940 2322.7
1150950 2322.6
1150960 2316.9
1150970 2316.9
1150980 2314.4
1150990 2313.7
1151000 2313.7
1151010 2310.6
1151020 2305.8
1151030 2305.8
1151040 2300.1
1151050 2294.7
1151060 2294.7
1151070 2289.1
1151080 2283.7
1151090 2280.3
1151100 2280.3
1151110 2280.0
1151120 2282.3
1151130 2282.3
1151140 2280.1
1151150 2278.7
1151160 2278.7
1151170 2276.9
1151180 2272.9
1151190 2272.9
1151200 2272.3
1151210 2277.3
1151220 2277.3
1151230 2280.5
1151240 2284.0
1151250 2284.0
1151260 2287.1
1151270 2284.8
1151280 2284.8
1151290 2281.0
1151300 2278.8
1151310 2278.8
1151320 2278.8
1151330 2283.7
1151340 2264.3
1151350 2264.3
1151360 2251.6
1151370 2232.6
1151380 2232.6
1151390 2204.5
1151400 2183.3
1151410 2183.3
1151420 2161.3
1151430 2137.3
1151440 2137.3
1151450 2117.7
1151460 2103.0
1151470 2103.0
1151480 2089.8
1151490 2078.0
1151500 2078.0
1151510 2064.1
1151520 2051.3
1151530 2051.3
1151540 2042.1
1151550 2035.3
1151560 2035.3
1151570 2030.0
1151580 2024.0
1151590 2010.8
1151600 2010.8
1151610 2002.4
1151620 1995.8
1151630 1995.8
1151640 1990.2
1151650 1984.7
1151660 1984.7
1151670 1978.8
1151680 1973.7
1151690 1973.7
1151700 1968.8
1151710 1965.3
1151720 1965.3
1151730 1958.0
1151740 1951.8
1151750 1951.8
1151760 1946.4
1151770 1940.9
1151780 1940.9
1151790 1936.5
1151800 1931.7
1151810 1931.7
1151820 1926.7
1151830 1920.2
1151840 1920.2
1151850 1914.5
1151860 1909.7
1151870 1903.3
1151880 1903.3
1151890 1896.8
1151900 1891.0
1151910 1891.0
1151920 1883.6
1151930 1875.4
1151940 1875.4
1151950 1867.8
1151960 1859.8
1151970 1859.8
1151980 1850.9
1151990 1841.7
1152000 1841.7
1152010 1828.6
1152020 1818.1
1152030 1818.1
1152040 1810.4
1152050 1803.2
1152060 1803.2
1152070 1796.2
1152080 1790.9
1152090 1782.9
1152100 1776.1
1152110 1767.4
1152120 1758.7
1152130 1758.7
1152140 1750.9
1152150 1743.8
1152160 1743.8
1152170 1734.4
1152180 1723.3
1152190 1723.3
1152200 1713.4
1152210 1705.1
1152220 1705.1
1152230 1697.2
1152240 1689.9
1152250 1689.9
1152260 1682.1
1152270 1674.8
1152280 1674.8
1152290 1667.9
1152300 1661.6
1152310 1661.6
1152320 1655.7
1152330 1649.4
1152340 1649.4
1152350 1642.7
1152360 1635.4
1152370 1627.9
1152380 1627.9
1152390 1619.4
1152400 1611.5
1152410 1611.5
1152420 1605.3
1152430 1599.9
1152440 1599.9
1152450 1594.6
1152460 1589.9
1152470 1589.9
1152480 1589.5
1152490 1588.0
1152500 1588.0
1152510 1586.4
1152520 1585.2
1152530 1585.2
1152540 1583.8
1152550 1582.9
1152560 1582.9
1152570 1581.3
1152580 1579.5
1152590 1579.5
1152600 1578.0
1152610 1577.3
1152620 1575.4
1152630 1575.4
1152640 1570.4
1152650 1568.4
1152660 1568.4
1152670 1567.2
1152680 1566.5
1152690 1566.5
1152700 1567.0
1152710 1568.7
1152720 1568.7
1152730 1568.5
1152740 1567.2
1152750 1567.2
1152760 1566.4
1152770 1566.3
1152780 1566.3
1152790 1565.7
1152800 1564.7
1152810 1564.7
1152820 1566.0
1152830 1571.3
1152840 1571.3
1152850 1576.0
1152860 1583.7
1152870 1583.7
1152880 1587.9
1152890 1592.2
1152900 1595.3
1152910 1595.3
1152920 1598.6
1152930 1603.0
1152940 1603.0
1152950 1608.2
1152960 1613.8
1152970 1613.8
1152980 1619.4
1152990 1627.7
1153000 1627.7
1153010 1635.8
1153020 1644.7
1153030 1644.7
1153040 1654.8
1153050 1663.2
1153060 1663.2
1153070 1670.5
1153080 1680.0
1153090 1680.0
1153100 1691.0
1153110 1701.5
1153120 1701.5
1153130 1712.4
1153140 1722.8
1153150 1734.2
1153160 1734.2
1153170 1745.5
1153180 1754.0
1153190 1754.0
1153200 1762.0
1153210 1769.5
1153220 1769.5
1153230 1777.2
1153240 1788.1
1153250 1788.1
1153260 1796.0
1153270 1803.9
1153280 1803.9
1153290 1811.4
1153300 1817.5
1153310 1817.5
1153320 1824.4
1153330 1832.7
1153340 1832.7
1153350 1842.7
1153360 1852.0
1153370 1852.0
1153380 1861.7
1153390 1871.0
1153400 1879.1
1153410 1879.1
1153420 1886.2
1153430 1893.8
1153440 1893.8
1153450 1902.1
1153460 1911.1
1153470 1911.1
1153480 1920.9
1153490 1933.3
1153500 1933.3
1153510 1942.9
1153520 1950.2
1153530 1950.2
1153540 1957.8
1153550 1966.5
1153560 1966.5
1153570 1974.6
1153580 1981.5
1153590 1981.5
1153600 1988.1
1153610 1993.9
1153620 1993.9
1153630 2001.9
1153640 2006.5
1153650 2011.1
1153660 2011.1
1153670 2015.9
1153680 2020.7
1153690 2020.7
1153700 2025.3
1153710 2029.8
1153720 2029.8
1153730 2034.7
1153740 2040.0
1153750 2040.0
1153760 2045.7
1153770 2051.7
1153780 2051.7
1153790 2058.0
1153800 2064.5
1153810 2064.5
1153820 2071.2
1153830 2077.1
1153840 2077.1
1153850 2082.4
1153860 2088.1
1153870 2088.1
1153880 2093.4
1153890 2098.2
1153900 2102.6
1153910 2102.6
1153920 2106.0
1153930 2109.7
1153940 2109.7
1153950 2112.0
1153960 2113.9
1153970 2113.9
1153980 2114.7
1153990 2109.6
1154000 2109.6
1154010 2108.4
1154020 2103.7
1154030 2103.7
1154040 2101.8
1154050 2103.6
1154060 2103.6
1154070 2101.7
1154080 2096.6
1154090 2096.6
1154100 2089.3
1154110 2088.4
1154120 2088.4
1154130 2086.5
1154140 2081.1
1154150 2081.1
1154160 2079.0
1154170 2087.9
1154180 2092.4
1154190 2092.4
1154200 2088.7
1154210 2084.6
1154220 2084.6
1154230 2082.0
1154240 2091.1
1154250 2091.1
1154260 2101.2
1154270 2108.2
1154280 2108.2
1154290 2109.6
1154300 2109.5
1154310 2109.5
1154320 2107.7
1154330 2105.1
1154340 2105.1
1154350 2106.2
1154360 2103.0
1154370 2103.0
1154380 2099.9
1154390 2096.8
1154400 2103.1
1154410 2106.9
1154420 2107.8
1154430 2107.7
1154440 2107.7
1154450 2110.6
1154460 2111.7
1154470 2111.7
1154480 2113.7
1154490 2118.4
1154500 2118.4
1154510 2124.6
1154520 2132.2
1154530 2132.2
1154540 2139.3
1154550 2144.7
1154560 2144.7
1154570 2152.0
1154580 2160.3
1154590 2160.3
1154600 2168.9
1154610 2177.7
1154620 2177.7
1154630 2187.2
1154640 2196.2
1154650 2196.2
1154660 2203.7
1154670 2212.9
1154680 2222.0
1154690 2222.0
1154700 2231.8
1154710 2243.1
1154720 2243.1
1154730 2255.5
1154740 2264.4
1154750 2264.4
1154760 2270.9
1154770 2270.0
1154780 2282.4
1154790 2282.9
1154800 2283.3
1154810 2283.3
1154820 2287.0
1154830 2286.7
1154840 2286.7
1154850 2284.1
1154860 2284.7
1154870 2284.7
1154880 2287.4
1154890 2289.1
1154900 2289.1
1154910 2294.2
1154920 2304.3
1154930 2311.2
1154940 2311.2
1154950 2313.4
1154960 2319.1
1154970 2319.1
1154980 2325.3
1154990 2322.2
1155000 2322.2
1155010 2315.5
1155020 2309.7
1155030 2309.7
1155040 2304.3
1155050 2299.7
1155060 2299.7
1155070 2293.6
1155080 2287.2
1155090 2287.2
1155100 2282.1
1155110 2277.9
1155120 2277.9
1155130 2273.2
1155140 2268.6
1155150 2268.6
1155160 2264.5
1155170 2263.9
1155180 2263.9
1155190 2260.5
1155200 2258.1
1155210 2256.0
1155220 2256.0
1155230 2254.1
1155240 2251.2
1155250 2251.2
1155260 2248.4
1155270 2245.8
1155280 2245.8
1155290 2243.3
1155300 2239.7
1155310 2239.7
1155320 2239.6
1155330 2240.4
1155340 2240.4
1155350 2241.9
1155360 2243.3
1155370 2243.3
1155380 2244.9
1155390 2244.4
1155400 2244.4
1155410 2239.6
1155420 2231.1
1155430 2231.1
1155440 2220.0
1155450 2205.7
1155460 2189.8
1155470 2189.8
1155480 2172.9
1155490 2150.8
1155500 2150.8
1155510 2121.5
1155520 2109.0
1155530 2109.0
1155540 2097.6
1155550 2084.6
1155560 2080.7
1155570 2063.0
1155580 2052.6
1155590 2052.6
1155600 2044.4
1155610 2037.3
1155620 2037.3
1155630 2029.7
1155640 2020.1
1155650 2020.1
1155660 2005.2
1155670 1992.6
1155680 1992.6
1155690 1986.3
1155700 1980.4
1155710 1974.6
1155720 1974.6
1155730 1968.4
1155740 1961.8
1155750 1961.8
1155760 1954.4
1155770 1947.2
1155780 1947.2
1155790 1940.9
1155800 1934.8
1155810 1934.8
1155820 1929.2
1155830 1924.1
1155840 1924.1
1155850 1919.9
1155860 1915.0
1155870 1915.0
1155880 1909.3
1155890 1903.0
1155900 1903.0
1155910 1896.2
1155920 1890.1
1155930 1890.1
1155940 1884.6
1155950 1879.3
1155960 1874.0
1155970 1874.0
1155980 1868.5
1155990 1861.9
1156000 1861.9
1156010 1856.2
1156020 1852.9
1156030 1852.9
1156040 1850.4
1156050 1848.5
1156060 1848.5
1156070 1846.6
1156080 1844.6
1156090 1844.6
1156100 1841.5
1156110 1838.1
1156120 1838.1
1156130 1835.1
1156140 1832.6
1156150 1832.6
1156160 1829.1
1156170 1825.4
1156180 1825.4
1156190 1821.1
1156200 1817.1
1156210 1810.5
1156220 1810.5
1156230 1803.1
1156240 1798.0
1156250 1798.0
1156260 1793.7
1156270 1788.8
1156280 1788.8
1156290 1784.0
1156300 1779.2
1156310 1779.2
1156320 1776.6
1156330 1776.4
1156340 1776.4
1156350 1774.5
1156360 1772.4
1156370 1772.4
1156380 1770.6
1156390 1768.2
1156400 1768.2
1156410 1765.5
1156420 1762.5
1156430 1762.5
1156440 1759.0
1156450 1754.8
1156460 1754.8
1156470 1750.2
1156480 1744.7
1156490 1738.1
1156500 1738.1
1156510 1730.8
1156520 1726.0
1156530 1726.0
1156540 1722.0
1156550 1717.5
1156560 1717.5
1156570 1712.0
1156580 1706.6
1156590 1706.6
1156600 1702.2
1156610 1698.1
1156620 1698.1
1156630 1694.0
1156640 1689.6
1156650 1689.6
1156660 1684.9
1156670 1682.2
1156680 1682.2
1156690 1680.2
1156700 1677.6
1156710 1677.6
1156720 1672.6
1156730 1670.3
1156740 1668.5
1156750 1668.5
1156760 1667.7
1156770 1667.1
1156780 1667.1
1156790 1666.0
1156800 1665.1
1156810 1665.1
1156820 1666.4
1156830 1665.7
1156840 1665.7
1156850 1665.9
1156860 1666.0
1156870 1666.0
1156880 1666.0
1156890 1666.5
1156900 1666.5
1156910 1667.9
1156920 1669.4
1156930 1669.4
1156940 1671.6
1156950 1673.6
1156960 1673.6
1156970 1675.7
1156980 1677.8
1156990 1680.5
1157000 1680.5
1157010 1682.4
1157020 1683.5
1157030 1683.5
1157040 1687.1
1157050 1689.2
1157060 1689.2
1157070 1690.9
1157080 1693.0
1157090 1693.0
1157100 1695.1
1157110 1699.9
1157120 1699.9
1157130 1705.4
1157140 1711.2
1157150 1711.2
1157160 1717.2
1157170 1723.2
1157180 1723.2
1157190 1729.4
1157200 1735.3
1157210 1735.3
1157220 1741.0
1157230 1747.3
1157240 1753.5
1157250 1753.5
1157260 1760.3
1157270 1767.5
1157280 1767.5
1157290 1774.7
1157300 1781.6
1157310 1781.6
1157320 1788.6
1157330 1795.5
1157340 1795.5
1157350 1802.3
1157360 1809.6
1157370 1809.6
1157380 1816.7
1157390 1824.0
1157400 1824.0
1157410 1831.7
1157420 1839.5
1157430 1839.5
1157440 1847.0
1157450 1852.8
1157460 1852.8
1157470 1858.7
1157480 1864.8
1157490 1865.1
1157500 1871.6
1157510 1878.0
1157520 1884.7
1157530 1884.7
1157540 1891.2
1157550 1898.2
1157560 1898.2
1157570 1904.8
1157580 1912.8
1157590 1912.8
1157600 1921.5
1157610 1931.8
1157620 1931.8
1157630 1940.7
1157640 1948.9
1157650 1948.9
1157660 1956.2
1157670 1963.5
1157680 1963.5
1157690 1971.2
1157700 1982.3
1157710 1982.3
1157720 2008.1
1157730 2054.7
1157740 2054.7
1157750 2084.0
1157760 2089.8
1157770 2096.1
1157780 2096.1
1157790 2093.6
1157800 2100.2
1157810 2100.2
1157820 2100.3
1157830 2105.7
1157840 2105.7
1157850 2114.3
1157860 2123.1
1157870 2123.1
1157880 2129.0
1157890 2150.7
1157900 2150.7
1157910 2179.4
1157920 2201.6
1157930 2201.6
1157940 2218.2
1157950 2230.0
1157960 2230.0
1157970 2238.8
1157980 2242.7
1157990 2242.7
1158000 2245.5
1158010 2248.5
1158020 2251.4
1158030 2251.4
1158040 2254.4
1158050 2256.8
1158060 2256.8
1158070 2258.8
1158080 2259.8
1158090 2259.8
1158100 2260.0
1158110 2259.7
1158120 2259.7
1158130 2258.7
1158140 2256.0
1158150 2256.0
1158160 2250.4
1158170 2245.7
1158180 2245.7
1158190 2242.3
1158200 2237.4
1158210 2237.4
1158220 2231.2
1158230 2219.3
1158240 2219.3
1158250 2195.3
1158260 2184.1
1158270 2174.3
1158280 2174.3
1158290 2157.4
1158300 2148.4
1158310 2148.4
1158320 2141.1
1158330 2133.3
1158340 2133.3
1158350 2125.4
1158360 2117.7
1158370 2117.7
1158380 2110.8
1158390 2103.0
1158400 2103.0
1158410 2096.2
1158420 2090.1
1158430 2090.1
1158440 2083.7
1158450 2077.5
1158460 2077.5
1158470 2071.9
1158480 2065.9
1158490 2065.9
1158500 2059.5
1158510 2054.0
1158520 2048.5
1158530 2048.5
1158540 2042.8
1158550 2037.6
1158560 2037.6
1158570 2032.2
1158580 2026.1
1158590 2026.1
1158600 2020.7
1158610 2015.3
1158620 2015.3
1158630 2009.8
1158640 2004.1
1158650 2004.1
1158660 1997.3
1158670 1992.4
1158680 1992.4
1158690 1987.8
1158700 1982.1
1158710 1982.1
1158720 1978.1
1158730 1974.8
1158740 1974.8
1158750 1971.3
1158760 1968.0
1158770 1968.0
1158780 1965.1
1158790 1960.5
1158800 1954.0
1158810 1954.0
1158820 1947.0
1158830 1939.8
1158840 1939.8
1158850 1933.7
1158860 1928.9
1158870 1928.9
1158880 1924.5
1158890 1920.0
1158900 1920.0
1158910 1914.9
1158920 1909.3
1158930 1909.3
1158940 1904.6
1158950 1901.2
1158960 1901.2
1158970 1899.5
1158980 1898.1
1158990 1898.1
1159000 1896.9
1159010 1894.1
1159020 1894.1
1159030 1889.2
1159040 1882.6
1159050 1875.8
1159060 1875.8
1159070 1870.5
1159080 1865.7
1159090 1865.7
1159100 1861.0
1159110 1855.8
1159120 1855.8
1159130 1850.6
1159140 1845.6
1159150 1845.6
1159160 1840.5
1159170 1835.8
1159180 1835.8
1159190 1831.5
1159200 1827.7
1159210 1827.7
1159220 1824.1
1159230 1820.6
1159240 1820.6
1159250 1816.7
1159260 1812.6
1159270 1812.6
1159280 1807.3
1159290 1801.8
1159300 1796.1
1159310 1796.1
1159320 1790.0
1159330 1783.9
1159340 1783.9
1159350 1778.1
1159360 1772.3
1159370 1772.3
1159380 1767.4
1159390 1763.4
1159400 1763.4
1159410 1760.3
1159420 1756.9
1159430 1756.9
1159440 1752.3
1159450 1746.1
1159460 1746.1
1159470 1740.1
1159480 1734.0
1159490 1734.0
1159500 1727.4
1159510 1720.6
1159520 1720.6
1159530 1714.4
1159540 1707.6
1159550 1700.8
1159560 1700.8
1159570 1693.2
1159580 1682.4
1159590 1682.4
1159600 1672.2
1159610 1663.9
1159620 1663.9
1159630 1656.9
1159640 1651.0
1159650 1651.0
1159660 1644.9
1159670 1639.0
1159680 1639.0
1159690 1633.0
1159700 1627.0
1159710 1627.0
1159720 1621.5
1159730 1616.1
1159740 1616.1
1159750 1610.9
1159760 1605.5
1159770 1605.5
1159780 1600.0
1159790 1590.6
1159800 1590.6
1159810 1576.5
1159820 1564.0
1159830 1553.5
1159840 1556.9
1159850 1548.5
1159860 1541.4
1159870 1541.4
1159880 1536.2
1159890 1535.4
1159900 1535.4
1159910 1536.0
1159920 1532.5
1159930 1532.5
1159940 1527.1
1159950 1521.5
1159960 1521.5
1159970 1514.4
1159980 1507.7
1159990 1507.7
