1140000 1936.3
1140010 1931.5
1140020 1924.7
1140030 1920.0
1140040 1914.4
1140050 1914.4
1140060 1906.3
1140070 1898.6
1140080 1898.6
1140090 1892.1
1140100 1886.5
1140110 1886.5
1140120 1882.0
1140130 1877.6
1140140 1874.6
1140150 1874.6
1140160 1871.7
1140170 1866.9
1140180 1866.9
1140190 1862.2
1140200 1857.0
1140210 1857.0
1140220 1852.0
1140230 1847.1
1140240 1847.1
1140250 1842.8
1140260 1839.3
1140270 1839.3
1140280 1835.3
1140290 1830.9
1140300 1830.9
1140310 1826.2
1140320 1820.6
1140330 1820.6
1140340 1814.5
1140350 1808.7
1140360 1808.7
1140370 1802.9
1140380 1797.2
1140390 1797.7
1140400 1792.1
1140410 1786.7
1140420 1781.5
1140430 1781.5
1140440 1776.6
1140450 1771.9
1140460 1771.9
1140470 1766.3
1140480 1761.3
1140490 1761.3
1140500 1756.3
1140510 1751.4
1140520 1751.4
1140530 1746.8
1140540 1741.7
1140550 1741.7
1140560 1737.3
1140570 1733.0
1140580 1733.0
1140590 1727.8
1140600 1722.7
1140610 1722.7
1140620 1717.1
1140630 1711.2
1140640 1711.2
1140650 1705.8
1140660 1700.5
1140670 1695.2
1140680 1695.2
1140690 1690.6
1140700 1686.7
1140710 1686.7
1140720 1682.4
1140730 1677.2
1140740 1677.2
1140750 1671.9
1140760 1664.5
1140770 1664.5
1140780 1659.3
1140790 1653.6
1140800 1653.6
1140810 1648.1
1140820 1643.4
1140830 1643.4
1140840 1638.3
1140850 1631.4
1140860 1631.4
1140870 1624.4
1140880 1616.9
1140890 1616.9
1140900 1607.8
1140910 1597.4
1140920 1587.8
1140930 1587.8
1140940 1578.4
1140950 1562.7
1140960 1562.7
1140970 1553.4
1140980 1547.1
1140990 1547.1
1141000 1539.6
1141010 1531.1
1141020 1531.1
1141030 1519.6
1141040 1508.8
1141050 1508.8
1141060 1493.8
1141070 1480.0
1141080 1480.0
1141090 1461.4
1141100 1454.6
1141110 1454.6
1141120 1448.8
1141130 1452.7
1141140 1452.7
1141150 1444.8
1141160 1436.4
1141170 1427.3
1141180 1427.3
1141190 1418.3
1141200 1409.5
1141210 1409.5
1141220 1401.4
1141230 1394.9
1141240 1394.9
1141250 1392.6
1141260 1395.1
1141270 1395.1
1141280 1401.7
1141290 1410.0
1141300 1410.0
1141310 1420.0
1141320 1430.6
1141330 1430.6
1141340 1438.6
1141350 1447.5
1141360 1447.5
1141370 1458.2
1141380 1475.5
1141390 1475.5
1141400 1490.1
1141410 1507.9
1141420 1507.9
1141430 1531.3
1141440 1544.8
1141450 1549.2
1141460 1549.2
1141470 1552.5
1141480 1556.0
1141490 1556.0
1141500 1567.6
1141510 1568.9
1141520 1568.9
1141530 1569.6
1141540 1571.0
1141550 1571.0
1141560 1570.7
1141570 1568.6
1141580 1568.6
1141590 1566.1
1141600 1558.7
1141610 1558.7
1141620 1548.8
1141630 1545.2
1141640 1545.2
1141650 1533.7
1141660 1509.9
1141670 1509.9
1141680 1495.9
1141690 1491.8
1141700 1503.5
1141710 1503.5
1141720 1522.7
1141730 1536.5
1141740 1536.5
1141750 1553.8
1141760 1566.5
1141770 1566.5
1141780 1576.1
1141790 1583.9
1141800 1583.9
1141810 1592.1
1141820 1601.0
1141830 1601.0
1141840 1609.0
1141850 1616.2
1141860 1616.2
1141870 1618.2
1141880 1626.4
1141890 1626.4
1141900 1635.4
1141910 1645.5
1141920 1645.5
1141930 1655.9
1141940 1663.6
1141950 1669.9
1141960 1669.9
1141970 1676.3
1141980 1683.4
1141990 1683.4
1142000 1691.7
1142010 1696.8
1142020 1696.8
1142030 1702.1
1142040 1706.7
1142050 1706.7
1142060 1711.0
1142070 1715.1
1142080 1715.1
1142090 1722.2
1142100 1743.4
1142110 1743.4
1142120 1753.8
1142130 1761.7
1142140 1761.7
1142150 1770.3
1142160 1779.6
1142170 1779.6
1142180 1787.7
1142190 1793.9
1142200 1793.9
1142210 1798.5
1142220 1802.8
1142230 1807.2
1142240 1807.2
1142250 1805.6
1142260 1810.3
1142270 1810.3
1142280 1815.1
1142290 1820.5
1142300 1820.5
1142310 1825.7
1142320 1830.4
1142330 1830.4
1142340 1834.6
1142350 1837.7
1142360 1837.7
1142370 1840.4
1142380 1843.1
1142390 1843.1
1142400 1845.8
1142410 1848.0
1142420 1848.0
1142430 1851.9
1142440 1858.7
1142450 1858.7
1142460 1864.8
1142470 1868.9
1142480 1873.5
1142490 1873.5
1142500 1878.5
1142510 1883.4
1142520 1883.4
1142530 1889.9
1142540 1896.8
1142550 1896.8
1142560 1903.0
1142570 1909.8
1142580 1909.8
1142590 1916.9
1142600 1924.0
1142610 1924.0
1142620 1933.7
1142630 1939.6
1142640 1939.6
1142650 1944.2
1142660 1948.8
1142670 1948.8
1142680 1953.3
1142690 1954.8
1142700 1954.8
1142710 1955.9
1142720 1958.0
1142730 1961.6
1142740 1961.6
1142750 1966.7
1142760 1972.1
1142770 1972.1
1142780 1978.5
1142790 1985.3
1142800 1985.3
1142810 1991.0
1142820 1995.8
1142830 1995.8
1142840 2001.9
1142850 2009.1
1142860 2009.1
1142870 2015.9
1142880 2022.5
1142890 2022.5
1142900 2030.3
1142910 2040.3
1142920 2040.3
1142930 2050.0
1142940 2056.4
1142950 2056.4
1142960 2064.7
1142970 2072.4
1142980 2079.3
1142990 2073.3
1143000 2079.5
1143010 2085.5
1143020 2085.5
1143030 2092.5
1143040 2100.3
1143050 2100.3
1143060 2109.0
1143070 2117.3
1143080 2117.3
1143090 2125.9
1143100 2133.7
1143110 2133.7
1143120 2141.0
1143130 2148.4
1143140 2148.4
1143150 2155.9
1143160 2163.3
1143170 2163.3
1143180 2170.9
1143190 2179.0
1143200 2179.0
1143210 2186.7
1143220 2194.3
1143230 2194.3
1143240 2202.3
1143250 2210.9
1143260 2220.2
1143270 2220.2
1143280 2229.0
1143290 2237.1
1143300 2237.1
1143310 2245.4
1143320 2253.2
1143330 2253.2
1143340 2261.1
1143350 2269.1
1143360 2265.4
1143370 2273.2
1143380 2280.8
1143390 2280.8
1143400 2288.2
1143410 2295.8
1143420 2295.8
1143430 2301.9
1143440 2302.3
1143450 2302.3
1143460 2297.9
1143470 2293.5
1143480 2293.5
1143490 2289.8
1143500 2285.8
1143510 2281.3
1143520 2281.3
1143530 2276.5
1143540 2272.0
1143550 2272.0
1143560 2267.5
1143570 2265.0
1143580 2265.0
1143590 2260.0
1143600 2253.3
1143610 2253.3
1143620 2246.2
1143630 2239.5
1143640 2239.5
1143650 2233.4
1143660 2227.3
1143670 2227.3
1143680 2218.6
1143690 2209.4
1143700 2209.4
1143710 2201.9
1143720 2194.6
1143730 2194.6
1143740 2194.6
1143750 2190.5
1143760 2188.3
1143770 2188.3
1143780 2185.9
1143790 2181.2
1143800 2181.2
1143810 2175.5
1143820 2170.5
1143830 2170.5
1143840 2165.7
1143850 2159.5
1143860 2159.5
1143870 2149.3
1143880 2141.1
1143890 2141.1
1143900 2137.2
1143910 2134.0
1143920 2134.0
1143930 2130.6
1143940 2127.0
1143950 2127.0
1143960 2123.3
1143970 2119.4
1143980 2119.4
1143990 2115.3
1144000 2114.3
1144010 2114.3
1144020 2112.0
1144030 2106.9
1144040 2100.8
1144050 2100.8
1144060 2094.9
1144070 2089.5
1144080 2089.5
1144090 2084.8
1144100 2080.4
1144110 2087.1
1144120 2080.8
1144130 2070.9
1144140 2070.9
1144150 2061.5
1144160 2056.7
1144170 2056.7
1144180 2052.8
1144190 2048.5
1144200 2048.5
1144210 2044.1
1144220 2037.1
1144230 2037.1
1144240 2028.4
1144250 2020.3
1144260 2020.3
1144270 2014.9
1144280 2011.8
1144290 2007.7
1144300 2007.7
1144310 2002.6
1144320 1997.3
1144330 1997.3
1144340 1990.7
1144350 1985.2
1144360 1985.2
1144370 1979.5
1144380 1972.9
1144390 1972.9
1144400 1967.9
1144410 1960.7
1144420 1960.7
1144430 1947.8
1144440 1938.1
1144450 1938.1
1144460 1928.7
1144470 1920.2
1144480 1926.2
1144490 1918.2
1144500 1909.3
1144510 1909.3
1144520 1897.9
1144530 1880.4
1144540 1858.1
1144550 1858.1
1144560 1838.7
1144570 1827.6
1144580 1827.6
1144590 1818.7
1144600 1810.2
1144610 1810.2
1144620 1802.6
1144630 1796.4
1144640 1796.4
1144650 1791.1
1144660 1786.2
1144670 1786.2
1144680 1780.7
1144690 1775.5
1144700 1775.5
1144710 1770.5
1144720 1765.8
1144730 1765.8
1144740 1761.0
1144750 1756.0
1144760 1756.0
1144770 1751.0
1144780 1745.7
1144790 1740.3
1144800 1740.3
1144810 1734.5
1144820 1729.6
1144830 1729.6
1144840 1724.5
1144850 1719.3
1144860 1723.5
1144870 1717.4
1144880 1710.7
1144890 1710.7
1144900 1705.1
1144910 1699.9
1144920 1699.9
1144930 1695.4
1144940 1691.9
1144950 1691.9
1144960 1689.5
1144970 1688.3
1144980 1688.3
1144990 1688.0
1145000 1689.2
1145010 1689.2
1145020 1690.8
1145030 1691.8
1145040 1691.8
1145050 1692.6
1145060 1691.9
1145070 1691.2
1145080 1691.2
1145090 1691.7
1145100 1690.8
1145110 1690.8
1145120 1688.6
1145130 1685.7
1145140 1685.7
1145150 1682.0
1145160 1677.1
1145170 1677.1
1145180 1671.8
1145190 1666.1
1145200 1666.1
1145210 1660.5
1145220 1655.0
1145230 1662.4
1145240 1656.5
1145250 1649.9
1145260 1649.9
1145270 1642.2
1145280 1633.3
1145290 1633.3
1145300 1624.6
1145310 1616.1
1145320 1608.1
1145330 1608.1
1145340 1601.4
1145350 1589.2
1145360 1589.2
1145370 1567.6
1145380 1555.9
1145390 1555.9
1145400 1550.1
1145410 1544.4
1145420 1544.4
1145430 1538.9
1145440 1533.4
1145450 1533.4
1145460 1527.1
1145470 1520.7
1145480 1520.7
1145490 1515.2
1145500 1511.2
1145510 1511.2
1145520 1507.2
1145530 1500.8
1145540 1500.8
1145550 1491.5
1145560 1483.9
1145570 1476.7
1145580 1476.7
1145590 1468.9
1145600 1462.0
1145610 1464.6
1145620 1458.0
1145630 1453.8
1145640 1453.8
1145650 1449.9
1145660 1444.8
1145670 1444.8
1145680 1438.6
1145690 1430.7
1145700 1430.7
1145710 1419.1
1145720 1401.4
1145730 1401.4
1145740 1387.8
1145750 1378.8
1145760 1378.8
1145770 1369.6
1145780 1360.4
1145790 1360.4
1145800 1352.5
1145810 1344.5
1145820 1344.5
1145830 1336.3
1145840 1328.5
1145850 1322.6
1145860 1322.6
1145870 1316.5
1145880 1310.0
1145890 1310.0
1145900 1302.3
1145910 1296.0
1145920 1296.0
1145930 1291.6
1145940 1285.6
1145950 1285.6
1145960 1275.3
1145970 1262.9
1145980 1267.8
1145990 1255.8
1146000 1243.0
1146010 1243.0
1146020 1232.6
1146030 1232.3
1146040 1232.3
1146050 1242.2
1146060 1252.2
1146070 1252.2
1146080 1258.6
1146090 1266.7
1146100 1275.5
1146110 1275.5
1146120 1284.1
1146130 1294.3
1146140 1294.3
1146150 1302.2
1146160 1307.2
1146170 1307.2
1146180 1311.4
1146190 1315.5
1146200 1315.5
1146210 1319.8
1146220 1324.5
1146230 1324.5
1146240 1330.4
1146250 1338.0
1146260 1338.0
1146270 1342.6
1146280 1346.7
1146290 1346.7
1146300 1352.6
1146310 1359.3
1146320 1359.3
1146330 1365.1
1146340 1371.2
1146350 1377.4
1146360 1377.0
1146370 1383.9
1146380 1390.8
1146390 1390.8
1146400 1397.2
1146410 1403.1
1146420 1403.1
1146430 1410.2
1146440 1417.0
1146450 1417.0
1146460 1424.2
1146470 1432.0
1146480 1432.0
1146490 1439.9
1146500 1447.2
1146510 1447.2
1146520 1454.2
1146530 1461.6
1146540 1461.6
1146550 1469.5
1146560 1477.3
1146570 1477.3
1146580 1486.0
1146590 1494.8
1146600 1503.3
1146610 1503.3
1146620 1516.1
1146630 1537.6
1146640 1537.6
1146650 1563.0
1146660 1583.8
1146670 1583.8
1146680 1596.4
1146690 1606.6
1146700 1606.6
1146710 1619.9
1146720 1629.8
1146730 1629.8
1146740 1631.4
1146750 1636.4
1146760 1636.4
1146770 1641.2
1146780 1644.6
1146790 1644.6
1146800 1647.3
1146810 1651.1
1146820 1651.1
1146830 1657.2
1146840 1664.3
1146850 1664.3
1146860 1671.2
1146870 1678.0
1146880 1685.6
1146890 1685.6
1146900 1694.2
1146910 1703.8
1146920 1703.8
1146930 1713.2
1146940 1723.1
1146950 1723.1
1146960 1734.3
1146970 1743.6
1146980 1743.6
1146990 1751.3
1147000 1758.3
1147010 1758.3
1147020 1765.5
1147030 1772.7
1147040 1772.7
1147050 1778.9
1147060 1784.0
1147070 1784.0
1147080 1787.9
1147090 1791.7
1147100 1791.7
1147110 1807.9
1147120 1810.2
1147130 1815.1
1147140 1815.1
1147150 1821.5
1147160 1827.2
1147170 1827.2
1147180 1832.8
1147190 1837.2
1147200 1837.2
1147210 1839.8
1147220 1842.2
1147230 1842.2
1147240 1844.6
1147250 1847.3
1147260 1847.3
1147270 1850.8
1147280 1855.2
1147290 1855.2
1147300 1861.2
1147310 1867.9
1147320 1867.9
1147330 1873.7
1147340 1879.6
1147350 1879.6
1147360 1887.1
1147370 1894.6
1147380 1900.9
1147390 1900.9
1147400 1906.9
1147410 1912.6
1147420 1912.6
1147430 1918.6
1147440 1924.5
1147450 1924.5
1147460 1929.3
1147470 1932.8
1147480 1932.8
1147490 1943.3
1147500 1947.8
1147510 1947.8
1147520 1953.3
1147530 1959.0
1147540 1959.0
1147550 1963.7
1147560 1968.0
1147570 1968.0
1147580 1971.0
1147590 1974.6
1147600 1974.6
1147610 1979.8
1147620 1984.3
1147630 1984.3
1147640 1988.8
1147650 1992.4
1147660 1997.4
1147670 1997.4
1147680 2001.8
1147690 2006.8
1147700 2006.8
1147710 2011.9
1147720 2016.4
1147730 2016.4
1147740 2018.4
1147750 2020.1
1147760 2020.1
1147770 2022.3
1147780 2025.1
1147790 2025.1
1147800 2029.1
1147810 2033.7
1147820 2033.7
1147830 2038.9
1147840 2043.9
1147850 2043.9
1147860 2048.0
1147870 2047.2
1147880 2047.2
1147890 2050.9
1147900 2053.5
1147910 2056.2
1147920 2056.2
1147930 2060.3
1147940 2064.9
1147950 2064.9
1147960 2067.8
1147970 2070.8
1147980 2070.8
1147990 2073.2
1148000 2074.4
1148010 2074.4
1148020 2076.2
1148030 2077.9
1148040 2077.9
1148050 2083.2
1148060 2089.7
1148070 2089.7
1148080 2095.8
1148090 2101.8
1148100 2101.8
1148110 2108.5
1148120 2115.6
1148130 2115.6
1148140 2124.1
1148150 2136.0
1148160 2146.5
1148170 2146.5
1148180 2154.1
1148190 2162.4
1148200 2162.4
1148210 2169.4
1148220 2174.8
1148230 2174.8
1148240 2181.0
1148250 2185.1
1148260 2185.1
1148270 2190.2
1148280 2195.1
1148290 2195.1
1148300 2198.9
1148310 2202.6
1148320 2202.6
1148330 2207.1
1148340 2208.2
1148350 2208.2
1148360 2209.2
1148370 2210.4
1148380 2210.4
1148390 2210.2
1148400 2209.6
1148410 2208.8
1148420 2208.8
1148430 2207.8
1148440 2206.5
1148450 2206.5
1148460 2205.0
1148470 2201.5
1148480 2201.5
1148490 2196.3
1148500 2187.1
1148510 2187.1
1148520 2175.8
1148530 2154.6
1148540 2154.6
1148550 2142.3
1148560 2135.3
1148570 2135.3
1148580 2127.6
1148590 2109.3
1148600 2109.3
1148610 2089.7
1148620 2084.7
1148630 2084.7
1148640 2077.8
1148650 2072.3
1148660 2072.3
1148670 2066.3
1148680 2060.3
1148690 2054.1
1148700 2054.1
1148710 2047.7
1148720 2041.3
1148730 2041.3
1148740 2035.4
1148750 2029.4
1148760 2029.4
1148770 2023.4
1148780 2017.5
1148790 2017.5
1148800 2012.0
1148810 2007.0
1148820 2007.0
1148830 2002.4
1148840 1998.7
1148850 1998.7
1148860 1996.1
1148870 1994.8
1148880 1994.8
1148890 1995.9
1148900 1997.0
1148910 1997.0
1148920 1996.3
1148930 1994.9
1148940 1995.3
1148950 1995.3
1148960 1997.2
1148970 1997.8
1148980 1997.8
1148990 1999.7
1149000 2006.4
1149010 2006.4
1149020 2009.4
1149030 2012.8
1149040 2012.8
1149050 2015.9
1149060 2018.5
1149070 2018.5
1149080 2021.0
1149090 2024.3
1149100 2024.3
1149110 2027.3
1149120 2029.5
1149130 2029.5
1149140 2030.8
1149150 2032.8
1149160 2032.8
1149170 2035.9
1149180 2037.3
1149190 2036.9
1149200 2036.9
1149210 2038.8
1149220 2041.2
1149230 2041.2
1149240 2044.4
1149250 2048.3
1149260 2048.3
1149270 2053.4
1149280 2060.4
1149290 2060.4
1149300 2069.3
1149310 2076.6
1149320 2076.6
1149330 2082.3
1149340 2088.1
1149350 2088.1
1149360 2094.4
1149370 2100.7
1149380 2103.5
1149390 2109.5
1149400 2115.0
1149410 2115.0
1149420 2120.5
1149430 2126.2
1149440 2132.3
1149450 2132.3
1149460 2138.5
1149470 2144.5
1149480 2144.5
1149490 2150.5
1149500 2156.9
1149510 2156.9
1149520 2163.2
1149530 2169.8
1149540 2169.8
1149550 2176.6
1149560 2183.3
1149570 2183.3
1149580 2189.9
1149590 2196.5
1149600 2196.5
1149610 2203.0
1149620 2209.2
1149630 2209.2
1149640 2215.0
1149650 2220.2
1149660 2220.2
1149670 2225.0
1149680 2230.5
1149690 2230.5
1149700 2236.5
1149710 2246.5
1149720 2258.1
1149730 2258.1
1149740 2268.7
1149750 2276.2
1149760 2269.1
1149770 2282.0
1149780 2287.5
1149790 2287.5
1149800 2292.7
1149810 2296.5
1149820 2296.5
1149830 2301.1
1149840 2309.9
1149850 2309.9
1149860 2316.1
1149870 2323.4
1149880 2323.4
1149890 2339.9
1149900 2359.2
1149910 2359.2
1149920 2368.9
1149930 2373.6
1149940 2373.6
1149950 2379.9
1149960 2387.5
1149970 2392.3
1149980 2392.3
1149990 2397.1
1150000 2399.9
1150010 2399.9
1150020 2401.7
1150030 2404.9
1150040 2404.9
1150050 2409.7
1150060 2414.5
1150070 2414.5
1150080 2420.2
1150090 2426.7
1150100 2426.7
1150110 2432.2
1150120 2435.5
1150130 2435.5
1150140 2433.6
1150150 2440.5
1150160 2440.5
1150170 2450.0
1150180 2456.2
1150190 2456.2
1150200 2461.2
1150210 2469.2
1150220 2479.6
1150230 2479.6
1150240 2485.6
1150250 2489.7
1150260 2489.7
1150270 2496.3
1150280 2498.7
1150290 2498.7
1150300 2503.9
1150310 2508.8
1150320 2508.8
1150330 2503.2
1150340 2505.4
1150350 2505.4
1150360 2511.6
1150370 2522.3
1150380 2522.3
1150390 2532.4
1150400 2537.0
1150410 2537.0
1150420 2539.7
1150430 2541.9
1150440 2541.9
1150450 2544.3
1150460 2546.2
1150470 2546.8
1150480 2546.8
1150490 2547.4
1150500 2548.8
1150510 2548.8
1150520 2553.1
1150530 2559.2
1150540 2559.2
1150550 2563.2
1150560 2567.0
1150570 2567.0
1150580 2569.7
1150590 2572.7
1150600 2572.7
1150610 2576.1
1150620 2582.2
1150630 2582.2
1150640 2589.3
1150650 2594.5
1150660 2594.5
1150670 2595.9
1150680 2598.1
1150690 2598.1
1150700 2599.5
1150710 2597.9
1150720 2597.9
1150730 2594.7
1150740 2593.3
1150750 2587.0
1150760 2587.0
1150770 2577.6
1150780 2569.2
1150790 2569.2
1150800 2560.8
1150810 2550.3
1150820 2550.3
1150830 2539.3
1150840 2530.3
1150850 2530.3
1150860 2522.4
1150870 2513.6
1150880 2513.6
1150890 2505.9
1150900 2497.3
1150910 2497.3
1150920 2488.2
1150930 2479.6
1150940 2479.6
1150950 2470.1
1150960 2457.2
1150970 2457.2
1150980 2445.5
1150990 2434.4
1151000 2425.5
1151010 2425.5
1151020 2415.9
1151030 2406.9
1151040 2406.9
1151050 2396.0
1151060 2366.5
1151070 2366.5
1151080 2348.5
1151090 2338.0
1151100 2338.0
1151110 2333.9
1151120 2332.4
1151130 2332.4
1151140 2327.7
1151150 2320.9
1151160 2320.9
1151170 2314.4
1151180 2303.2
1151190 2303.2
1151200 2284.0
1151210 2270.9
1151220 2270.9
1151230 2261.9
1151240 2252.9
1151250 2247.4
1151260 2247.4
1151270 2244.8
1151280 2220.3
1151290 2220.3
1151300 2199.9
1151310 2190.8
1151320 2190.8
1151330 2184.5
1151340 2178.8
1151350 2178.8
1151360 2173.3
1151370 2168.7
1151380 2168.7
1151390 2165.1
1151400 2163.6
1151410 2163.6
1151420 2165.6
1151430 2170.9
1151440 2170.9
1151450 2154.1
1151460 2135.8
1151470 2135.8
1151480 2127.8
1151490 2119.4
1151500 2111.2
1151510 2111.2
1151520 2104.2
1151530 2091.6
1151540 2091.6
1151550 2081.3
1151560 2063.7
1151570 2063.7
1151580 2038.5
1151590 2024.6
1151600 2024.6
1151610 2016.2
1151620 2008.8
1151630 2008.8
1151640 2001.6
1151650 1994.2
1151660 1994.2
1151670 1986.1
1151680 1979.9
1151690 1979.9
1151700 1973.4
1151710 1966.4
1151720 1966.4
1151730 1959.4
1151740 1952.2
1151750 1952.2
1151760 1944.5
1151770 1935.5
1151780 1928.3
1151790 1928.3
1151800 1922.5
1151810 1916.7
1151820 1916.7
1151830 1911.0
1151840 1905.2
1151850 1905.2
1151860 1899.5
1151870 1893.3
1151880 1893.3
1151890 1886.5
1151900 1878.0
1151910 1878.0
1151920 1868.6
1151930 1861.5
1151940 1861.5
1151950 1851.2
1151960 1843.2
1151970 1843.2
1151980 1842.6
1151990 1838.9
1152000 1838.9
1152010 1834.4
1152020 1834.3
1152030 1835.1
1152040 1835.1
1152050 1821.3
1152060 1818.4
1152070 1818.4
1152080 1816.3
1152090 1814.5
1152100 1814.5
1152110 1811.8
1152120 1809.2
1152130 1809.2
1152140 1809.6
1152150 1810.5
1152160 1810.5
1152170 1807.7
1152180 1804.7
1152190 1804.7
1152200 1802.7
1152210 1796.5
1152220 1796.5
1152230 1775.5
1152240 1761.7
1152250 1761.7
1152260 1752.0
1152270 1741.8
1152280 1730.5
1152290 1730.5
1152300 1723.6
1152310 1722.4
1152320 1722.4
1152330 1717.8
1152340 1716.9
1152350 1716.9
1152360 1714.2
1152370 1709.6
1152380 1709.6
1152390 1705.7
1152400 1702.1
1152410 1702.1
1152420 1694.0
1152430 1676.7
1152440 1676.7
1152450 1660.4
1152460 1646.8
1152470 1646.8
1152480 1633.7
1152490 1621.5
1152500 1621.5
1152510 1611.9
1152520 1604.1
1152530 1604.1
1152540 1598.3
1152550 1592.8
1152560 1587.6
1152570 1587.6
1152580 1582.6
1152590 1577.7
1152600 1577.7
1152610 1571.6
1152620 1567.0
1152630 1567.0
1152640 1563.4
1152650 1558.7
1152660 1558.7
1152670 1553.8
1152680 1548.8
1152690 1548.8
1152700 1543.6
1152710 1538.7
1152720 1538.7
1152730 1534.1
1152740 1529.7
1152750 1529.7
1152760 1525.3
1152770 1521.1
1152780 1521.1
1152790 1516.7
1152800 1511.5
1152810 1511.0
1152820 1511.0
1152830 1511.1
1152840 1509.9
1152850 1509.9
1152860 1508.8
1152870 1507.8
1152880 1507.8
1152890 1506.6
1152900 1506.1
1152910 1506.1
1152920 1505.2
1152930 1505.3
1152940 1505.3
1152950 1507.1
1152960 1508.7
1152970 1508.7
1152980 1509.8
1152990 1511.0
1153000 1511.0
1153010 1512.2
1153020 1513.5
1153030 1513.5
1153040 1514.9
1153050 1516.3
1153060 1517.7
1153070 1517.7
1153080 1519.8
1153090 1522.0
1153100 1522.0
1153110 1524.3
1153120 1526.7
1153130 1526.7
1153140 1528.9
1153150 1531.1
1153160 1531.1
1153170 1533.6
1153180 1536.4
1153190 1536.4
1153200 1537.6
1153210 1540.0
1153220 1540.0
1153230 1541.9
1153240 1543.9
1153250 1543.9
1153260 1547.2
1153270 1551.3
1153280 1551.3
1153290 1557.0
1153300 1564.1
1153310 1571.2
1153320 1571.2
1153330 1578.3
1153340 1585.1
1153350 1585.1
1153360 1591.4
1153370 1599.5
1153380 1599.5
1153390 1608.9
1153400 1618.4
1153410 1618.4
1153420 1627.2
1153430 1629.2
1153440 1629.2
1153450 1620.1
1153460 1612.3
1153470 1612.3
1153480 1608.1
1153490 1606.2
1153500 1606.2
1153510 1609.0
1153520 1617.2
1153530 1617.2
1153540 1634.4
1153550 1646.8
1153560 1646.8
1153570 1649.7
1153580 1645.3
1153590 1649.0
1153600 1649.0
1153610 1654.0
1153620 1662.1
1153630 1662.1
1153640 1682.5
1153650 1698.0
1153660 1698.0
1153670 1703.9
1153680 1712.3
1153690 1712.3
1153700 1727.6
1153710 1750.9
1153720 1750.9
1153730 1764.0
1153740 1771.4
1153750 1771.4
1153760 1775.9
1153770 1781.8
1153780 1781.8
1153790 1789.8
1153800 1798.4
1153810 1798.4
1153820 1807.2
1153830 1815.0
1153840 1822.2
1153850 1822.2
1153860 1828.9
1153870 1835.3
1153880 1835.3
1153890 1840.9
1153900 1845.2
1153910 1845.2
1153920 1849.9
1153930 1857.3
1153940 1857.3
1153950 1864.3
1153960 1871.8
1153970 1871.3
1153980 1879.8
1153990 1888.9
1154000 1888.9
1154010 1897.7
1154020 1905.2
1154030 1905.2
1154040 1911.7
1154050 1917.6
1154060 1917.6
1154070 1923.8
1154080 1931.4
1154090 1939.1
1154100 1939.1
1154110 1946.3
1154120 1953.0
1154130 1953.0
1154140 1959.8
1154150 1966.3
1154160 1966.3
1154170 1972.8
1154180 1979.4
1154190 1979.4
1154200 1985.8
1154210 1993.9
1154220 1993.9
1154230 2002.1
1154240 2008.1
1154250 2008.1
1154260 2013.5
1154270 2021.0
1154280 2021.0
1154290 2031.3
1154300 2041.3
1154310 2041.3
1154320 2051.8
1154330 2061.6
1154340 2070.3
1154350 2066.8
1154360 2076.9
1154370 2086.9
1154380 2086.9
1154390 2096.2
1154400 2105.4
1154410 2105.4
1154420 2114.3
1154430 2123.6
1154440 2123.6
1154450 2132.8
1154460 2141.4
1154470 2141.4
1154480 2150.3
1154490 2159.9
1154500 2159.9
1154510 2169.2
1154520 2178.0
1154530 2178.0
1154540 2188.5
1154550 2202.7
1154560 2202.7
1154570 2215.1
1154580 2237.2
1154590 2237.2
1154600 2247.7
1154610 2259.9
1154620 2267.2
1154630 2267.2
1154640 2271.6
1154650 2277.3
1154660 2277.3
1154670 2285.1
1154680 2291.8
1154690 2291.8
1154700 2298.9
1154710 2309.5
1154720 2309.5
1154730 2321.8
1154740 2340.9
1154750 2340.9
1154760 2348.9
1154770 2355.9
1154780 2355.9
1154790 2363.8
1154800 2370.5
1154810 2370.5
1154820 2377.7
1154830 2385.2
1154840 2385.2
1154850 2392.1
1154860 2398.8
1154870 2407.4
1154880 2407.4
1154890 2416.3
1154900 2426.6
1154910 2426.6
1154920 2436.9
1154930 2446.4
1154940 2446.4
1154950 2455.2
1154960 2463.9
1154970 2463.9
1154980 2472.4
1154990 2480.8
1155000 2480.8
1155010 2488.9
1155020 2499.1
1155030 2499.1
1155040 2507.1
1155050 2498.3
1155060 2498.3
1155070 2483.8
1155080 2470.4
1155090 2470.4
1155100 2456.9
1155110 2444.3
1155120 2429.5
1155130 2429.5
1155140 2416.1
1155150 2400.1
1155160 2400.1
1155170 2395.3
1155180 2408.2
1155190 2408.2
1155200 2411.1
1155210 2411.6
1155220 2411.6
1155230 2412.4
1155240 2397.4
1155250 2397.4
1155260 2354.7
1155270 2323.8
1155280 2323.8
1155290 2309.5
1155300 2299.1
1155310 2299.1
1155320 2287.6
1155330 2280.1
1155340 2280.1
1155350 2274.7
1155360 2265.1
1155370 2255.1
1155380 2255.1
1155390 2243.0
1155400 2233.5
1155410 2233.5
1155420 2226.8
1155430 2220.8
1155440 2220.8
1155450 2216.0
1155460 2211.2
1155470 2211.2
1155480 2205.9
1155490 2199.2
1155500 2199.2
1155510 2186.6
1155520 2178.7
1155530 2178.7
1155540 2169.7
1155550 2160.8
1155560 2160.8
1155570 2152.4
1155580 2143.9
1155590 2143.9
1155600 2134.4
1155610 2124.1
1155620 2124.1
1155630 2115.2
1155640 2108.1
1155650 2099.8
1155660 2099.8
1155670 2091.6
1155680 2083.5
1155690 2083.5
1155700 2076.7
1155710 2070.3
1155720 2070.3
1155730 2063.2
1155740 2055.2
1155750 2055.2
1155760 2047.8
1155770 2041.5
1155780 2041.5
1155790 2034.3
1155800 2029.1
1155810 2029.1
1155820 2026.0
1155830 2020.3
1155840 2020.3
1155850 2012.2
1155860 2004.7
1155870 2004.7
1155880 1995.6
1155890 1987.3
1155900 1988.8
1155910 1988.8
1155920 1979.5
1155930 1967.5
1155940 1967.5
1155950 1959.5
1155960 1951.4
1155970 1951.4
1155980 1940.8
1155990 1930.5
1156000 1930.5
1156010 1922.8
1156020 1916.8
1156030 1916.8
1156040 1910.9
1156050 1907.3
1156060 1907.3
1156070 1904.3
1156080 1899.4
1156090 1899.4
1156100 1894.6
1156110 1889.0
1156120 1889.0
1156130 1882.9
1156140 1876.5
1156150 1869.1
1156160 1869.1
1156170 1862.0
1156180 1855.4
1156190 1855.4
1156200 1849.0
1156210 1847.1
1156220 1847.1
1156230 1846.4
1156240 1842.9
1156250 1842.9
1156260 1838.2
1156270 1832.3
1156280 1836.7
1156290 1830.3
1156300 1823.0
1156310 1823.0
1156320 1814.3
1156330 1804.4
1156340 1804.4
1156350 1794.6
1156360 1784.0
1156370 1784.0
1156380 1775.2
1156390 1766.6
1156400 1766.6
1156410 1757.9
1156420 1750.1
1156430 1742.7
1156440 1742.7
1156450 1730.3
1156460 1717.0
1156470 1717.0
1156480 1706.8
1156490 1696.7
1156500 1696.7
1156510 1687.1
1156520 1683.8
1156530 1683.8
1156540 1686.5
1156550 1687.4
1156560 1687.4
1156570 1681.3
1156580 1672.3
1156590 1672.3
1156600 1663.2
1156610 1654.0
1156620 1654.0
1156630 1644.8
1156640 1636.2
1156650 1636.2
1156660 1628.6
1156670 1623.7
1156680 1617.9
1156690 1617.9
1156700 1613.8
1156710 1610.7
1156720 1610.7
1156730 1607.0
1156740 1603.0
1156750 1603.0
1156760 1599.4
1156770 1596.3
1156780 1596.3
1156790 1593.0
1156800 1589.3
1156810 1589.3
1156820 1586.1
1156830 1582.9
1156840 1582.9
1156850 1579.9
1156860 1577.3
1156870 1577.3
1156880 1575.4
1156890 1572.9
1156900 1572.9
1156910 1570.3
1156920 1567.0
1156930 1562.9
1156940 1562.9
1156950 1555.7
1156960 1552.9
1156970 1552.9
1156980 1554.8
1156990 1559.6
1157000 1559.6
1157010 1564.8
1157020 1568.8
1157030 1568.8
1157040 1572.4
1157050 1576.3
1157060 1576.7
1157070 1580.6
1157080 1584.8
1157090 1584.8
1157100 1588.9
1157110 1593.1
1157120 1593.1
1157130 1597.6
1157140 1601.9
1157150 1601.9
1157160 1606.2
1157170 1610.6
1157180 1614.7
1157190 1614.7
1157200 1618.9
1157210 1623.5
1157220 1623.5
1157230 1626.7
1157240 1627.9
1157250 1627.9
1157260 1631.4
1157270 1637.4
1157280 1637.4
1157290 1642.9
1157300 1648.4
1157310 1648.4
1157320 1654.6
1157330 1660.1
1157340 1660.1
1157350 1665.4
1157360 1670.5
1157370 1670.5
1157380 1675.7
1157390 1680.8
1157400 1680.8
1157410 1685.6
1157420 1690.7
1157430 1690.7
1157440 1696.4
1157450 1697.9
1157460 1703.7
1157470 1703.7
1157480 1710.1
1157490 1715.9
1157500 1715.9
1157510 1721.1
1157520 1726.3
1157530 1726.3
1157540 1731.7
1157550 1737.4
1157560 1737.4
1157570 1744.5
1157580 1751.3
1157590 1751.3
1157600 1756.8
1157610 1763.3
1157620 1763.3
1157630 1769.8
1157640 1776.6
1157650 1776.6
1157660 1783.3
1157670 1789.8
1157680 1789.8
1157690 1798.6
1157700 1806.8
1157710 1815.1
1157720 1815.1
1157730 1827.4
1157740 1836.6
1157750 1836.6
1157760 1850.0
1157770 1864.3
1157780 1864.3
1157790 1875.7
1157800 1887.5
1157810 1887.5
1157820 1901.8
1157830 1919.1
1157840 1892.2
1157850 1913.7
1157860 1940.1
1157870 1940.1
1157880 1957.7
1157890 1978.7
1157900 1978.7
1157910 1995.8
1157920 2009.5
1157930 2009.5
1157940 2019.2
1157950 2027.0
1157960 2034.5
1157970 2034.5
1157980 2042.7
1157990 2053.4
1158000 2053.4
1158010 2069.5
1158020 2083.2
1158030 2083.2
1158040 2092.6
1158050 2102.4
1158060 2102.4
1158070 2108.8
1158080 2110.5
1158090 2110.5
1158100 2108.1
1158110 2105.8
1158120 2105.8
1158130 2107.1
1158140 2108.3
1158150 2108.3
1158160 2108.0
1158170 2105.7
1158180 2105.7
1158190 2104.4
1158200 2104.9
1158210 2105.9
1158220 2105.9
1158230 2117.6
1158240 2121.5
1158250 2121.5
1158260 2123.9
1158270 2126.7
1158280 2126.7
1158290 2129.6
1158300 2128.0
1158310 2128.0
1158320 2124.6
1158330 2122.9
1158340 2122.9
1158350 2123.5
1158360 2124.8
1158370 2124.8
1158380 2125.0
1158390 2125.6
1158400 2125.6
1158410 2125.9
1158420 2127.2
1158430 2127.2
1158440 2130.7
1158450 2136.1
1158460 2136.1
1158470 2143.0
1158480 2144.3
1158490 2145.5
1158500 2145.5
1158510 2147.8
1158520 2151.7
1158530 2151.7
1158540 2155.6
1158550 2159.1
1158560 2159.1
1158570 2162.9
1158580 2166.9
1158590 2166.9
1158600 2171.5
1158610 2176.3
1158620 2182.4
1158630 2187.3
1158640 2192.0
1158650 2192.0
1158660 2197.1
1158670 2202.6
1158680 2202.6
1158690 2208.4
1158700 2213.1
1158710 2213.1
1158720 2215.5
1158730 2215.1
1158740 2212.4
1158750 2212.4
1158760 2207.6
1158770 2202.1
1158780 2202.1
1158790 2195.6
1158800 2187.1
1158810 2187.1
1158820 2178.8
1158830 2172.7
1158840 2172.7
1158850 2167.9
1158860 2162.2
1158870 2162.2
1158880 2156.6
1158890 2151.8
1158900 2151.8
1158910 2146.8
1158920 2140.6
1158930 2140.6
1158940 2133.3
1158950 2123.6
1158960 2123.6
1158970 2112.5
1158980 2103.4
1158990 2095.3
1159000 2095.3
1159010 2085.0
1159020 2078.2
1159030 2078.2
1159040 2070.1
1159050 2060.4
1159060 2060.4
1159070 2049.8
1159080 2040.8
1159090 2040.8
1159100 2032.4
1159110 2024.6
1159120 2024.6
1159130 2016.4
1159140 2008.9
1159150 2008.9
1159160 2003.2
1159170 1995.1
1159180 1995.1
1159190 1986.2
1159200 1978.3
1159210 1978.3
1159220 1971.8
1159230 1965.4
1159240 1959.1
1159250 1959.1
1159260 1952.7
1159270 1946.5
1159280 1946.5
1159290 1940.6
1159300 1934.7
1159310 1934.7
1159320 1929.9
1159330 1926.0
1159340 1926.0
1159350 1923.3
1159360 1927.3
1159370 1927.3
1159380 1929.9
1159390 1928.4
1159400 1923.3
1159410 1920.9
1159420 1916.8
1159430 1916.8
1159440 1912.3
1159450 1907.2
1159460 1907.2
1159470 1903.1
1159480 1898.5
1159490 1898.5
1159500 1895.7
1159510 1892.5
1159520 1885.5
1159530 1885.5
1159540 1878.8
1159550 1873.1
1159560 1873.1
1159570 1868.7
1159580 1858.4
1159590 1858.4
1159600 1848.4
1159610 1839.2
1159620 1839.2
1159630 1830.2
1159640 1822.3
1159650 1822.3
1159660 1815.1
1159670 1807.9
1159680 1807.9
1159690 1799.9
1159700 1787.5
1159710 1787.5
1159720 1774.4
1159730 1764.8
1159740 1764.8
1159750 1756.8
1159760 1749.0
1159770 1741.2
1159780 1741.2
1159790 1733.1
1159800 1724.5
1159810 1724.5
1159820 1717.4
1159830 1714.8
1159840 1714.8
1159850 1714.7
1159860 1713.6
1159870 1713.6
1159880 1712.1
1159890 1711.1
1159900 1711.1
1159910 1706.6
1159920 1699.2
1159930 1699.2
1159940 1691.4
1159950 1688.0
1159960 1688.0
1159970 1693.9
1159980 1696.0
1159990 1696.0
