1140000 1950.6
1140010 1946.3
1140020 1942.7
1140030 1942.7
1140040 1938.3
1140050 1933.9
1140060 1933.9
1140070 1929.6
1140080 1924.9
1140090 1924.9
1140100 1920.3
1140110 1916.9
1140120 1916.9
1140130 1913.3
1140140 1909.9
1140150 1909.9
1140160 1906.1
1140170 1902.5
1140180 1898.4
1140190 1898.4
1140200 1895.3
1140210 1888.2
1140220 1888.2
1140230 1885.4
1140240 1882.5
1140250 1882.5
1140260 1878.9
1140270 1874.9
1140280 1874.9
1140290 1870.9
1140300 1866.4
1140310 1866.4
1140320 1861.2
1140330 1856.6
1140340 1856.6
1140350 1852.5
1140360 1848.1
1140370 1848.1
1140380 1844.2
1140390 1840.1
1140400 1840.1
1140410 1836.1
1140420 1831.7
1140430 1827.8
1140440 1827.8
1140450 1824.9
1140460 1822.4
1140470 1822.4
1140480 1820.2
1140490 1816.9
1140500 1816.9
1140510 1813.1
1140520 1809.0
1140530 1809.0
1140540 1790.7
1140550 1770.8
1140560 1770.8
1140570 1762.3
1140580 1752.3
1140590 1752.3
1140600 1743.3
1140610 1733.8
1140620 1733.8
1140630 1726.0
1140640 1718.3
1140650 1718.3
1140660 1711.0
1140670 1703.2
1140680 1703.2
1140690 1692.1
1140700 1681.2
1140710 1672.0
1140720 1672.0
1140730 1663.2
1140740 1655.4
1140750 1655.4
1140760 1648.3
1140770 1641.4
1140780 1641.4
1140790 1634.3
1140800 1627.6
1140810 1627.6
1140820 1621.3
1140830 1615.2
1140840 1615.2
1140850 1609.3
1140860 1603.4
1140870 1603.4
1140880 1597.5
1140890 1592.0
1140900 1592.0
1140910 1586.4
1140920 1579.8
1140930 1579.8
1140940 1573.3
1140950 1565.9
1140960 1559.6
1140970 1559.6
1140980 1553.5
1140990 1547.9
1141000 1547.9
1141010 1542.5
1141020 1536.8
1141030 1536.8
1141040 1531.4
1141050 1526.5
1141060 1526.5
1141070 1522.3
1141080 1513.8
1141090 1513.8
1141100 1500.2
1141110 1484.4
1141120 1484.4
1141130 1473.0
1141140 1462.9
1141150 1462.9
1141160 1452.9
1141170 1441.4
1141180 1441.4
1141190 1430.8
1141200 1418.1
1141210 1402.9
1141220 1402.9
1141230 1390.3
1141240 1379.6
1141250 1379.6
1141260 1370.2
1141270 1362.2
1141280 1362.2
1141290 1361.4
1141300 1370.1
1141310 1370.1
1141320 1374.0
1141330 1382.4
1141340 1382.4
1141350 1389.1
1141360 1392.8
1141370 1392.8
1141380 1396.1
1141390 1401.4
1141400 1401.4
1141410 1409.5
1141420 1418.0
1141430 1418.0
1141440 1426.2
1141450 1433.6
1141460 1440.5
1141470 1440.5
1141480 1445.4
1141490 1446.3
1141500 1446.3
1141510 1445.0
1141520 1446.8
1141530 1446.8
1141540 1454.7
1141550 1464.0
1141560 1464.0
1141570 1472.7
1141580 1480.6
1141590 1480.6
1141600 1488.5
1141610 1497.0
1141620 1497.0
1141630 1505.3
1141640 1512.6
1141650 1512.6
1141660 1518.8
1141670 1527.4
1141680 1527.4
1141690 1536.5
1141700 1547.4
1141710 1547.4
1141720 1553.6
1141730 1558.9
1141740 1564.0
1141750 1564.0
1141760 1570.1
1141770 1576.9
1141780 1576.9
1141790 1583.4
1141800 1589.3
1141810 1589.3
1141820 1595.3
1141830 1601.5
1141840 1601.5
1141850 1607.3
1141860 1613.8
1141870 1613.8
1141880 1620.1
1141890 1626.5
1141900 1626.5
1141910 1633.1
1141920 1639.9
1141930 1639.9
1141940 1647.3
1141950 1654.3
1141960 1654.3
1141970 1661.5
1141980 1668.8
1141990 1674.2
1142000 1674.2
1142010 1679.0
1142020 1684.5
1142030 1684.5
1142040 1691.2
1142050 1698.6
1142060 1698.6
1142070 1712.0
1142080 1719.0
1142090 1719.0
1142100 1725.8
1142110 1737.1
1142120 1737.1
1142130 1746.8
1142140 1754.6
1142150 1754.6
1142160 1762.7
1142170 1775.5
1142180 1775.5
1142190 1787.3
1142200 1801.6
1142210 1801.6
1142220 1812.8
1142230 1817.7
1142240 1817.6
1142250 1817.6
1142260 1819.8
1142270 1827.3
1142280 1827.3
1142290 1840.2
1142300 1857.4
1142310 1857.4
1142320 1870.9
1142330 1880.5
1142340 1880.5
1142350 1886.4
1142360 1891.2
1142370 1891.2
1142380 1897.6
1142390 1906.7
1142400 1906.7
1142410 1919.1
1142420 1931.3
1142430 1931.3
1142440 1944.9
1142450 1952.8
1142460 1952.8
1142470 1959.5
1142480 1965.9
1142490 1965.9
1142500 1974.3
1142510 1983.2
1142520 1990.7
1142530 1990.7
1142540 1997.8
1142550 2007.3
1142560 2007.3
1142570 2016.4
1142580 2022.1
1142590 2022.1
1142600 2025.8
1142610 2030.7
1142620 2030.7
1142630 2036.5
1142640 2042.9
1142650 2042.9
1142660 2049.9
1142670 2056.5
1142680 2056.5
1142690 2062.5
1142700 2070.0
1142710 2070.0
1142720 2078.0
1142730 2085.1
1142740 2085.1
1142750 2091.4
1142760 2097.6
1142770 2103.7
1142780 2103.7
1142790 2107.9
1142800 2108.2
1142810 2114.4
1142820 2113.9
1142830 2111.1
1142840 2111.1
1142850 2109.3
1142860 2107.7
1142870 2107.7
1142880 2104.7
1142890 2100.0
1142900 2100.0
1142910 2096.6
1142920 2094.6
1142930 2094.6
1142940 2092.6
1142950 2090.0
1142960 2090.0
1142970 2087.2
1142980 2085.1
1142990 2085.1
1143000 2083.1
1143010 2078.2
1143020 2079.2
1143030 2079.2
1143040 2078.6
1143050 2076.0
1143060 2076.0
1143070 2072.7
1143080 2070.3
1143090 2070.3
1143100 2067.7
1143110 2063.6
1143120 2063.6
1143130 2057.4
1143140 2052.0
1143150 2052.0
1143160 2045.4
1143170 2037.6
1143180 2048.5
1143190 2041.3
1143200 2036.9
1143210 2036.9
1143220 2033.2
1143230 2028.6
1143240 2028.6
1143250 2032.2
1143260 2032.2
1143270 2032.2
1143280 2031.0
1143290 2030.0
1143300 2028.5
1143310 2028.5
1143320 2026.9
1143330 2025.1
1143340 2025.1
1143350 2023.0
1143360 2020.8
1143370 2020.8
1143380 2018.9
1143390 2016.4
1143400 2016.4
1143410 2013.8
1143420 2011.8
1143430 2011.8
1143440 2009.1
1143450 2005.7
1143460 2005.7
1143470 2000.8
1143480 1993.9
1143490 1993.9
1143500 1986.9
1143510 1982.5
1143520 1982.5
1143530 1977.0
1143540 1970.4
1143550 1963.7
1143560 1973.2
1143570 1965.1
1143580 1959.3
1143590 1959.3
1143600 1955.0
1143610 1950.6
1143620 1950.6
1143630 1945.7
1143640 1940.4
1143650 1940.4
1143660 1934.9
1143670 1931.3
1143680 1931.3
1143690 1927.9
1143700 1922.4
1143710 1922.4
1143720 1912.7
1143730 1899.9
1143740 1899.9
1143750 1887.5
1143760 1878.9
1143770 1878.9
1143780 1873.2
1143790 1869.1
1143800 1864.9
1143810 1864.9
1143820 1860.3
1143830 1855.9
1143840 1855.9
1143850 1850.9
1143860 1846.5
1143870 1846.5
1143880 1842.4
1143890 1838.2
1143900 1838.2
1143910 1833.8
1143920 1829.2
1143930 1832.8
1143940 1828.4
1143950 1824.1
1143960 1824.1
1143970 1819.4
1143980 1815.6
1143990 1815.6
1144000 1812.8
1144010 1810.3
1144020 1810.3
1144030 1808.6
1144040 1806.7
1144050 1806.7
1144060 1804.1
1144070 1800.9
1144080 1797.9
1144090 1797.9
1144100 1794.6
1144110 1791.4
1144120 1791.4
1144130 1788.9
1144140 1786.6
1144150 1786.6
1144160 1784.5
1144170 1782.9
1144180 1782.9
1144190 1781.0
1144200 1778.9
1144210 1778.9
1144220 1776.7
1144230 1774.4
1144240 1774.4
1144250 1771.8
1144260 1768.9
1144270 1768.9
1144280 1765.7
1144290 1761.8
1144300 1766.5
1144310 1763.9
1144320 1760.7
1144330 1752.7
1144340 1752.7
1144350 1743.9
1144360 1740.2
1144370 1740.2
1144380 1735.8
1144390 1729.9
1144400 1729.9
1144410 1724.7
1144420 1720.6
1144430 1720.6
1144440 1716.7
1144450 1712.6
1144460 1712.6
1144470 1708.0
1144480 1702.5
1144490 1702.5
1144500 1695.1
1144510 1685.5
1144520 1685.5
1144530 1678.2
1144540 1673.2
1144550 1673.2
1144560 1667.5
1144570 1662.1
1144580 1656.6
1144590 1656.6
1144600 1651.5
1144610 1646.9
1144620 1646.9
1144630 1640.5
1144640 1635.0
1144650 1635.0
1144660 1629.0
1144670 1622.2
1144680 1631.2
1144690 1624.6
1144700 1616.1
1144710 1616.1
1144720 1607.5
1144730 1600.3
1144740 1600.3
1144750 1593.8
1144760 1586.6
1144770 1586.6
1144780 1577.8
1144790 1567.3
1144800 1567.3
1144810 1558.8
1144820 1551.8
1144830 1551.8
1144840 1544.4
1144850 1538.3
1144860 1530.4
1144870 1530.4
1144880 1520.6
1144890 1508.9
1144900 1508.9
1144910 1495.1
1144920 1486.8
1144930 1486.8
1144940 1483.8
1144950 1481.8
1144960 1481.8
1144970 1473.7
1144980 1461.5
1144990 1461.5
1145000 1451.0
1145010 1441.4
1145020 1441.4
1145030 1432.2
1145040 1424.1
1145050 1430.5
1145060 1419.9
1145070 1408.2
1145080 1408.2
1145090 1400.3
1145100 1395.7
1145110 1392.3
1145120 1392.3
1145130 1389.2
1145140 1386.1
1145150 1386.1
1145160 1383.2
1145170 1380.3
1145180 1380.3
1145190 1377.4
1145200 1374.5
1145210 1374.5
1145220 1371.5
1145230 1367.9
1145240 1367.9
1145250 1363.8
1145260 1359.7
1145270 1359.7
1145280 1357.4
1145290 1353.7
1145300 1353.7
1145310 1349.6
1145320 1345.1
1145330 1345.1
1145340 1340.7
1145350 1336.4
1145360 1332.2
1145370 1332.2
1145380 1328.3
1145390 1324.6
1145400 1324.6
1145410 1320.7
1145420 1317.0
1145430 1320.2
1145440 1318.0
1145450 1318.1
1145460 1318.1
1145470 1318.1
1145480 1317.9
1145490 1317.9
1145500 1316.9
1145510 1314.1
1145520 1314.1
1145530 1308.2
1145540 1301.8
1145550 1301.8
1145560 1296.9
1145570 1294.2
1145580 1294.2
1145590 1292.6
1145600 1291.6
1145610 1291.0
1145620 1291.0
1145630 1290.3
1145640 1288.9
1145650 1288.9
1145660 1287.1
1145670 1285.5
1145680 1285.5
1145690 1284.3
1145700 1281.4
1145710 1281.4
1145720 1277.2
1145730 1274.9
1145740 1274.9
1145750 1270.7
1145760 1266.6
1145770 1266.6
1145780 1261.3
1145790 1252.5
1145800 1259.2
1145810 1248.7
1145820 1235.9
1145830 1235.9
1145840 1224.4
1145850 1218.6
1145860 1218.6
1145870 1220.0
1145880 1226.1
1145890 1232.6
1145900 1232.6
1145910 1242.1
1145920 1252.8
1145930 1252.8
1145940 1261.5
1145950 1267.2
1145960 1267.2
1145970 1271.4
1145980 1276.8
1145990 1276.8
1146000 1283.5
1146010 1289.2
1146020 1289.2
1146030 1292.8
1146040 1293.6
1146050 1293.6
1146060 1293.5
1146070 1294.0
1146080 1294.0
1146090 1295.0
1146100 1296.8
1146110 1296.8
1146120 1300.2
1146130 1304.4
1146140 1308.6
1146150 1308.6
1146160 1311.4
1146170 1314.0
1146180 1313.1
1146190 1314.6
1146200 1315.7
1146210 1315.7
1146220 1317.1
1146230 1320.9
1146240 1320.9
1146250 1326.4
1146260 1332.7
1146270 1332.7
1146280 1338.0
1146290 1342.3
1146300 1342.3
1146310 1346.6
1146320 1350.1
1146330 1350.1
1146340 1353.5
1146350 1356.6
1146360 1356.6
1146370 1359.5
1146380 1363.5
1146390 1369.2
1146400 1369.2
1146410 1376.3
1146420 1383.7
1146430 1383.7
1146440 1391.7
1146450 1398.6
1146460 1398.6
1146470 1403.7
1146480 1408.6
1146490 1408.6
1146500 1415.0
1146510 1422.2
1146520 1422.2
1146530 1428.9
1146540 1434.3
1146550 1432.5
1146560 1437.5
1146570 1442.0
1146580 1442.0
1146590 1446.9
1146600 1452.0
1146610 1452.0
1146620 1456.8
1146630 1461.3
1146640 1461.3
1146650 1467.0
1146660 1472.2
1146670 1475.7
1146680 1475.7
1146690 1478.8
1146700 1480.8
1146710 1480.8
1146720 1484.7
1146730 1488.7
1146740 1488.7
1146750 1492.2
1146760 1495.6
1146770 1495.6
1146780 1499.2
1146790 1502.2
1146800 1502.2
1146810 1504.0
1146820 1505.7
1146830 1505.7
1146840 1507.9
1146850 1510.7
1146860 1510.7
1146870 1514.2
1146880 1518.6
1146890 1518.6
1146900 1523.9
1146910 1529.8
1146920 1535.7
1146930 1528.4
1146940 1533.1
1146950 1537.8
1146960 1537.8
1146970 1543.4
1146980 1548.3
1146990 1548.3
1147000 1552.4
1147010 1557.4
1147020 1557.4
1147030 1562.8
1147040 1569.2
1147050 1569.2
1147060 1575.3
1147070 1579.8
1147080 1579.8
1147090 1584.3
1147100 1589.2
1147110 1589.2
1147120 1594.5
1147130 1598.9
1147140 1598.9
1147150 1604.3
1147160 1610.7
1147170 1619.9
1147180 1619.9
1147190 1628.3
1147200 1635.6
1147210 1635.6
1147220 1642.1
1147230 1650.5
1147240 1650.5
1147250 1660.0
1147260 1665.3
1147270 1665.3
1147280 1670.8
1147290 1678.7
1147300 1678.7
1147310 1676.0
1147320 1681.9
1147330 1681.9
1147340 1686.5
1147350 1692.4
1147360 1692.4
1147370 1699.1
1147380 1706.4
1147390 1706.4
1147400 1714.7
1147410 1723.2
1147420 1723.2
1147430 1731.0
1147440 1737.9
1147450 1743.1
1147460 1743.1
1147470 1748.2
1147480 1755.1
1147490 1755.1
1147500 1762.4
1147510 1769.5
1147520 1769.5
1147530 1775.9
1147540 1782.2
1147550 1782.2
1147560 1788.8
1147570 1795.8
1147580 1795.8
1147590 1804.7
1147600 1814.2
1147610 1814.2
1147620 1824.5
1147630 1835.7
1147640 1835.7
1147650 1848.0
1147660 1858.1
1147670 1858.1
1147680 1871.1
1147690 1879.6
1147700 1886.0
1147710 1886.0
1147720 1892.4
1147730 1900.4
1147740 1900.4
1147750 1908.5
1147760 1914.8
1147770 1914.8
1147780 1920.4
1147790 1926.6
1147800 1926.6
1147810 1933.2
1147820 1940.4
1147830 1940.4
1147840 1947.3
1147850 1952.9
1147860 1952.9
1147870 1959.4
1147880 1965.8
1147890 1965.8
1147900 1971.9
1147910 1978.4
1147920 1978.4
1147930 1985.6
1147940 1993.9
1147950 2002.3
1147960 2002.3
1147970 2008.8
1147980 2014.8
1147990 2014.8
1148000 2020.5
1148010 2026.6
1148020 2026.6
1148030 2033.4
1148040 2039.7
1148050 2039.7
1148060 2046.8
1148070 2052.8
1148080 2052.8
1148090 2058.7
1148100 2064.9
1148110 2064.9
1148120 2071.5
1148130 2078.9
1148140 2078.9
1148150 2086.7
1148160 2094.0
1148170 2094.0
1148180 2101.3
1148190 2108.0
1148200 2113.8
1148210 2113.8
1148220 2117.8
1148230 2114.2
1148240 2114.2
1148250 2103.8
1148260 2093.8
1148270 2093.8
1148280 2085.2
1148290 2077.8
1148300 2077.8
1148310 2070.5
1148320 2063.1
1148330 2063.1
1148340 2057.5
1148350 2052.6
1148360 2052.6
1148370 2044.1
1148380 2041.3
1148390 2041.3
1148400 2034.5
1148410 2027.9
1148420 2027.9
1148430 2023.1
1148440 2033.1
1148450 2033.1
1148460 2022.1
1148470 2012.2
1148480 2006.8
1148490 2006.8
1148500 2003.9
1148510 1999.7
1148520 1999.7
1148530 1993.7
1148540 1986.4
1148550 1986.4
1148560 1979.3
1148570 1972.3
1148580 1972.3
1148590 1965.4
1148600 1958.8
1148610 1958.8
1148620 1952.3
1148630 1946.2
1148640 1946.2
1148650 1940.4
1148660 1935.3
1148670 1935.3
1148680 1930.9
1148690 1927.0
1148700 1927.0
1148710 1922.5
1148720 1918.2
1148730 1914.4
1148740 1914.4
1148750 1910.8
1148760 1907.2
1148770 1907.2
1148780 1903.4
1148790 1899.7
1148800 1899.7
1148810 1896.1
1148820 1895.1
1148830 1895.1
1148840 1890.8
1148850 1886.9
1148860 1886.9
1148870 1883.3
1148880 1880.6
1148890 1880.6
1148900 1879.3
1148910 1880.1
1148920 1880.1
1148930 1880.5
1148940 1883.0
1148950 1883.0
1148960 1886.9
1148970 1890.3
1148980 1892.6
1148990 1892.6
1149000 1895.2
1149010 1897.7
1149020 1897.7
1149030 1900.4
1149040 1903.1
1149050 1903.1
1149060 1905.3
1149070 1907.4
1149080 1907.4
1149090 1909.7
1149100 1912.6
1149110 1912.6
1149120 1916.9
1149130 1922.4
1149140 1922.4
1149150 1928.5
1149160 1935.9
1149170 1935.9
1149180 1943.5
1149190 1951.1
1149200 1951.6
1149210 1959.2
1149220 1967.7
1149230 1967.7
1149240 1975.8
1149250 1982.7
1149260 1989.1
1149270 1989.1
1149280 1995.4
1149290 2001.3
1149300 2001.3
1149310 2005.4
1149320 2009.0
1149330 2009.0
1149340 2014.3
1149350 2021.0
1149360 2021.0
1149370 2029.4
1149380 2039.0
1149390 2039.0
1149400 2050.5
1149410 2064.1
1149420 2064.1
1149430 2076.4
1149440 2087.4
1149450 2087.4
1149460 2098.5
1149470 2108.5
1149480 2108.5
1149490 2118.8
1149500 2128.3
1149510 2136.9
1149520 2136.9
1149530 2145.3
1149540 2152.6
1149550 2152.6
1149560 2159.3
1149570 2166.2
1149580 2163.7
1149590 2170.2
1149600 2178.0
1149610 2178.0
1149620 2186.7
1149630 2195.6
1149640 2195.6
1149650 2204.4
1149660 2212.8
1149670 2212.8
1149680 2222.4
1149690 2232.7
1149700 2232.7
1149710 2243.8
1149720 2255.7
1149730 2255.7
1149740 2269.0
1149750 2285.8
1149760 2301.1
1149770 2301.1
1149780 2313.6
1149790 2324.3
1149800 2324.3
1149810 2332.7
1149820 2339.4
1149830 2339.4
1149840 2344.3
1149850 2348.3
1149860 2348.3
1149870 2352.2
1149880 2354.0
1149890 2354.0
1149900 2347.9
1149910 2343.0
1149920 2343.0
1149930 2343.0
1149940 2340.4
1149950 2340.4
1149960 2344.4
1149970 2337.5
1149980 2337.5
1149990 2331.2
1150000 2324.2
1150010 2324.2
1150020 2313.0
1150030 2302.5
1150040 2294.1
1150050 2294.1
1150060 2275.5
1150070 2258.4
1150080 2258.4
1150090 2252.7
1150100 2245.9
1150110 2245.9
1150120 2237.8
1150130 2232.7
1150140 2232.7
1150150 2228.9
1150160 2225.5
1150170 2225.5
1150180 2224.0
1150190 2224.6
1150200 2224.6
1150210 2223.9
1150220 2221.5
1150230 2221.5
1150240 2218.2
1150250 2215.0
1150260 2215.0
1150270 2211.4
1150280 2209.1
1150290 2207.5
1150300 2207.5
1150310 2206.5
1150320 2205.4
1150330 2205.4
1150340 2210.2
1150350 2207.7
1150360 2207.7
1150370 2204.5
1150380 2204.1
1150390 2204.1
1150400 2206.2
1150410 2208.2
1150420 2208.2
1150430 2209.9
1150440 2210.1
1150450 2210.1
1150460 2209.4
1150470 2208.7
1150480 2208.7
1150490 2208.2
1150500 2209.9
1150510 2209.9
1150520 2212.2
1150530 2213.6
1150540 2215.7
1150550 2215.7
1150560 2216.9
1150570 2218.3
1150580 2218.3
1150590 2220.5
1150600 2222.1
1150610 2222.1
1150620 2224.0
1150630 2225.8
1150640 2225.8
1150650 2225.6
1150660 2225.4
1150670 2225.4
1150680 2225.2
1150690 2226.8
1150700 2226.8
1150710 2231.4
1150720 2244.4
1150730 2244.4
1150740 2256.5
1150750 2267.3
1150760 2267.3
1150770 2282.6
1150780 2300.8
1150790 2325.9
1150800 2325.9
1150810 2350.2
1150820 2372.6
1150830 2372.6
1150840 2381.9
1150850 2386.1
1150860 2386.1
1150870 2386.5
1150880 2387.6
1150890 2387.6
1150900 2404.0
1150910 2421.4
1150920 2421.4
1150930 2423.0
1150940 2420.7
1150950 2420.7
1150960 2427.9
1150970 2452.9
1150980 2452.9
1150990 2467.3
1151000 2472.1
1151010 2472.1
1151020 2471.0
1151030 2470.3
1151040 2470.3
1151050 2466.3
1151060 2453.3
1151070 2425.5
1151080 2425.5
1151090 2422.0
1151100 2408.1
1151110 2408.1
1151120 2402.4
1151130 2389.0
1151140 2389.0
1151150 2364.2
1151160 2341.4
1151170 2341.4
1151180 2325.3
1151190 2317.8
1151200 2317.8
1151210 2314.0
1151220 2296.7
1151230 2296.7
1151240 2279.8
1151250 2264.8
1151260 2264.8
1151270 2247.9
1151280 2236.1
1151290 2236.1
1151300 2216.4
1151310 2191.5
1151320 2182.5
1151330 2182.5
1151340 2174.2
1151350 2166.2
1151360 2166.2
1151370 2163.7
1151380 2160.9
1151390 2160.9
1151400 2151.9
1151410 2145.3
1151420 2145.3
1151430 2139.6
1151440 2134.1
1151450 2134.1
1151460 2127.9
1151470 2120.1
1151480 2114.8
1151490 2112.3
1151500 2113.6
1151510 2113.6
1151520 2111.8
1151530 2109.9
1151540 2109.9
1151550 2107.4
1151560 2101.8
1151570 2097.1
1151580 2097.1
1151590 2094.4
1151600 2091.9
1151610 2091.9
1151620 2086.9
1151630 2081.5
1151640 2081.5
1151650 2076.5
1151660 2072.5
1151670 2072.5
1151680 2066.5
1151690 2056.8
1151700 2056.8
1151710 2047.7
1151720 2039.8
1151730 2039.8
1151740 2032.1
1151750 2025.3
1151760 2025.3
1151770 2019.2
1151780 2013.2
1151790 2013.2
1151800 2007.6
1151810 2000.0
1151820 2000.0
1151830 1988.8
1151840 1975.5
1151850 1964.2
1151860 1969.5
1151870 1959.9
1151880 1951.6
1151890 1951.6
1151900 1944.8
1151910 1937.9
1151920 1937.9
1151930 1931.3
1151940 1924.0
1151950 1924.0
1151960 1917.4
1151970 1910.8
1151980 1910.8
1151990 1904.3
1152000 1897.6
1152010 1897.6
1152020 1889.8
1152030 1883.5
1152040 1883.5
1152050 1876.3
1152060 1867.7
1152070 1867.7
1152080 1859.2
1152090 1850.9
1152100 1843.6
1152110 1843.6
1152120 1837.0
1152130 1830.0
1152140 1830.0
1152150 1823.7
1152160 1820.1
1152170 1820.1
1152180 1815.8
1152190 1806.1
1152200 1806.1
1152210 1798.5
1152220 1794.0
1152230 1794.0
1152240 1791.7
1152250 1784.1
1152260 1784.1
1152270 1784.1
1152280 1784.7
1152290 1784.7
1152300 1782.0
1152310 1776.7
1152320 1776.7
1152330 1769.3
1152340 1761.1
1152350 1753.2
1152360 1753.2
1152370 1744.2
1152380 1733.7
1152390 1733.7
1152400 1725.0
1152410 1720.0
1152420 1720.0
1152430 1720.7
1152440 1729.2
1152450 1729.2
1152460 1738.9
1152470 1742.0
1152480 1742.0
1152490 1744.7
1152500 1745.7
1152510 1745.7
1152520 1745.0
1152530 1742.1
1152540 1742.1
1152550 1737.2
1152560 1731.1
1152570 1731.1
1152580 1724.3
1152590 1716.9
1152600 1709.5
1152610 1709.5
1152620 1702.2
1152630 1688.3
1152640 1688.3
1152650 1680.7
1152660 1673.3
1152670 1673.3
1152680 1665.1
1152690 1657.0
1152700 1657.0
1152710 1649.4
1152720 1640.9
1152730 1640.9
1152740 1629.4
1152750 1617.2
1152760 1617.2
1152770 1603.7
1152780 1590.5
1152790 1590.5
1152800 1578.6
1152810 1568.4
1152820 1568.4
1152830 1556.9
1152840 1544.7
1152850 1544.7
1152860 1538.4
1152870 1527.0
1152880 1516.2
1152890 1516.2
1152900 1509.0
1152910 1501.8
1152920 1501.8
1152930 1494.8
1152940 1486.8
1152950 1486.8
1152960 1479.3
1152970 1476.3
1152980 1476.3
1152990 1476.0
1153000 1476.0
1153010 1477.7
1153020 1478.5
1153030 1479.1
1153040 1479.1
1153050 1479.4
1153060 1481.3
1153070 1481.3
1153080 1483.2
1153090 1485.0
1153100 1485.0
1153110 1485.9
1153120 1487.1
1153130 1487.9
1153140 1487.9
1153150 1488.2
1153160 1487.4
1153170 1487.4
1153180 1488.7
1153190 1490.3
1153200 1490.3
1153210 1491.2
1153220 1491.4
1153230 1491.4
1153240 1492.1
1153250 1493.7
1153260 1493.7
1153270 1494.1
1153280 1494.8
1153290 1494.8
1153300 1495.4
1153310 1495.9
1153320 1495.9
1153330 1495.4
1153340 1496.2
1153350 1496.2
1153360 1498.9
1153370 1502.7
1153380 1506.9
1153390 1506.9
1153400 1512.7
1153410 1516.8
1153420 1516.8
1153430 1521.0
1153440 1526.0
1153450 1526.0
1153460 1531.4
1153470 1536.5
1153480 1536.5
1153490 1541.3
1153500 1546.3
1153510 1546.3
1153520 1550.2
1153530 1553.3
1153540 1553.3
1153550 1556.1
1153560 1559.5
1153570 1559.5
1153580 1564.2
1153590 1569.1
1153600 1569.1
1153610 1574.2
1153620 1579.5
1153630 1579.5
1153640 1584.2
1153650 1587.6
1153660 1592.3
1153670 1592.3
1153680 1601.8
1153690 1613.6
1153700 1613.6
1153710 1623.1
1153720 1633.7
1153730 1633.7
1153740 1648.3
1153750 1658.0
1153760 1658.0
1153770 1664.2
1153780 1680.5
1153790 1680.5
1153800 1687.8
1153810 1694.5
1153820 1694.5
1153830 1704.0
1153840 1711.0
1153850 1711.0
1153860 1718.3
1153870 1727.0
1153880 1727.0
1153890 1736.1
1153900 1746.3
1153910 1755.4
1153920 1755.4
1153930 1763.7
1153940 1771.6
1153950 1771.6
1153960 1778.2
1153970 1784.7
1153980 1784.7
1153990 1792.1
1154000 1800.5
1154010 1800.5
1154020 1808.1
1154030 1815.3
1154040 1815.3
1154050 1822.9
1154060 1829.3
1154070 1829.3
1154080 1835.2
1154090 1839.9
1154100 1839.9
1154110 1845.1
1154120 1850.5
1154130 1850.5
1154140 1855.6
1154150 1860.4
1154160 1865.6
1154170 1872.1
1154180 1877.1
1154190 1881.8
1154200 1881.8
1154210 1887.0
1154220 1892.6
1154230 1892.6
1154240 1898.7
1154250 1905.5
1154260 1905.5
1154270 1914.2
1154280 1921.3
1154290 1921.3
1154300 1926.0
1154310 1927.7
1154320 1927.7
1154330 1929.8
1154340 1933.3
1154350 1933.3
1154360 1938.7
1154370 1943.9
1154380 1943.9
1154390 1948.4
1154400 1953.5
1154410 1959.5
1154420 1959.5
1154430 1965.4
1154440 1968.6
1154450 1968.6
1154460 1969.8
1154470 1978.0
1154480 1978.0
1154490 1988.9
1154500 1997.5
1154510 1997.5
1154520 2005.5
1154530 2014.3
1154540 2014.3
1154550 2029.5
1154560 2038.7
1154570 2038.7
1154580 2047.4
1154590 2056.2
1154600 2056.2
1154610 2065.2
1154620 2074.8
1154630 2074.8
1154640 2086.3
1154650 2099.1
1154660 2099.1
1154670 2111.0
1154680 2122.9
1154690 2134.4
1154700 2134.4
1154710 2146.7
1154720 2158.6
1154730 2158.6
1154740 2169.1
1154750 2172.6
1154760 2172.6
1154770 2172.0
1154780 2174.5
1154790 2174.5
1154800 2182.6
1154810 2191.6
1154820 2191.6
1154830 2197.6
1154840 2200.0
1154850 2200.0
1154860 2205.8
1154870 2227.9
1154880 2227.9
1154890 2268.3
1154900 2282.8
1154910 2282.8
1154920 2284.2
1154930 2287.0
1154940 2298.5
1154950 2298.5
1154960 2301.6
1154970 2300.5
1154980 2300.5
1154990 2296.9
1155000 2291.6
1155010 2291.6
1155020 2285.0
1155030 2285.3
1155040 2285.3
1155050 2299.8
1155060 2315.2
1155070 2315.2
1155080 2319.0
1155090 2317.6
1155100 2317.6
1155110 2319.0
1155120 2333.0
1155130 2333.0
1155140 2337.4
1155150 2329.8
1155160 2329.8
1155170 2323.9
1155180 2318.0
1155190 2310.9
1155200 2310.9
1155210 2311.1
1155220 2309.5
1155230 2309.5
1155240 2308.8
1155250 2305.2
1155260 2305.2
1155270 2298.4
1155280 2291.1
1155290 2291.1
1155300 2283.8
1155310 2276.5
1155320 2277.8
1155330 2272.1
1155340 2266.8
1155350 2266.8
1155360 2260.6
1155370 2253.8
1155380 2253.8
1155390 2244.7
1155400 2236.7
1155410 2236.7
1155420 2233.6
1155430 2229.2
1155440 2229.2
1155450 2222.3
1155460 2219.4
1155470 2222.8
1155480 2222.8
1155490 2228.4
1155500 2226.7
1155510 2226.7
1155520 2212.4
1155530 2194.8
1155540 2194.8
1155550 2188.8
1155560 2185.4
1155570 2185.4
1155580 2184.0
1155590 2186.0
1155600 2186.0
1155610 2186.1
1155620 2184.2
1155630 2184.2
1155640 2181.4
1155650 2178.5
1155660 2178.5
1155670 2175.5
1155680 2172.8
1155690 2172.8
1155700 2171.5
1155710 2181.7
1155720 2182.2
1155730 2182.2
1155740 2179.1
1155750 2175.2
1155760 2175.2
1155770 2170.3
1155780 2164.8
1155790 2164.8
1155800 2158.5
1155810 2152.6
1155820 2152.6
1155830 2148.0
1155840 2143.4
1155850 2143.4
1155860 2137.6
1155870 2131.3
1155880 2131.3
1155890 2124.5
1155900 2117.2
1155910 2117.2
1155920 2110.6
1155930 2104.1
1155940 2104.1
1155950 2097.8
1155960 2091.9
1155970 2086.3
1155980 2086.3
1155990 2080.3
1156000 2073.0
1156010 2073.0
1156020 2065.5
1156030 2056.8
1156040 2056.8
1156050 2047.0
1156060 2036.9
1156070 2036.9
1156080 2022.6
1156090 2014.7
1156100 2005.6
1156110 1998.0
1156120 1986.7
1156130 1986.7
1156140 1970.5
1156150 1955.9
1156160 1955.9
1156170 1945.5
1156180 1935.3
1156190 1935.3
1156200 1926.1
1156210 1918.6
1156220 1910.9
1156230 1910.9
1156240 1903.3
1156250 1894.8
1156260 1894.8
1156270 1886.7
1156280 1879.0
1156290 1879.0
1156300 1871.4
1156310 1863.6
1156320 1863.6
1156330 1855.4
1156340 1849.2
1156350 1849.2
1156360 1842.6
1156370 1832.3
1156380 1832.3
1156390 1821.6
1156400 1813.0
1156410 1813.0
1156420 1802.6
1156430 1794.2
1156440 1794.2
1156450 1787.2
1156460 1776.7
1156470 1776.7
1156480 1761.9
1156490 1752.3
1156500 1744.3
1156510 1744.3
1156520 1737.5
1156530 1730.9
1156540 1730.9
1156550 1724.5
1156560 1716.8
1156570 1716.8
1156580 1710.3
1156590 1708.0
1156600 1708.0
1156610 1697.3
1156620 1685.6
1156630 1685.6
1156640 1678.4
1156650 1671.9
1156660 1671.9
1156670 1665.0
1156680 1656.6
1156690 1656.6
1156700 1648.4
1156710 1640.0
1156720 1640.0
1156730 1635.9
1156740 1626.3
1156750 1615.9
1156760 1615.9
1156770 1606.7
1156780 1596.5
1156790 1596.5
1156800 1585.6
1156810 1576.4
1156820 1576.4
1156830 1569.4
1156840 1558.8
1156850 1558.8
1156860 1546.1
1156870 1538.4
1156880 1538.4
1156890 1533.2
1156900 1527.7
1156910 1527.7
1156920 1522.4
1156930 1516.8
1156940 1516.8
1156950 1511.2
1156960 1505.4
1156970 1505.4
1156980 1499.6
1156990 1496.2
1157000 1495.2
1157010 1495.2
1157020 1494.2
1157030 1494.8
1157040 1494.8
1157050 1498.5
1157060 1502.3
1157070 1502.3
1157080 1505.7
1157090 1509.6
1157100 1509.6
1157110 1513.1
1157120 1516.4
1157130 1516.4
1157140 1520.2
1157150 1524.6
1157160 1524.6
1157170 1529.5
1157180 1534.8
1157190 1534.8
1157200 1540.4
1157210 1546.0
1157220 1546.0
1157230 1551.1
1157240 1555.8
1157250 1555.8
1157260 1563.5
1157270 1569.4
1157280 1575.4
1157290 1575.4
1157300 1581.4
1157310 1587.4
1157320 1587.4
1157330 1593.0
1157340 1598.3
1157350 1598.3
1157360 1604.2
1157370 1610.3
1157380 1610.3
1157390 1616.8
1157400 1623.1
1157410 1623.1
1157420 1628.8
1157430 1634.7
1157440 1634.7
1157450 1640.2
1157460 1646.2
1157470 1646.2
1157480 1654.4
1157490 1672.5
1157500 1672.5
1157510 1698.5
1157520 1714.9
1157530 1728.0
1157540 1728.0
1157550 1746.4
1157560 1770.3
1157570 1770.3
1157580 1792.3
1157590 1806.8
1157600 1806.8
1157610 1823.8
1157620 1830.3
1157630 1830.3
1157640 1832.1
1157650 1837.4
1157660 1837.4
1157670 1841.8
1157680 1847.3
1157690 1847.3
1157700 1853.0
1157710 1859.2
1157720 1859.2
1157730 1865.1
1157740 1870.3
1157750 1870.3
1157760 1874.7
1157770 1878.4
1157780 1880.4
1157790 1880.4
1157800 1881.4
1157810 1882.1
1157820 1882.1
1157830 1883.0
1157840 1884.0
1157850 1884.0
1157860 1884.3
1157870 1885.1
1157880 1885.1
1157890 1885.9
1157900 1886.4
1157910 1886.4
1157920 1886.1
1157930 1886.9
1157940 1886.9
1157950 1889.8
1157960 1890.7
1157970 1890.7
1157980 1892.7
1157990 1894.9
1158000 1894.9
1158010 1895.5
1158020 1895.2
1158030 1895.7
1158040 1904.4
1158050 1903.7
1158060 1902.3
1158070 1902.3
1158080 1900.8
1158090 1900.4
1158100 1900.4
1158110 1899.5
1158120 1899.9
1158130 1899.9
1158140 1899.3
1158150 1900.3
1158160 1900.3
1158170 1903.0
1158180 1905.0
1158190 1905.0
1158200 1906.7
1158210 1907.7
1158220 1907.7
1158230 1909.0
1158240 1911.1
1158250 1911.1
1158260 1911.9
1158270 1913.0
1158280 1913.0
1158290 1914.2
1158300 1912.6
1158310 1913.1
1158320 1913.1
1158330 1912.1
1158340 1911.3
1158350 1911.3
1158360 1913.2
1158370 1918.9
1158380 1918.9
1158390 1923.0
1158400 1925.6
1158410 1925.6
1158420 1928.9
1158430 1938.9
1158440 1938.9
1158450 1943.5
1158460 1947.6
1158470 1947.6
1158480 1951.6
1158490 1955.7
1158500 1955.7
1158510 1959.1
1158520 1962.8
1158530 1962.8
1158540 1967.3
1158550 1971.4
1158560 1975.2
1158570 1975.2
1158580 1979.0
1158590 1982.3
1158600 1982.3
1158610 1984.6
1158620 1985.7
1158630 1985.7
1158640 1986.8
1158650 1989.9
1158660 1989.9
1158670 1993.9
1158680 1996.8
1158690 1996.8
1158700 1998.7
1158710 2000.1
1158720 2000.1
1158730 2001.5
1158740 2003.0
1158750 2003.0
1158760 2005.0
1158770 2007.3
1158780 2007.3
1158790 2009.8
1158800 2012.1
1158810 2014.3
1158820 2019.6
1158830 2021.7
1158840 2024.5
1158850 2024.5
1158860 2028.4
1158870 2033.4
1158880 2033.4
1158890 2038.2
1158900 2043.3
1158910 2043.3
1158920 2048.4
1158930 2053.1
1158940 2053.1
1158950 2057.4
1158960 2061.5
1158970 2061.5
1158980 2065.0
1158990 2068.0
1159000 2068.0
1159010 2070.5
1159020 2072.3
1159030 2072.3
1159040 2074.8
1159050 2077.9
1159060 2077.9
1159070 2080.0
1159080 2081.0
1159090 2082.2
1159100 2082.2
1159110 2083.3
1159120 2084.6
1159130 2084.6
1159140 2085.8
1159150 2087.5
1159160 2087.5
1159170 2089.8
1159180 2091.7
1159190 2091.7
1159200 2093.2
1159210 2100.4
1159220 2100.4
1159230 2101.6
1159240 2101.2
1159250 2101.2
1159260 2099.7
1159270 2099.1
1159280 2099.1
1159290 2097.6
1159300 2094.1
1159310 2094.1
1159320 2090.5
1159330 2086.1
1159340 2080.2
1159350 2080.2
1159360 2073.8
1159370 2068.8
1159380 2068.8
1159390 2065.2
1159400 2063.1
1159410 2063.1
1159420 2060.8
1159430 2058.2
1159440 2058.2
1159450 2055.9
1159460 2053.3
1159470 2053.3
1159480 2050.6
1159490 2048.1
1159500 2048.1
1159510 2044.6
1159520 2040.7
1159530 2040.7
1159540 2036.9
1159550 2032.6
1159560 2032.6
1159570 2028.0
1159580 2022.8
1159590 2016.9
1159600 2014.9
1159610 2009.3
1159620 2005.3
1159630 2005.3
1159640 2001.7
1159650 1997.9
1159660 1997.9
1159670 1994.6
1159680 1991.6
1159690 1991.6
1159700 1987.8
1159710 1982.5
1159720 1982.5
1159730 1976.4
1159740 1970.8
1159750 1970.8
1159760 1965.6
1159770 1958.3
1159780 1958.3
1159790 1948.0
1159800 1936.1
1159810 1936.1
1159820 1926.7
1159830 1917.8
1159840 1910.7
1159850 1910.7
1159860 1904.5
1159870 1898.5
1159880 1898.5
1159890 1893.1
1159900 1889.5
1159910 1889.5
1159920 1886.1
1159930 1881.6
1159940 1881.6
1159950 1876.0
1159960 1870.3
1159970 1870.3
1159980 1865.1
1159990 1855.0
