1140000 2011.3
1140010 2006.7
1140020 2006.7
1140030 2000.9
1140040 1995.0
1140050 1995.0
1140060 1988.7
1140070 1983.0
1140080 1983.0
1140090 1977.8
1140100 1972.3
1140110 1972.3
1140120 1966.5
1140130 1960.9
1140140 1960.9
1140150 1955.1
1140160 1949.8
1140170 1949.8
1140180 1944.4
1140190 1938.6
1140200 1938.6
1140210 1934.0
1140220 1929.6
1140230 1929.6
1140240 1924.4
1140250 1918.8
1140260 1912.7
1140270 1912.7
1140280 1906.7
1140290 1901.2
1140300 1899.5
1140310 1893.7
1140320 1888.2
1140330 1888.2
1140340 1883.0
1140350 1877.0
1140360 1877.0
1140370 1868.4
1140380 1860.2
1140390 1860.2
1140400 1852.3
1140410 1843.9
1140420 1843.9
1140430 1836.2
1140440 1828.5
1140450 1828.5
1140460 1820.3
1140470 1808.2
1140480 1808.2
1140490 1794.9
1140500 1787.5
1140510 1781.6
1140520 1781.6
1140530 1776.0
1140540 1769.0
1140550 1769.0
1140560 1761.0
1140570 1752.2
1140580 1752.2
1140590 1743.0
1140600 1734.5
1140610 1734.5
1140620 1721.4
1140630 1710.2
1140640 1710.2
1140650 1703.9
1140660 1699.5
1140670 1692.9
1140680 1686.6
1140690 1682.1
1140700 1682.1
1140710 1678.1
1140720 1672.9
1140730 1672.9
1140740 1666.3
1140750 1660.3
1140760 1660.3
1140770 1654.7
1140780 1648.7
1140790 1642.1
1140800 1642.1
1140810 1634.2
1140820 1625.0
1140830 1625.0
1140840 1616.0
1140850 1609.3
1140860 1609.3
1140870 1604.1
1140880 1597.1
1140890 1597.1
1140900 1590.8
1140910 1585.1
1140920 1585.1
1140930 1578.7
1140940 1572.0
1140950 1572.0
1140960 1567.3
1140970 1562.1
1140980 1562.1
1140990 1555.8
1141000 1549.6
1141010 1549.6
1141020 1543.2
1141030 1536.2
1141040 1525.2
1141050 1525.2
1141060 1518.5
1141070 1511.5
1141080 1511.5
1141090 1505.4
1141100 1499.2
1141110 1499.2
1141120 1492.8
1141130 1486.3
1141140 1486.3
1141150 1479.3
1141160 1471.7
1141170 1471.7
1141180 1463.1
1141190 1455.1
1141200 1455.1
1141210 1448.5
1141220 1444.8
1141230 1444.8
1141240 1441.4
1141250 1437.7
1141260 1437.7
1141270 1432.5
1141280 1426.6
1141290 1420.2
1141300 1420.2
1141310 1413.4
1141320 1406.5
1141330 1406.5
1141340 1399.3
1141350 1391.7
1141360 1391.7
1141370 1382.1
1141380 1372.0
1141390 1372.0
1141400 1356.4
1141410 1338.4
1141420 1338.4
1141430 1336.7
1141440 1342.9
1141450 1342.9
1141460 1349.7
1141470 1355.3
1141480 1355.3
1141490 1362.3
1141500 1369.3
1141510 1369.3
1141520 1376.0
1141530 1383.0
1141540 1391.0
1141550 1391.0
1141560 1397.5
1141570 1404.4
1141580 1404.4
1141590 1413.0
1141600 1421.4
1141610 1421.4
1141620 1429.4
1141630 1437.4
1141640 1437.4
1141650 1444.9
1141660 1450.0
1141670 1450.0
1141680 1456.5
1141690 1462.4
1141700 1462.4
1141710 1469.7
1141720 1478.3
1141730 1478.3
1141740 1488.0
1141750 1497.3
1141760 1497.3
1141770 1505.4
1141780 1520.5
1141790 1520.5
1141800 1529.4
1141810 1539.9
1141820 1552.2
1141830 1552.2
1141840 1564.5
1141850 1575.1
1141860 1575.1
1141870 1584.0
1141880 1590.4
1141890 1590.4
1141900 1595.4
1141910 1599.4
1141920 1599.4
1141930 1603.3
1141940 1608.1
1141950 1608.1
1141960 1613.3
1141970 1618.6
1141980 1618.6
1141990 1624.2
1142000 1629.8
1142010 1629.8
1142020 1635.2
1142030 1640.6
1142040 1640.6
1142050 1646.2
1142060 1651.9
1142070 1657.6
1142080 1657.6
1142090 1663.5
1142100 1669.5
1142110 1669.5
1142120 1675.6
1142130 1681.3
1142140 1681.3
1142150 1689.2
1142160 1695.4
1142170 1695.4
1142180 1701.4
1142190 1707.3
1142200 1707.3
1142210 1713.3
1142220 1719.7
1142230 1719.7
1142240 1726.2
1142250 1732.5
1142260 1732.5
1142270 1739.0
1142280 1745.7
1142290 1745.7
1142300 1752.4
1142310 1759.0
1142320 1766.4
1142330 1766.4
1142340 1773.9
1142350 1781.1
1142360 1781.1
1142370 1789.0
1142380 1797.9
1142390 1797.9
1142400 1808.2
1142410 1823.4
1142420 1823.4
1142430 1839.4
1142440 1848.9
1142450 1848.9
1142460 1857.7
1142470 1867.1
1142480 1867.1
1142490 1876.4
1142500 1886.5
1142510 1886.5
1142520 1911.1
1142530 1921.0
1142540 1921.0
1142550 1924.7
1142560 1927.7
1142570 1927.7
1142580 1933.2
1142590 1935.7
1142600 1936.1
1142610 1936.1
1142620 1937.5
1142630 1941.2
1142640 1941.2
1142650 1948.4
1142660 1960.2
1142670 1960.2
1142680 1972.6
1142690 1982.6
1142700 1982.6
1142710 1991.2
1142720 1998.9
1142730 1998.9
1142740 2002.0
1142750 2002.0
1142760 2002.0
1142770 2002.0
1142780 2000.0
1142790 2000.0
1142800 1995.1
1142810 1990.1
1142820 1990.1
1142830 1987.0
1142840 1982.5
1142850 1977.1
1142860 1977.1
1142870 1970.2
1142880 1964.1
1142890 1974.7
1142900 1970.4
1142910 1967.5
1142920 1967.5
1142930 1965.1
1142940 1962.1
1142950 1962.1
1142960 1960.0
1142970 1958.8
1142980 1958.8
1142990 1957.3
1143000 1953.7
1143010 1953.7
1143020 1953.4
1143030 1951.7
1143040 1951.7
1143050 1948.9
1143060 1947.0
1143070 1947.0
1143080 1943.9
1143090 1939.9
1143100 1936.1
1143110 1936.1
1143120 1932.5
1143130 1929.2
1143140 1929.2
1143150 1925.9
1143160 1921.8
1143170 1921.8
1143180 1916.8
1143190 1911.7
1143200 1911.7
1143210 1906.6
1143220 1903.2
1143230 1903.2
1143240 1899.9
1143250 1896.8
1143260 1896.8
1143270 1901.7
1143280 1900.8
1143290 1900.8
1143300 1900.5
1143310 1899.6
1143320 1899.6
1143330 1897.9
1143340 1895.6
1143350 1895.6
1143360 1893.1
1143370 1891.3
1143380 1890.1
1143390 1890.1
1143400 1888.9
1143410 1887.9
1143420 1887.9
1143430 1887.3
1143440 1885.4
1143450 1885.4
1143460 1882.5
1143470 1877.0
1143480 1877.0
1143490 1870.2
1143500 1867.5
1143510 1867.5
1143520 1861.0
1143530 1854.3
1143540 1854.3
1143550 1849.9
1143560 1845.3
1143570 1845.3
1143580 1841.3
1143590 1838.0
1143600 1838.0
1143610 1835.0
1143620 1832.7
1143630 1830.5
1143640 1835.9
1143650 1833.4
1143660 1831.1
1143670 1831.1
1143680 1828.4
1143690 1825.6
1143700 1825.6
1143710 1822.5
1143720 1819.7
1143730 1819.7
1143740 1817.2
1143750 1815.3
1143760 1815.3
1143770 1813.7
1143780 1812.2
1143790 1812.2
1143800 1810.4
1143810 1808.4
1143820 1808.4
1143830 1806.2
1143840 1803.0
1143850 1803.0
1143860 1798.1
1143870 1793.6
1143880 1790.6
1143890 1790.6
1143900 1787.6
1143910 1783.4
1143920 1783.4
1143930 1778.0
1143940 1772.1
1143950 1772.1
1143960 1765.9
1143970 1759.3
1143980 1759.3
1143990 1754.0
1144000 1750.1
1144010 1756.5
1144020 1752.4
1144030 1748.5
1144040 1748.5
1144050 1744.5
1144060 1739.8
1144070 1739.8
1144080 1734.3
1144090 1729.3
1144100 1729.3
1144110 1724.5
1144120 1720.5
1144130 1720.5
1144140 1716.5
1144150 1712.1
1144160 1707.5
1144170 1707.5
1144180 1703.0
1144190 1699.0
1144200 1699.0
1144210 1695.6
1144220 1690.8
1144230 1690.8
1144240 1687.8
1144250 1685.8
1144260 1685.8
1144270 1681.8
1144280 1678.1
1144290 1678.1
1144300 1674.2
1144310 1670.2
1144320 1670.2
1144330 1665.2
1144340 1658.9
1144350 1658.9
1144360 1654.1
1144370 1650.5
1144380 1650.5
1144390 1651.4
1144400 1646.9
1144410 1641.9
1144420 1641.9
1144430 1636.5
1144440 1630.3
1144450 1630.3
1144460 1624.0
1144470 1616.2
1144480 1616.2
1144490 1607.2
1144500 1597.2
1144510 1597.2
1144520 1590.7
1144530 1588.8
1144540 1588.8
1144550 1585.0
1144560 1578.9
1144570 1578.9
1144580 1573.9
1144590 1567.9
1144600 1567.9
1144610 1560.2
1144620 1552.1
1144630 1552.1
1144640 1540.7
1144650 1531.5
1144660 1524.2
1144670 1524.2
1144680 1516.4
1144690 1508.9
1144700 1508.9
1144710 1500.8
1144720 1492.9
1144730 1492.9
1144740 1485.3
1144750 1477.1
1144760 1482.2
1144770 1473.9
1144780 1466.3
1144790 1466.3
1144800 1458.1
1144810 1451.2
1144820 1451.2
1144830 1444.2
1144840 1437.7
1144850 1437.7
1144860 1432.2
1144870 1427.6
1144880 1427.6
1144890 1421.4
1144900 1415.8
1144910 1415.8
1144920 1411.7
1144930 1407.3
1144940 1402.5
1144950 1402.5
1144960 1397.5
1144970 1392.5
1144980 1392.5
1144990 1387.4
1145000 1382.3
1145010 1382.3
1145020 1377.0
1145030 1371.8
1145040 1371.8
1145050 1366.6
1145060 1361.5
1145070 1361.5
1145080 1356.5
1145090 1351.5
1145100 1351.5
1145110 1346.4
1145120 1341.4
1145130 1341.4
1145140 1337.3
1145150 1332.4
1145160 1332.4
1145170 1327.9
1145180 1324.2
1145190 1321.0
1145200 1321.0
1145210 1318.5
1145220 1315.9
1145230 1315.9
1145240 1313.8
1145250 1312.3
1145260 1312.3
1145270 1310.6
1145280 1308.1
1145290 1308.1
1145300 1305.5
1145310 1303.2
1145320 1303.2
1145330 1299.8
1145340 1296.5
1145350 1296.5
1145360 1293.5
1145370 1290.9
1145380 1290.9
1145390 1288.1
1145400 1285.5
1145410 1285.5
1145420 1282.8
1145430 1279.2
1145440 1274.8
1145450 1274.8
1145460 1269.9
1145470 1266.0
1145480 1266.0
1145490 1261.4
1145500 1255.5
1145510 1259.1
1145520 1255.8
1145530 1253.1
1145540 1253.1
1145550 1252.6
1145560 1250.7
1145570 1250.7
1145580 1241.3
1145590 1227.6
1145600 1227.6
1145610 1218.4
1145620 1212.8
1145630 1212.8
1145640 1211.9
1145650 1214.6
1145660 1214.6
1145670 1218.0
1145680 1223.9
1145690 1223.9
1145700 1230.1
1145710 1235.1
1145720 1240.3
1145730 1240.3
1145740 1244.3
1145750 1249.7
1145760 1249.7
1145770 1256.2
1145780 1259.7
1145790 1259.7
1145800 1260.4
1145810 1261.7
1145820 1261.7
1145830 1264.6
1145840 1268.6
1145850 1268.6
1145860 1273.0
1145870 1276.8
1145880 1276.8
1145890 1283.7
1145900 1287.6
1145910 1287.6
1145920 1291.3
1145930 1295.1
1145940 1295.1
1145950 1297.9
1145960 1301.3
1145970 1303.6
1145980 1303.6
1145990 1307.5
1146000 1312.4
1146010 1312.4
1146020 1317.5
1146030 1322.5
1146040 1322.5
1146050 1326.9
1146060 1330.0
1146070 1330.0
1146080 1332.4
1146090 1335.0
1146100 1335.0
1146110 1337.8
1146120 1340.4
1146130 1340.4
1146140 1344.6
1146150 1348.7
1146160 1348.7
1146170 1351.1
1146180 1352.7
1146190 1352.7
1146200 1354.6
1146210 1356.4
1146220 1358.2
1146230 1358.2
1146240 1360.5
1146250 1364.4
1146260 1361.1
1146270 1365.9
1146280 1371.4
1146290 1371.4
1146300 1377.2
1146310 1382.8
1146320 1382.8
1146330 1387.9
1146340 1391.5
1146350 1391.5
1146360 1394.6
1146370 1397.3
1146380 1397.3
1146390 1401.8
1146400 1408.7
1146410 1408.7
1146420 1417.9
1146430 1428.2
1146440 1428.2
1146450 1435.4
1146460 1441.0
1146470 1441.0
1146480 1445.8
1146490 1450.6
1146500 1456.7
1146510 1456.7
1146520 1463.0
1146530 1468.0
1146540 1468.0
1146550 1472.0
1146560 1476.9
1146570 1476.9
1146580 1483.6
1146590 1491.1
1146600 1491.1
1146610 1498.3
1146620 1505.7
1146630 1505.7
1146640 1512.3
1146650 1524.4
1146660 1524.4
1146670 1532.1
1146680 1539.4
1146690 1539.4
1146700 1546.3
1146710 1552.3
1146720 1552.3
1146730 1557.7
1146740 1562.0
1146750 1566.7
1146760 1566.7
1146770 1571.6
1146780 1575.8
1146790 1575.8
1146800 1577.5
1146810 1581.3
1146820 1581.3
1146830 1587.4
1146840 1590.3
1146850 1590.3
1146860 1591.7
1146870 1595.5
1146880 1595.5
1146890 1600.3
1146900 1604.6
1146910 1604.6
1146920 1608.3
1146930 1611.4
1146940 1611.4
1146950 1615.3
1146960 1619.6
1146970 1619.6
1146980 1625.1
1146990 1630.6
1147000 1636.1
1147010 1636.1
1147020 1636.2
1147030 1642.2
1147040 1642.2
1147050 1648.6
1147060 1654.5
1147070 1654.5
1147080 1660.0
1147090 1665.9
1147100 1665.9
1147110 1671.9
1147120 1677.2
1147130 1677.2
1147140 1683.8
1147150 1692.4
1147160 1692.4
1147170 1700.3
1147180 1708.4
1147190 1708.4
1147200 1717.4
1147210 1726.0
1147220 1726.0
1147230 1732.9
1147240 1739.4
1147250 1739.4
1147260 1745.6
1147270 1751.7
1147280 1756.0
1147290 1756.0
1147300 1757.3
1147310 1756.7
1147320 1756.7
1147330 1757.3
1147340 1759.0
1147350 1759.0
1147360 1762.7
1147370 1768.2
1147380 1768.2
1147390 1764.9
1147400 1768.1
1147410 1768.1
1147420 1773.9
1147430 1778.2
1147440 1778.2
1147450 1781.9
1147460 1786.2
1147470 1786.2
1147480 1791.8
1147490 1795.8
1147500 1795.8
1147510 1798.1
1147520 1804.2
1147530 1811.2
1147540 1811.2
1147550 1818.1
1147560 1825.2
1147570 1825.2
1147580 1832.2
1147590 1839.3
1147600 1839.3
1147610 1847.0
1147620 1855.4
1147630 1855.4
1147640 1864.1
1147650 1870.8
1147660 1870.8
1147670 1877.0
1147680 1883.9
1147690 1883.9
1147700 1891.7
1147710 1898.4
1147720 1898.4
1147730 1903.9
1147740 1910.0
1147750 1910.0
1147760 1915.3
1147770 1920.7
1147780 1926.4
1147790 1926.4
1147800 1932.2
1147810 1938.3
1147820 1938.3
1147830 1944.0
1147840 1950.5
1147850 1950.5
1147860 1956.9
1147870 1964.1
1147880 1964.1
1147890 1972.0
1147900 1979.0
1147910 1979.0
1147920 1986.1
1147930 1992.8
1147940 1992.8
1147950 1999.8
1147960 2006.4
1147970 2006.4
1147980 2013.6
1147990 2021.7
1148000 2021.7
1148010 2028.9
1148020 2036.2
1148030 2043.9
1148040 2043.9
1148050 2050.7
1148060 2056.1
1148070 2056.1
1148080 2060.2
1148090 2063.9
1148100 2063.9
1148110 2066.3
1148120 2066.1
1148130 2066.1
1148140 2065.3
1148150 2068.5
1148160 2068.5
1148170 2066.8
1148180 2062.8
1148190 2062.8
1148200 2057.9
1148210 2052.5
1148220 2052.5
1148230 2044.8
1148240 2034.8
1148250 2034.8
1148260 2024.9
1148270 2015.0
1148280 2015.0
1148290 2004.3
1148300 1994.6
1148310 1986.0
1148320 1986.0
1148330 1980.3
1148340 1973.9
1148350 1973.9
1148360 1967.4
1148370 1960.7
1148380 1960.7
1148390 1953.5
1148400 1947.4
1148410 1947.4
1148420 1941.5
1148430 1935.2
1148440 1935.2
1148450 1931.3
1148460 1929.7
1148470 1929.7
1148480 1927.3
1148490 1923.5
1148500 1923.5
1148510 1919.6
1148520 1915.9
1148530 1920.8
1148540 1916.8
1148550 1912.7
1148560 1908.3
1148570 1908.3
1148580 1903.3
1148590 1897.9
1148600 1897.9
1148610 1893.0
1148620 1888.6
1148630 1888.6
1148640 1884.7
1148650 1881.9
1148660 1881.9
1148670 1879.9
1148680 1877.7
1148690 1877.7
1148700 1874.9
1148710 1871.6
1148720 1871.6
1148730 1868.6
1148740 1866.8
1148750 1866.8
1148760 1865.6
1148770 1863.6
1148780 1863.6
1148790 1859.7
1148800 1856.0
1148810 1851.8
1148820 1851.8
1148830 1851.2
1148840 1855.5
1148850 1855.5
1148860 1860.0
1148870 1864.2
1148880 1864.2
1148890 1867.9
1148900 1871.5
1148910 1871.4
1148920 1875.1
1148930 1878.9
1148940 1878.9
1148950 1882.7
1148960 1886.4
1148970 1886.4
1148980 1890.4
1148990 1894.8
1149000 1894.8
1149010 1899.3
1149020 1904.1
1149030 1904.1
1149040 1908.9
1149050 1913.4
1149060 1913.4
1149070 1917.8
1149080 1922.2
1149090 1926.6
1149100 1926.6
1149110 1930.9
1149120 1935.1
1149130 1935.1
1149140 1939.4
1149150 1944.1
1149160 1944.1
1149170 1948.1
1149180 1952.1
1149190 1952.1
1149200 1957.0
1149210 1963.4
1149220 1963.4
1149230 1971.2
1149240 1982.5
1149250 1982.5
1149260 1998.1
1149270 2012.4
1149280 2015.1
1149290 2024.8
1149300 2034.6
1149310 2034.6
1149320 2045.9
1149330 2058.2
1149340 2067.2
1149350 2067.2
1149360 2073.9
1149370 2077.1
1149380 2077.1
1149390 2079.5
1149400 2082.8
1149410 2082.8
1149420 2085.9
1149430 2088.6
1149440 2088.6
1149450 2091.9
1149460 2094.8
1149470 2094.8
1149480 2098.9
1149490 2107.9
1149500 2107.9
1149510 2118.8
1149520 2127.2
1149530 2127.2
1149540 2134.2
1149550 2141.1
1149560 2141.1
1149570 2148.2
1149580 2155.5
1149590 2162.7
1149600 2162.7
1149610 2170.0
1149620 2177.3
1149630 2177.3
1149640 2185.0
1149650 2192.8
1149660 2193.8
1149670 2201.4
1149680 2209.0
1149690 2209.0
1149700 2216.7
1149710 2224.8
1149720 2224.8
1149730 2232.6
1149740 2240.6
1149750 2240.6
1149760 2248.5
1149770 2256.7
1149780 2256.7
1149790 2264.9
1149800 2273.0
1149810 2273.0
1149820 2281.0
1149830 2289.4
1149840 2289.4
1149850 2297.5
1149860 2302.0
1149870 2296.1
1149880 2296.1
1149890 2285.1
1149900 2274.4
1149910 2274.4
1149920 2265.1
1149930 2255.5
1149940 2255.5
1149950 2243.0
1149960 2231.4
1149970 2231.4
1149980 2222.8
1149990 2217.8
1150000 2217.8
1150010 2214.0
1150020 2209.3
1150030 2209.3
1150040 2207.0
1150050 2201.8
1150060 2201.8
1150070 2196.6
1150080 2191.6
1150090 2191.6
1150100 2186.4
1150110 2180.8
1150120 2175.1
1150130 2175.1
1150140 2170.0
1150150 2164.9
1150160 2164.9
1150170 2159.8
1150180 2154.6
1150190 2154.6
1150200 2149.5
1150210 2145.0
1150220 2145.0
1150230 2141.2
1150240 2137.7
1150250 2137.7
1150260 2133.7
1150270 2130.2
1150280 2130.2
1150290 2127.6
1150300 2125.6
1150310 2125.6
1150320 2124.4
1150330 2123.1
1150340 2123.1
1150350 2121.9
1150360 2121.1
1150370 2120.6
1150380 2120.6
1150390 2120.5
1150400 2121.0
1150410 2121.0
1150420 2126.7
1150430 2126.5
1150440 2126.5
1150450 2126.5
1150460 2126.8
1150470 2126.8
1150480 2126.9
1150490 2128.4
1150500 2128.4
1150510 2128.8
1150520 2128.8
1150530 2128.8
1150540 2129.9
1150550 2131.3
1150560 2131.3
1150570 2131.8
1150580 2131.8
1150590 2131.8
1150600 2131.8
1150610 2132.9
1150620 2133.9
1150630 2133.9
1150640 2134.8
1150650 2135.3
1150660 2135.3
1150670 2136.3
1150680 2137.6
1150690 2137.6
1150700 2139.2
1150710 2140.9
1150720 2140.9
1150730 2142.8
1150740 2145.8
1150750 2145.8
1150760 2147.7
1150770 2148.9
1150780 2148.9
1150790 2149.8
1150800 2153.4
1150810 2157.1
1150820 2162.5
1150830 2168.8
1150840 2168.8
1150850 2174.7
1150860 2179.3
1150870 2179.3
1150880 2183.6
1150890 2188.9
1150900 2194.6
1150910 2194.6
1150920 2199.8
1150930 2205.5
1150940 2205.5
1150950 2209.1
1150960 2213.7
1150970 2213.7
1150980 2219.0
1150990 2225.4
1151000 2225.4
1151010 2235.4
1151020 2243.1
1151030 2243.1
1151040 2249.7
1151050 2257.0
1151060 2257.0
1151070 2275.4
1151080 2293.5
1151090 2293.5
1151100 2316.0
1151110 2332.3
1151120 2332.3
1151130 2343.3
1151140 2352.8
1151150 2362.2
1151160 2362.2
1151170 2372.4
1151180 2374.2
1151190 2372.7
1151200 2358.5
1151210 2340.4
1151220 2340.4
1151230 2323.6
1151240 2317.3
1151250 2317.3
1151260 2305.8
1151270 2294.0
1151280 2294.0
1151290 2292.3
1151300 2282.9
1151310 2282.9
1151320 2274.8
1151330 2268.1
1151340 2268.1
1151350 2256.9
1151360 2243.8
1151370 2243.8
1151380 2235.6
1151390 2229.4
1151400 2226.1
1151410 2226.1
1151420 2220.7
1151430 2209.6
1151440 2209.6
1151450 2197.7
1151460 2186.6
1151470 2186.6
1151480 2175.6
1151490 2164.7
1151500 2164.7
1151510 2153.9
1151520 2142.9
1151530 2142.9
1151540 2134.3
1151550 2126.3
1151560 2126.3
1151570 2120.9
1151580 2113.1
1151590 2113.1
1151600 2105.1
1151610 2096.5
1151620 2096.5
1151630 2088.7
1151640 2080.9
1151650 2080.9
1151660 2073.8
1151670 2068.9
1151680 2064.5
1151690 2064.5
1151700 2057.8
1151710 2038.4
1151720 2038.4
1151730 2019.9
1151740 2009.0
1151750 2009.0
1151760 1999.9
1151770 1992.9
1151780 1992.9
1151790 1985.9
1151800 1979.7
1151810 1979.7
1151820 1969.3
1151830 1956.6
1151840 1956.6
1151850 1946.3
1151860 1936.5
1151870 1936.5
1151880 1926.2
1151890 1917.0
1151900 1917.0
1151910 1908.9
1151920 1901.4
1151930 1895.8
1151940 1895.8
1151950 1886.8
1151960 1881.4
1151970 1881.4
1151980 1876.8
1151990 1869.8
1152000 1869.8
1152010 1864.1
1152020 1863.7
1152030 1863.7
1152040 1865.2
1152050 1864.6
1152060 1864.6
1152070 1862.3
1152080 1858.5
1152090 1858.5
1152100 1856.4
1152110 1854.5
1152120 1854.5
1152130 1852.9
1152140 1851.8
1152150 1851.8
1152160 1851.1
1152170 1850.7
1152180 1850.4
1152190 1850.4
1152200 1850.1
1152210 1849.1
1152220 1849.1
1152230 1846.0
1152240 1838.6
1152250 1838.6
1152260 1828.2
1152270 1820.4
1152280 1820.4
1152290 1816.5
1152300 1815.0
1152310 1815.0
1152320 1815.6
1152330 1807.0
1152340 1807.0
1152350 1806.7
1152360 1808.7
1152370 1808.7
1152380 1816.7
1152390 1822.5
1152400 1822.5
1152410 1826.1
1152420 1825.9
1152430 1825.9
1152440 1825.5
1152450 1825.4
1152460 1826.6
1152470 1826.6
1152480 1828.9
1152490 1830.4
1152500 1830.4
1152510 1829.0
1152520 1825.7
1152530 1825.7
1152540 1821.7
1152550 1815.4
1152560 1815.4
1152570 1807.5
1152580 1800.2
1152590 1800.2
1152600 1791.8
1152610 1784.2
1152620 1784.2
1152630 1777.1
1152640 1768.1
1152650 1768.1
1152660 1757.3
1152670 1745.7
1152680 1745.7
1152690 1733.9
1152700 1723.2
1152710 1712.4
1152720 1707.4
1152730 1692.9
1152740 1682.7
1152750 1682.7
1152760 1673.6
1152770 1663.9
1152780 1663.9
1152790 1645.7
1152800 1634.5
1152810 1634.5
1152820 1629.6
1152830 1624.6
1152840 1624.6
1152850 1614.4
1152860 1607.0
1152870 1607.0
1152880 1598.0
1152890 1582.7
1152900 1582.7
1152910 1568.6
1152920 1561.1
1152930 1561.1
1152940 1553.4
1152950 1545.7
1152960 1539.8
1152970 1539.8
1152980 1534.8
1152990 1529.9
1153000 1529.9
1153010 1525.2
1153020 1520.7
1153030 1520.7
1153040 1516.2
1153050 1512.0
1153060 1512.0
1153070 1507.6
1153080 1502.6
1153090 1502.6
1153100 1493.3
1153110 1487.5
1153120 1487.5
1153130 1482.8
1153140 1477.5
1153150 1477.5
1153160 1471.8
1153170 1466.1
1153180 1466.1
1153190 1461.9
1153200 1460.0
1153210 1458.6
1153220 1458.6
1153230 1457.1
1153240 1456.2
1153250 1456.2
1153260 1456.1
1153270 1455.9
1153280 1455.9
1153290 1455.4
1153300 1456.3
1153310 1456.3
1153320 1459.7
1153330 1464.0
1153340 1464.0
1153350 1466.9
1153360 1468.7
1153370 1468.7
1153380 1470.6
1153390 1472.8
1153400 1472.8
1153410 1475.2
1153420 1477.3
1153430 1477.3
1153440 1479.6
1153450 1481.9
1153460 1481.9
1153470 1483.3
1153480 1488.7
1153490 1490.6
1153500 1490.6
1153510 1493.2
1153520 1496.4
1153530 1496.4
1153540 1500.0
1153550 1503.9
1153560 1503.9
1153570 1508.1
1153580 1512.7
1153590 1512.7
1153600 1517.6
1153610 1522.8
1153620 1522.8
1153630 1528.3
1153640 1533.7
1153650 1533.7
1153660 1539.1
1153670 1544.1
1153680 1544.1
1153690 1548.8
1153700 1553.7
1153710 1553.7
1153720 1560.6
1153730 1569.3
1153740 1577.3
1153750 1577.3
1153760 1585.0
1153770 1594.0
1153780 1594.0
1153790 1601.5
1153800 1608.9
1153810 1608.9
1153820 1614.8
1153830 1620.8
1153840 1620.8
1153850 1628.8
1153860 1636.9
1153870 1649.5
1153880 1662.5
1153890 1678.3
1153900 1678.3
1153910 1689.7
1153920 1697.4
1153930 1697.4
1153940 1704.6
1153950 1711.7
1153960 1711.7
1153970 1719.3
1153980 1727.1
1153990 1734.2
1154000 1734.2
1154010 1740.2
1154020 1745.6
1154030 1745.6
1154040 1749.8
1154050 1752.7
1154060 1752.7
1154070 1755.5
1154080 1757.5
1154090 1757.5
1154100 1758.9
1154110 1760.9
1154120 1760.9
1154130 1762.1
1154140 1759.9
1154150 1759.9
1154160 1761.6
1154170 1766.2
1154180 1766.2
1154190 1774.2
1154200 1783.2
1154210 1783.2
1154220 1792.8
1154230 1802.4
1154240 1802.4
1154250 1808.0
1154260 1816.2
1154270 1824.1
1154280 1824.1
1154290 1832.4
1154300 1839.9
1154310 1839.9
1154320 1847.7
1154330 1856.2
1154340 1856.2
1154350 1863.8
1154360 1871.3
1154370 1871.3
1154380 1878.6
1154390 1885.6
1154400 1885.6
1154410 1892.6
1154420 1899.3
1154430 1899.3
1154440 1905.7
1154450 1912.1
1154460 1912.1
1154470 1918.5
1154480 1925.1
1154490 1925.1
1154500 1931.9
1154510 1938.8
1154520 1945.7
1154530 1945.7
1154540 1952.8
1154550 1959.7
1154560 1959.7
1154570 1966.8
1154580 1973.7
1154590 1973.7
1154600 1980.2
1154610 1987.2
1154620 1987.2
1154630 1994.3
1154640 2009.4
1154650 2009.4
1154660 2015.7
1154670 2021.8
1154680 2021.8
1154690 2028.8
1154700 2036.9
1154710 2036.9
1154720 2045.4
1154730 2053.5
1154740 2053.5
1154750 2059.8
1154760 2066.6
1154770 2074.4
1154780 2074.4
1154790 2083.7
1154800 2092.8
1154810 2092.8
1154820 2102.0
1154830 2110.7
1154840 2110.7
1154850 2117.9
1154860 2123.9
1154870 2123.9
1154880 2128.3
1154890 2131.2
1154900 2131.2
1154910 2132.4
1154920 2133.2
1154930 2133.2
1154940 2134.9
1154950 2135.2
1154960 2135.2
1154970 2135.8
1154980 2137.2
1154990 2137.2
1155000 2138.3
1155010 2137.4
1155020 2148.0
1155030 2145.1
1155040 2140.9
1155050 2143.1
1155060 2143.1
1155070 2146.3
1155080 2147.0
1155090 2147.0
1155100 2151.0
1155110 2152.8
1155120 2152.8
1155130 2157.7
1155140 2161.7
1155150 2161.7
1155160 2164.5
1155170 2168.3
1155180 2168.3
1155190 2173.5
1155200 2181.3
1155210 2181.3
1155220 2185.1
1155230 2187.0
1155240 2187.0
1155250 2190.3
1155260 2203.6
1155270 2203.6
1155280 2209.8
1155290 2203.8
1155300 2206.3
1155310 2206.3
1155320 2216.2
1155330 2226.6
1155340 2226.6
1155350 2232.9
1155360 2239.1
1155370 2239.1
1155380 2238.5
1155390 2230.8
1155400 2230.8
1155410 2218.6
1155420 2203.7
1155430 2203.7
1155440 2191.6
1155450 2182.2
1155460 2182.2
1155470 2175.3
1155480 2170.3
1155490 2170.3
1155500 2165.3
1155510 2159.8
1155520 2159.8
1155530 2154.7
1155540 2150.8
1155550 2149.1
1155560 2149.1
1155570 2149.0
1155580 2148.5
1155590 2148.5
1155600 2149.0
1155610 2146.9
1155620 2146.9
1155630 2140.8
1155640 2134.3
1155650 2134.3
1155660 2129.7
1155670 2125.8
1155680 2125.8
1155690 2121.9
1155700 2117.2
1155710 2117.2
1155720 2114.6
1155730 2111.1
1155740 2111.1
1155750 2105.3
1155760 2099.4
1155770 2099.4
1155780 2094.0
1155790 2088.6
1155800 2085.3
1155810 2085.3
1155820 2079.1
1155830 2073.1
1155840 2073.1
1155850 2068.9
1155860 2065.4
1155870 2065.4
1155880 2061.9
1155890 2058.3
1155900 2058.3
1155910 2056.1
1155920 2055.5
1155930 2055.5
1155940 2054.4
1155950 2053.2
1155960 2053.2
1155970 2050.7
1155980 2045.7
1155990 2045.7
1156000 2041.1
1156010 2043.5
1156020 2043.5
1156030 2049.4
1156040 2048.4
1156050 2048.4
1156060 2041.7
1156070 2031.1
1156080 2009.7
1156090 2009.7
1156100 1996.9
1156110 1988.9
1156120 1988.9
1156130 1983.7
1156140 1978.3
1156150 1978.3
1156160 1972.3
1156170 1964.0
1156180 1965.9
1156190 1959.6
1156200 1955.3
1156210 1955.3
1156220 1950.8
1156230 1939.8
1156240 1939.8
1156250 1930.2
1156260 1923.8
1156270 1923.8
1156280 1915.9
1156290 1906.8
1156300 1906.8
1156310 1899.9
1156320 1894.4
1156330 1887.7
1156340 1887.7
1156350 1880.7
1156360 1873.3
1156370 1873.3
1156380 1866.3
1156390 1858.8
1156400 1858.8
1156410 1846.6
1156420 1834.1
1156430 1834.1
1156440 1824.1
1156450 1813.7
1156460 1813.7
1156470 1804.5
1156480 1794.9
1156490 1794.9
1156500 1784.7
1156510 1774.0
1156520 1774.0
1156530 1763.2
1156540 1752.9
1156550 1752.9
1156560 1744.0
1156570 1729.5
1156580 1721.0
1156590 1721.0
1156600 1714.3
1156610 1706.7
1156620 1706.7
1156630 1697.8
1156640 1689.6
1156650 1689.6
1156660 1683.1
1156670 1678.8
1156680 1678.8
1156690 1674.7
1156700 1667.8
1156710 1667.8
1156720 1660.6
1156730 1652.9
1156740 1652.9
1156750 1644.4
1156760 1634.7
1156770 1634.7
1156780 1626.3
1156790 1619.0
1156800 1619.0
1156810 1610.4
1156820 1601.5
1156830 1601.5
1156840 1591.6
1156850 1581.5
1156860 1567.6
1156870 1567.6
1156880 1555.1
1156890 1543.4
1156900 1543.4
1156910 1523.1
1156920 1498.1
1156930 1498.1
1156940 1490.4
1156950 1486.4
1156960 1488.7
1156970 1486.1
1156980 1484.2
1156990 1484.2
1157000 1482.3
1157010 1478.8
1157020 1478.8
1157030 1475.5
1157040 1474.8
1157050 1474.8
1157060 1475.6
1157070 1480.4
1157080 1480.4
1157090 1484.2
1157100 1484.8
1157110 1485.1
1157120 1485.1
1157130 1486.2
1157140 1487.5
1157150 1487.5
1157160 1489.5
1157170 1492.4
1157180 1492.4
1157190 1495.9
1157200 1500.0
1157210 1500.0
1157220 1503.8
1157230 1508.2
1157240 1508.2
1157250 1512.8
1157260 1517.2
1157270 1517.2
1157280 1521.3
1157290 1524.4
1157300 1524.4
1157310 1527.6
1157320 1531.3
1157330 1531.3
1157340 1535.0
1157350 1545.4
1157360 1551.4
1157370 1551.4
1157380 1562.1
1157390 1575.6
1157400 1575.6
1157410 1587.7
1157420 1603.3
1157430 1603.3
1157440 1616.4
1157450 1620.7
1157460 1620.7
1157470 1630.3
1157480 1643.1
1157490 1643.1
1157500 1654.8
1157510 1665.8
1157520 1665.8
1157530 1675.8
1157540 1697.8
1157550 1697.8
1157560 1738.0
1157570 1750.6
1157580 1750.6
1157590 1755.2
1157600 1758.8
1157610 1758.8
1157620 1762.8
1157630 1768.2
1157640 1771.7
1157650 1771.7
1157660 1773.3
1157670 1774.4
1157680 1774.4
1157690 1776.1
1157700 1778.2
1157710 1778.2
1157720 1779.1
1157730 1778.4
1157740 1783.6
1157750 1783.0
1157760 1781.7
1157770 1781.7
1157780 1783.8
1157790 1787.7
1157800 1787.7
1157810 1790.3
1157820 1791.9
1157830 1791.9
1157840 1792.9
1157850 1794.8
1157860 1794.8
1157870 1797.0
1157880 1798.5
1157890 1799.5
1157900 1799.5
1157910 1802.2
1157920 1806.5
1157930 1806.5
1157940 1808.9
1157950 1809.1
1157960 1809.1
1157970 1809.9
1157980 1811.9
1157990 1811.9
1158000 1814.9
1158010 1818.5
1158020 1818.5
1158030 1819.5
1158040 1819.1
1158050 1819.1
1158060 1816.5
1158070 1820.0
1158080 1820.0
1158090 1825.4
1158100 1827.2
1158110 1827.2
1158120 1826.7
1158130 1830.3
1158140 1826.8
1158150 1826.8
1158160 1823.7
1158170 1824.5
1158180 1824.5
1158190 1828.8
1158200 1832.4
1158210 1832.4
1158220 1832.9
1158230 1833.4
1158240 1833.4
1158250 1830.1
1158260 1825.4
1158270 1825.4
1158280 1828.0
1158290 1831.0
1158300 1831.0
1158310 1833.7
1158320 1838.2
1158330 1838.2
1158340 1841.2
1158350 1845.2
1158360 1845.2
1158370 1851.1
1158380 1858.0
1158390 1865.6
1158400 1865.6
1158410 1872.4
1158420 1878.9
1158430 1878.9
1158440 1882.1
1158450 1885.2
1158460 1885.2
1158470 1889.2
1158480 1893.3
1158490 1893.3
1158500 1897.7
1158510 1902.5
1158520 1907.3
1158530 1912.1
1158540 1917.3
1158550 1917.3
1158560 1922.0
1158570 1926.4
1158580 1926.4
1158590 1931.3
1158600 1935.6
1158610 1935.6
1158620 1939.3
1158630 1942.5
1158640 1942.5
1158650 1944.7
1158660 1946.1
1158670 1946.7
1158680 1946.7
1158690 1947.3
1158700 1948.1
1158710 1948.1
1158720 1947.7
1158730 1948.1
1158740 1948.1
1158750 1947.9
1158760 1947.6
1158770 1947.6
1158780 1950.3
1158790 1953.1
1158800 1953.1
1158810 1954.0
1158820 1955.5
1158830 1955.5
1158840 1957.3
1158850 1958.1
1158860 1958.1
1158870 1958.2
1158880 1958.7
1158890 1958.7
1158900 1959.9
1158910 1965.9
1158920 1967.8
1158930 1967.8
1158940 1969.6
1158950 1970.7
1158960 1970.7
1158970 1971.5
1158980 1972.3
1158990 1972.3
1159000 1973.4
1159010 1974.1
1159020 1974.1
1159030 1974.7
1159040 1974.8
1159050 1974.8
1159060 1974.6
1159070 1974.9
1159080 1974.9
1159090 1976.9
1159100 1978.9
1159110 1978.9
1159120 1980.3
1159130 1984.1
1159140 1984.1
1159150 1986.7
1159160 1989.0
1159170 1991.9
1159180 1991.9
1159190 1994.5
1159200 1997.2
1159210 1997.2
1159220 1999.9
1159230 2002.4
1159240 2002.4
1159250 2004.6
1159260 2006.9
1159270 2006.9
1159280 2009.3
1159290 2011.7
1159300 2019.6
1159310 2022.0
1159320 2024.0
1159330 2024.0
1159340 2024.8
1159350 2024.6
1159360 2024.6
1159370 2023.7
1159380 2023.2
1159390 2023.2
1159400 2022.7
1159410 2021.4
1159420 2021.4
1159430 2019.2
1159440 2016.3
1159450 2013.3
1159460 2013.3
1159470 2009.9
1159480 2006.5
1159490 2006.5
1159500 2004.6
1159510 2001.6
1159520 2001.6
1159530 1998.5
1159540 1996.3
1159550 1996.3
1159560 1993.6
1159570 1991.1
1159580 1991.1
1159590 1989.1
1159600 1987.3
1159610 1987.3
1159620 1985.5
1159630 1983.5
1159640 1983.5
1159650 1979.6
1159660 1975.1
1159670 1975.1
1159680 1971.2
1159690 1967.9
1159700 1964.8
1159710 1964.8
1159720 1963.7
1159730 1963.0
1159740 1963.0
1159750 1962.0
1159760 1960.5
1159770 1960.5
1159780 1958.6
1159790 1956.2
1159800 1956.2
1159810 1952.0
1159820 1946.1
1159830 1946.1
1159840 1941.3
1159850 1940.0
1159860 1940.0
1159870 1939.8
1159880 1939.9
1159890 1939.9
1159900 1939.2
1159910 1937.8
1159920 1937.8
1159930 1936.2
1159940 1934.5
1159950 1932.1
1159960 1932.1
1159970 1929.8
1159980 1927.1
1159990 1927.1
