1140000 1933.3
1140010 1928.3
1140020 1928.3
1140030 1923.1
1140040 1917.9
1140050 1912.8
1140060 1912.8
1140070 1907.9
1140080 1903.0
1140090 1903.0
1140100 1898.0
1140110 1892.8
1140120 1892.8
1140130 1887.8
1140140 1882.7
1140150 1882.7
1140160 1877.7
1140170 1875.0
1140180 1875.0
1140190 1869.6
1140200 1864.5
1140210 1864.5
1140220 1859.1
1140230 1853.4
1140240 1853.4
1140250 1847.6
1140260 1841.3
1140270 1841.3
1140280 1835.2
1140290 1829.5
1140300 1823.6
1140310 1823.6
1140320 1817.9
1140330 1812.5
1140340 1812.5
1140350 1807.5
1140360 1802.4
1140370 1802.4
1140380 1797.5
1140390 1792.6
1140400 1792.6
1140410 1787.7
1140420 1782.5
1140430 1782.5
1140440 1777.2
1140450 1772.0
1140460 1772.0
1140470 1767.2
1140480 1762.6
1140490 1762.6
1140500 1758.8
1140510 1755.0
1140520 1755.0
1140530 1750.8
1140540 1743.9
1140550 1738.5
1140560 1738.5
1140570 1733.4
1140580 1728.3
1140590 1728.3
1140600 1724.0
1140610 1720.4
1140620 1720.4
1140630 1716.1
1140640 1711.4
1140650 1711.4
1140660 1706.7
1140670 1702.1
1140680 1702.1
1140690 1697.8
1140700 1693.4
1140710 1693.4
1140720 1689.1
1140730 1684.4
1140740 1684.4
1140750 1679.2
1140760 1674.0
1140770 1674.0
1140780 1668.4
1140790 1661.9
1140800 1661.9
1140810 1655.8
1140820 1649.5
1140830 1639.8
1140840 1639.8
1140850 1630.2
1140860 1623.4
1140870 1623.4
1140880 1616.2
1140890 1611.0
1140900 1611.0
1140910 1590.7
1140920 1584.3
1140930 1584.3
1140940 1571.8
1140950 1562.5
1140960 1562.5
1140970 1558.9
1140980 1553.9
1140990 1553.9
1141000 1543.5
1141010 1533.0
1141020 1533.0
1141030 1522.3
1141040 1506.7
1141050 1506.7
1141060 1490.5
1141070 1479.2
1141080 1469.2
1141090 1469.2
1141100 1460.0
1141110 1451.3
1141120 1451.3
1141130 1443.5
1141140 1437.7
1141150 1437.7
1141160 1432.4
1141170 1425.0
1141180 1425.0
1141190 1417.4
1141200 1409.9
1141210 1409.9
1141220 1402.1
1141230 1393.3
1141240 1393.3
1141250 1389.1
1141260 1393.7
1141270 1393.7
1141280 1402.6
1141290 1410.3
1141300 1410.3
1141310 1418.3
1141320 1425.9
1141330 1434.1
1141340 1434.1
1141350 1441.5
1141360 1450.6
1141370 1450.6
1141380 1461.2
1141390 1473.7
1141400 1473.7
1141410 1485.5
1141420 1499.8
1141430 1499.8
1141440 1510.1
1141450 1518.7
1141460 1518.7
1141470 1525.0
1141480 1528.2
1141490 1528.2
1141500 1528.3
1141510 1529.0
1141520 1529.0
1141530 1530.8
1141540 1532.6
1141550 1532.6
1141560 1533.9
1141570 1533.8
1141580 1533.8
1141590 1532.3
1141600 1526.9
1141610 1516.7
1141620 1516.7
1141630 1500.7
1141640 1482.5
1141650 1491.6
1141660 1481.3
1141670 1482.2
1141680 1482.2
1141690 1493.7
1141700 1503.4
1141710 1503.4
1141720 1513.2
1141730 1526.6
1141740 1526.6
1141750 1537.6
1141760 1549.3
1141770 1549.3
1141780 1562.4
1141790 1575.7
1141800 1575.7
1141810 1587.3
1141820 1597.5
1141830 1597.5
1141840 1607.9
1141850 1619.1
1141860 1632.1
1141870 1632.1
1141880 1643.1
1141890 1653.4
1141900 1653.4
1141910 1663.1
1141920 1671.8
1141930 1671.8
1141940 1678.9
1141950 1684.3
1141960 1684.3
1141970 1689.9
1141980 1695.6
1141990 1695.6
1142000 1701.9
1142010 1709.6
1142020 1707.0
1142030 1714.4
1142040 1720.6
1142050 1720.6
1142060 1725.6
1142070 1730.5
1142080 1730.5
1142090 1735.9
1142100 1746.3
1142110 1771.9
1142120 1771.9
1142130 1781.0
1142140 1785.8
1142150 1785.8
1142160 1791.1
1142170 1797.8
1142180 1797.8
1142190 1805.5
1142200 1813.2
1142210 1813.2
1142220 1820.6
1142230 1826.4
1142240 1826.4
1142250 1831.4
1142260 1836.0
1142270 1836.0
1142280 1841.1
1142290 1846.1
1142300 1846.1
1142310 1851.4
1142320 1856.3
1142330 1856.3
1142340 1861.1
1142350 1864.4
1142360 1867.5
1142370 1867.5
1142380 1870.8
1142390 1866.8
1142400 1866.8
1142410 1870.2
1142420 1873.7
1142430 1873.7
1142440 1876.4
1142450 1878.0
1142460 1878.0
1142470 1881.0
1142480 1887.2
1142490 1887.2
1142500 1892.9
1142510 1897.9
1142520 1897.9
1142530 1904.0
1142540 1909.9
1142550 1909.9
1142560 1917.2
1142570 1924.6
1142580 1924.6
1142590 1931.0
1142600 1936.5
1142610 1936.5
1142620 1941.8
1142630 1947.7
1142640 1954.6
1142650 1954.6
1142660 1961.5
1142670 1967.7
1142680 1967.7
1142690 1974.1
1142700 1980.4
1142710 1980.4
1142720 1985.8
1142730 1990.7
1142740 1990.7
1142750 1996.1
1142760 1995.5
1142770 1995.5
1142780 2001.4
1142790 2008.6
1142800 2008.6
1142810 2016.2
1142820 2022.5
1142830 2022.5
1142840 2028.9
1142850 2035.5
1142860 2035.5
1142870 2042.6
1142880 2049.3
1142890 2056.2
1142900 2056.2
1142910 2062.7
1142920 2068.7
1142930 2068.7
1142940 2074.6
1142950 2080.8
1142960 2080.8
1142970 2087.5
1142980 2093.9
1142990 2093.9
1143000 2100.7
1143010 2107.6
1143020 2107.6
1143030 2114.7
1143040 2122.0
1143050 2122.0
1143060 2129.6
1143070 2137.7
1143080 2137.7
1143090 2145.3
1143100 2152.6
1143110 2152.6
1143120 2160.0
1143130 2162.1
1143140 2169.6
1143150 2169.6
1143160 2177.1
1143170 2184.6
1143180 2184.6
1143190 2192.0
1143200 2199.4
1143210 2199.4
1143220 2207.5
1143230 2215.8
1143240 2215.8
1143250 2224.6
1143260 2233.3
1143270 2233.3
1143280 2242.2
1143290 2251.1
1143300 2251.1
1143310 2260.0
1143320 2268.6
1143330 2268.6
1143340 2276.6
1143350 2284.0
1143360 2284.0
1143370 2287.7
1143380 2283.3
1143390 2283.3
1143400 2277.8
1143410 2272.6
1143420 2268.8
1143430 2268.8
1143440 2266.9
1143450 2265.4
1143460 2265.4
1143470 2262.0
1143480 2258.0
1143490 2258.0
1143500 2254.2
1143510 2258.4
1143520 2258.4
1143530 2252.6
1143540 2246.6
1143550 2246.6
1143560 2240.1
1143570 2233.4
1143580 2233.4
1143590 2227.3
1143600 2222.2
1143610 2222.2
1143620 2217.4
1143630 2211.7
1143640 2211.7
1143650 2205.8
1143660 2197.3
1143670 2187.2
1143680 2187.2
1143690 2181.4
1143700 2175.9
1143710 2175.9
1143720 2170.5
1143730 2164.6
1143740 2164.6
1143750 2159.3
1143760 2154.1
1143770 2154.1
1143780 2148.4
1143790 2142.8
1143800 2142.8
1143810 2138.6
1143820 2133.7
1143830 2133.7
1143840 2128.4
1143850 2122.1
1143860 2122.1
1143870 2117.8
1143880 2122.3
1143890 2122.3
1143900 2119.3
1143910 2115.1
1143920 2110.5
1143930 2110.5
1143940 2104.1
1143950 2096.9
1143960 2096.9
1143970 2091.9
1143980 2086.7
1143990 2086.7
1144000 2082.7
1144010 2080.0
1144020 2080.0
1144030 2076.6
1144040 2072.8
1144050 2072.8
1144060 2069.3
1144070 2066.1
1144080 2066.1
1144090 2060.9
1144100 2054.5
1144110 2054.5
1144120 2047.1
1144130 2037.5
1144140 2037.5
1144150 2025.5
1144160 2019.2
1144170 2015.0
1144180 2015.0
1144190 2009.8
1144200 2005.6
1144210 2005.6
1144220 2001.5
1144230 1996.7
1144240 1996.7
1144250 1999.8
1144260 1994.2
1144270 1994.2
1144280 1989.3
1144290 1985.3
1144300 1985.3
1144310 1980.6
1144320 1974.7
1144330 1974.7
1144340 1968.0
1144350 1961.6
1144360 1961.6
1144370 1955.0
1144380 1947.2
1144390 1947.2
1144400 1936.1
1144410 1926.2
1144420 1926.2
1144430 1920.6
1144440 1915.5
1144450 1907.2
1144460 1907.2
1144470 1888.1
1144480 1861.3
1144490 1861.3
1144500 1847.0
1144510 1838.6
1144520 1838.6
1144530 1831.9
1144540 1825.1
1144550 1825.1
1144560 1818.2
1144570 1811.0
1144580 1811.0
1144590 1804.2
1144600 1798.3
1144610 1798.3
1144620 1792.7
1144630 1790.2
1144640 1790.2
1144650 1783.0
1144660 1775.7
1144670 1775.7
1144680 1768.3
1144690 1761.8
1144700 1755.9
1144710 1755.9
1144720 1750.3
1144730 1745.3
1144740 1745.3
1144750 1740.4
1144760 1734.4
1144770 1734.4
1144780 1730.6
1144790 1726.5
1144800 1726.5
1144810 1722.1
1144820 1717.9
1144830 1717.9
1144840 1713.8
1144850 1709.6
1144860 1709.6
1144870 1705.9
1144880 1702.3
1144890 1702.3
1144900 1699.0
1144910 1696.6
1144920 1696.6
1144930 1695.9
1144940 1696.0
1144950 1694.8
1144960 1694.8
1144970 1692.6
1144980 1691.8
1144990 1691.8
1145000 1694.5
1145010 1693.4
1145020 1693.4
1145030 1691.1
1145040 1689.3
1145050 1689.3
1145060 1687.5
1145070 1686.2
1145080 1686.2
1145090 1685.1
1145100 1683.1
1145110 1683.1
1145120 1678.7
1145130 1672.3
1145140 1672.3
1145150 1665.1
1145160 1656.7
1145170 1656.7
1145180 1646.9
1145190 1635.8
1145200 1635.8
1145210 1626.4
1145220 1615.5
1145230 1599.8
1145240 1599.8
1145250 1591.6
1145260 1582.8
1145270 1582.8
1145280 1569.8
1145290 1560.0
1145300 1560.0
1145310 1555.2
1145320 1550.9
1145330 1550.9
1145340 1545.2
1145350 1539.0
1145360 1539.0
1145370 1533.4
1145380 1535.0
1145390 1535.0
1145400 1529.1
1145410 1522.0
1145420 1522.0
1145430 1517.1
1145440 1513.4
1145450 1513.4
1145460 1509.1
1145470 1503.8
1145480 1498.6
1145490 1498.6
1145500 1491.4
1145510 1483.2
1145520 1483.2
1145530 1474.3
1145540 1468.1
1145550 1468.1
1145560 1464.4
1145570 1454.1
1145580 1454.1
1145590 1442.7
1145600 1434.5
1145610 1434.5
1145620 1437.2
1145630 1437.1
1145640 1437.1
1145650 1431.4
1145660 1421.4
1145670 1421.4
1145680 1410.5
1145690 1400.6
1145700 1400.6
1145710 1393.2
1145720 1385.1
1145730 1377.1
1145740 1377.1
1145750 1369.7
1145760 1358.3
1145770 1358.3
1145780 1350.3
1145790 1342.7
1145800 1342.7
1145810 1335.4
1145820 1329.1
1145830 1329.1
1145840 1323.6
1145850 1317.6
1145860 1317.6
1145870 1312.1
1145880 1305.9
1145890 1305.9
1145900 1299.4
1145910 1292.0
1145920 1292.0
1145930 1281.0
1145940 1270.2
1145950 1270.2
1145960 1260.8
1145970 1251.6
1145980 1241.9
1145990 1241.9
1146000 1232.3
1146010 1229.5
1146020 1229.5
1146030 1234.1
1146040 1252.0
1146050 1252.0
1146060 1266.1
1146070 1275.2
1146080 1275.2
1146090 1281.9
1146100 1287.1
1146110 1287.1
1146120 1292.4
1146130 1296.5
1146140 1296.5
1146150 1301.6
1146160 1306.4
1146170 1306.4
1146180 1311.1
1146190 1316.0
1146200 1316.0
1146210 1321.6
1146220 1327.1
1146230 1327.1
1146240 1332.9
1146250 1339.5
1146260 1342.6
1146270 1342.6
1146280 1346.0
1146290 1352.1
1146300 1352.1
1146310 1357.7
1146320 1363.4
1146330 1363.4
1146340 1369.5
1146350 1375.3
1146360 1375.3
1146370 1381.2
1146380 1387.7
1146390 1387.7
1146400 1394.8
1146410 1401.7
1146420 1401.7
1146430 1408.4
1146440 1414.8
1146450 1414.8
1146460 1421.6
1146470 1428.6
1146480 1428.6
1146490 1435.8
1146500 1442.9
1146510 1450.9
1146520 1450.9
1146530 1458.0
1146540 1465.3
1146550 1465.3
1146560 1473.4
1146570 1481.9
1146580 1481.9
1146590 1490.6
1146600 1499.3
1146610 1499.3
1146620 1508.1
1146630 1518.3
1146640 1518.3
1146650 1535.5
1146660 1551.2
1146670 1551.2
1146680 1585.7
1146690 1619.8
1146700 1619.8
1146710 1636.2
1146720 1646.3
1146730 1646.3
1146740 1653.6
1146750 1658.5
1146760 1662.5
1146770 1662.5
1146780 1666.5
1146790 1670.0
1146800 1670.0
1146810 1672.9
1146820 1676.0
1146830 1676.0
1146840 1680.1
1146850 1685.5
1146860 1685.5
1146870 1690.9
1146880 1694.2
1146890 1694.2
1146900 1701.2
1146910 1708.5
1146920 1708.5
1146930 1717.0
1146940 1725.6
1146950 1725.6
1146960 1734.0
1146970 1740.0
1146980 1740.0
1146990 1744.2
1147000 1748.2
1147010 1748.2
1147020 1751.9
1147030 1755.6
1147040 1758.9
1147050 1758.9
1147060 1761.2
1147070 1763.1
1147080 1763.1
1147090 1765.4
1147100 1768.6
1147110 1768.6
1147120 1773.6
1147130 1779.6
1147140 1779.6
1147150 1785.8
1147160 1791.9
1147170 1791.9
1147180 1797.2
1147190 1801.7
1147200 1801.7
1147210 1804.0
1147220 1803.2
1147230 1803.2
1147240 1806.0
1147250 1809.1
1147260 1818.9
1147270 1822.5
1147280 1829.1
1147290 1842.2
1147300 1842.2
1147310 1849.4
1147320 1853.8
1147330 1853.8
1147340 1860.0
1147350 1867.5
1147360 1867.5
1147370 1874.7
1147380 1881.3
1147390 1881.3
1147400 1887.3
1147410 1892.6
1147420 1892.6
1147430 1897.7
1147440 1902.3
1147450 1902.3
1147460 1907.3
1147470 1912.7
1147480 1912.7
1147490 1918.0
1147500 1922.1
1147510 1922.1
1147520 1925.7
1147530 1928.7
1147540 1933.3
1147550 1933.3
1147560 1938.7
1147570 1943.2
1147580 1943.2
1147590 1947.8
1147600 1952.4
1147610 1952.4
1147620 1956.6
1147630 1961.0
1147640 1968.0
1147650 1972.9
1147660 1978.0
1147670 1978.0
1147680 1983.8
1147690 1990.1
1147700 1990.1
1147710 1996.7
1147720 2005.5
1147730 2005.5
1147740 2015.4
1147750 2023.0
1147760 2023.0
1147770 2029.0
1147780 2033.9
1147790 2039.8
1147800 2039.8
1147810 2044.8
1147820 2048.3
1147830 2048.3
1147840 2052.0
1147850 2056.1
1147860 2056.1
1147870 2060.3
1147880 2064.3
1147890 2064.3
1147900 2067.8
1147910 2071.4
1147920 2071.4
1147930 2076.2
1147940 2082.3
1147950 2082.3
1147960 2085.3
1147970 2087.8
1147980 2087.8
1147990 2090.3
1148000 2093.4
1148010 2089.1
1148020 2091.2
1148030 2092.8
1148040 2092.8
1148050 2093.8
1148060 2095.3
1148070 2098.9
1148080 2098.9
1148090 2104.4
1148100 2110.9
1148110 2110.9
1148120 2117.8
1148130 2124.9
1148140 2124.9
1148150 2132.5
1148160 2140.1
1148170 2140.1
1148180 2147.8
1148190 2155.9
1148200 2155.9
1148210 2164.5
1148220 2170.1
1148230 2170.1
1148240 2173.4
1148250 2176.3
1148260 2176.3
1148270 2179.8
1148280 2184.6
1148290 2184.6
1148300 2189.5
1148310 2194.4
1148320 2198.1
1148330 2198.1
1148340 2202.9
1148350 2206.4
1148360 2206.4
1148370 2207.4
1148380 2207.0
1148390 2207.6
1148400 2207.0
1148410 2206.9
1148420 2206.9
1148430 2205.6
1148440 2201.0
1148450 2201.0
1148460 2197.2
1148470 2196.8
1148480 2196.8
1148490 2194.4
1148500 2178.9
1148510 2178.9
1148520 2158.3
1148530 2139.9
1148540 2139.9
1148550 2128.2
1148560 2117.3
1148570 2106.5
1148580 2106.5
1148590 2090.1
1148600 2077.3
1148610 2077.3
1148620 2069.7
1148630 2064.8
1148640 2064.8
1148650 2059.8
1148660 2053.9
1148670 2053.9
1148680 2047.7
1148690 2041.3
1148700 2041.3
1148710 2035.3
1148720 2029.5
1148730 2029.5
1148740 2024.0
1148750 2018.9
1148760 2018.9
1148770 2017.3
1148780 2012.9
1148790 2012.9
1148800 2008.7
1148810 2004.9
1148820 2000.9
1148830 2000.9
1148840 1997.2
1148850 1994.4
1148860 1994.4
1148870 1992.6
1148880 1990.6
1148890 1990.6
1148900 1990.2
1148910 1989.6
1148920 1989.6
1148930 1987.4
1148940 1986.1
1148950 1986.1
1148960 1987.9
1148970 1989.9
1148980 1989.9
1148990 1990.8
1149000 1993.6
1149010 1993.6
1149020 1996.0
1149030 1997.4
1149040 1997.4
1149050 1998.2
1149060 2000.5
1149070 2000.5
1149080 2002.7
1149090 2005.2
1149100 2006.6
1149110 2006.6
1149120 2009.1
1149130 2010.0
1149140 2010.0
1149150 2016.5
1149160 2017.7
1149170 2017.7
1149180 2019.2
1149190 2023.2
1149200 2023.2
1149210 2027.9
1149220 2032.0
1149230 2032.0
1149240 2034.7
1149250 2037.8
1149260 2037.8
1149270 2043.1
1149280 2049.1
1149290 2049.1
1149300 2055.9
1149310 2062.4
1149320 2062.4
1149330 2069.9
1149340 2079.7
1149350 2091.1
1149360 2091.1
1149370 2099.4
1149380 2102.0
1149390 2102.0
1149400 2109.8
1149410 2117.7
1149420 2117.7
1149430 2124.9
1149440 2133.0
1149450 2133.0
1149460 2141.0
1149470 2148.2
1149480 2148.2
1149490 2155.5
1149500 2161.8
1149510 2161.8
1149520 2166.8
1149530 2170.1
1149540 2170.1
1149550 2176.8
1149560 2183.7
1149570 2183.7
1149580 2190.4
1149590 2197.1
1149600 2203.7
1149610 2203.7
1149620 2210.1
1149630 2216.6
1149640 2216.6
1149650 2223.0
1149660 2230.5
1149670 2230.5
1149680 2240.9
1149690 2246.6
1149700 2246.6
1149710 2252.3
1149720 2260.6
1149730 2260.6
1149740 2269.8
1149750 2286.9
1149760 2286.9
1149770 2305.9
1149780 2313.6
1149790 2313.6
1149800 2319.8
1149810 2326.4
1149820 2326.4
1149830 2342.5
1149840 2361.2
1149850 2361.2
1149860 2369.4
1149870 2372.6
1149880 2371.1
1149890 2371.1
1149900 2367.2
1149910 2357.6
1149920 2357.6
1149930 2362.7
1149940 2372.8
1149950 2372.8
1149960 2386.3
1149970 2401.4
1149980 2401.4
1149990 2412.5
1150000 2421.2
1150010 2421.2
1150020 2425.5
1150030 2428.4
1150040 2428.4
1150050 2432.0
1150060 2434.2
1150070 2434.2
1150080 2439.6
1150090 2446.9
1150100 2446.9
1150110 2452.6
1150120 2457.3
1150130 2461.4
1150140 2461.4
1150150 2466.3
1150160 2473.1
1150170 2473.1
1150180 2479.0
1150190 2483.7
1150200 2483.7
1150210 2490.3
1150220 2497.1
1150230 2497.1
1150240 2507.9
1150250 2512.0
1150260 2512.0
1150270 2509.0
1150280 2508.4
1150290 2518.2
1150300 2521.1
1150310 2524.5
1150320 2524.5
1150330 2522.6
1150340 2520.8
1150350 2520.8
1150360 2523.2
1150370 2528.5
1150380 2535.3
1150390 2535.3
1150400 2542.4
1150410 2547.2
1150420 2547.2
1150430 2550.7
1150440 2546.5
1150450 2546.5
1150460 2531.3
1150470 2530.6
1150480 2530.6
1150490 2535.0
1150500 2541.8
1150510 2541.8
1150520 2545.7
1150530 2551.6
1150540 2551.6
1150550 2565.4
1150560 2576.7
1150570 2576.7
1150580 2584.4
1150590 2590.6
1150600 2590.6
1150610 2595.8
1150620 2601.7
1150630 2610.6
1150640 2610.6
1150650 2616.3
1150660 2618.4
1150670 2618.1
1150680 2616.5
1150690 2609.1
1150700 2609.1
1150710 2600.4
1150720 2592.3
1150730 2592.3
1150740 2585.4
1150750 2579.1
1150760 2579.1
1150770 2571.3
1150780 2562.4
1150790 2562.4
1150800 2553.1
1150810 2543.1
1150820 2543.1
1150830 2534.5
1150840 2526.2
1150850 2526.2
1150860 2517.3
1150870 2509.2
1150880 2509.2
1150890 2498.9
1150900 2488.7
1150910 2479.5
1150920 2479.5
1150930 2470.8
1150940 2461.7
1150950 2461.7
1150960 2454.3
1150970 2448.3
1150980 2448.3
1150990 2442.2
1151000 2432.6
1151010 2432.6
1151020 2424.5
1151030 2415.0
1151040 2415.0
1151050 2402.9
1151060 2376.0
1151070 2376.0
1151080 2363.3
1151090 2360.4
1151100 2360.4
1151110 2355.6
1151120 2342.0
1151130 2342.0
1151140 2327.6
1151150 2310.5
1151160 2296.3
1151170 2296.3
1151180 2283.8
1151190 2270.3
1151200 2270.3
1151210 2256.8
1151220 2246.3
1151230 2246.3
1151240 2240.9
1151250 2232.1
1151260 2232.1
1151270 2221.0
1151280 2212.0
1151290 2212.0
1151300 2205.3
1151310 2199.8
1151320 2199.8
1151330 2194.3
1151340 2189.3
1151350 2189.3
1151360 2186.2
1151370 2183.6
1151380 2183.6
1151390 2178.6
1151400 2174.5
1151410 2169.8
1151420 2169.8
1151430 2167.0
1151440 2161.4
1151450 2161.4
1151460 2157.5
1151470 2148.2
1151480 2148.2
1151490 2132.0
1151500 2109.5
1151510 2109.5
1151520 2087.1
1151530 2070.7
1151540 2070.7
1151550 2058.3
1151560 2042.0
1151570 2042.0
1151580 2031.7
1151590 2026.4
1151600 2026.4
1151610 2020.7
1151620 2014.3
1151630 2014.3
1151640 2006.5
1151650 1998.2
1151660 1991.1
1151670 1991.1
1151680 1984.6
1151690 1979.0
1151700 1979.0
1151710 1972.1
1151720 1962.0
1151730 1962.0
1151740 1947.4
1151750 1936.1
1151760 1936.1
1151770 1925.4
1151780 1913.8
1151790 1913.8
1151800 1905.0
1151810 1900.6
1151820 1900.6
1151830 1893.9
1151840 1887.4
1151850 1887.4
1151860 1882.9
1151870 1878.1
1151880 1878.1
1151890 1871.2
1151900 1864.7
1151910 1864.7
1151920 1862.2
1151930 1863.8
1151940 1865.4
1151950 1865.4
1151960 1867.2
1151970 1866.6
1151980 1866.6
1151990 1859.5
1152000 1852.9
1152010 1852.9
1152020 1854.8
1152030 1857.6
1152040 1857.6
1152050 1854.9
1152060 1852.9
1152070 1852.9
1152080 1850.7
1152090 1848.3
1152100 1848.3
1152110 1844.5
1152120 1840.9
1152130 1840.9
1152140 1837.4
1152150 1835.9
1152160 1835.9
1152170 1834.6
1152180 1832.2
1152190 1827.4
1152200 1822.1
1152210 1815.7
1152220 1803.6
1152230 1803.6
1152240 1787.1
1152250 1772.0
1152260 1772.0
1152270 1762.1
1152280 1760.3
1152290 1760.3
1152300 1753.0
1152310 1749.2
1152320 1749.2
1152330 1748.0
1152340 1744.0
1152350 1744.0
1152360 1736.6
1152370 1727.9
1152380 1727.9
1152390 1716.8
1152400 1707.6
1152410 1707.6
1152420 1696.1
1152430 1684.6
1152440 1670.8
1152450 1670.8
1152460 1656.7
1152470 1644.5
1152480 1644.5
1152490 1634.7
1152500 1625.1
1152510 1625.1
1152520 1616.9
1152530 1609.8
1152540 1609.8
1152550 1603.8
1152560 1598.3
1152570 1598.3
1152580 1590.1
1152590 1584.9
1152600 1584.9
1152610 1580.7
1152620 1575.7
1152630 1575.7
1152640 1570.2
1152650 1564.5
1152660 1564.5
1152670 1559.0
1152680 1553.4
1152690 1547.9
1152700 1547.9
1152710 1542.7
1152720 1537.6
1152730 1537.6
1152740 1532.8
1152750 1527.9
1152760 1527.9
1152770 1523.2
1152780 1518.9
1152790 1518.9
1152800 1514.6
1152810 1510.7
1152820 1510.7
1152830 1508.6
1152840 1507.1
1152850 1507.1
1152860 1507.0
1152870 1506.3
1152880 1506.3
1152890 1504.5
1152900 1502.3
1152910 1502.3
1152920 1503.2
1152930 1504.3
1152940 1504.3
1152950 1505.4
1152960 1507.9
1152970 1509.1
1152980 1509.1
1152990 1510.5
1153000 1512.2
1153010 1512.2
1153020 1514.1
1153030 1515.9
1153040 1515.9
1153050 1517.7
1153060 1519.4
1153070 1519.4
1153080 1521.2
1153090 1522.8
1153100 1522.8
1153110 1524.9
1153120 1527.4
1153130 1527.4
1153140 1530.1
1153150 1533.0
1153160 1533.0
1153170 1536.1
1153180 1538.5
1153190 1538.5
1153200 1541.4
1153210 1544.9
1153220 1548.3
1153230 1548.3
1153240 1551.2
1153250 1553.6
1153260 1553.6
1153270 1554.4
1153280 1557.0
1153290 1557.0
1153300 1562.0
1153310 1567.2
1153320 1567.2
1153330 1571.1
1153340 1574.8
1153350 1574.5
1153360 1578.9
1153370 1585.6
1153380 1585.6
1153390 1590.5
1153400 1588.4
1153410 1588.4
1153420 1589.2
1153430 1591.4
1153440 1591.4
1153450 1594.0
1153460 1598.0
1153470 1603.8
1153480 1603.8
1153490 1609.4
1153500 1625.0
1153510 1625.0
1153520 1654.6
1153530 1669.3
1153540 1669.3
1153550 1679.3
1153560 1689.8
1153570 1689.8
1153580 1704.1
1153590 1716.3
1153600 1716.3
1153610 1727.1
1153620 1736.1
1153630 1736.1
1153640 1743.6
1153650 1750.8
1153660 1750.8
1153670 1757.6
1153680 1764.0
1153690 1764.0
1153700 1770.2
1153710 1775.9
1153720 1775.9
1153730 1779.4
1153740 1785.2
1153750 1791.7
1153760 1791.7
1153770 1798.5
1153780 1805.4
1153790 1805.4
1153800 1812.2
1153810 1818.2
1153820 1818.2
1153830 1824.0
1153840 1830.1
1153850 1830.1
1153860 1837.0
1153870 1843.2
1153880 1843.2
1153890 1849.1
1153900 1855.3
1153910 1855.3
1153920 1861.7
1153930 1868.0
1153940 1868.0
1153950 1873.3
1153960 1877.8
1153970 1877.8
1153980 1883.1
1153990 1888.8
1154000 1894.9
1154010 1894.9
1154020 1901.1
1154030 1907.2
1154040 1907.2
1154050 1912.8
1154060 1918.3
1154070 1918.3
1154080 1923.5
1154090 1929.6
1154100 1929.6
1154110 1935.9
1154120 1944.8
1154130 1944.8
1154140 1949.3
1154150 1956.3
1154160 1956.3
1154170 1965.1
1154180 1974.2
1154190 1974.2
1154200 1982.2
1154210 1989.8
1154220 1989.8
1154230 1998.0
1154240 2005.8
1154250 2013.5
1154260 2013.5
1154270 2021.6
1154280 2030.8
1154290 2030.8
1154300 2040.9
1154310 2050.3
1154320 2050.3
1154330 2059.3
1154340 2068.4
1154350 2068.4
1154360 2078.8
1154370 2089.1
1154380 2089.1
1154390 2099.6
1154400 2110.2
1154410 2110.2
1154420 2122.3
1154430 2137.3
1154440 2137.3
1154450 2161.1
1154460 2195.3
1154470 2195.3
1154480 2221.2
1154490 2228.1
1154500 2218.5
1154510 2218.5
1154520 2216.3
1154530 2220.9
1154540 2220.9
1154550 2236.1
1154560 2255.8
1154570 2255.8
1154580 2266.7
1154590 2273.9
1154600 2273.9
1154610 2281.9
1154620 2289.5
1154630 2289.5
1154640 2295.6
1154650 2299.7
1154660 2299.7
1154670 2304.5
1154680 2310.4
1154690 2310.4
1154700 2319.1
1154710 2328.8
1154720 2328.8
1154730 2338.6
1154740 2348.0
1154750 2348.0
1154760 2357.0
1154770 2368.9
1154780 2377.4
1154790 2377.4
1154800 2380.1
1154810 2384.2
1154820 2384.2
1154830 2393.1
1154840 2405.1
1154850 2405.1
1154860 2420.8
1154870 2434.3
1154880 2434.3
1154890 2430.5
1154900 2438.4
1154910 2438.4
1154920 2447.7
1154930 2455.8
1154940 2455.8
1154950 2463.8
1154960 2471.8
1154970 2471.8
1154980 2484.6
1154990 2505.6
1155000 2505.6
1155010 2526.1
1155020 2533.9
1155030 2526.7
1155040 2526.7
1155050 2509.4
1155060 2492.9
1155070 2492.9
1155080 2482.6
1155090 2474.3
1155100 2474.3
1155110 2467.0
1155120 2457.1
1155130 2457.1
1155140 2445.5
1155150 2437.8
1155160 2437.8
1155170 2434.1
1155180 2432.4
1155190 2432.4
1155200 2436.1
1155210 2448.1
1155220 2448.1
1155230 2445.8
1155240 2438.7
1155250 2438.7
1155260 2426.7
1155270 2404.5
1155280 2364.6
1155290 2364.6
1155300 2336.7
1155310 2326.8
1155320 2326.8
1155330 2315.6
1155340 2305.3
1155350 2305.3
1155360 2294.5
1155370 2282.3
1155380 2282.3
1155390 2271.3
1155400 2263.1
1155410 2263.1
1155420 2256.0
1155430 2248.2
1155440 2248.2
1155450 2239.1
1155460 2229.2
1155470 2229.2
1155480 2218.9
1155490 2209.0
1155500 2209.0
1155510 2198.2
1155520 2188.7
1155530 2180.5
1155540 2180.5
1155550 2172.3
1155560 2163.9
1155570 2163.9
1155580 2155.5
1155590 2147.5
1155600 2147.5
1155610 2138.4
1155620 2129.7
1155630 2129.7
1155640 2121.6
1155650 2112.3
1155660 2107.7
1155670 2100.7
1155680 2092.7
1155690 2092.7
1155700 2083.1
1155710 2074.3
1155720 2074.3
1155730 2067.8
1155740 2061.5
1155750 2061.5
1155760 2055.3
1155770 2049.3
1155780 2049.3
1155790 2043.1
1155800 2037.4
1155810 2034.6
1155820 2034.6
1155830 2029.3
1155840 2015.1
1155850 2015.1
1155860 2003.7
1155870 1994.9
1155880 1994.9
1155890 1986.9
1155900 1979.1
1155910 1979.1
1155920 1970.4
1155930 1963.2
1155940 1963.2
1155950 1961.9
1155960 1961.0
1155970 1961.0
1155980 1959.1
1155990 1956.5
1156000 1956.5
1156010 1952.1
1156020 1945.3
1156030 1945.3
1156040 1937.9
1156050 1922.4
1156060 1917.7
1156070 1917.7
1156080 1912.8
1156090 1906.1
1156100 1906.1
1156110 1899.3
1156120 1893.4
1156130 1893.4
1156140 1886.7
1156150 1879.4
1156160 1879.4
1156170 1872.4
1156180 1863.8
1156190 1863.8
1156200 1853.9
1156210 1845.2
1156220 1845.2
1156230 1838.2
1156240 1831.9
1156250 1831.9
1156260 1824.6
1156270 1817.0
1156280 1817.0
1156290 1808.3
1156300 1797.1
1156310 1784.3
1156320 1784.3
1156330 1773.9
1156340 1766.3
1156350 1766.3
1156360 1754.9
1156370 1743.4
1156380 1743.4
1156390 1740.3
1156400 1738.6
1156410 1738.6
1156420 1734.7
1156430 1720.0
1156440 1720.0
1156450 1716.9
1156460 1717.9
1156470 1717.9
1156480 1717.3
1156490 1716.4
1156500 1716.4
1156510 1717.3
1156520 1712.7
1156530 1712.7
1156540 1704.3
1156550 1696.5
1156560 1688.0
1156570 1688.0
1156580 1679.4
1156590 1670.8
1156600 1670.8
1156610 1662.3
1156620 1653.7
1156630 1653.7
1156640 1645.4
1156650 1635.3
1156660 1635.3
1156670 1626.5
1156680 1618.6
1156690 1618.6
1156700 1611.3
1156710 1604.6
1156720 1604.6
1156730 1599.1
1156740 1595.7
1156750 1595.7
1156760 1592.3
1156770 1589.1
1156780 1589.1
1156790 1586.6
1156800 1583.4
1156810 1583.4
1156820 1581.7
1156830 1578.6
1156840 1575.2
1156850 1575.2
1156860 1572.3
1156870 1569.7
1156880 1569.7
1156890 1567.2
1156900 1564.2
1156910 1564.2
1156920 1560.3
1156930 1554.8
1156940 1554.8
1156950 1548.2
1156960 1550.2
1156970 1550.2
1156980 1554.7
1156990 1558.6
1157000 1558.6
1157010 1562.0
1157020 1565.4
1157030 1565.4
1157040 1569.3
1157050 1573.2
1157060 1573.2
1157070 1576.9
1157080 1580.7
1157090 1584.6
1157100 1584.6
1157110 1588.7
1157120 1592.5
1157130 1592.5
1157140 1596.2
1157150 1599.2
1157160 1599.2
1157170 1602.1
1157180 1607.4
1157190 1607.4
1157200 1612.1
1157210 1618.1
1157220 1618.1
1157230 1622.6
1157240 1627.2
1157250 1627.2
1157260 1631.7
1157270 1636.3
1157280 1636.3
1157290 1641.0
1157300 1645.7
1157310 1645.7
1157320 1650.4
1157330 1655.3
1157340 1660.1
1157350 1660.1
1157360 1665.1
1157370 1670.5
1157380 1670.5
1157390 1676.8
1157400 1684.5
1157410 1684.5
1157420 1692.9
1157430 1701.5
1157440 1701.5
1157450 1712.6
1157460 1726.4
1157470 1726.4
1157480 1737.7
1157490 1743.3
1157500 1743.3
1157510 1750.2
1157520 1758.5
1157530 1758.5
1157540 1765.2
1157550 1770.3
1157560 1770.3
1157570 1772.8
1157580 1772.5
1157590 1772.5
1157600 1779.4
1157610 1792.3
1157620 1798.4
1157630 1798.4
1157640 1799.8
1157650 1802.7
1157660 1802.7
1157670 1804.8
1157680 1812.5
1157690 1812.5
1157700 1822.6
1157710 1833.4
1157720 1833.4
1157730 1845.2
1157740 1861.6
1157750 1861.6
1157760 1884.2
1157770 1908.3
1157780 1908.3
1157790 1922.6
1157800 1940.4
1157810 1940.4
1157820 1960.5
1157830 1973.2
1157840 1973.2
1157850 1980.3
1157860 1987.1
1157870 1994.2
1157880 1994.2
1157890 2001.5
1157900 2008.8
1157910 2008.8
1157920 2015.9
1157930 2023.7
1157940 2023.7
1157950 2031.5
1157960 2039.2
1157970 2039.2
1157980 2045.4
1157990 2058.6
1158000 2058.6
1158010 2067.1
1158020 2074.8
1158030 2074.8
1158040 2079.8
1158050 2083.2
1158060 2083.2
1158070 2085.9
1158080 2086.4
1158090 2086.4
1158100 2083.0
1158110 2078.3
1158120 2078.8
1158130 2078.8
1158140 2081.9
1158150 2082.9
1158160 2082.9
1158170 2083.1
1158180 2083.3
1158190 2083.3
1158200 2083.6
1158210 2085.2
1158220 2085.2
1158230 2087.5
1158240 2091.0
1158250 2091.0
1158260 2094.0
1158270 2095.7
1158280 2095.7
1158290 2096.4
1158300 2097.3
1158310 2097.3
1158320 2098.9
1158330 2097.8
1158340 2097.8
1158350 2096.0
1158360 2097.2
1158370 2098.1
1158380 2105.6
1158390 2105.7
1158400 2105.5
1158410 2105.5
1158420 2106.5
1158430 2110.6
1158440 2110.6
1158450 2118.6
1158460 2120.6
1158470 2120.6
1158480 2122.3
1158490 2124.3
1158500 2124.3
1158510 2127.1
1158520 2130.5
1158530 2130.5
1158540 2133.8
1158550 2138.1
1158560 2138.1
1158570 2143.0
1158580 2148.9
1158590 2148.9
1158600 2153.8
1158610 2157.9
1158620 2157.9
1158630 2161.9
1158640 2166.9
1158650 2172.1
1158660 2172.1
1158670 2177.4
1158680 2183.1
1158690 2183.1
1158700 2188.7
1158710 2193.3
1158720 2193.3
1158730 2196.8
1158740 2199.2
1158750 2199.2
1158760 2198.8
1158770 2198.0
1158780 2198.0
1158790 2195.3
1158800 2190.2
1158810 2190.2
1158820 2182.2
1158830 2175.5
1158840 2175.5
1158850 2170.5
1158860 2166.2
1158870 2166.2
1158880 2161.5
1158890 2156.8
1158900 2151.3
1158910 2151.3
1158920 2143.2
1158930 2135.3
1158940 2135.3
1158950 2127.5
1158960 2119.4
1158970 2119.4
1158980 2110.6
1158990 2102.0
1159000 2102.0
1159010 2095.5
1159020 2090.1
1159030 2090.1
1159040 2083.9
1159050 2076.9
1159060 2076.9
1159070 2069.1
1159080 2060.1
1159090 2060.1
1159100 2051.7
1159110 2043.5
1159120 2043.5
1159130 2035.5
1159140 2027.2
1159150 2018.8
1159160 2016.8
1159170 2009.4
1159180 2002.2
1159190 2002.2
1159200 1994.7
1159210 1986.1
1159220 1986.1
1159230 1975.8
1159240 1968.8
1159250 1968.8
1159260 1965.9
1159270 1961.2
1159280 1961.2
1159290 1956.2
1159300 1952.2
1159310 1952.2
1159320 1948.0
1159330 1947.3
1159340 1947.3
1159350 1945.7
1159360 1945.3
1159370 1945.3
1159380 1945.4
1159390 1941.8
1159400 1936.9
1159410 1936.9
1159420 1931.2
1159430 1926.1
1159440 1926.1
1159450 1920.9
1159460 1914.9
1159470 1914.9
1159480 1908.7
1159490 1902.7
1159500 1902.7
1159510 1895.9
1159520 1889.7
1159530 1889.7
1159540 1883.1
1159550 1876.5
1159560 1876.5
1159570 1862.9
1159580 1852.4
1159590 1852.4
1159600 1848.2
1159610 1838.4
1159620 1838.4
1159630 1828.4
1159640 1820.1
1159650 1820.1
1159660 1812.2
1159670 1804.4
1159680 1796.9
1159690 1796.9
1159700 1789.1
1159710 1781.3
1159720 1781.3
1159730 1773.1
1159740 1764.6
1159750 1764.6
1159760 1761.4
1159770 1765.9
1159780 1765.9
1159790 1769.9
1159800 1770.1
1159810 1770.1
1159820 1767.5
1159830 1764.8
1159840 1764.8
1159850 1759.0
1159860 1752.7
1159870 1752.7
1159880 1745.5
1159890 1736.3
1159900 1736.3
1159910 1728.2
1159920 1722.1
1159930 1723.0
1159940 1713.5
1159950 1718.2
1159960 1720.7
1159970 1720.7
1159980 1716.5
1159990 1710.1
