1140000 1917.6
1140010 1910.8
1140020 1910.8
1140030 1904.0
1140040 1897.4
1140050 1897.4
1140060 1891.7
1140070 1886.5
1140080 1886.5
1140090 1881.8
1140100 1876.9
1140110 1876.9
1140120 1870.8
1140130 1863.6
1140140 1863.6
1140150 1856.1
1140160 1849.8
1140170 1849.8
1140180 1845.7
1140190 1841.8
1140200 1841.8
1140210 1838.3
1140220 1834.4
1140230 1834.4
1140240 1829.7
1140250 1819.6
1140260 1813.8
1140270 1813.8
1140280 1807.8
1140290 1803.9
1140300 1803.9
1140310 1799.3
1140320 1796.2
1140330 1796.2
1140340 1794.9
1140350 1792.0
1140360 1792.0
1140370 1788.2
1140380 1785.9
1140390 1785.9
1140400 1785.4
1140410 1783.8
1140420 1783.8
1140430 1779.8
1140440 1775.1
1140450 1775.1
1140460 1770.6
1140470 1766.2
1140480 1766.2
1140490 1761.7
1140500 1757.3
1140510 1752.9
1140520 1752.9
1140530 1748.4
1140540 1743.9
1140550 1743.9
1140560 1738.7
1140570 1732.8
1140580 1732.8
1140590 1726.5
1140600 1720.7
1140610 1720.7
1140620 1714.5
1140630 1708.6
1140640 1708.6
1140650 1702.5
1140660 1696.5
1140670 1696.5
1140680 1690.4
1140690 1683.6
1140700 1683.6
1140710 1677.1
1140720 1670.5
1140730 1670.5
1140740 1664.0
1140750 1657.6
1140760 1651.9
1140770 1651.9
1140780 1647.0
1140790 1642.3
1140800 1642.3
1140810 1637.6
1140820 1632.8
1140830 1632.8
1140840 1627.8
1140850 1622.2
1140860 1622.2
1140870 1616.2
1140880 1607.0
1140890 1607.0
1140900 1600.4
1140910 1594.9
1140920 1594.9
1140930 1589.3
1140940 1583.0
1140950 1583.0
1140960 1568.7
1140970 1551.7
1140980 1551.7
1140990 1540.7
1141000 1530.9
1141010 1530.9
1141020 1521.2
1141030 1512.2
1141040 1504.4
1141050 1504.4
1141060 1497.0
1141070 1490.8
1141080 1490.8
1141090 1483.1
1141100 1472.7
1141110 1472.7
1141120 1466.1
1141130 1460.5
1141140 1460.5
1141150 1453.1
1141160 1443.5
1141170 1443.5
1141180 1433.1
1141190 1423.7
1141200 1423.7
1141210 1415.8
1141220 1407.3
1141230 1407.3
1141240 1398.8
1141250 1396.3
1141260 1396.3
1141270 1398.6
1141280 1404.9
1141290 1413.4
1141300 1413.4
1141310 1422.9
1141320 1433.0
1141330 1433.0
1141340 1442.2
1141350 1455.9
1141360 1456.9
1141370 1469.4
1141380 1484.6
1141390 1484.6
1141400 1503.0
1141410 1523.0
1141420 1523.0
1141430 1538.2
1141440 1548.0
1141450 1548.0
1141460 1556.7
1141470 1564.2
1141480 1564.2
1141490 1570.3
1141500 1575.9
1141510 1575.9
1141520 1580.7
1141530 1585.2
1141540 1589.0
1141550 1589.0
1141560 1590.7
1141570 1590.0
1141580 1590.0
1141590 1587.2
1141600 1583.1
1141610 1583.1
1141620 1573.3
1141630 1558.8
1141640 1558.8
1141650 1544.8
1141660 1527.1
1141670 1527.1
1141680 1516.8
1141690 1509.6
1141700 1509.6
1141710 1502.1
1141720 1504.9
1141730 1507.4
1141740 1514.3
1141750 1522.4
1141760 1522.4
1141770 1534.8
1141780 1551.0
1141790 1563.1
1141800 1563.1
1141810 1575.8
1141820 1587.2
1141830 1587.2
1141840 1598.4
1141850 1613.7
1141860 1613.7
1141870 1623.3
1141880 1629.3
1141890 1629.3
1141900 1636.8
1141910 1642.6
1141920 1642.6
1141930 1647.0
1141940 1651.5
1141950 1651.5
1141960 1657.2
1141970 1663.0
1141980 1663.0
1141990 1668.4
1142000 1671.5
1142010 1671.5
1142020 1674.3
1142030 1678.9
1142040 1678.9
1142050 1683.3
1142060 1689.7
1142070 1699.7
1142080 1699.7
1142090 1717.8
1142100 1732.2
1142110 1732.2
1142120 1740.7
1142130 1747.3
1142140 1747.3
1142150 1753.3
1142160 1759.4
1142170 1759.4
1142180 1765.8
1142190 1771.2
1142200 1771.2
1142210 1776.0
1142220 1779.4
1142230 1779.4
1142240 1782.9
1142250 1787.7
1142260 1787.7
1142270 1792.9
1142280 1797.9
1142290 1797.9
1142300 1802.8
1142310 1807.2
1142320 1810.9
1142330 1810.9
1142340 1813.5
1142350 1815.8
1142360 1815.8
1142370 1818.5
1142380 1824.4
1142390 1824.4
1142400 1831.1
1142410 1836.3
1142420 1836.3
1142430 1840.3
1142440 1844.1
1142450 1844.1
1142460 1848.9
1142470 1856.9
1142480 1856.9
1142490 1864.1
1142500 1870.0
1142510 1870.0
1142520 1876.3
1142530 1883.9
1142540 1883.9
1142550 1893.1
1142560 1901.0
1142570 1906.4
1142580 1906.4
1142590 1910.8
1142600 1913.9
1142610 1913.9
1142620 1916.8
1142630 1922.0
1142640 1922.0
1142650 1927.5
1142660 1930.8
1142670 1930.8
1142680 1931.1
1142690 1934.2
1142700 1934.2
1142710 1939.5
1142720 1943.8
1142730 1943.8
1142740 1948.2
1142750 1952.8
1142760 1952.8
1142770 1956.9
1142780 1960.7
1142790 1960.7
1142800 1965.4
1142810 1971.4
1142820 1971.4
1142830 1977.7
1142840 1983.7
1142850 1985.8
1142860 1985.8
1142870 1992.8
1142880 2000.5
1142890 2000.5
1142900 2008.7
1142910 2017.6
1142920 2017.6
1142930 2026.7
1142940 2033.7
1142950 2033.7
1142960 2037.9
1142970 2042.4
1142980 2042.4
1142990 2047.7
1143000 2054.5
1143010 2054.5
1143020 2063.2
1143030 2072.5
1143040 2072.5
1143050 2081.1
1143060 2089.6
1143070 2089.6
1143080 2097.7
1143090 2106.3
1143100 2114.3
1143110 2114.3
1143120 2122.4
1143130 2130.2
1143140 2130.2
1143150 2138.2
1143160 2146.6
1143170 2146.6
1143180 2156.1
1143190 2165.6
1143200 2165.6
1143210 2174.2
1143220 2176.6
1143230 2176.6
1143240 2184.5
1143250 2192.3
1143260 2192.3
1143270 2200.1
1143280 2207.8
1143290 2207.8
1143300 2216.7
1143310 2225.5
1143320 2225.5
1143330 2234.3
1143340 2243.1
1143350 2251.7
1143360 2251.7
1143370 2260.1
1143380 2268.4
1143390 2268.4
1143400 2276.9
1143410 2285.4
1143420 2285.4
1143430 2294.0
1143440 2302.3
1143450 2302.3
1143460 2309.9
1143470 2313.9
1143480 2313.9
1143490 2311.3
1143500 2307.1
1143510 2307.1
1143520 2302.7
1143530 2298.3
1143540 2298.3
1143550 2294.7
1143560 2292.2
1143570 2292.2
1143580 2289.4
1143590 2291.5
1143600 2286.4
1143610 2286.4
1143620 2280.0
1143630 2272.9
1143640 2272.9
1143650 2264.7
1143660 2257.2
1143670 2257.2
1143680 2251.6
1143690 2245.3
1143700 2245.3
1143710 2238.4
1143720 2231.6
1143730 2231.6
1143740 2223.6
1143750 2217.6
1143760 2217.6
1143770 2212.3
1143780 2208.8
1143790 2208.8
1143800 2205.3
1143810 2199.9
1143820 2199.9
1143830 2193.5
1143840 2187.3
1143850 2187.3
1143860 2179.8
1143870 2170.3
1143880 2162.2
1143890 2162.2
1143900 2157.2
1143910 2154.9
1143920 2154.9
1143930 2152.4
1143940 2149.7
1143950 2149.7
1143960 2155.0
1143970 2151.0
1143980 2151.0
1143990 2149.3
1144000 2148.8
1144010 2148.8
1144020 2148.0
1144030 2144.9
1144040 2144.9
1144050 2140.3
1144060 2130.6
1144070 2130.6
1144080 2122.0
1144090 2116.1
1144100 2116.1
1144110 2109.7
1144120 2104.7
1144130 2100.8
1144140 2100.8
1144150 2098.0
1144160 2093.1
1144170 2093.1
1144180 2085.8
1144190 2077.4
1144200 2077.4
1144210 2070.4
1144220 2063.2
1144230 2063.2
1144240 2055.3
1144250 2049.3
1144260 2049.3
1144270 2043.3
1144280 2036.2
1144290 2036.2
1144300 2029.2
1144310 2023.2
1144320 2023.2
1144330 2018.6
1144340 2021.2
1144350 2021.2
1144360 2014.8
1144370 2010.7
1144380 2006.7
1144390 2006.7
1144400 2001.0
1144410 1995.0
1144420 1995.0
1144430 1987.1
1144440 1977.0
1144450 1977.0
1144460 1966.1
1144470 1956.6
1144480 1956.6
1144490 1945.2
1144500 1931.6
1144510 1931.6
1144520 1917.7
1144530 1905.7
1144540 1905.7
1144550 1894.5
1144560 1882.8
1144570 1882.8
1144580 1868.4
1144590 1846.6
1144600 1846.6
1144610 1829.0
1144620 1819.0
1144630 1819.0
1144640 1812.6
1144650 1806.6
1144660 1800.7
1144670 1800.7
1144680 1796.7
1144690 1792.0
1144700 1792.0
1144710 1790.5
1144720 1784.5
1144730 1784.5
1144740 1777.8
1144750 1771.9
1144760 1771.9
1144770 1766.5
1144780 1762.3
1144790 1762.3
1144800 1757.9
1144810 1752.9
1144820 1752.9
1144830 1748.2
1144840 1743.8
1144850 1743.8
1144860 1739.4
1144870 1734.5
1144880 1734.5
1144890 1728.9
1144900 1719.8
1144910 1711.4
1144920 1711.4
1144930 1705.6
1144940 1700.0
1144950 1700.0
1144960 1695.1
1144970 1690.6
1144980 1690.6
1144990 1686.5
1145000 1683.4
1145010 1683.4
1145020 1682.2
1145030 1683.4
1145040 1683.4
1145050 1685.4
1145060 1687.3
1145070 1687.3
1145080 1688.9
1145090 1685.7
1145100 1685.7
1145110 1686.3
1145120 1687.6
1145130 1687.6
1145140 1687.9
1145150 1688.0
1145160 1686.2
1145170 1686.2
1145180 1682.7
1145190 1678.3
1145200 1678.3
1145210 1675.1
1145220 1671.8
1145230 1671.8
1145240 1667.7
1145250 1663.4
1145260 1663.4
1145270 1657.9
1145280 1650.7
1145290 1650.7
1145300 1640.6
1145310 1627.5
1145320 1627.5
1145330 1618.2
1145340 1610.4
1145350 1610.4
1145360 1604.9
1145370 1601.4
1145380 1601.4
1145390 1597.3
1145400 1585.9
1145410 1573.6
1145420 1573.6
1145430 1561.9
1145440 1553.2
1145450 1553.2
1145460 1555.4
1145470 1546.2
1145480 1546.2
1145490 1538.9
1145500 1531.3
1145510 1531.3
1145520 1524.8
1145530 1517.5
1145540 1517.5
1145550 1509.1
1145560 1500.6
1145570 1500.6
1145580 1491.7
1145590 1482.5
1145600 1482.5
1145610 1473.6
1145620 1465.7
1145630 1465.7
1145640 1458.7
1145650 1452.9
1145660 1452.9
1145670 1447.6
1145680 1442.5
1145690 1436.5
1145700 1436.5
1145710 1428.4
1145720 1417.7
1145730 1417.7
1145740 1405.7
1145750 1394.7
1145760 1394.7
1145770 1384.9
1145780 1375.3
1145790 1375.3
1145800 1363.6
1145810 1351.1
1145820 1351.1
1145830 1340.9
1145840 1332.7
1145850 1332.7
1145860 1327.9
1145870 1320.7
1145880 1320.7
1145890 1313.1
1145900 1307.4
1145910 1307.4
1145920 1301.2
1145930 1295.3
1145940 1288.7
1145950 1288.7
1145960 1280.0
1145970 1270.7
1145980 1270.7
1145990 1260.7
1146000 1248.7
1146010 1248.7
1146020 1236.8
1146030 1231.7
1146040 1231.7
1146050 1237.7
1146060 1249.5
1146070 1249.5
1146080 1262.5
1146090 1273.1
1146100 1273.1
1146110 1284.7
1146120 1297.1
1146130 1297.1
1146140 1304.6
1146150 1310.4
1146160 1310.4
1146170 1315.0
1146180 1318.9
1146190 1322.6
1146200 1322.6
1146210 1327.7
1146220 1332.2
1146230 1332.2
1146240 1336.9
1146250 1341.5
1146260 1341.5
1146270 1345.3
1146280 1350.6
1146290 1350.6
1146300 1356.2
1146310 1362.3
1146320 1362.3
1146330 1367.5
1146340 1373.3
1146350 1373.3
1146360 1378.9
1146370 1385.4
1146380 1385.4
1146390 1391.2
1146400 1397.2
1146410 1397.2
1146420 1403.3
1146430 1410.2
1146440 1410.2
1146450 1417.7
1146460 1424.8
1146470 1432.8
1146480 1432.8
1146490 1441.0
1146500 1449.2
1146510 1449.2
1146520 1457.7
1146530 1466.1
1146540 1466.1
1146550 1475.2
1146560 1484.8
1146570 1484.8
1146580 1492.8
1146590 1503.7
1146600 1503.7
1146610 1511.9
1146620 1520.3
1146630 1520.3
1146640 1534.2
1146650 1561.8
1146660 1561.8
1146670 1576.8
1146680 1585.3
1146690 1585.3
1146700 1592.5
1146710 1599.9
1146720 1607.8
1146730 1607.8
1146740 1613.5
1146750 1617.5
1146760 1617.5
1146770 1622.5
1146780 1628.7
1146790 1628.7
1146800 1633.8
1146810 1640.0
1146820 1640.0
1146830 1647.7
1146840 1655.5
1146850 1655.5
1146860 1663.9
1146870 1672.5
1146880 1672.5
1146890 1682.5
1146900 1693.7
1146910 1693.7
1146920 1702.8
1146930 1711.3
1146940 1711.3
1146950 1720.3
1146960 1728.6
1146970 1735.9
1146980 1735.9
1146990 1746.0
1147000 1756.5
1147010 1756.5
1147020 1766.5
1147030 1776.7
1147040 1776.7
1147050 1787.8
1147060 1800.5
1147070 1800.5
1147080 1812.7
1147090 1822.0
1147100 1822.0
1147110 1828.3
1147120 1832.6
1147130 1832.6
1147140 1835.7
1147150 1839.6
1147160 1839.6
1147170 1843.8
1147180 1848.2
1147190 1848.2
1147200 1854.1
1147210 1860.5
1147220 1865.8
1147230 1865.8
1147240 1870.5
1147250 1874.1
1147260 1874.1
1147270 1877.3
1147280 1880.2
1147290 1880.2
1147300 1884.9
1147310 1890.7
1147320 1890.7
1147330 1895.0
1147340 1906.0
1147350 1906.0
1147360 1912.8
1147370 1917.8
1147380 1917.8
1147390 1921.9
1147400 1925.4
1147410 1925.4
1147420 1929.3
1147430 1933.4
1147440 1933.4
1147450 1937.3
1147460 1941.6
1147470 1941.6
1147480 1947.3
1147490 1951.3
1147500 1954.9
1147510 1954.9
1147520 1958.1
1147530 1961.2
1147540 1961.2
1147550 1964.3
1147560 1967.2
1147570 1967.2
1147580 1969.9
1147590 1973.4
1147600 1973.4
1147610 1977.5
1147620 1981.7
1147630 1981.7
1147640 1985.6
1147650 1988.8
1147660 1988.8
1147670 1992.3
1147680 1996.9
1147690 1996.9
1147700 2002.3
1147710 2006.9
1147720 2005.4
1147730 2007.3
1147740 2006.5
1147750 2006.6
1147760 2006.6
1147770 2008.6
1147780 2010.4
1147790 2010.4
1147800 2011.9
1147810 2015.1
1147820 2015.1
1147830 2019.7
1147840 2022.9
1147850 2022.9
1147860 2024.8
1147870 2028.7
1147880 2028.7
1147890 2033.6
1147900 2038.6
1147910 2038.6
1147920 2043.1
1147930 2045.7
1147940 2045.7
1147950 2048.3
1147960 2052.0
1147970 2052.0
1147980 2055.6
1147990 2056.9
1148000 2058.7
1148010 2058.7
1148020 2063.4
1148030 2070.3
1148040 2070.3
1148050 2077.7
1148060 2084.7
1148070 2084.7
1148080 2092.1
1148090 2099.5
1148100 2099.6
1148110 2108.4
1148120 2119.5
1148130 2119.5
1148140 2130.7
1148150 2140.0
1148160 2140.0
1148170 2148.5
1148180 2155.7
1148190 2155.7
1148200 2162.2
1148210 2167.9
1148220 2167.9
1148230 2173.3
1148240 2180.1
1148250 2185.8
1148260 2185.8
1148270 2190.5
1148280 2196.2
1148290 2196.2
1148300 2201.3
1148310 2204.7
1148320 2204.7
1148330 2208.9
1148340 2212.9
1148350 2212.9
1148360 2215.3
1148370 2215.5
1148380 2215.5
1148390 2216.8
1148400 2217.5
1148410 2217.5
1148420 2216.5
1148430 2214.8
1148440 2214.8
1148450 2212.5
1148460 2211.0
1148470 2211.0
1148480 2210.2
1148490 2208.0
1148500 2208.0
1148510 2198.3
1148520 2185.8
1148530 2176.0
1148540 2176.0
1148550 2167.5
1148560 2153.1
1148570 2153.1
1148580 2135.0
1148590 2118.3
1148600 2118.3
1148610 2105.1
1148620 2096.2
1148630 2096.2
1148640 2089.6
1148650 2082.1
1148660 2082.1
1148670 2073.6
1148680 2066.7
1148690 2066.7
1148700 2059.7
1148710 2052.6
1148720 2052.6
1148730 2045.6
1148740 2039.0
1148750 2039.0
1148760 2032.9
1148770 2027.0
1148780 2021.3
1148790 2021.3
1148800 2015.8
1148810 2011.3
1148820 2011.3
1148830 2009.0
1148840 2007.4
1148850 2007.4
1148860 2011.8
1148870 2011.0
1148880 2011.0
1148890 2010.1
1148900 2010.3
1148910 2010.3
1148920 2008.5
1148930 2005.5
1148940 2005.5
1148950 2005.6
1148960 2006.5
1148970 2006.5
1148980 2010.1
1148990 2013.3
1149000 2013.3
1149010 2015.3
1149020 2018.4
1149030 2022.0
1149040 2022.0
1149050 2025.5
1149060 2030.1
1149070 2030.1
1149080 2034.3
1149090 2038.1
1149100 2038.1
1149110 2041.9
1149120 2044.4
1149130 2044.4
1149140 2045.9
1149150 2048.5
1149160 2048.5
1149170 2049.3
1149180 2052.3
1149190 2052.3
1149200 2056.5
1149210 2059.0
1149220 2059.0
1149230 2066.5
1149240 2069.5
1149250 2069.5
1149260 2073.2
1149270 2076.4
1149280 2076.4
1149290 2080.2
1149300 2083.8
1149310 2088.2
1149320 2088.2
1149330 2093.5
1149340 2097.7
1149350 2097.7
1149360 2099.7
1149370 2104.4
1149380 2104.4
1149390 2110.7
1149400 2116.5
1149410 2116.5
1149420 2122.5
1149430 2128.0
1149440 2128.0
1149450 2134.0
1149460 2139.5
1149470 2139.5
1149480 2144.6
1149490 2150.2
1149500 2150.2
1149510 2155.8
1149520 2161.5
1149530 2161.5
1149540 2167.4
1149550 2173.1
1149560 2178.8
1149570 2178.8
1149580 2185.1
1149590 2191.4
1149600 2191.4
1149610 2197.4
1149620 2203.4
1149630 2203.4
1149640 2209.4
1149650 2215.8
1149660 2215.8
1149670 2222.2
1149680 2228.6
1149690 2228.6
1149700 2235.1
1149710 2241.5
1149720 2241.5
1149730 2248.0
1149740 2254.4
1149750 2254.4
1149760 2260.7
1149770 2267.4
1149780 2267.4
1149790 2274.0
1149800 2280.9
1149810 2287.5
1149820 2287.5
1149830 2292.3
1149840 2299.5
1149850 2299.5
1149860 2318.0
1149870 2327.9
1149880 2327.9
1149890 2328.9
1149900 2333.2
1149910 2333.2
1149920 2340.3
1149930 2358.8
1149940 2358.8
1149950 2362.8
1149960 2366.0
1149970 2366.0
1149980 2374.2
1149990 2371.6
1150000 2371.6
1150010 2373.0
1150020 2376.0
1150030 2376.0
1150040 2380.2
1150050 2385.6
1150060 2390.8
1150070 2390.8
1150080 2396.2
1150090 2399.6
1150100 2399.6
1150110 2405.4
1150120 2414.3
1150130 2414.3
1150140 2420.5
1150150 2427.4
1150160 2427.4
1150170 2433.2
1150180 2438.7
1150190 2438.7
1150200 2443.6
1150210 2449.1
1150220 2449.1
1150230 2454.0
1150240 2459.4
1150250 2459.4
1150260 2464.3
1150270 2470.6
1150280 2470.6
1150290 2477.0
1150300 2479.5
1150310 2479.5
1150320 2475.3
1150330 2482.8
1150340 2492.1
1150350 2492.1
1150360 2500.2
1150370 2493.9
1150380 2493.9
1150390 2496.1
1150400 2497.7
1150410 2497.7
1150420 2499.6
1150430 2501.9
1150440 2501.9
1150450 2504.1
1150460 2507.9
1150470 2507.9
1150480 2510.2
1150490 2511.3
1150500 2511.3
1150510 2518.1
1150520 2529.1
1150530 2529.1
1150540 2532.0
1150550 2533.3
1150560 2533.3
1150570 2537.0
1150580 2541.5
1150590 2548.0
1150600 2548.0
1150610 2557.2
1150620 2562.8
1150630 2562.8
1150640 2567.4
1150650 2571.5
1150660 2571.5
1150670 2574.3
1150680 2575.9
1150690 2575.9
1150700 2576.9
1150710 2574.2
1150720 2574.2
1150730 2569.0
1150740 2567.2
1150750 2567.2
1150760 2559.0
1150770 2560.3
1150780 2560.3
1150790 2562.2
1150800 2562.5
1150810 2562.5
1150820 2558.6
1150830 2551.1
1150840 2543.1
1150850 2543.1
1150860 2535.7
1150870 2526.2
1150880 2526.2
1150890 2516.3
1150900 2505.3
1150910 2505.3
1150920 2495.7
1150930 2487.9
1150940 2487.9
1150950 2479.7
1150960 2471.4
1150970 2471.4
1150980 2461.2
1150990 2448.1
1151000 2448.1
1151010 2431.4
1151020 2410.8
1151030 2410.8
1151040 2398.3
1151050 2387.7
1151060 2387.7
1151070 2367.6
1151080 2347.9
1151090 2333.3
1151100 2333.3
1151110 2319.5
1151120 2311.1
1151130 2311.1
1151140 2301.9
1151150 2298.4
1151160 2298.4
1151170 2295.4
1151180 2286.9
1151190 2286.9
1151200 2276.0
1151210 2268.7
1151220 2268.7
1151230 2254.7
1151240 2237.1
1151250 2237.1
1151260 2227.3
1151270 2219.6
1151280 2219.6
1151290 2208.1
1151300 2191.0
1151310 2191.0
1151320 2182.2
1151330 2174.9
1151340 2174.9
1151350 2167.6
1151360 2160.6
1151370 2153.3
1151380 2153.3
1151390 2141.7
1151400 2132.2
1151410 2132.2
1151420 2131.9
1151430 2133.1
1151440 2133.1
1151450 2128.2
1151460 2118.3
1151470 2118.3
1151480 2108.6
1151490 2100.1
1151500 2100.1
1151510 2094.3
1151520 2081.1
1151530 2081.1
1151540 2073.6
1151550 2066.2
1151560 2066.2
1151570 2060.0
1151580 2043.7
1151590 2043.7
1151600 2012.7
1151610 2003.1
1151620 1996.5
1151630 1996.5
1151640 1990.2
1151650 1983.9
1151660 1983.9
1151670 1977.8
1151680 1973.4
1151690 1973.4
1151700 1967.4
1151710 1958.5
1151720 1958.5
1151730 1951.5
1151740 1945.1
1151750 1945.1
1151760 1938.9
1151770 1933.3
1151780 1933.3
1151790 1927.3
1151800 1922.5
1151810 1922.5
1151820 1919.4
1151830 1916.5
1151840 1916.5
1151850 1911.5
1151860 1905.5
1151870 1899.7
1151880 1899.7
1151890 1894.0
1151900 1886.9
1151910 1886.9
1151920 1882.0
1151930 1877.1
1151940 1877.1
1151950 1872.1
1151960 1867.1
1151970 1867.1
1151980 1862.2
1151990 1856.4
1152000 1856.4
1152010 1850.0
1152020 1842.6
1152030 1842.6
1152040 1835.8
1152050 1828.5
1152060 1828.5
1152070 1822.6
1152080 1815.4
1152090 1815.4
1152100 1805.9
1152110 1798.0
1152120 1791.9
1152130 1791.9
1152140 1784.6
1152150 1778.4
1152160 1778.4
1152170 1776.7
1152180 1779.0
1152190 1779.0
1152200 1780.5
1152210 1776.0
1152220 1776.0
1152230 1767.5
1152240 1754.0
1152250 1754.0
1152260 1735.3
1152270 1718.6
1152280 1713.5
1152290 1703.5
1152300 1698.9
1152310 1698.9
1152320 1692.6
1152330 1686.5
1152340 1686.5
1152350 1682.7
1152360 1680.2
1152370 1680.2
1152380 1680.4
1152390 1680.4
1152400 1680.1
1152410 1680.1
1152420 1677.2
1152430 1666.6
1152440 1666.6
1152450 1649.0
1152460 1633.8
1152470 1633.8
1152480 1619.9
1152490 1609.1
1152500 1609.1
1152510 1599.4
1152520 1591.8
1152530 1591.8
1152540 1586.7
1152550 1582.1
1152560 1582.1
1152570 1577.0
1152580 1572.0
1152590 1572.0
1152600 1566.7
1152610 1561.7
1152620 1561.7
1152630 1557.1
1152640 1553.1
1152650 1549.3
1152660 1549.3
1152670 1541.3
1152680 1537.1
1152690 1537.1
1152700 1532.9
1152710 1528.9
1152720 1528.9
1152730 1525.3
1152740 1522.0
1152750 1522.0
1152760 1518.7
1152770 1515.6
1152780 1515.6
1152790 1513.1
1152800 1512.9
1152810 1512.9
1152820 1512.9
1152830 1511.9
1152840 1511.9
1152850 1510.8
1152860 1509.9
1152870 1509.9
1152880 1509.3
1152890 1508.5
1152900 1507.6
1152910 1507.6
1152920 1507.5
1152930 1507.2
1152940 1507.2
1152950 1507.8
1152960 1508.6
1152970 1508.6
1152980 1509.7
1152990 1510.7
1153000 1510.7
1153010 1511.7
1153020 1512.8
1153030 1512.8
1153040 1514.0
1153050 1514.5
1153060 1514.5
1153070 1516.0
1153080 1518.1
1153090 1518.1
1153100 1520.0
1153110 1522.0
1153120 1522.0
1153130 1524.6
1153140 1525.8
1153150 1526.7
1153160 1526.7
1153170 1528.6
1153180 1531.0
1153190 1531.0
1153200 1534.3
1153210 1538.1
1153220 1538.1
1153230 1541.9
1153240 1546.3
1153250 1546.3
1153260 1554.9
1153270 1562.6
1153280 1562.6
1153290 1567.6
1153300 1575.4
1153310 1575.4
1153320 1582.7
1153330 1590.2
1153340 1590.2
1153350 1598.5
1153360 1607.2
1153370 1607.2
1153380 1618.0
1153390 1629.4
1153400 1629.4
1153410 1639.7
1153420 1651.2
1153430 1666.1
1153440 1666.1
1153450 1676.6
1153460 1685.4
1153470 1685.4
1153480 1690.6
1153490 1689.3
1153500 1689.3
1153510 1682.6
1153520 1675.7
1153530 1675.7
1153540 1665.7
1153550 1649.8
1153560 1649.8
1153570 1635.5
1153580 1635.2
1153590 1635.2
1153600 1637.7
1153610 1640.3
1153620 1640.3
1153630 1641.4
1153640 1645.8
1153650 1645.8
1153660 1654.9
1153670 1666.5
1153680 1686.2
1153690 1686.2
1153700 1706.1
1153710 1718.4
1153720 1718.4
1153730 1719.4
1153740 1724.7
1153750 1724.7
1153760 1736.7
1153770 1748.8
1153780 1748.8
1153790 1753.0
1153800 1766.4
1153810 1766.4
1153820 1762.7
1153830 1773.6
1153840 1773.6
1153850 1777.8
1153860 1783.0
1153870 1783.0
1153880 1801.8
1153890 1821.9
1153900 1821.9
1153910 1834.3
1153920 1842.8
1153930 1850.9
1153940 1850.9
1153950 1858.5
1153960 1866.1
1153970 1866.1
1153980 1873.5
1153990 1881.1
1154000 1881.1
1154010 1888.8
1154020 1896.6
1154030 1896.6
1154040 1904.1
1154050 1911.2
1154060 1911.2
1154070 1919.1
1154080 1928.1
1154090 1928.1
1154100 1937.0
1154110 1945.3
1154120 1945.3
1154130 1953.3
1154140 1961.7
1154150 1961.7
1154160 1969.4
1154170 1976.4
1154180 1976.4
1154190 1983.8
1154200 1993.3
1154210 2000.7
1154220 2000.7
1154230 2008.5
1154240 2016.5
1154250 2016.5
1154260 2025.0
1154270 2034.1
1154280 2034.1
1154290 2044.7
1154300 2056.4
1154310 2056.4
1154320 2067.8
1154330 2078.4
1154340 2078.4
1154350 2087.6
1154360 2094.0
1154370 2094.0
1154380 2098.3
1154390 2101.7
1154400 2101.7
1154410 2106.2
1154420 2112.0
1154430 2112.0
1154440 2116.0
1154450 2123.1
1154460 2132.0
1154470 2132.0
1154480 2139.6
1154490 2148.7
1154500 2148.7
1154510 2157.7
1154520 2167.0
1154530 2167.0
1154540 2177.4
1154550 2186.0
1154560 2186.0
1154570 2193.6
1154580 2204.6
1154590 2197.8
1154600 2212.3
1154610 2228.3
1154620 2228.3
1154630 2241.0
1154640 2252.4
1154650 2252.4
1154660 2262.4
1154670 2271.8
1154680 2271.8
1154690 2281.7
1154700 2294.1
1154710 2305.8
1154720 2305.8
1154730 2316.8
1154740 2331.8
1154750 2331.8
1154760 2348.1
1154770 2364.6
1154780 2364.6
1154790 2380.8
1154800 2395.6
1154810 2395.6
1154820 2404.0
1154830 2409.4
1154840 2409.4
1154850 2416.6
1154860 2424.2
1154870 2424.2
1154880 2430.5
1154890 2437.5
1154900 2437.5
1154910 2445.1
1154920 2452.8
1154930 2452.8
1154940 2460.4
1154950 2468.4
1154960 2477.3
1154970 2484.2
1154980 2495.7
1154990 2503.1
1155000 2503.1
1155010 2499.7
1155020 2488.4
1155030 2488.4
1155040 2469.3
1155050 2455.7
1155060 2455.7
1155070 2441.6
1155080 2424.0
1155090 2424.0
1155100 2404.2
1155110 2393.1
1155120 2393.1
1155130 2383.9
1155140 2374.9
1155150 2374.9
1155160 2361.0
1155170 2348.1
1155180 2348.1
1155190 2345.4
1155200 2341.0
1155210 2341.0
1155220 2330.1
1155230 2318.1
1155240 2305.1
1155250 2305.1
1155260 2294.3
1155270 2284.5
1155280 2284.5
1155290 2276.8
1155300 2269.8
1155310 2269.8
1155320 2262.9
1155330 2255.8
1155340 2255.8
1155350 2248.8
1155360 2233.3
1155370 2233.3
1155380 2224.5
1155390 2216.1
1155400 2216.1
1155410 2208.4
1155420 2201.2
1155430 2201.2
1155440 2192.7
1155450 2183.5
1155460 2183.5
1155470 2176.1
1155480 2169.7
1155490 2164.6
1155500 2164.6
1155510 2164.6
1155520 2163.2
1155530 2163.2
1155540 2158.1
1155550 2151.9
1155560 2151.9
1155570 2145.8
1155580 2138.6
1155590 2138.6
1155600 2131.9
1155610 2124.4
1155620 2124.4
1155630 2116.9
1155640 2111.3
1155650 2111.3
1155660 2105.5
1155670 2099.7
1155680 2099.7
1155690 2093.1
1155700 2086.2
1155710 2086.2
1155720 2079.0
1155730 2071.3
1155740 2065.0
1155750 2072.2
1155760 2068.5
1155770 2064.8
1155780 2064.8
1155790 2060.2
1155800 2054.6
1155810 2054.6
1155820 2048.5
1155830 2041.5
1155840 2041.5
1155850 2033.7
1155860 2025.5
1155870 2025.5
1155880 2017.4
1155890 2010.3
1155900 2010.3
1155910 2004.0
1155920 1996.9
1155930 1996.9
1155940 1988.4
1155950 1979.7
1155960 1979.7
1155970 1971.2
1155980 1961.4
1155990 1950.6
1156000 1950.6
1156010 1941.2
1156020 1936.3
1156030 1936.3
1156040 1932.0
1156050 1928.1
1156060 1928.1
1156070 1923.8
1156080 1918.7
1156090 1918.7
1156100 1913.6
1156110 1906.5
1156120 1906.5
1156130 1904.2
1156140 1899.4
1156150 1899.4
1156160 1893.1
1156170 1884.8
1156180 1884.8
1156190 1877.4
1156200 1870.5
1156210 1870.5
1156220 1863.1
1156230 1856.9
1156240 1856.9
1156250 1850.5
1156260 1844.4
1156270 1838.7
1156280 1838.7
1156290 1832.3
1156300 1824.6
1156310 1824.6
1156320 1817.5
1156330 1810.0
1156340 1810.0
1156350 1801.7
1156360 1792.4
1156370 1792.4
1156380 1782.0
1156390 1770.3
1156400 1770.3
1156410 1759.7
1156420 1750.1
1156430 1750.1
1156440 1741.7
1156450 1734.5
1156460 1734.5
1156470 1727.6
1156480 1720.7
1156490 1720.7
1156500 1713.0
1156510 1704.7
1156520 1697.7
1156530 1697.7
1156540 1687.0
1156550 1675.8
1156560 1675.8
1156570 1667.4
1156580 1659.8
1156590 1659.8
1156600 1649.9
1156610 1644.4
1156620 1644.4
1156630 1639.6
1156640 1634.6
1156650 1634.6
1156660 1630.2
1156670 1626.2
1156680 1626.2
1156690 1622.0
1156700 1617.7
1156710 1617.7
1156720 1613.4
1156730 1609.3
1156740 1609.3
1156750 1605.9
1156760 1602.8
1156770 1599.4
1156780 1599.4
1156790 1595.8
1156800 1593.6
1156810 1593.6
1156820 1591.5
1156830 1589.3
1156840 1589.3
1156850 1586.5
1156860 1583.2
1156870 1583.2
1156880 1580.0
1156890 1577.0
1156900 1577.0
1156910 1573.9
1156920 1569.8
1156930 1569.8
1156940 1564.8
1156950 1561.1
1156960 1561.1
1156970 1561.3
1156980 1560.7
1156990 1560.7
1157000 1561.2
1157010 1565.3
1157020 1570.0
1157030 1570.0
1157040 1574.1
1157050 1577.8
1157060 1577.8
1157070 1581.7
1157080 1585.9
1157090 1585.9
1157100 1590.1
1157110 1593.9
1157120 1593.9
1157130 1598.1
1157140 1602.2
1157150 1602.2
1157160 1606.6
1157170 1611.0
1157180 1611.0
1157190 1615.4
1157200 1620.0
1157210 1620.0
1157220 1624.5
1157230 1629.1
1157240 1629.1
1157250 1633.6
1157260 1638.0
1157270 1638.0
1157280 1642.4
1157290 1647.1
1157300 1653.0
1157310 1653.0
1157320 1658.2
1157330 1663.2
1157340 1663.2
1157350 1668.1
1157360 1673.4
1157370 1673.4
1157380 1679.0
1157390 1684.8
1157400 1684.8
1157410 1690.9
1157420 1696.8
1157430 1696.8
1157440 1702.0
1157450 1707.9
1157460 1707.9
1157470 1713.6
1157480 1717.8
1157490 1717.8
1157500 1723.8
1157510 1732.5
1157520 1732.5
1157530 1740.2
1157540 1747.7
1157550 1754.2
1157560 1754.2
1157570 1759.9
1157580 1765.9
1157590 1765.9
1157600 1772.4
1157610 1777.6
1157620 1777.6
1157630 1783.8
1157640 1791.9
1157650 1791.9
1157660 1802.0
1157670 1805.4
1157680 1805.4
1157690 1815.9
1157700 1818.3
1157710 1818.3
1157720 1822.5
1157730 1828.8
1157740 1828.8
1157750 1833.7
1157760 1837.0
1157770 1837.0
1157780 1841.1
1157790 1845.4
1157800 1850.4
1157810 1850.4
1157820 1858.8
1157830 1871.1
1157840 1871.1
1157850 1887.2
1157860 1899.5
1157870 1899.5
1157880 1910.7
1157890 1929.8
1157900 1929.8
1157910 1955.5
1157920 1980.3
1157930 1980.3
1157940 1998.1
1157950 2012.5
1157960 2012.5
1157970 2019.4
1157980 2023.5
1157990 2023.5
1158000 2028.8
1158010 2046.8
1158020 2046.8
1158030 2077.2
1158040 2091.4
1158050 2104.8
1158060 2104.8
1158070 2111.7
1158080 2118.6
1158090 2118.6
1158100 2122.8
1158110 2124.3
1158120 2124.3
1158130 2125.6
1158140 2128.0
1158150 2128.0
1158160 2128.9
1158170 2132.1
1158180 2132.1
1158190 2134.8
1158200 2134.4
1158210 2134.4
1158220 2135.6
1158230 2138.2
1158240 2138.2
1158250 2141.0
1158260 2144.7
1158270 2144.7
1158280 2146.8
1158290 2148.2
1158300 2148.2
1158310 2148.7
1158320 2149.0
1158330 2147.7
1158340 2147.7
1158350 2146.4
1158360 2145.9
1158370 2145.9
1158380 2144.5
1158390 2144.0
1158400 2144.0
1158410 2144.5
1158420 2146.2
1158430 2146.2
1158440 2150.4
1158450 2156.2
1158460 2156.2
1158470 2169.0
1158480 2172.4
1158490 2172.4
1158500 2175.5
1158510 2178.1
1158520 2178.1
1158530 2181.1
1158540 2185.9
1158550 2185.9
1158560 2189.9
1158570 2192.2
1158580 2196.2
1158590 2196.2
1158600 2201.0
1158610 2205.5
1158620 2205.5
1158630 2209.8
1158640 2216.1
1158650 2216.1
1158660 2223.9
1158670 2228.5
1158680 2228.5
1158690 2224.9
1158700 2221.2
1158710 2221.2
1158720 2219.9
1158730 2218.2
1158740 2218.2
1158750 2213.6
1158760 2204.4
1158770 2204.4
1158780 2194.8
1158790 2186.0
1158800 2186.0
1158810 2178.3
1158820 2172.5
1158830 2167.8
1158840 2167.8
1158850 2162.2
1158860 2153.3
1158870 2153.3
1158880 2148.7
1158890 2141.3
1158900 2141.3
1158910 2132.3
1158920 2123.2
1158930 2123.2
1158940 2113.2
1158950 2103.4
1158960 2103.4
1158970 2095.4
1158980 2087.9
1158990 2087.9
1159000 2080.7
1159010 2073.8
1159020 2073.8
1159030 2066.9
1159040 2059.7
1159050 2059.7
1159060 2051.1
1159070 2041.0
1159080 2033.1
1159090 2033.1
1159100 2026.1
1159110 2018.9
1159120 2018.9
1159130 2010.0
1159140 2001.3
1159150 2001.3
1159160 1993.2
1159170 1985.8
1159180 1985.8
1159190 1978.3
1159200 1972.3
1159210 1972.3
1159220 1966.2
1159230 1959.6
1159240 1959.6
1159250 1950.8
1159260 1943.4
1159270 1943.4
1159280 1935.8
1159290 1926.5
1159300 1926.5
1159310 1915.8
1159320 1903.0
1159330 1903.0
1159340 1894.0
1159350 1886.4
1159360 1879.3
1159370 1879.3
1159380 1873.0
1159390 1868.6
1159400 1868.6
1159410 1867.0
1159420 1863.2
1159430 1863.2
1159440 1857.6
1159450 1853.3
1159460 1853.3
1159470 1855.8
1159480 1862.8
1159490 1862.8
1159500 1863.2
1159510 1861.7
1159520 1861.7
1159530 1856.9
1159540 1850.7
1159550 1850.7
1159560 1846.0
1159570 1842.7
1159580 1842.7
1159590 1846.8
1159600 1842.1
1159610 1836.5
1159620 1836.5
1159630 1830.7
1159640 1818.4
1159650 1818.4
1159660 1805.3
1159670 1795.7
1159680 1795.7
1159690 1787.0
1159700 1778.2
1159710 1778.2
1159720 1769.3
1159730 1760.0
1159740 1760.0
1159750 1750.9
1159760 1742.5
1159770 1742.5
1159780 1734.8
1159790 1727.6
1159800 1727.6
1159810 1720.7
1159820 1714.1
1159830 1714.1
1159840 1707.3
1159850 1699.2
1159860 1689.8
1159870 1689.8
1159880 1683.7
1159890 1683.1
1159900 1683.1
1159910 1684.8
1159920 1681.8
1159930 1681.8
1159940 1671.9
1159950 1664.0
1159960 1664.0
1159970 1669.7
1159980 1672.2
1159990 1672.2
