1140000 1924.8
1140010 1919.1
1140020 1918.7
1140030 1914.1
1140040 1909.4
1140050 1909.4
1140060 1903.4
1140070 1897.5
1140080 1897.5
1140090 1892.2
1140100 1887.1
1140110 1887.1
1140120 1882.2
1140130 1877.8
1140140 1877.8
1140150 1873.8
1140160 1869.3
1140170 1869.3
1140180 1864.3
1140190 1859.5
1140200 1859.5
1140210 1855.1
1140220 1850.5
1140230 1850.5
1140240 1845.7
1140250 1841.6
1140260 1841.6
1140270 1839.1
1140280 1835.7
1140290 1829.7
1140300 1829.7
1140310 1825.5
1140320 1820.5
1140330 1820.5
1140340 1814.9
1140350 1810.5
1140360 1810.5
1140370 1808.3
1140380 1805.9
1140390 1801.2
1140400 1798.3
1140410 1794.2
1140420 1794.2
1140430 1790.7
1140440 1787.8
1140450 1787.8
1140460 1784.7
1140470 1781.4
1140480 1781.4
1140490 1777.9
1140500 1774.0
1140510 1774.0
1140520 1771.0
1140530 1767.1
1140540 1763.8
1140550 1763.8
1140560 1759.8
1140570 1754.2
1140580 1754.2
1140590 1748.5
1140600 1743.4
1140610 1743.4
1140620 1737.8
1140630 1732.8
1140640 1732.8
1140650 1724.9
1140660 1713.1
1140670 1713.1
1140680 1703.9
1140690 1696.0
1140700 1696.0
1140710 1689.4
1140720 1680.5
1140730 1680.5
1140740 1667.0
1140750 1657.1
1140760 1666.1
1140770 1653.7
1140780 1640.5
1140790 1632.4
1140800 1632.4
1140810 1625.3
1140820 1618.1
1140830 1618.1
1140840 1610.5
1140850 1602.7
1140860 1602.7
1140870 1594.8
1140880 1585.9
1140890 1585.9
1140900 1577.2
1140910 1569.3
1140920 1569.3
1140930 1562.5
1140940 1556.5
1140950 1556.5
1140960 1550.9
1140970 1544.6
1140980 1544.6
1140990 1538.5
1141000 1531.5
1141010 1531.5
1141020 1520.3
1141030 1506.9
1141040 1495.7
1141050 1495.7
1141060 1487.7
1141070 1481.7
1141080 1481.7
1141090 1476.7
1141100 1470.9
1141110 1470.9
1141120 1465.0
1141130 1454.7
1141140 1454.7
1141150 1448.2
1141160 1439.4
1141170 1439.4
1141180 1429.7
1141190 1421.6
1141200 1421.6
1141210 1413.0
1141220 1404.3
1141230 1404.3
1141240 1392.0
1141250 1382.1
1141260 1382.1
1141270 1372.8
1141280 1378.2
1141290 1378.2
1141300 1388.1
1141310 1396.5
1141320 1406.6
1141330 1406.6
1141340 1416.3
1141350 1422.8
1141360 1422.8
1141370 1422.4
1141380 1417.5
1141390 1417.5
1141400 1407.5
1141410 1408.4
1141420 1408.4
1141430 1420.8
1141440 1430.3
1141450 1430.3
1141460 1438.4
1141470 1446.6
1141480 1446.6
1141490 1453.2
1141500 1457.6
1141510 1457.6
1141520 1465.1
1141530 1471.6
1141540 1471.6
1141550 1477.9
1141560 1483.0
1141570 1486.3
1141580 1486.3
1141590 1488.5
1141600 1496.1
1141610 1496.1
1141620 1509.3
1141630 1518.0
1141640 1518.0
1141650 1522.8
1141660 1526.1
1141670 1526.1
1141680 1531.4
1141690 1538.1
1141700 1538.1
1141710 1545.6
1141720 1553.6
1141730 1553.6
1141740 1560.9
1141750 1568.0
1141760 1568.0
1141770 1574.9
1141780 1580.5
1141790 1580.5
1141800 1586.3
1141810 1592.6
1141820 1599.8
1141830 1599.8
1141840 1608.2
1141850 1617.1
1141860 1617.1
1141870 1630.8
1141880 1647.0
1141890 1647.0
1141900 1659.6
1141910 1666.4
1141920 1666.4
1141930 1675.9
1141940 1686.1
1141950 1686.1
1141960 1696.3
1141970 1706.4
1141980 1706.4
1141990 1716.6
1142000 1727.6
1142010 1727.6
1142020 1736.7
1142030 1742.8
1142040 1742.8
1142050 1749.2
1142060 1757.9
1142070 1757.9
1142080 1769.2
1142090 1781.4
1142100 1790.7
1142110 1790.7
1142120 1796.0
1142130 1801.3
1142140 1801.3
1142150 1807.7
1142160 1814.2
1142170 1814.2
1142180 1819.1
1142190 1823.3
1142200 1823.3
1142210 1828.4
1142220 1833.4
1142230 1833.4
1142240 1838.0
1142250 1838.6
1142260 1838.6
1142270 1843.5
1142280 1848.4
1142290 1848.4
1142300 1852.8
1142310 1859.1
1142320 1859.1
1142330 1866.2
1142340 1872.2
1142350 1877.4
1142360 1877.4
1142370 1882.6
1142380 1887.6
1142390 1887.6
1142400 1892.7
1142410 1899.2
1142420 1899.2
1142430 1906.2
1142440 1912.8
1142450 1912.8
1142460 1919.3
1142470 1925.8
1142480 1925.8
1142490 1932.3
1142500 1939.1
1142510 1939.1
1142520 1946.2
1142530 1953.4
1142540 1953.4
1142550 1960.8
1142560 1969.4
1142570 1969.4
1142580 1976.8
1142590 1983.0
1142600 1987.9
1142610 1987.9
1142620 1994.4
1142630 2002.0
1142640 2002.0
1142650 2010.2
1142660 2018.8
1142670 2018.8
1142680 2028.3
1142690 2038.6
1142700 2038.6
1142710 2048.8
1142720 2059.0
1142730 2059.0
1142740 2067.6
1142750 2075.1
1142760 2075.1
1142770 2082.8
1142780 2090.4
1142790 2090.4
1142800 2096.8
1142810 2102.6
1142820 2102.6
1142830 2107.5
1142840 2112.4
1142850 2112.4
1142860 2118.0
1142870 2124.2
1142880 2131.2
1142890 2131.2
1142900 2138.3
1142910 2145.4
1142920 2145.4
1142930 2152.0
1142940 2158.6
1142950 2158.6
1142960 2165.1
1142970 2171.3
1142980 2171.3
1142990 2176.0
1143000 2181.1
1143010 2181.1
1143020 2184.2
1143030 2183.8
1143040 2183.8
1143050 2181.7
1143060 2179.2
1143070 2179.2
1143080 2175.3
1143090 2170.0
1143100 2170.0
1143110 2163.6
1143120 2158.8
1143130 2154.5
1143140 2154.5
1143150 2148.0
1143160 2142.1
1143170 2142.1
1143180 2137.7
1143190 2135.6
1143200 2135.6
1143210 2133.3
1143220 2132.3
1143230 2132.3
1143240 2132.9
1143250 2132.8
1143260 2132.8
1143270 2132.0
1143280 2130.5
1143290 2130.5
1143300 2128.4
1143310 2133.4
1143320 2133.4
1143330 2133.0
1143340 2129.7
1143350 2129.7
1143360 2133.9
1143370 2130.5
1143380 2126.4
1143390 2126.4
1143400 2121.9
1143410 2117.2
1143420 2117.2
1143430 2112.1
1143440 2108.9
1143450 2108.9
1143460 2106.0
1143470 2102.4
1143480 2102.4
1143490 2097.9
1143500 2092.7
1143510 2092.7
1143520 2086.3
1143530 2081.8
1143540 2081.8
1143550 2079.5
1143560 2077.3
1143570 2077.3
1143580 2073.1
1143590 2066.9
1143600 2066.9
1143610 2060.0
1143620 2053.1
1143630 2045.4
1143640 2045.4
1143650 2038.1
1143660 2033.8
1143670 2033.8
1143680 2028.9
1143690 2021.2
1143700 2021.2
1143710 2015.6
1143720 2010.9
1143730 2010.9
1143740 2012.3
1143750 2006.5
1143760 2006.5
1143770 2000.0
1143780 1994.3
1143790 1994.3
1143800 1987.4
1143810 1980.3
1143820 1980.3
1143830 1974.1
1143840 1967.4
1143850 1967.4
1143860 1959.3
1143870 1951.6
1143880 1951.6
1143890 1945.2
1143900 1939.1
1143910 1931.5
1143920 1931.5
1143930 1921.2
1143940 1913.9
1143950 1913.9
1143960 1908.2
1143970 1903.0
1143980 1903.0
1143990 1898.8
1144000 1895.8
1144010 1895.8
1144020 1892.7
1144030 1889.2
1144040 1889.2
1144050 1885.6
1144060 1882.0
1144070 1882.0
1144080 1877.0
1144090 1870.2
1144100 1870.2
1144110 1864.7
1144120 1858.5
1144130 1858.5
1144140 1854.1
1144150 1851.1
1144160 1847.5
1144170 1847.5
1144180 1843.7
1144190 1839.4
1144200 1839.4
1144210 1836.1
1144220 1833.5
1144230 1833.5
1144240 1830.8
1144250 1827.8
1144260 1827.8
1144270 1825.3
1144280 1822.7
1144290 1822.7
1144300 1820.5
1144310 1818.2
1144320 1818.2
1144330 1816.3
1144340 1813.8
1144350 1813.8
1144360 1810.2
1144370 1805.2
1144380 1805.2
1144390 1800.1
1144400 1794.5
1144410 1788.7
1144420 1788.7
1144430 1782.5
1144440 1776.5
1144450 1776.5
1144460 1771.3
1144470 1766.4
1144480 1771.4
1144490 1767.1
1144500 1762.1
1144510 1762.1
1144520 1757.4
1144530 1752.8
1144540 1752.8
1144550 1748.8
1144560 1745.0
1144570 1745.0
1144580 1740.9
1144590 1736.4
1144600 1736.4
1144610 1732.4
1144620 1727.5
1144630 1727.5
1144640 1722.2
1144650 1716.8
1144660 1716.8
1144670 1710.9
1144680 1705.1
1144690 1699.1
1144700 1699.1
1144710 1692.0
1144720 1683.1
1144730 1683.1
1144740 1673.5
1144750 1664.6
1144760 1664.6
1144770 1658.2
1144780 1652.4
1144790 1652.4
1144800 1646.4
1144810 1640.1
1144820 1640.1
1144830 1632.7
1144840 1624.8
1144850 1624.8
1144860 1620.6
1144870 1611.9
1144880 1611.9
1144890 1603.2
1144900 1594.5
1144910 1594.5
1144920 1585.6
1144930 1574.7
1144940 1562.4
1144950 1562.4
1144960 1553.7
1144970 1543.4
1144980 1543.4
1144990 1523.7
1145000 1507.2
1145010 1507.2
1145020 1499.5
1145030 1496.6
1145040 1496.6
1145050 1492.6
1145060 1485.9
1145070 1485.9
1145080 1482.1
1145090 1477.4
1145100 1477.4
1145110 1471.0
1145120 1465.2
1145130 1465.2
1145140 1457.9
1145150 1448.9
1145160 1448.9
1145170 1442.0
1145180 1436.9
1145190 1431.9
1145200 1431.9
1145210 1426.8
1145220 1422.4
1145230 1429.8
1145240 1424.5
1145250 1419.7
1145260 1419.7
1145270 1414.9
1145280 1411.1
1145290 1411.1
1145300 1407.8
1145310 1404.5
1145320 1404.5
1145330 1400.6
1145340 1396.7
1145350 1396.7
1145360 1392.6
1145370 1387.6
1145380 1387.6
1145390 1382.3
1145400 1377.6
1145410 1377.6
1145420 1373.3
1145430 1369.0
1145440 1369.0
1145450 1364.7
1145460 1359.8
1145470 1354.9
1145480 1354.9
1145490 1350.2
1145500 1346.0
1145510 1346.0
1145520 1343.1
1145530 1341.7
1145540 1341.7
1145550 1341.5
1145560 1340.8
1145570 1340.8
1145580 1339.1
1145590 1334.5
1145600 1334.5
1145610 1326.5
1145620 1321.4
1145630 1321.4
1145640 1317.3
1145650 1314.6
1145660 1314.6
1145670 1313.0
1145680 1311.9
1145690 1311.9
1145700 1307.6
1145710 1302.0
1145720 1297.4
1145730 1297.4
1145740 1294.1
1145750 1291.6
1145760 1291.6
1145770 1289.5
1145780 1287.3
1145790 1287.3
1145800 1285.1
1145810 1280.4
1145820 1280.4
1145830 1276.6
1145840 1275.0
1145850 1275.0
1145860 1270.6
1145870 1265.8
1145880 1265.8
1145890 1257.0
1145900 1247.1
1145910 1247.1
1145920 1237.5
1145930 1229.2
1145940 1229.2
1145950 1223.0
1145960 1223.2
1145970 1228.8
1145980 1228.0
1145990 1237.5
1146000 1248.0
1146010 1248.0
1146020 1258.0
1146030 1267.8
1146040 1267.8
1146050 1274.8
1146060 1280.1
1146070 1280.1
1146080 1284.9
1146090 1289.1
1146100 1289.1
1146110 1292.2
1146120 1295.2
1146130 1295.2
1146140 1298.6
1146150 1302.8
1146160 1302.8
1146170 1307.8
1146180 1313.2
1146190 1313.2
1146200 1318.8
1146210 1322.2
1146220 1328.1
1146230 1328.1
1146240 1331.3
1146250 1336.2
1146260 1336.2
1146270 1342.0
1146280 1345.4
1146290 1345.4
1146300 1348.4
1146310 1352.6
1146320 1352.6
1146330 1357.2
1146340 1361.0
1146350 1361.0
1146360 1368.5
1146370 1369.5
1146380 1369.5
1146390 1370.3
1146400 1369.6
1146410 1369.6
1146420 1369.7
1146430 1372.0
1146440 1372.0
1146450 1378.4
1146460 1387.5
1146470 1387.5
1146480 1395.9
1146490 1401.3
1146500 1407.0
1146510 1407.0
1146520 1413.9
1146530 1421.3
1146540 1421.3
1146550 1428.5
1146560 1435.7
1146570 1435.7
1146580 1442.6
1146590 1449.7
1146600 1449.7
1146610 1457.4
1146620 1464.9
1146630 1464.9
1146640 1472.4
1146650 1480.0
1146660 1480.0
1146670 1487.0
1146680 1493.7
1146690 1493.7
1146700 1500.1
1146710 1506.4
1146720 1506.4
1146730 1511.7
1146740 1521.9
1146750 1525.7
1146760 1525.7
1146770 1529.9
1146780 1533.4
1146790 1533.4
1146800 1534.1
1146810 1534.5
1146820 1534.5
1146830 1538.2
1146840 1549.4
1146850 1549.4
1146860 1560.3
1146870 1568.6
1146880 1568.6
1146890 1577.1
1146900 1585.0
1146910 1585.0
1146920 1591.3
1146930 1598.5
1146940 1598.5
1146950 1605.3
1146960 1612.7
1146970 1612.7
1146980 1619.8
1146990 1627.2
1147000 1634.8
1147010 1634.8
1147020 1642.0
1147030 1649.2
1147040 1649.2
1147050 1655.3
1147060 1661.8
1147070 1661.8
1147080 1667.7
1147090 1671.3
1147100 1671.3
1147110 1687.2
1147120 1691.7
1147130 1691.7
1147140 1693.6
1147150 1695.7
1147160 1695.7
1147170 1700.3
1147180 1704.2
1147190 1704.2
1147200 1706.6
1147210 1709.2
1147220 1709.2
1147230 1715.0
1147240 1725.8
1147250 1725.8
1147260 1736.6
1147270 1741.8
1147280 1744.1
1147290 1744.1
1147300 1748.4
1147310 1755.3
1147320 1755.3
1147330 1760.3
1147340 1766.5
1147350 1766.5
1147360 1772.3
1147370 1772.4
1147380 1772.4
1147390 1765.1
1147400 1760.8
1147410 1760.8
1147420 1761.9
1147430 1766.3
1147440 1766.3
1147450 1772.2
1147460 1777.9
1147470 1777.9
1147480 1784.2
1147490 1793.2
1147500 1793.2
1147510 1800.3
1147520 1808.9
1147530 1818.8
1147540 1818.8
1147550 1827.3
1147560 1835.4
1147570 1835.4
1147580 1843.4
1147590 1851.6
1147600 1851.6
1147610 1859.4
1147620 1867.8
1147630 1867.8
1147640 1876.8
1147650 1885.0
1147660 1885.0
1147670 1894.3
1147680 1905.4
1147690 1905.4
1147700 1913.4
1147710 1921.4
1147720 1921.4
1147730 1929.5
1147740 1934.8
1147750 1934.8
1147760 1939.6
1147770 1944.9
1147780 1951.3
1147790 1951.3
1147800 1958.1
1147810 1963.8
1147820 1963.8
1147830 1969.1
1147840 1974.5
1147850 1974.5
1147860 1979.3
1147870 1986.5
1147880 1986.5
1147890 1992.9
1147900 1999.4
1147910 1999.4
1147920 2006.7
1147930 2014.6
1147940 2014.6
1147950 2022.8
1147960 2030.1
1147970 2030.1
1147980 2036.1
1147990 2042.5
1148000 2042.5
1148010 2049.1
1148020 2056.9
1148030 2064.9
1148040 2064.9
1148050 2071.5
1148060 2078.8
1148070 2078.8
1148080 2087.3
1148090 2096.9
1148100 2096.9
1148110 2106.6
1148120 2115.7
1148130 2115.7
1148140 2124.8
1148150 2133.6
1148160 2133.6
1148170 2143.1
1148180 2156.7
1148190 2156.7
1148200 2166.4
1148210 2172.4
1148220 2172.4
1148230 2179.5
1148240 2185.3
1148250 2185.3
1148260 2190.0
1148270 2195.3
1148280 2195.3
1148290 2199.6
1148300 2203.1
1148310 2204.9
1148320 2204.9
1148330 2203.2
1148340 2194.8
1148350 2194.8
1148360 2186.4
1148370 2175.5
1148380 2175.5
1148390 2163.3
1148400 2154.0
1148410 2154.0
1148420 2145.3
1148430 2136.1
1148440 2136.1
1148450 2126.8
1148460 2117.3
1148470 2117.3
1148480 2108.0
1148490 2098.9
1148500 2098.9
1148510 2089.9
1148520 2081.4
1148530 2081.4
1148540 2073.3
1148550 2065.7
1148560 2058.7
1148570 2058.7
1148580 2052.4
1148590 2046.0
1148600 2046.0
1148610 2039.6
1148620 2035.6
1148630 2035.6
1148640 2029.6
1148650 2024.1
1148660 2024.1
1148670 2020.6
1148680 2017.2
1148690 2017.2
1148700 2012.1
1148710 2007.1
1148720 2007.1
1148730 2003.1
1148740 1999.1
1148750 1999.1
1148760 1995.4
1148770 1992.1
1148780 1992.1
1148790 1987.2
1148800 1982.7
1148810 1978.5
1148820 1978.5
1148830 1974.9
1148840 1971.0
1148850 1971.0
1148860 1966.1
1148870 1959.9
1148880 1959.9
1148890 1952.5
1148900 1945.5
1148910 1945.5
1148920 1939.8
1148930 1935.0
1148940 1935.0
1148950 1930.8
1148960 1927.1
1148970 1927.1
1148980 1923.2
1148990 1915.6
1149000 1918.5
1149010 1917.3
1149020 1922.8
1149030 1922.8
1149040 1928.4
1149050 1931.3
1149060 1931.3
1149070 1933.1
1149080 1935.0
1149090 1938.1
1149100 1938.1
1149110 1940.8
1149120 1944.9
1149130 1944.9
1149140 1949.5
1149150 1953.8
1149160 1953.8
1149170 1957.2
1149180 1958.0
1149190 1958.0
1149200 1959.1
1149210 1963.8
1149220 1963.8
1149230 1969.2
1149240 1975.0
1149250 1975.0
1149260 1980.9
1149270 1986.5
1149280 1986.5
1149290 1992.2
1149300 1998.4
1149310 1998.4
1149320 2004.8
1149330 2010.9
1149340 2016.6
1149350 2016.6
1149360 2022.4
1149370 2028.7
1149380 2024.7
1149390 2031.0
1149400 2038.1
1149410 2038.1
1149420 2046.5
1149430 2054.6
1149440 2054.6
1149450 2062.4
1149460 2068.9
1149470 2068.9
1149480 2075.9
1149490 2085.8
1149500 2085.8
1149510 2095.6
1149520 2104.8
1149530 2104.8
1149540 2116.5
1149550 2132.0
1149560 2132.0
1149570 2149.7
1149580 2163.4
1149590 2176.4
1149600 2176.4
1149610 2186.5
1149620 2193.8
1149630 2193.8
1149640 2211.0
1149650 2222.6
1149660 2222.6
1149670 2232.1
1149680 2241.2
1149690 2241.2
1149700 2250.6
1149710 2260.7
1149720 2260.7
1149730 2272.4
1149740 2282.4
1149750 2282.4
1149760 2303.2
1149770 2313.6
1149780 2313.6
1149790 2324.8
1149800 2332.4
1149810 2332.4
1149820 2339.5
1149830 2354.0
1149840 2368.0
1149850 2368.0
1149860 2375.1
1149870 2384.3
1149880 2384.3
1149890 2393.5
1149900 2400.8
1149910 2400.8
1149920 2408.3
1149930 2417.5
1149940 2417.5
1149950 2426.8
1149960 2433.8
1149970 2433.8
1149980 2439.3
1149990 2435.0
1150000 2435.0
1150010 2429.9
1150020 2422.5
1150030 2422.5
1150040 2418.7
1150050 2417.0
1150060 2417.0
1150070 2414.5
1150080 2411.0
1150090 2411.0
1150100 2403.6
1150110 2390.4
1150120 2370.6
1150130 2370.6
1150140 2367.2
1150150 2353.0
1150160 2353.0
1150170 2343.0
1150180 2343.3
1150190 2343.3
1150200 2350.9
1150210 2347.6
1150220 2347.6
1150230 2342.3
1150240 2336.7
1150250 2336.7
1150260 2334.4
1150270 2329.3
1150280 2329.3
1150290 2319.9
1150300 2312.9
1150310 2312.9
1150320 2310.3
1150330 2310.7
1150340 2310.7
1150350 2316.4
1150360 2321.3
1150370 2325.4
1150380 2325.4
1150390 2325.2
1150400 2319.4
1150410 2319.4
1150420 2314.3
1150430 2306.6
1150440 2306.6
1150450 2303.8
1150460 2309.9
1150470 2309.9
1150480 2317.3
1150490 2321.6
1150500 2321.6
1150510 2325.3
1150520 2335.5
1150530 2335.5
1150540 2338.6
1150550 2344.1
1150560 2344.1
1150570 2348.6
1150580 2347.9
1150590 2347.9
1150600 2348.4
1150610 2351.0
1150620 2350.8
1150630 2350.8
1150640 2351.5
1150650 2355.2
1150660 2355.2
1150670 2367.8
1150680 2386.0
1150690 2386.0
1150700 2399.8
1150710 2411.3
1150720 2411.3
1150730 2428.1
1150740 2445.0
1150750 2445.0
1150760 2463.7
1150770 2488.6
1150780 2488.6
1150790 2497.4
1150800 2498.1
1150810 2498.1
1150820 2497.9
1150830 2505.9
1150840 2505.9
1150850 2516.3
1150860 2523.0
1150870 2523.0
1150880 2515.4
1150890 2498.9
1150900 2494.6
1150910 2494.6
1150920 2486.9
1150930 2473.9
1150940 2473.9
1150950 2445.5
1150960 2423.3
1150970 2423.3
1150980 2410.0
1150990 2400.2
1151000 2400.2
1151010 2395.2
1151020 2388.0
1151030 2388.0
1151040 2371.2
1151050 2357.1
1151060 2357.1
1151070 2351.6
1151080 2347.2
1151090 2347.2
1151100 2339.1
1151110 2333.2
1151120 2333.2
1151130 2325.6
1151140 2313.4
1151150 2293.5
1151160 2293.5
1151170 2273.6
1151180 2261.4
1151190 2261.4
1151200 2245.6
1151210 2228.4
1151220 2228.4
1151230 2220.1
1151240 2212.8
1151250 2212.8
1151260 2204.8
1151270 2194.6
1151280 2194.6
1151290 2183.9
1151300 2174.8
1151310 2174.8
1151320 2165.5
1151330 2158.9
1151340 2158.9
1151350 2147.0
1151360 2136.3
1151370 2136.3
1151380 2126.6
1151390 2114.9
1151400 2106.5
1151410 2106.5
1151420 2097.7
1151430 2089.0
1151440 2089.0
1151450 2085.8
1151460 2081.3
1151470 2081.3
1151480 2076.1
1151490 2070.3
1151500 2070.3
1151510 2064.8
1151520 2059.3
1151530 2059.3
1151540 2053.3
1151550 2049.0
1151560 2049.0
1151570 2046.6
1151580 2043.5
1151590 2043.5
1151600 2038.3
1151610 2032.5
1151620 2032.5
1151630 2027.0
1151640 2021.4
1151650 2016.0
1151660 2016.0
1151670 2009.0
1151680 2004.3
1151690 2004.3
1151700 1998.9
1151710 1995.4
1151720 1995.4
1151730 1994.3
1151740 1992.5
1151750 1992.5
1151760 1991.8
1151770 1992.6
1151780 1992.6
1151790 1992.4
1151800 1989.6
1151810 1989.6
1151820 1987.5
1151830 1984.2
1151840 1984.2
1151850 1980.7
1151860 1977.0
1151870 1977.0
1151880 1972.5
1151890 1966.7
1151900 1966.7
1151910 1960.4
1151920 1954.3
1151930 1948.3
1151940 1948.3
1151950 1941.1
1151960 1933.5
1151970 1933.5
1151980 1926.1
1151990 1917.6
1152000 1917.6
1152010 1911.0
1152020 1905.4
1152030 1905.4
1152040 1896.4
1152050 1897.8
1152060 1897.8
1152070 1891.6
1152080 1885.1
1152090 1885.1
1152100 1876.5
1152110 1866.7
1152120 1866.7
1152130 1857.0
1152140 1848.6
1152150 1848.6
1152160 1841.6
1152170 1835.1
1152180 1829.2
1152190 1829.2
1152200 1821.5
1152210 1812.8
1152220 1812.8
1152230 1804.9
1152240 1799.9
1152250 1799.9
1152260 1796.6
1152270 1790.7
1152280 1790.7
1152290 1784.3
1152300 1775.6
1152310 1775.6
1152320 1766.3
1152330 1756.3
1152340 1756.3
1152350 1745.9
1152360 1735.9
1152370 1735.9
1152380 1726.6
1152390 1714.9
1152400 1714.9
1152410 1696.3
1152420 1669.8
1152430 1659.8
1152440 1659.8
1152450 1643.8
1152460 1634.0
1152470 1634.0
1152480 1620.2
1152490 1600.7
1152500 1600.7
1152510 1606.8
1152520 1617.4
1152530 1617.4
1152540 1631.9
1152550 1641.6
1152560 1641.6
1152570 1644.6
1152580 1652.4
1152590 1652.4
1152600 1654.8
1152610 1647.8
1152620 1647.8
1152630 1639.6
1152640 1630.7
1152650 1630.7
1152660 1617.2
1152670 1608.9
1152680 1608.9
1152690 1598.8
1152700 1587.9
1152710 1572.9
1152720 1572.9
1152730 1562.7
1152740 1559.5
1152750 1559.5
1152760 1557.9
1152770 1557.4
1152780 1557.4
1152790 1554.6
1152800 1549.2
1152810 1545.8
1152820 1541.0
1152830 1534.7
1152840 1534.7
1152850 1527.7
1152860 1520.0
1152870 1520.0
1152880 1512.1
1152890 1504.6
1152900 1504.6
1152910 1496.4
1152920 1490.4
1152930 1490.4
1152940 1486.8
1152950 1487.4
1152960 1488.5
1152970 1488.5
1152980 1489.9
1152990 1490.7
1153000 1490.7
1153010 1492.6
1153020 1495.0
1153030 1495.0
1153040 1497.3
1153050 1499.4
1153060 1499.4
1153070 1501.3
1153080 1502.8
1153090 1502.8
1153100 1504.1
1153110 1506.8
1153120 1506.8
1153130 1509.8
1153140 1512.1
1153150 1512.1
1153160 1513.8
1153170 1515.3
1153180 1515.3
1153190 1516.4
1153200 1519.8
1153210 1521.4
1153220 1521.4
1153230 1521.4
1153240 1523.7
1153250 1523.7
1153260 1525.8
1153270 1527.1
1153280 1527.1
1153290 1527.9
1153300 1529.3
1153310 1529.3
1153320 1530.3
1153330 1530.1
1153340 1530.1
1153350 1529.4
1153360 1530.1
1153370 1530.1
1153380 1532.7
1153390 1535.9
1153400 1535.9
1153410 1539.9
1153420 1544.4
1153430 1544.4
1153440 1549.4
1153450 1554.9
1153460 1560.4
1153470 1560.4
1153480 1565.8
1153490 1570.9
1153500 1570.9
1153510 1575.9
1153520 1581.2
1153530 1581.2
1153540 1586.7
1153550 1593.6
1153560 1593.6
1153570 1602.7
1153580 1631.0
1153590 1631.0
1153600 1640.8
1153610 1650.9
1153620 1650.9
1153630 1661.6
1153640 1677.7
1153650 1677.7
1153660 1685.9
1153670 1688.5
1153680 1688.5
1153690 1686.8
1153700 1681.5
1153710 1681.5
1153720 1665.2
1153730 1674.1
1153740 1692.0
1153750 1692.0
1153760 1709.2
1153770 1724.2
1153780 1724.2
1153790 1738.6
1153800 1749.0
1153810 1749.0
1153820 1759.8
1153830 1769.1
1153840 1769.1
1153850 1775.0
1153860 1779.6
1153870 1779.6
1153880 1782.1
1153890 1785.7
1153900 1785.7
1153910 1791.9
1153920 1798.7
1153930 1798.7
1153940 1805.1
1153950 1810.9
1153960 1810.9
1153970 1820.0
1153980 1826.5
1153990 1832.9
1154000 1832.9
1154010 1840.7
1154020 1849.3
1154030 1849.3
1154040 1856.9
1154050 1864.5
1154060 1864.5
1154070 1872.5
1154080 1879.6
1154090 1879.6
1154100 1886.5
1154110 1894.2
1154120 1894.2
1154130 1901.3
1154140 1908.5
1154150 1908.5
1154160 1916.3
1154170 1924.0
1154180 1924.0
1154190 1931.7
1154200 1939.8
1154210 1939.8
1154220 1947.8
1154230 1956.2
1154240 1965.1
1154250 1965.1
1154260 1973.7
1154270 1981.5
1154280 1981.5
1154290 1989.7
1154300 1999.2
1154310 1999.2
1154320 2008.8
1154330 2017.2
1154340 2017.2
1154350 2031.6
1154360 2038.6
1154370 2038.6
1154380 2045.0
1154390 2049.9
1154400 2049.9
1154410 2052.0
1154420 2051.3
1154430 2051.3
1154440 2050.2
1154450 2055.3
1154460 2055.3
1154470 2082.9
1154480 2114.4
1154490 2114.4
1154500 2123.3
1154510 2131.9
1154520 2138.5
1154530 2138.5
1154540 2141.2
1154550 2140.8
1154560 2140.8
1154570 2143.7
1154580 2142.5
1154590 2142.5
1154600 2143.4
1154610 2146.7
1154620 2146.7
1154630 2156.2
1154640 2166.3
1154650 2166.3
1154660 2177.8
1154670 2189.5
1154680 2189.5
1154690 2200.5
1154700 2211.9
1154710 2211.9
1154720 2222.1
1154730 2230.8
1154740 2228.5
1154750 2237.8
1154760 2246.7
1154770 2255.1
1154780 2255.1
1154790 2263.9
1154800 2273.1
1154810 2273.1
1154820 2281.5
1154830 2290.6
1154840 2290.6
1154850 2302.7
1154860 2318.9
1154870 2318.9
1154880 2336.1
1154890 2351.2
1154900 2351.2
1154910 2362.7
1154920 2374.5
1154930 2374.5
1154940 2388.9
1154950 2392.7
1154960 2392.7
1154970 2400.5
1154980 2413.0
1154990 2413.0
1155000 2426.7
1155010 2427.5
1155020 2429.5
1155030 2429.5
1155040 2430.9
1155050 2433.8
1155060 2433.8
1155070 2432.9
1155080 2433.6
1155090 2433.6
1155100 2444.0
1155110 2449.9
1155120 2458.3
1155130 2450.1
1155140 2443.1
1155150 2443.1
1155160 2439.4
1155170 2433.7
1155180 2433.7
1155190 2427.1
1155200 2420.3
1155210 2420.3
1155220 2410.8
1155230 2399.7
1155240 2399.7
1155250 2396.3
1155260 2383.7
1155270 2367.3
1155280 2367.3
1155290 2359.3
1155300 2347.7
1155310 2347.7
1155320 2338.0
1155330 2329.3
1155340 2329.3
1155350 2321.6
1155360 2317.8
1155370 2317.8
1155380 2315.5
1155390 2313.0
1155400 2313.0
1155410 2311.2
1155420 2310.7
1155430 2310.7
1155440 2313.3
1155450 2315.4
1155460 2315.4
1155470 2310.3
1155480 2301.0
1155490 2301.0
1155500 2293.2
1155510 2278.4
1155520 2278.4
1155530 2270.4
1155540 2273.7
1155550 2278.0
1155560 2278.0
1155570 2271.4
1155580 2262.6
1155590 2262.6
1155600 2254.7
1155610 2248.3
1155620 2248.3
1155630 2236.9
1155640 2223.6
1155650 2223.6
1155660 2211.3
1155670 2202.3
1155680 2202.3
1155690 2205.1
1155700 2199.0
1155710 2199.0
1155720 2183.6
1155730 2165.1
1155740 2165.1
1155750 2153.2
1155760 2150.6
1155770 2150.6
1155780 2139.9
1155790 2129.9
1155800 2124.9
1155810 2124.9
1155820 2132.0
1155830 2134.4
1155840 2134.4
1155850 2131.2
1155860 2127.1
1155870 2127.1
1155880 2117.6
1155890 2095.0
1155900 2077.8
1155910 2067.1
1155920 2074.7
1155930 2074.7
1155940 2076.0
1155950 2069.3
1155960 2069.3
1155970 2072.5
1155980 2089.8
1155990 2089.8
1156000 2084.0
1156010 2075.0
1156020 2075.0
1156030 2065.5
1156040 2056.2
1156050 2046.1
1156060 2046.1
1156070 2037.2
1156080 2030.6
1156090 2030.6
1156100 2019.9
1156110 2012.5
1156120 2012.5
1156130 2004.4
1156140 1993.9
1156150 1993.9
1156160 1981.0
1156170 1965.2
1156180 1965.2
1156190 1947.6
1156200 1930.7
1156210 1930.7
1156220 1917.9
1156230 1903.1
1156240 1903.1
1156250 1889.0
1156260 1874.6
1156270 1874.6
1156280 1866.9
1156290 1854.8
1156300 1854.8
1156310 1846.2
1156320 1839.2
1156330 1833.7
1156340 1833.7
1156350 1828.1
1156360 1821.9
1156370 1821.9
1156380 1816.1
1156390 1809.9
1156400 1809.9
1156410 1802.3
1156420 1794.4
1156430 1794.4
1156440 1787.7
1156450 1781.6
1156460 1781.6
1156470 1775.6
1156480 1768.8
1156490 1768.8
1156500 1759.4
1156510 1747.7
1156520 1747.7
1156530 1733.6
1156540 1720.4
1156550 1720.4
1156560 1711.9
1156570 1704.3
1156580 1696.3
1156590 1696.3
1156600 1687.3
1156610 1675.6
1156620 1675.6
1156630 1665.9
1156640 1659.1
1156650 1659.1
1156660 1649.5
1156670 1636.4
1156680 1636.4
1156690 1628.5
1156700 1619.6
1156710 1619.6
1156720 1611.3
1156730 1604.0
1156740 1604.0
1156750 1597.2
1156760 1590.2
1156770 1590.2
1156780 1583.9
1156790 1577.7
1156800 1577.7
1156810 1571.7
1156820 1566.0
1156830 1560.3
1156840 1560.3
1156850 1554.8
1156860 1549.3
1156870 1549.3
1156880 1543.6
1156890 1536.8
1156900 1536.8
1156910 1529.6
1156920 1522.6
1156930 1522.6
1156940 1517.1
1156950 1515.9
1156960 1515.9
1156970 1515.7
1156980 1520.1
1156990 1520.1
1157000 1523.7
1157010 1525.2
1157020 1525.2
1157030 1527.9
1157040 1530.5
1157050 1530.5
1157060 1536.2
1157070 1538.8
1157080 1541.4
1157090 1541.4
1157100 1543.7
1157110 1546.4
1157120 1546.4
1157130 1549.3
1157140 1552.0
1157150 1552.0
1157160 1555.3
1157170 1559.7
1157180 1559.7
1157190 1565.1
1157200 1570.9
1157210 1570.9
1157220 1577.0
1157230 1582.7
1157240 1582.7
1157250 1587.8
1157260 1591.8
1157270 1591.8
1157280 1596.4
1157290 1602.1
1157300 1602.1
1157310 1607.1
1157320 1611.7
1157330 1611.7
1157340 1616.9
1157350 1623.6
1157360 1630.5
1157370 1630.5
1157380 1637.8
1157390 1647.3
1157400 1647.3
1157410 1656.6
1157420 1666.3
1157430 1666.3
1157440 1677.1
1157450 1694.7
1157460 1694.7
1157470 1702.6
1157480 1709.0
1157490 1709.0
1157500 1716.3
1157510 1728.9
1157520 1728.9
1157530 1740.7
1157540 1749.9
1157550 1749.9
1157560 1761.7
1157570 1775.4
1157580 1775.4
1157590 1794.6
1157600 1813.4
1157610 1827.6
1157620 1827.6
1157630 1846.2
1157640 1868.3
1157650 1868.3
1157660 1884.2
1157670 1892.7
1157680 1892.7
1157690 1898.1
1157700 1902.7
1157710 1902.7
1157720 1907.8
1157730 1914.3
1157740 1914.3
1157750 1920.0
1157760 1924.4
1157770 1924.4
1157780 1929.0
1157790 1933.3
1157800 1933.3
1157810 1937.4
1157820 1941.5
1157830 1941.5
1157840 1947.2
1157850 1951.5
1157860 1954.0
1157870 1954.0
1157880 1955.6
1157890 1958.0
1157900 1958.0
1157910 1962.7
1157920 1968.0
1157930 1968.0
1157940 1971.2
1157950 1972.2
1157960 1972.2
1157970 1974.4
1157980 1976.6
1157990 1976.6
1158000 1978.2
1158010 1980.7
1158020 1980.7
1158030 1983.9
1158040 1985.2
1158050 1985.2
1158060 1984.2
1158070 1982.9
1158080 1982.9
1158090 1981.2
1158100 1980.1
1158110 1981.1
1158120 1981.1
1158130 1980.2
1158140 1979.5
1158150 1979.5
1158160 1980.7
1158170 1982.1
1158180 1982.1
1158190 1982.7
1158200 1981.1
1158210 1981.1
1158220 1978.1
1158230 1984.8
1158240 1984.8
1158250 1982.6
1158260 1980.0
1158270 1980.0
1158280 1978.9
1158290 1979.5
1158300 1979.5
1158310 1982.6
1158320 1984.3
1158330 1984.3
1158340 1983.8
1158350 1982.7
1158360 1982.7
1158370 1983.0
1158380 1983.5
1158390 1984.4
1158400 1984.4
1158410 1986.1
1158420 1988.3
1158430 1988.3
1158440 1990.4
1158450 1992.4
1158460 1992.4
1158470 1995.2
1158480 1998.8
1158490 1998.8
1158500 2002.1
1158510 2006.0
1158520 2006.0
1158530 2010.7
1158540 2015.7
1158550 2015.7
1158560 2020.2
1158570 2024.9
1158580 2024.9
1158590 2029.4
1158600 2033.8
1158610 2033.8
1158620 2043.3
1158630 2047.5
1158640 2052.3
1158650 2052.3
1158660 2056.7
1158670 2060.6
1158680 2060.6
1158690 2065.2
1158700 2070.3
1158710 2070.3
1158720 2074.8
1158730 2079.3
1158740 2079.3
1158750 2083.6
1158760 2087.7
1158770 2087.7
1158780 2092.3
1158790 2097.0
1158800 2097.0
1158810 2101.8
1158820 2105.5
1158830 2105.5
1158840 2107.6
1158850 2107.8
1158860 2107.8
1158870 2108.0
1158880 2110.3
1158890 2110.6
1158900 2110.6
1158910 2109.5
1158920 2111.1
1158930 2111.1
1158940 2113.0
1158950 2113.5
1158960 2113.5
1158970 2112.0
1158980 2110.0
1158990 2110.0
1159000 2110.2
1159010 2116.3
1159020 2116.3
1159030 2115.0
1159040 2113.8
1159050 2113.8
1159060 2115.4
1159070 2117.4
1159080 2117.4
1159090 2118.3
1159100 2118.2
1159110 2118.2
1159120 2119.0
1159130 2119.6
1159140 2119.6
1159150 2118.9
1159160 2117.8
1159170 2115.6
1159180 2115.6
1159190 2111.0
1159200 2106.4
1159210 2106.4
1159220 2101.5
1159230 2095.5
1159240 2095.5
1159250 2089.8
1159260 2083.1
1159270 2083.1
1159280 2075.1
1159290 2068.6
1159300 2068.6
1159310 2062.8
1159320 2057.2
1159330 2057.2
1159340 2052.0
1159350 2047.7
1159360 2047.7
1159370 2041.7
1159380 2033.9
1159390 2033.9
1159400 2023.6
1159410 2017.0
1159420 2009.9
1159430 2009.9
1159440 2000.5
1159450 1990.1
1159460 1990.1
1159470 1982.5
1159480 1977.7
1159490 1977.7
1159500 1974.3
1159510 1971.4
1159520 1971.4
1159530 1968.5
1159540 1966.0
1159550 1966.0
1159560 1965.1
1159570 1963.8
1159580 1963.8
1159590 1958.8
1159600 1957.1
1159610 1957.1
1159620 1959.9
1159630 1959.2
1159640 1959.2
1159650 1955.0
1159660 1948.2
1159670 1941.1
1159680 1941.1
1159690 1936.1
1159700 1931.9
1159710 1931.9
1159720 1928.1
1159730 1924.5
1159740 1924.5
1159750 1921.1
1159760 1917.7
1159770 1917.7
1159780 1913.6
1159790 1902.8
1159800 1902.8
1159810 1898.8
1159820 1895.3
1159830 1895.3
1159840 1890.9
1159850 1886.0
1159860 1886.0
1159870 1880.1
1159880 1873.8
1159890 1873.8
1159900 1867.1
1159910 1860.4
1159920 1853.9
1159930 1853.9
1159940 1848.0
1159950 1842.9
1159960 1842.9
1159970 1838.2
1159980 1832.5
1159990 1832.5
