1140000 1756.4
1140010 1756.4
1140020 1754.3
1140030 1749.4
1140040 1749.4
1140050 1745.8
1140060 1753.8
1140070 1753.8
1140080 1763.8
1140090 1764.3
1140100 1764.3
1140110 1761.0
1140120 1760.1
1140130 1760.1
1140140 1759.3
1140150 1758.2
1140160 1758.2
1140170 1760.7
1140180 1762.4
1140190 1762.4
1140200 1764.1
1140210 1765.1
1140220 1765.1
1140230 1765.2
1140240 1764.9
1140250 1765.0
1140260 1765.0
1140270 1765.0
1140280 1764.4
1140290 1764.4
1140300 1770.6
1140310 1771.7
1140320 1771.7
1140330 1774.1
1140340 1776.8
1140350 1776.8
1140360 1779.5
1140370 1782.0
1140380 1782.0
1140390 1784.7
1140400 1788.4
1140410 1788.4
1140420 1792.3
1140430 1796.9
1140440 1796.9
1140450 1801.1
1140460 1804.1
1140470 1804.1
1140480 1805.3
1140490 1805.5
1140500 1805.2
1140510 1805.2
1140520 1805.0
1140530 1804.9
1140540 1804.9
1140550 1802.7
1140560 1800.2
1140570 1800.2
1140580 1796.5
1140590 1790.9
1140600 1790.9
1140610 1784.6
1140620 1778.0
1140630 1778.0
1140640 1771.8
1140650 1766.0
1140660 1766.0
1140670 1756.8
1140680 1750.2
1140690 1750.2
1140700 1742.7
1140710 1736.7
1140720 1736.7
1140730 1732.4
1140740 1727.4
1140750 1727.4
1140760 1721.7
1140770 1716.1
1140780 1709.4
1140790 1709.4
1140800 1702.7
1140810 1696.5
1140820 1696.5
1140830 1691.3
1140840 1685.4
1140850 1685.4
1140860 1677.2
1140870 1667.2
1140880 1667.2
1140890 1656.9
1140900 1648.4
1140910 1648.4
1140920 1644.0
1140930 1640.2
1140940 1640.2
1140950 1635.3
1140960 1629.5
1140970 1629.5
1140980 1622.6
1140990 1613.8
1141000 1613.8
1141010 1603.8
1141020 1592.9
1141030 1582.3
1141040 1581.2
1141050 1572.5
1141060 1564.3
1141070 1564.3
1141080 1554.6
1141090 1546.5
1141100 1546.5
1141110 1539.8
1141120 1532.6
1141130 1532.6
1141140 1527.6
1141150 1521.8
1141160 1521.8
1141170 1515.5
1141180 1509.6
1141190 1509.6
1141200 1504.2
1141210 1498.9
1141220 1498.9
1141230 1494.7
1141240 1490.5
1141250 1490.5
1141260 1485.6
1141270 1480.2
1141280 1474.0
1141290 1474.0
1141300 1467.7
1141310 1461.7
1141320 1461.7
1141330 1455.5
1141340 1449.3
1141350 1449.3
1141360 1442.6
1141370 1434.8
1141380 1434.8
1141390 1425.9
1141400 1416.9
1141410 1417.8
1141420 1409.1
1141430 1400.3
1141440 1400.3
1141450 1391.2
1141460 1381.3
1141470 1381.3
1141480 1370.7
1141490 1358.8
1141500 1358.8
1141510 1348.8
1141520 1340.2
1141530 1340.2
1141540 1331.3
1141550 1320.3
1141560 1307.3
1141570 1307.3
1141580 1298.1
1141590 1303.1
1141600 1303.1
1141610 1321.3
1141620 1336.4
1141630 1336.4
1141640 1346.6
1141650 1356.1
1141660 1356.1
1141670 1365.7
1141680 1374.8
1141690 1374.8
1141700 1383.7
1141710 1392.7
1141720 1392.7
1141730 1400.9
1141740 1408.2
1141750 1408.2
1141760 1414.7
1141770 1424.2
1141780 1428.2
1141790 1436.2
1141800 1444.1
1141810 1452.4
1141820 1452.4
1141830 1461.1
1141840 1470.0
1141850 1470.0
1141860 1477.8
1141870 1484.9
1141880 1484.9
1141890 1492.9
1141900 1503.2
1141910 1503.2
1141920 1512.1
1141930 1520.6
1141940 1520.6
1141950 1536.0
1141960 1549.4
1141970 1549.4
1141980 1554.6
1141990 1563.7
1142000 1563.7
1142010 1572.5
1142020 1580.4
1142030 1580.4
1142040 1587.4
1142050 1593.3
1142060 1593.3
1142070 1598.4
1142080 1604.1
1142090 1610.4
1142100 1610.4
1142110 1617.0
1142120 1623.3
1142130 1623.3
1142140 1630.7
1142150 1637.5
1142160 1637.5
1142170 1644.7
1142180 1652.3
1142190 1652.3
1142200 1660.4
1142210 1668.8
1142220 1668.8
1142230 1677.2
1142240 1684.6
1142250 1684.6
1142260 1691.9
1142270 1699.3
1142280 1699.3
1142290 1707.2
1142300 1715.6
1142310 1715.6
1142320 1724.1
1142330 1733.3
1142340 1744.9
1142350 1744.9
1142360 1757.8
1142370 1765.4
1142380 1765.4
1142390 1767.1
1142400 1766.2
1142410 1766.2
1142420 1764.7
1142430 1763.9
1142440 1763.9
1142450 1762.4
1142460 1758.8
1142470 1758.8
1142480 1755.4
1142490 1751.7
1142500 1751.7
1142510 1748.0
1142520 1750.9
1142530 1750.9
1142540 1746.7
1142550 1742.9
1142560 1742.9
1142570 1739.4
1142580 1735.8
1142590 1731.8
1142600 1731.8
1142610 1727.6
1142620 1723.2
1142630 1723.2
1142640 1718.4
1142650 1714.0
1142660 1714.0
1142670 1710.6
1142680 1707.5
1142690 1707.5
1142700 1703.1
1142710 1698.6
1142720 1698.6
1142730 1695.0
1142740 1692.0
1142750 1692.0
1142760 1689.1
1142770 1685.8
1142780 1685.8
1142790 1682.9
1142800 1680.1
1142810 1680.1
1142820 1677.2
1142830 1674.5
1142840 1674.5
1142850 1672.2
1142860 1668.8
1142870 1666.1
1142880 1666.1
1142890 1668.7
1142900 1666.4
1142910 1666.4
1142920 1663.3
1142930 1660.5
1142940 1660.5
1142950 1657.2
1142960 1653.8
1142970 1653.8
1142980 1648.9
1142990 1643.3
1143000 1643.3
1143010 1637.6
1143020 1634.8
1143030 1634.8
1143040 1632.4
1143050 1631.4
1143060 1631.4
1143070 1631.2
1143080 1628.7
1143090 1628.7
1143100 1625.7
1143110 1623.0
1143120 1621.2
1143130 1621.2
1143140 1618.6
1143150 1614.1
1143160 1614.1
1143170 1610.5
1143180 1608.4
1143190 1608.4
1143200 1606.1
1143210 1603.8
1143220 1603.8
1143230 1601.6
1143240 1599.3
1143250 1599.3
1143260 1596.9
1143270 1598.3
1143280 1598.3
1143290 1595.3
1143300 1592.4
1143310 1592.4
1143320 1589.6
1143330 1586.8
1143340 1586.8
1143350 1581.5
1143360 1574.0
1143370 1565.7
1143380 1565.7
1143390 1556.5
1143400 1548.7
1143410 1548.7
1143420 1540.7
1143430 1535.1
1143440 1535.1
1143450 1538.3
1143460 1543.0
1143470 1543.0
1143480 1549.4
1143490 1555.6
1143500 1555.6
1143510 1558.2
1143520 1559.3
1143530 1559.3
1143540 1561.7
1143550 1562.5
1143560 1562.5
1143570 1562.5
1143580 1562.1
1143590 1562.1
1143600 1561.9
1143610 1562.0
1143620 1562.0
1143630 1561.8
1143640 1565.5
1143650 1565.2
1143660 1565.2
1143670 1564.9
1143680 1564.9
1143690 1564.9
1143700 1564.8
1143710 1564.6
1143720 1564.6
1143730 1564.3
1143740 1563.7
1143750 1563.7
1143760 1563.2
1143770 1563.0
1143780 1563.0
1143790 1562.8
1143800 1562.5
1143810 1562.5
1143820 1561.9
1143830 1561.0
1143840 1561.0
1143850 1559.7
1143860 1557.9
1143870 1557.9
1143880 1555.6
1143890 1553.4
1143900 1551.6
1143910 1551.6
1143920 1549.6
1143930 1547.4
1143940 1547.4
1143950 1545.1
1143960 1542.5
1143970 1542.5
1143980 1539.5
1143990 1537.1
1144000 1537.1
1144010 1537.4
1144020 1535.0
1144030 1535.0
1144040 1532.7
1144050 1530.5
1144060 1530.5
1144070 1528.0
1144080 1525.7
1144090 1525.7
1144100 1523.5
1144110 1521.0
1144120 1521.0
1144130 1518.6
1144140 1516.2
1144150 1513.9
1144160 1513.9
1144170 1511.5
1144180 1508.6
1144190 1508.6
1144200 1505.5
1144210 1502.4
1144220 1502.4
1144230 1499.4
1144240 1496.4
1144250 1496.4
1144260 1493.6
1144270 1490.6
1144280 1490.6
1144290 1487.9
1144300 1485.1
1144310 1485.1
1144320 1482.3
1144330 1479.4
1144340 1479.4
1144350 1476.3
1144360 1473.2
1144370 1473.2
1144380 1469.8
1144390 1466.9
1144400 1466.9
1144410 1463.3
1144420 1459.6
1144430 1456.0
1144440 1456.0
1144450 1452.4
1144460 1448.8
1144470 1448.8
1144480 1445.7
1144490 1442.9
1144500 1442.9
1144510 1440.0
1144520 1436.9
1144530 1436.9
1144540 1433.6
1144550 1430.4
1144560 1430.4
1144570 1427.1
1144580 1424.0
1144590 1424.0
1144600 1420.8
1144610 1417.7
1144620 1417.7
1144630 1414.9
1144640 1412.4
1144650 1412.4
1144660 1410.1
1144670 1407.7
1144680 1405.6
1144690 1405.6
1144700 1403.4
1144710 1401.4
1144720 1401.4
1144730 1399.3
1144740 1397.3
1144750 1397.3
1144760 1395.3
1144770 1393.8
1144780 1393.8
1144790 1392.3
1144800 1391.2
1144810 1391.2
1144820 1391.3
1144830 1391.5
1144840 1391.5
1144850 1389.6
1144860 1386.8
1144870 1386.8
1144880 1383.3
1144890 1379.2
1144900 1379.2
1144910 1375.0
1144920 1371.0
1144930 1367.2
1144940 1367.2
1144950 1363.3
1144960 1359.9
1144970 1359.9
1144980 1356.4
1144990 1352.9
1145000 1352.9
1145010 1349.7
1145020 1346.2
1145030 1346.2
1145040 1342.7
1145050 1339.4
1145060 1339.4
1145070 1336.0
1145080 1332.5
1145090 1332.5
1145100 1329.0
1145110 1324.6
1145120 1324.6
1145130 1320.1
1145140 1319.2
1145150 1319.2
1145160 1315.5
1145170 1309.8
1145180 1309.8
1145190 1303.3
1145200 1296.9
1145210 1290.2
1145220 1290.2
1145230 1283.9
1145240 1276.7
1145250 1276.7
1145260 1270.3
1145270 1266.1
1145280 1266.1
1145290 1264.1
1145300 1262.7
1145310 1262.7
1145320 1259.9
1145330 1255.9
1145340 1255.9
1145350 1250.0
1145360 1242.9
1145370 1242.9
1145380 1235.4
1145390 1221.0
1145400 1221.0
1145410 1197.9
1145420 1185.8
1145430 1185.8
1145440 1171.2
1145450 1171.3
1145460 1197.9
1145470 1197.9
1145480 1218.5
1145490 1228.1
1145500 1228.1
1145510 1235.0
1145520 1238.2
1145530 1238.2
1145540 1241.4
1145550 1245.5
1145560 1245.5
1145570 1249.5
1145580 1253.9
1145590 1253.9
1145600 1259.3
1145610 1265.4
1145620 1265.4
1145630 1270.7
1145640 1275.7
1145650 1275.7
1145660 1281.7
1145670 1286.3
1145680 1286.3
1145690 1292.6
1145700 1298.3
1145710 1303.9
1145720 1303.9
1145730 1308.3
1145740 1310.5
1145750 1310.5
1145760 1312.3
1145770 1316.9
1145780 1316.9
1145790 1321.5
1145800 1326.8
1145810 1326.8
1145820 1332.3
1145830 1338.5
1145840 1338.5
1145850 1344.5
1145860 1350.1
1145870 1350.1
1145880 1355.1
1145890 1359.1
1145900 1359.1
1145910 1363.6
1145920 1368.4
1145930 1368.4
1145940 1373.2
1145950 1378.1
1145960 1378.1
1145970 1383.3
1145980 1387.1
1145990 1389.4
1146000 1389.4
1146010 1392.7
1146020 1396.4
1146030 1396.4
1146040 1399.4
1146050 1400.7
1146060 1400.7
1146070 1400.8
1146080 1401.4
1146090 1401.4
1146100 1403.5
1146110 1406.5
1146120 1406.5
1146130 1410.4
1146140 1414.5
1146150 1414.5
1146160 1419.1
1146170 1424.2
1146180 1424.2
1146190 1429.8
1146200 1435.5
1146210 1435.5
1146220 1441.4
1146230 1448.2
1146240 1454.9
1146250 1454.9
1146260 1458.7
1146270 1466.1
1146280 1466.1
1146290 1473.7
1146300 1482.6
1146310 1482.6
1146320 1490.8
1146330 1498.2
1146340 1498.2
1146350 1505.8
1146360 1513.8
1146370 1513.8
1146380 1521.5
1146390 1529.3
1146400 1529.3
1146410 1536.8
1146420 1543.6
1146430 1543.6
1146440 1550.1
1146450 1556.1
1146460 1556.1
1146470 1562.1
1146480 1568.6
1146490 1568.6
1146500 1575.8
1146510 1583.6
1146520 1589.9
1146530 1589.9
1146540 1595.8
1146550 1601.7
1146560 1601.7
1146570 1606.7
1146580 1611.9
1146590 1611.9
1146600 1617.9
1146610 1624.7
1146620 1624.7
1146630 1633.5
1146640 1646.9
1146650 1646.9
1146660 1658.1
1146670 1664.8
1146680 1664.8
1146690 1671.4
1146700 1680.3
1146710 1680.3
1146720 1690.3
1146730 1698.8
1146740 1698.8
1146750 1706.2
1146760 1712.3
1146770 1717.4
1146780 1717.4
1146790 1724.3
1146800 1732.2
1146810 1732.2
1146820 1740.3
1146830 1751.1
1146840 1751.1
1146850 1762.8
1146860 1773.3
1146870 1773.3
1146880 1781.5
1146890 1787.3
1146900 1787.3
1146910 1794.0
1146920 1800.3
1146930 1800.3
1146940 1806.5
1146950 1811.0
1146960 1811.0
1146970 1815.4
1146980 1820.7
1146990 1820.7
1147000 1826.9
1147010 1831.9
1147020 1833.5
1147030 1833.5
1147040 1836.6
1147050 1840.4
1147060 1840.4
1147070 1843.7
1147080 1846.0
1147090 1846.0
1147100 1847.8
1147110 1849.9
1147120 1849.9
1147130 1852.1
1147140 1854.6
1147150 1854.6
1147160 1856.6
1147170 1858.2
1147180 1858.2
1147190 1859.0
1147200 1860.4
1147210 1860.4
1147220 1862.7
1147230 1864.3
1147240 1864.3
1147250 1865.3
1147260 1867.1
1147270 1867.1
1147280 1869.6
1147290 1872.1
1147300 1874.7
1147310 1874.7
1147320 1880.0
1147330 1884.0
1147340 1884.0
1147350 1886.0
1147360 1888.0
1147370 1888.0
1147380 1889.4
1147390 1893.4
1147400 1893.4
1147410 1897.1
1147420 1901.9
1147430 1901.9
1147440 1907.2
1147450 1912.0
1147460 1912.0
1147470 1914.2
1147480 1914.5
1147490 1914.5
1147500 1916.1
1147510 1920.3
1147520 1920.3
1147530 1921.8
1147540 1920.0
1147550 1918.0
1147560 1918.0
1147570 1917.9
1147580 1916.8
1147590 1916.8
1147600 1916.0
1147610 1914.1
1147620 1914.1
1147630 1912.3
1147640 1910.6
1147650 1910.6
1147660 1906.9
1147670 1901.2
1147680 1901.2
1147690 1894.5
1147700 1886.1
1147710 1886.1
1147720 1876.9
1147730 1871.9
1147740 1871.9
1147750 1866.1
1147760 1857.7
1147770 1870.8
1147780 1865.6
1147790 1863.1
1147800 1859.8
1147810 1859.8
1147820 1856.7
1147830 1852.1
1147840 1852.1
1147850 1844.4
1147860 1838.2
1147870 1838.2
1147880 1831.7
1147890 1826.5
1147900 1826.5
1147910 1819.3
1147920 1813.6
1147930 1813.6
1147940 1807.0
1147950 1798.1
1147960 1798.1
1147970 1785.2
1147980 1776.9
1147990 1776.9
1148000 1771.9
1148010 1764.1
1148020 1764.1
1148030 1755.6
1148040 1746.6
1148050 1746.6
1148060 1740.0
1148070 1733.7
1148080 1725.9
1148090 1725.9
1148100 1721.1
1148110 1716.6
1148120 1716.6
1148130 1711.4
1148140 1706.5
1148150 1709.5
1148160 1701.6
1148170 1696.7
1148180 1696.7
1148190 1690.7
1148200 1682.5
1148210 1682.5
1148220 1678.0
1148230 1678.6
1148240 1678.6
1148250 1673.5
1148260 1668.0
1148270 1668.0
1148280 1669.5
1148290 1668.8
1148300 1668.8
1148310 1666.0
1148320 1654.6
1148330 1645.9
1148340 1645.9
1148350 1649.4
1148360 1660.6
1148370 1660.6
1148380 1671.8
1148390 1681.1
1148400 1681.1
1148410 1689.9
1148420 1702.4
1148430 1702.4
1148440 1714.3
1148450 1725.9
1148460 1725.9
1148470 1735.6
1148480 1744.8
1148490 1744.8
1148500 1750.6
1148510 1757.7
1148520 1757.7
1148530 1763.0
1148540 1770.7
1148550 1770.7
1148560 1778.8
1148570 1784.0
1148580 1787.0
1148590 1787.0
1148600 1795.5
1148610 1804.1
1148620 1804.1
1148630 1813.2
1148640 1824.4
1148650 1824.4
1148660 1839.1
1148670 1854.5
1148680 1854.5
1148690 1867.6
1148700 1878.7
1148710 1878.7
1148720 1886.6
1148730 1894.9
1148740 1894.9
1148750 1905.4
1148760 1916.1
1148770 1916.1
1148780 1926.8
1148790 1938.9
1148800 1938.9
1148810 1950.0
1148820 1959.2
1148830 1959.2
1148840 1964.0
1148850 1968.3
1148860 1977.9
1148870 1977.9
1148880 1985.2
1148890 1991.3
1148900 1989.1
1148910 1995.2
1148920 2003.0
1148930 2003.0
1148940 2014.0
1148950 2026.3
1148960 2026.3
1148970 2040.3
1148980 2048.7
1148990 2048.7
1149000 2053.4
1149010 2055.6
1149020 2055.6
1149030 2057.8
1149040 2062.3
1149050 2062.3
1149060 2067.6
1149070 2072.8
1149080 2072.8
1149090 2078.5
1149100 2085.7
1149110 2093.5
1149120 2093.5
1149130 2100.3
1149140 2107.5
1149150 2107.5
1149160 2114.7
1149170 2119.7
1149180 2119.7
1149190 2124.4
1149200 2126.5
1149210 2126.5
1149220 2127.4
1149230 2131.2
1149240 2131.2
1149250 2141.0
1149260 2147.3
1149270 2147.3
1149280 2145.4
1149290 2149.5
1149300 2149.5
1149310 2156.1
1149320 2162.2
1149330 2162.2
1149340 2169.6
1149350 2182.4
1149360 2192.6
1149370 2192.6
1149380 2205.4
1149390 2218.1
1149400 2218.1
1149410 2230.2
1149420 2246.0
1149430 2246.0
1149440 2260.8
1149450 2270.1
1149460 2270.1
1149470 2275.1
1149480 2277.0
1149490 2277.0
1149500 2277.5
1149510 2276.9
1149520 2276.9
1149530 2277.9
1149540 2279.4
1149550 2279.4
1149560 2281.5
1149570 2284.9
1149580 2284.9
1149590 2288.0
1149600 2290.5
1149610 2290.5
1149620 2290.9
1149630 2286.3
1149640 2277.5
1149650 2277.5
1149660 2265.3
1149670 2256.6
1149680 2256.6
1149690 2247.4
1149700 2238.7
1149710 2238.7
1149720 2230.3
1149730 2221.9
1149740 2221.9
1149750 2213.6
1149760 2205.5
1149770 2205.5
1149780 2197.0
1149790 2187.8
1149800 2187.8
1149810 2178.7
1149820 2171.0
1149830 2171.0
1149840 2164.4
1149850 2158.9
1149860 2158.9
1149870 2153.7
1149880 2149.1
1149890 2145.9
1149900 2145.9
1149910 2143.4
1149920 2143.3
1149930 2143.3
1149940 2142.5
1149950 2142.3
1149960 2142.3
1149970 2141.1
1149980 2133.3
1149990 2133.3
1150000 2125.7
1150010 2125.9
1150020 2125.9
1150030 2124.7
1150040 2135.8
1150050 2135.8
1150060 2132.1
1150070 2125.2
1150080 2125.2
1150090 2117.4
1150100 2108.7
1150110 2108.7
1150120 2106.1
1150130 2107.9
1150140 2101.3
1150150 2101.3
1150160 2093.0
1150170 2084.8
1150180 2084.8
1150190 2081.4
1150200 2079.6
1150210 2079.6
1150220 2072.3
1150230 2062.0
1150240 2062.0
1150250 2044.8
1150260 2033.1
1150270 2033.1
1150280 2023.6
1150290 2013.6
1150300 2013.6
1150310 2005.0
1150320 1997.9
1150330 1997.9
1150340 1991.5
1150350 1984.8
1150360 1984.8
1150370 1978.3
1150380 1971.9
1150390 1971.9
1150400 1965.6
1150410 1960.7
1150420 1962.4
1150430 1962.4
1150440 1960.6
1150450 1959.3
1150460 1959.3
1150470 1959.6
1150480 1961.1
1150490 1961.1
1150500 1959.8
1150510 1957.3
1150520 1957.3
1150530 1954.7
1150540 1954.4
1150550 1954.4
1150560 1959.3
1150570 1963.8
1150580 1963.8
1150590 1965.4
1150600 1962.7
1150610 1962.7
1150620 1958.5
1150630 1954.6
1150640 1954.6
1150650 1952.2
1150660 1951.1
1150670 1954.0
1150680 1954.0
1150690 1956.7
1150700 1959.0
1150710 1959.0
1150720 1962.2
1150730 1965.9
1150740 1965.9
1150750 1969.2
1150760 1971.4
1150770 1971.4
1150780 1976.6
1150790 1983.5
1150800 1983.5
1150810 1991.7
1150820 1997.8
1150830 1997.8
1150840 2005.4
1150850 2020.7
1150860 2020.7
1150870 2040.6
1150880 2055.8
1150890 2055.8
1150900 2072.7
1150910 2086.9
1150920 2097.4
1150930 2097.4
1150940 2107.1
1150950 2116.2
1150960 2116.2
1150970 2123.6
1150980 2131.1
1150990 2131.1
1151000 2138.4
1151010 2144.7
1151020 2144.7
1151030 2150.1
1151040 2156.5
1151050 2156.5
1151060 2164.1
1151070 2170.8
1151080 2170.8
1151090 2175.9
1151100 2180.7
1151110 2180.7
1151120 2186.4
1151130 2193.4
1151140 2193.4
1151150 2200.6
1151160 2206.2
1151170 2206.2
1151180 2212.5
1151190 2223.4
1151200 2231.0
1151210 2231.0
1151220 2238.9
1151230 2246.6
1151240 2246.6
1151250 2254.0
1151260 2260.4
1151270 2260.4
1151280 2264.2
1151290 2266.3
1151300 2266.3
1151310 2270.9
1151320 2276.4
1151330 2276.4
1151340 2282.2
1151350 2288.0
1151360 2288.0
1151370 2292.8
1151380 2290.5
1151390 2290.5
1151400 2274.5
1151410 2258.7
1151420 2258.7
1151430 2248.8
1151440 2242.0
1151450 2235.6
1151460 2235.6
1151470 2227.4
1151480 2220.6
1151490 2220.6
1151500 2217.2
1151510 2215.5
1151520 2215.5
1151530 2213.7
1151540 2212.0
1151550 2212.0
1151560 2215.4
1151570 2207.9
1151580 2207.9
1151590 2210.9
1151600 2213.7
1151610 2213.7
1151620 2210.6
1151630 2208.8
1151640 2208.8
1151650 2206.4
1151660 2204.5
1151670 2204.5
1151680 2202.1
1151690 2200.0
1151700 2199.6
1151710 2199.6
1151720 2198.9
1151730 2198.0
1151740 2198.0
1151750 2196.6
1151760 2196.2
1151770 2196.2
1151780 2197.1
1151790 2197.4
1151800 2197.4
1151810 2195.4
1151820 2193.0
1151830 2193.0
1151840 2191.5
1151850 2188.8
1151860 2188.8
1151870 2186.4
1151880 2183.2
1151890 2183.2
1151900 2179.9
1151910 2176.2
1151920 2176.2
1151930 2172.6
1151940 2170.5
1151950 2162.5
1151960 2165.3
1151970 2165.9
1151980 2164.4
1151990 2164.4
1152000 2163.4
1152010 2161.9
1152020 2161.9
1152030 2159.2
1152040 2156.5
1152050 2156.5
1152060 2154.5
1152070 2151.7
1152080 2151.7
1152090 2146.6
1152100 2143.2
1152110 2143.2
1152120 2143.3
1152130 2141.6
1152140 2141.6
1152150 2140.8
1152160 2141.2
1152170 2141.2
1152180 2140.8
1152190 2139.6
1152200 2139.6
1152210 2135.7
1152220 2126.6
1152230 2116.1
1152240 2116.1
1152250 2107.6
1152260 2097.0
1152270 2097.0
1152280 2081.3
1152290 2065.2
1152300 2065.2
1152310 2054.5
1152320 2045.2
1152330 2042.6
1152340 2033.8
1152350 2024.2
1152360 2024.2
1152370 2015.9
1152380 2008.2
1152390 2008.2
1152400 2001.4
1152410 1994.5
1152420 1994.5
1152430 1988.6
1152440 1985.5
1152450 1985.5
1152460 1980.9
1152470 1975.7
1152480 1970.5
1152490 1970.5
1152500 1964.0
1152510 1959.2
1152520 1959.2
1152530 1957.1
1152540 1956.2
1152550 1956.2
1152560 1952.9
1152570 1947.7
1152580 1947.7
1152590 1942.0
1152600 1932.7
1152610 1932.7
1152620 1916.6
1152630 1902.9
1152640 1902.9
1152650 1886.1
1152660 1869.8
1152670 1869.8
1152680 1859.5
1152690 1849.4
1152700 1849.4
1152710 1838.8
1152720 1825.2
1152730 1825.2
1152740 1816.6
1152750 1808.2
1152760 1799.9
1152770 1799.9
1152780 1791.2
1152790 1780.3
1152800 1780.3
1152810 1770.7
1152820 1761.2
1152830 1761.2
1152840 1752.4
1152850 1743.8
1152860 1743.8
1152870 1734.6
1152880 1720.0
1152890 1720.0
1152900 1704.1
1152910 1679.6
1152920 1679.6
1152930 1652.9
1152940 1643.2
1152950 1643.2
1152960 1639.2
1152970 1634.3
1152980 1634.3
1152990 1628.5
1153000 1623.0
1153010 1617.3
1153020 1617.3
1153030 1612.5
1153040 1607.0
1153050 1607.0
1153060 1600.1
1153070 1593.5
1153080 1593.5
1153090 1587.9
1153100 1578.8
1153110 1578.8
1153120 1572.9
1153130 1567.4
1153140 1567.4
1153150 1561.6
1153160 1555.7
1153170 1555.7
1153180 1549.3
1153190 1543.1
1153200 1543.1
1153210 1536.7
1153220 1530.5
1153230 1530.5
1153240 1524.4
1153250 1518.6
1153260 1512.8
1153270 1512.8
1153280 1507.1
1153290 1501.1
1153300 1501.1
1153310 1496.2
1153320 1494.6
1153330 1494.6
1153340 1492.4
1153350 1489.8
1153360 1489.8
1153370 1486.7
1153380 1483.4
1153390 1483.4
1153400 1479.6
1153410 1475.7
1153420 1475.7
1153430 1471.3
1153440 1468.1
1153450 1468.1
1153460 1465.9
1153470 1463.4
1153480 1459.7
1153490 1457.0
1153500 1455.5
1153510 1455.5
1153520 1454.7
1153530 1452.9
1153540 1451.5
1153550 1451.5
1153560 1448.6
1153570 1441.6
1153580 1441.6
1153590 1434.3
1153600 1427.5
1153610 1427.5
1153620 1423.3
1153630 1420.3
1153640 1420.3
1153650 1418.3
1153660 1417.7
1153670 1417.7
1153680 1417.5
1153690 1417.0
1153700 1417.0
1153710 1416.7
1153720 1420.9
1153730 1420.9
1153740 1426.0
1153750 1428.9
1153760 1428.9
1153770 1431.7
1153780 1437.4
1153790 1444.7
1153800 1444.7
1153810 1452.0
1153820 1458.2
1153830 1458.2
1153840 1464.4
1153850 1471.2
1153860 1471.2
1153870 1480.8
1153880 1484.6
1153890 1484.6
1153900 1488.0
1153910 1492.2
1153920 1492.2
1153930 1497.0
1153940 1501.8
1153950 1501.8
1153960 1506.7
1153970 1511.9
1153980 1511.9
1153990 1517.8
1154000 1524.2
1154010 1524.2
1154020 1530.3
1154030 1536.6
1154040 1542.7
1154050 1542.7
1154060 1549.0
1154070 1555.5
1154080 1555.5
1154090 1562.3
1154100 1570.3
1154110 1570.3
1154120 1581.3
1154130 1590.9
1154140 1590.9
1154150 1609.0
1154160 1623.7
1154170 1623.7
1154180 1633.7
1154190 1642.5
1154200 1642.5
1154210 1651.9
1154220 1660.5
1154230 1660.5
1154240 1669.3
1154250 1682.3
1154260 1682.3
1154270 1691.3
1154280 1700.5
1154290 1700.5
1154300 1706.5
1154310 1711.0
1154320 1713.3
1154330 1713.3
1154340 1711.6
1154350 1719.1
1154360 1719.1
1154370 1723.2
1154380 1713.5
1154390 1713.5
1154400 1690.0
1154410 1669.7
1154420 1669.7
1154430 1667.8
1154440 1670.5
1154450 1670.5
1154460 1673.9
1154470 1677.1
1154480 1677.1
1154490 1679.8
1154500 1682.0
1154510 1682.0
1154520 1683.7
1154530 1688.3
1154540 1688.3
1154550 1694.0
1154560 1698.4
1154570 1699.6
1154580 1699.6
1154590 1701.8
1154600 1707.8
1154610 1707.8
1154620 1717.4
1154630 1725.5
1154640 1720.9
1154650 1730.3
1154660 1738.8
1154670 1738.8
1154680 1742.6
1154690 1746.6
1154700 1746.6
1154710 1752.3
1154720 1759.8
1154730 1759.8
1154740 1767.2
1154750 1773.9
1154760 1773.9
1154770 1778.9
1154780 1783.0
1154790 1783.0
1154800 1787.2
1154810 1792.7
1154820 1798.1
1154830 1798.1
1154840 1802.7
1154850 1806.9
1154860 1806.9
1154870 1811.1
1154880 1815.8
1154890 1815.8
1154900 1820.5
1154910 1823.9
1154920 1823.9
1154930 1827.6
1154940 1832.2
1154950 1832.2
1154960 1837.4
1154970 1842.8
1154980 1842.8
1154990 1848.5
1155000 1854.1
1155010 1854.1
1155020 1862.7
1155030 1869.0
1155040 1869.0
1155050 1876.9
1155060 1885.6
1155070 1885.6
1155080 1895.2
1155090 1903.1
1155100 1910.3
1155110 1910.3
1155120 1917.7
1155130 1925.8
1155140 1925.8
1155150 1933.5
1155160 1941.2
1155170 1941.2
1155180 1949.8
1155190 1959.2
1155200 1959.2
1155210 1968.3
1155220 1977.1
1155230 1977.1
1155240 1985.9
1155250 1994.0
1155260 1994.0
1155270 2001.3
1155280 2008.7
1155290 2008.7
1155300 2016.2
1155310 2023.6
1155320 2023.6
1155330 2031.0
1155340 2038.2
1155350 2045.4
1155360 2045.4
1155370 2052.6
1155380 2060.5
1155390 2060.5
1155400 2068.2
1155410 2078.9
1155420 2078.9
1155430 2087.2
1155440 2095.5
1155450 2095.5
1155460 2104.0
1155470 2112.8
1155480 2112.8
1155490 2122.4
1155500 2133.1
1155510 2133.1
1155520 2143.2
1155530 2153.6
1155540 2153.6
1155550 2164.8
1155560 2175.2
1155570 2175.2
1155580 2186.4
1155590 2199.2
1155600 2208.1
1155610 2208.1
1155620 2217.0
1155630 2227.9
1155640 2227.9
1155650 2237.8
1155660 2241.8
1155670 2241.8
1155680 2238.1
1155690 2228.1
1155700 2228.1
1155710 2217.7
1155720 2207.8
1155730 2207.8
1155740 2198.5
1155750 2188.4
1155760 2188.4
1155770 2178.2
1155780 2168.4
1155790 2168.4
1155800 2163.9
1155810 2153.4
1155820 2153.4
1155830 2141.7
1155840 2132.4
1155850 2132.4
1155860 2123.6
1155870 2114.6
1155880 2105.5
1155890 2105.5
1155900 2097.5
1155910 2089.6
1155920 2089.6
1155930 2081.0
1155940 2072.4
1155950 2072.4
1155960 2062.5
1155970 2053.5
1155980 2053.5
1155990 2045.1
1156000 2037.0
1156010 2037.0
1156020 2029.0
1156030 2020.1
1156040 2020.1
1156050 2012.5
1156060 2005.7
1156070 2005.7
1156080 1999.1
1156090 1992.3
1156100 1992.3
1156110 1984.5
1156120 1974.2
1156130 1967.0
1156140 1967.0
1156150 1960.5
1156160 1952.7
1156170 1952.7
1156180 1943.7
1156190 1937.2
1156200 1937.2
1156210 1931.3
1156220 1924.9
1156230 1924.9
1156240 1919.0
1156250 1914.0
1156260 1914.0
1156270 1908.4
1156280 1903.1
1156290 1903.1
1156300 1897.3
1156310 1891.8
1156320 1891.8
1156330 1886.4
1156340 1881.5
1156350 1881.5
1156360 1876.6
1156370 1871.8
1156380 1866.9
1156390 1866.9
1156400 1862.1
1156410 1857.2
1156420 1857.2
1156430 1851.3
1156440 1844.1
1156450 1844.1
1156460 1836.8
1156470 1831.1
1156480 1831.1
1156490 1826.1
1156500 1820.8
1156510 1820.8
1156520 1814.8
1156530 1808.7
1156540 1808.7
1156550 1801.9
1156560 1795.8
1156570 1791.8
1156580 1785.8
1156590 1778.6
1156600 1778.6
1156610 1770.9
1156620 1764.1
1156630 1764.1
1156640 1757.5
1156650 1751.7
1156660 1745.6
1156670 1745.6
1156680 1735.3
1156690 1728.3
1156700 1728.3
1156710 1736.1
1156720 1742.1
1156730 1742.1
1156740 1743.1
1156750 1730.0
1156760 1730.0
1156770 1714.9
1156780 1702.1
1156790 1702.1
1156800 1689.7
1156810 1677.8
1156820 1677.8
1156830 1665.9
1156840 1654.0
1156850 1654.0
1156860 1646.0
1156870 1640.4
1156880 1640.4
1156890 1638.7
1156900 1636.0
1156910 1619.0
1156920 1619.0
1156930 1608.1
1156940 1600.4
1156950 1600.4
1156960 1589.3
1156970 1583.1
1156980 1583.1
1156990 1577.4
1157000 1571.2
1157010 1571.2
1157020 1564.8
1157030 1559.0
1157040 1559.0
1157050 1553.2
1157060 1547.1
1157070 1547.1
1157080 1540.7
1157090 1534.7
1157100 1534.7
1157110 1528.4
1157120 1522.3
1157130 1522.3
1157140 1516.1
1157150 1509.6
1157160 1503.2
1157170 1503.2
1157180 1496.7
1157190 1490.4
1157200 1490.4
1157210 1484.3
1157220 1477.9
1157230 1477.9
1157240 1471.3
1157250 1464.7
1157260 1464.7
1157270 1458.5
1157280 1452.6
1157290 1452.6
1157300 1446.8
1157310 1442.3
1157320 1442.3
1157330 1437.4
1157340 1433.8
1157350 1433.9
1157360 1429.9
1157370 1426.2
1157380 1426.2
1157390 1424.4
1157400 1425.3
1157410 1425.3
1157420 1425.8
1157430 1425.6
1157440 1425.6
1157450 1425.6
1157460 1426.7
1157470 1430.6
1157480 1430.6
1157490 1436.3
1157500 1440.6
1157510 1440.6
1157520 1444.6
1157530 1448.9
1157540 1448.9
1157550 1452.9
1157560 1456.1
1157570 1456.1
1157580 1458.3
1157590 1460.9
1157600 1460.9
1157610 1467.9
1157620 1479.8
1157630 1479.8
1157640 1490.7
1157650 1499.3
1157660 1499.3
1157670 1507.5
1157680 1513.7
1157690 1520.2
1157700 1520.2
1157710 1525.7
1157720 1531.4
1157730 1531.4
1157740 1545.6
1157750 1553.7
1157760 1553.7
1157770 1559.7
1157780 1564.1
1157790 1564.1
1157800 1568.8
1157810 1575.2
1157820 1575.2
1157830 1581.7
1157840 1587.3
1157850 1587.3
1157860 1592.3
1157870 1597.8
1157880 1597.8
1157890 1604.3
1157900 1609.1
1157910 1609.1
1157920 1612.0
1157930 1614.6
1157940 1617.6
1157950 1617.6
1157960 1617.1
1157970 1614.3
1157980 1614.3
1157990 1608.6
1158000 1605.4
1158010 1605.4
1158020 1607.4
1158030 1612.8
1158040 1612.8
1158050 1619.6
1158060 1625.5
1158070 1625.5
1158080 1631.0
1158090 1634.1
1158100 1634.1
1158110 1629.7
1158120 1620.1
1158130 1627.1
1158140 1623.1
1158150 1618.9
1158160 1618.9
1158170 1614.5
1158180 1621.3
1158190 1621.3
1158200 1627.7
1158210 1631.9
1158220 1630.2
1158230 1630.2
1158240 1634.3
1158250 1641.1
1158260 1641.1
1158270 1648.4
1158280 1654.5
1158290 1654.5
1158300 1657.7
1158310 1659.3
1158320 1659.3
1158330 1662.1
1158340 1665.7
1158350 1665.7
1158360 1669.6
1158370 1673.7
1158380 1673.7
1158390 1678.0
1158400 1683.1
1158410 1683.1
1158420 1688.7
1158430 1694.0
1158440 1694.0
1158450 1698.9
1158460 1702.1
1158470 1705.8
1158480 1705.8
1158490 1710.7
1158500 1715.5
1158510 1715.5
1158520 1721.8
1158530 1723.1
1158540 1723.1
1158550 1725.3
1158560 1728.5
1158570 1728.5
1158580 1730.8
1158590 1732.0
1158600 1732.0
1158610 1730.8
1158620 1731.3
1158630 1731.3
1158640 1734.5
1158650 1736.6
1158660 1736.6
1158670 1740.4
1158680 1745.7
1158690 1745.7
1158700 1749.9
1158710 1753.9
1158720 1759.2
1158730 1759.2
1158740 1764.3
1158750 1769.2
1158760 1769.2
1158770 1773.5
1158780 1777.0
1158790 1777.0
1158800 1779.2
1158810 1779.9
1158820 1779.9
1158830 1778.4
1158840 1774.8
1158850 1774.8
1158860 1770.7
1158870 1766.8
1158880 1766.8
1158890 1762.1
1158900 1756.4
1158910 1762.9
1158920 1757.0
1158930 1751.7
1158940 1751.7
1158950 1745.9
1158960 1740.1
1158970 1740.1
1158980 1733.8
1158990 1727.1
1159000 1720.1
1159010 1720.1
1159020 1712.8
1159030 1703.0
1159040 1703.0
1159050 1704.7
1159060 1713.8
1159070 1713.8
1159080 1720.1
1159090 1726.5
1159100 1726.5
1159110 1732.9
1159120 1739.2
1159130 1739.2
1159140 1745.1
1159150 1749.9
1159160 1749.9
1159170 1754.5
1159180 1758.8
1159190 1758.8
1159200 1762.7
1159210 1765.4
1159220 1765.4
1159230 1765.8
1159240 1764.8
1159250 1763.4
1159260 1763.4
1159270 1761.6
1159280 1760.7
1159290 1760.7
1159300 1772.9
1159310 1772.2
1159320 1772.2
1159330 1772.6
1159340 1772.6
1159350 1772.6
1159360 1770.9
1159370 1775.8
1159380 1775.8
1159390 1782.0
1159400 1787.1
1159410 1787.1
1159420 1791.1
1159430 1796.4
1159440 1796.4
1159450 1802.8
1159460 1808.5
1159470 1808.5
1159480 1810.7
1159490 1810.2
1159500 1810.3
1159510 1810.3
1159520 1810.2
1159530 1807.3
1159540 1807.3
1159550 1803.1
1159560 1799.4
1159570 1799.4
1159580 1798.4
1159590 1798.4
1159600 1798.4
1159610 1799.6
1159620 1798.4
1159630 1798.4
1159640 1796.4
1159650 1792.7
1159660 1792.7
1159670 1788.0
1159680 1784.8
1159690 1796.0
1159700 1792.4
1159710 1788.3
1159720 1788.3
1159730 1781.8
1159740 1774.0
1159750 1774.0
1159760 1765.8
1159770 1756.7
1159780 1748.5
1159790 1748.5
1159800 1743.0
1159810 1739.9
1159820 1739.9
1159830 1734.4
1159840 1725.7
1159850 1725.7
1159860 1717.2
1159870 1712.6
1159880 1712.6
1159890 1707.8
1159900 1702.4
1159910 1702.4
1159920 1697.5
1159930 1693.0
1159940 1693.0
1159950 1690.1
1159960 1685.7
1159970 1685.7
1159980 1678.6
1159990 1673.1
