1140000 1619.9
1140010 1619.1
1140020 1626.6
1140030 1626.6
1140040 1625.1
1140050 1631.0
1140060 1631.0
1140070 1632.6
1140080 1633.8
1140090 1633.8
1140100 1634.9
1140110 1634.8
1140120 1634.8
1140130 1634.0
1140140 1632.2
1140150 1632.2
1140160 1629.2
1140170 1631.4
1140180 1631.4
1140190 1630.0
1140200 1630.1
1140210 1630.1
1140220 1631.1
1140230 1632.8
1140240 1632.8
1140250 1634.2
1140260 1635.6
1140270 1636.0
1140280 1636.0
1140290 1637.5
1140300 1639.9
1140310 1639.9
1140320 1641.9
1140330 1643.7
1140340 1643.7
1140350 1645.8
1140360 1647.4
1140370 1647.4
1140380 1649.4
1140390 1659.6
1140400 1659.6
1140410 1662.4
1140420 1664.9
1140430 1664.9
1140440 1667.9
1140450 1671.4
1140460 1671.4
1140470 1674.4
1140480 1677.4
1140490 1677.4
1140500 1680.5
1140510 1683.7
1140520 1687.4
1140530 1687.4
1140540 1691.4
1140550 1695.2
1140560 1695.2
1140570 1699.1
1140580 1700.4
1140590 1700.4
1140600 1700.8
1140610 1700.9
1140620 1700.9
1140630 1700.7
1140640 1700.1
1140650 1700.1
1140660 1698.3
1140670 1697.3
1140680 1697.3
1140690 1695.8
1140700 1693.6
1140710 1693.6
1140720 1690.6
1140730 1687.1
1140740 1687.1
1140750 1682.9
1140760 1676.2
1140770 1676.2
1140780 1669.5
1140790 1662.1
1140800 1655.4
1140810 1655.4
1140820 1649.6
1140830 1642.3
1140840 1642.3
1140850 1633.5
1140860 1623.3
1140870 1623.3
1140880 1612.7
1140890 1604.0
1140900 1604.0
1140910 1595.7
1140920 1586.5
1140930 1586.5
1140940 1577.1
1140950 1567.1
1140960 1567.1
1140970 1557.9
1140980 1548.8
1140990 1548.8
1141000 1539.2
1141010 1531.3
1141020 1531.3
1141030 1525.0
1141040 1518.4
1141050 1511.9
1141060 1511.9
1141070 1505.4
1141080 1498.7
1141090 1498.7
1141100 1491.9
1141110 1485.1
1141120 1485.1
1141130 1477.8
1141140 1471.3
1141150 1471.3
1141160 1464.3
1141170 1457.9
1141180 1457.9
1141190 1451.4
1141200 1445.2
1141210 1445.2
1141220 1439.9
1141230 1437.3
1141240 1437.3
1141250 1437.1
1141260 1435.5
1141270 1435.5
1141280 1431.0
1141290 1423.7
1141300 1415.6
1141310 1415.6
1141320 1408.1
1141330 1401.3
1141340 1401.3
1141350 1394.0
1141360 1385.8
1141370 1385.8
1141380 1375.9
1141390 1366.8
1141400 1366.8
1141410 1359.0
1141420 1351.0
1141430 1351.0
1141440 1343.7
1141450 1336.4
1141460 1336.4
1141470 1328.6
1141480 1320.7
1141490 1320.7
1141500 1319.4
1141510 1310.9
1141520 1310.9
1141530 1298.5
1141540 1287.1
1141550 1287.1
1141560 1284.0
1141570 1285.8
1141580 1288.4
1141590 1288.4
1141600 1291.0
1141610 1299.3
1141620 1299.3
1141630 1307.7
1141640 1315.4
1141650 1315.4
1141660 1327.9
1141670 1338.3
1141680 1338.3
1141690 1355.2
1141700 1375.5
1141710 1375.5
1141720 1389.2
1141730 1394.2
1141740 1394.2
1141750 1408.3
1141760 1417.6
1141770 1417.6
1141780 1427.8
1141790 1435.4
1141800 1435.4
1141810 1443.0
1141820 1450.6
1141830 1457.6
1141840 1457.6
1141850 1465.0
1141860 1472.9
1141870 1473.1
1141880 1481.5
1141890 1490.7
1141900 1490.7
1141910 1500.2
1141920 1508.0
1141930 1508.0
1141940 1514.7
1141950 1521.2
1141960 1521.2
1141970 1528.2
1141980 1535.7
1141990 1535.7
1142000 1543.1
1142010 1549.3
1142020 1549.3
1142030 1555.7
1142040 1562.4
1142050 1562.4
1142060 1569.6
1142070 1577.6
1142080 1586.3
1142090 1586.3
1142100 1600.1
1142110 1618.8
1142120 1618.8
1142130 1637.1
1142140 1652.5
1142150 1652.5
1142160 1665.2
1142170 1676.5
1142180 1676.5
1142190 1681.7
1142200 1683.5
1142210 1683.5
1142220 1685.0
1142230 1686.3
1142240 1687.2
1142250 1689.3
1142260 1690.9
1142270 1690.9
1142280 1691.5
1142290 1691.9
1142300 1691.9
1142310 1692.7
1142320 1693.8
1142330 1693.8
1142340 1694.8
1142350 1696.0
1142360 1697.1
1142370 1697.1
1142380 1697.9
1142390 1698.7
1142400 1698.7
1142410 1699.9
1142420 1701.1
1142430 1701.1
1142440 1700.7
1142450 1698.2
1142460 1698.2
1142470 1695.8
1142480 1693.3
1142490 1693.3
1142500 1690.3
1142510 1686.7
1142520 1686.7
1142530 1682.9
1142540 1678.4
1142550 1678.4
1142560 1673.3
1142570 1669.0
1142580 1669.0
1142590 1664.8
1142600 1661.0
1142610 1657.9
1142620 1660.2
1142630 1656.8
1142640 1653.0
1142650 1653.0
1142660 1649.7
1142670 1646.9
1142680 1646.9
1142690 1643.3
1142700 1639.6
1142710 1639.6
1142720 1635.1
1142730 1627.9
1142740 1627.9
1142750 1618.7
1142760 1611.5
1142770 1611.5
1142780 1605.5
1142790 1599.9
1142800 1599.9
1142810 1596.2
1142820 1593.9
1142830 1593.9
1142840 1591.8
1142850 1589.4
1142860 1589.4
1142870 1586.7
1142880 1583.7
1142890 1580.4
1142900 1580.4
1142910 1577.1
1142920 1574.1
1142930 1574.1
1142940 1571.2
1142950 1568.5
1142960 1568.5
1142970 1565.7
1142980 1562.9
1142990 1567.0
1143000 1564.7
1143010 1561.8
1143020 1561.8
1143030 1559.3
1143040 1557.0
1143050 1557.0
1143060 1554.6
1143070 1552.2
1143080 1552.2
1143090 1549.7
1143100 1546.8
1143110 1546.8
1143120 1544.2
1143130 1541.8
1143140 1539.3
1143150 1539.3
1143160 1536.8
1143170 1533.8
1143180 1533.8
1143190 1528.8
1143200 1522.9
1143210 1522.9
1143220 1520.8
1143230 1514.7
1143240 1514.7
1143250 1504.4
1143260 1502.1
1143270 1502.1
1143280 1506.8
1143290 1511.2
1143300 1511.2
1143310 1512.2
1143320 1510.1
1143330 1510.1
1143340 1506.7
1143350 1502.8
1143360 1508.5
1143370 1504.4
1143380 1495.9
1143390 1483.4
1143400 1483.4
1143410 1471.1
1143420 1459.9
1143430 1459.9
1143440 1447.5
1143450 1435.0
1143460 1435.0
1143470 1429.8
1143480 1429.6
1143490 1429.6
1143500 1430.0
1143510 1429.7
1143520 1429.7
1143530 1435.2
1143540 1448.7
1143550 1448.7
1143560 1455.8
1143570 1465.7
1143580 1465.7
1143590 1477.4
1143600 1488.8
1143610 1488.8
1143620 1497.1
1143630 1501.1
1143640 1501.1
1143650 1504.5
1143660 1506.8
1143670 1508.0
1143680 1508.0
1143690 1508.8
1143700 1509.4
1143710 1509.4
1143720 1509.8
1143730 1510.3
1143740 1514.5
1143750 1515.0
1143760 1515.5
1143770 1515.5
1143780 1513.5
1143790 1509.8
1143800 1509.8
1143810 1505.6
1143820 1501.8
1143830 1501.8
1143840 1499.0
1143850 1496.8
1143860 1496.8
1143870 1495.1
1143880 1493.5
1143890 1493.5
1143900 1492.3
1143910 1491.0
1143920 1489.0
1143930 1489.0
1143940 1487.5
1143950 1485.4
1143960 1485.4
1143970 1483.1
1143980 1480.4
1143990 1480.4
1144000 1477.6
1144010 1475.3
1144020 1475.3
1144030 1473.6
1144040 1472.3
1144050 1472.3
1144060 1472.3
1144070 1471.4
1144080 1471.4
1144090 1469.9
1144100 1469.2
1144110 1474.2
1144120 1472.4
1144130 1470.9
1144140 1470.9
1144150 1469.2
1144160 1467.2
1144170 1465.0
1144180 1465.0
1144190 1462.8
1144200 1460.7
1144210 1460.7
1144220 1458.8
1144230 1456.7
1144240 1456.7
1144250 1453.7
1144260 1450.3
1144270 1450.3
1144280 1445.3
1144290 1437.4
1144300 1437.4
1144310 1424.8
1144320 1414.1
1144330 1414.1
1144340 1408.0
1144350 1404.1
1144360 1404.1
1144370 1397.7
1144380 1391.6
1144390 1391.6
1144400 1385.1
1144410 1379.7
1144420 1379.7
1144430 1376.7
1144440 1376.7
1144450 1375.0
1144460 1375.0
1144470 1372.9
1144480 1383.0
1144490 1383.0
1144500 1386.7
1144510 1389.3
1144520 1389.3
1144530 1389.5
1144540 1388.4
1144550 1388.4
1144560 1386.9
1144570 1385.7
1144580 1385.7
1144590 1385.5
1144600 1385.7
1144610 1385.7
1144620 1385.7
1144630 1386.7
1144640 1386.7
1144650 1388.7
1144660 1389.7
1144670 1389.7
1144680 1390.6
1144690 1391.1
1144700 1392.5
1144710 1392.5
1144720 1393.0
1144730 1391.6
1144740 1391.6
1144750 1389.0
1144760 1385.9
1144770 1385.9
1144780 1384.6
1144790 1383.7
1144800 1383.7
1144810 1381.9
1144820 1380.5
1144830 1380.5
1144840 1378.3
1144850 1375.9
1144860 1381.1
1144870 1379.0
1144880 1376.1
1144890 1376.1
1144900 1373.1
1144910 1369.8
1144920 1369.8
1144930 1365.3
1144940 1361.1
1144950 1357.5
1144960 1357.5
1144970 1354.9
1144980 1351.8
1144990 1351.8
1145000 1350.1
1145010 1351.1
1145020 1351.1
1145030 1352.3
1145040 1351.5
1145050 1351.5
1145060 1348.7
1145070 1345.1
1145080 1345.1
1145090 1341.4
1145100 1339.1
1145110 1339.1
1145120 1336.7
1145130 1332.3
1145140 1332.3
1145150 1325.0
1145160 1314.8
1145170 1314.8
1145180 1304.6
1145190 1296.3
1145200 1296.3
1145210 1288.3
1145220 1282.2
1145230 1278.5
1145240 1278.5
1145250 1275.0
1145260 1271.6
1145270 1271.6
1145280 1266.6
1145290 1261.6
1145300 1261.6
1145310 1255.1
1145320 1248.1
1145330 1248.1
1145340 1243.1
1145350 1239.4
1145360 1239.4
1145370 1236.3
1145380 1233.4
1145390 1233.4
1145400 1230.5
1145410 1228.6
1145420 1228.6
1145430 1228.2
1145440 1228.5
1145450 1228.5
1145460 1228.7
1145470 1226.6
1145480 1222.6
1145490 1222.6
1145500 1218.2
1145510 1202.1
1145520 1202.1
1145530 1177.9
1145540 1151.0
1145550 1151.0
1145560 1142.7
1145570 1149.8
1145580 1149.8
1145590 1166.2
1145600 1180.5
1145610 1183.2
1145620 1196.3
1145630 1214.3
1145640 1214.3
1145650 1229.7
1145660 1240.7
1145670 1240.7
1145680 1249.2
1145690 1256.0
1145700 1256.0
1145710 1262.2
1145720 1269.0
1145730 1269.0
1145740 1276.6
1145750 1284.9
1145760 1292.2
1145770 1292.2
1145780 1298.7
1145790 1306.1
1145800 1306.1
1145810 1313.6
1145820 1320.5
1145830 1320.5
1145840 1327.3
1145850 1334.3
1145860 1334.3
1145870 1341.3
1145880 1349.1
1145890 1349.1
1145900 1357.9
1145910 1369.8
1145920 1369.8
1145930 1381.3
1145940 1387.6
1145950 1387.6
1145960 1390.8
1145970 1395.8
1145980 1404.1
1145990 1411.5
1146000 1418.7
1146010 1425.1
1146020 1425.1
1146030 1432.9
1146040 1437.6
1146050 1437.6
1146060 1442.5
1146070 1449.3
1146080 1449.3
1146090 1453.9
1146100 1459.0
1146110 1459.0
1146120 1466.7
1146130 1473.1
1146140 1473.1
1146150 1478.5
1146160 1483.6
1146170 1483.6
1146180 1487.4
1146190 1489.3
1146200 1489.3
1146210 1491.0
1146220 1494.1
1146230 1494.1
1146240 1498.0
1146250 1502.9
1146260 1508.3
1146270 1508.3
1146280 1514.2
1146290 1520.5
1146300 1520.5
1146310 1528.4
1146320 1537.7
1146330 1537.7
1146340 1546.6
1146350 1554.5
1146360 1556.7
1146370 1563.3
1146380 1569.9
1146390 1569.9
1146400 1576.7
1146410 1584.8
1146420 1584.8
1146430 1592.3
1146440 1598.7
1146450 1598.7
1146460 1605.0
1146470 1610.2
1146480 1610.2
1146490 1615.4
1146500 1620.4
1146510 1620.4
1146520 1624.4
1146530 1629.3
1146540 1634.1
1146550 1634.1
1146560 1638.3
1146570 1640.2
1146580 1640.2
1146590 1640.6
1146600 1643.0
1146610 1643.0
1146620 1646.2
1146630 1651.8
1146640 1651.8
1146650 1657.7
1146660 1664.1
1146670 1664.1
1146680 1671.0
1146690 1677.6
1146700 1677.6
1146710 1683.2
1146720 1688.9
1146730 1694.3
1146740 1697.2
1146750 1700.4
1146760 1700.4
1146770 1705.7
1146780 1709.4
1146790 1714.6
1146800 1714.6
1146810 1720.0
1146820 1722.7
1146830 1722.7
1146840 1725.1
1146850 1726.1
1146860 1726.1
1146870 1727.9
1146880 1730.4
1146890 1730.4
1146900 1733.8
1146910 1735.3
1146920 1735.3
1146930 1739.3
1146940 1750.0
1146950 1750.0
1146960 1756.9
1146970 1760.3
1146980 1760.3
1146990 1759.5
1147000 1758.1
1147010 1758.1
1147020 1763.6
1147030 1769.7
1147040 1771.3
1147050 1771.3
1147060 1774.3
1147070 1775.9
1147080 1775.9
1147090 1778.8
1147100 1786.0
1147110 1793.3
1147120 1797.6
1147130 1800.9
1147140 1800.9
1147150 1804.9
1147160 1807.7
1147170 1807.7
1147180 1810.7
1147190 1814.9
1147200 1814.9
1147210 1817.7
1147220 1821.2
1147230 1821.2
1147240 1824.4
1147250 1826.8
1147260 1826.8
1147270 1829.8
1147280 1832.7
1147290 1832.7
1147300 1835.0
1147310 1837.2
1147320 1839.7
1147330 1839.7
1147340 1841.3
1147350 1843.0
1147360 1843.0
1147370 1842.7
1147380 1841.1
1147390 1841.1
1147400 1838.7
1147410 1835.9
1147420 1835.9
1147430 1830.9
1147440 1826.2
1147450 1826.2
1147460 1821.1
1147470 1816.6
1147480 1816.6
1147490 1816.2
1147500 1811.7
1147510 1811.7
1147520 1808.2
1147530 1804.7
1147540 1804.7
1147550 1798.1
1147560 1789.9
1147570 1782.7
1147580 1782.7
1147590 1776.8
1147600 1770.1
1147610 1770.1
1147620 1765.6
1147630 1760.5
1147640 1760.5
1147650 1756.9
1147660 1752.8
1147670 1752.8
1147680 1750.0
1147690 1745.4
1147700 1745.4
1147710 1739.6
1147720 1733.1
1147730 1733.1
1147740 1724.0
1147750 1715.4
1147760 1715.4
1147770 1705.4
1147780 1695.1
1147790 1695.1
1147800 1686.8
1147810 1677.7
1147820 1669.5
1147830 1669.5
1147840 1665.2
1147850 1659.4
1147860 1659.4
1147870 1659.3
1147880 1649.3
1147890 1649.3
1147900 1641.5
1147910 1639.0
1147920 1639.0
1147930 1633.6
1147940 1628.7
1147950 1628.7
1147960 1625.5
1147970 1622.8
1147980 1622.8
1147990 1623.1
1148000 1621.6
1148010 1621.6
1148020 1621.8
1148030 1619.7
1148040 1619.7
1148050 1617.0
1148060 1616.0
1148070 1616.0
1148080 1615.3
1148090 1612.6
1148100 1609.2
1148110 1609.2
1148120 1606.4
1148130 1601.9
1148140 1601.9
1148150 1593.3
1148160 1590.9
1148170 1590.9
1148180 1591.4
1148190 1594.2
1148200 1594.2
1148210 1600.2
1148220 1606.6
1148230 1606.6
1148240 1613.5
1148250 1620.1
1148260 1620.1
1148270 1626.2
1148280 1632.4
1148290 1632.4
1148300 1639.3
1148310 1645.8
1148320 1645.8
1148330 1652.1
1148340 1658.5
1148350 1665.0
1148360 1665.0
1148370 1671.2
1148380 1677.1
1148390 1677.1
1148400 1683.2
1148410 1688.9
1148420 1688.9
1148430 1695.4
1148440 1703.1
1148450 1703.1
1148460 1710.3
1148470 1720.7
1148480 1720.7
1148490 1732.6
1148500 1750.7
1148510 1750.7
1148520 1768.3
1148530 1777.9
1148540 1777.9
1148550 1788.3
1148560 1804.1
1148570 1804.1
1148580 1820.3
1148590 1832.1
1148600 1838.2
1148610 1838.2
1148620 1831.1
1148630 1837.5
1148640 1837.5
1148650 1844.5
1148660 1845.9
1148670 1845.9
1148680 1851.3
1148690 1855.1
1148700 1855.1
1148710 1855.4
1148720 1860.6
1148730 1860.6
1148740 1863.1
1148750 1864.1
1148760 1864.1
1148770 1866.7
1148780 1872.6
1148790 1872.6
1148800 1883.7
1148810 1904.5
1148820 1904.5
1148830 1926.4
1148840 1940.4
1148850 1940.4
1148860 1945.3
1148870 1948.9
1148880 1954.3
1148890 1954.3
1148900 1966.4
1148910 1979.8
1148920 1979.8
1148930 1991.6
1148940 2003.4
1148950 2003.4
1148960 2017.9
1148970 2032.1
1148980 2032.1
1148990 2041.7
1149000 2052.7
1149010 2052.7
1149020 2061.6
1149030 2069.3
1149040 2069.3
1149050 2074.3
1149060 2076.3
1149070 2076.3
1149080 2080.4
1149090 2085.6
1149100 2085.6
1149110 2090.9
1149120 2097.0
1149130 2104.7
1149140 2104.7
1149150 2114.0
1149160 2122.7
1149170 2122.7
1149180 2131.5
1149190 2139.9
1149200 2139.9
1149210 2148.2
1149220 2156.3
1149230 2156.3
1149240 2166.8
1149250 2174.6
1149260 2174.6
1149270 2185.2
1149280 2197.2
1149290 2197.2
1149300 2203.5
1149310 2210.3
1149320 2210.3
1149330 2218.8
1149340 2224.7
1149350 2224.7
1149360 2228.6
1149370 2232.0
1149380 2236.9
1149390 2240.3
1149400 2242.4
1149410 2244.2
1149420 2244.2
1149430 2246.7
1149440 2248.0
1149450 2248.0
1149460 2248.8
1149470 2250.7
1149480 2250.7
1149490 2251.3
1149500 2250.5
1149510 2250.5
1149520 2249.8
1149530 2252.2
1149540 2252.2
1149550 2254.8
1149560 2256.6
1149570 2256.6
1149580 2257.5
1149590 2256.8
1149600 2256.8
1149610 2256.7
1149620 2255.1
1149630 2255.1
1149640 2252.7
1149650 2250.9
1149660 2249.0
1149670 2249.0
1149680 2250.1
1149690 2244.3
1149700 2244.3
1149710 2241.9
1149720 2244.3
1149730 2244.3
1149740 2242.7
1149750 2236.2
1149760 2244.4
1149770 2236.7
1149780 2231.9
1149790 2231.9
1149800 2226.5
1149810 2220.1
1149820 2220.1
1149830 2207.3
1149840 2192.9
1149850 2192.9
1149860 2178.3
1149870 2166.2
1149880 2166.2
1149890 2152.5
1149900 2141.1
1149910 2132.2
1149920 2132.2
1149930 2122.5
1149940 2113.8
1149950 2113.8
1149960 2104.0
1149970 2093.3
1149980 2093.3
1149990 2086.1
1150000 2081.1
1150010 2081.1
1150020 2075.8
1150030 2064.9
1150040 2064.9
1150050 2055.8
1150060 2047.7
1150070 2047.7
1150080 2041.0
1150090 2034.9
1150100 2034.9
1150110 2028.5
1150120 2023.0
1150130 2023.0
1150140 2010.5
1150150 2003.4
1150160 2003.4
1150170 1996.2
1150180 1989.0
1150190 1982.0
1150200 1982.0
1150210 1975.6
1150220 1969.2
1150230 1969.2
1150240 1962.7
1150250 1956.6
1150260 1956.6
1150270 1950.6
1150280 1944.2
1150290 1944.2
1150300 1937.0
1150310 1930.4
1150320 1930.4
1150330 1926.8
1150340 1924.4
1150350 1924.4
1150360 1920.6
1150370 1915.9
1150380 1915.9
1150390 1911.6
1150400 1907.8
1150410 1907.8
1150420 1904.8
1150430 1903.3
1150440 1903.2
1150450 1903.2
1150460 1902.9
1150470 1899.2
1150480 1899.2
1150490 1899.1
1150500 1903.3
1150510 1903.3
1150520 1910.2
1150530 1908.8
1150540 1908.8
1150550 1908.5
1150560 1908.5
1150570 1908.5
1150580 1906.0
1150590 1902.6
1150600 1902.6
1150610 1900.1
1150620 1898.7
1150630 1898.7
1150640 1896.5
1150650 1900.4
1150660 1900.4
1150670 1902.5
1150680 1905.7
1150690 1910.5
1150700 1910.5
1150710 1915.7
1150720 1920.7
1150730 1920.7
1150740 1925.5
1150750 1930.1
1150760 1930.1
1150770 1934.7
1150780 1937.8
1150790 1937.8
1150800 1942.9
1150810 1945.5
1150820 1945.5
1150830 1948.4
1150840 1953.4
1150850 1953.4
1150860 1961.1
1150870 1970.1
1150880 1970.1
1150890 1979.3
1150900 1996.4
1150910 1996.4
1150920 2005.9
1150930 2015.1
1150940 2015.1
1150950 2024.5
1150960 2033.7
1150970 2042.7
1150980 2042.7
1150990 2051.5
1151000 2059.8
1151010 2059.8
1151020 2067.8
1151030 2076.4
1151040 2076.4
1151050 2085.2
1151060 2094.6
1151070 2094.6
1151080 2103.7
1151090 2112.8
1151100 2112.8
1151110 2121.9
1151120 2130.4
1151130 2130.4
1151140 2138.3
1151150 2145.0
1151160 2145.0
1151170 2152.5
1151180 2161.5
1151190 2161.5
1151200 2170.7
1151210 2181.3
1151220 2191.8
1151230 2191.8
1151240 2200.8
1151250 2210.6
1151260 2210.6
1151270 2221.4
1151280 2239.5
1151290 2239.5
1151300 2254.3
1151310 2270.5
1151320 2270.5
1151330 2286.8
1151340 2296.9
1151350 2296.9
1151360 2299.8
1151370 2304.6
1151380 2304.6
1151390 2310.9
1151400 2316.7
1151410 2316.7
1151420 2322.2
1151430 2329.1
1151440 2329.1
1151450 2337.9
1151460 2346.3
1151470 2354.1
1151480 2354.1
1151490 2358.9
1151500 2358.1
1151510 2358.1
1151520 2356.8
1151530 2356.4
1151540 2356.4
1151550 2355.9
1151560 2355.1
1151570 2355.1
1151580 2354.9
1151590 2356.2
1151600 2356.2
1151610 2356.6
1151620 2353.4
1151630 2353.4
1151640 2356.3
1151650 2358.4
1151660 2358.4
1151670 2348.5
1151680 2347.5
1151690 2347.5
1151700 2345.8
1151710 2345.4
1151720 2345.4
1151730 2346.3
1151740 2344.7
1151750 2342.5
1151760 2342.5
1151770 2339.1
1151780 2333.6
1151790 2333.6
1151800 2330.2
1151810 2329.3
1151820 2329.3
1151830 2328.8
1151840 2328.4
1151850 2328.4
1151860 2328.0
1151870 2327.7
1151880 2327.7
1151890 2325.6
1151900 2321.3
1151910 2321.3
1151920 2317.3
1151930 2312.4
1151940 2312.4
1151950 2306.4
1151960 2302.3
1151970 2302.3
1151980 2302.4
1151990 2303.0
1152000 2302.0
1152010 2302.0
1152020 2300.5
1152030 2298.0
1152040 2298.0
1152050 2286.2
1152060 2276.1
1152070 2276.1
1152080 2266.6
1152090 2257.6
1152100 2257.6
1152110 2247.8
1152120 2238.8
1152130 2238.8
1152140 2230.4
1152150 2222.9
1152160 2222.9
1152170 2214.7
1152180 2205.2
1152190 2205.2
1152200 2193.6
1152210 2178.0
1152220 2178.0
1152230 2166.9
1152240 2155.6
1152250 2144.4
1152260 2144.4
1152270 2131.5
1152280 2119.1
1152290 2119.1
1152300 2108.1
1152310 2094.2
1152320 2094.2
1152330 2082.4
1152340 2076.0
1152350 2076.0
1152360 2067.9
1152370 2060.7
1152380 2060.7
1152390 2052.1
1152400 2043.0
1152410 2043.0
1152420 2032.9
1152430 2030.6
1152440 2030.6
1152450 2021.6
1152460 2013.2
1152470 2013.2
1152480 2002.6
1152490 1989.0
1152500 1989.0
1152510 1977.7
1152520 1969.5
1152530 1961.5
1152540 1961.5
1152550 1953.4
1152560 1945.5
1152570 1945.5
1152580 1935.7
1152590 1924.4
1152600 1924.4
1152610 1913.6
1152620 1903.1
1152630 1903.1
1152640 1894.2
1152650 1885.0
1152660 1885.0
1152670 1877.0
1152680 1869.2
1152690 1869.2
1152700 1859.5
1152710 1839.6
1152720 1839.6
1152730 1816.8
1152740 1799.1
1152750 1799.1
1152760 1787.8
1152770 1778.1
1152780 1769.7
1152790 1769.7
1152800 1762.4
1152810 1772.1
1152820 1772.1
1152830 1769.7
1152840 1767.4
1152850 1767.4
1152860 1763.8
1152870 1762.8
1152880 1762.8
1152890 1756.2
1152900 1746.6
1152910 1746.6
1152920 1737.0
1152930 1727.9
1152940 1727.9
1152950 1718.9
1152960 1709.5
1152970 1709.5
1152980 1698.3
1152990 1685.6
1153000 1685.6
1153010 1668.7
1153020 1651.1
1153030 1636.4
1153040 1636.4
1153050 1620.3
1153060 1610.2
1153070 1610.2
1153080 1605.3
1153090 1600.9
1153100 1600.9
1153110 1596.2
1153120 1591.7
1153130 1591.7
1153140 1590.1
1153150 1589.4
1153160 1589.4
1153170 1586.3
1153180 1580.8
1153190 1580.8
1153200 1574.9
1153210 1568.4
1153220 1568.4
1153230 1561.5
1153240 1553.5
1153250 1553.5
1153260 1545.4
1153270 1539.5
1153280 1539.5
1153290 1535.7
1153300 1531.6
1153310 1527.1
1153320 1527.1
1153330 1522.8
1153340 1518.3
1153350 1518.3
1153360 1513.8
1153370 1509.4
1153380 1509.4
1153390 1505.3
1153400 1501.1
1153410 1501.1
1153420 1496.8
1153430 1492.9
1153440 1492.9
1153450 1489.0
1153460 1485.1
1153470 1485.1
1153480 1481.4
1153490 1477.9
1153500 1477.9
1153510 1474.4
1153520 1471.1
1153530 1471.1
1153540 1467.8
1153550 1464.6
1153560 1460.8
1153570 1460.8
1153580 1453.9
1153590 1445.8
1153600 1445.8
1153610 1438.1
1153620 1430.7
1153630 1430.7
1153640 1422.7
1153650 1414.9
1153660 1414.9
1153670 1407.9
1153680 1405.9
1153690 1405.9
1153700 1405.8
1153710 1409.0
1153720 1409.0
1153730 1415.7
1153740 1422.9
1153750 1422.9
1153760 1427.4
1153770 1430.3
1153780 1430.3
1153790 1433.0
1153800 1435.8
1153810 1438.7
1153820 1438.7
1153830 1441.9
1153840 1445.3
1153850 1445.3
1153860 1448.1
1153870 1451.0
1153880 1451.0
1153890 1454.2
1153900 1457.0
1153910 1457.0
1153920 1460.1
1153930 1463.4
1153940 1463.4
1153950 1465.9
1153960 1468.8
1153970 1470.9
1153980 1473.3
1153990 1476.7
1154000 1476.7
1154010 1481.1
1154020 1485.3
1154030 1485.3
1154040 1489.0
1154050 1492.3
1154060 1492.3
1154070 1495.3
1154080 1496.5
1154090 1498.9
1154100 1498.9
1154110 1504.1
1154120 1509.9
1154130 1509.9
1154140 1517.7
1154150 1526.0
1154160 1526.0
1154170 1534.0
1154180 1540.2
1154190 1540.2
1154200 1544.0
1154210 1545.8
1154220 1545.8
1154230 1547.5
1154240 1550.8
1154250 1550.8
1154260 1555.4
1154270 1560.7
1154280 1560.7
1154290 1566.8
1154300 1573.9
1154310 1573.9
1154320 1581.6
1154330 1589.0
1154340 1597.0
1154350 1598.6
1154360 1606.8
1154370 1615.9
1154380 1615.9
1154390 1625.6
1154400 1635.5
1154410 1635.5
1154420 1645.5
1154430 1656.9
1154440 1656.9
1154450 1670.1
1154460 1683.6
1154470 1683.6
1154480 1694.0
1154490 1701.0
1154500 1701.0
1154510 1707.7
1154520 1713.9
1154530 1713.9
1154540 1720.0
1154550 1725.3
1154560 1725.3
1154570 1730.4
1154580 1734.9
1154590 1739.3
1154600 1739.3
1154610 1744.2
1154620 1748.9
1154630 1748.9
1154640 1753.5
1154650 1758.6
1154660 1758.6
1154670 1764.2
1154680 1770.0
1154690 1770.0
1154700 1776.0
1154710 1782.2
1154720 1782.2
1154730 1788.3
1154740 1797.2
1154750 1797.2
1154760 1799.5
1154770 1800.7
1154780 1800.7
1154790 1804.4
1154800 1808.2
1154810 1808.2
1154820 1812.4
1154830 1817.7
1154840 1817.7
1154850 1822.8
1154860 1825.4
1154870 1827.7
1154880 1827.7
1154890 1831.1
1154900 1835.4
1154910 1835.4
1154920 1839.3
1154930 1843.1
1154940 1843.1
1154950 1847.4
1154960 1852.0
1154970 1852.0
1154980 1857.8
1154990 1863.8
1155000 1863.8
1155010 1867.6
1155020 1871.3
1155030 1871.3
1155040 1875.3
1155050 1879.0
1155060 1879.0
1155070 1883.0
1155080 1888.1
1155090 1888.1
1155100 1892.9
1155110 1897.2
1155120 1908.1
1155130 1908.1
1155140 1917.6
1155150 1925.4
1155160 1925.4
1155170 1932.5
1155180 1939.6
1155190 1939.6
1155200 1945.6
1155210 1951.3
1155220 1951.3
1155230 1957.7
1155240 1964.2
1155250 1964.2
1155260 1970.4
1155270 1976.5
1155280 1976.5
1155290 1983.0
1155300 1989.7
1155310 1989.7
1155320 1997.0
1155330 2004.8
1155340 2004.8
1155350 2012.5
1155360 2019.1
1155370 2019.1
1155380 2025.8
1155390 2032.5
1155400 2038.6
1155410 2038.6
1155420 2045.3
1155430 2052.3
1155440 2052.3
1155450 2059.2
1155460 2066.5
1155470 2066.5
1155480 2073.5
1155490 2080.3
1155500 2080.3
1155510 2089.7
1155520 2096.7
1155530 2096.7
1155540 2104.0
1155550 2111.5
1155560 2111.5
1155570 2119.3
1155580 2126.8
1155590 2126.8
1155600 2133.7
1155610 2140.8
1155620 2140.8
1155630 2148.3
1155640 2156.4
1155650 2165.1
1155660 2165.1
1155670 2174.6
1155680 2184.6
1155690 2184.6
1155700 2194.1
1155710 2202.8
1155720 2202.8
1155730 2211.1
1155740 2217.7
1155750 2217.7
1155760 2216.8
1155770 2209.4
1155780 2209.4
1155790 2200.9
1155800 2192.7
1155810 2192.7
1155820 2186.1
1155830 2182.6
1155840 2182.6
1155850 2179.3
1155860 2173.1
1155870 2173.1
1155880 2163.4
1155890 2150.7
1155900 2136.8
1155910 2136.8
1155920 2130.0
1155930 2120.6
1155940 2120.6
1155950 2112.9
1155960 2105.2
1155970 2105.2
1155980 2105.0
1155990 2102.5
1156000 2102.5
1156010 2097.0
1156020 2091.1
1156030 2091.1
1156040 2086.8
1156050 2080.1
1156060 2080.1
1156070 2074.2
1156080 2069.3
1156090 2069.3
1156100 2062.1
1156110 2054.8
1156120 2054.8
1156130 2046.3
1156140 2039.1
1156150 2039.1
1156160 2033.2
1156170 2027.5
1156180 2021.9
1156190 2021.9
1156200 2015.6
1156210 2006.4
1156220 2006.4
1156230 2000.9
1156240 2000.2
1156250 2000.2
1156260 1995.6
1156270 1989.1
1156280 1982.4
1156290 1978.3
1156300 1976.3
1156310 1976.3
1156320 1974.7
1156330 1970.7
1156340 1970.7
1156350 1964.4
1156360 1952.6
1156370 1952.6
1156380 1940.5
1156390 1932.3
1156400 1932.3
1156410 1931.0
1156420 1937.4
1156430 1941.3
1156440 1941.3
1156450 1933.8
1156460 1930.8
1156470 1930.8
1156480 1933.1
1156490 1927.1
1156500 1927.1
1156510 1919.5
1156520 1913.1
1156530 1913.1
1156540 1910.1
1156550 1907.8
1156560 1907.8
1156570 1901.4
1156580 1891.3
1156590 1891.3
1156600 1881.7
1156610 1873.8
1156620 1873.8
1156630 1866.0
1156640 1863.9
1156650 1863.9
1156660 1869.1
1156670 1857.9
1156680 1850.8
1156690 1850.8
1156700 1845.1
1156710 1838.4
1156720 1838.4
1156730 1828.6
1156740 1819.1
1156750 1819.1
1156760 1804.5
1156770 1798.3
1156780 1798.3
1156790 1814.5
1156800 1810.1
1156810 1810.1
1156820 1799.9
1156830 1788.9
1156840 1788.9
1156850 1774.6
1156860 1757.3
1156870 1757.3
1156880 1743.4
1156890 1730.8
1156900 1730.8
1156910 1719.0
1156920 1702.3
1156930 1702.3
1156940 1673.2
1156950 1649.1
1156960 1638.9
1156970 1638.9
1156980 1631.9
1156990 1624.8
1157000 1624.8
1157010 1615.8
1157020 1606.5
1157030 1606.5
1157040 1598.5
1157050 1591.5
1157060 1588.1
1157070 1581.2
1157080 1574.9
1157090 1574.9
1157100 1569.4
1157110 1563.8
1157120 1563.8
1157130 1558.1
1157140 1551.7
1157150 1551.7
1157160 1545.2
1157170 1539.2
1157180 1539.2
1157190 1532.4
1157200 1525.5
1157210 1518.4
1157220 1518.4
1157230 1512.0
1157240 1506.4
1157250 1506.4
1157260 1501.3
1157270 1495.9
1157280 1495.9
1157290 1489.9
1157300 1484.0
1157310 1484.0
1157320 1478.2
1157330 1472.6
1157340 1472.6
1157350 1467.5
1157360 1462.5
1157370 1462.5
1157380 1457.5
1157390 1453.2
1157400 1453.2
1157410 1449.6
1157420 1446.7
1157430 1446.7
1157440 1444.0
1157450 1439.1
1157460 1437.2
1157470 1437.2
1157480 1435.2
1157490 1433.1
1157500 1433.1
1157510 1429.7
1157520 1426.9
1157530 1426.9
1157540 1424.1
1157550 1420.0
1157560 1420.0
1157570 1415.3
1157580 1410.8
1157590 1410.8
1157600 1409.1
1157610 1408.3
1157620 1408.3
1157630 1405.6
1157640 1401.0
1157650 1401.0
1157660 1399.0
1157670 1398.8
1157680 1398.8
1157690 1400.3
1157700 1404.4
1157710 1404.4
1157720 1407.5
1157730 1410.4
1157740 1412.7
1157750 1412.7
1157760 1413.7
1157770 1415.3
1157780 1415.3
1157790 1418.5
1157800 1422.6
1157810 1422.6
1157820 1425.3
1157830 1427.2
1157840 1434.7
1157850 1438.9
1157860 1444.6
1157870 1444.6
1157880 1450.6
1157890 1457.2
1157900 1457.2
1157910 1462.3
1157920 1471.0
1157930 1471.0
1157940 1474.7
1157950 1478.0
1157960 1478.0
1157970 1483.7
1157980 1487.2
1157990 1491.9
1158000 1491.9
1158010 1496.6
1158020 1500.1
1158030 1500.1
1158040 1504.5
1158050 1511.5
1158060 1511.5
1158070 1516.3
1158080 1518.0
1158090 1518.0
1158100 1518.1
1158110 1514.8
1158120 1514.8
1158130 1512.1
1158140 1511.5
1158150 1511.5
1158160 1505.9
1158170 1499.0
1158180 1499.0
1158190 1495.7
1158200 1503.5
1158210 1503.5
1158220 1519.5
1158230 1536.2
1158240 1568.2
1158250 1568.2
1158260 1593.5
1158270 1602.4
1158280 1602.4
1158290 1606.3
1158300 1605.3
1158310 1605.3
1158320 1609.5
1158330 1615.0
1158340 1615.0
1158350 1615.7
1158360 1615.3
1158370 1615.3
1158380 1620.9
1158390 1626.7
1158400 1626.7
1158410 1629.6
1158420 1628.3
1158430 1628.3
1158440 1628.3
1158450 1633.9
1158460 1633.9
1158470 1637.4
1158480 1633.5
1158490 1633.5
1158500 1633.8
1158510 1641.2
1158520 1647.0
1158530 1647.0
1158540 1649.0
1158550 1652.7
1158560 1652.7
1158570 1658.1
1158580 1661.0
1158590 1661.0
1158600 1663.3
1158610 1666.7
1158620 1671.6
1158630 1672.2
1158640 1671.2
1158650 1671.2
1158660 1673.8
1158670 1676.9
1158680 1676.9
1158690 1678.6
1158700 1678.6
1158710 1678.6
1158720 1677.4
1158730 1676.5
1158740 1676.5
1158750 1674.9
1158760 1673.2
1158770 1670.5
1158780 1670.5
1158790 1666.0
1158800 1660.7
1158810 1660.7
1158820 1656.5
1158830 1654.6
1158840 1654.6
1158850 1652.8
1158860 1650.2
1158870 1650.2
1158880 1646.1
1158890 1640.5
1158900 1640.5
1158910 1634.5
1158920 1628.7
1158930 1628.7
1158940 1621.9
1158950 1614.4
1158960 1614.4
1158970 1610.6
1158980 1606.8
1158990 1606.8
1159000 1598.6
1159010 1600.2
1159020 1597.5
1159030 1597.5
1159040 1603.0
1159050 1611.8
1159060 1611.8
1159070 1619.2
1159080 1626.7
1159090 1626.7
1159100 1632.6
1159110 1637.8
1159120 1637.8
1159130 1642.5
1159140 1643.0
1159150 1643.0
1159160 1640.3
1159170 1637.3
1159180 1637.3
1159190 1634.0
1159200 1630.5
1159210 1630.5
1159220 1627.7
1159230 1625.5
1159240 1625.5
1159250 1624.1
1159260 1623.6
1159270 1623.6
1159280 1627.3
1159290 1631.5
1159300 1635.0
1159310 1635.0
1159320 1637.4
1159330 1638.2
1159340 1638.2
1159350 1639.1
1159360 1640.2
1159370 1640.2
1159380 1641.2
1159390 1642.2
1159400 1649.8
1159410 1650.1
1159420 1650.3
1159430 1650.3
1159440 1650.0
1159450 1649.8
1159460 1649.8
1159470 1649.6
1159480 1648.3
1159490 1648.3
1159500 1646.0
1159510 1644.0
1159520 1644.0
1159530 1642.2
1159540 1639.3
1159550 1637.2
1159560 1637.2
1159570 1636.6
1159580 1634.7
1159590 1634.7
1159600 1629.5
1159610 1623.8
1159620 1623.8
1159630 1618.7
1159640 1616.0
1159650 1616.0
1159660 1614.3
1159670 1614.0
1159680 1614.0
1159690 1614.4
1159700 1615.8
1159710 1615.8
1159720 1616.8
1159730 1616.8
1159740 1616.8
1159750 1615.2
1159760 1611.9
1159770 1611.9
1159780 1607.7
1159790 1611.0
1159800 1606.6
1159810 1606.6
1159820 1599.7
1159830 1593.2
1159840 1593.2
1159850 1587.3
1159860 1584.3
1159870 1584.3
1159880 1580.8
1159890 1577.7
1159900 1577.7
1159910 1574.2
1159920 1570.6
1159930 1570.6
1159940 1566.1
1159950 1561.0
1159960 1561.0
1159970 1556.0
1159980 1552.4
1159990 1552.4
