1140000 1747.9
1140010 1747.9
1140020 1745.9
1140030 1740.5
1140040 1740.5
1140050 1738.9
1140060 1749.7
1140070 1749.7
1140080 1753.5
1140090 1754.5
1140100 1754.5
1140110 1751.9
1140120 1750.4
1140130 1750.4
1140140 1750.5
1140150 1749.0
1140160 1749.0
1140170 1752.3
1140180 1762.4
1140190 1762.4
1140200 1764.1
1140210 1765.1
1140220 1765.2
1140230 1765.2
1140240 1764.9
1140250 1765.0
1140260 1765.0
1140270 1765.0
1140280 1764.4
1140290 1764.4
1140300 1764.4
1140310 1765.3
1140320 1765.3
1140330 1766.8
1140340 1769.1
1140350 1769.1
1140360 1771.9
1140370 1774.6
1140380 1774.6
1140390 1777.5
1140400 1781.7
1140410 1781.7
1140420 1786.0
1140430 1790.7
1140440 1790.7
1140450 1795.0
1140460 1797.4
1140470 1797.4
1140480 1798.2
1140490 1798.6
1140500 1798.9
1140510 1798.9
1140520 1798.9
1140530 1798.7
1140540 1798.7
1140550 1802.7
1140560 1800.2
1140570 1800.2
1140580 1796.5
1140590 1790.9
1140600 1790.9
1140610 1784.6
1140620 1778.0
1140630 1778.0
1140640 1771.8
1140650 1766.0
1140660 1766.0
1140670 1758.8
1140680 1751.0
1140690 1751.0
1140700 1743.7
1140710 1739.1
1140720 1739.1
1140730 1735.4
1140740 1731.2
1140750 1725.2
1140760 1725.2
1140770 1718.9
1140780 1712.1
1140790 1712.1
1140800 1706.3
1140810 1701.4
1140820 1701.4
1140830 1696.5
1140840 1690.1
1140850 1690.1
1140860 1679.4
1140870 1667.9
1140880 1667.9
1140890 1656.9
1140900 1646.6
1140910 1646.6
1140920 1644.0
1140930 1640.2
1140940 1640.2
1140950 1635.3
1140960 1629.5
1140970 1629.5
1140980 1622.6
1140990 1613.8
1141000 1603.8
1141010 1603.8
1141020 1592.9
1141030 1582.3
1141040 1582.3
1141050 1572.2
1141060 1562.2
1141070 1562.2
1141080 1552.5
1141090 1545.5
1141100 1545.5
1141110 1539.4
1141120 1532.6
1141130 1532.6
1141140 1526.8
1141150 1520.7
1141160 1520.7
1141170 1514.2
1141180 1508.3
1141190 1508.3
1141200 1502.5
1141210 1497.3
1141220 1497.3
1141230 1492.6
1141240 1487.9
1141250 1487.9
1141260 1484.4
1141270 1480.1
1141280 1475.2
1141290 1474.0
1141300 1467.7
1141310 1461.7
1141320 1461.7
1141330 1455.5
1141340 1449.3
1141350 1449.3
1141360 1442.6
1141370 1434.8
1141380 1434.8
1141390 1425.9
1141400 1416.9
1141410 1416.9
1141420 1408.2
1141430 1399.9
1141440 1399.9
1141450 1391.5
1141460 1381.1
1141470 1381.1
1141480 1369.6
1141490 1358.2
1141500 1358.2
1141510 1348.5
1141520 1340.0
1141530 1332.1
1141540 1332.1
1141550 1320.7
1141560 1308.2
1141570 1308.2
1141580 1297.5
1141590 1302.9
1141600 1302.9
1141610 1319.0
1141620 1330.8
1141630 1330.8
1141640 1339.6
1141650 1349.6
1141660 1356.1
1141670 1365.7
1141680 1374.8
1141690 1374.8
1141700 1383.7
1141710 1392.7
1141720 1392.7
1141730 1400.9
1141740 1408.2
1141750 1408.2
1141760 1414.7
1141770 1424.2
1141780 1432.3
1141790 1432.3
1141800 1440.3
1141810 1448.3
1141820 1448.3
1141830 1457.5
1141840 1467.8
1141850 1467.8
1141860 1475.5
1141870 1482.1
1141880 1482.1
1141890 1489.5
1141900 1498.5
1141910 1498.5
1141920 1508.2
1141930 1517.8
1141940 1517.8
1141950 1527.2
1141960 1537.9
1141970 1537.9
1141980 1547.5
1141990 1558.8
1142000 1558.8
1142010 1573.4
1142020 1582.5
1142030 1580.4
1142040 1587.4
1142050 1593.3
1142060 1598.4
1142070 1598.4
1142080 1604.1
1142090 1610.4
1142100 1610.4
1142110 1617.0
1142120 1623.3
1142130 1623.3
1142140 1630.7
1142150 1638.0
1142160 1638.0
1142170 1645.2
1142180 1652.4
1142190 1652.4
1142200 1659.8
1142210 1668.1
1142220 1668.1
1142230 1676.4
1142240 1684.5
1142250 1684.5
1142260 1692.3
1142270 1699.7
1142280 1699.7
1142290 1707.0
1142300 1714.7
1142310 1722.8
1142320 1722.8
1142330 1731.0
1142340 1739.4
1142350 1739.4
1142360 1749.2
1142370 1755.1
1142380 1755.1
1142390 1757.8
1142400 1766.2
1142410 1766.2
1142420 1764.7
1142430 1763.9
1142440 1763.9
1142450 1762.4
1142460 1758.8
1142470 1758.8
1142480 1755.4
1142490 1751.7
1142500 1751.7
1142510 1748.0
1142520 1745.0
1142530 1745.0
1142540 1741.6
1142550 1737.7
1142560 1737.7
1142570 1734.2
1142580 1731.0
1142590 1726.6
1142600 1726.6
1142610 1722.2
1142620 1717.8
1142630 1717.8
1142640 1713.6
1142650 1709.7
1142660 1709.7
1142670 1705.9
1142680 1702.6
1142690 1702.6
1142700 1698.1
1142710 1693.5
1142720 1693.5
1142730 1689.5
1142740 1686.0
1142750 1686.0
1142760 1683.4
1142770 1685.8
1142780 1685.8
1142790 1682.9
1142800 1680.1
1142810 1680.1
1142820 1677.2
1142830 1674.5
1142840 1672.2
1142850 1672.2
1142860 1668.8
1142870 1666.1
1142880 1666.1
1142890 1663.5
1142900 1660.6
1142910 1660.6
1142920 1657.1
1142930 1653.3
1142940 1653.3
1142950 1649.1
1142960 1644.6
1142970 1644.6
1142980 1638.2
1142990 1633.0
1143000 1633.0
1143010 1629.3
1143020 1627.2
1143030 1627.2
1143040 1625.6
1143050 1624.0
1143060 1624.0
1143070 1622.0
1143080 1619.9
1143090 1617.8
1143100 1617.8
1143110 1615.6
1143120 1613.9
1143130 1613.9
1143140 1611.9
1143150 1614.1
1143160 1614.1
1143170 1610.5
1143180 1608.4
1143190 1608.4
1143200 1606.1
1143210 1603.8
1143220 1603.8
1143230 1601.6
1143240 1599.3
1143250 1599.3
1143260 1596.9
1143270 1594.6
1143280 1594.6
1143290 1592.1
1143300 1589.5
1143310 1589.5
1143320 1587.2
1143330 1584.7
1143340 1584.7
1143350 1581.3
1143360 1575.7
1143370 1568.7
1143380 1568.7
1143390 1559.1
1143400 1548.2
1143410 1548.2
1143420 1535.9
1143430 1526.8
1143440 1526.8
1143450 1527.9
1143460 1533.3
1143470 1533.3
1143480 1541.0
1143490 1549.6
1143500 1549.6
1143510 1552.0
1143520 1559.3
1143530 1559.3
1143540 1561.7
1143550 1562.5
1143560 1562.5
1143570 1562.5
1143580 1562.1
1143590 1562.1
1143600 1561.9
1143610 1562.0
1143620 1561.8
1143630 1561.8
1143640 1561.4
1143650 1561.0
1143660 1561.0
1143670 1561.0
1143680 1561.0
1143690 1561.0
1143700 1561.0
1143710 1560.8
1143720 1560.8
1143730 1560.4
1143740 1560.0
1143750 1560.0
1143760 1559.6
1143770 1559.2
1143780 1559.2
1143790 1559.3
1143800 1559.2
1143810 1559.2
1143820 1558.6
1143830 1557.6
1143840 1557.6
1143850 1556.4
1143860 1554.6
1143870 1552.6
1143880 1552.6
1143890 1553.4
1143900 1551.6
1143910 1551.6
1143920 1549.6
1143930 1547.4
1143940 1547.4
1143950 1545.1
1143960 1542.5
1143970 1542.5
1143980 1539.5
1143990 1537.1
1144000 1537.1
1144010 1535.0
1144020 1532.9
1144030 1532.9
1144040 1530.7
1144050 1528.6
1144060 1528.6
1144070 1526.4
1144080 1524.4
1144090 1524.4
1144100 1522.3
1144110 1519.9
1144120 1519.9
1144130 1517.5
1144140 1515.1
1144150 1512.8
1144160 1512.8
1144170 1510.6
1144180 1508.2
1144190 1508.2
1144200 1505.5
1144210 1502.5
1144220 1502.5
1144230 1499.2
1144240 1496.0
1144250 1496.0
1144260 1493.1
1144270 1490.6
1144280 1490.6
1144290 1487.9
1144300 1485.1
1144310 1485.1
1144320 1482.3
1144330 1479.4
1144340 1479.4
1144350 1476.3
1144360 1473.2
1144370 1473.2
1144380 1469.8
1144390 1466.4
1144400 1463.1
1144410 1463.1
1144420 1459.9
1144430 1456.5
1144440 1456.5
1144450 1453.1
1144460 1449.9
1144470 1449.9
1144480 1447.1
1144490 1444.5
1144500 1444.5
1144510 1441.6
1144520 1438.5
1144530 1438.5
1144540 1435.4
1144550 1431.8
1144560 1431.8
1144570 1428.2
1144580 1424.8
1144590 1424.8
1144600 1421.6
1144610 1418.2
1144620 1418.2
1144630 1414.8
1144640 1412.4
1144650 1410.1
1144660 1410.1
1144670 1407.7
1144680 1405.6
1144690 1405.6
1144700 1403.4
1144710 1401.4
1144720 1401.4
1144730 1399.3
1144740 1397.3
1144750 1397.3
1144760 1395.7
1144770 1394.5
1144780 1394.5
1144790 1393.5
1144800 1393.0
1144810 1393.0
1144820 1393.5
1144830 1393.1
1144840 1393.1
1144850 1391.0
1144860 1388.1
1144870 1388.1
1144880 1384.4
1144890 1380.1
1144900 1380.1
1144910 1376.5
1144920 1373.1
1144930 1369.2
1144940 1369.2
1144950 1365.3
1144960 1361.6
1144970 1361.6
1144980 1357.9
1144990 1354.2
1145000 1354.2
1145010 1349.7
1145020 1346.2
1145030 1346.2
1145040 1342.7
1145050 1339.4
1145060 1339.4
1145070 1336.0
1145080 1332.5
1145090 1332.5
1145100 1329.0
1145110 1324.6
1145120 1324.6
1145130 1320.1
1145140 1316.1
1145150 1316.1
1145160 1311.7
1145170 1305.5
1145180 1299.2
1145190 1299.2
1145200 1294.3
1145210 1289.5
1145220 1289.5
1145230 1284.7
1145240 1278.8
1145250 1278.8
1145260 1273.7
1145270 1270.3
1145280 1270.3
1145290 1268.6
1145300 1265.2
1145310 1265.2
1145320 1261.7
1145330 1256.1
1145340 1256.1
1145350 1248.4
1145360 1241.1
1145370 1241.1
1145380 1233.3
1145390 1221.0
1145400 1221.0
1145410 1197.9
1145420 1185.8
1145430 1171.2
1145440 1171.2
1145450 1171.3
1145460 1197.9
1145470 1197.9
1145480 1218.5
1145490 1228.1
1145500 1228.1
1145510 1233.3
1145520 1236.5
1145530 1236.5
1145540 1240.4
1145550 1244.9
1145560 1244.9
1145570 1248.7
1145580 1253.0
1145590 1253.0
1145600 1258.7
1145610 1264.9
1145620 1264.9
1145630 1269.5
1145640 1274.0
1145650 1274.0
1145660 1279.7
1145670 1283.6
1145680 1283.6
1145690 1288.9
1145700 1293.8
1145710 1297.6
1145720 1297.6
1145730 1300.6
1145740 1303.5
1145750 1303.5
1145760 1312.3
1145770 1316.9
1145780 1316.9
1145790 1321.5
1145800 1326.8
1145810 1326.8
1145820 1332.3
1145830 1338.5
1145840 1338.5
1145850 1344.5
1145860 1350.1
1145870 1350.1
1145880 1355.1
1145890 1359.8
1145900 1359.8
1145910 1364.3
1145920 1368.5
1145930 1368.5
1145940 1373.0
1145950 1377.8
1145960 1383.3
1145970 1383.3
1145980 1388.0
1145990 1390.8
1146000 1390.8
1146010 1393.8
1146020 1397.4
1146030 1397.4
1146040 1400.5
1146050 1402.5
1146060 1402.5
1146070 1403.6
1146080 1404.9
1146090 1404.9
1146100 1407.4
1146110 1410.3
1146120 1410.3
1146130 1413.9
1146140 1414.5
1146150 1414.5
1146160 1419.1
1146170 1424.2
1146180 1424.2
1146190 1429.8
1146200 1435.5
1146210 1441.4
1146220 1441.4
1146230 1448.2
1146240 1454.9
1146250 1454.9
1146260 1461.7
1146270 1468.8
1146280 1468.8
1146290 1476.7
1146300 1485.3
1146310 1485.3
1146320 1495.0
1146330 1502.3
1146340 1502.3
1146350 1509.3
1146360 1517.0
1146370 1517.0
1146380 1525.3
1146390 1534.3
1146400 1534.3
1146410 1542.1
1146420 1548.2
1146430 1548.2
1146440 1554.2
1146450 1559.8
1146460 1559.8
1146470 1566.0
1146480 1572.7
1146490 1580.0
1146500 1580.0
1146510 1587.9
1146520 1589.9
1146530 1589.9
1146540 1595.8
1146550 1601.7
1146560 1601.7
1146570 1606.7
1146580 1611.9
1146590 1611.9
1146600 1617.9
1146610 1624.7
1146620 1624.7
1146630 1633.5
1146640 1644.2
1146650 1644.2
1146660 1653.5
1146670 1660.2
1146680 1660.2
1146690 1667.2
1146700 1676.6
1146710 1676.6
1146720 1686.9
1146730 1695.6
1146740 1704.3
1146750 1704.3
1146760 1710.2
1146770 1716.1
1146780 1716.1
1146790 1724.2
1146800 1732.9
1146810 1732.9
1146820 1741.9
1146830 1751.5
1146840 1751.5
1146850 1764.0
1146860 1776.4
1146870 1776.4
1146880 1784.8
1146890 1787.3
1146900 1787.3
1146910 1794.0
1146920 1800.3
1146930 1800.3
1146940 1806.5
1146950 1811.0
1146960 1811.0
1146970 1815.4
1146980 1820.7
1146990 1820.7
1147000 1826.9
1147010 1831.9
1147020 1836.1
1147030 1836.1
1147040 1839.7
1147050 1843.1
1147060 1843.1
1147070 1844.7
1147080 1845.5
1147090 1845.5
1147100 1846.7
1147110 1847.4
1147120 1847.4
1147130 1848.7
1147140 1851.1
1147150 1851.1
1147160 1853.1
1147170 1855.4
1147180 1855.4
1147190 1857.3
1147200 1859.7
1147210 1859.7
1147220 1861.8
1147230 1863.0
1147240 1863.0
1147250 1864.2
1147260 1865.5
1147270 1869.6
1147280 1869.6
1147290 1872.1
1147300 1874.7
1147310 1874.7
1147320 1880.0
1147330 1884.0
1147340 1884.0
1147350 1886.0
1147360 1888.0
1147370 1888.0
1147380 1889.4
1147390 1892.4
1147400 1892.4
1147410 1897.1
1147420 1902.5
1147430 1902.5
1147440 1907.0
1147450 1908.8
1147460 1908.8
1147470 1910.3
1147480 1910.8
1147490 1910.8
1147500 1912.7
1147510 1916.5
1147520 1918.4
1147530 1918.4
1147540 1916.4
1147550 1914.7
1147560 1914.7
1147570 1913.0
1147580 1910.9
1147590 1910.9
1147600 1909.8
1147610 1906.7
1147620 1906.7
1147630 1905.4
1147640 1904.6
1147650 1910.6
1147660 1906.9
1147670 1901.2
1147680 1901.2
1147690 1894.5
1147700 1886.1
1147710 1886.1
1147720 1876.9
1147730 1871.9
1147740 1871.9
1147750 1866.1
1147760 1857.7
1147770 1857.7
1147780 1855.6
1147790 1854.4
1147800 1852.1
1147810 1852.1
1147820 1848.2
1147830 1843.9
1147840 1843.9
1147850 1833.5
1147860 1823.7
1147870 1823.7
1147880 1816.8
1147890 1810.9
1147900 1810.9
1147910 1804.2
1147920 1797.0
1147930 1797.0
1147940 1792.0
1147950 1783.3
1147960 1783.3
1147970 1773.5
1147980 1767.3
1147990 1767.3
1148000 1764.3
1148010 1758.7
1148020 1758.7
1148030 1755.6
1148040 1746.6
1148050 1740.0
1148060 1740.0
1148070 1733.7
1148080 1725.9
1148090 1725.9
1148100 1721.1
1148110 1716.6
1148120 1716.6
1148130 1711.4
1148140 1706.5
1148150 1706.5
1148160 1697.6
1148170 1688.2
1148180 1688.2
1148190 1684.5
1148200 1679.8
1148210 1679.8
1148220 1672.1
1148230 1671.6
1148240 1671.6
1148250 1669.9
1148260 1663.6
1148270 1663.6
1148280 1662.6
1148290 1662.2
1148300 1657.9
1148310 1657.9
1148320 1648.4
1148330 1643.5
1148340 1643.5
1148350 1648.5
1148360 1660.8
1148370 1660.8
1148380 1673.5
1148390 1683.5
1148400 1681.1
1148410 1689.9
1148420 1702.4
1148430 1702.4
1148440 1714.3
1148450 1725.9
1148460 1725.9
1148470 1735.6
1148480 1744.8
1148490 1744.8
1148500 1750.6
1148510 1757.7
1148520 1757.7
1148530 1765.8
1148540 1775.8
1148550 1775.8
1148560 1785.0
1148570 1791.9
1148580 1795.5
1148590 1795.5
1148600 1799.6
1148610 1805.1
1148620 1805.1
1148630 1813.7
1148640 1825.0
1148650 1825.0
1148660 1838.3
1148670 1849.5
1148680 1849.5
1148690 1861.9
1148700 1873.2
1148710 1873.2
1148720 1882.2
1148730 1891.5
1148740 1891.5
1148750 1901.9
1148760 1912.1
1148770 1912.1
1148780 1926.8
1148790 1938.9
1148800 1938.9
1148810 1950.0
1148820 1959.2
1148830 1964.0
1148840 1964.0
1148850 1968.3
1148860 1977.9
1148870 1977.9
1148880 1985.2
1148890 1991.3
1148900 1991.3
1148910 2000.3
1148920 2008.4
1148930 2008.4
1148940 2016.0
1148950 2024.8
1148960 2024.8
1148970 2035.8
1148980 2047.0
1148990 2047.0
1149000 2054.3
1149010 2057.8
1149020 2057.8
1149030 2060.2
1149040 2065.6
1149050 2065.6
1149060 2071.5
1149070 2076.5
1149080 2082.7
1149090 2082.7
1149100 2090.2
1149110 2098.0
1149120 2098.0
1149130 2105.1
1149140 2112.5
1149150 2112.5
1149160 2114.7
1149170 2119.7
1149180 2119.7
1149190 2124.4
1149200 2126.5
1149210 2126.5
1149220 2127.4
1149230 2131.2
1149240 2131.2
1149250 2141.0
1149260 2147.3
1149270 2147.3
1149280 2151.7
1149290 2155.9
1149300 2155.9
1149310 2161.8
1149320 2169.3
1149330 2169.3
1149340 2174.6
1149350 2185.7
1149360 2193.3
1149370 2193.3
1149380 2202.2
1149390 2212.7
1149400 2212.7
1149410 2224.2
1149420 2237.4
1149430 2237.4
1149440 2251.8
1149450 2265.5
1149460 2265.5
1149470 2276.8
1149480 2282.7
1149490 2282.7
1149500 2284.6
1149510 2284.3
1149520 2284.3
1149530 2285.3
1149540 2279.4
1149550 2279.4
1149560 2281.5
1149570 2284.9
1149580 2284.9
1149590 2288.0
1149600 2290.5
1149610 2290.9
1149620 2290.9
1149630 2286.3
1149640 2277.5
1149650 2277.5
1149660 2267.1
1149670 2258.1
1149680 2258.1
1149690 2248.9
1149700 2239.5
1149710 2239.5
1149720 2230.5
1149730 2221.9
1149740 2221.9
1149750 2213.8
1149760 2205.8
1149770 2205.8
1149780 2197.5
1149790 2189.5
1149800 2189.5
1149810 2181.5
1149820 2172.7
1149830 2172.7
1149840 2163.6
1149850 2155.6
1149860 2148.4
1149870 2148.4
1149880 2142.2
1149890 2136.8
1149900 2136.8
1149910 2132.8
1149920 2143.3
1149930 2143.3
1149940 2142.5
1149950 2142.3
1149960 2142.3
1149970 2141.1
1149980 2133.3
1149990 2133.3
1150000 2125.7
1150010 2125.9
1150020 2125.9
1150030 2124.7
1150040 2125.7
1150050 2125.7
1150060 2124.2
1150070 2118.0
1150080 2118.0
1150090 2110.4
1150100 2102.1
1150110 2102.1
1150120 2097.3
1150130 2099.0
1150140 2091.7
1150150 2091.7
1150160 2083.2
1150170 2075.0
1150180 2075.0
1150190 2069.5
1150200 2066.5
1150210 2066.5
1150220 2059.8
1150230 2052.7
1150240 2052.7
1150250 2042.9
1150260 2032.6
1150270 2032.6
1150280 2023.8
1150290 2014.0
1150300 2013.6
1150310 2005.0
1150320 1997.9
1150330 1997.9
1150340 1991.5
1150350 1984.8
1150360 1984.8
1150370 1978.3
1150380 1971.9
1150390 1965.6
1150400 1965.6
1150410 1960.7
1150420 1958.7
1150430 1958.7
1150440 1957.8
1150450 1955.6
1150460 1955.6
1150470 1955.1
1150480 1956.3
1150490 1956.3
1150500 1955.8
1150510 1953.7
1150520 1953.7
1150530 1951.2
1150540 1952.6
1150550 1952.6
1150560 1957.4
1150570 1961.5
1150580 1961.5
1150590 1961.0
1150600 1957.7
1150610 1957.7
1150620 1953.6
1150630 1950.2
1150640 1948.6
1150650 1948.6
1150660 1948.1
1150670 1951.6
1150680 1954.0
1150690 1956.7
1150700 1959.0
1150710 1959.0
1150720 1962.2
1150730 1965.9
1150740 1965.9
1150750 1969.2
1150760 1971.4
1150770 1971.4
1150780 1976.6
1150790 1983.5
1150800 1983.5
1150810 1989.6
1150820 1996.1
1150830 1996.1
1150840 2003.4
1150850 2012.2
1150860 2012.2
1150870 2027.8
1150880 2045.0
1150890 2045.0
1150900 2061.0
1150910 2077.0
1150920 2090.0
1150930 2090.0
1150940 2101.2
1150950 2111.3
1150960 2111.3
1150970 2120.3
1150980 2129.1
1150990 2129.1
1151000 2137.0
1151010 2144.0
1151020 2144.0
1151030 2150.3
1151040 2156.8
1151050 2156.8
1151060 2164.1
1151070 2170.8
1151080 2170.8
1151090 2175.9
1151100 2180.7
1151110 2180.7
1151120 2186.4
1151130 2193.4
1151140 2193.4
1151150 2200.6
1151160 2206.2
1151170 2212.5
1151180 2212.5
1151190 2220.3
1151200 2227.9
1151210 2227.9
1151220 2235.5
1151230 2243.0
1151240 2243.0
1151250 2249.7
1151260 2253.9
1151270 2253.9
1151280 2255.6
1151290 2258.9
1151300 2258.9
1151310 2264.6
1151320 2270.9
1151330 2270.9
1151340 2277.6
1151350 2283.6
1151360 2283.6
1151370 2287.2
1151380 2278.9
1151390 2278.9
1151400 2269.8
1151410 2265.1
1151420 2259.7
1151430 2259.7
1151440 2242.0
1151450 2235.6
1151460 2235.6
1151470 2227.4
1151480 2220.6
1151490 2220.6
1151500 2217.2
1151510 2215.5
1151520 2215.5
1151530 2213.7
1151540 2212.0
1151550 2212.0
1151560 2215.4
1151570 2218.6
1151580 2218.6
1151590 2220.6
1151600 2222.1
1151610 2222.1
1151620 2218.8
1151630 2216.9
1151640 2216.9
1151650 2214.8
1151660 2213.2
1151670 2213.2
1151680 2210.6
1151690 2208.7
1151700 2208.0
1151710 2208.0
1151720 2207.3
1151730 2206.4
1151740 2206.4
1151750 2205.2
1151760 2204.9
1151770 2204.9
1151780 2205.7
1151790 2206.1
1151800 2206.1
1151810 2204.2
1151820 2201.6
1151830 2193.0
1151840 2191.5
1151850 2188.8
1151860 2188.8
1151870 2186.4
1151880 2183.2
1151890 2183.2
1151900 2179.9
1151910 2176.2
1151920 2176.2
1151930 2172.6
1151940 2170.5
1151950 2174.3
1151960 2174.3
1151970 2175.0
1151980 2173.8
1151990 2173.8
1152000 2172.6
1152010 2169.9
1152020 2169.9
1152030 2166.5
1152040 2164.0
1152050 2164.0
1152060 2161.7
1152070 2158.2
1152080 2158.2
1152090 2153.7
1152100 2152.3
1152110 2152.3
1152120 2152.7
1152130 2152.1
1152140 2152.1
1152150 2150.4
1152160 2150.7
1152170 2150.7
1152180 2150.7
1152190 2150.0
1152200 2143.8
1152210 2135.7
1152220 2126.6
1152230 2116.1
1152240 2116.1
1152250 2107.6
1152260 2097.0
1152270 2097.0
1152280 2081.3
1152290 2065.2
1152300 2065.2
1152310 2054.5
1152320 2045.2
1152330 2045.2
1152340 2036.3
1152350 2027.2
1152360 2027.2
1152370 2020.1
1152380 2013.5
1152390 2013.5
1152400 2008.0
1152410 2002.7
1152420 2002.7
1152430 1998.5
1152440 1996.2
1152450 1996.2
1152460 1990.0
1152470 1982.0
1152480 1975.7
1152490 1975.7
1152500 1971.2
1152510 1967.3
1152520 1967.3
1152530 1965.2
1152540 1963.2
1152550 1963.2
1152560 1958.7
1152570 1952.4
1152580 1952.4
1152590 1942.0
1152600 1932.7
1152610 1932.7
1152620 1916.6
1152630 1902.9
1152640 1902.9
1152650 1886.1
1152660 1869.8
1152670 1869.8
1152680 1859.5
1152690 1849.4
1152700 1849.4
1152710 1838.8
1152720 1828.9
1152730 1819.8
1152740 1819.8
1152750 1811.4
1152760 1803.0
1152770 1803.0
1152780 1793.7
1152790 1783.2
1152800 1783.2
1152810 1773.3
1152820 1764.3
1152830 1764.3
1152840 1756.7
1152850 1747.5
1152860 1747.5
1152870 1732.9
1152880 1715.1
1152890 1715.1
1152900 1700.6
1152910 1676.8
1152920 1676.8
1152930 1656.0
1152940 1648.8
1152950 1648.8
1152960 1644.6
1152970 1639.0
1152980 1628.5
1152990 1628.5
1153000 1623.0
1153010 1617.3
1153020 1617.3
1153030 1612.5
1153040 1607.0
1153050 1607.0
1153060 1600.1
1153070 1593.5
1153080 1593.5
1153090 1587.9
1153100 1582.2
1153110 1582.2
1153120 1576.4
1153130 1570.4
1153140 1570.4
1153150 1564.0
1153160 1557.7
1153170 1557.7
1153180 1551.2
1153190 1545.2
1153200 1545.2
1153210 1539.1
1153220 1533.0
1153230 1533.0
1153240 1527.1
1153250 1521.1
1153260 1515.1
1153270 1515.1
1153280 1509.0
1153290 1502.5
1153300 1502.5
1153310 1499.4
1153320 1497.4
1153330 1497.4
1153340 1494.9
1153350 1491.7
1153360 1489.8
1153370 1486.7
1153380 1483.4
1153390 1483.4
1153400 1479.6
1153410 1475.7
1153420 1475.7
1153430 1471.3
1153440 1468.1
1153450 1468.1
1153460 1465.9
1153470 1463.4
1153480 1463.4
1153490 1461.2
1153500 1459.5
1153510 1458.2
1153520 1458.2
1153530 1457.2
1153540 1456.6
1153550 1456.6
1153560 1453.2
1153570 1446.7
1153580 1446.7
1153590 1439.2
1153600 1431.6
1153610 1431.6
1153620 1424.7
1153630 1420.4
1153640 1420.4
1153650 1417.6
1153660 1417.0
1153670 1417.0
1153680 1416.7
1153690 1416.4
1153700 1416.4
1153710 1415.9
1153720 1418.0
1153730 1418.0
1153740 1426.0
1153750 1428.9
1153760 1431.7
1153770 1431.7
1153780 1437.4
1153790 1444.7
1153800 1444.7
1153810 1452.0
1153820 1458.2
1153830 1458.2
1153840 1464.4
1153850 1471.2
1153860 1471.2
1153870 1476.6
1153880 1480.8
1153890 1480.8
1153900 1485.2
1153910 1490.3
1153920 1490.3
1153930 1494.8
1153940 1499.5
1153950 1499.5
1153960 1504.5
1153970 1509.9
1153980 1509.9
1153990 1515.7
1154000 1521.7
1154010 1521.7
1154020 1527.9
1154030 1534.3
1154040 1540.4
1154050 1540.4
1154060 1546.5
1154070 1552.5
1154080 1552.5
1154090 1558.8
1154100 1566.0
1154110 1566.0
1154120 1573.5
1154130 1590.9
1154140 1590.9
1154150 1609.0
1154160 1623.7
1154170 1623.7
1154180 1633.7
1154190 1642.5
1154200 1642.5
1154210 1651.9
1154220 1660.5
1154230 1660.5
1154240 1669.3
1154250 1677.8
1154260 1677.8
1154270 1685.7
1154280 1694.0
1154290 1700.1
1154300 1700.1
1154310 1703.8
1154320 1696.2
1154330 1696.2
1154340 1685.6
1154350 1686.5
1154360 1686.5
1154370 1682.3
1154380 1663.5
1154390 1663.5
1154400 1654.9
1154410 1656.6
1154420 1656.6
1154430 1659.9
1154440 1662.8
1154450 1662.8
1154460 1665.9
1154470 1668.1
1154480 1668.1
1154490 1671.5
1154500 1674.3
1154510 1682.0
1154520 1683.7
1154530 1688.3
1154540 1694.0
1154550 1694.0
1154560 1698.4
1154570 1699.6
1154580 1699.6
1154590 1701.8
1154600 1707.8
1154610 1707.8
1154620 1717.4
1154630 1725.5
1154640 1725.5
1154650 1730.9
1154660 1734.6
1154670 1734.6
1154680 1739.6
1154690 1746.0
1154700 1746.0
1154710 1752.5
1154720 1759.2
1154730 1759.2
1154740 1766.3
1154750 1773.2
1154760 1773.2
1154770 1778.9
1154780 1783.0
1154790 1783.0
1154800 1786.7
1154810 1791.6
1154820 1797.5
1154830 1797.5
1154840 1803.0
1154850 1807.6
1154860 1807.6
1154870 1811.9
1154880 1816.7
1154890 1816.7
1154900 1820.5
1154910 1823.9
1154920 1823.9
1154930 1827.6
1154940 1832.2
1154950 1832.2
1154960 1837.4
1154970 1842.8
1154980 1842.8
1154990 1848.5
1155000 1854.1
1155010 1854.1
1155020 1860.3
1155030 1868.8
1155040 1868.8
1155050 1878.5
1155060 1887.5
1155070 1896.4
1155080 1896.4
1155090 1904.3
1155100 1912.2
1155110 1912.2
1155120 1919.4
1155130 1927.0
1155140 1927.0
1155150 1934.7
1155160 1942.4
1155170 1942.4
1155180 1951.1
1155190 1959.9
1155200 1959.9
1155210 1968.4
1155220 1976.6
1155230 1976.6
1155240 1984.8
1155250 1992.8
1155260 1992.8
1155270 2000.2
1155280 2007.3
1155290 2008.7
1155300 2016.2
1155310 2023.6
1155320 2031.0
1155330 2031.0
1155340 2038.2
1155350 2045.4
1155360 2045.4
1155370 2052.6
1155380 2060.5
1155390 2060.5
1155400 2068.2
1155410 2075.9
1155420 2075.9
1155430 2084.2
1155440 2092.3
1155450 2092.3
1155460 2100.9
1155470 2109.4
1155480 2109.4
1155490 2118.7
1155500 2128.5
1155510 2128.5
1155520 2139.0
1155530 2148.8
1155540 2148.8
1155550 2158.2
1155560 2168.3
1155570 2168.3
1155580 2179.1
1155590 2190.9
1155600 2200.0
1155610 2200.0
1155620 2214.2
1155630 2227.6
1155640 2227.6
1155650 2236.6
1155660 2242.1
1155670 2241.8
1155680 2238.1
1155690 2228.1
1155700 2228.1
1155710 2217.7
1155720 2207.8
1155730 2207.8
1155740 2198.5
1155750 2188.4
1155760 2188.4
1155770 2178.2
1155780 2168.4
1155790 2168.4
1155800 2159.2
1155810 2150.7
1155820 2150.7
1155830 2142.4
1155840 2134.3
1155850 2126.4
1155860 2126.4
1155870 2119.2
1155880 2110.1
1155890 2110.1
1155900 2101.3
1155910 2093.2
1155920 2093.2
1155930 2084.0
1155940 2075.6
1155950 2075.6
1155960 2065.5
1155970 2053.9
1155980 2053.9
1155990 2045.1
1156000 2038.2
1156010 2038.2
1156020 2030.5
1156030 2022.4
1156040 2022.4
1156050 2015.3
1156060 2005.7
1156070 2005.7
1156080 1999.1
1156090 1992.3
1156100 1984.5
1156110 1984.5
1156120 1974.2
1156130 1967.0
1156140 1967.0
1156150 1960.5
1156160 1952.7
1156170 1952.7
1156180 1943.9
1156190 1937.3
1156200 1937.3
1156210 1932.3
1156220 1927.3
1156230 1927.3
1156240 1922.2
1156250 1917.0
1156260 1917.0
1156270 1911.1
1156280 1905.8
1156290 1905.8
1156300 1899.7
1156310 1894.3
1156320 1894.3
1156330 1889.1
1156340 1884.2
1156350 1884.2
1156360 1879.5
1156370 1874.9
1156380 1870.2
1156390 1870.2
1156400 1865.5
1156410 1859.9
1156420 1859.9
1156430 1852.7
1156440 1845.7
1156450 1844.1
1156460 1836.8
1156470 1831.1
1156480 1831.1
1156490 1826.1
1156500 1820.8
1156510 1820.8
1156520 1814.8
1156530 1808.7
1156540 1808.7
1156550 1801.9
1156560 1795.8
1156570 1795.8
1156580 1789.8
1156590 1783.6
1156600 1783.6
1156610 1776.3
1156620 1769.2
1156630 1763.7
1156640 1763.7
1156650 1758.7
1156660 1749.3
1156670 1749.3
1156680 1739.3
1156690 1737.8
1156700 1737.8
1156710 1747.7
1156720 1751.6
1156730 1751.6
1156740 1750.7
1156750 1733.2
1156760 1733.2
1156770 1714.8
1156780 1703.3
1156790 1703.3
1156800 1693.6
1156810 1682.4
1156820 1682.4
1156830 1665.9
1156840 1654.0
1156850 1654.0
1156860 1646.0
1156870 1640.4
1156880 1638.7
1156890 1638.7
1156900 1636.0
1156910 1619.0
1156920 1619.0
1156930 1608.1
1156940 1600.4
1156950 1600.4
1156960 1594.0
1156970 1587.9
1156980 1587.9
1156990 1581.7
1157000 1574.8
1157010 1574.8
1157020 1568.4
1157030 1562.3
1157040 1562.3
1157050 1556.3
1157060 1550.0
1157070 1550.0
1157080 1543.6
1157090 1537.2
1157100 1537.2
1157110 1531.4
1157120 1525.2
1157130 1525.2
1157140 1518.8
1157150 1512.0
1157160 1505.6
1157170 1505.6
1157180 1499.3
1157190 1492.4
1157200 1492.4
1157210 1485.7
1157220 1477.9
1157230 1477.9
1157240 1471.3
1157250 1464.7
1157260 1464.7
1157270 1458.5
1157280 1452.6
1157290 1452.6
1157300 1446.8
1157310 1442.3
1157320 1442.3
1157330 1437.4
1157340 1433.8
1157350 1433.8
1157360 1430.2
1157370 1426.7
1157380 1426.7
1157390 1423.6
1157400 1424.4
1157410 1424.8
1157420 1424.8
1157430 1424.2
1157440 1424.1
1157450 1424.1
1157460 1424.4
1157470 1427.2
1157480 1427.2
1157490 1432.9
1157500 1437.1
1157510 1437.1
1157520 1441.2
1157530 1445.1
1157540 1445.1
1157550 1448.2
1157560 1450.5
1157570 1450.5
1157580 1453.3
1157590 1457.5
1157600 1457.5
1157610 1467.9
1157620 1479.8
1157630 1479.8
1157640 1490.7
1157650 1499.3
1157660 1507.5
1157670 1507.5
1157680 1513.7
1157690 1520.2
1157700 1520.2
1157710 1525.7
1157720 1531.4
1157730 1531.4
1157740 1538.1
1157750 1546.0
1157760 1546.0
1157770 1549.4
1157780 1557.2
1157790 1557.2
1157800 1565.5
1157810 1571.6
1157820 1571.6
1157830 1577.4
1157840 1582.4
1157850 1582.4
1157860 1586.8
1157870 1592.4
1157880 1592.4
1157890 1598.8
1157900 1603.4
1157910 1603.4
1157920 1606.2
1157930 1608.3
1157940 1612.0
1157950 1612.0
1157960 1611.1
1157970 1608.1
1157980 1608.1
1157990 1603.2
1158000 1605.4
1158010 1605.4
1158020 1607.4
1158030 1612.8
1158040 1612.8
1158050 1619.6
1158060 1625.5
1158070 1625.5
1158080 1631.0
1158090 1634.1
1158100 1634.1
1158110 1629.7
1158120 1620.1
1158130 1620.1
1158140 1613.4
1158150 1611.5
1158160 1611.5
1158170 1607.3
1158180 1614.4
1158190 1620.8
1158200 1620.8
1158210 1625.5
1158220 1626.0
1158230 1626.0
1158240 1632.8
1158250 1640.6
1158260 1640.6
1158270 1647.4
1158280 1651.7
1158290 1651.7
1158300 1652.2
1158310 1653.9
1158320 1653.9
1158330 1658.2
1158340 1662.5
1158350 1662.5
1158360 1666.1
1158370 1670.5
1158380 1670.5
1158390 1678.0
1158400 1683.1
1158410 1683.1
1158420 1688.7
1158430 1694.0
1158440 1698.9
1158450 1698.9
1158460 1702.1
1158470 1705.8
1158480 1705.8
1158490 1710.7
1158500 1715.5
1158510 1715.5
1158520 1717.4
1158530 1718.0
1158540 1718.0
1158550 1720.5
1158560 1723.4
1158570 1723.4
1158580 1725.3
1158590 1725.9
1158600 1725.9
1158610 1724.3
1158620 1725.0
1158630 1725.0
1158640 1727.3
1158650 1732.1
1158660 1732.1
1158670 1738.0
1158680 1742.1
1158690 1742.1
1158700 1744.5
1158710 1748.3
1158720 1753.3
1158730 1753.3
1158740 1758.4
1158750 1763.2
1158760 1763.2
1158770 1767.3
1158780 1777.0
1158790 1777.0
1158800 1779.2
1158810 1779.9
1158820 1779.9
1158830 1778.4
1158840 1774.8
1158850 1774.8
1158860 1770.7
1158870 1766.8
1158880 1766.8
1158890 1762.1
1158900 1756.4
1158910 1756.4
1158920 1750.2
1158930 1744.8
1158940 1744.8
1158950 1739.5
1158960 1733.8
1158970 1727.2
1158980 1727.2
1158990 1720.3
1159000 1713.5
1159010 1713.5
1159020 1705.7
1159030 1695.1
1159040 1695.1
1159050 1696.5
1159060 1706.0
1159070 1706.0
1159080 1713.3
1159090 1719.7
1159100 1719.7
1159110 1726.4
1159120 1733.2
1159130 1733.2
1159140 1738.9
1159150 1743.6
1159160 1743.6
1159170 1754.5
1159180 1758.8
1159190 1758.8
1159200 1762.7
1159210 1765.4
1159220 1765.8
1159230 1765.8
1159240 1764.8
1159250 1763.4
1159260 1763.4
1159270 1761.6
1159280 1760.7
1159290 1760.7
1159300 1760.5
1159310 1760.5
1159320 1760.5
1159330 1761.4
1159340 1761.1
1159350 1761.1
1159360 1761.1
1159370 1766.9
1159380 1766.9
1159390 1772.3
1159400 1778.0
1159410 1778.0
1159420 1780.7
1159430 1782.7
1159440 1782.7
1159450 1786.0
1159460 1790.5
1159470 1790.5
1159480 1792.3
1159490 1792.4
1159500 1792.4
1159510 1792.4
1159520 1793.6
1159530 1791.8
1159540 1791.8
1159550 1787.9
1159560 1799.4
1159570 1799.4
1159580 1798.4
1159590 1798.4
1159600 1798.4
1159610 1799.6
1159620 1798.4
1159630 1798.4
1159640 1796.4
1159650 1792.7
1159660 1792.7
1159670 1788.0
1159680 1784.8
1159690 1784.8
1159700 1782.7
1159710 1780.2
1159720 1780.2
1159730 1774.9
1159740 1769.4
1159750 1761.1
1159760 1761.1
1159770 1751.3
1159780 1742.2
1159790 1742.2
1159800 1733.5
1159810 1729.3
1159820 1729.3
1159830 1724.1
1159840 1717.3
1159850 1717.3
1159860 1709.8
1159870 1704.5
1159880 1704.5
1159890 1701.0
1159900 1695.0
1159910 1695.0
1159920 1688.6
1159930 1683.6
1159940 1683.6
1159950 1680.5
1159960 1685.7
1159970 1685.7
1159980 1678.6
1159990 1673.1
