1140000 1432.8
1140010 1432.8
1140020 1431.6
1140030 1430.3
1140040 1430.3
1140050 1430.2
1140060 1430.6
1140070 1430.6
1140080 1430.3
1140090 1430.2
1140100 1430.2
1140110 1430.1
1140120 1429.6
1140130 1428.4
1140140 1428.4
1140150 1427.3
1140160 1427.0
1140170 1427.0
1140180 1426.2
1140190 1425.9
1140200 1425.9
1140210 1426.3
1140220 1425.4
1140230 1425.4
1140240 1424.2
1140250 1422.8
1140260 1422.8
1140270 1421.8
1140280 1421.4
1140290 1421.4
1140300 1421.9
1140310 1423.4
1140320 1423.4
1140330 1426.0
1140340 1428.4
1140350 1428.4
1140360 1430.1
1140370 1434.3
1140380 1435.9
1140390 1435.9
1140400 1437.1
1140410 1437.8
1140420 1437.8
1140430 1438.1
1140440 1438.5
1140450 1438.5
1140460 1438.8
1140470 1439.9
1140480 1439.9
1140490 1441.7
1140500 1443.0
1140510 1443.0
1140520 1444.5
1140530 1445.6
1140540 1445.6
1140550 1445.9
1140560 1445.6
1140570 1445.6
1140580 1444.9
1140590 1444.7
1140600 1444.7
1140610 1444.8
1140620 1443.7
1140630 1443.7
1140640 1442.2
1140650 1442.2
1140660 1442.4
1140670 1442.4
1140680 1442.3
1140690 1442.2
1140700 1442.2
1140710 1442.4
1140720 1442.8
1140730 1442.8
1140740 1451.9
1140750 1451.1
1140760 1451.1
1140770 1450.0
1140780 1448.9
1140790 1448.9
1140800 1447.4
1140810 1445.5
1140820 1445.5
1140830 1443.2
1140840 1440.3
1140850 1440.3
1140860 1437.6
1140870 1435.9
1140880 1435.9
1140890 1433.6
1140900 1430.6
1140910 1427.6
1140920 1427.6
1140930 1424.4
1140940 1421.5
1140950 1421.5
1140960 1418.7
1140970 1414.9
1140980 1414.9
1140990 1412.2
1141000 1409.7
1141010 1409.7
1141020 1407.5
1141030 1404.9
1141040 1404.9
1141050 1401.9
1141060 1399.0
1141070 1399.0
1141080 1396.6
1141090 1394.7
1141100 1394.7
1141110 1397.8
1141120 1394.8
1141130 1394.8
1141140 1392.5
1141150 1390.9
1141160 1388.7
1141170 1388.7
1141180 1386.8
1141190 1385.5
1141200 1385.5
1141210 1384.9
1141220 1384.0
1141230 1384.0
1141240 1383.0
1141250 1382.1
1141260 1382.1
1141270 1380.1
1141280 1377.8
1141290 1377.8
1141300 1374.9
1141310 1371.9
1141320 1371.9
1141330 1370.4
1141340 1369.9
1141350 1369.9
1141360 1368.8
1141370 1366.2
1141380 1366.2
1141390 1363.1
1141400 1360.5
1141410 1360.5
1141420 1357.9
1141430 1355.3
1141440 1353.1
1141450 1353.1
1141460 1350.2
1141470 1346.9
1141480 1348.2
1141490 1344.8
1141500 1337.5
1141510 1337.5
1141520 1328.9
1141530 1321.6
1141540 1321.6
1141550 1315.4
1141560 1309.9
1141570 1309.9
1141580 1304.2
1141590 1297.9
1141600 1297.9
1141610 1290.2
1141620 1280.7
1141630 1280.7
1141640 1271.3
1141650 1263.2
1141660 1263.2
1141670 1259.0
1141680 1256.7
1141690 1260.8
1141700 1260.8
1141710 1271.9
1141720 1283.8
1141730 1283.8
1141740 1295.9
1141750 1307.7
1141760 1307.7
1141770 1316.3
1141780 1324.0
1141790 1324.0
1141800 1332.3
1141810 1341.3
1141820 1341.3
1141830 1349.5
1141840 1351.7
1141850 1360.8
1141860 1364.1
1141870 1372.6
1141880 1372.6
1141890 1380.3
1141900 1390.4
1141910 1390.4
1141920 1402.0
1141930 1410.3
1141940 1410.3
1141950 1416.8
1141960 1422.8
1141970 1429.1
1141980 1429.1
1141990 1435.4
1142000 1443.0
1142010 1443.0
1142020 1450.3
1142030 1457.5
1142040 1457.5
1142050 1465.2
1142060 1473.2
1142070 1473.2
1142080 1481.1
1142090 1488.2
1142100 1488.2
1142110 1494.3
1142120 1500.0
1142130 1500.0
1142140 1505.0
1142150 1508.6
1142160 1508.6
1142170 1511.3
1142180 1513.3
1142190 1513.3
1142200 1514.6
1142210 1515.4
1142220 1520.6
1142230 1520.6
1142240 1520.9
1142250 1521.0
1142260 1521.0
1142270 1521.1
1142280 1520.6
1142290 1520.6
1142300 1519.4
1142310 1517.9
1142320 1517.9
1142330 1516.5
1142340 1515.6
1142350 1515.6
1142360 1514.9
1142370 1514.3
1142380 1514.3
1142390 1513.1
1142400 1510.9
1142410 1510.9
1142420 1509.2
1142430 1507.9
1142440 1507.9
1142450 1506.8
1142460 1504.9
1142470 1503.2
1142480 1503.2
1142490 1501.7
1142500 1499.6
1142510 1499.6
1142520 1496.8
1142530 1493.6
1142540 1493.6
1142550 1489.9
1142560 1487.8
1142570 1487.8
1142580 1486.5
1142590 1492.0
1142600 1492.0
1142610 1489.8
1142620 1487.3
1142630 1487.3
1142640 1484.7
1142650 1481.6
1142660 1481.6
1142670 1478.7
1142680 1475.7
1142690 1475.7
1142700 1472.4
1142710 1469.6
1142720 1469.6
1142730 1466.3
1142740 1462.8
1142750 1459.6
1142760 1459.6
1142770 1456.3
1142780 1454.0
1142790 1454.0
1142800 1452.1
1142810 1449.0
1142820 1449.0
1142830 1444.8
1142840 1440.3
1142850 1440.3
1142860 1436.0
1142870 1431.9
1142880 1431.9
1142890 1428.4
1142900 1425.1
1142910 1425.1
1142920 1422.1
1142930 1419.2
1142940 1419.2
1142950 1415.9
1142960 1415.9
1142970 1415.9
1142980 1411.9
1142990 1408.2
1143000 1404.8
1143010 1404.8
1143020 1401.8
1143030 1398.8
1143040 1398.8
1143050 1395.6
1143060 1392.1
1143070 1392.1
1143080 1388.8
1143090 1384.6
1143100 1384.6
1143110 1380.3
1143120 1375.4
1143130 1375.4
1143140 1371.6
1143150 1367.5
1143160 1367.5
1143170 1363.9
1143180 1360.8
1143190 1360.8
1143200 1358.3
1143210 1355.0
1143220 1355.0
1143230 1350.1
1143240 1345.8
1143250 1345.8
1143260 1341.8
1143270 1337.9
1143280 1334.4
1143290 1334.4
1143300 1331.3
1143310 1328.5
1143320 1328.5
1143330 1325.3
1143340 1321.5
1143350 1321.5
1143360 1317.7
1143370 1311.3
1143380 1311.3
1143390 1304.9
1143400 1299.3
1143410 1299.3
1143420 1294.1
1143430 1288.6
1143440 1288.6
1143450 1283.1
1143460 1277.7
1143470 1277.7
1143480 1272.2
1143490 1266.5
1143500 1266.5
1143510 1261.0
1143520 1255.7
1143530 1250.7
1143540 1250.7
1143550 1245.0
1143560 1239.5
1143570 1239.5
1143580 1234.6
1143590 1230.4
1143600 1230.4
1143610 1226.3
1143620 1223.5
1143630 1223.5
1143640 1220.6
1143650 1215.5
1143660 1215.5
1143670 1210.8
1143680 1208.3
1143690 1208.3
1143700 1204.8
1143710 1211.9
1143720 1211.9
1143730 1210.2
1143740 1206.1
1143750 1206.1
1143760 1202.1
1143770 1197.9
1143780 1193.5
1143790 1193.5
1143800 1188.7
1143810 1184.5
1143820 1184.5
1143830 1180.9
1143840 1178.0
1143850 1178.0
1143860 1174.7
1143870 1171.2
1143880 1171.2
1143890 1167.7
1143900 1164.9
1143910 1164.9
1143920 1163.3
1143930 1162.3
1143940 1162.3
1143950 1161.1
1143960 1159.2
1143970 1159.2
1143980 1156.9
1143990 1153.8
1144000 1153.8
1144010 1150.0
1144020 1147.0
1144030 1147.0
1144040 1144.4
1144050 1141.6
1144060 1138.8
1144070 1138.8
1144080 1142.0
1144090 1139.6
1144100 1139.6
1144110 1137.5
1144120 1134.8
1144130 1134.8
1144140 1133.6
1144150 1133.8
1144160 1133.8
1144170 1133.7
1144180 1132.9
1144190 1132.9
1144200 1133.4
1144210 1134.5
1144220 1134.5
1144230 1135.9
1144240 1137.6
1144250 1137.6
1144260 1137.8
1144270 1137.4
1144280 1137.4
1144290 1139.4
1144300 1143.6
1144310 1149.8
1144320 1149.8
1144330 1152.4
1144340 1152.8
1144350 1152.8
1144360 1154.1
1144370 1154.9
1144380 1154.9
1144390 1155.8
1144400 1156.7
1144410 1156.7
1144420 1157.7
1144430 1159.4
1144440 1159.4
1144450 1161.6
1144460 1170.5
1144470 1170.5
1144480 1172.6
1144490 1173.3
1144500 1173.3
1144510 1173.5
1144520 1171.5
1144530 1171.5
1144540 1168.7
1144550 1168.7
1144560 1168.7
1144570 1166.8
1144580 1164.9
1144590 1165.1
1144600 1165.1
1144610 1164.3
1144620 1159.1
1144630 1159.1
1144640 1156.5
1144650 1158.3
1144660 1158.3
1144670 1160.9
1144680 1165.1
1144690 1165.1
1144700 1169.3
1144710 1169.4
1144720 1169.4
1144730 1166.6
1144740 1163.6
1144750 1163.6
1144760 1162.8
1144770 1162.4
1144780 1162.4
1144790 1161.1
1144800 1160.4
1144810 1160.4
1144820 1159.4
1144830 1158.6
1144840 1156.9
1144850 1156.9
1144860 1156.4
1144870 1155.2
1144880 1155.2
1144890 1152.2
1144900 1148.0
1144910 1148.0
1144920 1142.8
1144930 1140.2
1144940 1140.2
1144950 1140.4
1144960 1139.3
1144970 1139.3
1144980 1137.4
1144990 1135.7
1145000 1135.7
1145010 1133.4
1145020 1132.4
1145030 1132.4
1145040 1133.6
1145050 1129.8
1145060 1129.8
1145070 1125.0
1145080 1123.2
1145090 1121.9
1145100 1121.9
1145110 1120.8
1145120 1120.6
1145130 1120.6
1145140 1120.6
1145150 1120.6
1145160 1120.6
1145170 1120.4
1145180 1119.7
1145190 1119.7
1145200 1118.6
1145210 1119.5
1145220 1119.5
1145230 1118.5
1145240 1117.4
1145250 1117.4
1145260 1116.3
1145270 1115.7
1145280 1115.7
1145290 1115.5
1145300 1115.4
1145310 1115.4
1145320 1115.3
1145330 1115.3
1145340 1115.3
1145350 1115.1
1145360 1115.0
1145370 1115.0
1145380 1115.0
1145390 1116.0
1145400 1116.0
1145410 1116.0
1145420 1116.0
1145430 1116.3
1145440 1116.3
1145450 1116.7
1145460 1116.3
1145470 1116.3
1145480 1116.4
1145490 1116.8
1145500 1116.8
1145510 1117.3
1145520 1118.1
1145530 1118.1
1145540 1121.8
1145550 1125.0
1145560 1125.0
1145570 1126.0
1145580 1129.6
1145590 1129.6
1145600 1131.7
1145610 1134.1
1145620 1135.7
1145630 1135.7
1145640 1137.0
1145650 1138.0
1145660 1138.0
1145670 1139.7
1145680 1141.6
1145690 1141.6
1145700 1144.2
1145710 1146.9
1145720 1146.9
1145730 1149.4
1145740 1151.8
1145750 1151.8
1145760 1156.0
1145770 1160.5
1145780 1160.5
1145790 1166.5
1145800 1174.5
1145810 1174.5
1145820 1181.4
1145830 1187.1
1145840 1187.1
1145850 1190.4
1145860 1191.1
1145870 1191.1
1145880 1195.0
1145890 1199.0
1145900 1197.9
1145910 1197.9
1145920 1200.4
1145930 1202.6
1145940 1202.6
1145950 1203.7
1145960 1207.7
1145970 1207.7
1145980 1208.8
1145990 1207.2
1146000 1207.2
1146010 1203.2
1146020 1203.8
1146030 1203.8
1146040 1205.6
1146050 1203.0
1146060 1203.0
1146070 1206.1
1146080 1208.5
1146090 1208.5
1146100 1208.8
1146110 1213.3
1146120 1213.3
1146130 1217.5
1146140 1220.3
1146150 1220.4
1146160 1220.4
1146170 1222.1
1146180 1223.1
1146190 1223.1
1146200 1224.5
1146210 1228.2
1146220 1228.2
1146230 1231.6
1146240 1233.6
1146250 1233.6
1146260 1234.2
1146270 1235.2
1146280 1235.2
1146290 1238.6
1146300 1242.4
1146310 1242.4
1146320 1246.5
1146330 1258.7
1146340 1258.7
1146350 1262.5
1146360 1263.8
1146370 1263.8
1146380 1266.1
1146390 1269.9
1146400 1272.9
1146410 1272.9
1146420 1274.3
1146430 1275.0
1146440 1275.0
1146450 1274.5
1146460 1273.0
1146470 1273.0
1146480 1275.3
1146490 1276.9
1146500 1276.9
1146510 1279.9
1146520 1282.7
1146530 1282.7
1146540 1284.8
1146550 1286.4
1146560 1286.4
1146570 1289.7
1146580 1293.7
1146590 1293.7
1146600 1297.0
1146610 1299.8
1146620 1299.8
1146630 1301.0
1146640 1303.1
1146650 1303.1
1146660 1306.5
1146670 1307.7
1146680 1305.7
1146690 1305.7
1146700 1313.9
1146710 1338.4
1146720 1338.4
1146730 1353.2
1146740 1365.1
1146750 1365.1
1146760 1371.9
1146770 1378.5
1146780 1378.5
1146790 1385.7
1146800 1390.1
1146810 1390.1
1146820 1396.8
1146830 1406.2
1146840 1406.2
1146850 1414.0
1146860 1418.7
1146870 1418.7
1146880 1421.7
1146890 1423.5
1146900 1423.5
1146910 1426.9
1146920 1434.1
1146930 1438.8
1146940 1438.8
1146950 1438.2
1146960 1434.0
1146970 1434.0
1146980 1433.3
1146990 1434.9
1147000 1434.9
1147010 1436.2
1147020 1438.4
1147030 1438.4
1147040 1439.2
1147050 1440.6
1147060 1440.6
1147070 1444.4
1147080 1447.1
1147090 1456.9
1147100 1459.3
1147110 1466.1
1147120 1466.1
1147130 1470.4
1147140 1476.0
1147150 1476.0
1147160 1485.2
1147170 1494.2
1147180 1494.2
1147190 1502.0
1147200 1510.1
1147210 1517.3
1147220 1517.3
1147230 1524.2
1147240 1532.3
1147250 1532.3
1147260 1540.0
1147270 1543.6
1147280 1543.6
1147290 1546.1
1147300 1547.7
1147310 1547.7
1147320 1549.2
1147330 1550.0
1147340 1550.0
1147350 1549.7
1147360 1548.3
1147370 1548.3
1147380 1544.7
1147390 1540.5
1147400 1540.5
1147410 1536.0
1147420 1533.4
1147430 1533.4
1147440 1531.4
1147450 1529.6
1147460 1535.6
1147470 1535.6
1147480 1533.3
1147490 1532.3
1147500 1532.3
1147510 1532.4
1147520 1531.0
1147530 1531.0
1147540 1529.1
1147550 1526.2
1147560 1526.2
1147570 1517.6
1147580 1507.7
1147590 1507.7
1147600 1498.9
1147610 1490.1
1147620 1490.1
1147630 1474.6
1147640 1462.4
1147650 1462.4
1147660 1461.3
1147670 1459.4
1147680 1459.4
1147690 1451.6
1147700 1445.0
1147710 1440.2
1147720 1440.2
1147730 1435.6
1147740 1430.7
1147750 1430.7
1147760 1424.1
1147770 1422.0
1147780 1422.0
1147790 1430.3
1147800 1443.0
1147810 1443.0
1147820 1457.3
1147830 1467.1
1147840 1462.0
1147850 1473.2
1147860 1481.7
1147870 1481.7
1147880 1488.4
1147890 1492.0
1147900 1492.0
1147910 1495.4
1147920 1504.3
1147930 1504.3
1147940 1511.6
1147950 1518.9
1147960 1518.9
1147970 1524.6
1147980 1530.1
1147990 1541.9
1148000 1541.9
1148010 1560.5
1148020 1580.8
1148030 1580.8
1148040 1589.8
1148050 1601.3
1148060 1601.3
1148070 1613.2
1148080 1622.4
1148090 1622.4
1148100 1629.7
1148110 1638.2
1148120 1638.2
1148130 1647.2
1148140 1655.2
1148150 1655.2
1148160 1662.8
1148170 1670.1
1148180 1670.1
1148190 1674.6
1148200 1672.9
1148210 1672.9
1148220 1678.2
1148230 1677.7
1148240 1679.0
1148250 1679.0
1148260 1678.0
1148270 1677.4
1148280 1677.4
1148290 1680.2
1148300 1683.4
1148310 1683.4
1148320 1686.4
1148330 1688.6
1148340 1688.6
1148350 1691.7
1148360 1695.9
1148370 1695.9
1148380 1701.0
1148390 1705.8
1148400 1705.8
1148410 1711.8
1148420 1717.5
1148430 1717.5
1148440 1723.2
1148450 1727.0
1148460 1727.0
1148470 1731.8
1148480 1736.8
1148490 1740.4
1148500 1740.4
1148510 1744.7
1148520 1748.1
1148530 1748.1
1148540 1750.0
1148550 1751.1
1148560 1751.1
1148570 1751.9
1148580 1752.8
1148590 1752.8
1148600 1765.8
1148610 1767.6
1148620 1767.6
1148630 1772.7
1148640 1776.1
1148650 1776.1
1148660 1783.9
1148670 1783.2
1148680 1783.2
1148690 1790.4
1148700 1795.8
1148710 1795.8
1148720 1798.4
1148730 1802.0
1148740 1802.0
1148750 1803.8
1148760 1806.7
1148770 1815.1
1148780 1815.1
1148790 1829.2
1148800 1833.8
1148810 1833.8
1148820 1829.8
1148830 1825.6
1148840 1825.6
1148850 1824.2
1148860 1821.5
1148870 1821.5
1148880 1821.9
1148890 1824.6
1148900 1824.6
1148910 1831.5
1148920 1839.8
1148930 1839.8
1148940 1848.0
1148950 1858.4
1148960 1858.4
1148970 1873.6
1148980 1884.5
1148990 1884.5
1149000 1893.4
1149010 1901.4
1149020 1909.7
1149030 1909.7
1149040 1916.3
1149050 1923.5
1149060 1923.5
1149070 1929.6
1149080 1932.4
1149090 1932.4
1149100 1932.7
1149110 1933.0
1149120 1933.0
1149130 1931.6
1149140 1935.4
1149150 1935.4
1149160 1939.8
1149170 1943.2
1149180 1943.2
1149190 1945.5
1149200 1946.1
1149210 1946.1
1149220 1947.3
1149230 1949.3
1149240 1949.3
1149250 1952.7
1149260 1953.5
1149270 1953.5
1149280 1955.7
1149290 1958.1
1149300 1961.7
1149310 1961.7
1149320 1964.2
1149330 1969.0
1149340 1969.0
1149350 1979.0
1149360 1982.6
1149370 1982.6
1149380 1984.2
1149390 1987.1
1149400 1987.1
1149410 1988.9
1149420 1991.5
1149430 1991.5
1149440 1995.1
1149450 1998.0
1149460 1998.0
1149470 1999.1
1149480 1998.2
1149490 1998.2
1149500 1998.6
1149510 1998.6
1149520 1998.6
1149530 1997.0
1149540 1995.7
1149550 1996.5
1149560 1996.5
1149570 1994.2
1149580 1988.8
1149590 1988.8
1149600 1982.6
1149610 1976.6
1149620 1976.6
1149630 1969.9
1149640 1960.6
1149650 1960.6
1149660 1950.2
1149670 1941.8
1149680 1941.8
1149690 1932.7
1149700 1925.2
1149710 1925.2
1149720 1916.5
1149730 1909.7
1149740 1909.7
1149750 1901.2
1149760 1891.5
1149770 1891.5
1149780 1882.9
1149790 1875.3
1149800 1865.5
1149810 1865.5
1149820 1855.4
1149830 1842.7
1149840 1842.7
1149850 1833.2
1149860 1827.5
1149870 1827.5
1149880 1824.3
1149890 1821.3
1149900 1821.3
1149910 1815.8
1149920 1808.1
1149930 1808.1
1149940 1801.6
1149950 1801.8
1149960 1801.8
1149970 1808.3
1149980 1815.0
1149990 1815.0
1150000 1811.8
1150010 1812.8
1150020 1812.8
1150030 1808.5
1150040 1803.3
1150050 1803.3
1150060 1802.7
1150070 1800.2
1150080 1794.9
1150090 1794.9
1150100 1792.5
1150110 1805.1
1150120 1805.1
1150130 1811.3
1150140 1819.7
1150150 1819.7
1150160 1826.7
1150170 1835.8
1150180 1835.8
1150190 1841.6
1150200 1849.5
1150210 1849.5
1150220 1834.7
1150230 1827.4
1150240 1827.4
1150250 1822.8
1150260 1815.2
1150270 1815.2
1150280 1805.3
1150290 1794.6
1150300 1794.6
1150310 1782.2
1150320 1770.2
1150330 1762.4
1150340 1762.4
1150350 1753.7
1150360 1744.2
1150370 1744.2
1150380 1738.9
1150390 1733.8
1150400 1733.8
1150410 1729.8
1150420 1723.9
1150430 1723.9
1150440 1715.6
1150450 1707.5
1150460 1707.5
1150470 1704.5
1150480 1704.9
1150490 1704.9
1150500 1710.3
1150510 1713.6
1150520 1713.6
1150530 1716.6
1150540 1719.6
1150550 1719.6
1150560 1725.2
1150570 1729.9
1150580 1735.4
1150590 1735.4
1150600 1741.0
1150610 1746.9
1150620 1746.9
1150630 1752.8
1150640 1758.8
1150650 1758.8
1150660 1764.8
1150670 1769.1
1150680 1769.1
1150690 1772.1
1150700 1778.1
1150710 1778.1
1150720 1785.6
1150730 1792.4
1150740 1792.4
1150750 1798.5
1150760 1806.7
1150770 1806.7
1150780 1816.4
1150790 1824.9
1150800 1824.9
1150810 1831.4
1150820 1838.8
1150830 1838.8
1150840 1849.5
1150850 1862.0
1150860 1870.8
1150870 1870.8
1150880 1890.6
1150890 1890.3
1150900 1890.3
1150910 1893.2
1150920 1904.0
1150930 1904.0
1150940 1917.5
1150950 1927.1
1150960 1927.1
1150970 1935.1
1150980 1944.4
1150990 1944.4
1151000 1953.3
1151010 1961.7
1151020 1961.7
1151030 1972.4
1151040 1991.0
1151050 1991.0
1151060 2016.8
1151070 2034.4
1151080 2034.4
1151090 2046.8
1151100 2058.7
1151110 2069.0
1151120 2069.0
1151130 2078.9
1151140 2085.8
1151150 2085.8
1151160 2093.5
1151170 2103.2
1151180 2103.2
1151190 2113.6
1151200 2119.1
1151210 2119.1
1151220 2120.0
1151230 2123.5
1151240 2123.5
1151250 2130.6
1151260 2147.9
1151270 2147.9
1151280 2158.2
1151290 2165.2
1151300 2165.2
1151310 2170.0
1151320 2171.6
1151330 2171.6
1151340 2170.6
1151350 2172.7
1151360 2172.7
1151370 2180.9
1151380 2190.9
1151390 2200.7
1151400 2200.7
1151410 2209.2
1151420 2211.7
1151430 2211.7
1151440 2207.0
1151450 2202.2
1151460 2202.2
1151470 2199.3
1151480 2196.2
1151490 2196.2
1151500 2192.4
1151510 2189.9
1151520 2189.9
1151530 2188.0
1151540 2186.5
1151550 2186.5
1151560 2185.6
1151570 2185.4
1151580 2185.4
1151590 2185.1
1151600 2185.3
1151610 2185.3
1151620 2186.9
1151630 2189.5
1151640 2197.2
1151650 2197.2
1151660 2198.4
1151670 2200.2
1151680 2200.2
1151690 2201.4
1151700 2200.8
1151710 2200.8
1151720 2197.8
1151730 2193.1
1151740 2193.1
1151750 2187.4
1151760 2181.1
1151770 2181.1
1151780 2174.6
1151790 2168.3
1151800 2168.3
1151810 2161.2
1151820 2153.8
1151830 2153.8
1151840 2146.9
1151850 2139.1
1151860 2139.1
1151870 2129.5
1151880 2121.1
1151890 2115.7
1151900 2115.7
1151910 2109.3
1151920 2104.9
1151930 2104.9
1151940 2100.1
1151950 2095.5
1151960 2095.5
1151970 2092.0
1151980 2089.0
1151990 2089.0
1152000 2084.1
1152010 2079.4
1152020 2090.1
1152030 2081.1
1152040 2071.0
1152050 2071.0
1152060 2061.7
1152070 2052.9
1152080 2052.9
1152090 2045.1
1152100 2038.7
1152110 2038.7
1152120 2033.4
1152130 2028.3
1152140 2028.3
1152150 2022.5
1152160 2018.2
1152170 2016.3
1152180 2016.3
1152190 2011.5
1152200 2005.2
1152210 2005.2
1152220 1999.7
1152230 1995.9
1152240 1995.9
1152250 1993.6
1152260 1990.2
1152270 1990.2
1152280 1986.2
1152290 1981.9
1152300 1981.9
1152310 1977.1
1152320 1971.6
1152330 1971.6
1152340 1965.9
1152350 1960.1
1152360 1960.1
1152370 1954.5
1152380 1949.2
1152390 1949.2
1152400 1943.7
1152410 1939.5
1152420 1932.8
1152430 1932.8
1152440 1925.5
1152450 1918.1
1152460 1918.1
1152470 1910.6
1152480 1904.3
1152490 1904.3
1152500 1898.5
1152510 1891.7
1152520 1891.7
1152530 1884.5
1152540 1876.7
1152550 1876.7
1152560 1869.0
1152570 1861.5
1152580 1861.5
1152590 1854.1
1152600 1847.3
1152610 1847.3
1152620 1841.5
1152630 1834.6
1152640 1834.6
1152650 1828.0
1152660 1821.5
1152670 1821.5
1152680 1815.0
1152690 1808.1
1152700 1800.2
1152710 1800.2
1152720 1791.6
1152730 1783.5
1152740 1783.5
1152750 1774.5
1152760 1767.2
1152770 1767.2
1152780 1759.9
1152790 1754.7
1152800 1754.7
1152810 1746.5
1152820 1739.5
1152830 1739.5
1152840 1734.7
1152850 1729.5
1152860 1729.5
1152870 1724.2
1152880 1718.3
1152890 1718.3
1152900 1714.3
1152910 1710.6
1152920 1710.6
1152930 1705.8
1152940 1700.1
1152950 1695.7
1152960 1695.7
1152970 1690.9
1152980 1688.8
1152990 1688.8
1153000 1689.1
1153010 1685.8
1153020 1685.8
1153030 1678.9
1153040 1672.3
1153050 1672.3
1153060 1666.1
1153070 1659.6
1153080 1659.6
1153090 1653.3
1153100 1646.6
1153110 1646.6
1153120 1639.9
1153130 1633.7
1153140 1633.7
1153150 1628.3
1153160 1623.5
1153170 1626.7
1153180 1623.5
1153190 1622.9
1153200 1622.5
1153210 1622.5
1153220 1621.1
1153230 1621.3
1153240 1621.3
1153250 1619.9
1153260 1615.8
1153270 1615.8
1153280 1610.7
1153290 1605.0
1153300 1605.0
1153310 1599.2
1153320 1593.1
1153330 1593.1
1153340 1586.4
1153350 1580.1
1153360 1580.1
1153370 1573.6
1153380 1565.4
1153390 1565.4
1153400 1557.1
1153410 1548.2
1153420 1548.2
1153430 1538.4
1153440 1526.5
1153450 1526.5
1153460 1512.4
1153470 1499.0
1153480 1494.6
1153490 1494.6
1153500 1500.6
1153510 1502.2
1153520 1502.2
1153530 1506.9
1153540 1512.3
1153550 1512.3
1153560 1503.5
1153570 1502.0
1153580 1502.0
1153590 1497.0
1153600 1492.7
1153610 1492.7
1153620 1491.1
1153630 1486.4
1153640 1486.4
1153650 1477.7
1153660 1467.7
1153670 1467.7
1153680 1458.5
1153690 1450.5
1153700 1450.5
1153710 1443.5
1153720 1436.6
1153730 1430.1
1153740 1430.1
1153750 1423.8
1153760 1417.4
1153770 1417.4
1153780 1411.0
1153790 1406.1
1153800 1406.1
1153810 1400.3
1153820 1395.3
1153830 1395.3
1153840 1389.9
1153850 1385.8
1153860 1385.8
1153870 1382.2
1153880 1377.8
1153890 1377.8
1153900 1372.2
1153910 1368.1
1153920 1368.1
1153930 1366.6
1153940 1374.6
1153950 1374.6
1153960 1376.5
1153970 1377.7
1153980 1378.3
1153990 1378.3
1154000 1378.9
1154010 1382.7
1154020 1382.7
1154030 1384.6
1154040 1386.2
1154050 1386.2
1154060 1388.5
1154070 1391.6
1154080 1391.6
1154090 1396.8
1154100 1403.6
1154110 1403.6
1154120 1411.0
1154130 1418.3
1154140 1418.3
1154150 1425.1
1154160 1431.9
1154170 1431.9
1154180 1439.4
1154190 1447.3
1154200 1447.3
1154210 1456.8
1154220 1467.9
1154230 1467.9
1154240 1475.2
1154250 1480.0
1154260 1486.8
1154270 1486.8
1154280 1495.3
1154290 1502.2
1154300 1502.2
1154310 1507.9
1154320 1513.7
1154330 1518.4
1154340 1526.5
1154350 1532.7
1154360 1532.7
1154370 1539.0
1154380 1546.1
1154390 1546.1
1154400 1553.9
1154410 1562.0
1154420 1562.0
1154430 1569.5
1154440 1576.6
1154450 1576.6
1154460 1583.4
1154470 1590.0
1154480 1590.0
1154490 1597.0
1154500 1603.1
1154510 1609.8
1154520 1609.8
1154530 1616.5
1154540 1623.1
1154550 1623.1
1154560 1629.4
1154570 1637.2
1154580 1637.2
1154590 1645.7
1154600 1653.5
1154610 1653.5
1154620 1660.3
1154630 1667.1
1154640 1667.1
1154650 1673.4
1154660 1679.2
1154670 1679.2
1154680 1684.6
1154690 1689.6
1154700 1689.6
1154710 1698.4
1154720 1702.4
1154730 1702.4
1154740 1705.7
1154750 1708.7
1154760 1708.7
1154770 1711.3
1154780 1713.5
1154790 1715.0
1154800 1715.0
1154810 1716.0
1154820 1716.9
1154830 1716.9
1154840 1718.5
1154850 1720.1
1154860 1720.1
1154870 1721.3
1154880 1721.8
1154890 1721.8
1154900 1722.1
1154910 1722.3
1154920 1722.3
1154930 1722.2
1154940 1720.1
1154950 1720.1
1154960 1717.9
1154970 1718.7
1154980 1718.7
1154990 1725.3
1155000 1732.5
1155010 1732.5
1155020 1738.7
1155030 1742.8
1155040 1748.2
1155050 1748.2
1155060 1753.7
1155070 1760.2
1155080 1760.2
1155090 1767.4
1155100 1774.8
1155110 1774.8
1155120 1781.5
1155130 1786.6
1155140 1786.6
1155150 1788.6
1155160 1792.5
1155170 1792.5
1155180 1799.1
1155190 1807.0
1155200 1807.0
1155210 1814.6
1155220 1821.1
1155230 1821.1
1155240 1827.5
1155250 1834.4
1155260 1834.4
1155270 1841.6
1155280 1848.1
1155290 1854.1
1155300 1854.1
1155310 1859.2
1155320 1862.9
1155330 1862.9
1155340 1865.0
1155350 1868.0
1155360 1868.0
1155370 1871.4
1155380 1875.4
1155390 1875.4
1155400 1881.6
1155410 1888.1
1155420 1888.1
1155430 1894.2
1155440 1900.9
1155450 1900.9
1155460 1908.3
1155470 1914.9
1155480 1921.0
1155490 1927.7
1155500 1933.6
1155510 1933.6
1155520 1938.8
1155530 1943.7
1155540 1943.7
1155550 1947.6
1155560 1951.8
1155570 1956.1
1155580 1956.1
1155590 1959.3
1155600 1962.5
1155610 1962.5
1155620 1964.3
1155630 1967.8
1155640 1967.8
1155650 1973.8
1155660 1983.2
1155670 1983.2
1155680 1992.9
1155690 2002.0
1155700 2002.0
1155710 2010.3
1155720 2018.9
1155730 2018.9
1155740 2027.7
1155750 2037.0
1155760 2037.0
1155770 2046.5
1155780 2055.1
1155790 2055.1
1155800 2063.1
1155810 2071.3
1155820 2076.6
1155830 2076.6
1155840 2080.0
1155850 2082.8
1155860 2082.8
1155870 2092.9
1155880 2096.2
1155890 2096.2
1155900 2100.2
1155910 2105.4
1155920 2105.4
1155930 2112.2
1155940 2119.6
1155950 2119.6
1155960 2127.8
1155970 2136.6
1155980 2136.6
1155990 2145.3
1156000 2154.0
1156010 2154.0
1156020 2162.5
1156030 2170.8
1156040 2170.8
1156050 2179.0
1156060 2186.7
1156070 2193.3
1156080 2193.3
1156090 2200.1
1156100 2206.4
1156110 2206.4
1156120 2213.3
1156130 2220.1
1156140 2220.1
1156150 2226.9
1156160 2231.3
1156170 2231.3
1156180 2229.1
1156190 2223.8
1156200 2223.8
1156210 2217.0
1156220 2209.6
1156230 2209.6
1156240 2202.5
1156250 2194.1
1156260 2193.8
1156270 2184.7
1156280 2177.3
1156290 2177.3
1156300 2170.6
1156310 2164.6
1156320 2164.6
1156330 2156.8
1156340 2148.0
1156350 2139.1
1156360 2139.1
1156370 2130.1
1156380 2120.8
1156390 2120.8
1156400 2110.9
1156410 2101.6
1156420 2101.6
1156430 2091.9
1156440 2080.8
1156450 2080.8
1156460 2070.0
1156470 2059.3
1156480 2059.3
1156490 2048.3
1156500 2036.0
1156510 2036.0
1156520 2024.1
1156530 2014.0
1156540 2014.0
1156550 2004.8
1156560 1995.0
1156570 1995.0
1156580 1984.9
1156590 1975.2
1156600 1966.3
1156610 1966.3
1156620 1957.4
1156630 1948.4
1156640 1948.4
1156650 1948.4
1156660 1942.8
1156670 1942.8
1156680 1935.4
1156690 1923.0
1156700 1923.0
1156710 1926.4
1156720 1926.0
1156730 1926.0
1156740 1909.8
1156750 1883.5
1156760 1883.5
1156770 1862.3
1156780 1851.0
1156790 1851.0
1156800 1845.0
1156810 1841.4
1156820 1841.4
1156830 1838.6
1156840 1833.0
1156850 1833.0
1156860 1821.0
1156870 1810.0
1156880 1800.0
1156890 1800.0
1156900 1791.1
1156910 1782.5
1156920 1782.5
1156930 1771.7
1156940 1759.5
1156950 1759.5
1156960 1755.0
1156970 1756.2
1156980 1756.2
1156990 1758.3
1157000 1761.3
1157010 1761.3
1157020 1762.0
1157030 1750.8
1157040 1750.8
1157050 1740.6
1157060 1722.2
1157070 1722.2
1157080 1699.8
1157090 1713.9
1157100 1713.9
1157110 1737.8
1157120 1737.6
1157130 1715.6
1157140 1715.6
1157150 1714.6
1157160 1730.7
1157170 1730.7
1157180 1729.4
1157190 1723.7
1157200 1723.7
1157210 1717.4
1157220 1709.6
1157230 1709.6
1157240 1701.2
1157250 1693.1
1157260 1693.1
1157270 1685.5
1157280 1678.4
1157290 1678.4
1157300 1670.9
1157310 1663.6
1157320 1663.6
1157330 1656.5
1157340 1649.4
1157350 1649.4
1157360 1642.7
1157370 1636.9
1157380 1631.9
1157390 1631.9
1157400 1627.5
1157410 1622.4
1157420 1616.8
1157430 1611.2
1157440 1604.1
1157450 1604.1
1157460 1596.7
1157470 1589.2
1157480 1589.2
1157490 1582.2
1157500 1578.4
1157510 1578.4
1157520 1571.6
1157530 1560.8
1157540 1560.8
1157550 1550.4
1157560 1542.2
1157570 1542.2
1157580 1537.0
1157590 1533.0
1157600 1533.0
1157610 1529.3
1157620 1526.1
1157630 1526.1
1157640 1521.2
1157650 1516.1
1157660 1510.3
1157670 1510.3
1157680 1503.6
1157690 1496.4
1157700 1496.4
1157710 1490.4
1157720 1486.1
1157730 1486.1
1157740 1481.1
1157750 1473.8
1157760 1473.8
1157770 1467.1
1157780 1466.3
1157790 1466.3
1157800 1469.0
1157810 1463.6
1157820 1463.6
1157830 1460.7
1157840 1457.2
1157850 1457.2
1157860 1453.1
1157870 1449.0
1157880 1449.0
1157890 1445.4
1157900 1442.6
1157910 1440.2
1157920 1440.2
1157930 1438.1
1157940 1437.6
1157950 1437.6
1157960 1437.0
1157970 1435.8
1157980 1435.8
1157990 1434.6
1158000 1433.6
1158010 1433.6
1158020 1432.5
1158030 1431.4
1158040 1431.4
1158050 1429.7
1158060 1428.4
1158070 1428.4
1158080 1425.9
1158090 1422.3
1158100 1422.3
1158110 1418.8
1158120 1415.0
1158130 1415.0
1158140 1410.6
1158150 1406.2
1158160 1401.9
1158170 1401.9
1158180 1398.0
1158190 1395.2
1158200 1392.4
1158210 1388.4
1158220 1385.5
1158230 1385.5
1158240 1382.7
1158250 1380.8
1158260 1380.8
1158270 1379.7
1158280 1377.5
1158290 1377.5
1158300 1373.1
1158310 1368.3
1158320 1368.3
1158330 1364.3
1158340 1361.4
1158350 1361.4
1158360 1359.4
1158370 1357.8
1158380 1357.8
1158390 1357.5
1158400 1357.9
1158410 1357.9
1158420 1357.1
1158430 1355.2
1158440 1352.2
1158450 1352.2
1158460 1348.4
1158470 1345.4
1158480 1345.4
1158490 1340.7
1158500 1335.3
1158510 1335.3
1158520 1331.5
1158530 1326.5
1158540 1326.5
1158550 1323.7
1158560 1323.3
1158570 1323.3
1158580 1322.9
1158590 1323.2
1158600 1323.2
1158610 1323.0
1158620 1323.8
1158630 1323.8
1158640 1325.3
1158650 1328.1
1158660 1328.1
1158670 1331.9
1158680 1334.2
1158690 1334.2
1158700 1334.2
1158710 1335.8
1158720 1337.3
1158730 1337.3
1158740 1340.4
1158750 1341.7
1158760 1341.7
1158770 1343.6
1158780 1344.8
1158790 1344.8
1158800 1346.5
1158810 1349.0
1158820 1349.0
1158830 1354.5
1158840 1358.8
1158850 1358.8
1158860 1359.2
1158870 1365.0
1158880 1365.0
1158890 1370.6
1158900 1371.6
1158910 1371.6
1158920 1370.3
1158930 1367.7
1158940 1367.7
1158950 1362.6
1158960 1355.2
1158970 1346.3
1158980 1345.9
1158990 1340.7
1159000 1339.3
1159010 1339.3
1159020 1339.9
1159030 1341.8
1159040 1341.8
1159050 1343.4
1159060 1345.2
1159070 1345.2
1159080 1348.1
1159090 1351.6
1159100 1351.6
1159110 1355.4
1159120 1358.9
1159130 1358.9
1159140 1361.1
1159150 1361.2
1159160 1361.2
1159170 1357.3
1159180 1353.6
1159190 1353.6
1159200 1353.1
1159210 1352.6
1159220 1350.5
1159230 1350.5
1159240 1346.1
1159250 1349.4
1159260 1349.4
1159270 1350.0
1159280 1349.5
1159290 1349.5
1159300 1349.1
1159310 1349.1
1159320 1349.1
1159330 1349.8
1159340 1350.8
1159350 1350.8
1159360 1351.9
1159370 1359.2
1159380 1359.2
1159390 1361.0
1159400 1363.0
1159410 1363.0
1159420 1364.7
1159430 1366.9
1159440 1366.9
1159450 1368.7
1159460 1367.5
1159470 1366.2
1159480 1366.2
1159490 1366.9
1159500 1367.1
1159510 1367.1
1159520 1367.0
1159530 1366.4
1159540 1366.4
1159550 1365.1
1159560 1364.1
1159570 1364.1
1159580 1363.2
1159590 1360.4
1159600 1360.4
1159610 1358.6
1159620 1358.2
1159630 1358.2
1159640 1359.0
1159650 1359.9
1159660 1359.9
1159670 1359.4
1159680 1355.4
1159690 1355.4
1159700 1350.1
1159710 1346.5
1159720 1346.5
1159730 1344.3
1159740 1341.4
1159750 1337.6
1159760 1337.6
1159770 1338.6
1159780 1335.1
1159790 1335.1
1159800 1333.3
1159810 1330.9
1159820 1330.9
1159830 1328.7
1159840 1327.0
1159850 1327.0
1159860 1324.8
1159870 1323.2
1159880 1323.2
1159890 1322.1
1159900 1321.2
1159910 1321.2
1159920 1317.7
1159930 1314.0
1159940 1314.0
1159950 1314.5
1159960 1315.7
1159970 1315.7
1159980 1313.6
1159990 1310.2
