1140000 1282.5
1140010 1282.9
1140020 1282.9
1140030 1282.8
1140040 1282.1
1140050 1282.1
1140060 1282.6
1140070 1282.0
1140080 1282.0
1140090 1281.3
1140100 1281.8
1140110 1281.7
1140120 1281.7
1140130 1283.9
1140140 1291.6
1140150 1291.6
1140160 1302.0
1140170 1309.7
1140180 1309.7
1140190 1314.9
1140200 1316.3
1140210 1316.3
1140220 1316.2
1140230 1317.3
1140240 1317.3
1140250 1316.0
1140260 1312.4
1140270 1312.4
1140280 1304.1
1140290 1308.0
1140300 1308.0
1140310 1337.1
1140320 1337.2
1140330 1337.2
1140340 1336.9
1140350 1335.9
1140360 1335.9
1140370 1336.2
1140380 1338.4
1140390 1339.0
1140400 1339.0
1140410 1338.2
1140420 1336.7
1140430 1336.7
1140440 1335.6
1140450 1336.6
1140460 1336.6
1140470 1337.7
1140480 1339.3
1140490 1339.3
1140500 1340.9
1140510 1341.6
1140520 1341.6
1140530 1341.9
1140540 1341.2
1140550 1341.2
1140560 1339.8
1140570 1338.1
1140580 1338.1
1140590 1337.7
1140600 1338.1
1140610 1338.1
1140620 1337.9
1140630 1337.6
1140640 1337.4
1140650 1337.4
1140660 1336.8
1140670 1337.1
1140680 1341.4
1140690 1341.1
1140700 1340.8
1140710 1340.8
1140720 1341.1
1140730 1341.1
1140740 1341.1
1140750 1340.7
1140760 1339.4
1140770 1339.4
1140780 1337.9
1140790 1336.8
1140800 1336.8
1140810 1334.7
1140820 1332.1
1140830 1332.1
1140840 1329.4
1140850 1326.4
1140860 1326.4
1140870 1324.4
1140880 1323.3
1140890 1322.9
1140900 1322.9
1140910 1322.6
1140920 1322.4
1140930 1322.4
1140940 1322.2
1140950 1321.8
1140960 1321.8
1140970 1321.8
1140980 1320.6
1140990 1320.6
1141000 1318.6
1141010 1315.9
1141020 1315.9
1141030 1315.7
1141040 1315.8
1141050 1321.0
1141060 1319.7
1141070 1318.2
1141080 1318.2
1141090 1316.8
1141100 1316.0
1141110 1316.0
1141120 1315.5
1141130 1312.9
1141140 1312.9
1141150 1308.6
1141160 1304.2
1141170 1299.6
1141180 1299.6
1141190 1296.0
1141200 1292.6
1141210 1292.6
1141220 1289.6
1141230 1287.0
1141240 1287.0
1141250 1284.1
1141260 1280.9
1141270 1280.9
1141280 1276.5
1141290 1272.5
1141300 1272.5
1141310 1268.8
1141320 1266.6
1141330 1266.6
1141340 1265.6
1141350 1265.3
1141360 1265.3
1141370 1264.4
1141380 1263.6
1141390 1263.6
1141400 1263.2
1141410 1262.1
1141420 1262.2
1141430 1266.6
1141440 1266.1
1141450 1264.6
1141460 1264.6
1141470 1259.3
1141480 1245.3
1141490 1245.3
1141500 1230.6
1141510 1224.3
1141520 1224.3
1141530 1230.9
1141540 1233.3
1141550 1233.3
1141560 1233.1
1141570 1231.8
1141580 1231.8
1141590 1232.4
1141600 1235.5
1141610 1235.5
1141620 1248.3
1141630 1268.1
1141640 1268.1
1141650 1273.7
1141660 1281.4
1141670 1281.4
1141680 1287.0
1141690 1291.6
1141700 1293.6
1141710 1293.6
1141720 1296.0
1141730 1297.3
1141740 1297.3
1141750 1298.5
1141760 1300.1
1141770 1300.1
1141780 1301.9
1141790 1304.4
1141800 1309.6
1141810 1313.1
1141820 1316.8
1141830 1316.8
1141840 1320.5
1141850 1324.5
1141860 1324.5
1141870 1328.4
1141880 1332.4
1141890 1332.4
1141900 1335.5
1141910 1338.2
1141920 1338.2
1141930 1341.7
1141940 1345.6
1141950 1348.8
1141960 1348.8
1141970 1352.1
1141980 1355.7
1141990 1355.7
1142000 1358.6
1142010 1361.3
1142020 1361.3
1142030 1363.7
1142040 1365.9
1142050 1365.9
1142060 1367.8
1142070 1370.1
1142080 1370.1
1142090 1373.7
1142100 1376.2
1142110 1376.2
1142120 1378.8
1142130 1382.3
1142140 1382.3
1142150 1387.1
1142160 1396.0
1142170 1415.1
1142180 1423.5
1142190 1430.6
1142200 1430.6
1142210 1439.1
1142220 1440.2
1142230 1441.7
1142240 1441.7
1142250 1442.0
1142260 1443.4
1142270 1443.4
1142280 1447.2
1142290 1453.2
1142300 1453.2
1142310 1454.8
1142320 1453.6
1142330 1453.6
1142340 1452.5
1142350 1452.7
1142360 1452.7
1142370 1453.3
1142380 1453.9
1142390 1453.9
1142400 1453.7
1142410 1452.3
1142420 1452.3
1142430 1450.5
1142440 1448.9
1142450 1448.9
1142460 1447.8
1142470 1445.9
1142480 1443.3
1142490 1443.3
1142500 1440.2
1142510 1435.9
1142520 1435.9
1142530 1430.5
1142540 1422.0
1142550 1422.0
1142560 1416.0
1142570 1410.0
1142580 1410.0
1142590 1404.5
1142600 1399.2
1142610 1399.2
1142620 1394.1
1142630 1389.4
1142640 1389.4
1142650 1385.1
1142660 1381.2
1142670 1381.2
1142680 1377.8
1142690 1375.4
1142700 1375.4
1142710 1374.2
1142720 1373.2
1142730 1371.9
1142740 1371.9
1142750 1370.0
1142760 1368.4
1142770 1368.4
1142780 1366.9
1142790 1365.6
1142800 1365.6
1142810 1362.8
1142820 1359.5
1142830 1359.5
1142840 1356.5
1142850 1353.7
1142860 1353.7
1142870 1348.7
1142880 1342.3
1142890 1342.3
1142900 1335.8
1142910 1335.2
1142920 1335.2
1142930 1329.1
1142940 1323.6
1142950 1323.6
1142960 1318.3
1142970 1313.7
1142980 1313.7
1142990 1309.9
1143000 1306.7
1143010 1302.8
1143020 1302.8
1143030 1298.4
1143040 1294.0
1143050 1294.0
1143060 1289.8
1143070 1285.1
1143080 1285.1
1143090 1279.8
1143100 1274.3
1143110 1274.3
1143120 1268.3
1143130 1260.1
1143140 1260.1
1143150 1251.1
1143160 1240.6
1143170 1240.6
1143180 1230.3
1143190 1223.8
1143200 1223.8
1143210 1217.8
1143220 1212.1
1143230 1212.1
1143240 1206.3
1143250 1199.8
1143260 1194.9
1143270 1194.9
1143280 1190.9
1143290 1188.9
1143300 1188.9
1143310 1184.1
1143320 1179.3
1143330 1179.3
1143340 1174.9
1143350 1170.5
1143360 1170.5
1143370 1165.6
1143380 1160.8
1143390 1160.8
1143400 1156.4
1143410 1152.3
1143420 1152.3
1143430 1148.8
1143440 1146.2
1143450 1146.2
1143460 1143.8
1143470 1140.8
1143480 1140.8
1143490 1138.1
1143500 1135.8
1143510 1135.8
1143520 1133.6
1143530 1131.5
1143540 1129.4
1143550 1129.4
1143560 1128.1
1143570 1127.8
1143580 1127.8
1143590 1127.8
1143600 1128.0
1143610 1128.0
1143620 1128.1
1143630 1128.1
1143640 1128.1
1143650 1128.0
1143660 1127.8
1143670 1127.8
1143680 1127.7
1143690 1127.8
1143700 1127.8
1143710 1127.7
1143720 1127.5
1143730 1127.5
1143740 1127.5
1143750 1127.0
1143760 1127.0
1143770 1125.7
1143780 1125.4
1143790 1125.4
1143800 1125.4
1143810 1126.4
1143820 1127.8
1143830 1127.8
1143840 1128.1
1143850 1127.8
1143860 1127.8
1143870 1127.5
1143880 1127.2
1143890 1127.2
1143900 1126.8
1143910 1126.4
1143920 1126.4
1143930 1126.0
1143940 1125.5
1143950 1125.5
1143960 1125.1
1143970 1124.8
1143980 1124.8
1143990 1124.5
1144000 1124.3
1144010 1124.3
1144020 1124.3
1144030 1125.3
1144040 1125.2
1144050 1125.2
1144060 1125.2
1144070 1125.1
1144080 1125.1
1144090 1125.1
1144100 1125.1
1144110 1125.1
1144120 1125.0
1144130 1124.8
1144140 1124.8
1144150 1124.6
1144160 1124.6
1144170 1124.6
1144180 1124.4
1144190 1124.3
1144200 1124.3
1144210 1124.2
1144220 1124.1
1144230 1124.1
1144240 1124.0
1144250 1123.9
1144260 1123.9
1144270 1123.9
1144280 1123.8
1144290 1123.8
1144300 1123.6
1144310 1123.3
1144320 1123.2
1144330 1123.2
1144340 1123.4
1144350 1123.9
1144360 1123.9
1144370 1124.8
1144380 1125.9
1144390 1125.9
1144400 1126.8
1144410 1125.3
1144420 1125.3
1144430 1126.3
1144440 1126.7
1144450 1126.7
1144460 1127.2
1144470 1128.0
1144480 1128.0
1144490 1130.5
1144500 1136.4
1144510 1136.4
1144520 1143.1
1144530 1150.0
1144540 1150.0
1144550 1157.7
1144560 1165.5
1144570 1169.6
1144580 1169.6
1144590 1173.3
1144600 1177.1
1144610 1177.1
1144620 1179.6
1144630 1183.2
1144640 1183.2
1144650 1189.1
1144660 1195.4
1144670 1195.4
1144680 1205.7
1144690 1215.4
1144700 1215.4
1144710 1225.0
1144720 1237.9
1144730 1237.9
1144740 1250.6
1144750 1261.1
1144760 1261.1
1144770 1270.3
1144780 1270.7
1144790 1270.7
1144800 1274.8
1144810 1278.2
1144820 1278.2
1144830 1281.8
1144840 1286.1
1144850 1289.5
1144860 1289.5
1144870 1292.3
1144880 1294.3
1144890 1294.3
1144900 1295.3
1144910 1294.7
1144920 1294.7
1144930 1293.1
1144940 1290.3
1144950 1290.3
1144960 1284.5
1144970 1278.2
1144980 1278.2
1144990 1272.5
1145000 1267.5
1145010 1267.5
1145020 1263.1
1145030 1259.5
1145040 1259.5
1145050 1256.8
1145060 1252.2
1145070 1252.2
1145080 1246.5
1145090 1240.4
1145100 1234.3
1145110 1234.3
1145120 1228.4
1145130 1220.1
1145140 1220.1
1145150 1212.6
1145160 1198.3
1145170 1198.3
1145180 1191.5
1145190 1184.9
1145200 1184.9
1145210 1178.7
1145220 1172.6
1145230 1172.6
1145240 1166.3
1145250 1160.0
1145260 1160.0
1145270 1154.0
1145280 1148.5
1145290 1148.5
1145300 1143.1
1145310 1139.4
1145320 1139.4
1145330 1135.7
1145340 1132.0
1145350 1132.0
1145360 1127.8
1145370 1123.7
1145380 1120.8
1145390 1120.8
1145400 1118.4
1145410 1117.5
1145420 1117.5
1145430 1117.3
1145440 1117.1
1145450 1117.1
1145460 1117.0
1145470 1117.4
1145480 1117.4
1145490 1117.5
1145500 1117.4
1145510 1117.4
1145520 1117.2
1145530 1117.1
1145540 1117.1
1145550 1116.6
1145560 1116.4
1145570 1116.4
1145580 1116.5
1145590 1116.7
1145600 1116.7
1145610 1116.7
1145620 1116.7
1145630 1116.5
1145640 1116.5
1145650 1116.3
1145660 1116.2
1145670 1116.2
1145680 1116.1
1145690 1116.1
1145700 1116.1
1145710 1116.1
1145720 1116.0
1145730 1116.0
1145740 1116.0
1145750 1115.9
1145760 1115.9
1145770 1115.9
1145780 1115.9
1145790 1115.9
1145800 1115.9
1145810 1115.9
1145820 1115.9
1145830 1116.0
1145840 1116.2
1145850 1116.2
1145860 1116.3
1145870 1116.4
1145880 1116.3
1145890 1116.3
1145900 1116.0
1145910 1115.5
1145920 1115.5
1145930 1115.1
1145940 1114.8
1145950 1114.8
1145960 1114.6
1145970 1114.4
1145980 1114.4
1145990 1114.3
1146000 1113.9
1146010 1113.9
1146020 1113.5
1146030 1113.2
1146040 1113.2
1146050 1112.3
1146060 1111.8
1146070 1111.8
1146080 1111.2
1146090 1111.1
1146100 1111.1
1146110 1111.1
1146120 1112.4
1146130 1112.4
1146140 1114.6
1146150 1115.1
1146160 1113.9
1146170 1113.9
1146180 1113.9
1146190 1113.9
1146200 1113.9
1146210 1114.0
1146220 1113.9
1146230 1113.9
1146240 1114.0
1146250 1114.1
1146260 1114.1
1146270 1114.4
1146280 1114.6
1146290 1114.6
1146300 1114.6
1146310 1114.6
1146320 1114.6
1146330 1114.4
1146340 1114.3
1146350 1114.3
1146360 1114.2
1146370 1114.2
1146380 1114.2
1146390 1114.3
1146400 1114.2
1146410 1114.0
1146420 1114.0
1146430 1113.9
1146440 1113.7
1146450 1113.7
1146460 1113.6
1146470 1113.5
1146480 1113.5
1146490 1113.2
1146500 1112.9
1146510 1112.9
1146520 1112.7
1146530 1112.4
1146540 1112.4
1146550 1112.2
1146560 1112.1
1146570 1112.1
1146580 1112.1
1146590 1112.0
1146600 1112.0
1146610 1112.0
1146620 1112.0
1146630 1112.0
1146640 1111.8
1146650 1111.7
1146660 1111.8
1146670 1111.6
1146680 1111.5
1146690 1111.4
1146700 1111.4
1146710 1111.3
1146720 1111.2
1146730 1111.2
1146740 1111.1
1146750 1111.2
1146760 1111.2
1146770 1111.5
1146780 1111.5
1146790 1111.5
1146800 1111.4
1146810 1111.3
1146820 1111.3
1146830 1111.1
1146840 1111.1
1146850 1111.1
1146860 1111.7
1146870 1113.3
1146880 1113.3
1146890 1114.8
1146900 1115.7
1146910 1115.7
1146920 1116.9
1146930 1117.1
1146940 1116.2
1146950 1116.2
1146960 1114.5
1146970 1112.6
1146980 1112.6
1146990 1111.7
1147000 1113.0
1147010 1113.0
1147020 1115.7
1147030 1122.8
1147040 1122.8
1147050 1125.9
1147060 1127.7
1147070 1127.7
1147080 1130.3
1147090 1133.3
1147100 1133.3
1147110 1135.2
1147120 1137.8
1147130 1137.8
1147140 1141.2
1147150 1144.4
1147160 1144.4
1147170 1146.8
1147180 1146.4
1147190 1148.8
1147200 1148.8
1147210 1153.9
1147220 1153.0
1147230 1153.0
1147240 1155.9
1147250 1159.3
1147260 1159.3
1147270 1161.3
1147280 1162.2
1147290 1162.2
1147300 1163.7
1147310 1165.0
1147320 1165.0
1147330 1167.5
1147340 1167.8
1147350 1167.8
1147360 1169.9
1147370 1177.7
1147380 1177.7
1147390 1172.4
1147400 1157.3
1147410 1187.1
1147420 1172.4
1147430 1160.6
1147440 1160.6
1147450 1161.4
1147460 1166.7
1147470 1172.2
1147480 1172.2
1147490 1177.8
1147500 1187.8
1147510 1187.8
1147520 1202.6
1147530 1224.1
1147540 1224.1
1147550 1244.8
1147560 1262.0
1147570 1262.0
1147580 1270.8
1147590 1277.3
1147600 1277.3
1147610 1283.4
1147620 1289.6
1147630 1289.6
1147640 1295.5
1147650 1301.1
1147660 1301.1
1147670 1307.5
1147680 1316.5
1147690 1316.5
1147700 1324.1
1147710 1328.1
1147720 1328.1
1147730 1328.1
1147740 1326.0
1147750 1324.0
1147760 1324.0
1147770 1324.9
1147780 1327.9
1147790 1340.5
1147800 1345.8
1147810 1345.9
1147820 1345.9
1147830 1347.6
1147840 1357.8
1147850 1357.8
1147860 1363.3
1147870 1364.8
1147880 1364.8
1147890 1366.1
1147900 1366.3
1147910 1366.3
1147920 1365.5
1147930 1364.3
1147940 1364.3
1147950 1360.9
1147960 1356.6
1147970 1356.6
1147980 1352.6
1147990 1348.4
1148000 1349.4
1148010 1349.4
1148020 1353.8
1148030 1349.3
1148040 1349.3
1148050 1346.8
1148060 1347.5
1148070 1347.5
1148080 1349.2
1148090 1350.6
1148100 1350.6
1148110 1358.8
1148120 1357.0
1148130 1357.0
1148140 1357.5
1148150 1356.8
1148160 1356.8
1148170 1364.1
1148180 1362.2
1148190 1362.2
1148200 1359.1
1148210 1358.3
1148220 1358.3
1148230 1362.0
1148240 1371.3
1148250 1375.0
1148260 1375.0
1148270 1379.1
1148280 1381.2
1148290 1381.2
1148300 1382.1
1148310 1385.0
1148320 1385.0
1148330 1389.8
1148340 1395.8
1148350 1395.8
1148360 1400.2
1148370 1403.8
1148380 1403.8
1148390 1409.7
1148400 1413.3
1148410 1413.3
1148420 1416.4
1148430 1418.4
1148440 1418.4
1148450 1421.8
1148460 1424.1
1148470 1424.1
1148480 1430.6
1148490 1438.3
1148500 1438.3
1148510 1443.7
1148520 1445.4
1148530 1445.0
1148540 1445.0
1148550 1461.5
1148560 1467.4
1148570 1467.4
1148580 1472.0
1148590 1466.3
1148600 1466.3
1148610 1452.4
1148620 1443.1
1148630 1443.1
1148640 1452.8
1148650 1468.9
1148660 1468.9
1148670 1480.7
1148680 1500.6
1148690 1500.6
1148700 1512.4
1148710 1517.2
1148720 1517.2
1148730 1515.4
1148740 1511.5
1148750 1511.5
1148760 1517.4
1148770 1527.4
1148780 1532.9
1148790 1532.9
1148800 1531.4
1148810 1531.6
1148820 1531.6
1148830 1537.3
1148840 1544.7
1148850 1544.7
1148860 1545.0
1148870 1538.6
1148880 1538.6
1148890 1538.7
1148900 1544.5
1148910 1544.5
1148920 1560.1
1148930 1561.8
1148940 1561.8
1148950 1566.4
1148960 1573.7
1148970 1573.7
1148980 1577.7
1148990 1577.9
1149000 1577.9
1149010 1582.2
1149020 1588.4
1149030 1590.0
1149040 1590.0
1149050 1594.9
1149060 1602.9
1149070 1602.9
1149080 1606.0
1149090 1606.2
1149100 1606.2
1149110 1609.5
1149120 1613.2
1149130 1613.2
1149140 1602.9
1149150 1591.8
1149160 1591.8
1149170 1585.2
1149180 1581.5
1149190 1581.5
1149200 1580.2
1149210 1582.9
1149220 1582.9
1149230 1591.8
1149240 1599.3
1149250 1599.3
1149260 1600.6
1149270 1605.0
1149280 1605.0
1149290 1610.8
1149300 1628.0
1149310 1633.9
1149320 1633.9
1149330 1637.6
1149340 1637.9
1149350 1637.9
1149360 1636.3
1149370 1638.9
1149380 1638.9
1149390 1632.8
1149400 1635.0
1149410 1635.0
1149420 1643.6
1149430 1646.0
1149440 1646.0
1149450 1644.1
1149460 1641.5
1149470 1641.5
1149480 1647.9
1149490 1658.2
1149500 1658.2
1149510 1661.3
1149520 1664.4
1149530 1664.4
1149540 1669.3
1149550 1673.5
1149560 1679.3
1149570 1679.3
1149580 1684.7
1149590 1693.0
1149600 1693.0
1149610 1697.7
1149620 1706.0
1149630 1706.0
1149640 1712.8
1149650 1721.1
1149660 1721.1
1149670 1729.2
1149680 1753.9
1149690 1753.9
1149700 1783.3
1149710 1801.3
1149720 1801.3
1149730 1801.7
1149740 1801.0
1149750 1801.0
1149760 1798.9
1149770 1794.7
1149780 1794.7
1149790 1790.2
1149800 1784.6
1149810 1784.6
1149820 1779.1
1149830 1772.2
1149840 1762.8
1149850 1762.8
1149860 1752.3
1149870 1743.3
1149880 1743.3
1149890 1731.8
1149900 1722.8
1149910 1722.8
1149920 1715.7
1149930 1709.8
1149940 1709.8
1149950 1700.0
1149960 1689.5
1149970 1689.5
1149980 1680.9
1149990 1671.7
1150000 1671.7
1150010 1664.3
1150020 1652.5
1150030 1652.5
1150040 1636.0
1150050 1613.0
1150060 1629.7
1150070 1606.8
1150080 1590.8
1150090 1574.0
1150100 1574.0
1150110 1559.3
1150120 1547.4
1150130 1547.4
1150140 1539.0
1150150 1531.2
1150160 1531.2
1150170 1522.7
1150180 1514.9
1150190 1514.9
1150200 1510.5
1150210 1502.6
1150220 1502.6
1150230 1492.9
1150240 1488.0
1150250 1488.0
1150260 1491.7
1150270 1497.4
1150280 1497.4
1150290 1495.2
1150300 1488.0
1150310 1488.0
1150320 1480.4
1150330 1474.0
1150340 1473.0
1150350 1473.0
1150360 1478.9
1150370 1498.0
1150380 1498.0
1150390 1515.3
1150400 1525.6
1150410 1525.6
1150420 1535.1
1150430 1547.6
1150440 1549.4
1150450 1559.3
1150460 1568.1
1150470 1568.1
1150480 1575.2
1150490 1583.0
1150500 1583.0
1150510 1594.8
1150520 1607.9
1150530 1607.9
1150540 1619.1
1150550 1628.8
1150560 1628.8
1150570 1636.9
1150580 1648.1
1150590 1648.1
1150600 1673.8
1150610 1690.7
1150620 1706.5
1150630 1706.5
1150640 1729.0
1150650 1745.6
1150660 1745.6
1150670 1758.0
1150680 1769.5
1150690 1769.5
1150700 1777.8
1150710 1782.3
1150720 1782.3
1150730 1785.1
1150740 1796.9
1150750 1796.9
1150760 1807.5
1150770 1818.5
1150780 1818.5
1150790 1833.8
1150800 1841.5
1150810 1841.5
1150820 1843.9
1150830 1852.4
1150840 1852.4
1150850 1854.5
1150860 1858.9
1150870 1865.8
1150880 1865.8
1150890 1871.8
1150900 1876.5
1150910 1876.5
1150920 1879.4
1150930 1880.8
1150940 1880.8
1150950 1881.3
1150960 1888.7
1150970 1888.7
1150980 1891.3
1150990 1888.1
1151000 1888.1
1151010 1882.6
1151020 1881.3
1151030 1881.3
1151040 1883.4
1151050 1880.4
1151060 1880.4
1151070 1878.0
1151080 1880.8
1151090 1880.8
1151100 1879.9
1151110 1877.7
1151120 1877.7
1151130 1878.5
1151140 1880.4
1151150 1876.5
1151160 1876.5
1151170 1878.5
1151180 1888.8
1151190 1888.8
1151200 1896.9
1151210 1908.5
1151220 1908.5
1151230 1918.7
1151240 1927.8
1151250 1927.8
1151260 1938.8
1151270 1948.0
1151280 1948.0
1151290 1955.2
1151300 1961.4
1151310 1961.4
1151320 1968.6
1151330 1977.5
1151340 1977.5
1151350 1988.5
1151360 1996.0
1151370 1996.0
1151380 2005.8
1151390 2018.3
1151400 2028.5
1151410 2028.5
1151420 2032.9
1151430 2036.6
1151440 2036.6
1151450 2044.2
1151460 2052.5
1151470 2052.5
1151480 2058.2
1151490 2064.4
1151500 2064.4
1151510 2070.8
1151520 2078.0
1151530 2078.0
1151540 2084.1
1151550 2090.8
1151560 2090.8
1151570 2098.7
1151580 2106.6
1151590 2106.1
1151600 2113.4
1151610 2120.9
1151620 2120.9
1151630 2128.1
1151640 2135.9
1151650 2142.9
1151660 2142.9
1151670 2147.7
1151680 2152.1
1151690 2152.1
1151700 2157.9
1151710 2164.2
1151720 2164.2
1151730 2168.7
1151740 2171.5
1151750 2171.5
1151760 2173.7
1151770 2175.5
1151780 2175.5
1151790 2175.1
1151800 2170.9
1151810 2170.9
1151820 2167.6
1151830 2164.0
1151840 2164.0
1151850 2160.5
1151860 2157.6
1151870 2157.6
1151880 2154.7
1151890 2149.0
1151900 2149.0
1151910 2138.1
1151920 2130.3
1151930 2126.2
1151940 2126.2
1151950 2120.8
1151960 2112.2
1151970 2102.8
1151980 2095.6
1151990 2091.0
1152000 2091.0
1152010 2086.6
1152020 2081.4
1152030 2081.4
1152040 2076.3
1152050 2071.6
1152060 2071.6
1152070 2068.6
1152080 2065.3
1152090 2065.3
1152100 2060.3
1152110 2055.3
1152120 2055.3
1152130 2049.2
1152140 2044.0
1152150 2044.0
1152160 2043.1
1152170 2039.7
1152180 2034.3
1152190 2034.3
1152200 2031.2
1152210 2026.8
1152220 2026.8
1152230 2020.6
1152240 2013.8
1152250 2013.8
1152260 2006.5
1152270 1997.3
1152280 1997.3
1152290 1986.7
1152300 1981.9
1152310 1981.9
1152320 1984.7
1152330 1990.3
1152340 1990.3
1152350 1983.8
1152360 1982.6
1152370 1982.6
1152380 1978.7
1152390 1973.7
1152400 1973.7
1152410 1967.6
1152420 1961.4
1152430 1961.4
1152440 1955.6
1152450 1950.3
1152460 1944.4
1152470 1944.4
1152480 1936.5
1152490 1928.3
1152500 1928.3
1152510 1920.5
1152520 1914.8
1152530 1914.8
1152540 1910.9
1152550 1909.2
1152560 1909.2
1152570 1904.6
1152580 1897.3
1152590 1897.3
1152600 1895.3
1152610 1897.2
1152620 1897.2
1152630 1896.0
1152640 1891.5
1152650 1891.5
1152660 1886.2
1152670 1880.9
1152680 1880.9
1152690 1874.9
1152700 1867.2
1152710 1859.7
1152720 1859.7
1152730 1853.7
1152740 1841.2
1152750 1841.2
1152760 1834.5
1152770 1828.5
1152780 1828.5
1152790 1826.0
1152800 1828.1
1152810 1828.1
1152820 1826.6
1152830 1821.8
1152840 1821.8
1152850 1820.7
1152860 1815.7
1152870 1815.7
1152880 1811.4
1152890 1808.5
1152900 1808.5
1152910 1805.1
1152920 1804.9
1152930 1804.9
1152940 1806.5
1152950 1804.4
1152960 1803.4
1152970 1803.4
1152980 1803.1
1152990 1801.1
1153000 1801.1
1153010 1797.5
1153020 1793.6
1153030 1793.6
1153040 1791.7
1153050 1792.3
1153060 1792.3
1153070 1792.5
1153080 1793.0
1153090 1793.0
1153100 1794.1
1153110 1795.0
1153120 1788.4
1153130 1788.8
1153140 1788.7
1153150 1788.7
1153160 1788.3
1153170 1788.2
1153180 1788.2
1153190 1789.2
1153200 1790.0
1153210 1790.0
1153220 1786.7
1153230 1781.0
1153240 1776.5
1153250 1776.5
1153260 1772.7
1153270 1768.1
1153280 1768.1
1153290 1764.2
1153300 1761.8
1153310 1761.8
1153320 1757.7
1153330 1752.1
1153340 1752.1
1153350 1746.1
1153360 1740.2
1153370 1740.2
1153380 1735.8
1153390 1731.5
1153400 1731.5
1153410 1725.2
1153420 1716.0
1153430 1716.0
1153440 1707.2
1153450 1694.2
1153460 1694.2
1153470 1681.2
1153480 1672.8
1153490 1664.4
1153500 1662.7
1153510 1654.5
1153520 1646.4
1153530 1646.4
1153540 1638.9
1153550 1631.9
1153560 1631.9
1153570 1624.5
1153580 1618.1
1153590 1618.1
1153600 1612.6
1153610 1607.7
1153620 1607.7
1153630 1604.8
1153640 1599.8
1153650 1599.8
1153660 1590.8
1153670 1578.4
1153680 1578.4
1153690 1563.6
1153700 1547.0
1153710 1547.0
1153720 1531.6
1153730 1515.2
1153740 1515.2
1153750 1494.3
1153760 1469.3
1153770 1455.1
1153780 1455.1
1153790 1447.3
1153800 1439.3
1153810 1439.3
1153820 1431.6
1153830 1423.8
1153840 1423.8
1153850 1415.9
1153860 1408.4
1153870 1408.4
1153880 1402.0
1153890 1394.2
1153900 1394.2
1153910 1387.9
1153920 1383.1
1153930 1383.1
1153940 1378.7
1153950 1375.4
1153960 1375.4
1153970 1373.0
1153980 1371.3
1153990 1371.3
1154000 1369.6
1154010 1368.5
1154020 1367.9
1154030 1367.9
1154040 1367.3
1154050 1366.7
1154060 1366.7
1154070 1365.9
1154080 1363.7
1154090 1363.7
1154100 1356.8
1154110 1350.7
1154120 1350.7
1154130 1342.7
1154140 1318.4
1154150 1318.4
1154160 1315.5
1154170 1328.9
1154180 1328.9
1154190 1341.2
1154200 1346.4
1154210 1346.4
1154220 1354.9
1154230 1367.8
1154240 1367.8
1154250 1375.8
1154260 1381.4
1154270 1397.6
1154280 1397.6
1154290 1404.5
1154300 1411.5
1154310 1411.5
1154320 1418.4
1154330 1426.0
1154340 1426.0
1154350 1434.4
1154360 1442.1
1154370 1442.1
1154380 1449.2
1154390 1452.1
1154400 1452.1
1154410 1456.9
1154420 1463.4
1154430 1463.4
1154440 1472.5
1154450 1481.9
1154460 1481.9
1154470 1496.6
1154480 1507.4
1154490 1507.4
1154500 1515.2
1154510 1521.2
1154520 1521.2
1154530 1523.3
1154540 1526.1
1154550 1531.9
1154560 1531.9
1154570 1532.6
1154580 1535.7
1154590 1535.7
1154600 1536.3
1154610 1530.2
1154620 1530.2
1154630 1538.2
1154640 1549.0
1154650 1549.0
1154660 1568.3
1154670 1576.4
1154680 1576.4
1154690 1583.8
1154700 1593.5
1154710 1593.5
1154720 1605.2
1154730 1617.1
1154740 1617.1
1154750 1625.1
1154760 1627.6
1154770 1627.6
1154780 1632.7
1154790 1638.9
1154800 1634.7
1154810 1634.7
1154820 1635.0
1154830 1640.0
1154840 1640.0
1154850 1648.8
1154860 1656.6
1154870 1656.6
1154880 1660.4
1154890 1672.0
1154900 1672.0
1154910 1685.2
1154920 1696.7
1154930 1696.7
1154940 1705.5
1154950 1712.9
1154960 1712.9
1154970 1718.8
1154980 1724.2
1154990 1724.2
1155000 1730.5
1155010 1737.9
1155020 1737.9
1155030 1744.4
1155040 1745.1
1155050 1753.9
1155060 1755.2
1155070 1756.2
1155080 1763.2
1155090 1763.2
1155100 1771.7
1155110 1779.5
1155120 1779.5
1155130 1787.9
1155140 1796.5
1155150 1796.5
1155160 1805.2
1155170 1813.3
1155180 1813.3
1155190 1821.3
1155200 1830.2
1155210 1830.2
1155220 1837.2
1155230 1844.1
1155240 1844.1
1155250 1850.9
1155260 1858.3
1155270 1858.3
1155280 1866.2
1155290 1874.0
1155300 1874.0
1155310 1880.9
1155320 1887.0
1155330 1893.4
1155340 1893.4
1155350 1899.6
1155360 1905.2
1155370 1905.2
1155380 1911.5
1155390 1917.2
1155400 1917.2
1155410 1922.7
1155420 1928.9
1155430 1925.3
1155440 1931.8
1155450 1937.9
1155460 1937.9
1155470 1944.2
1155480 1950.7
1155490 1950.7
1155500 1957.7
1155510 1965.0
1155520 1965.0
1155530 1972.3
1155540 1979.7
1155550 1979.7
1155560 1987.2
1155570 1995.5
1155580 2002.7
1155590 2002.7
1155600 2008.6
1155610 2014.7
1155620 2014.7
1155630 2020.2
1155640 2020.8
1155650 2020.8
1155660 2020.6
1155670 2021.7
1155680 2021.7
1155690 2020.8
1155700 2018.9
1155710 2018.9
1155720 2020.4
1155730 2026.1
1155740 2026.1
1155750 2035.2
1155760 2044.9
1155770 2044.9
1155780 2053.5
1155790 2061.5
1155800 2061.5
1155810 2068.9
1155820 2073.4
1155830 2073.4
1155840 2079.5
1155850 2085.7
1155860 2092.1
1155870 2092.1
1155880 2098.1
1155890 2103.8
1155900 2103.8
1155910 2107.1
1155920 2105.7
1155930 2105.7
1155940 2106.4
1155950 2108.2
1155960 2108.2
1155970 2108.4
1155980 2112.5
1155990 2112.5
1156000 2114.6
1156010 2116.5
1156020 2116.5
1156030 2125.2
1156040 2135.6
1156050 2135.6
1156060 2143.5
1156070 2150.2
1156080 2150.2
1156090 2156.8
1156100 2164.4
1156110 2172.2
1156120 2172.2
1156130 2180.4
1156140 2188.7
1156150 2188.7
1156160 2196.8
1156170 2204.5
1156180 2204.5
1156190 2212.2
1156200 2218.7
1156210 2215.3
1156220 2221.0
1156230 2228.1
1156240 2228.1
1156250 2234.4
1156260 2235.5
1156270 2235.5
1156280 2229.0
1156290 2219.6
1156300 2219.6
1156310 2210.5
1156320 2203.5
1156330 2203.5
1156340 2197.5
1156350 2190.5
1156360 2190.5
1156370 2179.0
1156380 2168.7
1156390 2164.5
1156400 2164.5
1156410 2162.3
1156420 2157.4
1156430 2157.4
1156440 2155.4
1156450 2152.2
1156460 2152.2
1156470 2145.0
1156480 2137.8
1156490 2137.8
1156500 2131.5
1156510 2125.7
1156520 2125.7
1156530 2117.9
1156540 2108.8
1156550 2108.8
1156560 2099.8
1156570 2090.0
1156580 2090.0
1156590 2075.1
1156600 2066.9
1156610 2066.9
1156620 2059.2
1156630 2052.4
1156640 2045.7
1156650 2045.7
1156660 2038.6
1156670 2029.3
1156680 2029.3
1156690 2024.6
1156700 2026.2
1156710 2026.2
1156720 2023.9
1156730 2020.3
1156740 2020.3
1156750 2015.3
1156760 2008.8
1156770 2008.8
1156780 2002.4
1156790 1995.7
1156800 1995.7
1156810 1988.4
1156820 1982.6
1156830 1982.6
1156840 1977.5
1156850 1971.4
1156860 1971.4
1156870 1964.7
1156880 1959.2
1156890 1953.0
1156900 1953.0
1156910 1950.3
1156920 1946.7
1156930 1946.7
1156940 1939.8
1156950 1936.8
1156960 1936.8
1156970 1932.5
1156980 1921.4
1156990 1921.4
1157000 1915.0
1157010 1906.8
1157020 1906.8
1157030 1898.2
1157040 1889.0
1157050 1889.0
1157060 1880.5
1157070 1874.8
1157080 1874.8
1157090 1869.4
1157100 1863.4
1157110 1863.4
1157120 1858.2
1157130 1854.8
1157140 1854.8
1157150 1852.1
1157160 1846.8
1157170 1840.2
1157180 1840.2
1157190 1836.0
1157200 1831.6
1157210 1831.6
1157220 1826.8
1157230 1821.3
1157240 1821.3
1157250 1815.0
1157260 1807.1
1157270 1807.1
1157280 1797.8
1157290 1790.7
1157300 1790.7
1157310 1786.0
1157320 1784.0
1157330 1784.0
1157340 1779.8
1157350 1770.8
1157360 1770.8
1157370 1758.1
1157380 1747.1
1157390 1747.1
1157400 1739.3
1157410 1730.3
1157420 1727.9
1157430 1727.9
1157440 1731.0
1157450 1732.7
1157460 1732.7
1157470 1736.0
1157480 1742.7
1157490 1742.7
1157500 1751.0
1157510 1757.4
1157520 1757.4
1157530 1758.4
1157540 1757.8
1157550 1757.8
1157560 1757.2
1157570 1755.9
1157580 1755.9
1157590 1754.5
1157600 1751.7
1157610 1751.7
1157620 1746.9
1157630 1741.1
1157640 1741.1
1157650 1734.0
1157660 1727.4
1157670 1727.4
1157680 1720.3
1157690 1711.3
1157700 1702.9
1157710 1702.9
1157720 1694.4
1157730 1686.4
1157740 1686.4
1157750 1678.4
1157760 1668.1
1157770 1668.1
1157780 1659.5
1157790 1650.9
1157800 1650.9
1157810 1642.6
1157820 1634.0
1157830 1634.0
1157840 1624.3
1157850 1617.6
1157860 1617.6
1157870 1613.9
1157880 1613.9
1157890 1613.9
1157900 1613.3
1157910 1612.6
1157920 1612.6
1157930 1613.5
1157940 1611.8
1157950 1609.0
1157960 1609.0
1157970 1607.5
1157980 1607.5
1157990 1607.5
1158000 1607.3
1158010 1606.1
1158020 1606.1
1158030 1605.6
1158040 1604.3
1158050 1604.3
1158060 1601.8
1158070 1599.3
1158080 1599.3
1158090 1597.2
1158100 1594.8
1158110 1594.8
1158120 1591.7
1158130 1587.8
1158140 1587.8
1158150 1577.0
1158160 1571.9
1158170 1571.9
1158180 1565.7
1158190 1558.9
1158200 1554.2
1158210 1554.2
1158220 1553.6
1158230 1550.1
1158240 1550.1
1158250 1545.1
1158260 1541.5
1158270 1541.5
1158280 1539.1
1158290 1536.3
1158300 1536.3
1158310 1533.2
1158320 1529.4
1158330 1529.4
1158340 1523.4
1158350 1518.5
1158360 1518.5
1158370 1513.7
1158380 1509.0
1158390 1509.0
1158400 1504.2
1158410 1500.1
1158420 1500.1
1158430 1496.9
1158440 1494.9
1158450 1494.9
1158460 1493.7
1158470 1491.1
1158480 1489.3
1158490 1489.3
1158500 1488.1
1158510 1488.8
1158520 1488.8
1158530 1490.7
1158540 1484.7
1158550 1484.7
1158560 1486.8
1158570 1487.6
1158580 1487.6
1158590 1486.3
1158600 1483.0
1158610 1483.0
1158620 1479.4
1158630 1476.9
1158640 1476.9
1158650 1474.6
1158660 1470.6
1158670 1470.6
1158680 1465.5
1158690 1459.9
1158700 1459.9
1158710 1455.7
1158720 1451.6
1158730 1446.1
1158740 1446.1
1158750 1440.3
1158760 1435.2
1158770 1435.2
1158780 1431.0
1158790 1428.1
1158800 1428.1
1158810 1425.7
1158820 1424.6
1158830 1424.6
1158840 1422.1
1158850 1418.3
1158860 1418.3
1158870 1410.8
1158880 1400.4
1158890 1400.4
1158900 1392.3
1158910 1386.8
1158920 1386.8
1158930 1376.1
1158940 1370.0
1158950 1370.0
1158960 1363.9
1158970 1359.7
1158980 1359.7
1158990 1356.6
1159000 1353.8
1159010 1353.1
1159020 1353.1
1159030 1352.9
1159040 1351.9
1159050 1351.9
1159060 1351.8
1159070 1353.0
1159080 1353.0
1159090 1354.9
1159100 1355.4
1159110 1355.4
1159120 1352.9
1159130 1350.4
1159140 1350.4
1159150 1347.5
1159160 1344.6
1159170 1344.6
1159180 1339.4
1159190 1332.2
1159200 1332.2
1159210 1323.3
1159220 1314.0
1159230 1314.0
1159240 1305.4
1159250 1297.0
1159260 1290.3
1159270 1290.3
1159280 1285.0
1159290 1278.0
1159300 1278.0
1159310 1271.3
1159320 1259.2
1159330 1259.2
1159340 1254.8
1159350 1252.8
1159360 1252.8
1159370 1250.2
1159380 1244.2
1159390 1244.2
1159400 1239.3
1159410 1236.4
1159420 1236.4
1159430 1233.8
1159440 1231.7
1159450 1231.7
1159460 1228.3
1159470 1223.4
1159480 1223.4
1159490 1217.5
1159500 1211.2
1159510 1204.5
1159520 1204.5
1159530 1196.7
1159540 1189.8
1159550 1189.8
1159560 1182.6
1159570 1177.7
1159580 1177.7
1159590 1175.7
1159600 1180.1
1159610 1180.1
1159620 1189.5
1159630 1194.6
1159640 1194.6
1159650 1207.2
1159660 1220.6
1159670 1220.6
1159680 1221.6
1159690 1221.0
1159700 1221.0
1159710 1220.8
1159720 1218.0
1159730 1218.0
1159740 1216.6
1159750 1215.2
1159760 1215.2
1159770 1213.6
1159780 1211.8
1159790 1209.3
1159800 1209.3
1159810 1206.5
1159820 1203.4
1159830 1203.4
1159840 1200.1
1159850 1197.3
1159860 1197.3
1159870 1195.1
1159880 1193.9
1159890 1193.9
1159900 1193.7
1159910 1191.4
1159920 1191.4
1159930 1184.7
1159940 1176.6
1159950 1176.6
1159960 1168.1
1159970 1161.3
1159980 1161.3
1159990 1153.6
