1140000 1350.8
1140010 1348.7
1140020 1345.9
1140030 1345.9
1140040 1345.1
1140050 1343.8
1140060 1343.8
1140070 1344.0
1140080 1344.8
1140090 1344.8
1140100 1345.7
1140110 1345.0
1140120 1345.0
1140130 1343.2
1140140 1342.5
1140150 1342.5
1140160 1339.8
1140170 1338.3
1140180 1335.1
1140190 1335.1
1140200 1332.8
1140210 1331.4
1140220 1331.4
1140230 1329.6
1140240 1326.7
1140250 1326.7
1140260 1323.8
1140270 1319.1
1140280 1319.1
1140290 1318.3
1140300 1315.7
1140310 1315.7
1140320 1312.9
1140330 1312.1
1140340 1312.1
1140350 1311.2
1140360 1312.1
1140370 1312.1
1140380 1312.2
1140390 1311.1
1140400 1311.1
1140410 1308.4
1140420 1305.6
1140430 1301.6
1140440 1301.6
1140450 1297.7
1140460 1294.7
1140470 1294.7
1140480 1291.8
1140490 1290.9
1140500 1290.9
1140510 1291.8
1140520 1292.9
1140530 1292.9
1140540 1291.6
1140550 1287.9
1140560 1287.9
1140570 1284.1
1140580 1281.7
1140590 1281.7
1140600 1279.6
1140610 1276.5
1140620 1276.5
1140630 1272.9
1140640 1262.2
1140650 1262.2
1140660 1258.9
1140670 1257.0
1140680 1257.0
1140690 1257.0
1140700 1257.2
1140710 1255.9
1140720 1255.9
1140730 1254.2
1140740 1253.3
1140750 1253.3
1140760 1253.3
1140770 1253.7
1140780 1253.7
1140790 1254.4
1140800 1256.1
1140810 1256.1
1140820 1257.8
1140830 1258.4
1140840 1258.4
1140850 1258.1
1140860 1257.9
1140870 1257.9
1140880 1257.1
1140890 1257.1
1140900 1257.1
1140910 1257.4
1140920 1253.9
1140930 1253.9
1140940 1250.2
1140950 1244.1
1140960 1236.8
1140970 1236.8
1140980 1230.7
1140990 1227.8
1141000 1227.8
1141010 1220.3
1141020 1217.5
1141030 1217.5
1141040 1215.6
1141050 1214.0
1141060 1214.0
1141070 1211.7
1141080 1210.5
1141090 1210.5
1141100 1209.1
1141110 1202.9
1141120 1202.9
1141130 1194.8
1141140 1186.7
1141150 1186.7
1141160 1181.1
1141170 1177.4
1141180 1177.4
1141190 1176.1
1141200 1175.0
1141210 1173.7
1141220 1173.7
1141230 1172.0
1141240 1170.8
1141250 1170.8
1141260 1168.8
1141270 1164.0
1141280 1164.0
1141290 1158.2
1141300 1152.9
1141310 1152.9
1141320 1147.5
1141330 1145.9
1141340 1145.9
1141350 1145.8
1141360 1147.1
1141370 1147.1
1141380 1159.5
1141390 1161.0
1141400 1161.0
1141410 1162.5
1141420 1163.7
1141430 1163.7
1141440 1165.0
1141450 1167.1
1141460 1167.1
1141470 1168.5
1141480 1169.6
1141490 1171.6
1141500 1171.6
1141510 1174.8
1141520 1176.0
1141530 1176.0
1141540 1178.2
1141550 1181.5
1141560 1181.5
1141570 1184.7
1141580 1188.4
1141590 1188.4
1141600 1192.8
1141610 1199.1
1141620 1199.1
1141630 1203.3
1141640 1211.2
1141650 1211.2
1141660 1227.3
1141670 1242.1
1141680 1242.1
1141690 1243.8
1141700 1242.0
1141710 1242.0
1141720 1238.7
1141730 1235.2
1141740 1230.9
1141750 1229.9
1141760 1226.3
1141770 1223.5
1141780 1223.5
1141790 1220.2
1141800 1215.3
1141810 1215.3
1141820 1210.7
1141830 1209.0
1141840 1209.0
1141850 1206.8
1141860 1203.0
1141870 1203.0
1141880 1199.7
1141890 1197.7
1141900 1197.7
1141910 1196.0
1141920 1194.4
1141930 1194.4
1141940 1191.7
1141950 1188.3
1141960 1188.3
1141970 1185.8
1141980 1183.9
1141990 1183.9
1142000 1182.1
1142010 1181.1
1142020 1179.4
1142030 1179.4
1142040 1177.2
1142050 1176.7
1142060 1176.7
1142070 1177.2
1142080 1176.7
1142090 1176.7
1142100 1177.9
1142110 1179.8
1142120 1179.8
1142130 1181.2
1142140 1180.2
1142150 1180.2
1142160 1178.6
1142170 1177.3
1142180 1177.3
1142190 1176.5
1142200 1175.6
1142210 1175.6
1142220 1174.5
1142230 1173.1
1142240 1173.1
1142250 1172.1
1142260 1170.9
1142270 1169.8
1142280 1169.8
1142290 1168.4
1142300 1166.3
1142310 1166.3
1142320 1163.9
1142330 1162.8
1142340 1162.8
1142350 1164.9
1142360 1165.2
1142370 1165.2
1142380 1162.0
1142390 1157.2
1142400 1157.2
1142410 1152.6
1142420 1149.8
1142430 1149.8
1142440 1148.1
1142450 1146.7
1142460 1146.7
1142470 1146.7
1142480 1145.2
1142490 1145.2
1142500 1145.4
1142510 1143.7
1142520 1143.7
1142530 1141.4
1142540 1140.0
1142550 1139.6
1142560 1139.6
1142570 1140.0
1142580 1140.4
1142590 1140.4
1142600 1140.2
1142610 1139.9
1142620 1139.9
1142630 1139.4
1142640 1138.9
1142650 1138.9
1142660 1138.9
1142670 1139.7
1142680 1139.7
1142690 1139.8
1142700 1140.2
1142710 1140.2
1142720 1139.3
1142730 1136.5
1142740 1136.5
1142750 1134.6
1142760 1133.9
1142770 1133.9
1142780 1133.6
1142790 1133.5
1142800 1133.6
1142810 1133.6
1142820 1133.3
1142830 1133.0
1142840 1133.0
1142850 1133.8
1142860 1136.6
1142870 1133.1
1142880 1134.4
1142890 1137.8
1142900 1137.8
1142910 1141.8
1142920 1146.4
1142930 1146.4
1142940 1150.3
1142950 1153.5
1142960 1153.5
1142970 1157.2
1142980 1160.2
1142990 1160.2
1143000 1161.8
1143010 1162.8
1143020 1162.8
1143030 1164.7
1143040 1167.7
1143050 1167.7
1143060 1171.4
1143070 1175.6
1143080 1179.6
1143090 1179.6
1143100 1182.9
1143110 1185.5
1143120 1185.5
1143130 1188.7
1143140 1192.3
1143150 1192.3
1143160 1196.2
1143170 1198.9
1143180 1198.9
1143190 1201.2
1143200 1204.1
1143210 1204.1
1143220 1207.8
1143230 1211.5
1143240 1203.2
1143250 1205.1
1143260 1207.4
1143270 1207.4
1143280 1209.5
1143290 1211.7
1143300 1211.7
1143310 1213.3
1143320 1214.8
1143330 1217.6
1143340 1217.6
1143350 1220.8
1143360 1223.6
1143370 1223.6
1143380 1227.2
1143390 1231.0
1143400 1231.0
1143410 1233.7
1143420 1237.1
1143430 1237.1
1143440 1239.8
1143450 1242.8
1143460 1242.8
1143470 1248.4
1143480 1255.0
1143490 1255.0
1143500 1261.9
1143510 1268.2
1143520 1268.2
1143530 1276.4
1143540 1284.3
1143550 1284.3
1143560 1288.3
1143570 1299.1
1143580 1299.1
1143590 1306.3
1143600 1310.1
1143610 1312.9
1143620 1307.9
1143630 1310.7
1143640 1311.5
1143650 1311.5
1143660 1310.6
1143670 1309.8
1143680 1309.8
1143690 1309.8
1143700 1307.2
1143710 1307.2
1143720 1305.4
1143730 1304.0
1143740 1304.0
1143750 1301.4
1143760 1294.0
1143770 1294.0
1143780 1288.4
1143790 1293.5
1143800 1293.5
1143810 1301.5
1143820 1308.2
1143830 1308.2
1143840 1312.7
1143850 1314.9
1143860 1314.0
1143870 1314.0
1143880 1315.8
1143890 1320.4
1143900 1320.4
1143910 1323.6
1143920 1326.0
1143930 1326.0
1143940 1329.8
1143950 1334.7
1143960 1334.7
1143970 1339.8
1143980 1345.2
1143990 1343.8
1144000 1349.1
1144010 1353.7
1144020 1353.7
1144030 1357.7
1144040 1361.9
1144050 1361.9
1144060 1366.0
1144070 1369.4
1144080 1369.4
1144090 1373.6
1144100 1378.3
1144110 1378.3
1144120 1381.0
1144130 1381.6
1144140 1382.0
1144150 1382.0
1144160 1383.5
1144170 1385.6
1144180 1385.6
1144190 1385.1
1144200 1381.6
1144210 1381.6
1144220 1379.4
1144230 1377.9
1144240 1377.9
1144250 1375.1
1144260 1374.5
1144270 1374.5
1144280 1376.5
1144290 1379.2
1144300 1379.2
1144310 1380.4
1144320 1378.8
1144330 1378.8
1144340 1380.0
1144350 1384.2
1144360 1381.5
1144370 1381.9
1144380 1382.0
1144390 1383.1
1144400 1383.1
1144410 1384.4
1144420 1385.5
1144430 1385.5
1144440 1386.5
1144450 1387.5
1144460 1387.5
1144470 1388.7
1144480 1389.8
1144490 1389.8
1144500 1389.9
1144510 1389.9
1144520 1389.9
1144530 1389.5
1144540 1389.7
1144550 1389.7
1144560 1389.6
1144570 1388.5
1144580 1388.5
1144590 1387.9
1144600 1387.7
1144610 1387.7
1144620 1387.7
1144630 1386.5
1144640 1385.8
1144650 1385.8
1144660 1385.6
1144670 1385.2
1144680 1385.2
1144690 1384.9
1144700 1385.0
1144710 1385.0
1144720 1385.5
1144730 1385.7
1144740 1382.3
1144750 1382.0
1144760 1381.6
1144770 1381.6
1144780 1381.1
1144790 1380.1
1144800 1380.1
1144810 1378.0
1144820 1375.1
1144830 1375.1
1144840 1372.4
1144850 1369.9
1144860 1369.9
1144870 1367.3
1144880 1364.6
1144890 1364.6
1144900 1362.4
1144910 1360.8
1144920 1359.2
1144930 1359.2
1144940 1357.7
1144950 1356.3
1144960 1356.3
1144970 1354.2
1144980 1350.8
1144990 1350.8
1145000 1347.2
1145010 1343.9
1145020 1343.9
1145030 1340.5
1145040 1336.7
1145050 1336.7
1145060 1332.3
1145070 1328.4
1145080 1328.4
1145090 1325.5
1145100 1321.7
1145110 1317.3
1145120 1314.6
1145130 1313.4
1145140 1313.4
1145150 1312.4
1145160 1312.3
1145170 1311.3
1145180 1311.3
1145190 1307.9
1145200 1304.3
1145210 1304.3
1145220 1301.9
1145230 1297.1
1145240 1297.1
1145250 1294.3
1145260 1291.6
1145270 1291.6
1145280 1289.1
1145290 1287.9
1145300 1287.9
1145310 1287.6
1145320 1288.5
1145330 1288.5
1145340 1288.4
1145350 1286.4
1145360 1286.4
1145370 1281.9
1145380 1278.1
1145390 1278.1
1145400 1273.2
1145410 1270.3
1145420 1270.3
1145430 1268.5
1145440 1267.1
1145450 1265.6
1145460 1265.6
1145470 1263.8
1145480 1260.5
1145490 1255.8
1145500 1253.8
1145510 1252.4
1145520 1252.4
1145530 1250.9
1145540 1248.8
1145550 1248.8
1145560 1246.2
1145570 1243.7
1145580 1243.7
1145590 1241.3
1145600 1239.0
1145610 1239.0
1145620 1237.1
1145630 1236.0
1145640 1236.0
1145650 1235.4
1145660 1235.5
1145670 1235.5
1145680 1236.8
1145690 1238.4
1145700 1239.0
1145710 1239.0
1145720 1239.5
1145730 1239.9
1145740 1239.9
1145750 1240.1
1145760 1240.1
1145770 1240.1
1145780 1239.6
1145790 1238.3
1145800 1238.3
1145810 1233.6
1145820 1227.2
1145830 1227.2
1145840 1221.3
1145850 1216.1
1145860 1217.2
1145870 1212.3
1145880 1208.2
1145890 1208.2
1145900 1204.5
1145910 1200.8
1145920 1200.8
1145930 1197.0
1145940 1194.3
1145950 1194.3
1145960 1192.5
1145970 1190.5
1145980 1188.9
1145990 1188.9
1146000 1187.9
1146010 1188.1
1146020 1188.1
1146030 1189.9
1146040 1191.7
1146050 1191.7
1146060 1189.8
1146070 1187.8
1146080 1187.8
1146090 1182.6
1146100 1176.6
1146110 1176.6
1146120 1172.2
1146130 1168.1
1146140 1168.1
1146150 1164.3
1146160 1161.9
1146170 1161.9
1146180 1161.6
1146190 1161.6
1146200 1161.6
1146210 1161.4
1146220 1160.1
1146230 1160.8
1146240 1159.4
1146250 1160.9
1146260 1160.8
1146270 1160.8
1146280 1159.7
1146290 1158.5
1146300 1158.5
1146310 1157.8
1146320 1157.4
1146330 1157.4
1146340 1158.5
1146350 1161.9
1146360 1161.9
1146370 1166.4
1146380 1171.4
1146390 1171.4
1146400 1177.1
1146410 1180.6
1146420 1180.6
1146430 1178.4
1146440 1171.9
1146450 1171.9
1146460 1166.7
1146470 1164.1
1146480 1164.1
1146490 1161.1
1146500 1162.9
1146510 1165.8
1146520 1165.8
1146530 1166.8
1146540 1167.9
1146550 1167.9
1146560 1169.2
1146570 1170.5
1146580 1170.5
1146590 1172.9
1146600 1175.7
1146610 1175.7
1146620 1173.1
1146630 1175.6
1146640 1175.6
1146650 1176.2
1146660 1174.3
1146670 1174.3
1146680 1172.4
1146690 1172.4
1146700 1172.4
1146710 1173.1
1146720 1173.3
1146730 1173.3
1146740 1172.3
1146750 1170.4
1146760 1167.9
1146770 1167.9
1146780 1166.0
1146790 1164.7
1146800 1164.7
1146810 1163.8
1146820 1163.9
1146830 1163.9
1146840 1164.8
1146850 1166.2
1146860 1166.2
1146870 1167.6
1146880 1168.9
1146890 1168.9
1146900 1171.3
1146910 1174.2
1146920 1174.2
1146930 1176.8
1146940 1177.9
1146950 1177.9
1146960 1177.2
1146970 1175.4
1146980 1175.4
1146990 1166.1
1147000 1164.2
1147010 1164.2
1147020 1162.1
1147030 1159.9
1147040 1157.6
1147050 1157.6
1147060 1155.7
1147070 1154.0
1147080 1154.0
1147090 1152.3
1147100 1151.1
1147110 1151.1
1147120 1150.0
1147130 1149.6
1147140 1149.6
1147150 1150.4
1147160 1151.4
1147170 1151.4
1147180 1151.8
1147190 1152.4
1147200 1152.4
1147210 1152.8
1147220 1151.9
1147230 1151.9
1147240 1150.2
1147250 1148.6
1147260 1148.6
1147270 1146.4
1147280 1146.4
1147290 1146.4
1147300 1146.4
1147310 1146.2
1147320 1145.7
1147330 1145.7
1147340 1145.0
1147350 1144.0
1147360 1144.0
1147370 1135.9
1147380 1134.6
1147390 1134.6
1147400 1133.4
1147410 1132.0
1147420 1132.0
1147430 1130.4
1147440 1128.7
1147450 1128.7
1147460 1127.5
1147470 1126.6
1147480 1126.6
1147490 1125.2
1147500 1123.6
1147510 1123.6
1147520 1121.9
1147530 1119.8
1147540 1119.8
1147550 1117.5
1147560 1114.4
1147570 1110.4
1147580 1110.4
1147590 1108.1
1147600 1107.7
1147610 1107.7
1147620 1107.1
1147630 1106.9
1147640 1106.9
1147650 1106.9
1147660 1107.0
1147670 1107.0
1147680 1107.1
1147690 1107.2
1147700 1107.2
1147710 1107.4
1147720 1107.7
1147730 1107.7
1147740 1108.1
1147750 1108.0
1147760 1108.0
1147770 1108.1
1147780 1108.2
1147790 1108.2
1147800 1108.0
1147810 1108.0
1147820 1108.0
1147830 1108.0
1147840 1108.1
1147850 1108.3
1147860 1108.3
1147870 1108.3
1147880 1108.3
1147890 1108.3
1147900 1108.4
1147910 1108.5
1147920 1108.5
1147930 1108.8
1147940 1109.0
1147950 1109.0
1147960 1109.3
1147970 1109.6
1147980 1109.6
1147990 1109.7
1148000 1109.9
1148010 1109.9
1148020 1110.2
1148030 1110.4
1148040 1110.4
1148050 1110.7
1148060 1111.0
1148070 1111.3
1148080 1111.3
1148090 1111.5
1148100 1111.8
1148110 1111.8
1148120 1111.4
1148130 1111.6
1148140 1111.6
1148150 1111.6
1148160 1111.5
1148170 1111.5
1148180 1111.4
1148190 1111.3
1148200 1111.3
1148210 1111.3
1148220 1111.3
1148230 1111.3
1148240 1111.3
1148250 1111.2
1148260 1111.2
1148270 1111.0
1148280 1110.7
1148290 1110.7
1148300 1110.4
1148310 1110.1
1148320 1110.1
1148330 1109.8
1148340 1109.6
1148350 1109.3
1148360 1109.3
1148370 1109.0
1148380 1108.7
1148390 1108.7
1148400 1108.3
1148410 1107.9
1148420 1107.9
1148430 1107.3
1148440 1106.8
1148450 1106.8
1148460 1106.4
1148470 1105.8
1148480 1105.8
1148490 1105.2
1148500 1104.3
1148510 1104.3
1148520 1103.8
1148530 1103.3
1148540 1103.3
1148550 1103.0
1148560 1102.0
1148570 1102.0
1148580 1101.0
1148590 1101.0
1148600 1101.0
1148610 1101.0
1148620 1100.5
1148630 1098.6
1148640 1098.6
1148650 1098.2
1148660 1098.2
1148670 1098.2
1148680 1098.3
1148690 1099.6
1148700 1099.6
1148710 1103.3
1148720 1107.5
1148730 1107.5
1148740 1110.1
1148750 1111.8
1148760 1111.8
1148770 1113.7
1148780 1116.1
1148790 1116.1
1148800 1118.4
1148810 1119.2
1148820 1119.2
1148830 1119.4
1148840 1119.5
1148850 1119.5
1148860 1121.7
1148870 1123.0
1148880 1126.9
1148890 1126.9
1148900 1125.2
1148910 1125.6
1148920 1125.6
1148930 1124.8
1148940 1124.2
1148950 1124.2
1148960 1124.4
1148970 1124.1
1148980 1124.1
1148990 1122.6
1149000 1123.0
1149010 1123.0
1149020 1124.7
1149030 1126.4
1149040 1126.4
1149050 1128.4
1149060 1130.9
1149070 1130.9
1149080 1134.3
1149090 1138.4
1149100 1138.4
1149110 1142.5
1149120 1146.2
1149130 1149.7
1149140 1149.7
1149150 1153.8
1149160 1157.9
1149170 1157.9
1149180 1160.5
1149190 1162.9
1149200 1162.9
1149210 1165.7
1149220 1167.8
1149230 1167.8
1149240 1170.6
1149250 1173.8
1149260 1178.0
1149270 1181.3
1149280 1184.4
1149290 1184.4
1149300 1187.3
1149310 1190.2
1149320 1190.2
1149330 1192.2
1149340 1194.4
1149350 1194.4
1149360 1195.4
1149370 1196.7
1149380 1196.7
1149390 1198.6
1149400 1201.5
1149410 1203.0
1149420 1203.0
1149430 1204.9
1149440 1206.8
1149450 1206.8
1149460 1208.1
1149470 1209.7
1149480 1209.7
1149490 1209.7
1149500 1209.7
1149510 1209.7
1149520 1209.6
1149530 1208.4
1149540 1208.4
1149550 1206.7
1149560 1206.7
1149570 1206.7
1149580 1209.0
1149590 1208.4
1149600 1208.4
1149610 1207.1
1149620 1205.5
1149630 1205.5
1149640 1207.6
1149650 1204.5
1149660 1202.3
1149670 1202.3
1149680 1199.6
1149690 1196.6
1149700 1196.6
1149710 1193.1
1149720 1190.3
1149730 1190.3
1149740 1189.0
1149750 1189.3
1149760 1189.3
1149770 1190.3
1149780 1190.7
1149790 1190.7
1149800 1191.5
1149810 1192.2
1149820 1192.2
1149830 1193.4
1149840 1194.8
1149850 1194.8
1149860 1195.9
1149870 1197.6
1149880 1197.6
1149890 1198.8
1149900 1198.7
1149910 1198.7
1149920 1197.1
1149930 1199.1
1149940 1202.8
1149950 1202.8
1149960 1204.8
1149970 1209.0
1149980 1209.0
1149990 1213.8
1150000 1218.3
1150010 1218.3
1150020 1227.8
1150030 1233.1
1150040 1233.1
1150050 1233.5
1150060 1228.1
1150070 1228.1
1150080 1224.8
1150090 1224.2
1150100 1224.2
1150110 1215.0
1150120 1207.9
1150130 1207.9
1150140 1204.5
1150150 1201.4
1150160 1201.4
1150170 1197.5
1150180 1194.2
1150190 1195.7
1150200 1195.7
1150210 1200.7
1150220 1207.7
1150230 1207.7
1150240 1214.4
1150250 1221.7
1150260 1221.7
1150270 1229.6
1150280 1241.0
1150290 1241.0
1150300 1251.8
1150310 1261.0
1150320 1261.0
1150330 1267.5
1150340 1278.4
1150350 1278.4
1150360 1289.2
1150370 1300.6
1150380 1300.6
1150390 1311.0
1150400 1320.9
1150410 1320.9
1150420 1331.6
1150430 1340.0
1150440 1340.0
1150450 1346.6
1150460 1353.4
1150470 1360.2
1150480 1360.2
1150490 1366.3
1150500 1372.6
1150510 1372.6
1150520 1380.2
1150530 1386.3
1150540 1386.3
1150550 1397.0
1150560 1406.8
1150570 1406.8
1150580 1406.3
1150590 1400.5
1150600 1400.5
1150610 1380.7
1150620 1368.7
1150630 1368.7
1150640 1380.9
1150650 1395.2
1150660 1395.2
1150670 1405.5
1150680 1412.2
1150690 1412.2
1150700 1413.5
1150710 1418.3
1150720 1425.8
1150730 1425.8
1150740 1432.4
1150750 1434.7
1150760 1434.7
1150770 1434.1
1150780 1434.2
1150790 1434.2
1150800 1429.9
1150810 1429.6
1150820 1429.6
1150830 1418.8
1150840 1403.4
1150850 1403.4
1150860 1394.3
1150870 1387.6
1150880 1387.6
1150890 1387.5
1150900 1398.6
1150910 1398.6
1150920 1431.1
1150930 1463.4
1150940 1463.4
1150950 1480.6
1150960 1498.5
1150970 1504.4
1150980 1504.4
1150990 1509.7
1151000 1511.4
1151010 1511.4
1151020 1512.8
1151030 1522.9
1151040 1522.9
1151050 1534.5
1151060 1535.4
1151070 1535.4
1151080 1536.4
1151090 1534.4
1151100 1534.4
1151110 1533.6
1151120 1533.1
1151130 1533.1
1151140 1533.2
1151150 1534.8
1151160 1541.7
1151170 1538.1
1151180 1523.0
1151190 1523.0
1151200 1518.2
1151210 1539.1
1151220 1539.1
1151230 1551.7
1151240 1559.5
1151250 1564.2
1151260 1564.2
1151270 1569.3
1151280 1573.3
1151290 1573.3
1151300 1566.4
1151310 1548.2
1151320 1548.2
1151330 1534.5
1151340 1533.3
1151350 1533.3
1151360 1536.4
1151370 1546.2
1151380 1546.2
1151390 1555.8
1151400 1565.2
1151410 1565.2
1151420 1579.2
1151430 1596.8
1151440 1596.8
1151450 1611.2
1151460 1621.7
1151470 1621.7
1151480 1631.6
1151490 1642.2
1151500 1651.4
1151510 1651.4
1151520 1657.3
1151530 1664.2
1151540 1664.2
1151550 1671.8
1151560 1678.5
1151570 1678.5
1151580 1686.4
1151590 1691.3
1151600 1691.3
1151610 1697.8
1151620 1702.8
1151630 1702.8
1151640 1709.0
1151650 1714.8
1151660 1714.8
1151670 1719.3
1151680 1724.9
1151690 1724.9
1151700 1728.3
1151710 1728.4
1151720 1728.4
1151730 1726.3
1151740 1722.1
1151750 1722.1
1151760 1714.0
1151770 1708.0
1151780 1705.1
1151790 1705.1
1151800 1699.0
1151810 1681.2
1151820 1681.2
1151830 1669.1
1151840 1668.1
1151850 1668.1
1151860 1670.9
1151870 1675.0
1151880 1675.0
1151890 1674.0
1151900 1682.9
1151910 1682.9
1151920 1699.3
1151930 1709.8
1151940 1709.8
1151950 1721.8
1151960 1727.8
1151970 1727.8
1151980 1728.3
1151990 1724.4
1152000 1724.4
1152010 1718.2
1152020 1714.6
1152030 1713.5
1152040 1713.5
1152050 1714.0
1152060 1718.6
1152070 1718.6
1152080 1722.6
1152090 1725.2
1152100 1725.2
1152110 1727.6
1152120 1729.2
1152130 1729.2
1152140 1731.7
1152150 1737.0
1152160 1737.0
1152170 1736.8
1152180 1738.3
1152190 1738.3
1152200 1737.7
1152210 1739.4
1152220 1739.4
1152230 1740.3
1152240 1740.0
1152250 1740.0
1152260 1740.7
1152270 1744.7
1152280 1744.7
1152290 1749.0
1152300 1750.7
1152310 1764.3
1152320 1764.3
1152330 1768.8
1152340 1773.3
1152350 1773.3
1152360 1776.3
1152370 1777.1
1152380 1777.1
1152390 1777.4
1152400 1781.4
1152410 1781.4
1152420 1785.2
1152430 1790.1
1152440 1790.1
1152450 1793.6
1152460 1795.7
1152470 1795.7
1152480 1793.6
1152490 1793.7
1152500 1793.7
1152510 1802.8
1152520 1809.6
1152530 1809.6
1152540 1817.9
1152550 1819.6
1152560 1826.8
1152570 1826.8
1152580 1833.5
1152590 1839.6
1152600 1839.6
1152610 1843.1
1152620 1844.8
1152630 1844.8
1152640 1846.4
1152650 1847.8
1152660 1847.8
1152670 1851.0
1152680 1854.6
1152690 1860.1
1152700 1862.8
1152710 1864.2
1152720 1864.2
1152730 1865.8
1152740 1866.9
1152750 1866.9
1152760 1867.8
1152770 1869.1
1152780 1869.1
1152790 1870.2
1152800 1868.7
1152810 1868.7
1152820 1868.7
1152830 1867.3
1152840 1865.3
1152850 1865.3
1152860 1866.1
1152870 1868.4
1152880 1868.4
1152890 1869.1
1152900 1869.8
1152910 1869.8
1152920 1868.4
1152930 1864.7
1152940 1864.7
1152950 1861.4
1152960 1856.6
1152970 1856.6
1152980 1851.9
1152990 1845.9
1153000 1845.9
1153010 1839.9
1153020 1835.3
1153030 1835.3
1153040 1829.5
1153050 1824.4
1153060 1824.4
1153070 1819.1
1153080 1818.4
1153090 1812.4
1153100 1812.4
1153110 1805.8
1153120 1796.2
1153130 1796.2
1153140 1784.1
1153150 1775.8
1153160 1775.8
1153170 1764.1
1153180 1747.9
1153190 1747.9
1153200 1733.5
1153210 1719.9
1153220 1719.9
1153230 1708.4
1153240 1699.2
1153250 1699.2
1153260 1688.0
1153270 1676.5
1153280 1676.5
1153290 1661.8
1153300 1648.2
1153310 1648.2
1153320 1639.7
1153330 1638.2
1153340 1638.2
1153350 1640.0
1153360 1635.4
1153370 1628.4
1153380 1628.4
1153390 1620.9
1153400 1609.6
1153410 1609.6
1153420 1588.1
1153430 1566.0
1153440 1566.0
1153450 1558.7
1153460 1549.1
1153470 1549.1
1153480 1541.2
1153490 1535.0
1153500 1535.0
1153510 1526.8
1153520 1520.1
1153530 1520.1
1153540 1514.3
1153550 1507.3
1153560 1507.3
1153570 1499.8
1153580 1493.1
1153590 1493.1
1153600 1487.3
1153610 1480.0
1153620 1473.3
1153630 1473.3
1153640 1468.0
1153650 1462.4
1153660 1462.4
1153670 1457.7
1153680 1452.8
1153690 1452.8
1153700 1448.4
1153710 1444.9
1153720 1444.9
1153730 1440.7
1153740 1434.3
1153750 1434.3
1153760 1425.2
1153770 1418.3
1153780 1418.3
1153790 1412.0
1153800 1406.6
1153810 1406.6
1153820 1401.8
1153830 1397.3
1153840 1397.3
1153850 1395.0
1153860 1390.0
1153870 1384.8
1153880 1384.8
1153890 1380.0
1153900 1375.1
1153910 1375.1
1153920 1370.0
1153930 1367.0
1153940 1367.0
1153950 1363.1
1153960 1358.3
1153970 1358.3
1153980 1353.7
1153990 1348.2
1154000 1348.2
1154010 1341.5
1154020 1335.3
1154030 1335.3
1154040 1327.6
1154050 1320.1
1154060 1320.1
1154070 1313.0
1154080 1304.9
1154090 1304.9
1154100 1295.1
1154110 1285.3
1154120 1285.3
1154130 1276.7
1154140 1270.5
1154150 1259.3
1154160 1259.3
1154170 1241.8
1154180 1251.1
1154190 1251.1
1154200 1258.8
1154210 1272.6
1154220 1272.6
1154230 1286.1
1154240 1297.3
1154250 1297.3
1154260 1308.5
1154270 1317.8
1154280 1317.8
1154290 1324.9
1154300 1337.5
1154310 1337.5
1154320 1350.9
1154330 1361.9
1154340 1361.9
1154350 1374.3
1154360 1384.4
1154370 1384.4
1154380 1394.5
1154390 1408.1
1154400 1423.8
1154410 1423.8
1154420 1435.2
1154430 1443.5
1154440 1443.5
1154450 1451.9
1154460 1460.2
1154470 1460.2
1154480 1468.4
1154490 1475.9
1154500 1475.9
1154510 1483.1
1154520 1490.2
1154530 1490.2
1154540 1497.3
1154550 1504.3
1154560 1504.3
1154570 1511.0
1154580 1518.6
1154590 1518.6
1154600 1526.6
1154610 1534.8
1154620 1535.9
1154630 1544.6
1154640 1554.6
1154650 1554.6
1154660 1564.6
1154670 1572.3
1154680 1580.0
1154690 1580.0
1154700 1587.3
1154710 1593.8
1154720 1593.8
1154730 1601.0
1154740 1609.1
1154750 1609.1
1154760 1619.2
1154770 1628.7
1154780 1628.7
1154790 1637.7
1154800 1648.2
1154810 1648.2
1154820 1660.3
1154830 1669.8
1154840 1669.8
1154850 1677.5
1154860 1684.0
1154870 1684.0
1154880 1691.8
1154890 1700.0
1154900 1700.0
1154910 1706.0
1154920 1712.9
1154930 1721.3
1154940 1721.3
1154950 1728.6
1154960 1737.0
1154970 1737.0
1154980 1744.3
1154990 1749.6
1155000 1751.3
1155010 1759.7
1155020 1769.9
1155030 1769.9
1155040 1778.9
1155050 1785.6
1155060 1785.6
1155070 1793.3
1155080 1799.0
1155090 1799.0
1155100 1803.3
1155110 1809.2
1155120 1809.2
1155130 1814.0
1155140 1818.3
1155150 1818.3
1155160 1823.5
1155170 1828.0
1155180 1828.0
1155190 1830.3
1155200 1834.4
1155210 1838.1
1155220 1838.1
1155230 1840.4
1155240 1843.0
1155250 1843.0
1155260 1845.2
1155270 1847.2
1155280 1847.2
1155290 1848.5
1155300 1849.9
1155310 1849.9
1155320 1851.7
1155330 1850.9
1155340 1850.9
1155350 1848.5
1155360 1846.3
1155370 1846.3
1155380 1844.4
1155390 1855.7
1155400 1855.7
1155410 1858.0
1155420 1858.9
1155430 1858.9
1155440 1856.6
1155450 1853.2
1155460 1844.5
1155470 1844.5
1155480 1836.8
1155490 1828.2
1155500 1828.2
1155510 1819.5
1155520 1817.0
1155530 1817.0
1155540 1816.1
1155550 1807.0
1155560 1807.0
1155570 1814.9
1155580 1840.6
1155590 1840.6
1155600 1851.3
1155610 1858.9
1155620 1858.9
1155630 1868.9
1155640 1883.7
1155650 1883.7
1155660 1894.1
1155670 1901.7
1155680 1901.7
1155690 1907.1
1155700 1914.0
1155710 1914.0
1155720 1923.9
1155730 1937.6
1155740 1948.6
1155750 1948.6
1155760 1955.9
1155770 1962.9
1155780 1962.7
1155790 1972.6
1155800 1981.5
1155810 1981.5
1155820 1987.4
1155830 1990.6
1155840 1990.6
1155850 1992.4
1155860 1990.7
1155870 1990.7
1155880 1989.8
1155890 1989.9
1155900 1989.9
1155910 1990.6
1155920 1996.1
1155930 1996.1
1155940 2001.8
1155950 2004.3
1155960 2004.3
1155970 2004.6
1155980 2010.7
1155990 2017.2
1156000 2017.2
1156010 2023.7
1156020 2027.7
1156030 2027.7
1156040 2028.7
1156050 2032.3
1156060 2032.3
1156070 2039.2
1156080 2047.1
1156090 2047.1
1156100 2051.4
1156110 2053.1
1156120 2053.1
1156130 2053.6
1156140 2051.5
1156150 2051.5
1156160 2057.3
1156170 2055.8
1156180 2055.8
1156190 2050.9
1156200 2043.4
1156210 2043.4
1156220 2036.1
1156230 2027.9
1156240 2020.1
1156250 2020.1
1156260 2012.0
1156270 2004.1
1156280 2004.1
1156290 1995.8
1156300 1989.1
1156310 1989.1
1156320 1982.7
1156330 1975.7
1156340 1975.7
1156350 1972.8
1156360 1971.8
1156370 1971.8
1156380 1971.6
1156390 1971.7
1156400 1971.7
1156410 1973.3
1156420 1980.0
1156430 1980.0
1156440 1985.2
1156450 1989.0
1156460 1989.0
1156470 1993.2
1156480 1998.9
1156490 1998.9
1156500 2005.4
1156510 2013.0
1156520 2022.1
1156530 2022.1
1156540 2030.3
1156550 2043.3
1156560 2043.3
1156570 2050.1
1156580 2054.8
1156590 2054.8
1156600 2058.2
1156610 2061.5
1156620 2061.5
1156630 2064.8
1156640 2067.7
1156650 2067.7
1156660 2070.0
1156670 2071.7
1156680 2071.7
1156690 2073.1
1156700 2073.0
1156710 2073.0
1156720 2071.1
1156730 2072.0
1156740 2072.0
1156750 2075.8
1156760 2079.0
1156770 2080.6
1156780 2080.6
1156790 2082.2
1156800 2082.8
1156810 2082.8
1156820 2085.9
1156830 2092.9
1156840 2092.9
1156850 2101.4
1156860 2108.8
1156870 2108.8
1156880 2117.4
1156890 2116.5
1156900 2116.5
1156910 2118.4
1156920 2122.1
1156930 2122.1
1156940 2135.7
1156950 2140.6
1156960 2140.6
1156970 2148.0
1156980 2153.2
1156990 2153.2
1157000 2157.9
1157010 2164.5
1157020 2164.5
1157030 2172.7
1157040 2181.1
1157050 2189.3
1157060 2189.3
1157070 2196.7
1157080 2201.6
1157090 2201.6
1157100 2203.3
1157110 2203.8
1157120 2203.8
1157130 2203.1
1157140 2201.7
1157150 2201.7
1157160 2199.7
1157170 2193.2
1157180 2193.2
1157190 2185.4
1157200 2178.2
1157210 2178.2
1157220 2170.8
1157230 2162.4
1157240 2162.4
1157250 2152.7
1157260 2144.5
1157270 2144.5
1157280 2134.8
1157290 2125.3
1157300 2115.3
1157310 2115.3
1157320 2105.0
1157330 2105.6
1157340 2105.6
1157350 2100.3
1157360 2091.6
1157370 2091.6
1157380 2080.4
1157390 2070.6
1157400 2070.6
1157410 2065.2
1157420 2060.0
1157430 2060.0
1157440 2053.8
1157450 2047.6
1157460 2047.6
1157470 2041.2
1157480 2035.3
1157490 2035.3
1157500 2029.8
1157510 2025.1
1157520 2025.1
1157530 2021.0
1157540 2017.0
1157550 2017.0
1157560 2012.2
1157570 2007.3
1157580 2001.6
1157590 2001.6
1157600 1994.3
1157610 1986.6
1157620 1986.6
1157630 1978.3
1157640 1968.0
1157650 1968.0
1157660 1957.0
1157670 1947.2
1157680 1947.2
1157690 1937.8
1157700 1928.4
1157710 1928.4
1157720 1916.2
1157730 1908.2
1157740 1908.2
1157750 1900.2
1157760 1892.1
1157770 1892.1
1157780 1884.3
1157790 1877.1
1157800 1877.1
1157810 1870.8
1157820 1867.5
1157830 1862.0
1157840 1862.0
1157850 1853.8
1157860 1844.5
1157870 1844.5
1157880 1835.0
1157890 1825.2
1157900 1825.2
1157910 1817.1
1157920 1808.7
1157930 1808.7
1157940 1800.2
1157950 1792.1
1157960 1792.1
1157970 1784.0
1157980 1777.1
1157990 1777.1
1158000 1769.6
1158010 1762.6
1158020 1762.6
1158030 1754.9
1158040 1746.8
1158050 1746.8
1158060 1739.8
1158070 1732.9
1158080 1732.9
1158090 1724.9
1158100 1716.7
1158110 1708.7
1158120 1708.7
1158130 1699.2
1158140 1691.4
1158150 1691.4
1158160 1684.1
1158170 1677.4
1158180 1677.4
1158190 1670.9
1158200 1664.4
1158210 1664.4
1158220 1658.5
1158230 1653.8
1158240 1653.8
1158250 1650.2
1158260 1646.6
1158270 1646.6
1158280 1642.2
1158290 1638.5
1158300 1638.5
1158310 1635.3
1158320 1631.4
1158330 1631.4
1158340 1626.8
1158350 1621.9
1158360 1616.8
1158370 1616.8
1158380 1612.2
1158390 1607.2
1158400 1607.2
1158410 1602.3
1158420 1597.6
1158430 1597.6
1158440 1592.7
1158450 1587.4
1158460 1587.4
1158470 1581.6
1158480 1575.8
1158490 1575.8
1158500 1567.0
1158510 1561.5
1158520 1561.5
1158530 1556.6
1158540 1552.0
1158550 1552.0
1158560 1547.5
1158570 1542.8
1158580 1542.8
1158590 1537.4
1158600 1531.6
1158610 1525.3
1158620 1525.3
1158630 1518.9
1158640 1512.4
1158650 1512.4
1158660 1505.1
1158670 1497.2
1158680 1497.2
1158690 1489.9
1158700 1482.7
1158710 1482.7
1158720 1475.2
1158730 1468.3
1158740 1468.3
1158750 1461.7
1158760 1455.3
1158770 1455.3
1158780 1448.8
1158790 1442.1
1158800 1442.1
1158810 1435.8
1158820 1429.6
1158830 1429.6
1158840 1422.8
1158850 1416.4
1158860 1416.4
1158870 1409.9
1158880 1403.5
1158890 1393.3
1158900 1393.3
1158910 1386.3
1158920 1379.0
1158930 1379.0
1158940 1372.6
1158950 1366.2
1158960 1366.2
1158970 1358.0
1158980 1350.6
1158990 1350.6
1159000 1344.1
1159010 1339.1
1159020 1339.1
1159030 1333.9
1159040 1327.6
1159050 1327.6
1159060 1321.1
1159070 1314.3
1159080 1314.3
1159090 1307.3
1159100 1300.2
1159110 1300.2
1159120 1291.1
1159130 1281.7
1159140 1275.8
1159150 1275.8
1159160 1271.0
1159170 1265.7
1159180 1265.7
1159190 1260.0
1159200 1253.8
1159210 1253.8
1159220 1247.6
1159230 1242.3
1159240 1242.3
1159250 1237.3
1159260 1232.4
1159270 1232.4
1159280 1229.5
1159290 1224.9
1159300 1224.9
1159310 1220.4
1159320 1215.4
1159330 1215.4
1159340 1210.2
1159350 1205.1
1159360 1205.1
1159370 1200.2
1159380 1197.1
1159390 1197.1
1159400 1193.4
1159410 1189.7
1159420 1186.1
1159430 1186.1
1159440 1182.8
1159450 1179.9
1159460 1179.9
1159470 1177.7
1159480 1175.5
1159490 1175.5
1159500 1171.5
1159510 1147.1
1159520 1147.1
1159530 1131.8
1159540 1155.3
1159550 1155.3
1159560 1173.4
1159570 1178.3
1159580 1178.3
1159590 1181.8
1159600 1184.4
1159610 1184.4
1159620 1186.7
1159630 1188.4
1159640 1188.4
1159650 1190.9
1159660 1196.7
1159670 1198.4
1159680 1198.4
1159690 1199.8
1159700 1201.6
1159710 1201.6
1159720 1209.9
1159730 1217.3
1159740 1217.3
1159750 1221.9
1159760 1227.5
1159770 1227.5
1159780 1233.6
1159790 1241.7
1159800 1241.7
1159810 1250.6
1159820 1260.1
1159830 1260.1
1159840 1275.1
1159850 1293.0
1159860 1293.0
1159870 1308.6
1159880 1320.4
1159890 1320.4
1159900 1329.6
1159910 1336.5
1159920 1336.5
1159930 1344.1
1159940 1351.8
1159950 1361.0
1159960 1361.0
1159970 1370.4
1159980 1378.6
1159990 1378.6
