1140000 1870.4
1140010 1870.4
1140020 1867.7
1140030 1866.3
1140040 1865.8
1140050 1865.8
1140060 1865.8
1140070 1864.3
1140080 1864.3
1140090 1863.6
1140100 1861.3
1140110 1861.3
1140120 1858.9
1140130 1857.8
1140140 1857.8
1140150 1857.2
1140160 1855.9
1140170 1855.9
1140180 1852.6
1140190 1848.8
1140200 1848.8
1140210 1848.4
1140220 1848.6
1140230 1848.6
1140240 1846.1
1140250 1837.0
1140260 1837.0
1140270 1831.2
1140280 1826.4
1140290 1825.8
1140300 1825.8
1140310 1820.6
1140320 1817.4
1140330 1817.4
1140340 1814.7
1140350 1807.8
1140360 1807.8
1140370 1797.2
1140380 1787.8
1140390 1787.8
1140400 1783.8
1140410 1780.6
1140420 1780.6
1140430 1777.9
1140440 1775.4
1140450 1775.4
1140460 1772.7
1140470 1769.4
1140480 1769.4
1140490 1765.0
1140500 1753.8
1140510 1753.8
1140520 1736.5
1140530 1724.8
1140540 1724.8
1140550 1723.1
1140560 1725.7
1140570 1728.4
1140580 1728.4
1140590 1730.2
1140600 1733.1
1140610 1733.1
1140620 1737.4
1140630 1739.6
1140640 1739.6
1140650 1732.8
1140660 1733.1
1140670 1733.1
1140680 1730.0
1140690 1728.9
1140700 1728.9
1140710 1727.2
1140720 1724.4
1140730 1724.4
1140740 1721.1
1140750 1718.1
1140760 1718.1
1140770 1714.2
1140780 1708.3
1140790 1708.3
1140800 1701.2
1140810 1694.0
1140820 1685.9
1140830 1685.9
1140840 1677.1
1140850 1668.9
1140860 1668.9
1140870 1662.0
1140880 1655.0
1140890 1655.0
1140900 1651.2
1140910 1645.8
1140920 1645.8
1140930 1638.8
1140940 1633.2
1140950 1633.2
1140960 1625.1
1140970 1617.8
1140980 1617.8
1140990 1611.5
1141000 1604.5
1141010 1604.5
1141020 1593.3
1141030 1586.0
1141040 1586.0
1141050 1577.0
1141060 1566.5
1141070 1566.5
1141080 1558.4
1141090 1551.5
1141100 1545.7
1141110 1545.7
1141120 1539.5
1141130 1533.9
1141140 1533.9
1141150 1529.7
1141160 1524.5
1141170 1524.5
1141180 1518.3
1141190 1511.5
1141200 1511.5
1141210 1506.0
1141220 1502.8
1141230 1502.8
1141240 1498.3
1141250 1493.5
1141260 1493.5
1141270 1489.1
1141280 1484.5
1141290 1484.5
1141300 1479.6
1141310 1473.6
1141320 1473.6
1141330 1464.6
1141340 1452.3
1141350 1440.4
1141360 1440.4
1141370 1428.5
1141380 1420.5
1141390 1416.8
1141400 1409.6
1141410 1404.8
1141420 1404.8
1141430 1402.5
1141440 1400.2
1141450 1400.2
1141460 1397.4
1141470 1392.4
1141480 1392.4
1141490 1385.1
1141500 1381.2
1141510 1381.2
1141520 1381.1
1141530 1385.4
1141540 1385.4
1141550 1393.4
1141560 1400.7
1141570 1400.7
1141580 1402.4
1141590 1407.7
1141600 1407.7
1141610 1415.0
1141620 1422.3
1141630 1428.8
1141640 1428.8
1141650 1435.2
1141660 1442.1
1141670 1442.1
1141680 1448.6
1141690 1455.0
1141700 1455.0
1141710 1461.7
1141720 1468.2
1141730 1468.2
1141740 1476.0
1141750 1484.6
1141760 1486.7
1141770 1494.4
1141780 1502.3
1141790 1502.3
1141800 1510.6
1141810 1518.7
1141820 1518.7
1141830 1526.5
1141840 1534.3
1141850 1534.3
1141860 1542.3
1141870 1554.2
1141880 1571.9
1141890 1571.9
1141900 1586.6
1141910 1597.3
1141920 1597.3
1141930 1604.8
1141940 1611.5
1141950 1611.5
1141960 1618.3
1141970 1625.8
1141980 1625.8
1141990 1631.9
1142000 1636.7
1142010 1636.7
1142020 1641.1
1142030 1644.1
1142040 1644.1
1142050 1646.4
1142060 1648.3
1142070 1648.3
1142080 1650.6
1142090 1652.9
1142100 1652.9
1142110 1654.2
1142120 1655.4
1142130 1655.4
1142140 1643.7
1142150 1636.8
1142160 1634.3
1142170 1634.3
1142180 1636.5
1142190 1635.8
1142200 1635.8
1142210 1634.3
1142220 1637.5
1142230 1637.5
1142240 1640.1
1142250 1639.6
1142260 1639.6
1142270 1643.0
1142280 1646.2
1142290 1646.2
1142300 1644.2
1142310 1640.3
1142320 1640.3
1142330 1638.7
1142340 1647.5
1142350 1647.5
1142360 1656.3
1142370 1665.1
1142380 1665.1
1142390 1673.9
1142400 1680.6
1142410 1686.9
1142420 1686.9
1142430 1693.3
1142440 1697.1
1142450 1697.1
1142460 1699.8
1142470 1703.7
1142480 1703.7
1142490 1709.4
1142500 1714.0
1142510 1707.9
1142520 1711.8
1142530 1715.8
1142540 1715.8
1142550 1718.7
1142560 1721.5
1142570 1721.5
1142580 1724.6
1142590 1726.1
1142600 1726.1
1142610 1727.7
1142620 1729.6
1142630 1729.6
1142640 1732.0
1142650 1733.9
1142660 1733.9
1142670 1735.2
1142680 1736.8
1142690 1738.6
1142700 1738.6
1142710 1741.0
1142720 1743.2
1142730 1743.2
1142740 1744.6
1142750 1740.1
1142760 1740.1
1142770 1732.8
1142780 1726.2
1142790 1726.2
1142800 1720.9
1142810 1718.3
1142820 1718.3
1142830 1720.0
1142840 1727.0
1142850 1727.0
1142860 1733.7
1142870 1738.9
1142880 1734.0
1142890 1736.2
1142900 1736.4
1142910 1736.4
1142920 1733.5
1142930 1730.2
1142940 1730.2
1142950 1730.4
1142960 1731.8
1142970 1731.2
1142980 1731.2
1142990 1730.8
1143000 1742.8
1143010 1742.8
1143020 1769.3
1143030 1782.3
1143040 1782.3
1143050 1787.2
1143060 1790.8
1143070 1790.8
1143080 1794.0
1143090 1796.5
1143100 1796.5
1143110 1796.4
1143120 1798.6
1143130 1798.6
1143140 1806.6
1143150 1806.2
1143160 1806.2
1143170 1802.8
1143180 1800.4
1143190 1800.4
1143200 1796.7
1143210 1790.6
1143220 1782.4
1143230 1782.4
1143240 1773.5
1143250 1759.7
1143260 1759.7
1143270 1749.4
1143280 1738.7
1143290 1738.7
1143300 1735.9
1143310 1739.8
1143320 1739.8
1143330 1744.2
1143340 1753.6
1143350 1753.6
1143360 1757.8
1143370 1763.1
1143380 1763.1
1143390 1770.2
1143400 1774.3
1143410 1774.3
1143420 1774.8
1143430 1771.4
1143440 1771.4
1143450 1765.4
1143460 1757.1
1143470 1757.1
1143480 1759.0
1143490 1768.1
1143500 1781.7
1143510 1781.7
1143520 1788.5
1143530 1794.6
1143540 1794.6
1143550 1803.1
1143560 1812.1
1143570 1812.1
1143580 1820.6
1143590 1829.2
1143600 1829.2
1143610 1838.8
1143620 1845.5
1143630 1846.0
1143640 1851.6
1143650 1855.6
1143660 1855.6
1143670 1860.0
1143680 1864.7
1143690 1864.7
1143700 1869.1
1143710 1874.2
1143720 1874.2
1143730 1878.6
1143740 1881.3
1143750 1884.3
1143760 1884.3
1143770 1886.9
1143780 1888.1
1143790 1888.1
1143800 1889.0
1143810 1890.3
1143820 1890.3
1143830 1892.4
1143840 1894.7
1143850 1894.7
1143860 1895.8
1143870 1895.8
1143880 1895.8
1143890 1895.8
1143900 1894.5
1143910 1894.5
1143920 1890.7
1143930 1885.8
1143940 1885.8
1143950 1883.5
1143960 1880.9
1143970 1880.9
1143980 1878.1
1143990 1873.6
1144000 1866.0
1144010 1860.9
1144020 1857.0
1144030 1854.6
1144040 1854.6
1144050 1857.6
1144060 1859.5
1144070 1859.5
1144080 1852.1
1144090 1848.3
1144100 1848.3
1144110 1842.9
1144120 1839.3
1144130 1839.3
1144140 1850.3
1144150 1857.0
1144160 1857.0
1144170 1859.9
1144180 1867.5
1144190 1867.5
1144200 1876.0
1144210 1876.5
1144220 1876.5
1144230 1873.3
1144240 1871.8
1144250 1871.8
1144260 1870.3
1144270 1870.5
1144280 1871.2
1144290 1871.2
1144300 1871.1
1144310 1873.2
1144320 1873.2
1144330 1875.3
1144340 1880.3
1144350 1880.3
1144360 1887.8
1144370 1883.3
1144380 1883.3
1144390 1884.3
1144400 1884.5
1144410 1884.5
1144420 1883.6
1144430 1883.9
1144440 1883.9
1144450 1884.0
1144460 1884.0
1144470 1884.0
1144480 1884.1
1144490 1883.8
1144500 1883.8
1144510 1883.3
1144520 1882.4
1144530 1882.4
1144540 1881.9
1144550 1881.2
1144560 1880.8
1144570 1880.8
1144580 1880.2
1144590 1878.5
1144600 1878.5
1144610 1877.5
1144620 1876.2
1144630 1876.2
1144640 1873.4
1144650 1868.8
1144660 1868.8
1144670 1861.3
1144680 1852.0
1144690 1852.0
1144700 1846.7
1144710 1842.7
1144720 1842.7
1144730 1839.1
1144740 1834.0
1144750 1826.6
1144760 1822.1
1144770 1819.1
1144780 1819.1
1144790 1816.0
1144800 1812.3
1144810 1808.2
1144820 1808.2
1144830 1804.7
1144840 1801.6
1144850 1801.6
1144860 1799.0
1144870 1796.7
1144880 1796.7
1144890 1793.0
1144900 1788.4
1144910 1788.4
1144920 1784.4
1144930 1781.2
1144940 1781.2
1144950 1777.7
1144960 1773.8
1144970 1773.8
1144980 1769.0
1144990 1763.4
1145000 1763.4
1145010 1759.1
1145020 1754.9
1145030 1754.9
1145040 1749.4
1145050 1742.8
1145060 1742.8
1145070 1736.0
1145080 1728.3
1145090 1717.9
1145100 1717.9
1145110 1706.0
1145120 1698.7
1145130 1698.7
1145140 1686.3
1145150 1674.6
1145160 1674.6
1145170 1662.9
1145180 1651.2
1145190 1651.2
1145200 1639.9
1145210 1628.4
1145220 1628.4
1145230 1617.9
1145240 1608.6
1145250 1608.6
1145260 1601.7
1145270 1595.5
1145280 1595.5
1145290 1589.7
1145300 1583.5
1145310 1583.5
1145320 1577.7
1145330 1573.3
1145340 1569.5
1145350 1569.5
1145360 1563.0
1145370 1554.7
1145380 1554.7
1145390 1545.1
1145400 1536.0
1145410 1536.0
1145420 1526.3
1145430 1517.8
1145440 1517.8
1145450 1512.3
1145460 1508.3
1145470 1508.3
1145480 1504.9
1145490 1501.7
1145500 1498.4
1145510 1494.5
1145520 1490.6
1145530 1490.6
1145540 1488.5
1145550 1487.4
1145560 1487.4
1145570 1485.7
1145580 1484.1
1145590 1484.1
1145600 1483.1
1145610 1481.1
1145620 1477.7
1145630 1477.7
1145640 1475.9
1145650 1476.1
1145660 1476.1
1145670 1474.9
1145680 1472.7
1145690 1472.7
1145700 1471.5
1145710 1469.6
1145720 1469.6
1145730 1467.6
1145740 1465.7
1145750 1465.7
1145760 1462.4
1145770 1459.4
1145780 1459.4
1145790 1458.1
1145800 1458.5
1145810 1458.5
1145820 1459.2
1145830 1458.6
1145840 1458.6
1145850 1457.1
1145860 1455.6
1145870 1450.9
1145880 1450.9
1145890 1451.4
1145900 1452.2
1145910 1452.2
1145920 1452.4
1145930 1451.7
1145940 1451.7
1145950 1449.4
1145960 1447.1
1145970 1447.1
1145980 1446.1
1145990 1447.0
1146000 1447.0
1146010 1448.9
1146020 1449.7
1146030 1449.7
1146040 1449.7
1146050 1451.6
1146060 1451.6
1146070 1454.8
1146080 1458.4
1146090 1458.4
1146100 1461.2
1146110 1461.4
1146120 1461.4
1146130 1460.2
1146140 1459.1
1146150 1458.4
1146160 1458.4
1146170 1457.5
1146180 1456.4
1146190 1456.4
1146200 1454.9
1146210 1453.1
1146220 1453.1
1146230 1452.1
1146240 1452.9
1146250 1449.9
1146260 1450.3
1146270 1449.5
1146280 1449.5
1146290 1448.5
1146300 1447.0
1146310 1447.0
1146320 1444.5
1146330 1441.5
1146340 1441.5
1146350 1440.9
1146360 1440.9
1146370 1440.9
1146380 1440.9
1146390 1441.4
1146400 1443.0
1146410 1443.0
1146420 1443.2
1146430 1442.0
1146440 1442.0
1146450 1441.2
1146460 1440.4
1146470 1440.4
1146480 1439.7
1146490 1439.3
1146500 1439.3
1146510 1438.6
1146520 1437.6
1146530 1437.6
1146540 1436.8
1146550 1435.3
1146560 1435.3
1146570 1435.2
1146580 1435.0
1146590 1435.0
1146600 1434.7
1146610 1434.7
1146620 1434.7
1146630 1432.6
1146640 1431.8
1146650 1431.8
1146660 1432.0
1146670 1432.4
1146680 1432.8
1146690 1432.8
1146700 1433.1
1146710 1433.2
1146720 1433.2
1146730 1432.6
1146740 1430.9
1146750 1430.9
1146760 1428.1
1146770 1424.7
1146780 1424.7
1146790 1420.8
1146800 1416.5
1146810 1416.5
1146820 1413.8
1146830 1410.7
1146840 1410.7
1146850 1408.6
1146860 1406.4
1146870 1406.4
1146880 1404.6
1146890 1403.2
1146900 1403.2
1146910 1401.9
1146920 1400.2
1146930 1400.2
1146940 1398.2
1146950 1396.7
1146960 1395.7
1146970 1395.7
1146980 1394.5
1146990 1393.0
1147000 1391.0
1147010 1389.9
1147020 1390.2
1147030 1390.2
1147040 1392.1
1147050 1393.7
1147060 1393.7
1147070 1393.5
1147080 1393.7
1147090 1393.7
1147100 1394.6
1147110 1394.6
1147120 1394.6
1147130 1393.6
1147140 1392.7
1147150 1392.7
1147160 1392.2
1147170 1392.9
1147180 1392.9
1147190 1394.4
1147200 1396.3
1147210 1398.7
1147220 1398.7
1147230 1401.0
1147240 1404.9
1147250 1404.9
1147260 1408.8
1147270 1412.3
1147280 1412.3
1147290 1415.3
1147300 1418.7
1147310 1418.7
1147320 1423.0
1147330 1426.9
1147340 1426.9
1147350 1430.6
1147360 1433.7
1147370 1433.7
1147380 1430.8
1147390 1432.8
1147400 1432.8
1147410 1434.6
1147420 1435.3
1147430 1435.3
1147440 1435.1
1147450 1434.5
1147460 1434.5
1147470 1433.1
1147480 1430.5
1147490 1427.5
1147500 1427.5
1147510 1424.9
1147520 1423.5
1147530 1423.5
1147540 1422.0
1147550 1419.7
1147560 1419.7
1147570 1417.4
1147580 1415.4
1147590 1415.4
1147600 1413.1
1147610 1410.6
1147620 1410.6
1147630 1407.7
1147640 1404.8
1147650 1404.8
1147660 1402.2
1147670 1399.8
1147680 1399.8
1147690 1397.2
1147700 1394.6
1147710 1394.6
1147720 1391.3
1147730 1387.4
1147740 1382.8
1147750 1382.8
1147760 1370.4
1147770 1365.4
1147780 1365.4
1147790 1360.7
1147800 1356.3
1147810 1356.3
1147820 1352.2
1147830 1348.3
1147840 1348.3
1147850 1344.3
1147860 1339.8
1147870 1339.8
1147880 1334.0
1147890 1332.6
1147900 1332.6
1147910 1332.6
1147920 1332.2
1147930 1332.2
1147940 1332.4
1147950 1329.9
1147960 1329.9
1147970 1324.5
1147980 1319.6
1147990 1319.6
1148000 1314.1
1148010 1307.4
1148020 1299.1
1148030 1299.1
1148040 1294.0
1148050 1290.0
1148060 1290.0
1148070 1285.9
1148080 1282.6
1148090 1282.6
1148100 1281.6
1148110 1278.6
1148120 1278.6
1148130 1274.2
1148140 1256.7
1148150 1256.7
1148160 1259.3
1148170 1267.0
1148180 1267.0
1148190 1277.2
1148200 1289.6
1148210 1289.6
1148220 1299.1
1148230 1307.4
1148240 1307.4
1148250 1316.0
1148260 1324.3
1148270 1330.9
1148280 1330.9
1148290 1330.8
1148300 1326.3
1148310 1326.3
1148320 1319.7
1148330 1313.7
1148340 1313.7
1148350 1309.3
1148360 1306.6
1148370 1306.6
1148380 1306.5
1148390 1306.7
1148400 1306.7
1148410 1305.4
1148420 1303.0
1148430 1303.0
1148440 1301.1
1148450 1299.7
1148460 1299.7
1148470 1297.7
1148480 1295.7
1148490 1295.7
1148500 1294.9
1148510 1291.5
1148520 1291.5
1148530 1290.9
1148540 1289.8
1148550 1288.7
1148560 1288.7
1148570 1287.9
1148580 1287.2
1148590 1287.2
1148600 1286.7
1148610 1286.3
1148620 1286.3
1148630 1286.6
1148640 1287.0
1148650 1287.0
1148660 1286.9
1148670 1286.7
1148680 1286.7
1148690 1285.3
1148700 1284.3
1148710 1284.3
1148720 1285.1
1148730 1285.3
1148740 1285.3
1148750 1284.7
1148760 1283.8
1148770 1283.8
1148780 1283.2
1148790 1282.1
1148800 1281.4
1148810 1281.4
1148820 1281.2
1148830 1281.1
1148840 1281.1
1148850 1280.9
1148860 1280.8
1148870 1280.8
1148880 1280.6
1148890 1274.7
1148900 1274.7
1148910 1274.0
1148920 1273.0
1148930 1273.0
1148940 1272.0
1148950 1270.3
1148960 1270.3
1148970 1268.5
1148980 1266.3
1148990 1266.3
1149000 1263.9
1149010 1261.2
1149020 1261.2
1149030 1258.6
1149040 1256.1
1149050 1256.1
1149060 1253.9
1149070 1251.4
1149080 1249.0
1149090 1249.0
1149100 1247.4
1149110 1245.7
1149120 1245.7
1149130 1243.9
1149140 1242.3
1149150 1242.3
1149160 1240.7
1149170 1239.1
1149180 1239.1
1149190 1237.4
1149200 1235.8
1149210 1235.8
1149220 1234.1
1149230 1232.4
1149240 1232.4
1149250 1231.0
1149260 1229.4
1149270 1225.8
1149280 1224.4
1149290 1222.8
1149300 1222.8
1149310 1221.2
1149320 1218.2
1149330 1213.5
1149340 1213.5
1149350 1212.4
1149360 1212.7
1149370 1212.7
1149380 1211.6
1149390 1209.8
1149400 1209.8
1149410 1207.5
1149420 1205.7
1149430 1205.7
1149440 1204.0
1149450 1201.2
1149460 1201.2
1149470 1196.7
1149480 1197.7
1149490 1197.7
1149500 1197.4
1149510 1194.5
1149520 1194.5
1149530 1191.3
1149540 1187.9
1149550 1187.9
1149560 1185.0
1149570 1181.1
1149580 1181.1
1149590 1177.4
1149600 1174.1
1149610 1171.3
1149620 1171.3
1149630 1168.6
1149640 1165.8
1149650 1157.2
1149660 1154.9
1149670 1152.8
1149680 1152.8
1149690 1150.7
1149700 1149.6
1149710 1149.6
1149720 1149.1
1149730 1148.4
1149740 1148.4
1149750 1147.1
1149760 1147.1
1149770 1147.1
1149780 1148.3
1149790 1148.6
1149800 1148.6
1149810 1148.8
1149820 1148.9
1149830 1148.9
1149840 1148.9
1149850 1148.3
1149860 1147.2
1149870 1147.2
1149880 1145.3
1149890 1143.1
1149900 1143.1
1149910 1140.7
1149920 1137.7
1149930 1137.7
1149940 1133.2
1149950 1123.9
1149960 1123.9
1149970 1121.8
1149980 1116.8
1149990 1116.8
1150000 1111.9
1150010 1109.7
1150020 1109.7
1150030 1099.5
1150040 1095.5
1150050 1095.5
1150060 1093.3
1150070 1092.3
1150080 1092.3
1150090 1091.3
1150100 1090.7
1150110 1090.7
1150120 1090.4
1150130 1090.3
1150140 1090.2
1150150 1090.2
1150160 1090.2
1150170 1090.2
1150180 1090.2
1150190 1090.3
1150200 1090.4
1150210 1090.4
1150220 1090.5
1150230 1090.6
1150240 1090.6
1150250 1090.6
1150260 1090.7
1150270 1090.7
1150280 1090.7
1150290 1090.6
1150300 1090.6
1150310 1090.4
1150320 1090.2
1150330 1090.2
1150340 1090.0
1150350 1089.7
1150360 1089.7
1150370 1089.5
1150380 1089.3
1150390 1089.1
1150400 1089.1
1150410 1089.8
1150420 1089.4
1150430 1089.4
1150440 1089.0
1150450 1088.8
1150460 1088.8
1150470 1088.7
1150480 1088.6
1150490 1088.6
1150500 1088.6
1150510 1089.0
1150520 1089.0
1150530 1089.7
1150540 1090.4
1150550 1090.4
1150560 1090.5
1150570 1090.4
1150580 1090.4
1150590 1090.5
1150600 1090.5
1150610 1090.5
1150620 1090.2
1150630 1089.8
1150640 1089.8
1150650 1089.6
1150660 1089.8
1150670 1089.8
1150680 1089.8
1150690 1089.6
1150700 1089.1
1150710 1089.1
1150720 1089.0
1150730 1089.2
1150740 1089.2
1150750 1089.3
1150760 1089.2
1150770 1089.2
1150780 1089.1
1150790 1089.0
1150800 1089.0
1150810 1088.9
1150820 1088.8
1150830 1088.8
1150840 1088.7
1150850 1088.6
1150860 1088.6
1150870 1088.5
1150880 1088.3
1150890 1088.3
1150900 1088.4
1150910 1088.2
1150920 1088.1
1150930 1088.1
1150940 1088.0
1150950 1087.9
1150960 1087.9
1150970 1087.9
1150980 1087.8
1150990 1087.8
1151000 1087.7
1151010 1087.7
1151020 1087.7
1151030 1087.6
1151040 1087.6
1151050 1087.6
1151060 1087.6
1151070 1087.6
1151080 1087.6
1151090 1087.4
1151100 1087.3
1151110 1087.3
1151120 1087.2
1151130 1087.2
1151140 1087.2
1151150 1087.1
1151160 1087.0
1151170 1087.0
1151180 1087.0
1151190 1086.9
1151200 1086.8
1151210 1086.8
1151220 1086.9
1151230 1086.9
1151240 1086.9
1151250 1086.8
1151260 1086.7
1151270 1086.7
1151280 1086.6
1151290 1086.6
1151300 1086.6
1151310 1086.6
1151320 1086.7
1151330 1086.7
1151340 1086.8
1151350 1086.9
1151360 1086.9
1151370 1087.1
1151380 1087.3
1151390 1087.3
1151400 1087.5
1151410 1087.5
1151420 1087.5
1151430 1087.8
1151440 1087.8
1151450 1088.1
1151460 1088.1
1151470 1088.5
1151480 1088.8
1151490 1088.8
1151500 1089.1
1151510 1087.6
1151520 1087.6
1151530 1087.7
1151540 1088.8
1151550 1088.8
1151560 1088.6
1151570 1088.6
1151580 1088.6
1151590 1088.6
1151600 1088.6
1151610 1088.6
1151620 1088.5
1151630 1088.1
1151640 1088.1
1151650 1087.9
1151660 1087.8
1151670 1087.8
1151680 1087.8
1151690 1087.7
1151700 1087.7
1151710 1087.4
1151720 1087.0
1151730 1086.8
1151740 1086.8
1151750 1086.6
1151760 1086.3
1151770 1086.3
1151780 1086.1
1151790 1085.9
1151800 1085.9
1151810 1085.7
1151820 1085.5
1151830 1085.5
1151840 1085.2
1151850 1084.9
1151860 1084.9
1151870 1084.8
1151880 1085.0
1151890 1085.0
1151900 1085.1
1151910 1084.8
1151920 1084.8
1151930 1084.5
1151940 1083.6
1151950 1083.6
1151960 1083.4
1151970 1083.2
1151980 1083.2
1151990 1083.0
1152000 1082.5
1152010 1082.4
1152020 1082.4
1152030 1082.5
1152040 1082.4
1152050 1082.4
1152060 1081.9
1152070 1081.1
1152080 1081.1
1152090 1080.3
1152100 1079.9
1152110 1079.9
1152120 1079.8
1152130 1079.7
1152140 1079.7
1152150 1079.6
1152160 1079.8
1152170 1079.8
1152180 1080.6
1152190 1081.1
1152200 1081.1
1152210 1081.4
1152220 1081.6
1152230 1081.6
1152240 1081.5
1152250 1081.5
1152260 1081.5
1152270 1081.5
1152280 1081.8
1152290 1081.5
1152300 1081.5
1152310 1081.4
1152320 1082.1
1152330 1082.1
1152340 1082.0
1152350 1081.5
1152360 1081.5
1152370 1081.4
1152380 1081.2
1152390 1081.2
1152400 1081.0
1152410 1081.2
1152420 1081.2
1152430 1082.4
1152440 1084.7
1152450 1084.7
1152460 1087.8
1152470 1088.7
1152480 1088.7
1152490 1091.0
1152500 1092.6
1152510 1092.6
1152520 1093.0
1152530 1092.4
1152540 1092.7
1152550 1092.7
1152560 1093.8
1152570 1092.8
1152580 1092.8
1152590 1092.8
1152600 1094.0
1152610 1094.0
1152620 1095.1
1152630 1095.0
1152640 1095.0
1152650 1096.3
1152660 1098.0
1152670 1098.0
1152680 1097.2
1152690 1097.3
1152700 1097.3
1152710 1106.6
1152720 1110.3
1152730 1110.3
1152740 1112.8
1152750 1114.0
1152760 1114.0
1152770 1114.4
1152780 1114.8
1152790 1117.4
1152800 1117.4
1152810 1120.2
1152820 1121.4
1152830 1121.4
1152840 1122.5
1152850 1124.4
1152860 1124.4
1152870 1126.6
1152880 1129.7
1152890 1129.7
1152900 1133.4
1152910 1132.4
1152920 1132.4
1152930 1133.3
1152940 1134.8
1152950 1134.8
1152960 1135.8
1152970 1136.6
1152980 1136.6
1152990 1137.0
1153000 1138.1
1153010 1138.1
1153020 1139.7
1153030 1132.3
1153040 1132.3
1153050 1132.9
1153060 1139.9
1153070 1142.3
1153080 1142.3
1153090 1158.5
1153100 1164.5
1153110 1164.5
1153120 1169.1
1153130 1172.3
1153140 1172.3
1153150 1175.0
1153160 1177.1
1153170 1177.1
1153180 1178.7
1153190 1180.1
1153200 1180.1
1153210 1181.6
1153220 1183.8
1153230 1183.8
1153240 1186.4
1153250 1189.3
1153260 1189.3
1153270 1191.7
1153280 1192.9
1153290 1192.9
1153300 1193.1
1153310 1192.1
1153320 1191.9
1153330 1191.9
1153340 1192.8
1153350 1193.9
1153360 1193.9
1153370 1194.8
1153380 1196.3
1153390 1196.3
1153400 1199.5
1153410 1201.3
1153420 1201.3
1153430 1202.5
1153440 1203.8
1153450 1203.8
1153460 1204.7
1153470 1211.4
1153480 1211.4
1153490 1210.7
1153500 1208.7
1153510 1208.7
1153520 1207.0
1153530 1205.4
1153540 1205.4
1153550 1203.5
1153560 1201.0
1153570 1201.0
1153580 1198.1
1153590 1195.3
1153600 1191.6
1153610 1191.6
1153620 1187.6
1153630 1184.3
1153640 1184.3
1153650 1181.0
1153660 1178.3
1153670 1178.3
1153680 1175.7
1153690 1173.4
1153700 1173.4
1153710 1171.2
1153720 1169.1
1153730 1169.1
1153740 1167.4
1153750 1165.8
1153760 1165.8
1153770 1164.8
1153780 1163.9
1153790 1163.9
1153800 1162.4
1153810 1160.2
1153820 1160.2
1153830 1157.1
1153840 1155.2
1153850 1153.6
1153860 1159.1
1153870 1158.3
1153880 1157.6
1153890 1157.6
1153900 1156.5
1153910 1154.7
1153920 1154.7
1153930 1152.5
1153940 1149.8
1153950 1149.8
1153960 1147.0
1153970 1144.2
1153980 1144.2
1153990 1142.2
1154000 1140.0
1154010 1140.0
1154020 1137.8
1154030 1135.8
1154040 1135.8
1154050 1133.8
1154060 1133.2
1154070 1133.2
1154080 1132.0
1154090 1128.8
1154100 1128.8
1154110 1127.3
1154120 1126.7
1154130 1124.1
1154140 1124.1
1154150 1119.6
1154160 1115.4
1154170 1115.4
1154180 1111.0
1154190 1106.2
1154200 1106.2
1154210 1101.5
1154220 1098.7
1154230 1098.7
1154240 1098.1
1154250 1097.6
1154260 1097.6
1154270 1097.5
1154280 1097.5
1154290 1097.5
1154300 1097.4
1154310 1096.9
1154320 1096.9
1154330 1096.1
1154340 1095.6
1154350 1095.6
1154360 1095.3
1154370 1094.3
1154380 1092.3
1154390 1092.3
1154400 1090.9
1154410 1090.2
1154420 1090.2
1154430 1088.2
1154440 1086.0
1154450 1086.0
1154460 1087.8
1154470 1088.1
1154480 1088.1
1154490 1088.2
1154500 1088.2
1154510 1088.2
1154520 1088.2
1154530 1088.1
1154540 1088.1
1154550 1088.2
1154560 1090.2
1154570 1090.2
1154580 1092.7
1154590 1092.7
1154600 1092.7
1154610 1092.5
1154620 1092.1
1154630 1092.1
1154640 1091.5
1154650 1090.8
1154660 1090.4
1154670 1090.4
1154680 1090.3
1154690 1089.9
1154700 1089.9
1154710 1089.4
1154720 1089.0
1154730 1089.0
1154740 1088.6
1154750 1088.3
1154760 1088.3
1154770 1088.1
1154780 1088.7
1154790 1088.7
1154800 1089.3
1154810 1090.1
1154820 1090.1
1154830 1091.2
1154840 1092.8
1154850 1092.8
1154860 1095.1
1154870 1097.3
1154880 1097.3
1154890 1098.4
1154900 1099.7
1154910 1099.8
1154920 1099.8
1154930 1101.3
1154940 1103.0
1154950 1103.0
1154960 1104.6
1154970 1106.4
1154980 1106.4
1154990 1109.7
1155000 1110.3
1155010 1110.3
1155020 1112.6
1155030 1112.1
1155040 1112.1
1155050 1112.5
1155060 1113.8
1155070 1113.8
1155080 1114.2
1155090 1114.5
1155100 1114.5
1155110 1113.1
1155120 1111.6
1155130 1111.6
1155140 1109.6
1155150 1107.9
1155160 1107.9
1155170 1106.3
1155180 1104.6
1155190 1103.3
1155200 1103.3
1155210 1103.5
1155220 1105.7
1155230 1105.7
1155240 1108.5
1155250 1110.2
1155260 1110.2
1155270 1112.7
1155280 1114.8
1155290 1114.8
1155300 1116.8
1155310 1119.4
1155320 1119.4
1155330 1120.6
1155340 1121.8
1155350 1121.8
1155360 1123.6
1155370 1125.5
1155380 1125.5
1155390 1128.0
1155400 1137.2
1155410 1137.2
1155420 1139.1
1155430 1141.0
1155440 1139.6
1155450 1139.6
1155460 1134.9
1155470 1142.4
1155480 1142.4
1155490 1150.3
1155500 1154.6
1155510 1154.6
1155520 1160.8
1155530 1166.0
1155540 1166.0
1155550 1170.2
1155560 1174.1
1155570 1174.1
1155580 1177.7
1155590 1179.3
1155600 1179.3
1155610 1183.4
1155620 1188.8
1155630 1188.8
1155640 1192.3
1155650 1195.6
1155660 1195.6
1155670 1198.9
1155680 1202.2
1155690 1202.2
1155700 1205.1
1155710 1207.5
1155720 1210.3
1155730 1210.3
1155740 1213.4
1155750 1216.3
1155760 1216.3
1155770 1219.2
1155780 1222.2
1155790 1228.4
1155800 1231.7
1155810 1233.8
1155820 1233.8
1155830 1234.7
1155840 1238.4
1155850 1238.4
1155860 1240.6
1155870 1241.7
1155880 1241.7
1155890 1246.7
1155900 1251.4
1155910 1251.4
1155920 1253.5
1155930 1255.1
1155940 1255.1
1155950 1253.7
1155960 1246.0
1155970 1248.5
1155980 1248.5
1155990 1256.7
1156000 1264.8
1156010 1264.8
1156020 1273.2
1156030 1282.3
1156040 1282.3
1156050 1286.9
1156060 1289.0
1156070 1289.0
1156080 1291.5
1156090 1293.6
1156100 1293.6
1156110 1299.0
1156120 1303.6
1156130 1303.6
1156140 1306.9
1156150 1309.5
1156160 1309.5
1156170 1309.7
1156180 1317.2
1156190 1317.2
1156200 1323.7
1156210 1332.0
1156220 1332.0
1156230 1335.4
1156240 1339.3
1156250 1343.4
1156260 1343.4
1156270 1346.3
1156280 1349.8
1156290 1349.8
1156300 1355.2
1156310 1357.5
1156320 1357.5
1156330 1358.4
1156340 1361.5
1156350 1361.5
1156360 1364.3
1156370 1365.5
1156380 1365.5
1156390 1367.5
1156400 1371.4
1156410 1371.4
1156420 1374.9
1156430 1379.7
1156440 1379.7
1156450 1383.6
1156460 1381.0
1156470 1381.0
1156480 1373.0
1156490 1376.0
1156500 1385.4
1156510 1385.4
1156520 1394.4
1156530 1401.9
1156540 1401.9
1156550 1410.9
1156560 1425.0
1156570 1425.0
1156580 1432.3
1156590 1439.8
1156600 1439.8
1156610 1450.3
1156620 1459.4
1156630 1459.4
1156640 1468.2
1156650 1476.7
1156660 1476.7
1156670 1480.4
1156680 1481.0
1156690 1481.0
1156700 1488.0
1156710 1492.9
1156720 1492.9
1156730 1495.8
1156740 1497.7
1156750 1497.7
1156760 1496.6
1156770 1493.7
1156780 1490.1
1156790 1490.1
1156800 1495.2
1156810 1501.9
1156820 1501.9
1156830 1506.6
1156840 1512.3
1156850 1512.3
1156860 1518.6
1156870 1525.1
1156880 1525.1
1156890 1534.1
1156900 1544.5
1156910 1544.5
1156920 1547.7
1156930 1552.5
1156940 1552.5
1156950 1572.4
1156960 1576.7
1156970 1576.7
1156980 1582.7
1156990 1587.7
1157000 1587.7
1157010 1593.8
1157020 1595.7
1157030 1596.5
1157040 1596.5
1157050 1599.1
1157060 1601.1
1157070 1601.1
1157080 1603.2
1157090 1605.1
1157100 1605.1
1157110 1604.2
1157120 1599.5
1157130 1599.5
1157140 1597.8
1157150 1595.6
1157160 1595.6
1157170 1592.8
1157180 1590.6
1157190 1590.6
1157200 1588.4
1157210 1584.1
1157220 1584.1
1157230 1584.1
1157240 1582.4
1157250 1582.4
1157260 1580.1
1157270 1584.7
1157280 1584.7
1157290 1587.1
1157300 1587.7
1157310 1583.5
1157320 1583.5
1157330 1577.4
1157340 1573.4
1157350 1573.4
1157360 1562.4
1157370 1554.9
1157380 1554.9
1157390 1544.9
1157400 1542.8
1157410 1542.8
1157420 1547.8
1157430 1554.5
1157440 1554.5
1157450 1561.3
1157460 1569.5
1157470 1569.5
1157480 1578.5
1157490 1580.3
1157500 1580.3
1157510 1578.0
1157520 1575.7
1157530 1575.7
1157540 1575.1
1157550 1575.2
1157560 1575.3
1157570 1575.3
1157580 1575.8
1157590 1577.2
1157600 1577.2
1157610 1577.4
1157620 1574.2
1157630 1574.2
1157640 1571.0
1157650 1569.9
1157660 1569.9
1157670 1572.2
1157680 1572.0
1157690 1572.0
1157700 1569.8
1157710 1564.4
1157720 1564.4
1157730 1564.4
1157740 1551.4
1157750 1551.4
1157760 1538.8
1157770 1523.4
1157780 1523.4
1157790 1513.1
1157800 1507.9
1157810 1507.9
1157820 1502.1
1157830 1493.5
1157840 1480.8
1157850 1480.8
1157860 1471.0
1157870 1464.9
1157880 1464.9
1157890 1470.2
1157900 1483.9
1157910 1483.9
1157920 1500.6
1157930 1501.6
1157940 1501.6
1157950 1495.2
1157960 1487.7
1157970 1487.7
1157980 1480.0
1157990 1471.5
1158000 1471.5
1158010 1463.1
1158020 1454.5
1158030 1454.5
1158040 1446.5
1158050 1438.9
1158060 1438.9
1158070 1431.8
1158080 1425.1
1158090 1418.4
1158100 1418.4
1158110 1412.3
1158120 1406.6
1158130 1406.6
1158140 1400.2
1158150 1393.0
1158160 1393.0
1158170 1385.4
1158180 1378.3
1158190 1378.3
1158200 1370.0
1158210 1360.7
1158220 1360.7
1158230 1350.7
1158240 1340.2
1158250 1340.2
1158260 1330.4
1158270 1321.8
1158280 1321.8
1158290 1313.3
1158300 1305.7
1158310 1305.7
1158320 1299.8
1158330 1295.4
1158340 1295.4
1158350 1291.0
1158360 1285.9
1158370 1281.0
1158380 1281.0
1158390 1275.9
1158400 1270.4
1158410 1270.4
1158420 1265.1
1158430 1260.1
1158440 1260.1
1158450 1255.0
1158460 1250.4
1158470 1250.4
1158480 1245.9
1158490 1241.6
1158500 1241.6
1158510 1238.7
1158520 1234.9
1158530 1234.9
1158540 1231.5
1158550 1228.4
1158560 1228.4
1158570 1224.9
1158580 1221.3
1158590 1221.3
1158600 1217.6
1158610 1213.6
1158620 1209.1
1158630 1209.1
1158640 1204.3
1158650 1199.2
1158660 1199.2
1158670 1194.8
1158680 1191.6
1158690 1191.6
1158700 1189.1
1158710 1187.2
1158720 1187.2
1158730 1185.1
1158740 1183.0
1158750 1183.0
1158760 1180.7
1158770 1178.8
1158780 1178.8
1158790 1177.2
1158800 1175.9
1158810 1175.9
1158820 1174.8
1158830 1171.6
1158840 1171.6
1158850 1153.4
1158860 1117.3
1158870 1117.3
1158880 1100.6
1158890 1092.6
1158900 1104.5
1158910 1104.5
1158920 1127.4
1158930 1143.3
1158940 1143.3
1158950 1163.5
1158960 1182.1
1158970 1182.1
1158980 1189.6
1158990 1195.3
1159000 1195.3
1159010 1201.4
1159020 1207.4
1159030 1207.4
1159040 1213.4
1159050 1219.6
1159060 1219.6
1159070 1226.0
1159080 1232.3
1159090 1232.3
1159100 1238.3
1159110 1244.1
1159120 1244.1
1159130 1250.0
1159140 1255.8
1159150 1261.5
1159160 1261.5
1159170 1266.8
1159180 1271.5
1159190 1271.5
1159200 1276.8
1159210 1283.6
1159220 1283.6
1159230 1289.9
1159240 1295.7
1159250 1295.7
1159260 1301.2
1159270 1306.9
1159280 1306.9
1159290 1308.3
1159300 1314.0
1159310 1314.0
1159320 1320.1
1159330 1325.9
1159340 1325.9
1159350 1331.4
1159360 1336.7
1159370 1336.7
1159380 1342.6
1159390 1348.8
1159400 1348.8
1159410 1355.4
1159420 1362.6
1159430 1370.7
1159440 1370.7
1159450 1378.9
1159460 1387.4
1159470 1387.4
1159480 1396.9
1159490 1406.5
1159500 1406.5
1159510 1414.1
1159520 1421.8
1159530 1421.8
1159540 1431.2
1159550 1440.7
1159560 1440.7
1159570 1449.0
1159580 1456.9
1159590 1456.9
1159600 1465.0
1159610 1473.4
1159620 1473.4
1159630 1482.0
1159640 1491.0
1159650 1491.0
1159660 1499.4
1159670 1509.0
1159680 1517.4
1159690 1517.4
1159700 1530.7
1159710 1540.2
1159720 1540.2
1159730 1546.3
1159740 1551.3
1159750 1551.3
1159760 1556.6
1159770 1561.8
1159780 1561.8
1159790 1567.3
1159800 1573.7
1159810 1573.7
1159820 1579.6
1159830 1582.9
1159840 1582.9
1159850 1585.8
1159860 1587.9
1159870 1587.9
1159880 1588.4
1159890 1588.1
1159900 1588.1
1159910 1587.1
1159920 1584.4
1159930 1584.4
1159940 1580.1
1159950 1575.8
1159960 1571.4
1159970 1571.4
1159980 1565.1
1159990 1555.2
