1140000 1746.8
1140010 1746.8
1140020 1739.1
1140030 1733.3
1140040 1733.3
1140050 1731.2
1140060 1729.4
1140070 1729.4
1140080 1726.4
1140090 1721.8
1140100 1721.8
1140110 1715.2
1140120 1699.7
1140130 1693.9
1140140 1693.9
1140150 1687.4
1140160 1681.7
1140170 1681.7
1140180 1675.6
1140190 1668.2
1140200 1668.2
1140210 1660.5
1140220 1654.8
1140230 1654.8
1140240 1655.2
1140250 1668.0
1140260 1668.0
1140270 1674.8
1140280 1676.1
1140290 1676.1
1140300 1676.3
1140310 1674.0
1140320 1674.0
1140330 1668.1
1140340 1649.6
1140350 1649.6
1140360 1627.9
1140370 1612.4
1140380 1612.4
1140390 1606.4
1140400 1627.0
1140410 1641.2
1140420 1641.2
1140430 1639.4
1140440 1634.4
1140450 1634.4
1140460 1629.7
1140470 1625.8
1140480 1625.8
1140490 1612.4
1140500 1609.9
1140510 1609.9
1140520 1606.8
1140530 1604.1
1140540 1604.1
1140550 1601.1
1140560 1597.6
1140570 1597.6
1140580 1594.4
1140590 1591.1
1140600 1591.1
1140610 1587.6
1140620 1583.9
1140630 1583.9
1140640 1581.1
1140650 1578.1
1140660 1574.1
1140670 1574.1
1140680 1570.7
1140690 1566.9
1140700 1566.9
1140710 1562.0
1140720 1557.2
1140730 1557.2
1140740 1553.2
1140750 1549.7
1140760 1549.7
1140770 1545.4
1140780 1542.4
1140790 1542.4
1140800 1538.7
1140810 1534.1
1140820 1534.1
1140830 1529.2
1140840 1524.8
1140850 1524.8
1140860 1512.0
1140870 1506.0
1140880 1506.0
1140890 1501.5
1140900 1497.8
1140910 1497.8
1140920 1494.2
1140930 1490.6
1140940 1486.1
1140950 1486.1
1140960 1481.4
1140970 1477.0
1140980 1477.0
1140990 1472.8
1141000 1468.5
1141010 1468.5
1141020 1462.5
1141030 1456.0
1141040 1456.0
1141050 1452.8
1141060 1449.2
1141070 1449.2
1141080 1447.1
1141090 1446.1
1141100 1446.1
1141110 1444.5
1141120 1442.2
1141130 1442.2
1141140 1439.6
1141150 1437.3
1141160 1437.3
1141170 1434.6
1141180 1433.3
1141190 1430.8
1141200 1430.8
1141210 1427.0
1141220 1416.5
1141230 1420.4
1141240 1414.1
1141250 1409.2
1141260 1409.2
1141270 1405.4
1141280 1397.9
1141290 1397.9
1141300 1388.4
1141310 1383.0
1141320 1383.0
1141330 1374.5
1141340 1363.5
1141350 1363.5
1141360 1352.9
1141370 1343.7
1141380 1343.7
1141390 1334.9
1141400 1328.9
1141410 1328.9
1141420 1327.6
1141430 1333.0
1141440 1333.0
1141450 1344.7
1141460 1365.0
1141470 1375.1
1141480 1375.1
1141490 1379.4
1141500 1384.1
1141510 1384.1
1141520 1388.9
1141530 1393.9
1141540 1393.9
1141550 1399.7
1141560 1408.6
1141570 1408.6
1141580 1415.8
1141590 1421.1
1141600 1413.5
1141610 1418.6
1141620 1423.5
1141630 1423.5
1141640 1428.8
1141650 1435.4
1141660 1435.4
1141670 1441.1
1141680 1443.2
1141690 1443.2
1141700 1442.2
1141710 1440.2
1141720 1437.4
1141730 1437.4
1141740 1434.9
1141750 1431.6
1141760 1431.6
1141770 1427.4
1141780 1423.7
1141790 1423.7
1141800 1420.2
1141810 1416.0
1141820 1416.0
1141830 1415.0
1141840 1414.7
1141850 1414.7
1141860 1415.0
1141870 1413.7
1141880 1413.7
1141890 1410.2
1141900 1409.0
1141910 1409.0
1141920 1406.6
1141930 1392.2
1141940 1392.2
1141950 1377.0
1141960 1377.0
1141970 1368.7
1141980 1372.5
1141990 1377.0
1142000 1380.1
1142010 1380.1
1142020 1384.6
1142030 1392.9
1142040 1392.9
1142050 1403.5
1142060 1412.6
1142070 1412.6
1142080 1420.6
1142090 1430.1
1142100 1430.1
1142110 1437.6
1142120 1444.4
1142130 1444.4
1142140 1450.5
1142150 1455.6
1142160 1455.6
1142170 1457.9
1142180 1459.2
1142190 1459.2
1142200 1460.1
1142210 1460.9
1142220 1460.9
1142230 1461.4
1142240 1459.6
1142250 1456.0
1142260 1456.0
1142270 1459.9
1142280 1467.3
1142290 1467.3
1142300 1474.6
1142310 1479.9
1142320 1479.9
1142330 1487.0
1142340 1488.0
1142350 1488.0
1142360 1492.3
1142370 1495.1
1142380 1495.1
1142390 1495.5
1142400 1498.2
1142410 1498.2
1142420 1500.5
1142430 1502.4
1142440 1502.4
1142450 1504.2
1142460 1506.6
1142470 1506.6
1142480 1511.3
1142490 1516.7
1142500 1516.7
1142510 1520.9
1142520 1523.2
1142530 1521.8
1142540 1521.8
1142550 1519.3
1142560 1520.7
1142570 1520.7
1142580 1522.6
1142590 1523.5
1142600 1523.5
1142610 1523.7
1142620 1522.9
1142630 1522.9
1142640 1521.9
1142650 1521.0
1142660 1521.0
1142670 1520.3
1142680 1519.4
1142690 1519.4
1142700 1523.4
1142710 1531.2
1142720 1525.1
1142730 1528.7
1142740 1531.8
1142750 1531.8
1142760 1534.2
1142770 1537.5
1142780 1540.6
1142790 1540.6
1142800 1542.3
1142810 1544.0
1142820 1544.0
1142830 1545.8
1142840 1547.2
1142850 1547.2
1142860 1547.2
1142870 1546.5
1142880 1546.5
1142890 1546.6
1142900 1546.7
1142910 1546.7
1142920 1549.4
1142930 1553.1
1142940 1553.1
1142950 1556.4
1142960 1559.0
1142970 1559.0
1142980 1561.0
1142990 1562.2
1143000 1562.2
1143010 1562.8
1143020 1564.0
1143030 1564.0
1143040 1565.7
1143050 1566.2
1143060 1565.6
1143070 1565.6
1143080 1566.9
1143090 1560.5
1143100 1560.5
1143110 1561.5
1143120 1559.5
1143130 1559.5
1143140 1553.7
1143150 1551.7
1143160 1551.7
1143170 1564.5
1143180 1575.1
1143190 1575.1
1143200 1577.2
1143210 1578.7
1143220 1578.7
1143230 1576.2
1143240 1569.8
1143250 1569.8
1143260 1564.5
1143270 1559.2
1143280 1559.2
1143290 1550.5
1143300 1543.7
1143310 1543.9
1143320 1543.9
1143330 1546.0
1143340 1552.9
1143350 1552.9
1143360 1588.1
1143370 1622.8
1143380 1622.8
1143390 1634.1
1143400 1639.9
1143410 1639.9
1143420 1642.7
1143430 1644.6
1143440 1644.6
1143450 1646.1
1143460 1639.0
1143470 1639.0
1143480 1641.5
1143490 1643.7
1143500 1643.7
1143510 1648.7
1143520 1656.8
1143530 1656.8
1143540 1665.1
1143550 1670.1
1143560 1670.1
1143570 1673.0
1143580 1675.0
1143590 1677.2
1143600 1677.2
1143610 1680.3
1143620 1683.3
1143630 1683.3
1143640 1685.9
1143650 1689.2
1143660 1689.2
1143670 1692.5
1143680 1694.1
1143690 1694.1
1143700 1694.7
1143710 1694.8
1143720 1694.8
1143730 1694.0
1143740 1692.7
1143750 1692.7
1143760 1691.1
1143770 1689.4
1143780 1689.4
1143790 1687.2
1143800 1685.7
1143810 1685.7
1143820 1686.0
1143830 1686.7
1143840 1679.8
1143850 1679.8
1143860 1681.5
1143870 1683.5
1143880 1683.5
1143890 1684.5
1143900 1684.1
1143910 1684.1
1143920 1682.4
1143930 1681.6
1143940 1681.6
1143950 1681.7
1143960 1681.8
1143970 1681.8
1143980 1681.7
1143990 1681.4
1144000 1681.4
1144010 1681.5
1144020 1681.8
1144030 1681.8
1144040 1681.7
1144050 1681.1
1144060 1681.1
1144070 1679.8
1144080 1677.4
1144090 1677.4
1144100 1674.1
1144110 1671.2
1144120 1668.5
1144130 1668.5
1144140 1664.9
1144150 1659.0
1144160 1659.0
1144170 1652.4
1144180 1657.1
1144190 1657.1
1144200 1663.9
1144210 1659.5
1144220 1659.5
1144230 1656.3
1144240 1654.8
1144250 1654.8
1144260 1659.3
1144270 1665.3
1144280 1665.3
1144290 1669.4
1144300 1671.4
1144310 1671.4
1144320 1677.1
1144330 1684.5
1144340 1684.5
1144350 1693.2
1144360 1697.2
1144370 1699.8
1144380 1699.8
1144390 1705.3
1144400 1712.8
1144410 1712.8
1144420 1724.4
1144430 1738.5
1144440 1738.5
1144450 1742.5
1144460 1743.6
1144470 1743.6
1144480 1744.0
1144490 1742.9
1144500 1742.9
1144510 1742.6
1144520 1742.4
1144530 1742.4
1144540 1741.8
1144550 1742.1
1144560 1742.1
1144570 1740.9
1144580 1730.6
1144590 1730.6
1144600 1729.5
1144610 1729.0
1144620 1729.0
1144630 1728.4
1144640 1726.7
1144650 1725.2
1144660 1725.2
1144670 1724.8
1144680 1723.7
1144690 1723.7
1144700 1721.8
1144710 1718.6
1144720 1718.6
1144730 1714.9
1144740 1711.8
1144750 1711.8
1144760 1708.8
1144770 1707.6
1144780 1707.6
1144790 1707.0
1144800 1707.9
1144810 1707.9
1144820 1707.2
1144830 1707.2
1144840 1707.2
1144850 1706.8
1144860 1707.1
1144870 1707.1
1144880 1706.7
1144890 1704.2
1144900 1698.6
1144910 1698.6
1144920 1694.4
1144930 1691.3
1144940 1691.3
1144950 1686.4
1144960 1669.4
1144970 1669.4
1144980 1663.2
1144990 1659.0
1145000 1659.0
1145010 1654.8
1145020 1650.8
1145030 1650.8
1145040 1647.4
1145050 1644.8
1145060 1644.8
1145070 1642.8
1145080 1642.7
1145090 1642.7
1145100 1642.8
1145110 1641.7
1145120 1641.7
1145130 1639.7
1145140 1637.2
1145150 1637.2
1145160 1633.0
1145170 1626.9
1145180 1621.0
1145190 1621.0
1145200 1616.5
1145210 1611.4
1145220 1611.4
1145230 1606.6
1145240 1601.0
1145250 1601.0
1145260 1596.2
1145270 1591.1
1145280 1591.1
1145290 1585.2
1145300 1579.8
1145310 1579.8
1145320 1574.0
1145330 1563.8
1145340 1563.8
1145350 1559.4
1145360 1555.2
1145370 1555.2
1145380 1550.1
1145390 1544.6
1145400 1544.6
1145410 1538.8
1145420 1532.2
1145430 1523.5
1145440 1523.5
1145450 1515.8
1145460 1509.3
1145470 1509.3
1145480 1503.2
1145490 1496.5
1145500 1496.5
1145510 1490.0
1145520 1483.0
1145530 1483.0
1145540 1475.3
1145550 1468.3
1145560 1468.3
1145570 1459.8
1145580 1450.2
1145590 1450.2
1145600 1441.5
1145610 1434.1
1145620 1434.1
1145630 1425.8
1145640 1417.8
1145650 1417.8
1145660 1410.7
1145670 1405.9
1145680 1405.9
1145690 1401.9
1145700 1399.0
1145710 1392.9
1145720 1392.9
1145730 1389.9
1145740 1385.7
1145750 1385.7
1145760 1378.6
1145770 1371.6
1145780 1371.6
1145790 1365.5
1145800 1361.4
1145810 1361.4
1145820 1358.8
1145830 1356.0
1145840 1356.0
1145850 1354.0
1145860 1352.3
1145870 1352.3
1145880 1350.1
1145890 1347.7
1145900 1347.7
1145910 1348.6
1145920 1353.3
1145930 1353.3
1145940 1357.7
1145950 1363.3
1145960 1367.3
1145970 1367.3
1145980 1365.5
1145990 1360.9
1146000 1360.9
1146010 1358.5
1146020 1357.3
1146030 1357.3
1146040 1356.9
1146050 1357.3
1146060 1357.3
1146070 1360.5
1146080 1365.2
1146090 1361.9
1146100 1365.1
1146110 1365.2
1146120 1365.2
1146130 1363.4
1146140 1362.0
1146150 1362.0
1146160 1360.8
1146170 1357.4
1146180 1357.4
1146190 1351.9
1146200 1347.1
1146210 1347.1
1146220 1345.5
1146230 1347.0
1146240 1350.5
1146250 1350.5
1146260 1355.0
1146270 1355.3
1146280 1355.3
1146290 1355.5
1146300 1356.0
1146310 1356.0
1146320 1356.2
1146330 1357.0
1146340 1357.0
1146350 1358.8
1146360 1360.8
1146370 1360.8
1146380 1363.2
1146390 1365.4
1146400 1365.4
1146410 1366.8
1146420 1368.1
1146430 1368.1
1146440 1370.1
1146450 1373.0
1146460 1371.1
1146470 1376.1
1146480 1381.1
1146490 1383.6
1146500 1383.6
1146510 1383.5
1146520 1382.3
1146530 1382.3
1146540 1381.6
1146550 1381.0
1146560 1381.0
1146570 1378.9
1146580 1376.9
1146590 1376.9
1146600 1375.4
1146610 1374.5
1146620 1374.5
1146630 1373.1
1146640 1372.3
1146650 1372.3
1146660 1373.3
1146670 1375.9
1146680 1375.9
1146690 1376.3
1146700 1374.9
1146710 1374.9
1146720 1374.9
1146730 1375.6
1146740 1375.6
1146750 1375.4
1146760 1373.4
1146770 1371.8
1146780 1371.8
1146790 1371.6
1146800 1370.9
1146810 1370.9
1146820 1369.2
1146830 1367.7
1146840 1366.7
1146850 1367.6
1146860 1369.5
1146870 1369.5
1146880 1370.1
1146890 1369.4
1146900 1369.4
1146910 1368.8
1146920 1367.6
1146930 1367.6
1146940 1366.5
1146950 1365.1
1146960 1365.1
1146970 1364.4
1146980 1363.5
1146990 1363.5
1147000 1361.0
1147010 1360.0
1147020 1358.3
1147030 1358.3
1147040 1356.6
1147050 1355.9
1147060 1355.9
1147070 1355.1
1147080 1352.3
1147090 1352.3
1147100 1348.1
1147110 1343.9
1147120 1343.9
1147130 1340.6
1147140 1341.0
1147150 1341.0
1147160 1345.1
1147170 1349.7
1147180 1349.7
1147190 1352.8
1147200 1349.1
1147210 1344.7
1147220 1338.8
1147230 1333.4
1147240 1333.4
1147250 1329.3
1147260 1327.0
1147270 1327.0
1147280 1325.6
1147290 1324.3
1147300 1323.8
1147310 1323.8
1147320 1325.1
1147330 1326.2
1147340 1326.2
1147350 1324.5
1147360 1322.9
1147370 1322.9
1147380 1322.3
1147390 1321.3
1147400 1321.3
1147410 1319.9
1147420 1317.2
1147430 1317.2
1147440 1313.3
1147450 1311.7
1147460 1311.7
1147470 1311.9
1147480 1313.3
1147490 1313.3
1147500 1315.4
1147510 1316.7
1147520 1316.7
1147530 1314.4
1147540 1310.1
1147550 1306.0
1147560 1306.0
1147570 1302.3
1147580 1299.0
1147590 1293.9
1147600 1291.0
1147610 1290.8
1147620 1290.8
1147630 1290.2
1147640 1289.3
1147650 1289.3
1147660 1288.1
1147670 1286.9
1147680 1286.9
1147690 1285.1
1147700 1282.6
1147710 1282.6
1147720 1280.9
1147730 1280.8
1147740 1280.8
1147750 1280.6
1147760 1280.1
1147770 1280.1
1147780 1279.3
1147790 1278.2
1147800 1278.2
1147810 1277.3
1147820 1275.9
1147830 1273.9
1147840 1273.9
1147850 1271.3
1147860 1268.2
1147870 1268.2
1147880 1264.7
1147890 1261.1
1147900 1261.1
1147910 1257.1
1147920 1252.2
1147930 1252.2
1147940 1246.7
1147950 1240.5
1147960 1240.5
1147970 1234.0
1147980 1227.6
1147990 1227.6
1148000 1221.3
1148010 1214.7
1148020 1214.7
1148030 1210.3
1148040 1206.3
1148050 1206.3
1148060 1201.7
1148070 1196.2
1148080 1195.0
1148090 1195.0
1148100 1197.0
1148110 1193.8
1148120 1193.8
1148130 1188.4
1148140 1185.1
1148150 1185.1
1148160 1184.4
1148170 1185.7
1148180 1185.7
1148190 1185.8
1148200 1185.2
1148210 1185.2
1148220 1181.9
1148230 1177.9
1148240 1177.9
1148250 1184.0
1148260 1191.4
1148270 1191.4
1148280 1196.7
1148290 1200.1
1148300 1200.1
1148310 1202.2
1148320 1202.3
1148330 1202.3
1148340 1201.3
1148350 1195.1
1148360 1196.5
1148370 1196.5
1148380 1199.0
1148390 1199.5
1148400 1199.5
1148410 1199.2
1148420 1196.7
1148430 1196.7
1148440 1192.6
1148450 1189.2
1148460 1189.2
1148470 1187.1
1148480 1185.8
1148490 1185.8
1148500 1185.3
1148510 1183.3
1148520 1183.3
1148530 1180.7
1148540 1180.0
1148550 1180.0
1148560 1179.0
1148570 1176.1
1148580 1176.1
1148590 1172.2
1148600 1169.9
1148610 1168.9
1148620 1168.9
1148630 1164.6
1148640 1158.2
1148650 1158.2
1148660 1152.7
1148670 1148.6
1148680 1148.6
1148690 1145.4
1148700 1143.6
1148710 1143.6
1148720 1143.4
1148730 1138.1
1148740 1138.1
1148750 1138.6
1148760 1138.2
1148770 1138.2
1148780 1135.7
1148790 1130.5
1148800 1130.5
1148810 1126.8
1148820 1123.1
1148830 1123.1
1148840 1119.3
1148850 1116.7
1148860 1116.7
1148870 1115.0
1148880 1112.5
1148890 1110.2
1148900 1110.2
1148910 1108.3
1148920 1106.6
1148930 1106.6
1148940 1106.1
1148950 1103.7
1148960 1103.7
1148970 1101.9
1148980 1101.6
1148990 1101.6
1149000 1101.1
1149010 1099.6
1149020 1099.6
1149030 1099.0
1149040 1098.4
1149050 1098.4
1149060 1097.6
1149070 1097.7
1149080 1097.7
1149090 1097.9
1149100 1097.7
1149110 1097.2
1149120 1097.1
1149130 1096.9
1149140 1096.4
1149150 1096.4
1149160 1096.3
1149170 1096.2
1149180 1096.2
1149190 1096.1
1149200 1096.0
1149210 1096.0
1149220 1095.9
1149230 1095.8
1149240 1095.8
1149250 1095.8
1149260 1095.5
1149270 1095.5
1149280 1095.4
1149290 1095.3
1149300 1095.3
1149310 1095.2
1149320 1095.1
1149330 1095.1
1149340 1095.1
1149350 1095.2
1149360 1095.2
1149370 1094.8
1149380 1094.3
1149390 1094.3
1149400 1093.7
1149410 1093.4
1149420 1093.4
1149430 1093.4
1149440 1093.3
1149450 1093.3
1149460 1093.3
1149470 1093.6
1149480 1094.3
1149490 1094.9
1149500 1094.9
1149510 1094.8
1149520 1094.8
1149530 1094.8
1149540 1094.8
1149550 1094.8
1149560 1094.8
1149570 1094.8
1149580 1094.8
1149590 1094.8
1149600 1094.7
1149610 1094.7
1149620 1094.7
1149630 1094.6
1149640 1094.6
1149650 1094.5
1149660 1094.3
1149670 1094.1
1149680 1094.1
1149690 1094.0
1149700 1093.9
1149710 1093.9
1149720 1093.8
1149730 1093.7
1149740 1093.7
1149750 1093.9
1149760 1094.4
1149770 1094.4
1149780 1096.2
1149790 1098.1
1149800 1098.1
1149810 1098.9
1149820 1099.7
1149830 1099.7
1149840 1100.5
1149850 1101.6
1149860 1101.6
1149870 1104.1
1149880 1106.8
1149890 1106.8
1149900 1107.6
1149910 1108.1
1149920 1108.1
1149930 1108.4
1149940 1108.0
1149950 1107.5
1149960 1107.5
1149970 1106.7
1149980 1106.5
1149990 1106.5
1150000 1106.2
1150010 1105.9
1150020 1105.9
1150030 1105.6
1150040 1105.5
1150050 1105.5
1150060 1105.4
1150070 1105.6
1150080 1105.6
1150090 1105.8
1150100 1105.5
1150110 1105.5
1150120 1105.2
1150130 1104.9
1150140 1104.9
1150150 1104.8
1150160 1104.4
1150170 1104.4
1150180 1102.8
1150190 1102.5
1150200 1102.5
1150210 1102.8
1150220 1103.0
1150230 1103.2
1150240 1103.2
1150250 1103.8
1150260 1103.8
1150270 1103.8
1150280 1103.8
1150290 1103.8
1150300 1103.8
1150310 1103.7
1150320 1104.1
1150330 1104.1
1150340 1104.6
1150350 1104.8
1150360 1104.8
1150370 1104.6
1150380 1104.5
1150390 1104.5
1150400 1104.6
1150410 1104.1
1150420 1104.1
1150430 1103.9
1150440 1103.9
1150450 1103.9
1150460 1103.3
1150470 1103.0
1150480 1102.8
1150490 1102.8
1150500 1102.8
1150510 1102.7
1150520 1102.7
1150530 1102.1
1150540 1101.5
1150550 1101.5
1150560 1100.5
1150570 1099.9
1150580 1099.9
1150590 1099.4
1150600 1098.6
1150610 1098.6
1150620 1097.8
1150630 1097.1
1150640 1097.1
1150650 1096.3
1150660 1095.6
1150670 1095.6
1150680 1095.0
1150690 1094.2
1150700 1094.2
1150710 1093.5
1150720 1093.0
1150730 1093.0
1150740 1092.9
1150750 1092.8
1150760 1093.8
1150770 1093.8
1150780 1096.9
1150790 1101.2
1150800 1101.2
1150810 1106.4
1150820 1107.7
1150830 1107.7
1150840 1107.4
1150850 1106.1
1150860 1106.1
1150870 1106.0
1150880 1106.6
1150890 1106.6
1150900 1106.2
1150910 1105.4
1150920 1105.4
1150930 1101.1
1150940 1097.5
1150950 1097.5
1150960 1098.1
1150970 1099.8
1150980 1099.8
1150990 1100.4
1151000 1098.7
1151010 1101.9
1151020 1101.9
1151030 1100.2
1151040 1099.7
1151050 1099.7
1151060 1100.0
1151070 1100.2
1151080 1100.2
1151090 1101.0
1151100 1102.5
1151110 1102.5
1151120 1101.9
1151130 1101.3
1151140 1101.3
1151150 1102.0
1151160 1100.7
1151170 1100.7
1151180 1098.4
1151190 1096.8
1151200 1096.8
1151210 1094.7
1151220 1095.4
1151230 1095.4
1151240 1097.5
1151250 1099.8
1151260 1099.8
1151270 1101.1
1151280 1101.9
1151290 1104.5
1151300 1104.5
1151310 1107.2
1151320 1113.3
1151330 1113.3
1151340 1118.1
1151350 1122.8
1151360 1122.8
1151370 1126.3
1151380 1128.9
1151390 1139.5
1151400 1142.9
1151410 1147.3
1151420 1147.3
1151430 1150.4
1151440 1152.1
1151450 1152.1
1151460 1154.2
1151470 1153.3
1151480 1153.3
1151490 1141.8
1151500 1134.5
1151510 1134.5
1151520 1125.6
1151530 1127.1
1151540 1150.0
1151550 1150.0
1151560 1168.4
1151570 1181.7
1151580 1181.7
1151590 1191.3
1151600 1198.1
1151610 1198.1
1151620 1201.0
1151630 1194.2
1151640 1194.2
1151650 1198.7
1151660 1212.7
1151670 1212.7
1151680 1212.8
1151690 1208.8
1151700 1208.8
1151710 1227.3
1151720 1230.6
1151730 1230.6
1151740 1232.6
1151750 1238.3
1151760 1238.3
1151770 1255.0
1151780 1258.1
1151790 1258.1
1151800 1259.5
1151810 1261.8
1151820 1263.5
1151830 1263.5
1151840 1265.4
1151850 1267.6
1151860 1267.6
1151870 1268.5
1151880 1270.8
1151890 1270.8
1151900 1272.7
1151910 1275.6
1151920 1275.6
1151930 1277.1
1151940 1277.5
1151950 1277.5
1151960 1282.9
1151970 1288.3
1151980 1288.3
1151990 1295.0
1152000 1300.2
1152010 1300.2
1152020 1304.1
1152030 1306.0
1152040 1306.0
1152050 1307.4
1152060 1307.7
1152070 1306.7
1152080 1306.7
1152090 1308.1
1152100 1310.4
1152110 1310.4
1152120 1316.4
1152130 1322.9
1152140 1322.9
1152150 1337.9
1152160 1341.6
1152170 1341.6
1152180 1345.3
1152190 1347.0
1152200 1347.0
1152210 1348.5
1152220 1347.1
1152230 1347.1
1152240 1350.7
1152250 1354.0
1152260 1354.0
1152270 1351.1
1152280 1347.2
1152290 1347.2
1152300 1349.0
1152310 1350.8
1152320 1350.8
1152330 1350.6
1152340 1355.9
1152350 1357.3
1152360 1357.3
1152370 1357.5
1152380 1357.7
1152390 1357.7
1152400 1358.7
1152410 1358.7
1152420 1358.7
1152430 1358.7
1152440 1358.2
1152450 1358.2
1152460 1357.6
1152470 1358.3
1152480 1358.3
1152490 1358.2
1152500 1356.0
1152510 1356.0
1152520 1356.2
1152530 1356.1
1152540 1368.5
1152550 1368.5
1152560 1369.8
1152570 1369.8
1152580 1373.4
1152590 1375.8
1152600 1379.1
1152610 1379.1
1152620 1383.1
1152630 1384.1
1152640 1384.1
1152650 1386.5
1152660 1391.2
1152670 1391.2
1152680 1392.7
1152690 1395.0
1152700 1395.0
1152710 1396.1
1152720 1397.3
1152730 1397.3
1152740 1397.7
1152750 1396.7
1152760 1396.7
1152770 1394.6
1152780 1389.2
1152790 1389.2
1152800 1384.9
1152810 1382.4
1152820 1382.4
1152830 1380.2
1152840 1379.0
1152850 1379.0
1152860 1377.6
1152870 1376.6
1152880 1375.3
1152890 1375.3
1152900 1369.9
1152910 1358.8
1152920 1365.0
1152930 1366.3
1152940 1376.4
1152950 1376.4
1152960 1384.6
1152970 1391.2
1152980 1391.2
1152990 1398.6
1153000 1402.6
1153010 1402.6
1153020 1404.3
1153030 1407.3
1153040 1407.3
1153050 1410.6
1153060 1410.7
1153070 1410.7
1153080 1410.3
1153090 1409.3
1153100 1409.3
1153110 1408.1
1153120 1405.7
1153130 1402.3
1153140 1402.3
1153150 1398.5
1153160 1394.6
1153170 1394.6
1153180 1391.3
1153190 1389.7
1153200 1389.7
1153210 1388.0
1153220 1385.1
1153230 1385.1
1153240 1383.0
1153250 1381.6
1153260 1381.6
1153270 1382.5
1153280 1378.5
1153290 1378.5
1153300 1387.5
1153310 1381.7
1153320 1381.7
1153330 1376.6
1153340 1372.0
1153350 1372.0
1153360 1368.4
1153370 1363.8
1153380 1363.8
1153390 1360.5
1153400 1353.4
1153410 1348.3
1153420 1348.3
1153430 1342.8
1153440 1337.2
1153450 1337.2
1153460 1333.2
1153470 1330.3
1153480 1330.3
1153490 1326.4
1153500 1321.8
1153510 1321.8
1153520 1318.0
1153530 1313.8
1153540 1313.8
1153550 1308.9
1153560 1304.4
1153570 1304.4
1153580 1299.9
1153590 1295.0
1153600 1295.0
1153610 1289.7
1153620 1284.1
1153630 1284.1
1153640 1278.8
1153650 1274.4
1153660 1270.5
1153670 1270.5
1153680 1267.0
1153690 1265.7
1153700 1265.7
1153710 1262.6
1153720 1259.2
1153730 1259.2
1153740 1256.0
1153750 1253.0
1153760 1253.0
1153770 1249.6
1153780 1245.6
1153790 1245.6
1153800 1241.7
1153810 1238.5
1153820 1238.5
1153830 1235.2
1153840 1235.6
1153850 1235.6
1153860 1237.3
1153870 1230.9
1153880 1230.9
1153890 1224.9
1153900 1220.4
1153910 1220.4
1153920 1209.8
1153930 1200.3
1153940 1192.5
1153950 1192.5
1153960 1176.5
1153970 1164.8
1153980 1164.8
1153990 1158.2
1154000 1147.5
1154010 1147.5
1154020 1135.5
1154030 1123.9
1154040 1123.9
1154050 1114.2
1154060 1107.9
1154070 1108.2
1154080 1107.8
1154090 1109.3
1154100 1109.3
1154110 1111.0
1154120 1114.3
1154130 1114.3
1154140 1123.4
1154150 1142.7
1154160 1142.7
1154170 1169.2
1154180 1176.3
1154190 1182.4
1154200 1182.4
1154210 1188.8
1154220 1191.0
1154230 1191.0
1154240 1192.0
1154250 1192.0
1154260 1192.0
1154270 1193.4
1154280 1196.8
1154290 1196.8
1154300 1202.0
1154310 1205.6
1154320 1205.6
1154330 1205.4
1154340 1203.7
1154350 1203.7
1154360 1200.8
1154370 1194.1
1154380 1194.1
1154390 1190.4
1154400 1192.0
1154410 1192.0
1154420 1185.6
1154430 1179.9
1154440 1179.9
1154450 1179.6
1154460 1192.0
1154470 1190.1
1154480 1190.1
1154490 1194.6
1154500 1195.7
1154510 1195.7
1154520 1197.0
1154530 1197.0
1154540 1197.0
1154550 1194.8
1154560 1193.7
1154570 1193.7
1154580 1196.9
1154590 1197.0
1154600 1197.0
1154610 1198.3
1154620 1197.7
1154630 1197.7
1154640 1199.6
1154650 1201.6
1154660 1201.6
1154670 1205.6
1154680 1207.8
1154690 1207.8
1154700 1209.6
1154710 1211.0
1154720 1213.0
1154730 1213.0
1154740 1213.4
1154750 1214.5
1154760 1214.5
1154770 1219.3
1154780 1222.1
1154790 1222.1
1154800 1225.8
1154810 1230.0
1154820 1230.0
1154830 1233.6
1154840 1236.2
1154850 1245.2
1154860 1246.2
1154870 1248.7
1154880 1248.7
1154890 1249.8
1154900 1251.0
1154910 1251.0
1154920 1252.3
1154930 1254.8
1154940 1254.8
1154950 1254.9
1154960 1257.5
1154970 1257.5
1154980 1260.3
1154990 1262.4
1155000 1264.8
1155010 1264.8
1155020 1266.9
1155030 1268.4
1155040 1268.4
1155050 1269.3
1155060 1270.9
1155070 1270.9
1155080 1275.6
1155090 1278.7
1155100 1278.7
1155110 1281.1
1155120 1282.8
1155130 1282.8
1155140 1278.9
1155150 1283.4
1155160 1283.4
1155170 1290.2
1155180 1294.4
1155190 1294.4
1155200 1297.7
1155210 1299.6
1155220 1299.6
1155230 1310.2
1155240 1310.6
1155250 1315.6
1155260 1315.6
1155270 1317.2
1155280 1322.4
1155290 1322.4
1155300 1330.1
1155310 1336.6
1155320 1336.6
1155330 1339.1
1155340 1341.7
1155350 1341.7
1155360 1348.3
1155370 1354.8
1155380 1354.8
1155390 1359.8
1155400 1361.3
1155410 1361.3
1155420 1368.2
1155430 1381.5
1155440 1381.5
1155450 1394.2
1155460 1400.2
1155470 1400.2
1155480 1405.2
1155490 1417.3
1155500 1417.3
1155510 1427.3
1155520 1429.1
1155530 1431.3
1155540 1431.3
1155550 1430.7
1155560 1425.8
1155570 1425.8
1155580 1418.7
1155590 1427.7
1155600 1427.7
1155610 1444.3
1155620 1455.4
1155630 1455.4
1155640 1464.6
1155650 1469.3
1155660 1469.3
1155670 1471.2
1155680 1477.1
1155690 1477.1
1155700 1482.0
1155710 1488.3
1155720 1488.3
1155730 1495.3
1155740 1502.4
1155750 1502.4
1155760 1510.1
1155770 1518.8
1155780 1525.0
1155790 1525.0
1155800 1531.2
1155810 1536.2
1155820 1536.2
1155830 1541.3
1155840 1547.2
1155850 1547.2
1155860 1554.0
1155870 1560.1
1155880 1560.1
1155890 1565.5
1155900 1567.1
1155910 1567.1
1155920 1563.8
1155930 1558.3
1155940 1558.3
1155950 1555.7
1155960 1554.7
1155970 1554.7
1155980 1554.4
1155990 1553.0
1156000 1553.0
1156010 1569.8
1156020 1568.0
1156030 1569.6
1156040 1569.6
1156050 1567.3
1156060 1568.8
1156070 1568.8
1156080 1570.0
1156090 1572.6
1156100 1572.6
1156110 1581.1
1156120 1583.3
1156130 1583.3
1156140 1582.3
1156150 1573.5
1156160 1573.5
1156170 1562.5
1156180 1552.0
1156190 1552.0
1156200 1555.6
1156210 1556.8
1156220 1556.8
1156230 1541.5
1156240 1539.8
1156250 1539.8
1156260 1548.0
1156270 1555.6
1156280 1555.6
1156290 1566.2
1156300 1579.8
1156310 1592.1
1156320 1592.1
1156330 1607.1
1156340 1623.5
1156350 1623.5
1156360 1638.9
1156370 1647.7
1156380 1647.7
1156390 1646.0
1156400 1651.3
1156410 1651.3
1156420 1657.3
1156430 1663.5
1156440 1663.5
1156450 1664.3
1156460 1663.8
1156470 1663.8
1156480 1660.2
1156490 1650.6
1156500 1650.6
1156510 1639.5
1156520 1631.1
1156530 1631.1
1156540 1626.6
1156550 1613.2
1156560 1585.6
1156570 1585.6
1156580 1581.3
1156590 1596.3
1156600 1596.3
1156610 1609.0
1156620 1615.8
1156630 1615.8
1156640 1620.6
1156650 1629.8
1156660 1629.8
1156670 1635.3
1156680 1639.7
1156690 1639.7
1156700 1645.7
1156710 1652.2
1156720 1652.2
1156730 1658.9
1156740 1666.9
1156750 1666.9
1156760 1674.8
1156770 1683.6
1156780 1683.5
1156790 1692.4
1156800 1703.1
1156810 1703.1
1156820 1720.4
1156830 1739.5
1156840 1753.5
1156850 1753.5
1156860 1762.8
1156870 1770.4
1156880 1770.4
1156890 1777.4
1156900 1781.4
1156910 1781.4
1156920 1786.1
1156930 1791.7
1156940 1791.7
1156950 1799.7
1156960 1807.0
1156970 1807.0
1156980 1809.1
1156990 1811.4
1157000 1811.4
1157010 1812.2
1157020 1809.3
1157030 1809.3
1157040 1805.5
1157050 1803.3
1157060 1803.3
1157070 1801.5
1157080 1799.7
1157090 1798.1
1157100 1798.1
1157110 1797.5
1157120 1795.7
1157130 1795.7
1157140 1793.7
1157150 1791.2
1157160 1791.2
1157170 1793.9
1157180 1789.9
1157190 1789.9
1157200 1785.8
1157210 1783.1
1157220 1783.1
1157230 1781.9
1157240 1778.7
1157250 1778.7
1157260 1772.0
1157270 1772.5
1157280 1772.5
1157290 1777.4
1157300 1784.1
1157310 1784.1
1157320 1790.3
1157330 1793.9
1157340 1793.9
1157350 1798.5
1157360 1804.9
1157370 1814.3
1157380 1814.3
1157390 1819.3
1157400 1820.1
1157410 1820.1
1157420 1820.8
1157430 1820.8
1157440 1820.8
1157450 1819.1
1157460 1815.8
1157470 1815.8
1157480 1811.8
1157490 1807.2
1157500 1807.2
1157510 1803.0
1157520 1798.8
1157530 1798.8
1157540 1794.1
1157550 1787.3
1157560 1790.4
1157570 1782.3
1157580 1774.7
1157590 1774.7
1157600 1767.5
1157610 1760.1
1157620 1751.8
1157630 1751.8
1157640 1742.8
1157650 1732.6
1157660 1732.6
1157670 1722.5
1157680 1713.2
1157690 1713.2
1157700 1703.7
1157710 1694.1
1157720 1694.1
1157730 1683.4
1157740 1672.7
1157750 1672.7
1157760 1662.3
1157770 1652.0
1157780 1652.0
1157790 1641.5
1157800 1631.7
1157810 1631.7
1157820 1621.4
1157830 1610.7
1157840 1610.7
1157850 1601.6
1157860 1590.4
1157870 1590.4
1157880 1582.6
1157890 1576.3
1157900 1569.3
1157910 1569.3
1157920 1561.2
1157930 1551.3
1157940 1551.3
1157950 1542.8
1157960 1533.8
1157970 1533.8
1157980 1525.0
1157990 1516.6
1158000 1516.6
1158010 1509.1
1158020 1501.1
1158030 1501.1
1158040 1492.5
1158050 1484.6
1158060 1484.6
1158070 1478.8
1158080 1475.2
1158090 1475.2
1158100 1469.1
1158110 1462.0
1158120 1462.0
1158130 1451.0
1158140 1441.4
1158150 1436.2
1158160 1436.2
1158170 1433.0
1158180 1428.6
1158190 1428.6
1158200 1421.8
1158210 1414.3
1158220 1414.3
1158230 1407.0
1158240 1399.4
1158250 1399.4
1158260 1390.9
1158270 1382.5
1158280 1382.5
1158290 1375.1
1158300 1368.2
1158310 1368.2
1158320 1361.8
1158330 1355.5
1158340 1358.4
1158350 1352.1
1158360 1345.9
1158370 1345.9
1158380 1340.1
1158390 1334.1
1158400 1334.1
1158410 1328.0
1158420 1322.3
1158430 1317.2
1158440 1317.2
1158450 1312.4
1158460 1307.5
1158470 1307.5
1158480 1302.5
1158490 1297.2
1158500 1297.2
1158510 1292.1
1158520 1287.1
1158530 1287.1
1158540 1282.3
1158550 1277.5
1158560 1277.5
1158570 1272.9
1158580 1268.2
1158590 1268.2
1158600 1263.3
1158610 1258.6
1158620 1258.6
1158630 1254.4
1158640 1250.4
1158650 1250.4
1158660 1246.9
1158670 1243.4
1158680 1239.7
1158690 1239.7
1158700 1235.6
1158710 1231.3
1158720 1231.3
1158730 1228.2
1158740 1223.5
1158750 1223.5
1158760 1218.7
1158770 1211.6
1158780 1211.6
1158790 1204.1
1158800 1193.2
1158810 1193.2
1158820 1180.1
1158830 1170.0
1158840 1170.0
1158850 1160.5
1158860 1151.2
1158870 1151.2
1158880 1143.2
1158890 1138.4
1158900 1138.4
1158910 1137.5
1158920 1136.0
1158930 1136.0
1158940 1130.2
1158950 1122.7
1158960 1112.4
1158970 1112.4
1158980 1105.1
1158990 1099.8
1159000 1099.8
1159010 1098.9
1159020 1099.8
1159030 1099.8
1159040 1104.4
1159050 1110.5
1159060 1110.5
1159070 1116.9
1159080 1120.4
1159090 1120.4
1159100 1124.2
1159110 1128.7
1159120 1117.6
1159130 1121.9
1159140 1126.1
1159150 1126.1
1159160 1131.7
1159170 1144.0
1159180 1144.0
1159190 1153.1
1159200 1158.1
1159210 1160.9
1159220 1160.9
1159230 1167.4
1159240 1172.5
1159250 1172.5
1159260 1179.3
1159270 1189.9
1159280 1189.9
1159290 1203.1
1159300 1211.3
1159310 1211.3
1159320 1229.0
1159330 1240.2
1159340 1240.2
1159350 1248.9
1159360 1258.5
1159370 1258.5
1159380 1266.1
1159390 1273.4
1159400 1273.4
1159410 1280.0
1159420 1286.3
1159430 1286.3
1159440 1293.0
1159450 1296.8
1159460 1296.8
1159470 1301.5
1159480 1308.6
1159490 1313.8
1159500 1313.8
1159510 1317.5
1159520 1325.1
1159530 1325.1
1159540 1334.6
1159550 1347.9
1159560 1347.9
1159570 1359.1
1159580 1365.9
1159590 1365.9
1159600 1373.5
1159610 1383.7
1159620 1383.7
1159630 1406.8
1159640 1450.5
1159650 1450.5
1159660 1457.2
1159670 1455.3
1159680 1455.3
1159690 1452.1
1159700 1448.6
1159710 1448.6
1159720 1445.8
1159730 1444.2
1159740 1443.0
1159750 1443.0
1159760 1441.8
1159770 1440.0
1159780 1440.0
1159790 1436.9
1159800 1433.0
1159810 1433.0
1159820 1429.6
1159830 1426.6
1159840 1426.6
1159850 1425.9
1159860 1430.0
1159870 1430.0
1159880 1437.0
1159890 1442.7
1159900 1446.9
1159910 1452.1
1159920 1458.1
1159930 1458.1
1159940 1464.8
1159950 1470.8
1159960 1470.8
1159970 1476.7
1159980 1483.0
1159990 1483.0
