1140000 1918.9
1140010 1918.9
1140020 1916.4
1140030 1914.0
1140040 1914.0
1140050 1914.0
1140060 1914.2
1140070 1914.2
1140080 1914.0
1140090 1909.8
1140100 1909.8
1140110 1910.6
1140120 1912.1
1140130 1912.1
1140140 1911.6
1140150 1913.0
1140160 1916.8
1140170 1916.8
1140180 1919.1
1140190 1922.8
1140200 1922.8
1140210 1923.6
1140220 1923.7
1140230 1923.7
1140240 1922.7
1140250 1922.6
1140260 1922.6
1140270 1920.0
1140280 1915.4
1140290 1915.4
1140300 1915.5
1140310 1913.8
1140320 1913.8
1140330 1911.2
1140340 1909.8
1140350 1909.8
1140360 1907.7
1140370 1906.3
1140380 1906.3
1140390 1904.6
1140400 1903.7
1140410 1901.5
1140420 1901.5
1140430 1897.4
1140440 1893.0
1140450 1893.0
1140460 1886.7
1140470 1875.3
1140480 1875.3
1140490 1868.9
1140500 1864.4
1140510 1864.4
1140520 1864.0
1140530 1868.5
1140540 1868.5
1140550 1868.2
1140560 1863.6
1140570 1863.6
1140580 1861.8
1140590 1859.9
1140600 1859.9
1140610 1858.0
1140620 1856.6
1140630 1856.6
1140640 1852.0
1140650 1838.9
1140660 1838.9
1140670 1833.5
1140680 1829.7
1140690 1828.3
1140700 1828.3
1140710 1826.7
1140720 1823.6
1140730 1823.6
1140740 1819.9
1140750 1815.2
1140760 1815.2
1140770 1808.0
1140780 1802.7
1140790 1802.7
1140800 1799.3
1140810 1794.8
1140820 1794.8
1140830 1789.2
1140840 1775.3
1140850 1775.3
1140860 1755.5
1140870 1735.0
1140880 1735.0
1140890 1720.6
1140900 1710.3
1140910 1710.3
1140920 1699.9
1140930 1689.3
1140940 1689.3
1140950 1677.7
1140960 1663.6
1140970 1646.5
1140980 1646.5
1140990 1632.7
1141000 1620.0
1141010 1620.0
1141020 1608.2
1141030 1599.3
1141040 1599.3
1141050 1591.6
1141060 1584.4
1141070 1584.4
1141080 1578.1
1141090 1571.2
1141100 1571.2
1141110 1564.8
1141120 1558.7
1141130 1558.7
1141140 1552.5
1141150 1545.9
1141160 1545.9
1141170 1539.4
1141180 1532.8
1141190 1532.8
1141200 1526.5
1141210 1520.2
1141220 1514.5
1141230 1514.5
1141240 1508.7
1141250 1503.5
1141260 1503.5
1141270 1498.5
1141280 1494.1
1141290 1494.1
1141300 1489.9
1141310 1486.0
1141320 1486.0
1141330 1482.0
1141340 1476.1
1141350 1476.1
1141360 1467.8
1141370 1458.2
1141380 1458.2
1141390 1453.1
1141400 1439.8
1141410 1439.8
1141420 1426.3
1141430 1428.8
1141440 1428.8
1141450 1423.4
1141460 1426.7
1141470 1426.7
1141480 1437.9
1141490 1440.3
1141500 1440.8
1141510 1440.8
1141520 1441.7
1141530 1442.6
1141540 1442.6
1141550 1439.6
1141560 1438.0
1141570 1438.0
1141580 1444.7
1141590 1452.7
1141600 1452.7
1141610 1460.7
1141620 1469.0
1141630 1469.0
1141640 1477.6
1141650 1486.1
1141660 1486.1
1141670 1496.7
1141680 1509.5
1141690 1509.5
1141700 1524.7
1141710 1533.9
1141720 1533.9
1141730 1544.2
1141740 1553.0
1141750 1560.3
1141760 1559.0
1141770 1564.1
1141780 1568.7
1141790 1568.7
1141800 1573.1
1141810 1575.6
1141820 1575.6
1141830 1574.3
1141840 1575.4
1141850 1575.4
1141860 1575.9
1141870 1572.6
1141880 1572.6
1141890 1574.7
1141900 1588.3
1141910 1588.3
1141920 1600.1
1141930 1605.5
1141940 1605.5
1141950 1610.1
1141960 1615.0
1141970 1615.0
1141980 1619.3
1141990 1624.2
1142000 1624.2
1142010 1629.7
1142020 1635.1
1142030 1639.7
1142040 1639.7
1142050 1644.0
1142060 1650.5
1142070 1650.5
1142080 1658.9
1142090 1666.1
1142100 1666.1
1142110 1671.4
1142120 1678.7
1142130 1673.4
1142140 1680.8
1142150 1688.7
1142160 1688.7
1142170 1699.9
1142180 1707.3
1142190 1707.3
1142200 1713.1
1142210 1720.5
1142220 1720.5
1142230 1727.5
1142240 1734.9
1142250 1734.9
1142260 1744.2
1142270 1752.7
1142280 1760.3
1142290 1760.3
1142300 1769.4
1142310 1778.0
1142320 1778.0
1142330 1784.1
1142340 1788.5
1142350 1788.5
1142360 1790.7
1142370 1790.1
1142380 1790.1
1142390 1787.2
1142400 1784.7
1142410 1784.7
1142420 1790.9
1142430 1798.5
1142440 1798.5
1142450 1805.6
1142460 1812.5
1142470 1812.5
1142480 1821.6
1142490 1832.5
1142500 1837.9
1142510 1846.8
1142520 1853.4
1142530 1853.4
1142540 1859.9
1142550 1865.0
1142560 1866.6
1142570 1866.6
1142580 1867.4
1142590 1873.5
1142600 1873.5
1142610 1879.7
1142620 1876.8
1142630 1876.8
1142640 1874.8
1142650 1876.3
1142660 1876.3
1142670 1877.7
1142680 1879.1
1142690 1879.1
1142700 1879.1
1142710 1877.2
1142720 1877.2
1142730 1874.3
1142740 1871.3
1142750 1871.3
1142760 1869.1
1142770 1867.5
1142780 1867.5
1142790 1867.7
1142800 1867.7
1142810 1866.8
1142820 1866.8
1142830 1870.1
1142840 1872.7
1142850 1872.7
1142860 1874.2
1142870 1875.7
1142880 1866.1
1142890 1866.0
1142900 1864.6
1142910 1864.6
1142920 1863.8
1142930 1868.4
1142940 1868.4
1142950 1873.6
1142960 1876.6
1142970 1876.6
1142980 1878.8
1142990 1885.4
1143000 1885.4
1143010 1895.6
1143020 1900.0
1143030 1900.0
1143040 1902.0
1143050 1902.9
1143060 1902.9
1143070 1901.4
1143080 1896.9
1143090 1891.9
1143100 1891.9
1143110 1887.6
1143120 1878.1
1143130 1878.1
1143140 1877.6
1143150 1893.4
1143160 1893.4
1143170 1903.5
1143180 1911.1
1143190 1911.1
1143200 1917.6
1143210 1920.5
1143220 1920.5
1143230 1929.9
1143240 1932.9
1143250 1923.6
1143260 1924.3
1143270 1923.6
1143280 1923.6
1143290 1923.4
1143300 1922.3
1143310 1922.3
1143320 1920.9
1143330 1924.5
1143340 1924.5
1143350 1938.0
1143360 1943.9
1143370 1942.3
1143380 1942.3
1143390 1941.4
1143400 1941.3
1143410 1941.3
1143420 1938.0
1143430 1929.3
1143440 1929.3
1143450 1914.5
1143460 1904.4
1143470 1904.4
1143480 1898.5
1143490 1892.2
1143500 1892.2
1143510 1882.5
1143520 1878.4
1143530 1878.4
1143540 1892.6
1143550 1907.8
1143560 1907.8
1143570 1904.1
1143580 1904.7
1143590 1904.7
1143600 1913.1
1143610 1924.4
1143620 1931.9
1143630 1931.9
1143640 1938.3
1143650 1946.7
1143660 1946.7
1143670 1955.0
1143680 1963.0
1143690 1963.0
1143700 1970.8
1143710 1979.3
1143720 1979.3
1143730 1985.1
1143740 1994.0
1143750 1994.0
1143760 2008.2
1143770 2014.6
1143780 2014.6
1143790 2018.3
1143800 2022.9
1143810 2022.9
1143820 2027.1
1143830 2030.3
1143840 2030.3
1143850 2032.5
1143860 2033.2
1143870 2033.2
1143880 2033.3
1143890 2033.5
1143900 2032.0
1143910 2032.0
1143920 2029.6
1143930 2027.3
1143940 2027.3
1143950 2023.7
1143960 2020.7
1143970 2020.7
1143980 2018.6
1143990 2017.5
1144000 2007.4
1144010 2003.8
1144020 2002.0
1144030 2002.0
1144040 2003.9
1144050 2005.6
1144060 2005.6
1144070 2004.9
1144080 1999.2
1144090 1999.2
1144100 1993.0
1144110 1994.3
1144120 1994.3
1144130 1998.1
1144140 2000.6
1144150 2005.1
1144160 2005.1
1144170 2010.1
1144180 2012.8
1144190 2012.8
1144200 2016.5
1144210 2019.5
1144220 2019.5
1144230 2021.5
1144240 2025.3
1144250 2025.3
1144260 2029.5
1144270 2032.8
1144280 2032.8
1144290 2035.1
1144300 2037.7
1144310 2037.7
1144320 2038.2
1144330 2037.5
1144340 2037.5
1144350 2035.2
1144360 2032.4
1144370 2031.5
1144380 2028.9
1144390 2026.2
1144400 2026.2
1144410 2023.0
1144420 2019.0
1144430 2015.3
1144440 2015.3
1144450 2010.7
1144460 2004.8
1144470 2004.8
1144480 1997.1
1144490 1989.7
1144500 1989.7
1144510 1982.4
1144520 1973.2
1144530 1973.2
1144540 1962.8
1144550 1953.9
1144560 1953.9
1144570 1944.6
1144580 1935.3
1144590 1935.3
1144600 1926.6
1144610 1918.5
1144620 1918.5
1144630 1909.6
1144640 1902.6
1144650 1902.6
1144660 1895.8
1144670 1889.4
1144680 1883.3
1144690 1883.3
1144700 1877.1
1144710 1870.6
1144720 1870.6
1144730 1864.5
1144740 1858.4
1144750 1858.4
1144760 1853.0
1144770 1847.8
1144780 1847.8
1144790 1841.7
1144800 1833.5
1144810 1833.5
1144820 1824.2
1144830 1815.9
1144840 1815.9
1144850 1809.2
1144860 1802.4
1144870 1802.4
1144880 1796.0
1144890 1789.7
1144900 1789.7
1144910 1783.6
1144920 1778.0
1144930 1778.0
1144940 1769.3
1144950 1757.9
1144960 1751.5
1144970 1751.5
1144980 1749.9
1144990 1746.0
1145000 1746.0
1145010 1743.9
1145020 1742.6
1145030 1742.6
1145040 1739.2
1145050 1734.7
1145060 1734.7
1145070 1738.6
1145080 1743.9
1145090 1743.9
1145100 1746.6
1145110 1747.2
1145120 1733.9
1145130 1736.1
1145140 1755.4
1145150 1755.4
1145160 1763.7
1145170 1762.3
1145180 1762.3
1145190 1758.3
1145200 1754.8
1145210 1754.8
1145220 1748.3
1145230 1741.0
1145240 1734.3
1145250 1734.3
1145260 1730.5
1145270 1733.5
1145280 1733.5
1145290 1738.3
1145300 1736.8
1145310 1736.8
1145320 1736.6
1145330 1733.5
1145340 1733.5
1145350 1731.2
1145360 1730.5
1145370 1730.5
1145380 1728.7
1145390 1727.8
1145400 1727.8
1145410 1723.4
1145420 1718.3
1145430 1718.3
1145440 1714.7
1145450 1707.0
1145460 1707.0
1145470 1696.0
1145480 1692.4
1145490 1686.4
1145500 1686.4
1145510 1677.4
1145520 1668.7
1145530 1668.7
1145540 1660.6
1145550 1653.5
1145560 1653.5
1145570 1645.3
1145580 1634.9
1145590 1634.9
1145600 1626.1
1145610 1618.1
1145620 1618.1
1145630 1610.0
1145640 1604.1
1145650 1604.1
1145660 1599.1
1145670 1594.3
1145680 1594.3
1145690 1591.6
1145700 1590.4
1145710 1590.4
1145720 1588.7
1145730 1586.2
1145740 1586.2
1145750 1583.6
1145760 1580.6
1145770 1577.2
1145780 1577.2
1145790 1572.7
1145800 1568.0
1145810 1568.0
1145820 1563.0
1145830 1558.2
1145840 1558.2
1145850 1553.5
1145860 1549.5
1145870 1545.3
1145880 1542.0
1145890 1540.1
1145900 1540.1
1145910 1535.6
1145920 1531.2
1145930 1531.2
1145940 1528.5
1145950 1526.5
1145960 1526.5
1145970 1524.1
1145980 1523.6
1145990 1523.6
1146000 1525.2
1146010 1526.9
1146020 1527.8
1146030 1527.8
1146040 1526.3
1146050 1524.5
1146060 1524.5
1146070 1524.5
1146080 1524.3
1146090 1524.3
1146100 1522.9
1146110 1520.6
1146120 1520.6
1146130 1519.4
1146140 1521.0
1146150 1521.0
1146160 1525.2
1146170 1529.1
1146180 1529.1
1146190 1530.9
1146200 1530.8
1146210 1530.8
1146220 1530.0
1146230 1531.6
1146240 1531.6
1146250 1530.5
1146260 1528.3
1146270 1528.3
1146280 1525.0
1146290 1519.7
1146300 1514.9
1146310 1514.9
1146320 1513.4
1146330 1513.1
1146340 1513.1
1146350 1514.5
1146360 1514.7
1146370 1514.7
1146380 1513.5
1146390 1513.1
1146400 1513.1
1146410 1513.2
1146420 1511.8
1146430 1511.8
1146440 1509.9
1146450 1507.7
1146460 1507.7
1146470 1505.7
1146480 1502.5
1146490 1502.5
1146500 1499.6
1146510 1497.4
1146520 1497.4
1146530 1496.2
1146540 1494.6
1146550 1492.3
1146560 1492.3
1146570 1490.3
1146580 1489.1
1146590 1489.1
1146600 1487.1
1146610 1484.7
1146620 1482.9
1146630 1479.9
1146640 1478.8
1146650 1478.8
1146660 1476.4
1146670 1475.1
1146680 1475.1
1146690 1473.7
1146700 1472.4
1146710 1472.4
1146720 1470.9
1146730 1469.2
1146740 1469.2
1146750 1467.6
1146760 1466.4
1146770 1466.4
1146780 1466.1
1146790 1466.4
1146800 1466.4
1146810 1466.8
1146820 1464.6
1146830 1462.7
1146840 1462.7
1146850 1460.9
1146860 1460.7
1146870 1460.7
1146880 1460.2
1146890 1458.6
1146900 1458.6
1146910 1457.3
1146920 1457.5
1146930 1457.5
1146940 1459.1
1146950 1462.2
1146960 1462.2
1146970 1465.2
1146980 1468.3
1146990 1468.3
1147000 1466.6
1147010 1469.0
1147020 1469.0
1147030 1470.1
1147040 1471.4
1147050 1471.4
1147060 1474.7
1147070 1479.1
1147080 1483.0
1147090 1483.0
1147100 1485.9
1147110 1486.6
1147120 1486.6
1147130 1485.1
1147140 1484.9
1147150 1484.9
1147160 1486.8
1147170 1490.1
1147180 1490.1
1147190 1496.6
1147200 1502.9
1147210 1502.9
1147220 1506.4
1147230 1507.1
1147240 1507.1
1147250 1508.6
1147260 1508.5
1147270 1508.5
1147280 1506.8
1147290 1504.8
1147300 1504.8
1147310 1501.7
1147320 1499.5
1147330 1499.5
1147340 1498.3
1147350 1496.7
1147360 1495.1
1147370 1495.1
1147380 1490.1
1147390 1487.7
1147400 1487.7
1147410 1484.6
1147420 1481.5
1147430 1481.5
1147440 1479.1
1147450 1477.3
1147460 1477.3
1147470 1474.8
1147480 1472.5
1147490 1472.5
1147500 1470.5
1147510 1468.4
1147520 1468.4
1147530 1466.6
1147540 1464.7
1147550 1464.7
1147560 1463.1
1147570 1461.0
1147580 1461.0
1147590 1458.6
1147600 1456.4
1147610 1453.7
1147620 1453.7
1147630 1451.4
1147640 1449.9
1147650 1449.9
1147660 1447.8
1147670 1445.7
1147680 1445.7
1147690 1442.5
1147700 1440.0
1147710 1440.0
1147720 1438.7
1147730 1437.4
1147740 1437.4
1147750 1433.1
1147760 1431.2
1147770 1431.2
1147780 1429.0
1147790 1427.6
1147800 1427.6
1147810 1426.7
1147820 1425.0
1147830 1425.0
1147840 1423.1
1147850 1422.0
1147860 1422.0
1147870 1420.6
1147880 1421.9
1147890 1423.7
1147900 1423.7
1147910 1420.9
1147920 1414.3
1147930 1414.3
1147940 1406.9
1147950 1398.9
1147960 1398.9
1147970 1390.6
1147980 1381.9
1147990 1381.9
1148000 1372.0
1148010 1362.9
1148020 1362.9
1148030 1354.6
1148040 1348.9
1148050 1348.9
1148060 1353.4
1148070 1362.0
1148080 1362.0
1148090 1369.0
1148100 1376.2
1148110 1376.2
1148120 1383.2
1148130 1381.0
1148140 1386.7
1148150 1386.7
1148160 1393.1
1148170 1396.4
1148180 1396.4
1148190 1396.6
1148200 1398.6
1148210 1398.6
1148220 1400.7
1148230 1402.9
1148240 1402.9
1148250 1404.9
1148260 1406.5
1148270 1406.5
1148280 1407.8
1148290 1409.4
1148300 1409.4
1148310 1411.1
1148320 1413.0
1148330 1413.0
1148340 1414.4
1148350 1415.0
1148360 1415.0
1148370 1415.1
1148380 1415.6
1148390 1415.6
1148400 1416.5
1148410 1417.8
1148420 1417.7
1148430 1417.7
1148440 1417.8
1148450 1421.1
1148460 1421.1
1148470 1424.3
1148480 1425.4
1148490 1425.4
1148500 1425.6
1148510 1420.0
1148520 1420.0
1148530 1424.8
1148540 1428.2
1148550 1428.2
1148560 1428.7
1148570 1428.4
1148580 1428.4
1148590 1427.4
1148600 1425.3
1148610 1425.3
1148620 1422.4
1148630 1418.5
1148640 1418.5
1148650 1413.1
1148660 1406.6
1148670 1406.6
1148680 1399.9
1148690 1393.6
1148700 1388.6
1148710 1388.6
1148720 1384.8
1148730 1381.1
1148740 1381.1
1148750 1377.9
1148760 1375.3
1148770 1375.3
1148780 1371.4
1148790 1367.8
1148800 1367.8
1148810 1365.2
1148820 1362.8
1148830 1362.8
1148840 1360.1
1148850 1357.0
1148860 1357.0
1148870 1354.8
1148880 1352.8
1148890 1348.3
1148900 1346.1
1148910 1343.9
1148920 1343.9
1148930 1341.1
1148940 1337.5
1148950 1334.1
1148960 1334.1
1148970 1331.3
1148980 1328.3
1148990 1328.3
1149000 1326.1
1149010 1324.0
1149020 1324.0
1149030 1321.7
1149040 1319.6
1149050 1319.6
1149060 1317.9
1149070 1316.6
1149080 1316.6
1149090 1315.4
1149100 1314.4
1149110 1314.4
1149120 1313.2
1149130 1312.0
1149140 1312.0
1149150 1310.0
1149160 1307.2
1149170 1307.2
1149180 1304.3
1149190 1301.8
1149200 1301.8
1149210 1299.7
1149220 1297.9
1149230 1296.6
1149240 1296.6
1149250 1295.6
1149260 1293.9
1149270 1291.3
1149280 1289.3
1149290 1287.2
1149300 1287.2
1149310 1285.6
1149320 1284.7
1149330 1284.7
1149340 1283.9
1149350 1283.4
1149360 1283.4
1149370 1282.9
1149380 1282.0
1149390 1282.0
1149400 1280.8
1149410 1279.5
1149420 1279.5
1149430 1278.1
1149440 1276.4
1149450 1276.4
1149460 1274.2
1149470 1272.6
1149480 1271.0
1149490 1271.0
1149500 1269.6
1149510 1268.0
1149520 1268.0
1149530 1266.3
1149540 1264.1
1149550 1264.1
1149560 1261.4
1149570 1259.0
1149580 1259.0
1149590 1256.7
1149600 1254.4
1149610 1254.4
1149620 1252.1
1149630 1250.2
1149640 1250.2
1149650 1247.0
1149660 1245.1
1149670 1245.1
1149680 1243.5
1149690 1241.8
1149700 1241.8
1149710 1239.8
1149720 1237.7
1149730 1237.7
1149740 1236.3
1149750 1235.6
1149760 1235.3
1149770 1235.3
1149780 1235.2
1149790 1234.8
1149800 1234.8
1149810 1233.1
1149820 1230.6
1149830 1230.6
1149840 1227.6
1149850 1225.1
1149860 1225.1
1149870 1223.1
1149880 1221.3
1149890 1221.3
1149900 1219.6
1149910 1217.6
1149920 1217.6
1149930 1215.5
1149940 1212.9
1149950 1212.9
1149960 1210.4
1149970 1207.8
1149980 1207.8
1149990 1204.9
1150000 1202.1
1150010 1199.6
1150020 1199.6
1150030 1190.2
1150040 1188.8
1150050 1188.8
1150060 1187.9
1150070 1187.0
1150080 1187.0
1150090 1184.0
1150100 1181.5
1150110 1181.5
1150120 1180.0
1150130 1178.1
1150140 1178.1
1150150 1176.0
1150160 1173.3
1150170 1173.3
1150180 1171.2
1150190 1170.3
1150200 1170.3
1150210 1167.6
1150220 1163.6
1150230 1163.6
1150240 1163.1
1150250 1163.4
1150260 1163.4
1150270 1162.9
1150280 1161.4
1150290 1160.8
1150300 1160.8
1150310 1159.0
1150320 1155.9
1150330 1155.9
1150340 1151.9
1150350 1148.0
1150360 1148.0
1150370 1144.4
1150380 1140.7
1150390 1140.7
1150400 1137.4
1150410 1129.1
1150420 1129.1
1150430 1125.7
1150440 1122.0
1150450 1122.0
1150460 1117.7
1150470 1113.7
1150480 1113.7
1150490 1109.9
1150500 1106.3
1150510 1106.3
1150520 1103.0
1150530 1099.9
1150540 1096.8
1150550 1096.8
1150560 1094.0
1150570 1093.0
1150580 1093.0
1150590 1092.9
1150600 1093.1
1150610 1093.1
1150620 1093.3
1150630 1093.5
1150640 1093.5
1150650 1093.6
1150660 1093.6
1150670 1093.6
1150680 1093.6
1150690 1093.7
1150700 1093.7
1150710 1094.1
1150720 1094.1
1150730 1094.1
1150740 1093.6
1150750 1092.9
1150760 1092.9
1150770 1092.5
1150780 1092.1
1150790 1091.6
1150800 1091.4
1150810 1091.4
1150820 1091.5
1150830 1091.5
1150840 1091.4
1150850 1091.3
1150860 1091.3
1150870 1091.1
1150880 1091.0
1150890 1091.0
1150900 1090.9
1150910 1090.8
1150920 1090.8
1150930 1090.8
1150940 1090.8
1150950 1090.8
1150960 1090.6
1150970 1090.4
1150980 1090.4
1150990 1090.3
1151000 1090.4
1151010 1090.4
1151020 1090.5
1151030 1090.5
1151040 1090.5
1151050 1090.6
1151060 1090.7
1151070 1090.8
1151080 1090.8
1151090 1091.3
1151100 1091.7
1151110 1091.7
1151120 1091.7
1151130 1092.0
1151140 1092.0
1151150 1092.2
1151160 1092.8
1151170 1092.4
1151180 1092.4
1151190 1092.2
1151200 1092.2
1151210 1092.4
1151220 1092.5
1151230 1092.5
1151240 1092.8
1151250 1092.9
1151260 1092.9
1151270 1093.0
1151280 1093.3
1151290 1093.3
1151300 1093.2
1151310 1092.8
1151320 1092.8
1151330 1092.6
1151340 1092.6
1151350 1092.7
1151360 1092.7
1151370 1093.0
1151380 1093.2
1151390 1093.2
1151400 1093.5
1151410 1093.6
1151420 1093.6
1151430 1093.9
1151440 1094.7
1151450 1094.7
1151460 1094.4
1151470 1094.2
1151480 1094.2
1151490 1094.1
1151500 1094.2
1151510 1094.2
1151520 1094.2
1151530 1094.0
1151540 1094.0
1151550 1093.5
1151560 1092.0
1151570 1092.0
1151580 1093.5
1151590 1094.2
1151600 1094.2
1151610 1094.9
1151620 1094.9
1151630 1094.8
1151640 1094.8
1151650 1094.4
1151660 1094.4
1151670 1094.4
1151680 1094.3
1151690 1094.3
1151700 1094.3
1151710 1094.2
1151720 1094.0
1151730 1094.0
1151740 1092.8
1151750 1092.3
1151760 1092.3
1151770 1092.3
1151780 1092.3
1151790 1092.3
1151800 1092.1
1151810 1091.7
1151820 1091.7
1151830 1091.4
1151840 1091.2
1151850 1091.2
1151860 1090.8
1151870 1090.6
1151880 1090.5
1151890 1090.5
1151900 1090.3
1151910 1090.1
1151920 1090.1
1151930 1089.8
1151940 1089.4
1151950 1089.4
1151960 1089.3
1151970 1089.2
1151980 1089.2
1151990 1089.0
1152000 1088.5
1152010 1088.5
1152020 1088.3
1152030 1088.1
1152040 1088.1
1152050 1087.9
1152060 1087.7
1152070 1087.7
1152080 1087.4
1152090 1087.1
1152100 1087.1
1152110 1086.9
1152120 1086.8
1152130 1086.8
1152140 1086.7
1152150 1086.5
1152160 1086.2
1152170 1086.2
1152180 1086.0
1152190 1085.7
1152200 1085.7
1152210 1085.4
1152220 1085.0
1152230 1085.0
1152240 1084.3
1152250 1083.7
1152260 1083.7
1152270 1082.5
1152280 1081.9
1152290 1081.9
1152300 1081.8
1152310 1081.8
1152320 1081.6
1152330 1081.8
1152340 1082.0
1152350 1082.0
1152360 1082.1
1152370 1081.9
1152380 1081.9
1152390 1081.5
1152400 1081.1
1152410 1081.0
1152420 1081.0
1152430 1081.1
1152440 1081.1
1152450 1081.1
1152460 1081.1
1152470 1081.0
1152480 1081.0
1152490 1081.0
1152500 1081.0
1152510 1081.0
1152520 1081.0
1152530 1081.1
1152540 1081.1
1152550 1081.0
1152560 1081.0
1152570 1081.0
1152580 1080.9
1152590 1080.8
1152600 1080.8
1152610 1080.7
1152620 1080.5
1152630 1080.5
1152640 1080.3
1152650 1080.3
1152660 1080.3
1152670 1080.3
1152680 1080.3
1152690 1080.2
1152700 1080.3
1152710 1080.2
1152720 1080.2
1152730 1080.2
1152740 1080.2
1152750 1080.1
1152760 1080.1
1152770 1080.0
1152780 1079.8
1152790 1079.8
1152800 1079.7
1152810 1079.6
1152820 1079.6
1152830 1079.4
1152840 1079.4
1152850 1079.4
1152860 1079.4
1152870 1079.3
1152880 1079.3
1152890 1079.2
1152900 1079.2
1152910 1079.2
1152920 1079.1
1152930 1078.9
1152940 1078.9
1152950 1078.9
1152960 1078.9
1152970 1078.8
1152980 1078.8
1152990 1078.9
1153000 1079.0
1153010 1079.0
1153020 1079.1
1153030 1079.1
1153040 1079.1
1153050 1079.1
1153060 1079.1
1153070 1079.1
1153080 1079.0
1153090 1078.8
1153100 1078.8
1153110 1078.7
1153120 1078.6
1153130 1078.6
1153140 1078.6
1153150 1078.5
1153160 1078.5
1153170 1078.5
1153180 1078.5
1153190 1078.5
1153200 1078.4
1153210 1078.3
1153220 1078.2
1153230 1078.2
1153240 1078.1
1153250 1078.1
1153260 1078.1
1153270 1078.2
1153280 1078.3
1153290 1078.3
1153300 1078.2
1153310 1078.2
1153320 1078.2
1153330 1078.1
1153340 1078.1
1153350 1078.1
1153360 1078.0
1153370 1077.9
1153380 1077.9
1153390 1077.8
1153400 1077.6
1153410 1077.6
1153420 1077.5
1153430 1077.3
1153440 1077.3
1153450 1077.0
1153460 1077.0
1153470 1077.1
1153480 1077.1
1153490 1077.1
1153500 1076.9
1153510 1076.9
1153520 1076.7
1153530 1076.6
1153540 1076.6
1153550 1076.5
1153560 1076.6
1153570 1076.6
1153580 1076.7
1153590 1075.6
1153600 1075.6
1153610 1074.4
1153620 1073.8
1153630 1073.8
1153640 1073.6
1153650 1073.6
1153660 1073.6
1153670 1073.7
1153680 1073.8
1153690 1073.8
1153700 1073.8
1153710 1073.6
1153720 1073.6
1153730 1074.0
1153740 1074.8
1153750 1075.6
1153760 1075.6
1153770 1076.2
1153780 1076.8
1153790 1076.8
1153800 1077.3
1153810 1078.0
1153820 1078.0
1153830 1078.5
1153840 1079.1
1153850 1080.5
1153860 1081.0
1153870 1081.5
1153880 1081.5
1153890 1082.0
1153900 1082.4
1153910 1082.4
1153920 1082.7
1153930 1083.4
1153940 1083.4
1153950 1084.5
1153960 1085.2
1153970 1085.2
1153980 1085.4
1153990 1085.5
1154000 1085.7
1154010 1085.7
1154020 1085.8
1154030 1085.9
1154040 1085.9
1154050 1086.0
1154060 1086.1
1154070 1086.1
1154080 1086.1
1154090 1086.3
1154100 1086.3
1154110 1086.5
1154120 1086.8
1154130 1086.8
1154140 1087.0
1154150 1087.1
1154160 1087.1
1154170 1087.1
1154180 1087.1
1154190 1087.1
1154200 1086.9
1154210 1086.7
1154220 1086.7
1154230 1086.5
1154240 1086.8
1154250 1086.8
1154260 1086.7
1154270 1086.5
1154280 1085.7
1154290 1085.7
1154300 1085.0
1154310 1085.0
1154320 1085.0
1154330 1085.1
1154340 1085.1
1154350 1085.1
1154360 1085.2
1154370 1085.4
1154380 1085.4
1154390 1085.2
1154400 1084.5
1154410 1084.5
1154420 1083.9
1154430 1083.5
1154440 1083.5
1154450 1083.6
1154460 1083.7
1154470 1083.7
1154480 1083.3
1154490 1082.4
1154500 1082.4
1154510 1080.3
1154520 1078.9
1154530 1078.9
1154540 1079.1
1154550 1079.3
1154560 1077.1
1154570 1077.1
1154580 1078.5
1154590 1079.4
1154600 1079.4
1154610 1079.9
1154620 1080.4
1154630 1081.0
1154640 1081.1
1154650 1081.7
1154660 1081.7
1154670 1081.8
1154680 1081.8
1154690 1081.8
1154700 1081.9
1154710 1081.7
1154720 1081.7
1154730 1081.5
1154740 1081.3
1154750 1081.3
1154760 1081.1
1154770 1080.8
1154780 1080.8
1154790 1080.5
1154800 1080.2
1154810 1080.3
1154820 1080.3
1154830 1080.3
1154840 1080.1
1154850 1080.1
1154860 1079.9
1154870 1079.6
1154880 1079.6
1154890 1079.4
1154900 1079.3
1154910 1079.3
1154920 1079.1
1154930 1078.3
1154940 1078.3
1154950 1075.2
1154960 1072.8
1154970 1072.8
1154980 1072.5
1154990 1072.3
1155000 1072.3
1155010 1072.2
1155020 1071.9
1155030 1071.9
1155040 1071.8
1155050 1071.8
1155060 1071.8
1155070 1071.7
1155080 1071.6
1155090 1071.6
1155100 1071.6
1155110 1071.6
1155120 1071.6
1155130 1071.6
1155140 1071.6
1155150 1071.4
1155160 1071.4
1155170 1071.3
1155180 1071.3
1155190 1071.3
1155200 1071.3
1155210 1071.3
1155220 1071.3
1155230 1071.3
1155240 1071.3
1155250 1071.3
1155260 1071.5
1155270 1071.6
1155280 1071.6
1155290 1071.7
1155300 1071.8
1155310 1071.8
1155320 1071.9
1155330 1072.1
1155340 1072.5
1155350 1072.5
1155360 1072.8
1155370 1072.9
1155380 1072.9
1155390 1072.7
1155400 1074.1
1155410 1074.1
1155420 1073.5
1155430 1073.1
1155440 1073.1
1155450 1072.9
1155460 1072.3
1155470 1072.3
1155480 1071.6
1155490 1071.0
1155500 1071.0
1155510 1070.6
1155520 1070.4
1155530 1070.4
1155540 1070.3
1155550 1070.1
1155560 1070.1
1155570 1069.9
1155580 1069.9
1155590 1069.9
1155600 1069.9
1155610 1070.0
1155620 1070.5
1155630 1070.5
1155640 1073.1
1155650 1079.0
1155660 1079.0
1155670 1085.1
1155680 1089.5
1155690 1089.5
1155700 1092.3
1155710 1094.8
1155720 1094.8
1155730 1097.4
1155740 1100.0
1155750 1100.0
1155760 1102.3
1155770 1104.1
1155780 1104.1
1155790 1107.7
1155800 1110.4
1155810 1110.4
1155820 1112.9
1155830 1114.4
1155840 1114.4
1155850 1116.1
1155860 1117.9
1155870 1119.2
1155880 1119.2
1155890 1117.0
1155900 1118.4
1155910 1118.4
1155920 1120.4
1155930 1122.6
1155940 1122.6
1155950 1122.8
1155960 1124.4
1155970 1124.4
1155980 1127.2
1155990 1129.2
1156000 1129.2
1156010 1131.9
1156020 1133.4
1156030 1133.4
1156040 1134.3
1156050 1134.8
1156060 1134.8
1156070 1135.6
1156080 1140.2
1156090 1140.2
1156100 1144.7
1156110 1146.8
1156120 1146.8
1156130 1149.6
1156140 1153.6
1156150 1158.3
1156160 1158.3
1156170 1169.8
1156180 1171.7
1156190 1171.7
1156200 1173.0
1156210 1167.8
1156220 1167.8
1156230 1160.4
1156240 1155.5
1156250 1155.5
1156260 1154.2
1156270 1159.1
1156280 1159.1
1156290 1168.1
1156300 1177.4
1156310 1177.4
1156320 1185.5
1156330 1192.5
1156340 1192.5
1156350 1200.6
1156360 1212.5
1156370 1212.5
1156380 1223.2
1156390 1228.1
1156400 1230.8
1156410 1230.8
1156420 1231.7
1156430 1231.5
1156440 1231.5
1156450 1231.3
1156460 1229.4
1156470 1229.4
1156480 1231.0
1156490 1236.4
1156500 1236.4
1156510 1237.1
1156520 1236.3
1156530 1236.3
1156540 1239.7
1156550 1243.1
1156560 1250.8
1156570 1253.6
1156580 1255.3
1156590 1255.3
1156600 1257.9
1156610 1257.9
1156620 1257.9
1156630 1267.5
1156640 1275.7
1156650 1275.7
1156660 1283.6
1156670 1292.2
1156680 1299.4
1156690 1299.4
1156700 1302.3
1156710 1309.5
1156720 1309.5
1156730 1314.7
1156740 1323.1
1156750 1323.1
1156760 1329.6
1156770 1335.0
1156780 1335.0
1156790 1339.3
1156800 1343.5
1156810 1343.5
1156820 1347.1
1156830 1350.7
1156840 1350.7
1156850 1354.5
1156860 1359.1
1156870 1359.1
1156880 1365.0
1156890 1378.2
1156900 1378.2
1156910 1388.5
1156920 1390.6
1156930 1397.1
1156940 1397.1
1156950 1407.9
1156960 1408.3
1156970 1408.3
1156980 1412.1
1156990 1417.1
1157000 1417.1
1157010 1423.0
1157020 1425.8
1157030 1425.8
1157040 1427.2
1157050 1427.5
1157060 1427.5
1157070 1426.9
1157080 1426.2
1157090 1426.2
1157100 1426.0
1157110 1424.3
1157120 1424.3
1157130 1421.4
1157140 1419.1
1157150 1419.1
1157160 1415.9
1157170 1413.7
1157180 1413.7
1157190 1411.3
1157200 1409.7
1157210 1405.4
1157220 1405.4
1157230 1400.5
1157240 1402.4
1157250 1402.4
1157260 1411.5
1157270 1417.0
1157280 1417.0
1157290 1416.0
1157300 1418.6
1157310 1418.6
1157320 1421.4
1157330 1423.4
1157340 1431.6
1157350 1433.9
1157360 1436.9
1157370 1436.9
1157380 1439.8
1157390 1441.2
1157400 1441.2
1157410 1440.2
1157420 1437.6
1157430 1437.6
1157440 1434.5
1157450 1431.3
1157460 1428.0
1157470 1428.0
1157480 1424.4
1157490 1420.4
1157500 1420.4
1157510 1415.4
1157520 1411.6
1157530 1411.6
1157540 1408.5
1157550 1404.6
1157560 1404.6
1157570 1400.2
1157580 1395.7
1157590 1395.7
1157600 1391.4
1157610 1386.8
1157620 1386.8
1157630 1380.4
1157640 1375.6
1157650 1375.6
1157660 1373.9
1157670 1373.5
1157680 1373.5
1157690 1369.0
1157700 1363.8
1157710 1363.8
1157720 1360.0
1157730 1366.3
1157740 1364.0
1157750 1364.0
1157760 1361.4
1157770 1358.8
1157780 1358.8
1157790 1353.3
1157800 1348.0
1157810 1348.0
1157820 1344.2
1157830 1340.8
1157840 1340.8
1157850 1336.5
1157860 1332.0
1157870 1332.0
1157880 1327.2
1157890 1323.5
1157900 1323.5
1157910 1319.7
1157920 1317.9
1157930 1317.9
1157940 1317.2
1157950 1315.8
1157960 1315.8
1157970 1313.9
1157980 1312.2
1157990 1310.1
1158000 1310.1
1158010 1307.9
1158020 1305.1
1158030 1305.1
1158040 1301.6
1158050 1297.8
1158060 1297.8
1158070 1293.9
1158080 1289.6
1158090 1289.6
1158100 1285.0
1158110 1280.3
1158120 1282.5
1158130 1277.8
1158140 1272.3
1158150 1272.3
1158160 1267.4
1158170 1262.6
1158180 1262.6
1158190 1257.2
1158200 1251.3
1158210 1251.3
1158220 1244.6
1158230 1238.8
1158240 1238.8
1158250 1234.1
1158260 1231.0
1158270 1229.3
1158280 1229.3
1158290 1228.8
1158300 1227.3
1158310 1227.3
1158320 1224.9
1158330 1222.2
1158340 1222.2
1158350 1219.5
1158360 1217.2
1158370 1217.2
1158380 1215.1
1158390 1213.0
1158400 1213.0
1158410 1210.5
1158420 1207.9
1158430 1207.9
1158440 1204.8
1158450 1201.6
1158460 1201.6
1158470 1199.0
1158480 1196.7
1158490 1196.7
1158500 1191.5
1158510 1188.2
1158520 1180.3
1158530 1180.3
1158540 1166.5
1158550 1143.5
1158560 1143.5
1158570 1126.8
1158580 1113.5
1158590 1113.5
1158600 1100.0
1158610 1090.9
1158620 1090.9
1158630 1086.8
1158640 1086.5
1158650 1086.5
1158660 1086.9
1158670 1086.9
1158680 1086.9
1158690 1088.0
1158700 1092.9
1158710 1092.9
1158720 1100.6
1158730 1109.2
1158740 1109.2
1158750 1117.7
1158760 1129.5
1158770 1129.5
1158780 1167.1
1158790 1186.8
1158800 1193.1
1158810 1193.1
1158820 1199.1
1158830 1205.2
1158840 1205.2
1158850 1211.6
1158860 1218.5
1158870 1218.5
1158880 1225.0
1158890 1231.3
1158900 1227.1
1158910 1233.8
1158920 1240.5
1158930 1240.5
1158940 1248.0
1158950 1255.9
1158960 1255.9
1158970 1263.6
1158980 1270.8
1158990 1270.8
1159000 1277.8
1159010 1283.5
1159020 1283.5
1159030 1288.4
1159040 1292.5
1159050 1292.5
1159060 1295.5
1159070 1297.7
1159080 1299.4
1159090 1299.4
1159100 1302.5
1159110 1307.2
1159120 1307.2
1159130 1313.4
1159140 1319.2
1159150 1319.2
1159160 1327.6
1159170 1337.0
1159180 1337.0
1159190 1345.5
1159200 1352.5
1159210 1352.5
1159220 1360.5
1159230 1367.7
1159240 1367.7
1159250 1375.2
1159260 1381.1
1159270 1381.1
1159280 1386.2
1159290 1390.6
1159300 1390.6
1159310 1395.7
1159320 1401.0
1159330 1406.5
1159340 1406.5
1159350 1412.6
1159360 1418.3
1159370 1418.3
1159380 1424.1
1159390 1430.2
1159400 1430.2
1159410 1435.7
1159420 1441.1
1159430 1441.1
1159440 1446.6
1159450 1451.2
1159460 1451.2
1159470 1456.2
1159480 1460.9
1159490 1460.9
1159500 1465.8
1159510 1471.2
1159520 1471.2
1159530 1477.2
1159540 1483.8
1159550 1483.8
1159560 1491.2
1159570 1499.3
1159580 1499.3
1159590 1508.1
1159600 1518.6
1159610 1530.0
1159620 1530.0
1159630 1537.8
1159640 1544.1
1159650 1544.1
1159660 1549.5
1159670 1552.7
1159680 1548.6
1159690 1551.9
1159700 1556.7
1159710 1556.7
1159720 1561.5
1159730 1566.2
1159740 1566.2
1159750 1571.4
1159760 1577.7
1159770 1577.7
1159780 1584.6
1159790 1592.4
1159800 1592.4
1159810 1599.3
1159820 1605.4
1159830 1605.4
1159840 1611.0
1159850 1617.1
1159860 1623.2
1159870 1623.2
1159880 1628.4
1159890 1632.2
1159900 1632.2
1159910 1636.7
1159920 1643.7
1159930 1643.7
1159940 1653.9
1159950 1661.4
1159960 1661.4
1159970 1665.4
1159980 1669.8
1159990 1669.8
