1140000 1900.6
1140010 1900.9
1140020 1900.5
1140030 1900.5
1140040 1899.0
1140050 1898.6
1140060 1898.6
1140070 1899.1
1140080 1898.3
1140090 1898.3
1140100 1897.4
1140110 1896.5
1140120 1896.5
1140130 1894.9
1140140 1893.0
1140150 1893.0
1140160 1892.8
1140170 1893.4
1140180 1893.4
1140190 1890.0
1140200 1883.2
1140210 1881.7
1140220 1877.7
1140230 1877.9
1140240 1880.8
1140250 1880.8
1140260 1882.7
1140270 1884.0
1140280 1884.0
1140290 1882.6
1140300 1880.8
1140310 1880.8
1140320 1878.4
1140330 1877.6
1140340 1877.6
1140350 1877.4
1140360 1875.8
1140370 1875.8
1140380 1872.3
1140390 1868.3
1140400 1868.3
1140410 1863.4
1140420 1858.4
1140430 1858.4
1140440 1849.3
1140450 1837.5
1140460 1837.5
1140470 1826.7
1140480 1815.4
1140490 1809.5
1140500 1809.5
1140510 1802.8
1140520 1797.1
1140530 1797.1
1140540 1796.7
1140550 1799.4
1140560 1799.4
1140570 1800.0
1140580 1802.1
1140590 1796.7
1140600 1798.3
1140610 1801.9
1140620 1801.9
1140630 1802.4
1140640 1800.3
1140650 1800.3
1140660 1797.6
1140670 1796.1
1140680 1796.1
1140690 1793.8
1140700 1790.0
1140710 1790.0
1140720 1783.7
1140730 1775.3
1140740 1769.9
1140750 1769.9
1140760 1766.1
1140770 1757.1
1140780 1757.1
1140790 1752.7
1140800 1747.3
1140810 1747.3
1140820 1740.6
1140830 1731.0
1140840 1731.0
1140850 1721.8
1140860 1713.0
1140870 1713.0
1140880 1705.3
1140890 1697.9
1140900 1697.9
1140910 1691.2
1140920 1682.6
1140930 1682.6
1140940 1669.8
1140950 1658.9
1140960 1657.7
1140970 1649.5
1140980 1638.5
1140990 1638.5
1141000 1623.9
1141010 1610.5
1141020 1602.0
1141030 1602.0
1141040 1593.8
1141050 1585.5
1141060 1585.5
1141070 1577.9
1141080 1570.5
1141090 1570.5
1141100 1563.8
1141110 1558.7
1141120 1558.7
1141130 1554.5
1141140 1549.3
1141150 1549.3
1141160 1542.3
1141170 1535.7
1141180 1535.7
1141190 1529.4
1141200 1523.5
1141210 1523.5
1141220 1518.4
1141230 1513.8
1141240 1513.8
1141250 1510.2
1141260 1507.1
1141270 1503.0
1141280 1503.0
1141290 1497.6
1141300 1492.8
1141310 1492.8
1141320 1488.5
1141330 1488.1
1141340 1488.1
1141350 1482.6
1141360 1476.4
1141370 1476.4
1141380 1469.5
1141390 1462.1
1141400 1462.1
1141410 1453.8
1141420 1445.6
1141430 1445.6
1141440 1438.3
1141450 1432.8
1141460 1432.8
1141470 1427.6
1141480 1421.5
1141490 1421.5
1141500 1417.4
1141510 1409.4
1141520 1409.4
1141530 1395.4
1141540 1392.8
1141550 1400.6
1141560 1400.6
1141570 1409.7
1141580 1419.0
1141590 1419.0
1141600 1426.7
1141610 1433.5
1141620 1433.5
1141630 1441.6
1141640 1450.7
1141650 1450.7
1141660 1459.1
1141670 1467.0
1141680 1467.0
1141690 1474.5
1141700 1478.5
1141710 1478.5
1141720 1486.8
1141730 1496.8
1141740 1496.8
1141750 1498.9
1141760 1496.6
1141770 1496.6
1141780 1493.0
1141790 1509.9
1141800 1524.9
1141810 1524.9
1141820 1533.9
1141830 1542.6
1141840 1542.6
1141850 1550.4
1141860 1558.6
1141870 1558.6
1141880 1565.7
1141890 1572.2
1141900 1572.2
1141910 1577.8
1141920 1583.6
1141930 1583.6
1141940 1590.3
1141950 1597.1
1141960 1597.1
1141970 1603.7
1141980 1610.4
1141990 1610.4
1142000 1617.3
1142010 1624.1
1142020 1624.1
1142030 1630.0
1142040 1636.1
1142050 1636.1
1142060 1643.1
1142070 1652.4
1142080 1658.8
1142090 1658.8
1142100 1666.8
1142110 1674.8
1142120 1674.8
1142130 1684.1
1142140 1698.1
1142150 1698.1
1142160 1705.6
1142170 1708.4
1142180 1708.4
1142190 1712.9
1142200 1715.0
1142210 1715.0
1142220 1716.1
1142230 1714.8
1142240 1714.8
1142250 1711.5
1142260 1711.5
1142270 1711.5
1142280 1715.4
1142290 1717.2
1142300 1717.2
1142310 1719.5
1142320 1724.5
1142330 1724.5
1142340 1728.5
1142350 1726.6
1142360 1731.4
1142370 1731.4
1142380 1739.7
1142390 1747.1
1142400 1747.1
1142410 1752.2
1142420 1759.2
1142430 1759.2
1142440 1766.7
1142450 1772.0
1142460 1772.0
1142470 1779.9
1142480 1781.0
1142490 1781.0
1142500 1780.1
1142510 1777.7
1142520 1777.7
1142530 1780.3
1142540 1786.3
1142550 1786.3
1142560 1792.6
1142570 1798.2
1142580 1798.2
1142590 1802.4
1142600 1805.9
1142610 1809.2
1142620 1809.2
1142630 1812.5
1142640 1815.0
1142650 1815.0
1142660 1816.1
1142670 1816.3
1142680 1816.3
1142690 1815.9
1142700 1815.2
1142710 1815.2
1142720 1812.5
1142730 1807.6
1142740 1807.6
1142750 1800.5
1142760 1793.3
1142770 1793.3
1142780 1786.9
1142790 1782.0
1142800 1782.0
1142810 1779.1
1142820 1770.8
1142830 1770.8
1142840 1773.4
1142850 1778.4
1142860 1778.4
1142870 1785.1
1142880 1789.7
1142890 1793.7
1142900 1793.7
1142910 1800.1
1142920 1807.0
1142930 1807.0
1142940 1812.8
1142950 1818.0
1142960 1818.0
1142970 1823.2
1142980 1824.3
1142990 1824.3
1143000 1824.8
1143010 1825.9
1143020 1825.9
1143030 1825.9
1143040 1822.4
1143050 1822.4
1143060 1815.7
1143070 1813.3
1143080 1813.3
1143090 1814.1
1143100 1812.8
1143110 1812.8
1143120 1810.0
1143130 1810.0
1143140 1820.2
1143150 1820.2
1143160 1832.1
1143170 1844.0
1143180 1844.0
1143190 1839.1
1143200 1836.2
1143210 1836.2
1143220 1835.7
1143230 1834.3
1143240 1834.3
1143250 1833.1
1143260 1834.1
1143270 1834.1
1143280 1832.2
1143290 1834.0
1143300 1834.0
1143310 1835.9
1143320 1835.6
1143330 1835.6
1143340 1837.5
1143350 1840.8
1143360 1840.8
1143370 1844.1
1143380 1848.3
1143390 1848.3
1143400 1853.6
1143410 1857.8
1143420 1858.4
1143430 1858.4
1143440 1853.8
1143450 1848.4
1143460 1848.4
1143470 1844.0
1143480 1832.2
1143490 1832.2
1143500 1817.1
1143510 1815.2
1143520 1815.2
1143530 1832.9
1143540 1849.3
1143550 1849.3
1143560 1843.1
1143570 1856.6
1143580 1856.6
1143590 1864.9
1143600 1871.2
1143610 1871.2
1143620 1878.5
1143630 1888.8
1143640 1888.8
1143650 1907.7
1143660 1923.6
1143670 1929.6
1143680 1929.6
1143690 1933.2
1143700 1937.2
1143710 1937.2
1143720 1942.3
1143730 1949.7
1143740 1949.7
1143750 1960.8
1143760 1966.3
1143770 1966.3
1143780 1969.5
1143790 1972.1
1143800 1972.1
1143810 1973.8
1143820 1974.4
1143830 1974.4
1143840 1974.5
1143850 1975.1
1143860 1975.1
1143870 1976.0
1143880 1976.6
1143890 1976.6
1143900 1975.9
1143910 1975.1
1143920 1975.1
1143930 1974.8
1143940 1968.6
1143950 1965.8
1143960 1965.8
1143970 1961.3
1143980 1957.3
1143990 1957.3
1144000 1953.1
1144010 1947.3
1144020 1947.3
1144030 1940.7
1144040 1933.5
1144050 1933.5
1144060 1928.1
1144070 1922.6
1144080 1922.6
1144090 1917.7
1144100 1918.8
1144110 1918.8
1144120 1927.7
1144130 1933.3
1144140 1933.3
1144150 1938.6
1144160 1945.5
1144170 1945.5
1144180 1952.1
1144190 1957.2
1144200 1961.2
1144210 1961.2
1144220 1965.5
1144230 1968.6
1144240 1968.6
1144250 1970.4
1144260 1971.9
1144270 1971.9
1144280 1971.4
1144290 1972.2
1144300 1972.2
1144310 1966.2
1144320 1966.7
1144330 1966.7
1144340 1966.9
1144350 1969.3
1144360 1969.3
1144370 1971.1
1144380 1973.2
1144390 1973.2
1144400 1976.3
1144410 1978.8
1144420 1978.8
1144430 1978.3
1144440 1977.0
1144450 1977.0
1144460 1975.3
1144470 1975.1
1144480 1974.1
1144490 1974.1
1144500 1972.3
1144510 1968.8
1144520 1968.8
1144530 1965.0
1144540 1960.9
1144550 1960.9
1144560 1956.0
1144570 1951.9
1144580 1951.9
1144590 1945.8
1144600 1939.0
1144610 1939.0
1144620 1932.3
1144630 1925.4
1144640 1925.4
1144650 1919.6
1144660 1913.8
1144670 1913.8
1144680 1907.7
1144690 1907.9
1144700 1907.9
1144710 1902.8
1144720 1895.0
1144730 1887.6
1144740 1887.6
1144750 1877.3
1144760 1866.9
1144770 1866.9
1144780 1858.9
1144790 1850.1
1144800 1850.1
1144810 1841.4
1144820 1833.0
1144830 1833.0
1144840 1823.9
1144850 1815.7
1144860 1815.7
1144870 1807.8
1144880 1800.3
1144890 1800.3
1144900 1792.2
1144910 1783.8
1144920 1783.8
1144930 1777.0
1144940 1771.3
1144950 1771.3
1144960 1765.6
1144970 1758.8
1144980 1758.8
1144990 1751.0
1145000 1745.1
1145010 1739.3
1145020 1739.3
1145030 1730.7
1145040 1718.8
1145050 1718.8
1145060 1709.6
1145070 1700.0
1145080 1700.0
1145090 1688.5
1145100 1679.8
1145110 1679.8
1145120 1672.1
1145130 1664.7
1145140 1664.7
1145150 1657.3
1145160 1650.3
1145170 1650.3
1145180 1644.1
1145190 1638.1
1145200 1638.1
1145210 1633.6
1145220 1631.0
1145230 1631.0
1145240 1629.7
1145250 1627.8
1145260 1627.8
1145270 1625.0
1145280 1619.6
1145290 1614.8
1145300 1614.8
1145310 1609.5
1145320 1608.7
1145330 1608.7
1145340 1608.3
1145350 1608.1
1145360 1608.1
1145370 1609.2
1145380 1605.9
1145390 1605.9
1145400 1601.8
1145410 1599.4
1145420 1599.4
1145430 1600.8
1145440 1595.8
1145450 1595.8
1145460 1604.0
1145470 1606.7
1145480 1606.7
1145490 1601.6
1145500 1595.7
1145510 1595.7
1145520 1589.3
1145530 1582.7
1145540 1576.3
1145550 1576.3
1145560 1572.2
1145570 1568.4
1145580 1568.4
1145590 1559.8
1145600 1550.1
1145610 1550.1
1145620 1543.8
1145630 1540.3
1145640 1540.3
1145650 1533.4
1145660 1524.5
1145670 1524.5
1145680 1522.5
1145690 1523.7
1145700 1523.7
1145710 1524.7
1145720 1525.0
1145730 1525.0
1145740 1525.1
1145750 1524.1
1145760 1524.1
1145770 1522.5
1145780 1520.2
1145790 1520.2
1145800 1517.1
1145810 1509.5
1145820 1505.7
1145830 1505.7
1145840 1501.9
1145850 1499.1
1145860 1499.1
1145870 1498.0
1145880 1496.9
1145890 1496.9
1145900 1495.7
1145910 1495.1
1145920 1495.1
1145930 1494.0
1145940 1495.4
1145950 1495.4
1145960 1495.8
1145970 1494.8
1145980 1494.8
1145990 1494.5
1146000 1496.6
1146010 1496.6
1146020 1499.4
1146030 1501.7
1146040 1501.7
1146050 1503.0
1146060 1503.7
1146070 1504.3
1146080 1504.3
1146090 1503.6
1146100 1501.5
1146110 1501.5
1146120 1500.5
1146130 1501.1
1146140 1501.1
1146150 1501.7
1146160 1501.7
1146170 1501.7
1146180 1501.5
1146190 1498.2
1146200 1498.2
1146210 1497.2
1146220 1495.7
1146230 1495.7
1146240 1493.8
1146250 1489.7
1146260 1489.7
1146270 1483.7
1146280 1478.1
1146290 1478.1
1146300 1478.1
1146310 1478.4
1146320 1478.4
1146330 1477.7
1146340 1476.8
1146350 1475.8
1146360 1475.8
1146370 1476.0
1146380 1474.5
1146390 1474.5
1146400 1473.6
1146410 1472.9
1146420 1472.9
1146430 1471.1
1146440 1468.2
1146450 1468.2
1146460 1467.1
1146470 1465.7
1146480 1465.7
1146490 1464.5
1146500 1463.3
1146510 1463.3
1146520 1462.1
1146530 1460.8
1146540 1460.8
1146550 1459.9
1146560 1456.5
1146570 1456.5
1146580 1455.9
1146590 1456.0
1146600 1456.2
1146610 1456.2
1146620 1456.1
1146630 1455.9
1146640 1455.9
1146650 1454.3
1146660 1452.9
1146670 1452.9
1146680 1452.4
1146690 1450.2
1146700 1450.2
1146710 1448.1
1146720 1446.5
1146730 1446.5
1146740 1443.7
1146750 1441.1
1146760 1441.1
1146770 1440.0
1146780 1438.4
1146790 1438.4
1146800 1437.2
1146810 1435.9
1146820 1435.9
1146830 1434.3
1146840 1432.6
1146850 1432.6
1146860 1431.2
1146870 1430.3
1146880 1430.1
1146890 1430.1
1146900 1430.4
1146910 1429.9
1146920 1429.9
1146930 1430.2
1146940 1426.7
1146950 1426.7
1146960 1425.2
1146970 1423.9
1146980 1423.9
1146990 1424.1
1147000 1424.8
1147010 1424.8
1147020 1426.0
1147030 1426.9
1147040 1426.9
1147050 1427.7
1147060 1428.7
1147070 1428.7
1147080 1430.7
1147090 1432.7
1147100 1432.7
1147110 1434.4
1147120 1435.2
1147130 1435.6
1147140 1435.6
1147150 1436.3
1147160 1438.8
1147170 1438.8
1147180 1442.3
1147190 1445.7
1147200 1445.7
1147210 1448.8
1147220 1451.9
1147230 1451.9
1147240 1455.0
1147250 1459.2
1147260 1459.2
1147270 1464.9
1147280 1469.0
1147290 1469.0
1147300 1470.2
1147310 1470.2
1147320 1466.3
1147330 1466.3
1147340 1466.1
1147350 1466.1
1147360 1465.3
1147370 1463.9
1147380 1463.9
1147390 1462.0
1147400 1459.7
1147410 1457.0
1147420 1457.0
1147430 1454.3
1147440 1452.0
1147450 1452.0
1147460 1449.9
1147470 1448.2
1147480 1448.2
1147490 1446.3
1147500 1444.7
1147510 1444.7
1147520 1442.7
1147530 1440.8
1147540 1440.8
1147550 1438.5
1147560 1436.3
1147570 1436.3
1147580 1434.5
1147590 1432.3
1147600 1432.3
1147610 1429.5
1147620 1426.4
1147630 1426.4
1147640 1423.7
1147650 1421.0
1147660 1417.4
1147670 1417.4
1147680 1414.5
1147690 1409.1
1147700 1409.1
1147710 1406.3
1147720 1404.1
1147730 1404.1
1147740 1402.0
1147750 1399.0
1147760 1399.0
1147770 1397.0
1147780 1396.3
1147790 1396.3
1147800 1395.4
1147810 1394.2
1147820 1394.2
1147830 1392.7
1147840 1390.7
1147850 1390.7
1147860 1388.8
1147870 1387.2
1147880 1387.2
1147890 1385.9
1147900 1384.5
1147910 1384.5
1147920 1385.6
1147930 1387.7
1147940 1388.1
1147950 1388.1
1147960 1387.3
1147970 1384.7
1147980 1384.7
1147990 1380.1
1148000 1374.3
1148010 1374.3
1148020 1365.8
1148030 1355.3
1148040 1355.3
1148050 1345.4
1148060 1337.3
1148070 1335.8
1148080 1326.1
1148090 1318.0
1148100 1318.0
1148110 1309.8
1148120 1312.7
1148130 1312.7
1148140 1325.4
1148150 1334.4
1148160 1334.4
1148170 1342.1
1148180 1344.6
1148190 1343.7
1148200 1343.7
1148210 1344.9
1148220 1348.9
1148230 1348.9
1148240 1351.9
1148250 1352.9
1148260 1352.9
1148270 1353.0
1148280 1352.5
1148290 1352.5
1148300 1352.4
1148310 1351.9
1148320 1351.9
1148330 1351.2
1148340 1350.1
1148350 1350.1
1148360 1349.5
1148370 1349.8
1148380 1349.8
1148390 1350.1
1148400 1349.6
1148410 1349.6
1148420 1348.2
1148430 1347.6
1148440 1347.6
1148450 1341.6
1148460 1339.5
1148470 1337.9
1148480 1337.9
1148490 1337.7
1148500 1338.2
1148510 1338.2
1148520 1338.2
1148530 1337.6
1148540 1337.6
1148550 1337.5
1148560 1337.5
1148570 1337.5
1148580 1337.6
1148590 1337.6
1148600 1337.6
1148610 1337.2
1148620 1337.3
1148630 1337.3
1148640 1337.3
1148650 1337.3
1148660 1337.3
1148670 1337.7
1148680 1338.5
1148690 1338.5
1148700 1338.5
1148710 1338.2
1148720 1338.2
1148730 1337.3
1148740 1336.3
1148750 1336.5
1148760 1336.5
1148770 1336.1
1148780 1335.5
1148790 1335.5
1148800 1334.8
1148810 1334.1
1148820 1334.1
1148830 1334.7
1148840 1335.7
1148850 1335.7
1148860 1335.5
1148870 1335.5
1148880 1335.5
1148890 1335.0
1148900 1333.6
1148910 1333.6
1148920 1332.2
1148930 1330.5
1148940 1330.5
1148950 1328.7
1148960 1326.4
1148970 1326.4
1148980 1323.6
1148990 1320.1
1149000 1316.6
1149010 1316.6
1149020 1313.3
1149030 1310.0
1149040 1310.0
1149050 1306.2
1149060 1302.3
1149070 1302.3
1149080 1298.2
1149090 1294.6
1149100 1294.6
1149110 1291.2
1149120 1287.6
1149130 1287.6
1149140 1284.5
1149150 1281.6
1149160 1281.6
1149170 1278.9
1149180 1276.7
1149190 1276.7
1149200 1274.9
1149210 1271.0
1149220 1271.0
1149230 1269.7
1149240 1269.6
1149250 1269.6
1149260 1269.3
1149270 1268.2
1149280 1266.2
1149290 1266.2
1149300 1264.5
1149310 1262.8
1149320 1262.8
1149330 1261.5
1149340 1260.3
1149350 1260.3
1149360 1258.5
1149370 1256.5
1149380 1256.5
1149390 1254.9
1149400 1254.0
1149410 1254.0
1149420 1253.0
1149430 1251.8
1149440 1251.8
1149450 1250.6
1149460 1249.2
1149470 1249.2
1149480 1247.9
1149490 1246.4
1149500 1246.4
1149510 1244.2
1149520 1242.5
1149530 1241.2
1149540 1241.2
1149550 1239.7
1149560 1237.6
1149570 1237.6
1149580 1235.1
1149590 1230.1
1149600 1230.1
1149610 1227.4
1149620 1224.8
1149630 1224.8
1149640 1222.2
1149650 1219.5
1149660 1219.5
1149670 1217.1
1149680 1214.1
1149690 1214.1
1149700 1210.9
1149710 1208.8
1149720 1208.8
1149730 1207.0
1149740 1205.3
1149750 1205.3
1149760 1202.7
1149770 1198.4
1149780 1198.4
1149790 1195.6
1149800 1195.2
1149810 1195.3
1149820 1195.3
1149830 1193.8
1149840 1191.4
1149850 1191.4
1149860 1188.9
1149870 1186.0
1149880 1186.0
1149890 1182.8
1149900 1179.3
1149910 1179.3
1149920 1175.5
1149930 1171.1
1149940 1171.1
1149950 1165.6
1149960 1159.5
1149970 1161.5
1149980 1156.2
1149990 1150.5
1150000 1150.5
1150010 1146.4
1150020 1142.5
1150030 1142.5
1150040 1138.3
1150050 1135.2
1150060 1133.4
1150070 1133.4
1150080 1130.3
1150090 1125.0
1150100 1125.0
1150110 1119.7
1150120 1114.8
1150130 1114.8
1150140 1110.1
1150150 1105.8
1150160 1105.8
1150170 1101.9
1150180 1097.7
1150190 1097.7
1150200 1094.8
1150210 1093.7
1150220 1093.7
1150230 1094.3
1150240 1094.9
1150250 1094.9
1150260 1093.7
1150270 1093.2
1150280 1093.2
1150290 1093.2
1150300 1093.3
1150310 1093.3
1150320 1093.3
1150330 1093.4
1150340 1093.5
1150350 1094.0
1150360 1094.1
1150370 1093.9
1150380 1093.9
1150390 1093.3
1150400 1092.5
1150410 1092.5
1150420 1091.8
1150430 1091.1
1150440 1091.1
1150450 1090.7
1150460 1090.5
1150470 1090.5
1150480 1090.5
1150490 1090.5
1150500 1090.5
1150510 1090.3
1150520 1090.2
1150530 1090.2
1150540 1090.1
1150550 1090.0
1150560 1090.0
1150570 1089.9
1150580 1089.7
1150590 1089.6
1150600 1089.6
1150610 1089.6
1150620 1089.6
1150630 1089.6
1150640 1089.5
1150650 1089.4
1150660 1089.4
1150670 1089.4
1150680 1089.4
1150690 1089.4
1150700 1089.5
1150710 1089.5
1150720 1089.5
1150730 1089.3
1150740 1089.4
1150750 1089.4
1150760 1089.2
1150770 1089.1
1150780 1089.1
1150790 1089.4
1150800 1089.5
1150810 1089.5
1150820 1089.6
1150830 1089.5
1150840 1089.5
1150850 1089.6
1150860 1089.6
1150870 1089.6
1150880 1089.6
1150890 1089.6
1150900 1089.7
1150910 1089.7
1150920 1089.7
1150930 1089.7
1150940 1089.7
1150950 1089.5
1150960 1089.3
1150970 1089.3
1150980 1089.1
1150990 1089.1
1151000 1089.1
1151010 1089.3
1151020 1089.1
1151030 1089.1
1151040 1089.2
1151050 1089.3
1151060 1089.3
1151070 1089.3
1151080 1089.5
1151090 1089.5
1151100 1089.5
1151110 1089.4
1151120 1089.6
1151130 1089.6
1151140 1089.7
1151150 1089.6
1151160 1089.6
1151170 1089.7
1151180 1089.8
1151190 1089.8
1151200 1089.8
1151210 1089.7
1151220 1089.7
1151230 1089.7
1151240 1089.7
1151250 1089.7
1151260 1089.8
1151270 1089.8
1151280 1089.8
1151290 1089.9
1151300 1089.9
1151310 1089.9
1151320 1090.0
1151330 1090.0
1151340 1090.0
1151350 1090.0
1151360 1090.0
1151370 1090.0
1151380 1090.0
1151390 1089.9
1151400 1090.0
1151410 1090.0
1151420 1090.1
1151430 1090.2
1151440 1090.2
1151450 1090.4
1151460 1090.6
1151470 1090.6
1151480 1090.9
1151490 1090.9
1151500 1090.9
1151510 1091.2
1151520 1091.2
1151530 1091.2
1151540 1091.2
1151550 1090.8
1151560 1090.8
1151570 1090.0
1151580 1091.4
1151590 1091.4
1151600 1091.7
1151610 1091.3
1151620 1091.3
1151630 1090.7
1151640 1090.8
1151650 1090.9
1151660 1090.9
1151670 1090.9
1151680 1090.8
1151690 1090.8
1151700 1090.8
1151710 1090.7
1151720 1090.7
1151730 1090.3
1151740 1089.5
1151750 1089.5
1151760 1089.1
1151770 1088.9
1151780 1088.9
1151790 1088.7
1151800 1088.6
1151810 1088.6
1151820 1088.5
1151830 1088.2
1151840 1088.2
1151850 1088.0
1151860 1087.8
1151870 1087.8
1151880 1087.3
1151890 1087.0
1151900 1087.0
1151910 1086.4
1151920 1085.9
1151930 1085.5
1151940 1085.5
1151950 1085.1
1151960 1084.8
1151970 1084.8
1151980 1084.5
1151990 1084.1
1152000 1084.1
1152010 1083.9
1152020 1083.9
1152030 1083.9
1152040 1083.7
1152050 1083.4
1152060 1083.4
1152070 1083.2
1152080 1083.0
1152090 1083.0
1152100 1082.9
1152110 1082.8
1152120 1082.8
1152130 1082.6
1152140 1082.5
1152150 1082.5
1152160 1082.5
1152170 1082.5
1152180 1082.5
1152190 1082.6
1152200 1082.8
1152210 1082.7
1152220 1082.7
1152230 1082.6
1152240 1082.4
1152250 1082.4
1152260 1082.0
1152270 1081.9
1152280 1081.9
1152290 1081.9
1152300 1081.9
1152310 1081.9
1152320 1081.9
1152330 1081.9
1152340 1081.9
1152350 1081.8
1152360 1081.8
1152370 1081.8
1152380 1081.7
1152390 1081.6
1152400 1081.6
1152410 1081.5
1152420 1081.4
1152430 1081.4
1152440 1081.3
1152450 1081.2
1152460 1081.1
1152470 1081.1
1152480 1081.0
1152490 1081.0
1152500 1081.0
1152510 1081.0
1152520 1080.9
1152530 1080.9
1152540 1080.7
1152550 1080.8
1152560 1080.8
1152570 1080.5
1152580 1080.5
1152590 1080.5
1152600 1080.5
1152610 1080.4
1152620 1080.4
1152630 1080.3
1152640 1080.4
1152650 1080.4
1152660 1080.4
1152670 1080.3
1152680 1080.3
1152690 1080.2
1152700 1080.2
1152710 1080.2
1152720 1080.0
1152730 1079.9
1152740 1080.0
1152750 1080.0
1152760 1079.9
1152770 1079.9
1152780 1079.9
1152790 1079.8
1152800 1079.7
1152810 1079.7
1152820 1079.7
1152830 1079.6
1152840 1079.6
1152850 1079.6
1152860 1079.5
1152870 1079.5
1152880 1079.4
1152890 1079.2
1152900 1079.2
1152910 1078.9
1152920 1078.5
1152930 1078.5
1152940 1078.3
1152950 1078.2
1152960 1078.2
1152970 1078.0
1152980 1077.9
1152990 1077.6
1153000 1077.6
1153010 1077.3
1153020 1076.8
1153030 1076.3
1153040 1076.2
1153050 1076.1
1153060 1076.1
1153070 1076.1
1153080 1076.1
1153090 1076.1
1153100 1076.2
1153110 1076.2
1153120 1076.2
1153130 1076.2
1153140 1076.3
1153150 1076.3
1153160 1076.3
1153170 1076.3
1153180 1076.3
1153190 1076.3
1153200 1076.4
1153210 1076.4
1153220 1076.3
1153230 1076.3
1153240 1076.3
1153250 1076.2
1153260 1076.1
1153270 1075.9
1153280 1075.9
1153290 1075.7
1153300 1075.6
1153310 1075.6
1153320 1075.5
1153330 1075.6
1153340 1075.6
1153350 1076.1
1153360 1077.4
1153370 1077.4
1153380 1079.0
1153390 1080.9
1153400 1080.9
1153410 1093.8
1153420 1096.5
1153430 1096.5
1153440 1100.0
1153450 1101.9
1153460 1101.9
1153470 1104.8
1153480 1105.6
1153490 1105.6
1153500 1106.1
1153510 1109.0
1153520 1111.2
1153530 1111.2
1153540 1114.1
1153550 1118.4
1153560 1118.4
1153570 1120.3
1153580 1122.8
1153590 1122.8
1153600 1125.0
1153610 1122.0
1153620 1122.0
1153630 1119.3
1153640 1117.2
1153650 1117.2
1153660 1116.7
1153670 1118.9
1153680 1118.9
1153690 1120.8
1153700 1119.6
1153710 1119.6
1153720 1117.7
1153730 1115.1
1153740 1115.1
1153750 1111.1
1153760 1108.3
1153770 1108.3
1153780 1104.0
1153790 1107.9
1153800 1100.9
1153810 1100.9
1153820 1096.4
1153830 1093.9
1153840 1093.9
1153850 1093.1
1153860 1092.2
1153870 1092.2
1153880 1089.5
1153890 1087.9
1153900 1087.9
1153910 1087.1
1153920 1087.0
1153930 1087.0
1153940 1087.2
1153950 1087.6
1153960 1087.6
1153970 1088.1
1153980 1088.6
1153990 1088.6
1154000 1089.0
1154010 1089.5
1154020 1089.5
1154030 1089.9
1154040 1090.2
1154050 1090.5
1154060 1090.5
1154070 1090.7
1154080 1090.8
1154090 1090.8
1154100 1091.0
1154110 1091.1
1154120 1091.1
1154130 1091.1
1154140 1091.4
1154150 1091.4
1154160 1091.7
1154170 1091.9
1154180 1092.4
1154190 1092.5
1154200 1092.4
1154210 1092.4
1154220 1092.4
1154230 1092.3
1154240 1092.3
1154250 1092.2
1154260 1092.1
1154270 1092.1
1154280 1091.9
1154290 1091.6
1154300 1091.6
1154310 1091.5
1154320 1091.4
1154330 1091.0
1154340 1091.0
1154350 1090.5
1154360 1090.0
1154370 1090.0
1154380 1089.6
1154390 1089.1
1154400 1089.1
1154410 1088.7
1154420 1088.0
1154430 1088.0
1154440 1086.9
1154450 1084.9
1154460 1084.9
1154470 1083.8
1154480 1083.6
1154490 1083.6
1154500 1083.3
1154510 1081.8
1154520 1081.8
1154530 1081.0
1154540 1082.5
1154550 1082.5
1154560 1083.1
1154570 1083.4
1154580 1084.3
1154590 1084.3
1154600 1086.5
1154610 1086.8
1154620 1086.8
1154630 1086.8
1154640 1086.6
1154650 1086.6
1154660 1086.4
1154670 1086.2
1154680 1086.2
1154690 1085.9
1154700 1085.7
1154710 1085.7
1154720 1085.4
1154730 1084.7
1154740 1084.7
1154750 1084.1
1154760 1083.7
1154770 1083.7
1154780 1083.6
1154790 1083.6
1154800 1083.6
1154810 1083.6
1154820 1083.4
1154830 1083.4
1154840 1083.4
1154850 1083.5
1154860 1083.3
1154870 1083.3
1154880 1083.2
1154890 1083.5
1154900 1083.5
1154910 1084.1
1154920 1084.3
1154930 1084.3
1154940 1084.2
1154950 1086.3
1154960 1086.3
1154970 1087.1
1154980 1087.3
1154990 1087.3
1155000 1087.0
1155010 1087.4
1155020 1087.4
1155030 1087.5
1155040 1086.8
1155050 1086.8
1155060 1086.3
1155070 1086.2
1155080 1086.2
1155090 1086.0
1155100 1084.9
1155110 1083.6
1155120 1083.6
1155130 1082.7
1155140 1082.3
1155150 1082.3
1155160 1081.7
1155170 1081.0
1155180 1081.0
1155190 1080.0
1155200 1079.2
1155210 1079.2
1155220 1078.4
1155230 1077.3
1155240 1077.3
1155250 1076.6
1155260 1077.0
1155270 1077.0
1155280 1079.2
1155290 1083.6
1155300 1083.6
1155310 1086.9
1155320 1087.5
1155330 1087.5
1155340 1090.6
1155350 1092.0
1155360 1092.0
1155370 1094.6
1155380 1097.3
1155390 1098.4
1155400 1098.4
1155410 1100.2
1155420 1100.3
1155430 1100.3
1155440 1098.7
1155450 1096.7
1155460 1096.7
1155470 1096.0
1155480 1097.0
1155490 1097.0
1155500 1097.0
1155510 1099.5
1155520 1099.5
1155530 1103.4
1155540 1105.9
1155550 1105.9
1155560 1107.4
1155570 1110.8
1155580 1110.8
1155590 1114.4
1155600 1118.3
1155610 1118.3
1155620 1121.4
1155630 1123.4
1155640 1126.1
1155650 1126.1
1155660 1129.3
1155670 1133.8
1155680 1133.8
1155690 1137.7
1155700 1142.3
1155710 1142.3
1155720 1152.4
1155730 1155.5
1155740 1155.5
1155750 1156.6
1155760 1160.0
1155770 1160.0
1155780 1162.3
1155790 1162.3
1155800 1162.3
1155810 1162.2
1155820 1167.3
1155830 1167.3
1155840 1170.9
1155850 1170.5
1155860 1170.5
1155870 1167.9
1155880 1163.2
1155890 1163.2
1155900 1154.2
1155910 1148.4
1155920 1154.5
1155930 1154.5
1155940 1169.4
1155950 1178.0
1155960 1178.0
1155970 1184.7
1155980 1190.8
1155990 1190.8
1156000 1196.1
1156010 1200.3
1156020 1200.3
1156030 1202.4
1156040 1202.8
1156050 1202.8
1156060 1207.3
1156070 1211.9
1156080 1211.9
1156090 1215.7
1156100 1219.5
1156110 1226.8
1156120 1231.1
1156130 1233.7
1156140 1233.7
1156150 1238.1
1156160 1241.2
1156170 1242.9
1156180 1242.9
1156190 1241.6
1156200 1247.0
1156210 1247.0
1156220 1250.2
1156230 1253.8
1156240 1253.8
1156250 1256.7
1156260 1260.5
1156270 1260.5
1156280 1261.4
1156290 1261.3
1156300 1261.3
1156310 1251.4
1156320 1259.0
1156330 1259.0
1156340 1272.4
1156350 1283.8
1156360 1283.8
1156370 1289.8
1156380 1294.8
1156390 1294.8
1156400 1302.2
1156410 1307.9
1156420 1307.9
1156430 1307.0
1156440 1307.6
1156450 1310.3
1156460 1310.3
1156470 1312.6
1156480 1315.7
1156490 1315.7
1156500 1327.9
1156510 1331.8
1156520 1331.8
1156530 1332.0
1156540 1339.1
1156550 1339.1
1156560 1348.5
1156570 1353.7
1156580 1353.7
1156590 1360.2
1156600 1364.7
1156610 1364.7
1156620 1368.9
1156630 1374.0
1156640 1374.0
1156650 1377.6
1156660 1380.4
1156670 1380.4
1156680 1381.4
1156690 1380.2
1156700 1377.5
1156710 1377.5
1156720 1377.0
1156730 1376.8
1156740 1376.8
1156750 1380.2
1156760 1385.7
1156770 1385.7
1156780 1393.3
1156790 1403.6
1156800 1403.6
1156810 1418.0
1156820 1426.3
1156830 1426.3
1156840 1430.1
1156850 1437.8
1156860 1437.8
1156870 1443.6
1156880 1441.1
1156890 1455.7
1156900 1458.9
1156910 1465.8
1156920 1465.8
1156930 1476.8
1156940 1485.7
1156950 1485.7
1156960 1503.5
1156970 1512.4
1156980 1515.5
1156990 1515.5
1157000 1518.3
1157010 1518.9
1157020 1518.9
1157030 1516.6
1157040 1513.2
1157050 1513.2
1157060 1510.1
1157070 1507.6
1157080 1507.6
1157090 1507.2
1157100 1504.9
1157110 1504.9
1157120 1502.8
1157130 1502.0
1157140 1502.0
1157150 1503.4
1157160 1505.1
1157170 1505.1
1157180 1504.0
1157190 1505.6
1157200 1505.6
1157210 1501.7
1157220 1490.1
1157230 1490.1
1157240 1490.8
1157250 1494.3
1157260 1505.9
1157270 1505.9
1157280 1517.7
1157290 1520.8
1157300 1520.8
1157310 1525.0
1157320 1526.0
1157330 1526.0
1157340 1526.1
1157350 1525.0
1157360 1525.0
1157370 1523.0
1157380 1518.8
1157390 1518.8
1157400 1513.0
1157410 1506.0
1157420 1506.0
1157430 1495.3
1157440 1482.3
1157450 1482.3
1157460 1468.8
1157470 1456.2
1157480 1456.2
1157490 1450.4
1157500 1447.4
1157510 1441.8
1157520 1441.8
1157530 1438.0
1157540 1435.9
1157550 1435.9
1157560 1433.4
1157570 1431.2
1157580 1431.2
1157590 1428.5
1157600 1425.8
1157610 1425.8
1157620 1423.8
1157630 1422.6
1157640 1422.6
1157650 1421.8
1157660 1422.3
1157670 1422.3
1157680 1420.1
1157690 1416.5
1157700 1416.5
1157710 1418.1
1157720 1420.8
1157730 1420.8
1157740 1414.6
1157750 1406.9
1157760 1406.9
1157770 1398.9
1157780 1391.5
1157790 1386.7
1157800 1386.7
1157810 1385.1
1157820 1383.0
1157830 1383.0
1157840 1381.1
1157850 1378.7
1157860 1378.7
1157870 1375.1
1157880 1371.0
1157890 1371.0
1157900 1369.1
1157910 1368.5
1157920 1368.5
1157930 1366.5
1157940 1364.3
1157950 1364.3
1157960 1361.7
1157970 1359.5
1157980 1359.5
1157990 1356.4
1158000 1350.5
1158010 1350.5
1158020 1346.7
1158030 1342.3
1158040 1337.7
1158050 1350.1
1158060 1344.5
1158070 1340.5
1158080 1340.5
1158090 1336.4
1158100 1332.4
1158110 1332.4
1158120 1328.9
1158130 1323.7
1158140 1323.7
1158150 1319.2
1158160 1314.9
1158170 1314.9
1158180 1311.7
1158190 1309.2
1158200 1309.2
1158210 1306.2
1158220 1302.6
1158230 1302.6
1158240 1298.6
1158250 1294.4
1158260 1294.4
1158270 1289.6
1158280 1284.3
1158290 1284.3
1158300 1278.4
1158310 1272.7
1158320 1266.7
1158330 1266.7
1158340 1260.9
1158350 1255.0
1158360 1255.0
1158370 1249.6
1158380 1246.1
1158390 1246.1
1158400 1243.3
1158410 1239.9
1158420 1239.9
1158430 1235.9
1158440 1234.0
1158450 1234.0
1158460 1230.1
1158470 1226.6
1158480 1226.6
1158490 1223.8
1158500 1220.8
1158510 1220.8
1158520 1217.6
1158530 1214.6
1158540 1214.6
1158550 1211.8
1158560 1209.1
1158570 1206.5
1158580 1206.5
1158590 1204.2
1158600 1201.9
1158610 1201.9
1158620 1198.7
1158630 1195.4
1158640 1195.4
1158650 1192.4
1158660 1189.7
1158670 1189.7
1158680 1187.4
1158690 1185.3
1158700 1185.3
1158710 1182.4
1158720 1168.6
1158730 1168.6
1158740 1148.0
1158750 1133.2
1158760 1133.2
1158770 1114.6
1158780 1094.7
1158790 1094.7
1158800 1088.9
1158810 1091.2
1158820 1091.2
1158830 1098.9
1158840 1102.3
1158850 1109.8
1158860 1109.8
1158870 1118.4
1158880 1138.7
1158890 1138.7
1158900 1169.8
1158910 1189.2
1158920 1189.2
1158930 1204.0
1158940 1212.2
1158950 1212.2
1158960 1215.9
1158970 1220.0
1158980 1220.0
1158990 1226.4
1159000 1233.2
1159010 1233.2
1159020 1239.5
1159030 1245.4
1159040 1245.4
1159050 1251.0
1159060 1257.2
1159070 1257.2
1159080 1263.6
1159090 1270.0
1159100 1275.9
1159110 1275.9
1159120 1281.6
1159130 1288.0
1159140 1288.0
1159150 1295.0
1159160 1302.9
1159170 1302.9
1159180 1310.3
1159190 1315.8
1159200 1315.8
1159210 1322.1
1159220 1328.0
1159230 1323.1
1159240 1329.1
1159250 1335.1
1159260 1335.1
1159270 1341.6
1159280 1348.2
1159290 1348.2
1159300 1355.1
1159310 1362.5
1159320 1362.5
1159330 1370.3
1159340 1377.4
1159350 1377.4
1159360 1385.0
1159370 1392.6
1159380 1400.0
1159390 1400.0
1159400 1406.4
1159410 1412.2
1159420 1412.2
1159430 1417.2
1159440 1421.7
1159450 1421.7
1159460 1427.1
1159470 1432.5
1159480 1432.5
1159490 1435.0
1159500 1443.0
1159510 1443.0
1159520 1452.1
1159530 1459.8
1159540 1459.8
1159550 1467.4
1159560 1475.4
1159570 1475.4
1159580 1483.8
1159590 1491.7
1159600 1491.7
1159610 1497.9
1159620 1501.2
1159630 1507.0
1159640 1507.0
1159650 1513.1
1159660 1519.4
1159670 1519.4
1159680 1525.8
1159690 1531.7
1159700 1531.7
1159710 1537.6
1159720 1543.5
1159730 1543.5
1159740 1549.8
1159750 1556.7
1159760 1556.7
1159770 1565.3
1159780 1575.6
1159790 1575.6
1159800 1585.3
1159810 1596.2
1159820 1596.2
1159830 1607.6
1159840 1616.2
1159850 1616.2
1159860 1622.3
1159870 1626.2
1159880 1626.2
1159890 1629.4
1159900 1630.9
1159910 1632.9
1159920 1632.9
1159930 1634.4
1159940 1634.2
1159950 1634.2
1159960 1633.5
1159970 1632.9
1159980 1632.9
1159990 1633.2
