1140000 2026.8
1140010 2026.8
1140020 2019.9
1140030 2013.5
1140040 2007.1
1140050 2007.1
1140060 2000.7
1140070 1994.7
1140080 1994.7
1140090 1989.1
1140100 1983.7
1140110 1983.7
1140120 1978.3
1140130 1973.0
1140140 1973.0
1140150 1967.3
1140160 1962.0
1140170 1962.0
1140180 1957.0
1140190 1952.1
1140200 1952.1
1140210 1947.3
1140220 1942.3
1140230 1942.3
1140240 1938.2
1140250 1933.1
1140260 1933.1
1140270 1926.1
1140280 1921.1
1140290 1918.0
1140300 1918.0
1140310 1917.0
1140320 1917.6
1140330 1917.6
1140340 1921.2
1140350 1925.9
1140360 1916.6
1140370 1920.7
1140380 1926.3
1140390 1926.3
1140400 1930.9
1140410 1934.9
1140420 1934.9
1140430 1938.5
1140440 1941.2
1140450 1941.2
1140460 1944.6
1140470 1946.2
1140480 1946.2
1140490 1946.4
1140500 1948.6
1140510 1948.6
1140520 1950.8
1140530 1949.6
1140540 1949.6
1140550 1951.8
1140560 1951.7
1140570 1952.4
1140580 1952.4
1140590 1954.3
1140600 1951.0
1140610 1951.0
1140620 1947.7
1140630 1946.0
1140640 1946.0
1140650 1949.2
1140660 1950.8
1140670 1950.8
1140680 1951.2
1140690 1949.4
1140700 1949.4
1140710 1948.3
1140720 1947.0
1140730 1940.1
1140740 1938.0
1140750 1934.1
1140760 1934.1
1140770 1929.7
1140780 1925.2
1140790 1925.2
1140800 1919.9
1140810 1914.1
1140820 1914.1
1140830 1907.2
1140840 1899.0
1140850 1892.4
1140860 1892.4
1140870 1888.6
1140880 1885.4
1140890 1885.4
1140900 1879.5
1140910 1873.8
1140920 1873.8
1140930 1868.3
1140940 1857.1
1140950 1857.1
1140960 1843.1
1140970 1824.3
1140980 1824.3
1140990 1806.1
1141000 1801.4
1141010 1801.4
1141020 1800.7
1141030 1804.2
1141040 1804.2
1141050 1799.0
1141060 1790.3
1141070 1790.3
1141080 1783.1
1141090 1777.3
1141100 1760.9
1141110 1760.9
1141120 1747.4
1141130 1739.1
1141140 1739.1
1141150 1729.3
1141160 1723.6
1141170 1723.6
1141180 1722.1
1141190 1715.2
1141200 1715.2
1141210 1709.4
1141220 1705.4
1141230 1705.4
1141240 1705.8
1141250 1696.7
1141260 1696.7
1141270 1685.3
1141280 1680.4
1141290 1680.4
1141300 1675.1
1141310 1668.3
1141320 1668.3
1141330 1660.9
1141340 1653.8
1141350 1653.8
1141360 1648.6
1141370 1643.5
1141380 1638.0
1141390 1638.0
1141400 1630.7
1141410 1624.3
1141420 1624.3
1141430 1616.3
1141440 1608.5
1141450 1608.5
1141460 1602.6
1141470 1595.4
1141480 1595.4
1141490 1590.3
1141500 1585.6
1141510 1585.6
1141520 1580.9
1141530 1574.9
1141540 1574.9
1141550 1572.2
1141560 1577.5
1141570 1577.5
1141580 1584.6
1141590 1588.1
1141600 1588.1
1141610 1590.3
1141620 1593.0
1141630 1593.0
1141640 1596.1
1141650 1599.5
1141660 1603.4
1141670 1603.4
1141680 1608.4
1141690 1614.1
1141700 1614.1
1141710 1621.0
1141720 1628.1
1141730 1628.1
1141740 1635.9
1141750 1643.8
1141760 1643.8
1141770 1651.1
1141780 1658.8
1141790 1658.8
1141800 1666.4
1141810 1673.4
1141820 1673.4
1141830 1681.7
1141840 1696.4
1141850 1696.4
1141860 1708.6
1141870 1725.6
1141880 1725.6
1141890 1747.7
1141900 1761.5
1141910 1769.6
1141920 1769.6
1141930 1773.3
1141940 1768.6
1141950 1768.6
1141960 1760.7
1141970 1761.1
1141980 1761.1
1141990 1767.6
1142000 1776.0
1142010 1776.0
1142020 1783.8
1142030 1800.6
1142040 1800.6
1142050 1814.9
1142060 1821.7
1142070 1821.7
1142080 1828.5
1142090 1835.1
1142100 1835.1
1142110 1841.7
1142120 1849.1
1142130 1849.1
1142140 1856.9
1142150 1865.7
1142160 1865.7
1142170 1873.1
1142180 1879.9
1142190 1887.0
1142200 1887.0
1142210 1901.4
1142220 1911.1
1142230 1911.1
1142240 1919.7
1142250 1924.9
1142260 1924.9
1142270 1929.0
1142280 1933.0
1142290 1933.0
1142300 1936.8
1142310 1940.6
1142320 1940.6
1142330 1943.8
1142340 1946.4
1142350 1946.4
1142360 1949.0
1142370 1951.9
1142380 1951.9
1142390 1955.1
1142400 1958.1
1142410 1958.1
1142420 1961.0
1142430 1964.3
1142440 1968.1
1142450 1968.1
1142460 1972.6
1142470 1977.0
1142480 1977.0
1142490 1980.6
1142500 1984.0
1142510 1984.0
1142520 1987.9
1142530 1992.5
1142540 1992.5
1142550 1997.7
1142560 2003.0
1142570 2003.0
1142580 2009.4
1142590 2015.1
1142600 2015.1
1142610 2021.1
1142620 2027.3
1142630 2027.3
1142640 2035.6
1142650 2044.3
1142660 2044.3
1142670 2053.0
1142680 2060.2
1142690 2060.2
1142700 2066.8
1142710 2073.3
1142720 2080.3
1142730 2080.3
1142740 2087.0
1142750 2093.2
1142760 2093.2
1142770 2101.5
1142780 2116.9
1142790 2116.9
1142800 2135.7
1142810 2152.7
1142820 2152.7
1142830 2163.1
1142840 2171.8
1142850 2171.8
1142860 2178.4
1142870 2179.0
1142880 2179.0
1142890 2185.5
1142900 2192.2
1142910 2192.2
1142920 2205.4
1142930 2221.5
1142940 2221.5
1142950 2241.6
1142960 2249.1
1142970 2249.1
1142980 2257.3
1142990 2267.1
1143000 2275.8
1143010 2275.8
1143020 2285.4
1143030 2297.7
1143040 2297.7
1143050 2312.9
1143060 2324.6
1143070 2324.6
1143080 2339.7
1143090 2355.6
1143100 2355.6
1143110 2368.8
1143120 2385.5
1143130 2385.5
1143140 2403.7
1143150 2417.5
1143160 2417.5
1143170 2426.5
1143180 2435.4
1143190 2435.4
1143200 2443.5
1143210 2452.9
1143220 2452.9
1143230 2457.4
1143240 2456.9
1143250 2452.4
1143260 2452.4
1143270 2454.1
1143280 2464.1
1143290 2464.1
1143300 2473.6
1143310 2480.1
1143320 2480.1
1143330 2478.4
1143340 2482.7
1143350 2482.7
1143360 2489.1
1143370 2495.6
1143380 2495.6
1143390 2502.0
1143400 2508.5
1143410 2508.5
1143420 2515.3
1143430 2521.3
1143440 2521.3
1143450 2527.8
1143460 2533.9
1143470 2533.9
1143480 2540.2
1143490 2545.0
1143500 2545.0
1143510 2548.6
1143520 2550.2
1143530 2547.5
1143540 2547.5
1143550 2542.5
1143560 2539.2
1143570 2539.2
1143580 2535.1
1143590 2529.3
1143600 2529.3
1143610 2520.1
1143620 2508.4
1143630 2508.4
1143640 2493.3
1143650 2483.3
1143660 2483.3
1143670 2471.0
1143680 2455.0
1143690 2455.0
1143700 2444.6
1143710 2426.4
1143720 2426.4
1143730 2415.4
1143740 2409.8
1143750 2409.8
1143760 2401.9
1143770 2393.3
1143780 2386.4
1143790 2386.4
1143800 2379.8
1143810 2373.3
1143820 2373.3
1143830 2367.5
1143840 2362.1
1143850 2362.1
1143860 2357.0
1143870 2352.6
1143880 2352.6
1143890 2348.3
1143900 2344.8
1143910 2344.8
1143920 2341.1
1143930 2337.9
1143940 2337.9
1143950 2335.0
1143960 2331.8
1143970 2331.8
1143980 2329.4
1143990 2327.4
1144000 2327.4
1144010 2325.5
1144020 2321.0
1144030 2321.0
1144040 2315.1
1144050 2309.8
1144060 2304.4
1144070 2300.1
1144080 2295.1
1144090 2288.0
1144100 2288.0
1144110 2284.1
1144120 2281.4
1144130 2281.4
1144140 2277.6
1144150 2269.9
1144160 2269.9
1144170 2262.4
1144180 2256.5
1144190 2256.5
1144200 2252.3
1144210 2249.0
1144220 2249.0
1144230 2246.5
1144240 2244.6
1144250 2244.6
1144260 2243.8
1144270 2242.7
1144280 2242.7
1144290 2240.8
1144300 2238.9
1144310 2238.9
1144320 2237.2
1144330 2235.3
1144340 2232.5
1144350 2232.5
1144360 2229.2
1144370 2227.2
1144380 2227.2
1144390 2225.4
1144400 2221.6
1144410 2221.6
1144420 2217.8
1144430 2216.0
1144440 2216.0
1144450 2210.7
1144460 2206.7
1144470 2206.7
1144480 2202.7
1144490 2199.1
1144500 2199.1
1144510 2195.1
1144520 2191.1
1144530 2191.1
1144540 2187.6
1144550 2184.3
1144560 2184.3
1144570 2181.8
1144580 2179.3
1144590 2176.1
1144600 2176.1
1144610 2174.3
1144620 2174.1
1144630 2174.1
1144640 2172.1
1144650 2169.9
1144660 2169.9
1144670 2168.7
1144680 2167.6
1144690 2167.6
1144700 2167.8
1144710 2168.1
1144720 2168.1
1144730 2167.6
1144740 2168.1
1144750 2168.1
1144760 2171.3
1144770 2176.5
1144780 2176.5
1144790 2184.4
1144800 2191.7
1144810 2191.7
1144820 2191.4
1144830 2195.7
1144840 2195.7
1144850 2199.8
1144860 2204.5
1144870 2210.8
1144880 2210.8
1144890 2216.9
1144900 2217.8
1144910 2217.8
1144920 2220.7
1144930 2226.4
1144940 2226.4
1144950 2232.0
1144960 2237.0
1144970 2237.0
1144980 2241.1
1144990 2245.4
1145000 2245.4
1145010 2249.6
1145020 2252.5
1145030 2252.5
1145040 2254.6
1145050 2256.7
1145060 2256.7
1145070 2257.6
1145080 2256.3
1145090 2256.3
1145100 2253.6
1145110 2250.6
1145120 2250.6
1145130 2248.7
1145140 2246.9
1145150 2246.4
1145160 2246.4
1145170 2245.7
1145180 2244.1
1145190 2244.1
1145200 2240.4
1145210 2238.3
1145220 2238.3
1145230 2234.2
1145240 2231.0
1145250 2231.0
1145260 2230.3
1145270 2229.9
1145280 2229.9
1145290 2226.6
1145300 2222.5
1145310 2222.5
1145320 2220.4
1145330 2218.2
1145340 2218.2
1145350 2215.2
1145360 2211.5
1145370 2211.5
1145380 2210.4
1145390 2208.2
1145400 2204.7
1145410 2204.7
1145420 2201.5
1145430 2198.3
1145440 2198.3
1145450 2197.7
1145460 2196.6
1145470 2196.6
1145480 2193.5
1145490 2189.5
1145500 2189.5
1145510 2186.2
1145520 2177.1
1145530 2177.1
1145540 2167.9
1145550 2159.3
1145560 2159.3
1145570 2141.6
1145580 2127.2
1145590 2127.2
1145600 2116.4
1145610 2107.8
1145620 2107.8
1145630 2100.8
1145640 2097.7
1145650 2097.7
1145660 2091.6
1145670 2090.6
1145680 2097.0
1145690 2097.0
1145700 2089.7
1145710 2082.1
1145720 2082.1
1145730 2077.8
1145740 2074.0
1145750 2074.0
1145760 2069.1
1145770 2064.3
1145780 2064.3
1145790 2057.0
1145800 2048.1
1145810 2048.1
1145820 2042.8
1145830 2039.4
1145840 2039.4
1145850 2033.3
1145860 2024.5
1145870 2024.5
1145880 2019.6
1145890 2018.7
1145900 2018.7
1145910 2019.2
1145920 2019.6
1145930 2017.0
1145940 2017.0
1145950 2000.9
1145960 1997.9
1145970 1997.9
1145980 1996.7
1145990 1999.3
1146000 1999.3
1146010 2000.7
1146020 1997.7
1146030 1997.7
1146040 1984.1
1146050 1970.8
1146060 1970.8
1146070 1970.4
1146080 1965.8
1146090 1965.8
1146100 1954.8
1146110 1945.5
1146120 1945.5
1146130 1944.9
1146140 1948.0
1146150 1948.0
1146160 1952.8
1146170 1956.6
1146180 1956.6
1146190 1957.0
1146200 1957.3
1146210 1959.6
1146220 1959.6
1146230 1963.0
1146240 1964.2
1146250 1964.2
1146260 1965.3
1146270 1965.9
1146280 1965.9
1146290 1971.8
1146300 1974.8
1146310 1974.8
1146320 1979.1
1146330 1977.8
1146340 1977.8
1146350 1989.2
1146360 1992.0
1146370 1992.0
1146380 1990.1
1146390 1988.1
1146400 1988.1
1146410 1993.9
1146420 1996.8
1146430 1996.8
1146440 1997.5
1146450 1996.6
1146460 1996.6
1146470 1997.4
1146480 2001.9
1146490 2006.2
1146500 2006.2
1146510 2005.9
1146520 2006.2
1146530 2006.2
1146540 2007.2
1146550 2007.4
1146560 2007.4
1146570 2009.2
1146580 2008.8
1146590 2008.8
1146600 2007.2
1146610 2008.8
1146620 2008.8
1146630 2010.6
1146640 2010.8
1146650 2010.8
1146660 2009.3
1146670 2008.5
1146680 2008.5
1146690 2009.0
1146700 2003.0
1146710 2003.0
1146720 2004.4
1146730 2005.2
1146740 2007.8
1146750 2007.8
1146760 2010.2
1146770 2010.9
1146780 2010.9
1146790 2010.7
1146800 2008.8
1146810 2008.8
1146820 2005.5
1146830 2001.6
1146840 2001.6
1146850 1998.0
1146860 1994.4
1146870 1994.4
1146880 1991.0
1146890 1988.1
1146900 1988.1
1146910 1985.3
1146920 1982.2
1146930 1982.2
1146940 1979.6
1146950 1977.4
1146960 1977.4
1146970 1975.1
1146980 1972.5
1146990 1972.5
1147000 1968.2
1147010 1962.8
1147020 1957.9
1147030 1957.9
1147040 1952.0
1147050 1945.9
1147060 1945.9
1147070 1940.0
1147080 1932.0
1147090 1932.0
1147100 1926.3
1147110 1921.0
1147120 1921.0
1147130 1916.5
1147140 1907.1
1147150 1907.1
1147160 1895.8
1147170 1888.4
1147180 1888.4
1147190 1880.0
1147200 1873.4
1147210 1873.4
1147220 1867.3
1147230 1861.5
1147240 1861.5
1147250 1856.7
1147260 1851.3
1147270 1845.1
1147280 1845.1
1147290 1840.0
1147300 1836.0
1147310 1836.0
1147320 1830.4
1147330 1824.2
1147340 1824.2
1147350 1817.7
1147360 1810.7
1147370 1810.7
1147380 1806.6
1147390 1801.9
1147400 1801.9
1147410 1796.4
1147420 1787.0
1147430 1787.0
1147440 1774.6
1147450 1768.3
1147460 1764.4
1147470 1757.9
1147480 1753.1
1147490 1753.1
1147500 1748.8
1147510 1744.5
1147520 1744.5
1147530 1740.3
1147540 1735.8
1147550 1730.5
1147560 1730.5
1147570 1726.3
1147580 1723.9
1147590 1723.9
1147600 1721.0
1147610 1716.8
1147620 1716.8
1147630 1712.0
1147640 1707.7
1147650 1707.7
1147660 1705.3
1147670 1703.0
1147680 1703.0
1147690 1700.2
1147700 1695.3
1147710 1695.3
1147720 1690.2
1147730 1686.0
1147740 1686.0
1147750 1682.3
1147760 1679.4
1147770 1679.4
1147780 1675.0
1147790 1668.9
1147800 1668.9
1147810 1661.6
1147820 1654.8
1147830 1645.6
1147840 1645.6
1147850 1636.1
1147860 1629.7
1147870 1629.7
1147880 1632.0
1147890 1638.0
1147900 1638.0
1147910 1642.8
1147920 1647.0
1147930 1647.0
1147940 1649.5
1147950 1650.2
1147960 1650.2
1147970 1653.4
1147980 1656.5
1147990 1656.5
1148000 1659.2
1148010 1659.5
1148020 1659.5
1148030 1657.4
1148040 1657.5
1148050 1657.5
1148060 1655.5
1148070 1649.8
1148080 1640.5
1148090 1640.5
1148100 1636.1
1148110 1642.7
1148120 1642.7
1148130 1650.0
1148140 1657.3
1148150 1657.3
1148160 1662.9
1148170 1665.1
1148180 1665.1
1148190 1671.8
1148200 1680.9
1148210 1678.3
1148220 1684.4
1148230 1689.0
1148240 1689.0
1148250 1692.3
1148260 1694.6
1148270 1694.6
1148280 1696.6
1148290 1700.9
1148300 1700.9
1148310 1707.9
1148320 1715.1
1148330 1715.1
1148340 1722.4
1148350 1730.0
1148360 1736.8
1148370 1736.8
1148380 1741.5
1148390 1744.7
1148400 1744.7
1148410 1747.9
1148420 1751.0
1148430 1751.0
1148440 1753.6
1148450 1755.6
1148460 1755.6
1148470 1758.0
1148480 1760.2
1148490 1760.2
1148500 1762.9
1148510 1765.6
1148520 1765.6
1148530 1768.5
1148540 1771.5
1148550 1771.5
1148560 1774.3
1148570 1776.7
1148580 1776.7
1148590 1774.8
1148600 1776.4
1148610 1777.9
1148620 1777.9
1148630 1778.4
1148640 1777.1
1148650 1777.1
1148660 1776.4
1148670 1776.8
1148680 1776.8
1148690 1777.8
1148700 1779.2
1148710 1779.2
1148720 1781.3
1148730 1782.8
1148740 1782.8
1148750 1781.8
1148760 1779.2
1148770 1779.2
1148780 1777.2
1148790 1778.0
1148800 1778.0
1148810 1780.1
1148820 1780.3
1148830 1780.3
1148840 1780.8
1148850 1781.6
1148860 1781.6
1148870 1782.5
1148880 1784.1
1148890 1784.8
1148900 1784.8
1148910 1783.5
1148920 1782.3
1148930 1782.3
1148940 1785.8
1148950 1787.1
1148960 1787.1
1148970 1781.8
1148980 1783.2
1148990 1783.2
1149000 1786.1
1149010 1789.5
1149020 1789.5
1149030 1793.4
1149040 1796.9
1149050 1796.9
1149060 1797.9
1149070 1798.5
1149080 1798.5
1149090 1797.7
1149100 1796.2
1149110 1796.2
1149120 1795.2
1149130 1792.9
1149140 1792.9
1149150 1789.5
1149160 1785.4
1149170 1781.1
1149180 1781.1
1149190 1776.7
1149200 1774.0
1149210 1774.0
1149220 1771.8
1149230 1768.1
1149240 1768.1
1149250 1763.7
1149260 1759.5
1149270 1759.5
1149280 1755.0
1149290 1750.4
1149300 1750.4
1149310 1745.0
1149320 1736.6
1149330 1736.6
1149340 1730.7
1149350 1718.0
1149360 1718.0
1149370 1715.3
1149380 1712.0
1149390 1712.0
1149400 1707.6
1149410 1704.2
1149420 1700.6
1149430 1700.6
1149440 1695.4
1149450 1687.0
1149460 1687.0
1149470 1677.4
1149480 1669.3
1149490 1669.3
1149500 1660.1
1149510 1653.6
1149520 1653.6
1149530 1659.1
1149540 1667.0
1149550 1667.0
1149560 1667.8
1149570 1666.8
1149580 1666.8
1149590 1663.8
1149600 1658.9
1149610 1658.9
1149620 1653.7
1149630 1649.9
1149640 1649.9
1149650 1645.8
1149660 1634.9
1149670 1634.9
1149680 1628.3
1149690 1625.7
1149700 1625.9
1149710 1625.9
1149720 1621.0
1149730 1605.9
1149740 1605.9
1149750 1603.5
1149760 1599.1
1149770 1599.1
1149780 1591.2
1149790 1582.3
1149800 1582.3
1149810 1578.8
1149820 1577.0
1149830 1577.0
1149840 1574.6
1149850 1570.9
1149860 1570.9
1149870 1567.7
1149880 1563.7
1149890 1563.7
1149900 1561.0
1149910 1559.4
1149920 1559.4
1149930 1556.2
1149940 1552.3
1149950 1552.3
1149960 1548.3
1149970 1542.1
1149980 1536.5
1149990 1536.5
1150000 1531.3
1150010 1524.9
1150020 1524.9
1150030 1518.2
1150040 1511.4
1150050 1511.4
1150060 1503.9
1150070 1499.1
1150080 1499.1
1150090 1496.1
1150100 1493.8
1150110 1485.2
1150120 1484.9
1150130 1486.3
1150140 1486.3
1150150 1483.3
1150160 1479.4
1150170 1479.4
1150180 1475.7
1150190 1471.5
1150200 1471.5
1150210 1467.6
1150220 1463.4
1150230 1459.5
1150240 1459.5
1150250 1455.5
1150260 1450.9
1150270 1450.9
1150280 1447.5
1150290 1444.6
1150300 1444.6
1150310 1442.1
1150320 1440.1
1150330 1440.1
1150340 1438.9
1150350 1438.8
1150360 1438.8
1150370 1438.6
1150380 1437.4
1150390 1437.4
1150400 1435.3
1150410 1432.2
1150420 1432.2
1150430 1427.8
1150440 1420.8
1150450 1420.8
1150460 1412.7
1150470 1404.1
1150480 1404.1
1150490 1392.9
1150500 1384.6
1150510 1377.2
1150520 1377.2
1150530 1369.8
1150540 1361.9
1150550 1361.9
1150560 1353.3
1150570 1344.4
1150580 1344.4
1150590 1336.6
1150600 1329.1
1150610 1329.1
1150620 1322.2
1150630 1315.5
1150640 1315.5
1150650 1308.9
1150660 1303.1
1150670 1303.1
1150680 1298.0
1150690 1293.5
1150700 1293.5
1150710 1289.3
1150720 1285.5
1150730 1285.5
1150740 1281.4
1150750 1277.4
1150760 1273.6
1150770 1273.6
1150780 1268.1
1150790 1262.5
1150800 1262.5
1150810 1257.0
1150820 1251.0
1150830 1251.0
1150840 1245.5
1150850 1239.6
1150860 1239.6
1150870 1218.8
1150880 1208.9
1150890 1208.9
1150900 1198.7
1150910 1187.4
1150920 1187.4
1150930 1174.4
1150940 1159.0
1150950 1159.0
1150960 1144.3
1150970 1129.9
1150980 1129.9
1150990 1125.2
1151000 1128.1
1151010 1128.1
1151020 1130.4
1151030 1132.5
1151040 1135.9
1151050 1135.9
1151060 1140.8
1151070 1146.1
1151080 1146.1
1151090 1151.2
1151100 1157.9
1151110 1157.9
1151120 1178.7
1151130 1195.9
1151140 1195.9
1151150 1206.6
1151160 1211.2
1151170 1211.2
1151180 1210.7
1151190 1209.7
1151200 1209.7
1151210 1207.7
1151220 1206.9
1151230 1206.9
1151240 1208.8
1151250 1201.3
1151260 1201.3
1151270 1203.6
1151280 1204.1
1151290 1204.1
1151300 1206.3
1151310 1211.7
1151320 1215.4
1151330 1215.4
1151340 1218.0
1151350 1218.6
1151360 1218.6
1151370 1220.0
1151380 1222.1
1151390 1222.1
1151400 1223.8
1151410 1226.8
1151420 1226.8
1151430 1229.7
1151440 1232.2
1151450 1232.2
1151460 1234.2
1151470 1235.2
1151480 1235.2
1151490 1235.4
1151500 1235.5
1151510 1235.5
1151520 1235.8
1151530 1236.1
1151540 1236.1
1151550 1236.9
1151560 1238.0
1151570 1238.7
1151580 1238.7
1151590 1239.2
1151600 1239.4
1151610 1239.4
1151620 1238.9
1151630 1238.1
1151640 1237.7
1151650 1236.2
1151660 1234.8
1151670 1234.8
1151680 1233.5
1151690 1232.2
1151700 1232.2
1151710 1230.5
1151720 1228.6
1151730 1228.6
1151740 1226.7
1151750 1225.0
1151760 1225.0
1151770 1224.2
1151780 1224.6
1151790 1224.6
1151800 1224.8
1151810 1224.1
1151820 1224.1
1151830 1222.1
1151840 1220.2
1151850 1218.6
1151860 1218.6
1151870 1216.4
1151880 1214.3
1151890 1214.3
1151900 1214.4
1151910 1214.4
1151920 1214.4
1151930 1214.1
1151940 1213.4
1151950 1213.4
1151960 1213.0
1151970 1213.1
1151980 1213.1
1151990 1213.0
1152000 1212.5
1152010 1212.5
1152020 1211.1
1152030 1209.8
1152040 1209.8
1152050 1208.2
1152060 1206.2
1152070 1206.2
1152080 1204.9
1152090 1204.4
1152100 1203.0
1152110 1203.0
1152120 1201.9
1152130 1199.9
1152140 1199.9
1152150 1197.4
1152160 1194.6
1152170 1194.6
1152180 1190.9
1152190 1185.5
1152200 1185.5
1152210 1179.5
1152220 1174.2
1152230 1174.2
1152240 1169.9
1152250 1166.4
1152260 1166.4
1152270 1163.6
1152280 1160.0
1152290 1160.0
1152300 1156.3
1152310 1153.3
1152320 1153.3
1152330 1150.2
1152340 1146.9
1152350 1146.9
1152360 1143.9
1152370 1140.7
1152380 1139.3
1152390 1139.3
1152400 1134.4
1152410 1133.6
1152420 1133.6
1152430 1131.5
1152440 1128.8
1152450 1128.8
1152460 1124.4
1152470 1115.9
1152480 1115.9
1152490 1109.3
1152500 1110.6
1152510 1110.6
1152520 1111.2
1152530 1105.8
1152540 1105.8
1152550 1106.0
1152560 1112.1
1152570 1112.1
1152580 1114.1
1152590 1113.2
1152600 1113.2
1152610 1112.9
1152620 1110.1
1152630 1110.1
1152640 1108.0
1152650 1107.7
1152660 1107.8
1152670 1107.8
1152680 1105.0
1152690 1104.3
1152700 1104.3
1152710 1106.1
1152720 1106.8
1152730 1106.8
1152740 1106.9
1152750 1107.6
1152760 1107.6
1152770 1108.0
1152780 1106.7
1152790 1106.7
1152800 1108.3
1152810 1110.3
1152820 1110.3
1152830 1112.4
1152840 1114.2
1152850 1114.2
1152860 1115.9
1152870 1117.4
1152880 1117.4
1152890 1118.8
1152900 1120.5
1152910 1122.0
1152920 1122.0
1152930 1122.6
1152940 1122.4
1152950 1122.4
1152960 1122.8
1152970 1125.3
1152980 1125.3
1152990 1127.7
1153000 1131.5
1153010 1131.5
1153020 1133.8
1153030 1136.6
1153040 1136.6
1153050 1141.7
1153060 1146.6
1153070 1146.6
1153080 1150.5
1153090 1154.8
1153100 1154.8
1153110 1159.3
1153120 1162.1
1153130 1162.1
1153140 1163.5
1153150 1164.4
1153160 1164.4
1153170 1159.3
1153180 1160.1
1153190 1160.9
1153200 1160.9
1153210 1161.8
1153220 1163.1
1153230 1163.1
1153240 1163.9
1153250 1165.0
1153260 1165.0
1153270 1167.2
1153280 1170.5
1153290 1170.5
1153300 1173.7
1153310 1175.8
1153320 1175.8
1153330 1176.1
1153340 1174.8
1153350 1174.8
1153360 1175.6
1153370 1176.9
1153380 1176.9
1153390 1178.6
1153400 1180.1
1153410 1180.1
1153420 1181.5
1153430 1183.4
1153440 1185.6
1153450 1185.6
1153460 1186.5
1153470 1188.5
1153480 1188.5
1153490 1191.8
1153500 1194.7
1153510 1194.7
1153520 1197.2
1153530 1200.0
1153540 1200.0
1153550 1195.1
1153560 1198.0
1153570 1198.0
1153580 1200.9
1153590 1204.4
1153600 1204.4
1153610 1208.5
1153620 1212.6
1153630 1212.6
1153640 1215.0
1153650 1217.9
1153660 1217.9
1153670 1221.8
1153680 1226.4
1153690 1226.4
1153700 1231.0
1153710 1235.0
1153720 1239.0
1153730 1239.0
1153740 1242.2
1153750 1243.1
1153760 1243.1
1153770 1244.3
1153780 1244.2
1153790 1244.2
1153800 1245.3
1153810 1248.0
1153820 1248.0
1153830 1254.7
1153840 1259.2
1153850 1259.2
1153860 1262.5
1153870 1267.0
1153880 1267.0
1153890 1271.9
1153900 1276.8
1153910 1276.8
1153920 1282.1
1153930 1287.3
1153940 1283.3
1153950 1288.1
1153960 1292.6
1153970 1292.6
1153980 1297.2
1153990 1301.4
1154000 1305.4
1154010 1305.4
1154020 1308.0
1154030 1310.2
1154040 1310.2
1154050 1312.6
1154060 1313.8
1154070 1313.8
1154080 1319.4
1154090 1327.2
1154100 1327.2
1154110 1335.0
1154120 1343.6
1154130 1343.6
1154140 1357.2
1154150 1368.4
1154160 1368.4
1154170 1375.6
1154180 1381.9
1154190 1381.9
1154200 1386.7
1154210 1390.3
1154220 1390.3
1154230 1393.6
1154240 1396.9
1154250 1398.0
1154260 1398.0
1154270 1399.3
1154280 1402.5
1154290 1402.5
1154300 1405.5
1154310 1408.0
1154320 1401.2
1154330 1404.0
1154340 1408.4
1154350 1408.4
1154360 1411.2
1154370 1413.1
1154380 1413.1
1154390 1415.4
1154400 1418.4
1154410 1418.4
1154420 1420.5
1154430 1422.0
1154440 1422.0
1154450 1422.4
1154460 1419.0
1154470 1419.0
1154480 1414.5
1154490 1413.2
1154500 1413.2
1154510 1413.2
1154520 1412.9
1154530 1412.0
1154540 1412.0
1154550 1414.8
1154560 1420.2
1154570 1420.2
1154580 1420.6
1154590 1418.6
1154600 1418.6
1154610 1416.6
1154620 1414.3
1154630 1414.3
1154640 1411.3
1154650 1407.5
1154660 1407.5
1154670 1404.1
1154680 1401.8
1154690 1401.8
1154700 1396.7
1154710 1383.6
1154720 1383.6
1154730 1377.7
1154740 1370.7
1154750 1370.7
1154760 1365.6
1154770 1359.6
1154780 1355.6
1154790 1355.6
1154800 1350.9
1154810 1346.8
1154820 1346.8
1154830 1343.1
1154840 1338.8
1154850 1338.8
1154860 1333.3
1154870 1327.2
1154880 1327.2
1154890 1322.0
1154900 1317.8
1154910 1317.8
1154920 1316.0
1154930 1315.2
1154940 1315.2
1154950 1312.8
1154960 1310.1
1154970 1310.1
1154980 1306.5
1154990 1302.3
1155000 1302.3
1155010 1297.4
1155020 1291.1
1155030 1291.1
1155040 1284.5
1155050 1280.8
1155060 1277.7
1155070 1277.7
1155080 1271.6
1155090 1254.7
1155100 1254.7
1155110 1248.1
1155120 1246.1
1155130 1246.1
1155140 1245.0
1155150 1243.4
1155160 1243.4
1155170 1245.4
1155180 1248.6
1155190 1248.6
1155200 1249.0
1155210 1245.7
1155220 1245.7
1155230 1241.5
1155240 1238.1
1155250 1238.1
1155260 1234.7
1155270 1230.8
1155280 1230.8
1155290 1226.8
1155300 1223.1
1155310 1223.1
1155320 1219.6
1155330 1216.2
1155340 1212.2
1155350 1212.2
1155360 1206.9
1155370 1200.1
1155380 1200.1
1155390 1193.3
1155400 1187.9
1155410 1187.9
1155420 1182.6
1155430 1177.0
1155440 1177.0
1155450 1171.2
1155460 1165.8
1155470 1165.8
1155480 1152.9
1155490 1149.7
1155500 1149.7
1155510 1145.9
1155520 1141.9
1155530 1141.9
1155540 1139.2
1155550 1137.6
1155560 1137.6
1155570 1133.8
1155580 1130.2
1155590 1127.2
1155600 1127.2
1155610 1121.9
1155620 1116.3
1155630 1116.3
1155640 1111.4
1155650 1104.4
1155660 1104.4
1155670 1097.4
1155680 1091.8
1155690 1091.8
1155700 1087.2
1155710 1080.7
1155720 1080.7
1155730 1072.5
1155740 1066.7
1155750 1066.7
1155760 1063.7
1155770 1062.8
1155780 1062.8
1155790 1062.7
1155800 1062.6
1155810 1062.6
1155820 1062.5
1155830 1062.6
1155840 1062.6
1155850 1063.2
1155860 1064.2
1155870 1065.4
1155880 1065.4
1155890 1065.3
1155900 1065.2
1155910 1065.2
1155920 1065.0
1155930 1064.9
1155940 1064.9
1155950 1064.9
1155960 1064.8
1155970 1064.8
1155980 1064.7
1155990 1064.7
1156000 1064.7
1156010 1064.6
1156020 1064.5
1156030 1064.5
1156040 1064.6
1156050 1064.7
1156060 1064.7
1156070 1064.8
1156080 1064.9
1156090 1064.9
1156100 1064.9
1156110 1064.9
1156120 1064.8
1156130 1064.8
1156140 1064.8
1156150 1064.7
1156160 1064.7
1156170 1064.7
1156180 1064.7
1156190 1064.7
1156200 1064.6
1156210 1064.6
1156220 1064.6
1156230 1064.3
1156240 1064.0
1156250 1064.0
1156260 1064.2
1156270 1064.0
1156280 1064.0
1156290 1063.8
1156300 1063.6
1156310 1063.6
1156320 1063.4
1156330 1063.4
1156340 1063.4
1156350 1063.4
1156360 1063.3
1156370 1063.3
1156380 1063.3
1156390 1063.4
1156400 1063.4
1156410 1063.4
1156420 1063.3
1156430 1063.2
1156440 1063.2
1156450 1063.1
1156460 1063.0
1156470 1063.0
1156480 1063.0
1156490 1062.9
1156500 1062.9
1156510 1063.0
1156520 1063.1
1156530 1063.1
1156540 1062.9
1156550 1062.8
1156560 1062.8
1156570 1062.7
1156580 1062.5
1156590 1062.5
1156600 1062.5
1156610 1062.4
1156620 1062.4
1156630 1062.3
1156640 1062.3
1156650 1062.3
1156660 1062.2
1156670 1062.1
1156680 1062.0
1156690 1062.0
1156700 1061.9
1156710 1061.9
1156720 1061.9
1156730 1062.0
1156740 1062.0
1156750 1062.0
1156760 1062.0
1156770 1061.9
1156780 1061.9
1156790 1061.8
1156800 1061.6
1156810 1061.6
1156820 1061.6
1156830 1061.6
1156840 1061.6
1156850 1061.6
1156860 1061.6
1156870 1061.6
1156880 1061.5
1156890 1061.4
1156900 1061.4
1156910 1061.3
1156920 1061.2
1156930 1061.2
1156940 1061.2
1156950 1061.1
1156960 1060.9
1156970 1060.9
1156980 1060.9
1156990 1060.8
1157000 1060.8
1157010 1060.8
1157020 1060.8
1157030 1060.8
1157040 1060.7
1157050 1060.7
1157060 1060.7
1157070 1060.7
1157080 1060.6
1157090 1060.6
1157100 1060.5
1157110 1060.5
1157120 1060.5
1157130 1060.4
1157140 1060.3
1157150 1060.3
1157160 1060.3
1157170 1060.2
1157180 1060.2
1157190 1060.2
1157200 1060.2
1157210 1060.1
1157220 1060.1
1157230 1060.1
1157240 1060.0
1157250 1060.0
1157260 1059.9
1157270 1059.8
1157280 1059.8
1157290 1059.8
1157300 1059.8
1157310 1059.8
1157320 1059.7
1157330 1059.7
1157340 1059.7
1157350 1059.6
1157360 1059.5
1157370 1059.5
1157380 1059.4
1157390 1059.3
1157400 1059.3
1157410 1059.2
1157420 1059.0
1157430 1059.0
1157440 1058.9
1157450 1058.8
1157460 1058.7
1157470 1058.7
1157480 1058.8
1157490 1058.9
1157500 1058.9
1157510 1058.8
1157520 1058.9
1157530 1058.9
1157540 1058.9
1157550 1059.0
1157560 1059.0
1157570 1059.0
1157580 1059.0
1157590 1059.0
1157600 1059.0
1157610 1058.9
1157620 1058.9
1157630 1058.9
1157640 1058.9
1157650 1058.9
1157660 1059.1
1157670 1060.7
1157680 1060.7
1157690 1061.8
1157700 1061.9
1157710 1061.9
1157720 1061.8
1157730 1062.3
1157740 1063.6
1157750 1063.6
1157760 1064.5
1157770 1065.0
1157780 1065.0
1157790 1065.1
1157800 1065.2
1157810 1065.5
1157820 1065.7
1157830 1065.8
1157840 1065.8
1157850 1066.2
1157860 1066.7
1157870 1066.7
1157880 1066.9
1157890 1066.9
1157900 1066.9
1157910 1067.2
1157920 1067.7
1157930 1067.7
1157940 1068.1
1157950 1068.5
1157960 1068.5
1157970 1069.3
1157980 1069.5
1157990 1069.5
1158000 1069.3
1158010 1068.8
1158020 1068.5
1158030 1068.5
1158040 1068.3
1158050 1068.3
1158060 1068.3
1158070 1068.6
1158080 1069.4
1158090 1069.4
1158100 1070.3
1158110 1070.8
1158120 1070.8
1158130 1071.4
1158140 1071.8
1158150 1071.8
1158160 1071.4
1158170 1070.8
1158180 1070.8
1158190 1070.6
1158200 1070.2
1158210 1070.2
1158220 1068.2
1158230 1067.0
1158240 1067.0
1158250 1067.1
1158260 1067.1
1158270 1066.4
1158280 1066.4
1158290 1063.9
1158300 1063.5
1158310 1063.5
1158320 1065.8
1158330 1065.7
1158340 1065.7
1158350 1065.8
1158360 1066.1
1158370 1066.1
1158380 1067.3
1158390 1067.9
1158400 1067.9
1158410 1068.3
1158420 1068.6
1158430 1068.6
1158440 1068.5
1158450 1069.0
1158460 1069.0
1158470 1069.8
1158480 1069.6
1158490 1069.6
1158500 1069.5
1158510 1069.7
1158520 1069.7
1158530 1069.9
1158540 1069.9
1158550 1070.7
1158560 1070.7
1158570 1071.7
1158580 1071.6
1158590 1072.0
1158600 1071.5
1158610 1071.2
1158620 1071.2
1158630 1071.2
1158640 1070.9
1158650 1070.9
1158660 1070.8
1158670 1071.1
1158680 1071.1
1158690 1071.2
1158700 1071.1
1158710 1071.1
1158720 1071.1
1158730 1071.3
1158740 1071.3
1158750 1071.2
1158760 1071.1
1158770 1071.1
1158780 1071.1
1158790 1071.4
1158800 1072.7
1158810 1072.7
1158820 1074.6
1158830 1076.6
1158840 1076.6
1158850 1079.4
1158860 1082.9
1158870 1082.9
1158880 1086.5
1158890 1090.7
1158900 1090.7
1158910 1096.9
1158920 1104.3
1158930 1104.3
1158940 1111.8
1158950 1119.6
1158960 1119.6
1158970 1126.9
1158980 1134.4
1158990 1134.4
1159000 1141.2
1159010 1146.9
1159020 1146.9
1159030 1150.6
1159040 1154.7
1159050 1154.7
1159060 1159.4
1159070 1164.2
1159080 1169.5
1159090 1169.5
1159100 1173.7
1159110 1176.3
1159120 1176.3
1159130 1178.4
1159140 1179.4
1159150 1179.4
1159160 1181.4
1159170 1184.6
1159180 1184.6
1159190 1189.7
1159200 1191.7
1159210 1191.7
1159220 1184.4
1159230 1184.1
1159240 1184.1
1159250 1188.2
1159260 1192.5
1159270 1192.5
1159280 1198.0
1159290 1204.1
1159300 1204.1
1159310 1209.7
1159320 1215.8
1159330 1215.8
1159340 1219.9
1159350 1223.4
1159360 1226.6
1159370 1227.6
1159380 1229.4
1159390 1231.8
1159400 1231.8
1159410 1234.3
1159420 1236.4
1159430 1236.4
1159440 1238.5
1159450 1240.1
1159460 1240.1
1159470 1241.8
1159480 1242.8
1159490 1242.8
1159500 1243.7
1159510 1244.7
1159520 1244.7
1159530 1246.7
1159540 1250.5
1159550 1250.5
1159560 1253.7
1159570 1255.7
1159580 1255.7
1159590 1259.3
1159600 1264.2
1159610 1265.7
1159620 1265.7
1159630 1268.3
1159640 1272.1
1159650 1272.1
1159660 1277.5
1159670 1281.1
1159680 1281.1
1159690 1281.8
1159700 1282.6
1159710 1282.6
1159720 1285.8
1159730 1290.8
1159740 1290.8
1159750 1297.3
1159760 1316.0
1159770 1316.0
1159780 1322.3
1159790 1323.6
1159800 1323.6
1159810 1326.8
1159820 1332.2
1159830 1332.2
1159840 1338.4
1159850 1345.5
1159860 1345.5
1159870 1355.3
1159880 1366.1
1159890 1376.1
1159900 1376.1
1159910 1384.3
1159920 1391.7
1159930 1391.7
1159940 1398.9
1159950 1405.0
1159960 1405.0
1159970 1410.1
1159980 1415.9
1159990 1415.9
