1140000 2054.5
1140010 2042.9
1140020 2042.9
1140030 2038.6
1140040 2032.3
1140050 2032.3
1140060 2018.0
1140070 2010.2
1140080 2010.2
1140090 2003.8
1140100 1998.4
1140110 1998.4
1140120 1994.0
1140130 1990.9
1140140 1986.5
1140150 1986.5
1140160 1982.6
1140170 1978.2
1140180 1978.2
1140190 1974.3
1140200 1971.1
1140210 1971.1
1140220 1960.4
1140230 1948.5
1140240 1948.5
1140250 1944.1
1140260 1938.6
1140270 1938.6
1140280 1938.9
1140290 1941.6
1140300 1941.6
1140310 1950.3
1140320 1962.3
1140330 1962.3
1140340 1969.3
1140350 1972.1
1140360 1972.1
1140370 1971.9
1140380 1971.6
1140390 1971.6
1140400 1973.5
1140410 1976.3
1140420 1978.4
1140430 1978.4
1140440 1978.9
1140450 1981.4
1140460 1981.4
1140470 1983.5
1140480 1985.1
1140490 1985.1
1140500 1988.5
1140510 1988.3
1140520 1988.3
1140530 1987.9
1140540 1988.3
1140550 1988.3
1140560 1991.7
1140570 1990.8
1140580 1990.8
1140590 1985.5
1140600 1982.1
1140610 1982.1
1140620 1983.3
1140630 1978.5
1140640 1978.5
1140650 1983.8
1140660 1984.8
1140670 1984.8
1140680 1984.6
1140690 1986.3
1140700 1984.8
1140710 1984.8
1140720 1981.5
1140730 1978.5
1140740 1978.5
1140750 1971.7
1140760 1971.9
1140770 1971.9
1140780 1966.3
1140790 1960.7
1140800 1960.7
1140810 1956.8
1140820 1952.1
1140830 1952.1
1140840 1937.9
1140850 1927.9
1140860 1927.9
1140870 1914.6
1140880 1889.8
1140890 1889.8
1140900 1874.3
1140910 1866.3
1140920 1866.3
1140930 1859.6
1140940 1848.4
1140950 1840.1
1140960 1840.1
1140970 1842.9
1140980 1842.9
1140990 1842.9
1141000 1829.4
1141010 1825.5
1141020 1825.5
1141030 1824.8
1141040 1821.4
1141050 1821.4
1141060 1815.9
1141070 1806.2
1141080 1806.2
1141090 1797.9
1141100 1789.0
1141110 1789.0
1141120 1793.8
1141130 1796.5
1141140 1796.5
1141150 1787.4
1141160 1778.2
1141170 1778.2
1141180 1783.9
1141190 1785.2
1141200 1785.2
1141210 1779.9
1141220 1774.0
1141230 1767.7
1141240 1767.7
1141250 1759.8
1141260 1751.7
1141270 1751.7
1141280 1742.9
1141290 1734.5
1141300 1734.5
1141310 1726.5
1141320 1712.9
1141330 1712.9
1141340 1700.6
1141350 1685.7
1141360 1685.7
1141370 1660.4
1141380 1649.4
1141390 1649.4
1141400 1641.2
1141410 1633.4
1141420 1633.4
1141430 1625.6
1141440 1618.8
1141450 1618.8
1141460 1612.8
1141470 1607.3
1141480 1601.5
1141490 1601.5
1141500 1595.7
1141510 1589.6
1141520 1589.6
1141530 1582.3
1141540 1580.2
1141550 1580.2
1141560 1583.3
1141570 1588.9
1141580 1588.9
1141590 1593.7
1141600 1597.9
1141610 1597.9
1141620 1601.1
1141630 1604.2
1141640 1604.2
1141650 1607.5
1141660 1611.1
1141670 1611.1
1141680 1614.4
1141690 1617.6
1141700 1617.6
1141710 1621.0
1141720 1624.9
1141730 1624.9
1141740 1628.5
1141750 1634.4
1141760 1640.8
1141770 1640.8
1141780 1648.4
1141790 1656.2
1141800 1656.2
1141810 1663.6
1141820 1672.3
1141830 1672.3
1141840 1689.7
1141850 1699.9
1141860 1699.9
1141870 1698.9
1141880 1699.5
1141890 1699.5
1141900 1704.1
1141910 1709.2
1141920 1709.2
1141930 1716.4
1141940 1724.8
1141950 1724.8
1141960 1735.1
1141970 1743.3
1141980 1743.3
1141990 1749.5
1142000 1759.6
1142010 1759.6
1142020 1769.7
1142030 1778.7
1142040 1785.8
1142050 1785.8
1142060 1797.0
1142070 1803.8
1142080 1803.8
1142090 1808.4
1142100 1815.6
1142110 1825.1
1142120 1837.4
1142130 1846.7
1142140 1846.7
1142150 1855.0
1142160 1863.0
1142170 1863.0
1142180 1870.1
1142190 1877.1
1142200 1877.1
1142210 1884.7
1142220 1891.8
1142230 1891.8
1142240 1898.6
1142250 1904.9
1142260 1904.9
1142270 1911.6
1142280 1917.4
1142290 1922.1
1142300 1922.1
1142310 1926.5
1142320 1930.4
1142330 1930.4
1142340 1934.4
1142350 1938.5
1142360 1938.5
1142370 1941.5
1142380 1942.9
1142390 1942.9
1142400 1941.7
1142410 1941.7
1142420 1941.7
1142430 1946.1
1142440 1953.3
1142450 1953.3
1142460 1959.5
1142470 1965.0
1142480 1965.0
1142490 1965.0
1142500 1969.9
1142510 1969.9
1142520 1974.2
1142530 1978.6
1142540 1978.6
1142550 1982.5
1142560 1986.5
1142570 1992.5
1142580 1992.5
1142590 1999.7
1142600 2007.8
1142610 2007.8
1142620 2016.2
1142630 2024.7
1142640 2024.7
1142650 2033.0
1142660 2041.1
1142670 2041.1
1142680 2048.2
1142690 2052.6
1142700 2052.6
1142710 2056.3
1142720 2060.7
1142730 2060.7
1142740 2065.8
1142750 2071.9
1142760 2071.9
1142770 2081.4
1142780 2089.3
1142790 2089.3
1142800 2099.4
1142810 2108.9
1142820 2108.9
1142830 2115.7
1142840 2121.1
1142850 2129.4
1142860 2128.3
1142870 2141.3
1142880 2161.5
1142890 2161.5
1142900 2175.3
1142910 2184.4
1142920 2184.4
1142930 2191.6
1142940 2199.5
1142950 2199.5
1142960 2217.3
1142970 2230.2
1142980 2230.2
1142990 2239.3
1143000 2239.0
1143010 2239.0
1143020 2253.8
1143030 2270.1
1143040 2270.1
1143050 2282.1
1143060 2293.4
1143070 2293.4
1143080 2302.4
1143090 2310.3
1143100 2322.0
1143110 2322.0
1143120 2342.5
1143130 2371.8
1143140 2371.8
1143150 2388.2
1143160 2398.4
1143170 2398.4
1143180 2404.3
1143190 2409.7
1143200 2409.7
1143210 2417.2
1143220 2430.2
1143230 2441.8
1143240 2460.7
1143250 2469.8
1143260 2469.8
1143270 2476.0
1143280 2482.8
1143290 2482.8
1143300 2489.0
1143310 2495.5
1143320 2495.5
1143330 2504.1
1143340 2509.5
1143350 2509.5
1143360 2514.7
1143370 2520.9
1143380 2522.9
1143390 2522.9
1143400 2522.2
1143410 2518.4
1143420 2518.4
1143430 2511.6
1143440 2507.9
1143450 2507.9
1143460 2511.9
1143470 2514.4
1143480 2514.4
1143490 2515.2
1143500 2512.7
1143510 2512.7
1143520 2506.2
1143530 2497.5
1143540 2497.5
1143550 2495.3
1143560 2493.2
1143570 2493.2
1143580 2485.5
1143590 2477.0
1143600 2486.7
1143610 2482.0
1143620 2472.9
1143630 2462.9
1143640 2462.9
1143650 2453.8
1143660 2446.8
1143670 2446.8
1143680 2440.2
1143690 2433.7
1143700 2433.7
1143710 2427.9
1143720 2422.8
1143730 2422.8
1143740 2418.0
1143750 2413.5
1143760 2413.5
1143770 2410.1
1143780 2405.0
1143790 2405.0
1143800 2397.7
1143810 2392.4
1143820 2392.4
1143830 2387.4
1143840 2382.6
1143850 2382.6
1143860 2379.0
1143870 2376.6
1143880 2376.6
1143890 2374.1
1143900 2372.4
1143910 2370.7
1143920 2370.7
1143930 2368.6
1143940 2367.2
1143950 2367.2
1143960 2367.3
1143970 2368.7
1143980 2361.1
1143990 2356.6
1144000 2346.8
1144010 2346.8
1144020 2339.2
1144030 2334.0
1144040 2334.0
1144050 2328.4
1144060 2318.4
1144070 2318.4
1144080 2311.4
1144090 2307.2
1144100 2307.2
1144110 2301.3
1144120 2292.9
1144130 2292.9
1144140 2285.9
1144150 2278.4
1144160 2278.4
1144170 2271.7
1144180 2266.3
1144190 2261.7
1144200 2261.7
1144210 2258.1
1144220 2255.3
1144230 2255.3
1144240 2254.2
1144250 2252.7
1144260 2252.7
1144270 2250.8
1144280 2246.4
1144290 2246.4
1144300 2240.4
1144310 2235.2
1144320 2235.2
1144330 2231.6
1144340 2229.5
1144350 2228.9
1144360 2226.8
1144370 2225.4
1144380 2225.4
1144390 2224.8
1144400 2223.5
1144410 2223.5
1144420 2220.1
1144430 2215.0
1144440 2211.0
1144450 2211.0
1144460 2208.5
1144470 2207.2
1144480 2207.2
1144490 2206.4
1144500 2206.3
1144510 2206.3
1144520 2205.7
1144530 2204.0
1144540 2204.0
1144550 2200.5
1144560 2198.9
1144570 2198.9
1144580 2198.9
1144590 2198.6
1144600 2198.6
1144610 2198.2
1144620 2199.2
1144630 2199.2
1144640 2197.8
1144650 2196.1
1144660 2196.1
1144670 2194.7
1144680 2194.8
1144690 2194.8
1144700 2194.6
1144710 2193.6
1144720 2193.5
1144730 2188.2
1144740 2190.5
1144750 2194.9
1144760 2194.9
1144770 2201.8
1144780 2207.9
1144790 2207.9
1144800 2212.1
1144810 2215.4
1144820 2215.4
1144830 2217.9
1144840 2222.2
1144850 2222.2
1144860 2229.6
1144870 2236.7
1144880 2236.7
1144890 2242.5
1144900 2246.0
1144910 2246.0
1144920 2247.3
1144930 2248.0
1144940 2248.0
1144950 2248.7
1144960 2249.7
1144970 2249.7
1144980 2250.2
1144990 2251.2
1145000 2255.1
1145010 2255.1
1145020 2258.6
1145030 2260.5
1145040 2260.5
1145050 2261.5
1145060 2262.5
1145070 2262.5
1145080 2264.8
1145090 2267.4
1145100 2264.3
1145110 2266.5
1145120 2267.0
1145130 2267.0
1145140 2265.8
1145150 2264.3
1145160 2264.3
1145170 2262.9
1145180 2261.3
1145190 2261.3
1145200 2260.6
1145210 2259.9
1145220 2259.9
1145230 2258.7
1145240 2257.1
1145250 2255.2
1145260 2255.2
1145270 2254.7
1145280 2255.3
1145290 2255.3
1145300 2254.7
1145310 2253.8
1145320 2253.8
1145330 2252.5
1145340 2249.7
1145350 2249.7
1145360 2246.5
1145370 2243.1
1145380 2243.1
1145390 2238.5
1145400 2232.2
1145410 2232.2
1145420 2225.5
1145430 2218.8
1145440 2218.8
1145450 2211.8
1145460 2204.8
1145470 2204.8
1145480 2198.0
1145490 2188.4
1145500 2188.4
1145510 2180.3
1145520 2171.8
1145530 2164.3
1145540 2164.3
1145550 2158.2
1145560 2152.8
1145570 2152.8
1145580 2148.2
1145590 2145.0
1145600 2145.0
1145610 2141.9
1145620 2136.9
1145630 2136.9
1145640 2131.5
1145650 2126.3
1145660 2126.3
1145670 2121.1
1145680 2117.2
1145690 2117.2
1145700 2111.2
1145710 2104.5
1145720 2104.5
1145730 2097.3
1145740 2091.0
1145750 2091.0
1145760 2086.5
1145770 2084.5
1145780 2081.5
1145790 2081.5
1145800 2077.7
1145810 2074.2
1145820 2074.2
1145830 2072.0
1145840 2067.7
1145850 2059.5
1145860 2054.4
1145870 2055.6
1145880 2055.6
1145890 2055.1
1145900 2052.6
1145910 2052.6
1145920 2050.2
1145930 2047.2
1145940 2047.2
1145950 2043.4
1145960 2038.8
1145970 2038.8
1145980 2033.3
1145990 2023.1
1146000 2023.1
1146010 2011.1
1146020 2001.4
1146030 2001.4
1146040 1992.8
1146050 1986.6
1146060 1984.5
1146070 1984.5
1146080 1985.0
1146090 1987.7
1146100 1987.7
1146110 1991.6
1146120 1993.2
1146130 1993.2
1146140 1995.8
1146150 1997.6
1146160 1997.6
1146170 1999.4
1146180 2003.0
1146190 2003.0
1146200 2008.3
1146210 2010.5
1146220 2010.5
1146230 2001.6
1146240 2002.4
1146250 2002.4
1146260 2001.9
1146270 2003.3
1146280 2003.3
1146290 2007.3
1146300 2018.4
1146310 2018.4
1146320 2027.2
1146330 2028.9
1146340 2034.9
1146350 2034.9
1146360 2040.2
1146370 2045.0
1146380 2045.0
1146390 2047.1
1146400 2047.1
1146410 2047.1
1146420 2047.0
1146430 2046.7
1146440 2046.7
1146450 2046.0
1146460 2047.8
1146470 2047.8
1146480 2048.8
1146490 2048.6
1146500 2048.6
1146510 2046.6
1146520 2048.0
1146530 2048.0
1146540 2052.0
1146550 2052.4
1146560 2052.4
1146570 2050.2
1146580 2048.0
1146590 2047.7
1146600 2039.4
1146610 2041.1
1146620 2043.8
1146630 2043.8
1146640 2045.5
1146650 2045.2
1146660 2045.2
1146670 2045.7
1146680 2045.0
1146690 2045.0
1146700 2042.5
1146710 2040.2
1146720 2040.2
1146730 2037.8
1146740 2036.6
1146750 2036.6
1146760 2036.2
1146770 2035.8
1146780 2035.8
1146790 2037.7
1146800 2036.8
1146810 2036.8
1146820 2034.2
1146830 2029.9
1146840 2029.9
1146850 2025.4
1146860 2021.3
1146870 2019.1
1146880 2019.1
1146890 2020.0
1146900 2018.5
1146910 2018.5
1146920 2015.5
1146930 2009.6
1146940 2009.6
1146950 2004.5
1146960 2000.1
1146970 2000.1
1146980 1987.9
1146990 1982.9
1147000 1982.9
1147010 1975.8
1147020 1970.0
1147030 1970.0
1147040 1965.4
1147050 1960.4
1147060 1960.4
1147070 1954.3
1147080 1947.3
1147090 1947.3
1147100 1938.8
1147110 1930.2
1147120 1920.9
1147130 1920.9
1147140 1912.3
1147150 1905.3
1147160 1905.3
1147170 1898.8
1147180 1893.8
1147190 1893.8
1147200 1889.5
1147210 1885.1
1147220 1885.1
1147230 1881.1
1147240 1873.3
1147250 1873.3
1147260 1868.3
1147270 1864.0
1147280 1864.0
1147290 1859.2
1147300 1854.5
1147310 1854.5
1147320 1851.0
1147330 1848.2
1147340 1848.2
1147350 1844.0
1147360 1836.0
1147370 1836.0
1147380 1829.0
1147390 1821.4
1147400 1814.1
1147410 1814.1
1147420 1808.4
1147430 1802.7
1147440 1802.7
1147450 1797.2
1147460 1792.8
1147470 1792.8
1147480 1788.5
1147490 1785.3
1147500 1785.3
1147510 1781.9
1147520 1778.0
1147530 1778.0
1147540 1774.2
1147550 1770.8
1147560 1770.8
1147570 1765.8
1147580 1760.3
1147590 1760.3
1147600 1755.1
1147610 1753.1
1147620 1753.1
1147630 1752.0
1147640 1749.8
1147650 1749.8
1147660 1746.6
1147670 1743.2
1147680 1737.8
1147690 1737.8
1147700 1731.5
1147710 1723.8
1147720 1723.8
1147730 1715.1
1147740 1703.0
1147750 1703.0
1147760 1694.9
1147770 1687.2
1147780 1687.2
1147790 1681.3
1147800 1675.8
1147810 1675.8
1147820 1671.1
1147830 1665.9
1147840 1665.9
1147850 1660.8
1147860 1654.2
1147870 1654.2
1147880 1657.5
1147890 1664.4
1147900 1664.4
1147910 1668.9
1147920 1674.7
1147930 1679.8
1147940 1679.8
1147950 1681.4
1147960 1684.7
1147970 1684.7
1147980 1691.2
1147990 1694.2
1148000 1694.2
1148010 1695.0
1148020 1694.3
1148030 1694.3
1148040 1691.5
1148050 1686.6
1148060 1686.6
1148070 1680.5
1148080 1673.7
1148090 1673.7
1148100 1667.0
1148110 1655.6
1148120 1655.6
1148130 1661.9
1148140 1669.8
1148150 1669.8
1148160 1677.6
1148170 1684.4
1148180 1684.4
1148190 1691.6
1148200 1697.9
1148210 1700.6
1148220 1700.6
1148230 1700.5
1148240 1708.5
1148250 1708.5
1148260 1717.5
1148270 1724.9
1148280 1724.9
1148290 1729.9
1148300 1733.6
1148310 1733.6
1148320 1737.0
1148330 1741.2
1148340 1741.2
1148350 1746.1
1148360 1751.4
1148370 1751.4
1148380 1757.8
1148390 1762.7
1148400 1762.7
1148410 1764.5
1148420 1764.9
1148430 1764.9
1148440 1765.2
1148450 1768.9
1148460 1768.9
1148470 1773.0
1148480 1774.7
1148490 1772.3
1148500 1772.3
1148510 1776.2
1148520 1780.4
1148530 1780.4
1148540 1783.8
1148550 1787.4
1148560 1787.4
1148570 1791.0
1148580 1794.2
1148590 1794.2
1148600 1796.8
1148610 1799.1
1148620 1799.1
1148630 1801.0
1148640 1801.9
1148650 1801.9
1148660 1802.5
1148670 1803.7
1148680 1803.7
1148690 1805.1
1148700 1806.8
1148710 1806.8
1148720 1808.7
1148730 1810.7
1148740 1811.5
1148750 1811.5
1148760 1810.6
1148770 1809.2
1148780 1809.2
1148790 1807.4
1148800 1807.0
1148810 1807.0
1148820 1808.3
1148830 1810.0
1148840 1810.0
1148850 1812.8
1148860 1815.6
1148870 1808.8
1148880 1809.3
1148890 1809.1
1148900 1809.1
1148910 1809.6
1148920 1808.6
1148930 1808.6
1148940 1807.9
1148950 1809.7
1148960 1809.7
1148970 1813.5
1148980 1818.5
1148990 1818.5
1149000 1822.4
1149010 1823.7
1149020 1825.6
1149030 1825.6
1149040 1830.3
1149050 1834.0
1149060 1834.0
1149070 1834.7
1149080 1832.4
1149090 1832.4
1149100 1831.4
1149110 1831.7
1149120 1831.7
1149130 1831.0
1149140 1828.5
1149150 1828.5
1149160 1823.7
1149170 1820.3
1149180 1820.3
1149190 1820.9
1149200 1819.9
1149210 1819.9
1149220 1816.4
1149230 1814.2
1149240 1814.2
1149250 1800.7
1149260 1794.0
1149270 1788.7
1149280 1788.7
1149290 1782.1
1149300 1773.8
1149310 1773.8
1149320 1766.0
1149330 1760.5
1149340 1760.5
1149350 1753.9
1149360 1747.7
1149370 1747.7
1149380 1739.7
1149390 1732.2
1149400 1732.2
1149410 1726.1
1149420 1719.2
1149430 1719.2
1149440 1711.7
1149450 1703.4
1149460 1703.4
1149470 1696.9
1149480 1692.8
1149490 1692.8
1149500 1692.2
1149510 1703.4
1149520 1703.4
1149530 1708.9
1149540 1708.1
1149550 1705.6
1149560 1705.6
1149570 1702.4
1149580 1698.4
1149590 1698.4
1149600 1693.0
1149610 1687.7
1149620 1687.7
1149630 1676.8
1149640 1671.9
1149650 1671.9
1149660 1668.2
1149670 1665.2
1149680 1665.2
1149690 1660.7
1149700 1654.2
1149710 1654.2
1149720 1648.2
1149730 1643.4
1149740 1643.4
1149750 1639.3
1149760 1633.6
1149770 1633.6
1149780 1626.6
1149790 1619.9
1149800 1619.9
1149810 1616.4
1149820 1612.9
1149830 1610.0
1149840 1610.0
1149850 1606.9
1149860 1604.0
1149870 1604.0
1149880 1601.6
1149890 1600.0
1149900 1600.0
1149910 1598.6
1149920 1598.0
1149930 1598.0
1149940 1596.1
1149950 1591.3
1149960 1591.3
1149970 1584.8
1149980 1579.1
1149990 1579.1
1150000 1572.9
1150010 1556.6
1150020 1556.6
1150030 1547.5
1150040 1544.0
1150050 1544.0
1150060 1541.5
1150070 1538.3
1150080 1534.8
1150090 1534.8
1150100 1531.4
1150110 1528.6
1150120 1528.6
1150130 1525.4
1150140 1521.1
1150150 1521.1
1150160 1517.1
1150170 1514.0
1150180 1514.0
1150190 1512.3
1150200 1510.9
1150210 1510.9
1150220 1507.0
1150230 1501.5
1150240 1501.5
1150250 1495.7
1150260 1489.7
1150270 1489.7
1150280 1486.0
1150290 1483.6
1150300 1483.6
1150310 1481.5
1150320 1479.3
1150330 1479.3
1150340 1478.1
1150350 1475.8
1150360 1471.9
1150370 1471.9
1150380 1467.0
1150390 1457.4
1150400 1457.4
1150410 1450.6
1150420 1443.5
1150430 1443.5
1150440 1437.1
1150450 1431.3
1150460 1431.3
1150470 1424.9
1150480 1417.5
1150490 1417.5
1150500 1409.3
1150510 1399.2
1150520 1399.2
1150530 1388.8
1150540 1378.1
1150550 1378.1
1150560 1367.9
1150570 1358.7
1150580 1358.7
1150590 1349.9
1150600 1341.8
1150610 1334.4
1150620 1334.4
1150630 1327.2
1150640 1320.4
1150650 1320.4
1150660 1313.8
1150670 1307.6
1150680 1307.6
1150690 1301.6
1150700 1295.4
1150710 1295.4
1150720 1289.7
1150730 1283.7
1150740 1283.7
1150750 1278.1
1150760 1272.8
1150770 1272.7
1150780 1267.7
1150790 1262.9
1150800 1262.9
1150810 1258.3
1150820 1253.7
1150830 1253.7
1150840 1248.7
1150850 1243.0
1150860 1243.0
1150870 1232.4
1150880 1209.4
1150890 1176.6
1150900 1176.6
1150910 1153.4
1150920 1143.7
1150930 1143.7
1150940 1136.1
1150950 1130.7
1150960 1130.7
1150970 1127.4
1150980 1132.3
1150990 1132.3
1151000 1158.5
1151010 1185.3
1151020 1185.3
1151030 1188.9
1151040 1189.4
1151050 1189.4
1151060 1187.7
1151070 1196.2
1151080 1196.2
1151090 1207.4
1151100 1215.6
1151110 1215.6
1151120 1220.9
1151130 1226.7
1151140 1226.7
1151150 1227.7
1151160 1230.0
1151170 1230.6
1151180 1230.6
1151190 1230.6
1151200 1231.1
1151210 1231.1
1151220 1232.0
1151230 1232.5
1151240 1232.5
1151250 1232.6
1151260 1233.1
1151270 1233.1
1151280 1233.9
1151290 1234.3
1151300 1234.3
1151310 1235.2
1151320 1236.5
1151330 1236.5
1151340 1237.6
1151350 1238.6
1151360 1238.6
1151370 1239.4
1151380 1239.3
1151390 1239.3
1151400 1239.5
1151410 1239.6
1151420 1239.9
1151430 1239.9
1151440 1240.1
1151450 1240.0
1151460 1240.0
1151470 1240.0
1151480 1240.0
1151490 1240.0
1151500 1240.0
1151510 1240.1
1151520 1240.1
1151530 1240.0
1151540 1239.4
1151550 1239.4
1151560 1239.0
1151570 1238.7
1151580 1238.7
1151590 1238.5
1151600 1238.3
1151610 1238.3
1151620 1237.9
1151630 1237.4
1151640 1237.4
1151650 1236.8
1151660 1236.3
1151670 1236.3
1151680 1236.2
1151690 1236.2
1151700 1235.9
1151710 1235.9
1151720 1235.8
1151730 1235.8
1151740 1235.8
1151750 1235.7
1151760 1235.2
1151770 1235.2
1151780 1234.8
1151790 1234.6
1151800 1234.6
1151810 1234.2
1151820 1234.0
1151830 1234.0
1151840 1233.3
1151850 1231.7
1151860 1231.7
1151870 1230.3
1151880 1228.9
1151890 1228.9
1151900 1227.6
1151910 1226.4
1151920 1223.7
1151930 1222.4
1151940 1220.8
1151950 1220.8
1151960 1219.5
1151970 1218.5
1151980 1217.3
1151990 1217.3
1152000 1216.1
1152010 1214.6
1152020 1214.6
1152030 1212.8
1152040 1210.9
1152050 1210.9
1152060 1209.2
1152070 1207.2
1152080 1207.2
1152090 1205.1
1152100 1202.8
1152110 1202.8
1152120 1200.2
1152130 1197.8
1152140 1197.8
1152150 1194.7
1152160 1191.9
1152170 1191.9
1152180 1189.7
1152190 1187.3
1152200 1187.3
1152210 1184.2
1152220 1181.0
1152230 1177.9
1152240 1177.9
1152250 1174.8
1152260 1171.3
1152270 1171.3
1152280 1167.8
1152290 1164.7
1152300 1162.8
1152310 1159.2
1152320 1155.5
1152330 1155.5
1152340 1151.7
1152350 1149.2
1152360 1149.2
1152370 1148.0
1152380 1146.9
1152390 1146.9
1152400 1145.1
1152410 1143.2
1152420 1143.2
1152430 1141.4
1152440 1137.0
1152450 1137.0
1152460 1129.1
1152470 1126.7
1152480 1126.7
1152490 1130.8
1152500 1133.6
1152510 1133.5
1152520 1133.5
1152530 1132.7
1152540 1132.5
1152550 1132.5
1152560 1131.5
1152570 1129.7
1152580 1129.7
1152590 1128.5
1152600 1127.8
1152610 1127.8
1152620 1126.9
1152630 1125.0
1152640 1125.0
1152650 1122.7
1152660 1122.1
1152670 1122.1
1152680 1119.6
1152690 1121.1
1152700 1121.1
1152710 1122.3
1152720 1121.4
1152730 1121.4
1152740 1121.0
1152750 1120.9
1152760 1119.6
1152770 1119.6
1152780 1121.2
1152790 1124.0
1152800 1124.0
1152810 1124.9
1152820 1126.2
1152830 1126.2
1152840 1126.3
1152850 1126.6
1152860 1126.6
1152870 1128.0
1152880 1130.0
1152890 1130.0
1152900 1132.3
1152910 1134.3
1152920 1134.3
1152930 1136.1
1152940 1138.0
1152950 1138.0
1152960 1142.2
1152970 1147.3
1152980 1147.3
1152990 1150.9
1153000 1154.7
1153010 1154.7
1153020 1158.5
1153030 1162.3
1153040 1166.0
1153050 1166.0
1153060 1169.3
1153070 1168.3
1153080 1168.3
1153090 1171.2
1153100 1173.3
1153110 1173.3
1153120 1174.8
1153130 1175.6
1153140 1175.6
1153150 1176.3
1153160 1176.5
1153170 1176.5
1153180 1177.2
1153190 1178.2
1153200 1178.2
1153210 1178.9
1153220 1179.8
1153230 1179.8
1153240 1181.1
1153250 1182.7
1153260 1182.7
1153270 1184.7
1153280 1187.2
1153290 1187.2
1153300 1189.7
1153310 1190.9
1153320 1191.5
1153330 1191.5
1153340 1192.5
1153350 1195.2
1153360 1195.2
1153370 1199.2
1153380 1203.6
1153390 1203.6
1153400 1207.0
1153410 1209.5
1153420 1209.5
1153430 1211.8
1153440 1213.7
1153450 1208.4
1153460 1211.3
1153470 1214.1
1153480 1214.1
1153490 1217.0
1153500 1219.0
1153510 1219.0
1153520 1219.5
1153530 1219.9
1153540 1219.9
1153550 1221.4
1153560 1223.7
1153570 1227.1
1153580 1227.1
1153590 1229.8
1153600 1232.7
1153610 1232.7
1153620 1235.0
1153630 1236.2
1153640 1236.2
1153650 1238.7
1153660 1241.6
1153670 1241.6
1153680 1243.5
1153690 1245.9
1153700 1245.9
1153710 1249.4
1153720 1253.3
1153730 1253.3
1153740 1257.5
1153750 1260.8
1153760 1260.8
1153770 1264.0
1153780 1267.3
1153790 1267.3
1153800 1270.6
1153810 1273.2
1153820 1273.2
1153830 1275.5
1153840 1275.5
1153850 1280.1
1153860 1280.1
1153870 1284.6
1153880 1288.5
1153890 1288.5
1153900 1293.5
1153910 1298.7
1153920 1298.7
1153930 1304.5
1153940 1311.6
1153950 1311.6
1153960 1318.8
1153970 1324.0
1153980 1324.0
1153990 1328.6
1154000 1334.1
1154010 1334.1
1154020 1340.3
1154030 1347.2
1154040 1347.2
1154050 1352.3
1154060 1356.1
1154070 1356.1
1154080 1360.3
1154090 1360.5
1154100 1362.2
1154110 1362.2
1154120 1362.6
1154130 1367.0
1154140 1367.0
1154150 1373.4
1154160 1381.1
1154170 1381.1
1154180 1389.6
1154190 1396.2
1154200 1396.2
1154210 1404.3
1154220 1412.4
1154230 1412.4
1154240 1416.8
1154250 1421.4
1154260 1421.4
1154270 1425.4
1154280 1429.0
1154290 1429.0
1154300 1433.8
1154310 1437.4
1154320 1437.4
1154330 1438.7
1154340 1437.8
1154350 1437.8
1154360 1437.5
1154370 1438.7
1154380 1440.4
1154390 1440.4
1154400 1441.2
1154410 1442.2
1154420 1442.2
1154430 1443.1
1154440 1444.9
1154450 1444.9
1154460 1446.6
1154470 1446.9
1154480 1446.9
1154490 1446.7
1154500 1446.5
1154510 1446.5
1154520 1445.8
1154530 1444.6
1154540 1444.6
1154550 1444.1
1154560 1443.6
1154570 1443.6
1154580 1442.9
1154590 1441.9
1154600 1441.9
1154610 1436.5
1154620 1434.5
1154630 1434.5
1154640 1432.5
1154650 1429.1
1154660 1425.4
1154670 1425.4
1154680 1423.2
1154690 1421.3
1154700 1421.3
1154710 1418.4
1154720 1414.8
1154730 1414.8
1154740 1411.7
1154750 1407.7
1154760 1407.7
1154770 1404.1
1154780 1402.1
1154790 1402.1
1154800 1399.8
1154810 1398.3
1154820 1398.3
1154830 1391.3
1154840 1380.7
1154850 1380.7
1154860 1375.4
1154870 1369.9
1154880 1369.9
1154890 1364.9
1154900 1358.4
1154910 1351.4
1154920 1351.4
1154930 1344.1
1154940 1337.1
1154950 1337.1
1154960 1330.6
1154970 1325.3
1154980 1325.3
1154990 1316.2
1155000 1311.8
1155010 1311.8
1155020 1307.8
1155030 1303.5
1155040 1303.5
1155050 1298.6
1155060 1293.5
1155070 1293.5
1155080 1289.7
1155090 1288.3
1155100 1288.3
1155110 1286.0
1155120 1282.2
1155130 1282.2
1155140 1280.0
1155150 1281.1
1155160 1281.1
1155170 1283.8
1155180 1282.4
1155190 1277.0
1155200 1277.0
1155210 1268.9
1155220 1261.4
1155230 1261.4
1155240 1255.7
1155250 1250.6
1155260 1250.6
1155270 1246.1
1155280 1242.3
1155290 1242.3
1155300 1239.2
1155310 1237.2
1155320 1237.2
1155330 1235.2
1155340 1233.0
1155350 1233.0
1155360 1230.5
1155370 1226.3
1155380 1222.6
1155390 1217.3
1155400 1212.6
1155410 1212.6
1155420 1209.6
1155430 1207.5
1155440 1206.2
1155450 1206.2
1155460 1201.5
1155470 1194.3
1155480 1194.3
1155490 1186.9
1155500 1180.8
1155510 1180.8
1155520 1176.6
1155530 1173.7
1155540 1173.7
1155550 1169.8
1155560 1163.6
1155570 1163.6
1155580 1158.5
1155590 1153.9
1155600 1153.9
1155610 1147.7
1155620 1141.9
1155630 1141.9
1155640 1136.1
1155650 1129.6
1155660 1129.6
1155670 1122.6
1155680 1114.9
1155690 1114.9
1155700 1108.8
1155710 1104.3
1155720 1098.8
1155730 1098.8
1155740 1092.9
1155750 1087.6
1155760 1087.6
1155770 1079.4
1155780 1075.5
1155790 1075.5
1155800 1071.0
1155810 1066.9
1155820 1066.9
1155830 1065.1
1155840 1064.0
1155850 1064.0
1155860 1063.1
1155870 1062.2
1155880 1062.2
1155890 1062.0
1155900 1061.9
1155910 1061.9
1155920 1061.8
1155930 1061.8
1155940 1061.8
1155950 1062.3
1155960 1063.2
1155970 1063.2
1155980 1063.9
1155990 1064.1
1156000 1064.3
1156010 1064.3
1156020 1064.3
1156030 1064.3
1156040 1064.3
1156050 1064.2
1156060 1064.2
1156070 1064.2
1156080 1064.1
1156090 1063.9
1156100 1063.9
1156110 1063.9
1156120 1063.9
1156130 1063.9
1156140 1063.9
1156150 1064.1
1156160 1064.1
1156170 1064.2
1156180 1064.2
1156190 1064.2
1156200 1064.2
1156210 1064.0
1156220 1064.0
1156230 1063.9
1156240 1063.8
1156250 1063.8
1156260 1063.8
1156270 1063.7
1156280 1063.6
1156290 1063.6
1156300 1063.5
1156310 1063.4
1156320 1063.4
1156330 1063.3
1156340 1063.3
1156350 1063.3
1156360 1063.3
1156370 1063.2
1156380 1063.2
1156390 1063.2
1156400 1063.1
1156410 1063.1
1156420 1063.1
1156430 1063.0
1156440 1063.0
1156450 1063.0
1156460 1063.0
1156470 1063.0
1156480 1062.9
1156490 1063.0
1156500 1063.0
1156510 1062.9
1156520 1062.9
1156530 1062.8
1156540 1062.8
1156550 1062.7
1156560 1062.5
1156570 1062.5
1156580 1062.5
1156590 1062.4
1156600 1062.4
1156610 1062.4
1156620 1062.3
1156630 1062.3
1156640 1062.3
1156650 1062.2
1156660 1062.2
1156670 1062.2
1156680 1062.2
1156690 1062.2
1156700 1062.1
1156710 1062.0
1156720 1062.0
1156730 1062.0
1156740 1062.1
1156750 1062.1
1156760 1062.1
1156770 1061.9
1156780 1061.8
1156790 1061.8
1156800 1061.7
1156810 1061.6
1156820 1061.6
1156830 1061.5
1156840 1061.5
1156850 1061.5
1156860 1061.4
1156870 1061.4
1156880 1061.4
1156890 1061.3
1156900 1061.2
1156910 1061.2
1156920 1061.1
1156930 1061.1
1156940 1061.1
1156950 1061.0
1156960 1061.0
1156970 1061.0
1156980 1060.9
1156990 1060.8
1157000 1060.8
1157010 1060.7
1157020 1060.8
1157030 1060.8
1157040 1060.8
1157050 1060.8
1157060 1060.7
1157070 1060.7
1157080 1060.6
1157090 1060.5
1157100 1060.5
1157110 1060.5
1157120 1060.4
1157130 1060.4
1157140 1060.3
1157150 1060.2
1157160 1060.2
1157170 1060.1
1157180 1059.9
1157190 1059.9
1157200 1059.9
1157210 1060.0
1157220 1060.0
1157230 1059.8
1157240 1059.7
1157250 1059.7
1157260 1059.7
1157270 1059.7
1157280 1059.7
1157290 1059.6
1157300 1059.5
1157310 1059.5
1157320 1059.3
1157330 1059.2
1157340 1059.1
1157350 1059.1
1157360 1059.0
1157370 1058.9
1157380 1058.9
1157390 1058.9
1157400 1058.9
1157410 1058.9
1157420 1058.8
1157430 1058.8
1157440 1058.8
1157450 1058.8
1157460 1058.7
1157470 1058.7
1157480 1058.6
1157490 1058.4
1157500 1058.4
1157510 1058.2
1157520 1058.4
1157530 1058.4
1157540 1058.7
1157550 1058.7
1157560 1058.7
1157570 1058.6
1157580 1058.4
1157590 1058.3
1157600 1058.3
1157610 1058.3
1157620 1058.3
1157630 1058.3
1157640 1058.5
1157650 1058.9
1157660 1058.9
1157670 1059.0
1157680 1058.8
1157690 1058.8
1157700 1058.5
1157710 1060.1
1157720 1060.1
1157730 1062.1
1157740 1063.4
1157750 1063.4
1157760 1064.2
1157770 1064.7
1157780 1064.7
1157790 1065.0
1157800 1065.4
1157810 1065.4
1157820 1065.6
1157830 1065.9
1157840 1065.9
1157850 1066.0
1157860 1066.3
1157870 1066.8
1157880 1066.8
1157890 1067.2
1157900 1067.4
1157910 1067.4
1157920 1067.7
1157930 1068.0
1157940 1068.0
1157950 1068.1
1157960 1068.2
1157970 1068.2
1157980 1068.2
1157990 1067.9
1158000 1067.9
1158010 1067.7
1158020 1067.8
1158030 1067.8
1158040 1068.0
1158050 1068.2
1158060 1068.2
1158070 1068.4
1158080 1068.6
1158090 1068.6
1158100 1069.3
1158110 1069.2
1158120 1069.3
1158130 1069.3
1158140 1069.8
1158150 1070.3
1158160 1070.3
1158170 1070.3
1158180 1070.0
1158190 1070.0
1158200 1068.1
1158210 1065.9
1158220 1065.9
1158230 1066.0
1158240 1065.9
1158250 1065.9
1158260 1065.9
1158270 1065.0
1158280 1065.0
1158290 1062.7
1158300 1063.3
1158310 1063.3
1158320 1065.2
1158330 1064.8
1158340 1064.8
1158350 1064.9
1158360 1065.1
1158370 1065.1
1158380 1065.9
1158390 1066.5
1158400 1067.3
1158410 1067.3
1158420 1068.7
1158430 1069.3
1158440 1069.3
1158450 1069.4
1158460 1068.9
1158470 1068.9
1158480 1068.9
1158490 1069.8
1158500 1069.8
1158510 1070.0
1158520 1070.2
1158530 1070.2
1158540 1070.2
1158550 1070.5
1158560 1070.5
1158570 1070.7
1158580 1070.6
1158590 1070.6
1158600 1070.6
1158610 1070.2
1158620 1070.2
1158630 1069.8
1158640 1069.9
1158650 1069.9
1158660 1070.3
1158670 1070.5
1158680 1070.5
1158690 1070.5
1158700 1070.4
1158710 1070.3
1158720 1070.3
1158730 1070.0
1158740 1069.9
1158750 1069.9
1158760 1070.0
1158770 1069.9
1158780 1069.9
1158790 1069.8
1158800 1069.8
1158810 1069.8
1158820 1069.8
1158830 1069.7
1158840 1069.7
1158850 1069.7
1158860 1070.0
1158870 1070.0
1158880 1072.9
1158890 1076.6
1158900 1076.6
1158910 1081.7
1158920 1086.9
1158930 1092.7
1158940 1092.7
1158950 1098.4
1158960 1103.0
1158970 1103.0
1158980 1111.1
1158990 1116.7
1159000 1116.7
1159010 1123.7
1159020 1131.3
1159030 1131.3
1159040 1138.6
1159050 1144.6
1159060 1144.6
1159070 1142.2
1159080 1136.9
1159090 1136.9
1159100 1135.9
1159110 1136.6
1159120 1136.6
1159130 1142.7
1159140 1150.7
1159150 1150.7
1159160 1156.9
1159170 1163.0
1159180 1163.0
1159190 1168.8
1159200 1174.0
1159210 1179.5
1159220 1179.5
1159230 1184.6
1159240 1189.0
1159250 1189.0
1159260 1193.2
1159270 1200.1
1159280 1200.1
1159290 1203.4
1159300 1209.1
1159310 1209.1
1159320 1215.5
1159330 1222.1
1159340 1222.1
1159350 1228.5
1159360 1234.6
1159370 1234.6
1159380 1238.9
1159390 1241.0
1159400 1241.0
1159410 1242.0
1159420 1243.5
1159430 1243.5
1159440 1245.3
1159450 1245.8
1159460 1243.5
1159470 1243.5
1159480 1240.7
1159490 1239.8
1159500 1239.8
1159510 1241.6
1159520 1243.8
1159530 1243.8
1159540 1247.1
1159550 1251.1
1159560 1251.1
1159570 1255.8
1159580 1259.2
1159590 1259.2
1159600 1260.4
1159610 1263.7
1159620 1263.7
1159630 1268.2
1159640 1271.9
1159650 1271.9
1159660 1274.0
1159670 1275.9
1159680 1275.9
1159690 1277.5
1159700 1278.8
1159710 1278.8
1159720 1281.3
1159730 1282.1
1159740 1285.2
1159750 1285.2
1159760 1290.5
1159770 1296.1
1159780 1296.1
1159790 1300.9
1159800 1306.3
1159810 1306.3
1159820 1310.9
1159830 1316.6
1159840 1316.6
1159850 1326.9
1159860 1338.9
1159870 1338.9
1159880 1347.7
1159890 1355.8
1159900 1355.8
1159910 1364.5
1159920 1372.6
1159930 1372.6
1159940 1380.8
1159950 1390.5
1159960 1390.5
1159970 1399.8
1159980 1405.9
1159990 1405.9
