1140000 2285.4
1140010 2284.3
1140020 2284.3
1140030 2283.2
1140040 2283.8
1140050 2283.8
1140060 2284.2
1140070 2286.4
1140080 2287.8
1140090 2287.8
1140100 2293.8
1140110 2300.4
1140120 2300.4
1140130 2307.7
1140140 2313.6
1140150 2313.6
1140160 2318.2
1140170 2320.8
1140180 2320.8
1140190 2315.8
1140200 2305.9
1140210 2305.9
1140220 2294.9
1140230 2288.4
1140240 2288.4
1140250 2281.1
1140260 2269.7
1140270 2269.7
1140280 2255.9
1140290 2248.0
1140300 2248.0
1140310 2248.4
1140320 2241.4
1140330 2241.4
1140340 2232.5
1140350 2218.8
1140360 2206.1
1140370 2206.1
1140380 2191.9
1140390 2174.5
1140400 2174.5
1140410 2164.2
1140420 2157.7
1140430 2157.7
1140440 2151.9
1140450 2147.3
1140460 2147.3
1140470 2143.6
1140480 2140.6
1140490 2140.6
1140500 2137.7
1140510 2136.4
1140520 2136.4
1140530 2132.6
1140540 2126.1
1140550 2126.1
1140560 2119.1
1140570 2112.0
1140580 2112.0
1140590 2105.6
1140600 2100.0
1140610 2100.0
1140620 2094.7
1140630 2089.0
1140640 2082.0
1140650 2082.0
1140660 2075.2
1140670 2069.2
1140680 2069.3
1140690 2061.8
1140700 2052.2
1140710 2052.2
1140720 2040.0
1140730 2026.1
1140740 2026.1
1140750 2018.8
1140760 2013.8
1140770 2013.8
1140780 2009.6
1140790 2005.8
1140800 2005.8
1140810 2001.4
1140820 1997.0
1140830 1997.0
1140840 1994.4
1140850 1993.0
1140860 1993.0
1140870 1990.3
1140880 1988.1
1140890 1985.5
1140900 1985.5
1140910 1982.8
1140920 1981.3
1140930 1981.3
1140940 1980.5
1140950 1979.5
1140960 1979.5
1140970 1978.1
1140980 1977.4
1140990 1977.4
1141000 1976.0
1141010 1975.0
1141020 1975.0
1141030 1975.1
1141040 1975.3
1141050 1971.7
1141060 1970.8
1141070 1969.4
1141080 1969.4
1141090 1966.0
1141100 1956.7
1141110 1956.7
1141120 1947.9
1141130 1942.1
1141140 1942.1
1141150 1937.1
1141160 1928.1
1141170 1916.1
1141180 1916.1
1141190 1904.8
1141200 1897.3
1141210 1897.3
1141220 1889.5
1141230 1882.8
1141240 1882.8
1141250 1877.9
1141260 1872.0
1141270 1872.0
1141280 1865.9
1141290 1859.7
1141300 1859.7
1141310 1853.9
1141320 1846.5
1141330 1846.5
1141340 1839.0
1141350 1830.6
1141360 1830.6
1141370 1817.7
1141380 1801.2
1141390 1801.2
1141400 1786.5
1141410 1777.3
1141420 1778.9
1141430 1772.0
1141440 1760.7
1141450 1749.4
1141460 1749.4
1141470 1736.0
1141480 1725.7
1141490 1725.7
1141500 1716.3
1141510 1709.0
1141520 1709.0
1141530 1704.1
1141540 1699.5
1141550 1699.5
1141560 1694.3
1141570 1688.9
1141580 1688.9
1141590 1683.1
1141600 1677.7
1141610 1677.7
1141620 1672.6
1141630 1667.8
1141640 1667.8
1141650 1662.9
1141660 1656.5
1141670 1656.5
1141680 1648.6
1141690 1647.3
1141700 1646.0
1141710 1646.0
1141720 1644.6
1141730 1645.7
1141740 1645.7
1141750 1646.9
1141760 1649.1
1141770 1649.1
1141780 1653.2
1141790 1659.5
1141800 1659.5
1141810 1665.4
1141820 1671.6
1141830 1671.6
1141840 1677.8
1141850 1684.0
1141860 1684.0
1141870 1690.4
1141880 1696.4
1141890 1696.4
1141900 1702.3
1141910 1708.7
1141920 1708.7
1141930 1715.5
1141940 1723.3
1141950 1723.3
1141960 1732.4
1141970 1744.9
1141980 1758.7
1141990 1758.7
1142000 1768.9
1142010 1776.6
1142020 1776.6
1142030 1790.0
1142040 1805.7
1142050 1805.7
1142060 1818.7
1142070 1827.2
1142080 1827.2
1142090 1832.1
1142100 1837.9
1142110 1837.9
1142120 1845.4
1142130 1851.6
1142140 1851.6
1142150 1856.2
1142160 1864.9
1142170 1864.9
1142180 1871.5
1142190 1879.4
1142200 1879.4
1142210 1887.8
1142220 1895.4
1142230 1895.4
1142240 1902.1
1142250 1907.1
1142260 1912.4
1142270 1912.4
1142280 1917.0
1142290 1921.5
1142300 1921.5
1142310 1925.6
1142320 1929.7
1142330 1929.7
1142340 1934.1
1142350 1937.4
1142360 1937.4
1142370 1940.5
1142380 1940.8
1142390 1940.8
1142400 1939.2
1142410 1939.5
1142420 1939.5
1142430 1940.3
1142440 1939.9
1142450 1939.9
1142460 1936.4
1142470 1933.1
1142480 1933.1
1142490 1931.0
1142500 1929.6
1142510 1929.6
1142520 1929.6
1142530 1932.0
1142540 1934.2
1142550 1934.2
1142560 1936.1
1142570 1936.7
1142580 1936.7
1142590 1937.5
1142600 1940.2
1142610 1940.2
1142620 1942.9
1142630 1947.0
1142640 1947.0
1142650 1951.1
1142660 1956.1
1142670 1956.1
1142680 1960.9
1142690 1965.5
1142700 1965.5
1142710 1970.2
1142720 1975.0
1142730 1975.0
1142740 1979.8
1142750 1984.7
1142760 1984.7
1142770 1989.8
1142780 1994.9
1142790 1999.8
1142800 1999.8
1142810 2000.1
1142820 1997.8
1142830 1997.8
1142840 1996.1
1142850 1993.2
1142860 1993.2
1142870 1992.7
1142880 1998.9
1142890 1998.9
1142900 2003.7
1142910 2009.0
1142920 2009.0
1142930 2013.3
1142940 2017.0
1142950 2017.0
1142960 2023.0
1142970 2031.2
1142980 2031.2
1142990 2038.4
1143000 2044.4
1143010 2044.4
1143020 2049.3
1143030 2053.9
1143040 2053.9
1143050 2058.2
1143060 2062.2
1143070 2066.3
1143080 2066.3
1143090 2070.6
1143100 2075.6
1143110 2075.6
1143120 2081.2
1143130 2087.1
1143140 2087.1
1143150 2092.4
1143160 2095.9
1143170 2095.9
1143180 2101.5
1143190 2110.8
1143200 2110.8
1143210 2121.2
1143220 2131.1
1143230 2131.1
1143240 2137.6
1143250 2141.3
1143260 2141.3
1143270 2146.4
1143280 2157.8
1143290 2157.8
1143300 2164.2
1143310 2169.8
1143320 2174.6
1143330 2174.6
1143340 2179.4
1143350 2185.5
1143360 2185.5
1143370 2190.6
1143380 2196.7
1143390 2196.7
1143400 2204.9
1143410 2212.2
1143420 2212.2
1143430 2220.2
1143440 2225.5
1143450 2225.5
1143460 2231.8
1143470 2237.9
1143480 2237.9
1143490 2243.8
1143500 2251.9
1143510 2251.9
1143520 2257.8
1143530 2263.7
1143540 2263.7
1143550 2272.8
1143560 2281.9
1143570 2281.9
1143580 2290.7
1143590 2298.9
1143600 2306.1
1143610 2306.1
1143620 2312.5
1143630 2319.0
1143640 2319.0
1143650 2331.5
1143660 2337.5
1143670 2337.5
1143680 2343.6
1143690 2349.4
1143700 2349.4
1143710 2354.5
1143720 2360.1
1143730 2360.1
1143740 2365.8
1143750 2370.4
1143760 2370.4
1143770 2374.8
1143780 2378.2
1143790 2378.2
1143800 2384.3
1143810 2393.7
1143820 2393.7
1143830 2396.7
1143840 2402.2
1143850 2402.2
1143860 2409.9
1143870 2418.3
1143880 2428.1
1143890 2428.1
1143900 2441.0
1143910 2446.2
1143920 2446.2
1143930 2439.7
1143940 2432.8
1143950 2432.8
1143960 2427.6
1143970 2422.1
1143980 2422.1
1143990 2418.0
1144000 2414.2
1144010 2414.2
1144020 2403.7
1144030 2399.7
1144040 2399.7
1144050 2396.4
1144060 2393.4
1144070 2393.4
1144080 2390.5
1144090 2389.2
1144100 2389.2
1144110 2387.1
1144120 2386.3
1144130 2384.8
1144140 2384.8
1144150 2383.1
1144160 2381.8
1144170 2381.8
1144180 2380.5
1144190 2380.0
1144200 2380.0
1144210 2380.0
1144220 2380.8
1144230 2380.8
1144240 2382.3
1144250 2383.4
1144260 2383.4
1144270 2383.1
1144280 2381.8
1144290 2381.8
1144300 2379.2
1144310 2376.0
1144320 2376.0
1144330 2373.4
1144340 2369.5
1144350 2369.5
1144360 2365.5
1144370 2363.5
1144380 2363.5
1144390 2365.3
1144400 2359.2
1144410 2360.2
1144420 2360.2
1144430 2361.1
1144440 2361.6
1144450 2361.6
1144460 2361.1
1144470 2363.2
1144480 2363.2
1144490 2365.1
1144500 2369.0
1144510 2369.0
1144520 2372.4
1144530 2375.5
1144540 2375.5
1144550 2378.9
1144560 2382.6
1144570 2382.6
1144580 2389.0
1144590 2393.1
1144600 2393.1
1144610 2391.9
1144620 2390.6
1144630 2390.6
1144640 2392.0
1144650 2390.7
1144660 2390.7
1144670 2391.2
1144680 2391.2
1144690 2391.5
1144700 2391.5
1144710 2393.5
1144720 2398.7
1144730 2398.7
1144740 2407.2
1144750 2413.6
1144760 2413.6
1144770 2411.4
1144780 2414.2
1144790 2414.2
1144800 2416.4
1144810 2419.8
1144820 2419.8
1144830 2422.3
1144840 2424.6
1144850 2424.6
1144860 2428.6
1144870 2433.9
1144880 2433.9
1144890 2440.3
1144900 2446.8
1144910 2446.8
1144920 2435.6
1144930 2429.2
1144940 2430.7
1144950 2430.7
1144960 2435.3
1144970 2449.3
1144980 2449.3
1144990 2459.3
1145000 2465.2
1145010 2465.2
1145020 2471.9
1145030 2478.5
1145040 2478.5
1145050 2486.6
1145060 2495.0
1145070 2495.0
1145080 2501.4
1145090 2506.6
1145100 2506.6
1145110 2509.5
1145120 2513.0
1145130 2513.0
1145140 2520.1
1145150 2530.0
1145160 2530.0
1145170 2525.1
1145180 2519.5
1145190 2519.5
1145200 2513.8
1145210 2509.6
1145220 2508.1
1145230 2508.1
1145240 2502.8
1145250 2497.7
1145260 2497.7
1145270 2491.7
1145280 2483.6
1145290 2483.6
1145300 2477.6
1145310 2476.3
1145320 2476.3
1145330 2476.1
1145340 2475.5
1145350 2475.5
1145360 2471.0
1145370 2462.8
1145380 2462.8
1145390 2454.3
1145400 2446.1
1145410 2446.1
1145420 2440.6
1145430 2443.6
1145440 2443.6
1145450 2447.9
1145460 2450.1
1145470 2450.1
1145480 2451.6
1145490 2454.1
1145500 2455.6
1145510 2455.6
1145520 2448.2
1145530 2451.6
1145540 2451.6
1145550 2453.1
1145560 2454.0
1145570 2454.0
1145580 2454.1
1145590 2453.1
1145600 2453.1
1145610 2452.3
1145620 2451.0
1145630 2451.0
1145640 2448.6
1145650 2447.6
1145660 2447.6
1145670 2447.8
1145680 2445.1
1145690 2445.1
1145700 2442.5
1145710 2440.0
1145720 2440.0
1145730 2434.7
1145740 2428.3
1145750 2422.0
1145760 2422.0
1145770 2409.3
1145780 2391.6
1145790 2391.6
1145800 2381.0
1145810 2375.8
1145820 2375.8
1145830 2368.4
1145840 2348.5
1145850 2348.5
1145860 2330.0
1145870 2320.1
1145880 2320.1
1145890 2312.9
1145900 2306.4
1145910 2306.4
1145920 2297.2
1145930 2283.8
1145940 2283.8
1145950 2274.7
1145960 2268.9
1145970 2268.9
1145980 2263.9
1145990 2259.4
1146000 2259.4
1146010 2255.2
1146020 2251.5
1146030 2247.9
1146040 2247.9
1146050 2243.3
1146060 2238.6
1146070 2238.6
1146080 2236.1
1146090 2232.1
1146100 2232.1
1146110 2223.9
1146120 2217.5
1146130 2217.5
1146140 2214.2
1146150 2213.9
1146160 2213.9
1146170 2214.2
1146180 2213.5
1146190 2213.5
1146200 2211.9
1146210 2211.1
1146220 2211.1
1146230 2211.0
1146240 2212.4
1146250 2212.4
1146260 2210.8
1146270 2205.2
1146280 2205.2
1146290 2205.3
1146300 2206.2
1146310 2206.5
1146320 2206.5
1146330 2206.2
1146340 2205.6
1146350 2205.6
1146360 2204.5
1146370 2204.2
1146380 2204.2
1146390 2203.6
1146400 2201.4
1146410 2201.4
1146420 2200.2
1146430 2200.2
1146440 2200.2
1146450 2199.2
1146460 2197.6
1146470 2197.6
1146480 2196.0
1146490 2194.3
1146500 2194.3
1146510 2192.3
1146520 2190.9
1146530 2190.9
1146540 2190.5
1146550 2189.3
1146560 2187.8
1146570 2187.8
1146580 2187.5
1146590 2187.2
1146600 2187.2
1146610 2187.1
1146620 2187.0
1146630 2187.0
1146640 2186.3
1146650 2179.0
1146660 2179.0
1146670 2175.8
1146680 2173.8
1146690 2173.8
1146700 2172.1
1146710 2170.2
1146720 2170.2
1146730 2168.6
1146740 2166.3
1146750 2166.3
1146760 2165.4
1146770 2165.2
1146780 2165.2
1146790 2167.9
1146800 2171.2
1146810 2171.2
1146820 2175.3
1146830 2181.4
1146840 2188.2
1146850 2188.2
1146860 2196.0
1146870 2202.7
1146880 2202.7
1146890 2204.6
1146900 2203.8
1146910 2203.8
1146920 2203.5
1146930 2202.6
1146940 2202.6
1146950 2198.0
1146960 2192.1
1146970 2192.1
1146980 2186.9
1146990 2179.0
1147000 2179.0
1147010 2161.2
1147020 2147.0
1147030 2148.6
1147040 2140.1
1147050 2133.0
1147060 2133.0
1147070 2126.5
1147080 2120.9
1147090 2120.9
1147100 2115.7
1147110 2110.6
1147120 2106.2
1147130 2106.2
1147140 2101.5
1147150 2097.9
1147160 2097.9
1147170 2095.8
1147180 2090.3
1147190 2090.3
1147200 2082.7
1147210 2075.7
1147220 2075.7
1147230 2069.7
1147240 2064.3
1147250 2064.3
1147260 2061.1
1147270 2058.1
1147280 2058.1
1147290 2053.7
1147300 2046.7
1147310 2046.7
1147320 2036.8
1147330 2025.9
1147340 2025.9
1147350 2018.4
1147360 2014.6
1147370 2015.7
1147380 2015.7
1147390 2015.4
1147400 2003.4
1147410 2003.4
1147420 2001.2
1147430 1999.9
1147440 1999.9
1147450 1997.7
1147460 1995.3
1147470 1995.3
1147480 1994.3
1147490 1994.2
1147500 1994.2
1147510 1994.2
1147520 1994.6
1147530 1994.6
1147540 1994.9
1147550 1995.1
1147560 1995.1
1147570 1996.8
1147580 1998.3
1147590 1998.3
1147600 1998.3
1147610 1998.7
1147620 1998.7
1147630 2001.0
1147640 2005.1
1147650 2009.7
1147660 2009.7
1147670 2013.0
1147680 2015.0
1147690 2015.0
1147700 2018.8
1147710 2027.5
1147720 2027.5
1147730 2034.4
1147740 2036.5
1147750 2036.5
1147760 2038.5
1147770 2042.3
1147780 2037.8
1147790 2039.2
1147800 2040.0
1147810 2040.0
1147820 2039.4
1147830 2036.3
1147840 2036.3
1147850 2032.8
1147860 2028.0
1147870 2028.0
1147880 2021.3
1147890 2015.1
1147900 2015.1
1147910 2011.8
1147920 2007.1
1147930 2002.9
1147940 2002.9
1147950 2005.0
1147960 2001.4
1147970 2001.4
1147980 1997.5
1147990 1991.3
1148000 1991.3
1148010 1984.8
1148020 1979.0
1148030 1979.0
1148040 1975.2
1148050 1973.3
1148060 1973.3
1148070 1975.9
1148080 1977.5
1148090 1977.5
1148100 1979.8
1148110 1979.8
1148120 1979.8
1148130 1974.2
1148140 1970.0
1148150 1970.0
1148160 1957.2
1148170 1952.6
1148180 1947.5
1148190 1947.5
1148200 1945.1
1148210 1946.0
1148220 1946.0
1148230 1947.2
1148240 1948.4
1148250 1948.4
1148260 1948.6
1148270 1950.8
1148280 1950.8
1148290 1952.9
1148300 1955.1
1148310 1955.1
1148320 1958.5
1148330 1963.8
1148340 1963.8
1148350 1970.2
1148360 1975.6
1148370 1975.6
1148380 1980.7
1148390 1985.7
1148400 1985.7
1148410 1991.8
1148420 1998.4
1148430 1998.4
1148440 2005.9
1148450 2024.3
1148460 2038.6
1148470 2038.6
1148480 2047.2
1148490 2066.5
1148500 2066.5
1148510 2085.2
1148520 2089.4
1148530 2089.4
1148540 2084.9
1148550 2084.6
1148560 2084.6
1148570 2083.8
1148580 2083.1
1148590 2083.1
1148600 2081.9
1148610 2078.3
1148620 2078.3
1148630 2078.3
1148640 2080.5
1148650 2080.5
1148660 2083.6
1148670 2087.4
1148680 2087.4
1148690 2091.3
1148700 2094.2
1148710 2095.7
1148720 2095.7
1148730 2098.1
1148740 2099.6
1148750 2099.6
1148760 2100.3
1148770 2100.8
1148780 2100.8
1148790 2101.7
1148800 2104.2
1148810 2104.2
1148820 2107.0
1148830 2108.7
1148840 2108.7
1148850 2109.5
1148860 2109.4
1148870 2109.4
1148880 2108.0
1148890 2106.4
1148900 2106.4
1148910 2105.2
1148920 2100.4
1148930 2100.4
1148940 2099.2
1148950 2098.3
1148960 2098.3
1148970 2095.3
1148980 2089.6
1148990 2083.4
1149000 2083.4
1149010 2077.4
1149020 2071.5
1149030 2071.5
1149040 2065.6
1149050 2060.4
1149060 2060.4
1149070 2055.2
1149080 2048.5
1149090 2048.5
1149100 2040.8
1149110 2029.8
1149120 2029.8
1149130 2017.8
1149140 2007.5
1149150 2007.5
1149160 1999.1
1149170 1991.8
1149180 1991.8
1149190 1985.1
1149200 1978.8
1149210 1978.8
1149220 1972.9
1149230 1967.7
1149240 1967.7
1149250 1962.5
1149260 1957.1
1149270 1951.0
1149280 1951.0
1149290 1942.8
1149300 1934.0
1149310 1934.0
1149320 1927.6
1149330 1920.4
1149340 1920.4
1149350 1912.3
1149360 1902.9
1149370 1902.9
1149380 1894.0
1149390 1886.1
1149400 1886.1
1149410 1877.8
1149420 1870.5
1149430 1870.5
1149440 1863.6
1149450 1856.9
1149460 1856.9
1149470 1850.2
1149480 1843.7
1149490 1843.7
1149500 1836.1
1149510 1830.4
1149520 1825.0
1149530 1825.0
1149540 1818.8
1149550 1814.2
1149560 1814.2
1149570 1809.9
1149580 1805.9
1149590 1805.9
1149600 1802.0
1149610 1798.0
1149620 1798.0
1149630 1794.0
1149640 1789.5
1149650 1789.5
1149660 1785.3
1149670 1781.3
1149680 1777.6
1149690 1773.8
1149700 1769.9
1149710 1769.9
1149720 1765.4
1149730 1760.4
1149740 1760.4
1149750 1755.4
1149760 1750.0
1149770 1750.0
1149780 1744.5
1149790 1736.8
1149800 1728.4
1149810 1728.4
1149820 1719.9
1149830 1711.4
1149840 1711.4
1149850 1702.9
1149860 1694.0
1149870 1694.0
1149880 1684.6
1149890 1675.3
1149900 1675.3
1149910 1666.3
1149920 1657.2
1149930 1657.2
1149940 1649.7
1149950 1643.4
1149960 1643.4
1149970 1637.8
1149980 1631.9
1149990 1631.9
1150000 1626.1
1150010 1619.0
1150020 1619.0
1150030 1610.6
1150040 1601.4
1150050 1601.4
1150060 1590.6
1150070 1580.6
1150080 1573.8
1150090 1573.8
1150100 1569.9
1150110 1565.0
1150120 1565.0
1150130 1558.2
1150140 1550.8
1150150 1550.8
1150160 1542.9
1150170 1535.0
1150180 1535.0
1150190 1526.1
1150200 1514.2
1150210 1514.2
1150220 1496.4
1150230 1475.1
1150240 1475.1
1150250 1465.3
1150260 1459.4
1150270 1459.4
1150280 1453.0
1150290 1444.4
1150300 1444.4
1150310 1434.7
1150320 1427.3
1150330 1419.9
1150340 1419.9
1150350 1412.4
1150360 1399.0
1150370 1399.0
1150380 1394.0
1150390 1391.6
1150400 1391.6
1150410 1385.4
1150420 1373.8
1150430 1373.8
1150440 1359.6
1150450 1354.5
1150460 1354.5
1150470 1354.0
1150480 1350.3
1150490 1350.3
1150500 1346.2
1150510 1342.7
1150520 1342.7
1150530 1338.7
1150540 1334.7
1150550 1334.7
1150560 1329.9
1150570 1324.8
1150580 1324.8
1150590 1319.8
1150600 1314.8
1150610 1309.8
1150620 1309.8
1150630 1304.0
1150640 1297.0
1150650 1297.0
1150660 1291.4
1150670 1288.4
1150680 1288.4
1150690 1285.8
1150700 1283.8
1150710 1283.8
1150720 1282.3
1150730 1280.5
1150740 1280.5
1150750 1277.9
1150760 1274.5
1150770 1274.5
1150780 1271.2
1150790 1267.8
1150800 1267.8
1150810 1264.4
1150820 1260.2
1150830 1260.2
1150840 1256.9
1150850 1253.4
1150860 1253.4
1150870 1249.9
1150880 1246.9
1150890 1243.5
1150900 1243.5
1150910 1234.7
1150920 1219.9
1150930 1219.9
1150940 1204.7
1150950 1185.1
1150960 1185.1
1150970 1169.9
1150980 1161.0
1150990 1161.0
1151000 1161.2
1151010 1168.5
1151020 1168.5
1151030 1176.3
1151040 1185.3
1151050 1185.3
1151060 1194.2
1151070 1213.3
1151080 1213.3
1151090 1229.5
1151100 1238.0
1151110 1238.0
1151120 1242.3
1151130 1257.2
1151140 1269.2
1151150 1269.2
1151160 1275.1
1151170 1279.5
1151180 1279.5
1151190 1285.1
1151200 1291.2
1151210 1291.2
1151220 1297.7
1151230 1303.1
1151240 1303.1
1151250 1308.8
1151260 1315.2
1151270 1315.2
1151280 1321.7
1151290 1327.1
1151300 1327.1
1151310 1333.2
1151320 1339.9
1151330 1339.9
1151340 1345.8
1151350 1349.2
1151360 1349.2
1151370 1349.5
1151380 1349.2
1151390 1349.2
1151400 1351.0
1151410 1353.2
1151420 1355.8
1151430 1355.8
1151440 1358.5
1151450 1361.3
1151460 1361.3
1151470 1363.9
1151480 1365.9
1151490 1365.9
1151500 1367.4
1151510 1369.0
1151520 1369.0
1151530 1371.2
1151540 1373.5
1151550 1373.5
1151560 1374.9
1151570 1376.2
1151580 1374.5
1151590 1376.7
1151600 1379.3
1151610 1379.3
1151620 1381.8
1151630 1384.3
1151640 1384.3
1151650 1386.5
1151660 1390.0
1151670 1390.0
1151680 1395.1
1151690 1399.8
1151700 1403.7
1151710 1403.7
1151720 1406.1
1151730 1408.0
1151740 1408.0
1151750 1409.9
1151760 1412.1
1151770 1412.1
1151780 1414.6
1151790 1416.8
1151800 1416.8
1151810 1418.5
1151820 1419.8
1151830 1419.8
1151840 1421.2
1151850 1422.7
1151860 1422.7
1151870 1424.3
1151880 1424.7
1151890 1424.7
1151900 1424.0
1151910 1423.9
1151920 1423.9
1151930 1425.3
1151940 1426.7
1151950 1428.6
1151960 1428.6
1151970 1425.9
1151980 1428.8
1151990 1428.8
1152000 1431.0
1152010 1432.5
1152020 1432.5
1152030 1434.1
1152040 1435.6
1152050 1435.6
1152060 1436.4
1152070 1437.2
1152080 1437.2
1152090 1437.8
1152100 1438.2
1152110 1438.2
1152120 1438.7
1152130 1437.6
1152140 1437.6
1152150 1436.6
1152160 1436.5
1152170 1436.5
1152180 1436.1
1152190 1437.3
1152200 1437.3
1152210 1439.0
1152220 1440.5
1152230 1441.3
1152240 1441.3
1152250 1441.2
1152260 1440.6
1152270 1440.6
1152280 1440.5
1152290 1440.9
1152300 1440.9
1152310 1441.3
1152320 1441.0
1152330 1441.0
1152340 1439.2
1152350 1429.1
1152360 1429.1
1152370 1426.1
1152380 1422.9
1152390 1422.9
1152400 1419.5
1152410 1416.5
1152420 1416.5
1152430 1413.9
1152440 1411.8
1152450 1411.8
1152460 1409.9
1152470 1408.4
1152480 1408.4
1152490 1407.9
1152500 1407.7
1152510 1407.1
1152520 1407.1
1152530 1405.9
1152540 1405.0
1152550 1405.0
1152560 1404.7
1152570 1403.7
1152580 1403.7
1152590 1401.7
1152600 1400.8
1152610 1400.8
1152620 1400.3
1152630 1400.0
1152640 1400.0
1152650 1399.0
1152660 1398.2
1152670 1398.2
1152680 1398.3
1152690 1399.7
1152700 1399.7
1152710 1402.5
1152720 1404.4
1152730 1395.7
1152740 1395.5
1152750 1393.6
1152760 1391.9
1152770 1391.9
1152780 1391.2
1152790 1389.7
1152800 1389.7
1152810 1388.8
1152820 1387.5
1152830 1387.5
1152840 1387.5
1152850 1387.1
1152860 1387.1
1152870 1385.0
1152880 1385.3
1152890 1385.3
1152900 1388.3
1152910 1390.4
1152920 1390.4
1152930 1391.5
1152940 1391.7
1152950 1391.7
1152960 1387.4
1152970 1388.8
1152980 1388.8
1152990 1391.7
1153000 1393.6
1153010 1393.6
1153020 1396.1
1153030 1398.8
1153040 1401.7
1153050 1401.7
1153060 1403.9
1153070 1405.0
1153080 1405.0
1153090 1405.8
1153100 1404.9
1153110 1404.9
1153120 1394.9
1153130 1390.9
1153140 1390.9
1153150 1388.9
1153160 1390.0
1153170 1390.0
1153180 1391.2
1153190 1391.0
1153200 1391.0
1153210 1390.5
1153220 1391.3
1153230 1391.3
1153240 1393.5
1153250 1396.2
1153260 1396.2
1153270 1398.5
1153280 1399.9
1153290 1399.9
1153300 1400.8
1153310 1403.8
1153320 1407.5
1153330 1407.5
1153340 1409.6
1153350 1410.5
1153360 1410.5
1153370 1411.8
1153380 1413.3
1153390 1413.3
1153400 1417.1
1153410 1421.9
1153420 1421.9
1153430 1427.7
1153440 1431.9
1153450 1431.9
1153460 1433.7
1153470 1435.3
1153480 1435.3
1153490 1435.8
1153500 1430.8
1153510 1430.8
1153520 1431.1
1153530 1432.7
1153540 1432.7
1153550 1435.5
1153560 1438.5
1153570 1442.0
1153580 1442.0
1153590 1446.1
1153600 1450.6
1153610 1450.6
1153620 1455.6
1153630 1461.2
1153640 1461.2
1153650 1466.7
1153660 1471.5
1153670 1471.5
1153680 1477.6
1153690 1484.2
1153700 1484.2
1153710 1490.1
1153720 1495.9
1153730 1495.9
1153740 1502.2
1153750 1510.1
1153760 1510.1
1153770 1522.8
1153780 1531.0
1153790 1531.0
1153800 1535.4
1153810 1538.7
1153820 1538.7
1153830 1538.6
1153840 1540.1
1153850 1544.9
1153860 1544.9
1153870 1548.9
1153880 1551.9
1153890 1551.3
1153900 1554.7
1153910 1557.1
1153920 1557.1
1153930 1560.9
1153940 1563.3
1153950 1563.3
1153960 1564.6
1153970 1564.2
1153980 1564.2
1153990 1564.2
1154000 1565.9
1154010 1565.9
1154020 1566.9
1154030 1567.0
1154040 1567.0
1154050 1567.1
1154060 1567.1
1154070 1567.1
1154080 1567.2
1154090 1568.1
1154100 1568.1
1154110 1570.5
1154120 1573.9
1154130 1576.6
1154140 1576.6
1154150 1578.3
1154160 1578.7
1154170 1578.7
1154180 1578.3
1154190 1577.3
1154200 1577.3
1154210 1577.2
1154220 1577.2
1154230 1577.2
1154240 1576.0
1154250 1574.5
1154260 1574.5
1154270 1570.2
1154280 1568.3
1154290 1568.3
1154300 1565.9
1154310 1564.2
1154320 1564.2
1154330 1563.3
1154340 1562.7
1154350 1562.7
1154360 1561.6
1154370 1560.3
1154380 1559.3
1154390 1559.3
1154400 1558.9
1154410 1558.5
1154420 1558.5
1154430 1558.4
1154440 1558.2
1154450 1558.2
1154460 1557.4
1154470 1556.4
1154480 1556.4
1154490 1554.9
1154500 1553.2
1154510 1553.2
1154520 1551.8
1154530 1550.0
1154540 1550.0
1154550 1547.4
1154560 1544.1
1154570 1544.1
1154580 1540.7
1154590 1538.6
1154600 1538.6
1154610 1536.0
1154620 1532.0
1154630 1532.0
1154640 1528.3
1154650 1525.5
1154660 1518.2
1154670 1518.2
1154680 1515.6
1154690 1512.8
1154700 1512.8
1154710 1510.2
1154720 1506.8
1154730 1506.8
1154740 1503.3
1154750 1500.1
1154760 1500.1
1154770 1496.9
1154780 1494.0
1154790 1494.0
1154800 1490.7
1154810 1487.5
1154820 1487.5
1154830 1483.9
1154840 1479.9
1154850 1479.9
1154860 1475.8
1154870 1472.8
1154880 1472.8
1154890 1471.1
1154900 1469.4
1154910 1467.4
1154920 1467.4
1154930 1464.7
1154940 1460.8
1154950 1460.8
1154960 1456.3
1154970 1452.5
1154980 1452.5
1154990 1448.9
1155000 1445.5
1155010 1445.5
1155020 1443.4
1155030 1442.0
1155040 1438.2
1155050 1437.2
1155060 1435.3
1155070 1435.3
1155080 1433.1
1155090 1431.8
1155100 1431.8
1155110 1431.0
1155120 1429.1
1155130 1429.1
1155140 1426.4
1155150 1423.3
1155160 1423.3
1155170 1419.7
1155180 1415.6
1155190 1410.2
1155200 1410.2
1155210 1405.5
1155220 1401.5
1155230 1401.5
1155240 1397.5
1155250 1393.5
1155260 1393.5
1155270 1389.4
1155280 1385.8
1155290 1385.8
1155300 1382.6
1155310 1379.8
1155320 1379.8
1155330 1377.7
1155340 1376.5
1155350 1376.5
1155360 1371.4
1155370 1367.0
1155380 1367.0
1155390 1363.0
1155400 1357.7
1155410 1357.7
1155420 1353.0
1155430 1345.3
1155440 1345.3
1155450 1341.5
1155460 1335.2
1155470 1328.8
1155480 1328.8
1155490 1323.1
1155500 1317.8
1155510 1317.8
1155520 1312.6
1155530 1307.4
1155540 1307.4
1155550 1302.7
1155560 1298.7
1155570 1298.7
1155580 1294.6
1155590 1290.5
1155600 1290.5
1155610 1287.1
1155620 1282.7
1155630 1282.7
1155640 1275.9
1155650 1268.1
1155660 1268.1
1155670 1263.2
1155680 1260.4
1155690 1260.4
1155700 1257.4
1155710 1253.3
1155720 1250.4
1155730 1250.4
1155740 1247.5
1155750 1245.1
1155760 1245.1
1155770 1242.7
1155780 1240.3
1155790 1240.3
1155800 1237.8
1155810 1235.3
1155820 1230.8
1155830 1231.0
1155840 1228.5
1155850 1228.5
1155860 1224.5
1155870 1222.8
1155880 1222.8
1155890 1220.8
1155900 1219.8
1155910 1219.8
1155920 1218.4
1155930 1217.7
1155940 1217.7
1155950 1216.5
1155960 1215.6
1155970 1215.6
1155980 1214.8
1155990 1214.6
1156000 1214.8
1156010 1214.8
1156020 1214.1
1156030 1212.5
1156040 1212.5
1156050 1211.1
1156060 1207.4
1156070 1207.4
1156080 1202.7
1156090 1199.7
1156100 1199.7
1156110 1198.3
1156120 1197.3
1156130 1197.3
1156140 1195.5
1156150 1192.5
1156160 1192.5
1156170 1190.9
1156180 1189.6
1156190 1189.6
1156200 1187.6
1156210 1185.9
1156220 1185.9
1156230 1182.9
1156240 1180.5
1156250 1180.5
1156260 1178.9
1156270 1176.9
1156280 1174.3
1156290 1174.3
1156300 1172.1
1156310 1171.1
1156320 1171.1
1156330 1170.4
1156340 1171.0
1156350 1171.0
1156360 1170.6
1156370 1168.7
1156380 1168.7
1156390 1166.2
1156400 1165.0
1156410 1165.0
1156420 1163.1
1156430 1157.1
1156440 1157.1
1156450 1147.7
1156460 1138.8
1156470 1138.8
1156480 1136.8
1156490 1142.9
1156500 1142.9
1156510 1149.2
1156520 1150.4
1156530 1149.9
1156540 1149.9
1156550 1150.2
1156560 1151.6
1156570 1151.6
1156580 1151.0
1156590 1135.3
1156600 1135.3
1156610 1122.1
1156620 1116.3
1156630 1116.3
1156640 1113.0
1156650 1111.5
1156660 1111.5
1156670 1112.6
1156680 1116.2
1156690 1116.2
1156700 1117.2
1156710 1117.3
1156720 1117.3
1156730 1118.7
1156740 1120.6
1156750 1120.6
1156760 1123.9
1156770 1127.8
1156780 1127.8
1156790 1129.8
1156800 1131.9
1156810 1135.3
1156820 1135.3
1156830 1140.9
1156840 1146.9
1156850 1146.9
1156860 1150.9
1156870 1154.3
1156880 1154.3
1156890 1155.1
1156900 1154.6
1156910 1154.6
1156920 1149.9
1156930 1146.1
1156940 1146.1
1156950 1150.0
1156960 1153.0
1156970 1153.0
1156980 1147.7
1156990 1149.3
1157000 1149.3
1157010 1151.3
1157020 1152.6
1157030 1152.6
1157040 1153.9
1157050 1155.7
1157060 1155.7
1157070 1157.0
1157080 1157.7
1157090 1157.7
1157100 1157.7
1157110 1155.7
1157120 1152.5
1157130 1152.5
1157140 1151.9
1157150 1151.1
1157160 1151.1
1157170 1149.6
1157180 1148.4
1157190 1148.4
1157200 1147.7
1157210 1146.7
1157220 1146.7
1157230 1145.7
1157240 1145.1
1157250 1145.1
1157260 1144.5
1157270 1142.8
1157280 1142.8
1157290 1140.8
1157300 1139.1
1157310 1139.1
1157320 1137.6
1157330 1137.0
1157340 1136.3
1157350 1136.3
1157360 1135.3
1157370 1125.8
1157380 1125.8
1157390 1124.0
1157400 1121.5
1157410 1121.5
1157420 1117.3
1157430 1112.6
1157440 1112.6
1157450 1107.7
1157460 1102.3
1157470 1102.3
1157480 1095.5
1157490 1088.6
1157500 1088.6
1157510 1083.2
1157520 1077.5
1157530 1077.5
1157540 1072.8
1157550 1067.5
1157560 1067.5
1157570 1060.9
1157580 1057.1
1157590 1057.1
1157600 1056.2
1157610 1056.1
1157620 1056.2
1157630 1056.2
1157640 1056.1
1157650 1056.0
1157660 1056.0
1157670 1056.0
1157680 1056.5
1157690 1056.5
1157700 1057.2
1157710 1057.3
1157720 1057.3
1157730 1057.2
1157740 1057.1
1157750 1057.1
1157760 1057.2
1157770 1057.1
1157780 1057.1
1157790 1057.0
1157800 1056.8
1157810 1056.8
1157820 1056.4
1157830 1056.2
1157840 1056.2
1157850 1056.0
1157860 1055.1
1157870 1055.1
1157880 1054.0
1157890 1053.7
1157900 1053.6
1157910 1053.6
1157920 1053.5
1157930 1053.5
1157940 1053.5
1157950 1054.5
1157960 1055.5
1157970 1055.5
1157980 1055.8
1157990 1055.8
1158000 1055.8
1158010 1056.0
1158020 1056.4
1158030 1056.4
1158040 1056.6
1158050 1056.6
1158060 1056.6
1158070 1056.6
1158080 1056.7
1158090 1056.7
1158100 1056.7
1158110 1056.4
1158120 1056.4
1158130 1056.6
1158140 1056.5
1158150 1057.1
1158160 1057.1
1158170 1057.2
1158180 1057.0
1158190 1057.0
1158200 1056.9
1158210 1056.0
1158220 1056.0
1158230 1054.8
1158240 1055.7
1158250 1055.7
1158260 1057.0
1158270 1057.4
1158280 1057.4
1158290 1057.2
1158300 1056.8
1158310 1056.8
1158320 1056.7
1158330 1056.5
1158340 1056.5
1158350 1056.4
1158360 1056.1
1158370 1056.1
1158380 1056.0
1158390 1055.9
1158400 1055.9
1158410 1056.0
1158420 1056.7
1158430 1057.7
1158440 1057.7
1158450 1058.6
1158460 1058.5
1158470 1058.5
1158480 1058.3
1158490 1058.2
1158500 1058.2
1158510 1058.2
1158520 1058.7
1158530 1058.7
1158540 1059.7
1158550 1059.7
1158560 1059.7
1158570 1059.6
1158580 1059.4
1158590 1059.4
1158600 1059.3
1158610 1059.1
1158620 1059.1
1158630 1058.9
1158640 1058.7
1158650 1058.7
1158660 1058.5
1158670 1058.3
1158680 1058.1
1158690 1058.1
1158700 1058.0
1158710 1058.1
1158720 1058.1
1158730 1059.4
1158740 1065.3
1158750 1065.3
1158760 1071.4
1158770 1074.4
1158780 1074.4
1158790 1075.2
1158800 1075.9
1158810 1075.9
1158820 1076.6
1158830 1077.6
1158840 1077.6
1158850 1078.5
1158860 1079.4
1158870 1079.4
1158880 1080.3
1158890 1081.3
1158900 1081.3
1158910 1082.4
1158920 1083.4
1158930 1083.7
1158940 1084.8
1158950 1085.6
1158960 1086.5
1158970 1086.5
1158980 1087.3
1158990 1088.3
1159000 1088.3
1159010 1089.1
1159020 1089.7
1159030 1089.7
1159040 1090.0
1159050 1090.3
1159060 1090.3
1159070 1090.7
1159080 1091.2
1159090 1091.2
1159100 1091.9
1159110 1092.9
1159120 1092.9
1159130 1094.0
1159140 1095.1
1159150 1095.1
1159160 1096.2
1159170 1097.3
1159180 1097.3
1159190 1098.6
1159200 1099.8
1159210 1099.8
1159220 1101.0
1159230 1102.3
1159240 1103.6
1159250 1103.6
1159260 1104.9
1159270 1106.4
1159280 1106.4
1159290 1107.8
1159300 1109.4
1159310 1109.4
1159320 1110.9
1159330 1112.4
1159340 1112.4
1159350 1113.8
1159360 1116.0
1159370 1116.0
1159380 1117.9
1159390 1119.1
1159400 1119.1
1159410 1120.7
1159420 1122.0
1159430 1122.0
1159440 1123.4
1159450 1125.0
1159460 1125.0
1159470 1126.6
1159480 1128.2
1159490 1129.8
1159500 1129.8
1159510 1131.2
1159520 1131.8
1159530 1131.8
1159540 1130.4
1159550 1128.8
1159560 1128.8
1159570 1127.7
1159580 1129.8
1159590 1129.8
1159600 1133.9
1159610 1138.2
1159620 1138.2
1159630 1142.2
1159640 1145.0
1159650 1145.0
1159660 1140.8
1159670 1139.9
1159680 1139.9
1159690 1152.6
1159700 1161.0
1159710 1168.9
1159720 1178.1
1159730 1184.4
1159740 1184.4
1159750 1184.4
1159760 1183.1
1159770 1180.8
1159780 1180.8
1159790 1183.3
1159800 1187.9
1159810 1187.9
1159820 1193.4
1159830 1199.9
1159840 1199.9
1159850 1206.9
1159860 1212.4
1159870 1212.4
1159880 1215.8
1159890 1218.4
1159900 1218.4
1159910 1220.5
1159920 1223.4
1159930 1223.4
1159940 1228.0
1159950 1232.8
1159960 1232.8
1159970 1237.0
1159980 1239.6
1159990 1239.6
