1140000 2283.7
1140010 2283.7
1140020 2274.7
1140030 2254.9
1140040 2254.9
1140050 2244.3
1140060 2239.4
1140070 2238.8
1140080 2238.8
1140090 2238.8
1140100 2235.0
1140110 2235.0
1140120 2230.3
1140130 2229.8
1140140 2229.8
1140150 2230.0
1140160 2231.1
1140170 2229.8
1140180 2230.2
1140190 2231.0
1140200 2231.0
1140210 2231.1
1140220 2231.9
1140230 2231.9
1140240 2234.1
1140250 2236.4
1140260 2236.4
1140270 2234.5
1140280 2228.9
1140290 2228.9
1140300 2222.6
1140310 2217.9
1140320 2213.4
1140330 2213.4
1140340 2207.2
1140350 2201.4
1140360 2201.4
1140370 2197.4
1140380 2192.8
1140390 2192.8
1140400 2188.1
1140410 2183.0
1140420 2183.0
1140430 2178.4
1140440 2176.4
1140450 2176.4
1140460 2176.2
1140470 2176.9
1140480 2176.9
1140490 2177.2
1140500 2175.9
1140510 2175.9
1140520 2176.2
1140530 2175.1
1140540 2174.4
1140550 2169.4
1140560 2165.1
1140570 2165.1
1140580 2161.2
1140590 2154.9
1140600 2148.1
1140610 2148.1
1140620 2141.0
1140630 2133.5
1140640 2133.5
1140650 2126.8
1140660 2121.0
1140670 2121.0
1140680 2118.3
1140690 2116.3
1140700 2116.3
1140710 2112.6
1140720 2109.1
1140730 2109.1
1140740 2106.7
1140750 2101.4
1140760 2101.4
1140770 2096.2
1140780 2093.8
1140790 2093.8
1140800 2094.0
1140810 2089.2
1140820 2089.2
1140830 2083.0
1140840 2077.6
1140850 2077.6
1140860 2074.2
1140870 2070.5
1140880 2066.4
1140890 2066.4
1140900 2062.2
1140910 2055.8
1140920 2055.8
1140930 2052.8
1140940 2048.4
1140950 2048.4
1140960 2044.1
1140970 2041.2
1140980 2041.2
1140990 2041.7
1141000 2039.8
1141010 2039.8
1141020 2039.0
1141030 2039.3
1141040 2039.3
1141050 2038.5
1141060 2035.7
1141070 2035.7
1141080 2032.9
1141090 2030.4
1141100 2030.4
1141110 2027.6
1141120 2024.8
1141130 2024.8
1141140 2022.4
1141150 2019.8
1141160 2017.5
1141170 2017.5
1141180 2016.8
1141190 2018.0
1141200 2018.0
1141210 2020.0
1141220 2020.8
1141230 2020.8
1141240 2020.9
1141250 2021.5
1141260 2021.5
1141270 2021.7
1141280 2015.5
1141290 2015.5
1141300 2014.4
1141310 2016.3
1141320 2016.3
1141330 2021.2
1141340 2024.9
1141350 2024.9
1141360 2026.0
1141370 2025.6
1141380 2025.6
1141390 2022.4
1141400 2019.1
1141410 2019.1
1141420 2019.1
1141430 2021.2
1141440 2023.1
1141450 2023.1
1141460 2010.6
1141470 1984.6
1141480 1984.6
1141490 1985.2
1141500 1990.6
1141510 1990.6
1141520 1989.4
1141530 1987.5
1141540 1987.5
1141550 1981.1
1141560 1971.8
1141570 1971.8
1141580 1966.7
1141590 1959.0
1141600 1959.0
1141610 1922.3
1141620 1884.4
1141630 1884.4
1141640 1878.8
1141650 1879.5
1141660 1871.5
1141670 1876.5
1141680 1879.6
1141690 1879.7
1141700 1879.7
1141710 1868.0
1141720 1856.4
1141730 1856.4
1141740 1848.4
1141750 1842.4
1141760 1842.4
1141770 1840.8
1141780 1837.1
1141790 1837.1
1141800 1834.2
1141810 1833.2
1141820 1833.2
1141830 1831.2
1141840 1828.1
1141850 1828.1
1141860 1825.7
1141870 1824.9
1141880 1824.9
1141890 1826.0
1141900 1827.7
1141910 1827.7
1141920 1828.5
1141930 1828.1
1141940 1828.1
1141950 1826.7
1141960 1826.2
1141970 1826.0
1141980 1826.0
1141990 1826.5
1142000 1824.9
1142010 1824.9
1142020 1824.8
1142030 1820.1
1142040 1820.1
1142050 1822.4
1142060 1823.3
1142070 1823.3
1142080 1828.2
1142090 1832.1
1142100 1832.1
1142110 1833.0
1142120 1833.7
1142130 1833.7
1142140 1838.1
1142150 1843.3
1142160 1843.3
1142170 1848.8
1142180 1854.3
1142190 1854.3
1142200 1859.3
1142210 1864.1
1142220 1868.7
1142230 1868.7
1142240 1873.3
1142250 1877.7
1142260 1877.7
1142270 1883.4
1142280 1889.7
1142290 1889.7
1142300 1895.5
1142310 1902.5
1142320 1902.5
1142330 1910.8
1142340 1926.6
1142350 1926.6
1142360 1941.8
1142370 1944.8
1142380 1944.8
1142390 1947.4
1142400 1950.8
1142410 1950.8
1142420 1957.8
1142430 1970.1
1142440 1970.1
1142450 1988.6
1142460 1999.2
1142470 1999.2
1142480 2008.8
1142490 2019.4
1142500 2029.7
1142510 2029.7
1142520 2036.4
1142530 2043.3
1142540 2043.3
1142550 2054.1
1142560 2062.2
1142570 2062.2
1142580 2067.5
1142590 2069.1
1142600 2069.1
1142610 2073.5
1142620 2076.2
1142630 2076.2
1142640 2075.8
1142650 2075.1
1142660 2075.1
1142670 2074.9
1142680 2075.9
1142690 2075.9
1142700 2078.2
1142710 2081.0
1142720 2081.0
1142730 2081.6
1142740 2080.7
1142750 2080.7
1142760 2080.3
1142770 2073.3
1142780 2071.8
1142790 2071.8
1142800 2069.8
1142810 2066.5
1142820 2066.5
1142830 2062.3
1142840 2062.0
1142850 2062.0
1142860 2063.0
1142870 2065.2
1142880 2065.2
1142890 2066.8
1142900 2067.3
1142910 2067.3
1142920 2066.6
1142930 2065.2
1142940 2065.2
1142950 2064.4
1142960 2064.9
1142970 2064.9
1142980 2067.4
1142990 2070.2
1143000 2070.2
1143010 2073.1
1143020 2075.2
1143030 2076.7
1143040 2076.7
1143050 2077.4
1143060 2078.5
1143070 2078.5
1143080 2079.6
1143090 2080.7
1143100 2080.7
1143110 2081.7
1143120 2082.3
1143130 2082.3
1143140 2079.8
1143150 2082.9
1143160 2082.9
1143170 2085.6
1143180 2087.7
1143190 2087.7
1143200 2090.5
1143210 2093.8
1143220 2093.8
1143230 2096.4
1143240 2099.3
1143250 2099.3
1143260 2101.7
1143270 2104.5
1143280 2104.5
1143290 2107.6
1143300 2109.6
1143310 2114.4
1143320 2114.4
1143330 2118.8
1143340 2122.2
1143350 2122.2
1143360 2125.2
1143370 2127.5
1143380 2127.5
1143390 2129.4
1143400 2131.1
1143410 2131.1
1143420 2135.2
1143430 2138.9
1143440 2138.9
1143450 2141.6
1143460 2143.5
1143470 2143.5
1143480 2143.6
1143490 2147.9
1143500 2147.9
1143510 2151.6
1143520 2147.8
1143530 2147.8
1143540 2150.4
1143550 2151.3
1143560 2151.3
1143570 2152.5
1143580 2156.3
1143590 2156.0
1143600 2156.0
1143610 2160.7
1143620 2169.4
1143630 2169.4
1143640 2176.8
1143650 2181.5
1143660 2181.5
1143670 2184.1
1143680 2185.4
1143690 2185.4
1143700 2183.3
1143710 2185.2
1143720 2185.2
1143730 2190.6
1143740 2196.2
1143750 2196.2
1143760 2201.0
1143770 2205.0
1143780 2205.0
1143790 2208.9
1143800 2215.9
1143810 2215.9
1143820 2223.8
1143830 2229.0
1143840 2229.0
1143850 2234.2
1143860 2240.0
1143870 2245.9
1143880 2245.9
1143890 2249.4
1143900 2255.6
1143910 2255.6
1143920 2262.5
1143930 2269.4
1143940 2269.4
1143950 2279.1
1143960 2294.8
1143970 2294.8
1143980 2308.2
1143990 2320.2
1144000 2320.2
1144010 2332.1
1144020 2343.6
1144030 2343.6
1144040 2354.1
1144050 2364.5
1144060 2364.5
1144070 2374.0
1144080 2382.9
1144090 2382.9
1144100 2390.7
1144110 2395.7
1144120 2399.5
1144130 2399.5
1144140 2414.5
1144150 2430.4
1144160 2430.4
1144170 2431.0
1144180 2415.5
1144190 2415.5
1144200 2401.6
1144210 2392.2
1144220 2392.2
1144230 2387.9
1144240 2379.5
1144250 2379.5
1144260 2384.4
1144270 2370.7
1144280 2370.7
1144290 2359.5
1144300 2348.9
1144310 2348.9
1144320 2338.9
1144330 2331.2
1144340 2331.2
1144350 2325.0
1144360 2319.1
1144370 2319.1
1144380 2312.5
1144390 2306.6
1144400 2301.5
1144410 2301.5
1144420 2295.8
1144430 2290.0
1144440 2290.0
1144450 2284.2
1144460 2278.7
1144470 2278.7
1144480 2273.6
1144490 2268.8
1144500 2268.8
1144510 2264.4
1144520 2260.5
1144530 2260.5
1144540 2257.2
1144550 2254.1
1144560 2254.1
1144570 2251.1
1144580 2248.4
1144590 2248.4
1144600 2246.1
1144610 2243.1
1144620 2243.1
1144630 2237.3
1144640 2236.4
1144650 2236.4
1144660 2227.7
1144670 2221.1
1144680 2215.6
1144690 2215.6
1144700 2211.6
1144710 2206.1
1144720 2206.1
1144730 2200.2
1144740 2194.9
1144750 2194.9
1144760 2189.9
1144770 2185.0
1144780 2185.0
1144790 2179.8
1144800 2174.6
1144810 2174.6
1144820 2171.6
1144830 2168.5
1144840 2168.5
1144850 2165.6
1144860 2163.1
1144870 2163.1
1144880 2160.9
1144890 2159.1
1144900 2159.1
1144910 2157.8
1144920 2157.0
1144930 2157.7
1144940 2157.7
1144950 2158.4
1144960 2158.5
1144970 2158.5
1144980 2159.1
1144990 2158.6
1145000 2158.6
1145010 2167.9
1145020 2170.1
1145030 2170.1
1145040 2171.9
1145050 2173.1
1145060 2173.1
1145070 2176.5
1145080 2182.4
1145090 2182.4
1145100 2185.7
1145110 2189.4
1145120 2189.4
1145130 2189.8
1145140 2188.4
1145150 2188.4
1145160 2188.2
1145170 2185.6
1145180 2185.6
1145190 2184.4
1145200 2183.3
1145210 2181.7
1145220 2181.7
1145230 2177.5
1145240 2171.7
1145250 2171.7
1145260 2163.0
1145270 2154.2
1145280 2154.2
1145290 2147.9
1145300 2143.0
1145310 2143.0
1145320 2141.4
1145330 2140.0
1145340 2140.0
1145350 2136.2
1145360 2134.4
1145370 2134.4
1145380 2133.6
1145390 2133.8
1145400 2133.8
1145410 2132.3
1145420 2132.2
1145430 2132.2
1145440 2132.4
1145450 2133.7
1145460 2133.7
1145470 2134.3
1145480 2133.2
1145490 2132.2
1145500 2132.2
1145510 2131.0
1145520 2130.4
1145530 2130.4
1145540 2129.6
1145550 2128.0
1145560 2128.0
1145570 2126.5
1145580 2126.2
1145590 2126.2
1145600 2126.4
1145610 2125.7
1145620 2125.7
1145630 2124.5
1145640 2123.2
1145650 2123.2
1145660 2122.4
1145670 2122.2
1145680 2122.2
1145690 2121.9
1145700 2123.4
1145710 2123.4
1145720 2125.6
1145730 2126.9
1145740 2127.5
1145750 2127.5
1145760 2133.4
1145770 2133.0
1145780 2133.0
1145790 2132.5
1145800 2133.9
1145810 2133.9
1145820 2138.6
1145830 2142.7
1145840 2142.7
1145850 2145.2
1145860 2165.9
1145870 2165.9
1145880 2186.6
1145890 2210.8
1145900 2210.8
1145910 2225.1
1145920 2232.1
1145930 2232.1
1145940 2237.4
1145950 2240.2
1145960 2240.2
1145970 2245.8
1145980 2246.4
1145990 2246.4
1146000 2247.2
1146010 2251.6
1146020 2256.2
1146030 2256.2
1146040 2264.9
1146050 2279.6
1146060 2279.6
1146070 2292.6
1146080 2299.7
1146090 2299.7
1146100 2298.6
1146110 2300.3
1146120 2300.3
1146130 2300.9
1146140 2313.7
1146150 2313.7
1146160 2312.2
1146170 2310.3
1146180 2310.3
1146190 2311.7
1146200 2316.7
1146210 2316.7
1146220 2325.2
1146230 2331.8
1146240 2331.8
1146250 2338.7
1146260 2348.3
1146270 2348.3
1146280 2358.8
1146290 2368.2
1146300 2373.3
1146310 2373.3
1146320 2370.8
1146330 2364.7
1146340 2364.7
1146350 2358.3
1146360 2351.9
1146370 2351.9
1146380 2345.3
1146390 2338.7
1146400 2338.7
1146410 2332.2
1146420 2326.0
1146430 2326.0
1146440 2319.9
1146450 2313.9
1146460 2313.9
1146470 2307.8
1146480 2301.5
1146490 2301.5
1146500 2295.8
1146510 2290.3
1146520 2290.5
1146530 2284.8
1146540 2279.2
1146550 2279.2
1146560 2273.6
1146570 2267.9
1146580 2262.0
1146590 2262.0
1146600 2256.4
1146610 2250.9
1146620 2250.9
1146630 2245.5
1146640 2240.5
1146650 2240.5
1146660 2236.2
1146670 2232.8
1146680 2232.8
1146690 2229.6
1146700 2225.6
1146710 2225.6
1146720 2220.3
1146730 2212.6
1146740 2212.6
1146750 2205.6
1146760 2199.8
1146770 2199.8
1146780 2195.1
1146790 2191.8
1146800 2191.8
1146810 2189.0
1146820 2187.1
1146830 2188.7
1146840 2188.7
1146850 2189.2
1146860 2185.9
1146870 2185.9
1146880 2181.0
1146890 2176.3
1146900 2176.3
1146910 2171.2
1146920 2167.8
1146930 2167.8
1146940 2166.9
1146950 2167.0
1146960 2167.0
1146970 2167.1
1146980 2167.5
1146990 2167.5
1147000 2168.7
1147010 2171.0
1147020 2171.0
1147030 2173.3
1147040 2175.5
1147050 2175.5
1147060 2178.3
1147070 2181.7
1147080 2181.7
1147090 2186.2
1147100 2190.9
1147110 2195.4
1147120 2195.4
1147130 2199.9
1147140 2203.8
1147150 2203.8
1147160 2208.1
1147170 2212.3
1147180 2212.3
1147190 2215.2
1147200 2217.9
1147210 2217.9
1147220 2221.9
1147230 2226.2
1147240 2226.2
1147250 2230.5
1147260 2233.8
1147270 2228.6
1147280 2231.5
1147290 2233.1
1147300 2233.1
1147310 2235.2
1147320 2238.9
1147330 2238.9
1147340 2242.7
1147350 2248.1
1147360 2248.1
1147370 2256.0
1147380 2262.0
1147390 2273.0
1147400 2273.0
1147410 2281.4
1147420 2286.5
1147430 2286.5
1147440 2292.7
1147450 2301.2
1147460 2301.2
1147470 2306.1
1147480 2309.5
1147490 2309.5
1147500 2312.5
1147510 2315.0
1147520 2315.0
1147530 2315.7
1147540 2316.5
1147550 2316.5
1147560 2316.6
1147570 2316.8
1147580 2316.8
1147590 2315.8
1147600 2314.7
1147610 2314.7
1147620 2315.6
1147630 2316.7
1147640 2317.1
1147650 2309.6
1147660 2310.2
1147670 2309.3
1147680 2309.3
1147690 2306.5
1147700 2304.6
1147710 2304.6
1147720 2303.2
1147730 2300.1
1147740 2300.1
1147750 2298.7
1147760 2297.6
1147770 2297.6
1147780 2296.0
1147790 2293.5
1147800 2293.5
1147810 2290.4
1147820 2287.0
1147830 2287.0
1147840 2283.6
1147850 2279.6
1147860 2279.6
1147870 2274.1
1147880 2269.3
1147890 2269.3
1147900 2265.9
1147910 2260.1
1147920 2255.3
1147930 2255.3
1147940 2252.5
1147950 2248.2
1147960 2248.2
1147970 2241.8
1147980 2238.6
1147990 2238.6
1148000 2234.8
1148010 2230.8
1148020 2230.8
1148030 2220.5
1148040 2220.8
1148050 2220.8
1148060 2218.1
1148070 2213.9
1148080 2213.9
1148090 2210.3
1148100 2207.1
1148110 2207.1
1148120 2205.7
1148130 2206.0
1148140 2206.0
1148150 2209.2
1148160 2211.9
1148170 2211.9
1148180 2211.1
1148190 2212.7
1148200 2213.8
1148210 2213.8
1148220 2213.5
1148230 2215.7
1148240 2215.7
1148250 2221.7
1148260 2229.3
1148270 2229.3
1148280 2230.0
1148290 2229.8
1148300 2229.8
1148310 2229.3
1148320 2229.1
1148330 2229.1
1148340 2228.7
1148350 2227.4
1148360 2227.4
1148370 2226.4
1148380 2225.2
1148390 2225.2
1148400 2221.3
1148410 2222.9
1148420 2222.9
1148430 2224.6
1148440 2224.6
1148450 2222.6
1148460 2222.6
1148470 2219.0
1148480 2213.3
1148490 2213.3
1148500 2206.4
1148510 2201.3
1148520 2201.3
1148530 2198.1
1148540 2195.9
1148550 2195.9
1148560 2194.5
1148570 2193.1
1148580 2193.1
1148590 2190.8
1148600 2188.4
1148610 2188.4
1148620 2185.2
1148630 2184.2
1148640 2184.2
1148650 2181.4
1148660 2175.2
1148670 2175.2
1148680 2170.5
1148690 2169.0
1148700 2169.0
1148710 2164.5
1148720 2159.7
1148730 2157.5
1148740 2157.5
1148750 2154.5
1148760 2152.0
1148770 2152.0
1148780 2149.8
1148790 2145.2
1148800 2145.2
1148810 2137.2
1148820 2129.5
1148830 2129.5
1148840 2124.1
1148850 2120.5
1148860 2120.5
1148870 2117.0
1148880 2113.8
1148890 2113.8
1148900 2109.1
1148910 2103.2
1148920 2103.2
1148930 2097.8
1148940 2093.0
1148950 2093.0
1148960 2087.3
1148970 2081.2
1148980 2081.2
1148990 2075.0
1149000 2069.2
1149010 2063.8
1149020 2063.8
1149030 2059.1
1149040 2054.7
1149050 2054.7
1149060 2049.9
1149070 2043.3
1149080 2043.3
1149090 2036.9
1149100 2031.5
1149110 2031.5
1149120 2025.2
1149130 2019.1
1149140 2019.1
1149150 2014.2
1149160 2012.8
1149170 2012.8
1149180 2007.4
1149190 2002.2
1149200 2002.2
1149210 1997.6
1149220 1992.9
1149230 1992.9
1149240 1987.6
1149250 1980.5
1149260 1971.9
1149270 1971.9
1149280 1966.4
1149290 1961.4
1149300 1961.4
1149310 1958.5
1149320 1952.3
1149330 1952.3
1149340 1947.1
1149350 1944.0
1149360 1944.0
1149370 1941.5
1149380 1936.8
1149390 1936.8
1149400 1931.0
1149410 1926.4
1149420 1926.4
1149430 1921.9
1149440 1917.3
1149450 1917.3
1149460 1912.7
1149470 1908.2
1149480 1908.2
1149490 1903.8
1149500 1899.5
1149510 1899.5
1149520 1894.7
1149530 1889.5
1149540 1880.3
1149550 1880.3
1149560 1876.4
1149570 1873.2
1149580 1873.2
1149590 1870.2
1149600 1867.7
1149610 1867.7
1149620 1865.8
1149630 1861.3
1149640 1861.3
1149650 1856.1
1149660 1852.3
1149670 1852.3
1149680 1848.7
1149690 1845.5
1149700 1845.5
1149710 1841.8
1149720 1836.4
1149730 1836.4
1149740 1831.5
1149750 1826.7
1149760 1826.7
1149770 1821.8
1149780 1815.7
1149790 1815.7
1149800 1808.0
1149810 1802.9
1149820 1798.6
1149830 1798.6
1149840 1794.0
1149850 1788.2
1149860 1788.2
1149870 1783.3
1149880 1779.1
1149890 1779.1
1149900 1774.9
1149910 1769.8
1149920 1766.5
1149930 1759.7
1149940 1752.9
1149950 1752.9
1149960 1745.6
1149970 1736.9
1149980 1736.9
1149990 1729.0
1150000 1721.1
1150010 1721.1
1150020 1713.3
1150030 1700.3
1150040 1700.3
1150050 1683.7
1150060 1669.0
1150070 1669.0
1150080 1665.2
1150090 1665.8
1150100 1664.7
1150110 1664.7
1150120 1659.6
1150130 1652.9
1150140 1652.9
1150150 1645.2
1150160 1636.1
1150170 1636.1
1150180 1606.7
1150190 1586.7
1150200 1586.7
1150210 1575.9
1150220 1561.8
1150230 1561.8
1150240 1553.5
1150250 1548.2
1150260 1548.2
1150270 1544.5
1150280 1540.0
1150290 1540.0
1150300 1523.8
1150310 1517.7
1150320 1517.7
1150330 1507.3
1150340 1497.0
1150350 1482.5
1150360 1482.5
1150370 1464.9
1150380 1454.7
1150390 1454.7
1150400 1440.4
1150410 1428.6
1150420 1428.6
1150430 1421.5
1150440 1413.9
1150450 1413.9
1150460 1406.5
1150470 1398.9
1150480 1398.9
1150490 1392.0
1150500 1385.3
1150510 1385.3
1150520 1378.6
1150530 1372.0
1150540 1372.0
1150550 1365.6
1150560 1359.1
1150570 1359.1
1150580 1352.2
1150590 1345.5
1150600 1345.5
1150610 1338.6
1150620 1331.5
1150630 1324.4
1150640 1324.4
1150650 1317.2
1150660 1309.9
1150670 1309.9
1150680 1304.6
1150690 1298.0
1150700 1298.0
1150710 1291.2
1150720 1284.6
1150730 1284.6
1150740 1278.7
1150750 1272.9
1150760 1272.9
1150770 1266.9
1150780 1261.2
1150790 1261.2
1150800 1255.6
1150810 1249.5
1150820 1249.5
1150830 1244.6
1150840 1241.1
1150850 1241.1
1150860 1239.0
1150870 1237.5
1150880 1237.5
1150890 1235.2
1150900 1235.2
1150910 1237.6
1150920 1237.6
1150930 1238.1
1150940 1237.8
1150950 1237.8
1150960 1238.6
1150970 1242.0
1150980 1242.0
1150990 1246.3
1151000 1249.6
1151010 1249.6
1151020 1251.9
1151030 1255.4
1151040 1255.4
1151050 1261.0
1151060 1266.8
1151070 1266.3
1151080 1272.7
1151090 1278.2
1151100 1278.2
1151110 1284.1
1151120 1289.9
1151130 1289.9
1151140 1295.9
1151150 1302.8
1151160 1309.3
1151170 1309.3
1151180 1316.2
1151190 1323.6
1151200 1323.6
1151210 1330.8
1151220 1337.9
1151230 1337.9
1151240 1346.8
1151250 1363.4
1151260 1363.4
1151270 1379.5
1151280 1417.3
1151290 1417.3
1151300 1431.2
1151310 1444.5
1151320 1444.5
1151330 1458.3
1151340 1467.1
1151350 1467.1
1151360 1472.3
1151370 1476.7
1151380 1476.7
1151390 1481.1
1151400 1485.9
1151410 1485.9
1151420 1490.2
1151430 1494.3
1151440 1499.5
1151450 1498.2
1151460 1504.0
1151470 1509.9
1151480 1509.9
1151490 1515.9
1151500 1520.7
1151510 1520.7
1151520 1524.3
1151530 1527.2
1151540 1527.2
1151550 1530.2
1151560 1533.6
1151570 1533.6
1151580 1537.9
1151590 1543.0
1151600 1543.0
1151610 1547.9
1151620 1552.3
1151630 1552.3
1151640 1556.5
1151650 1560.8
1151660 1560.8
1151670 1565.7
1151680 1570.2
1151690 1570.2
1151700 1574.1
1151710 1578.8
1151720 1584.2
1151730 1584.2
1151740 1589.9
1151750 1596.0
1151760 1596.0
1151770 1602.7
1151780 1608.6
1151790 1608.6
1151800 1612.4
1151810 1615.9
1151820 1615.9
1151830 1615.8
1151840 1619.0
1151850 1619.0
1151860 1619.6
1151870 1618.7
1151880 1618.7
1151890 1618.5
1151900 1619.2
1151910 1619.2
1151920 1620.6
1151930 1621.6
1151940 1621.6
1151950 1622.2
1151960 1623.0
1151970 1623.1
1151980 1623.1
1151990 1624.2
1152000 1626.6
1152010 1626.6
1152020 1629.2
1152030 1632.2
1152040 1632.2
1152050 1635.1
1152060 1637.9
1152070 1637.9
1152080 1640.9
1152090 1643.9
1152100 1643.9
1152110 1645.9
1152120 1647.2
1152130 1647.2
1152140 1646.6
1152150 1647.0
1152160 1647.0
1152170 1650.1
1152180 1653.6
1152190 1653.6
1152200 1655.5
1152210 1653.5
1152220 1653.5
1152230 1656.2
1152240 1659.1
1152250 1661.8
1152260 1661.8
1152270 1664.3
1152280 1666.4
1152290 1666.4
1152300 1668.2
1152310 1670.6
1152320 1670.6
1152330 1672.0
1152340 1671.3
1152350 1671.3
1152360 1674.6
1152370 1680.1
1152380 1680.1
1152390 1683.8
1152400 1687.1
1152410 1687.1
1152420 1690.2
1152430 1693.1
1152440 1693.1
1152450 1696.2
1152460 1699.5
1152470 1699.5
1152480 1702.9
1152490 1706.3
1152500 1706.3
1152510 1710.0
1152520 1713.2
1152530 1716.1
1152540 1716.1
1152550 1719.2
1152560 1721.9
1152570 1721.9
1152580 1724.8
1152590 1727.6
1152600 1720.9
1152610 1722.9
1152620 1725.3
1152630 1725.3
1152640 1729.3
1152650 1734.9
1152660 1734.9
1152670 1740.2
1152680 1744.4
1152690 1744.4
1152700 1746.8
1152710 1746.8
1152720 1746.8
1152730 1745.3
1152740 1744.3
1152750 1744.3
1152760 1744.3
1152770 1743.9
1152780 1742.5
1152790 1742.5
1152800 1740.9
1152810 1740.3
1152820 1740.3
1152830 1740.6
1152840 1742.3
1152850 1742.3
1152860 1742.5
1152870 1742.0
1152880 1742.0
1152890 1739.1
1152900 1736.0
1152910 1736.0
1152920 1738.2
1152930 1737.4
1152940 1737.4
1152950 1734.4
1152960 1726.2
1152970 1726.2
1152980 1709.5
1152990 1708.9
1153000 1708.9
1153010 1706.0
1153020 1706.2
1153030 1706.2
1153040 1705.2
1153050 1706.4
1153060 1713.3
1153070 1713.3
1153080 1717.3
1153090 1717.6
1153100 1717.6
1153110 1716.2
1153120 1714.2
1153130 1714.2
1153140 1709.1
1153150 1702.2
1153160 1702.2
1153170 1706.4
1153180 1712.4
1153190 1712.4
1153200 1712.8
1153210 1709.5
1153220 1709.5
1153230 1706.4
1153240 1709.3
1153250 1709.3
1153260 1711.5
1153270 1709.5
1153280 1709.5
1153290 1708.5
1153300 1706.5
1153310 1706.5
1153320 1703.0
1153330 1700.0
1153340 1697.4
1153350 1697.4
1153360 1686.3
1153370 1683.1
1153380 1683.1
1153390 1678.9
1153400 1676.7
1153410 1676.7
1153420 1677.5
1153430 1681.1
1153440 1681.1
1153450 1687.6
1153460 1688.3
1153470 1688.3
1153480 1684.0
1153490 1687.2
1153500 1687.2
1153510 1690.4
1153520 1692.9
1153530 1692.9
1153540 1695.0
1153550 1698.4
1153560 1698.4
1153570 1704.0
1153580 1710.8
1153590 1717.3
1153600 1717.3
1153610 1722.8
1153620 1725.7
1153630 1725.7
1153640 1726.4
1153650 1727.0
1153660 1727.0
1153670 1727.8
1153680 1728.7
1153690 1728.7
1153700 1730.3
1153710 1732.0
1153720 1732.0
1153730 1733.5
1153740 1735.2
1153750 1732.1
1153760 1734.0
1153770 1736.0
1153780 1736.0
1153790 1738.0
1153800 1739.5
1153810 1739.5
1153820 1739.9
1153830 1738.9
1153840 1738.9
1153850 1735.9
1153860 1732.5
1153870 1730.7
1153880 1730.7
1153890 1730.0
1153900 1727.9
1153910 1727.9
1153920 1726.2
1153930 1725.1
1153940 1725.1
1153950 1724.1
1153960 1723.2
1153970 1723.2
1153980 1721.7
1153990 1719.6
1154000 1719.6
1154010 1717.1
1154020 1715.2
1154030 1715.2
1154040 1713.8
1154050 1713.1
1154060 1713.1
1154070 1712.3
1154080 1711.8
1154090 1711.8
1154100 1711.0
1154110 1709.8
1154120 1709.8
1154130 1705.7
1154140 1704.2
1154150 1702.8
1154160 1702.8
1154170 1700.9
1154180 1697.9
1154190 1697.9
1154200 1693.8
1154210 1689.3
1154220 1689.3
1154230 1684.6
1154240 1679.4
1154250 1679.4
1154260 1674.1
1154270 1668.9
1154280 1668.9
1154290 1664.4
1154300 1660.5
1154310 1660.5
1154320 1657.3
1154330 1654.6
1154340 1654.6
1154350 1651.7
1154360 1648.8
1154370 1648.8
1154380 1645.4
1154390 1640.9
1154400 1640.9
1154410 1637.1
1154420 1635.9
1154430 1636.4
1154440 1636.4
1154450 1635.9
1154460 1635.5
1154470 1635.5
1154480 1635.3
1154490 1635.4
1154500 1635.4
1154510 1635.1
1154520 1628.6
1154530 1628.6
1154540 1627.0
1154550 1625.4
1154560 1625.4
1154570 1623.8
1154580 1622.3
1154590 1622.3
1154600 1621.3
1154610 1620.3
1154620 1620.3
1154630 1618.9
1154640 1616.9
1154650 1616.9
1154660 1616.0
1154670 1615.4
1154680 1614.9
1154690 1614.9
1154700 1614.6
1154710 1613.7
1154720 1613.7
1154730 1612.4
1154740 1611.0
1154750 1611.0
1154760 1609.4
1154770 1607.8
1154780 1607.8
1154790 1605.8
1154800 1604.4
1154810 1604.4
1154820 1603.5
1154830 1602.3
1154840 1602.3
1154850 1601.0
1154860 1599.3
1154870 1599.3
1154880 1597.4
1154890 1595.2
1154900 1595.2
1154910 1587.9
1154920 1585.6
1154930 1585.6
1154940 1582.7
1154950 1580.0
1154960 1577.1
1154970 1577.1
1154980 1573.9
1154990 1570.1
1155000 1570.1
1155010 1566.3
1155020 1563.5
1155030 1563.5
1155040 1561.4
1155050 1559.1
1155060 1559.1
1155070 1557.2
1155080 1555.0
1155090 1555.0
1155100 1551.3
1155110 1547.5
1155120 1547.5
1155130 1544.4
1155140 1541.8
1155150 1541.8
1155160 1539.4
1155170 1537.5
1155180 1537.5
1155190 1535.9
1155200 1534.0
1155210 1534.0
1155220 1532.7
1155230 1531.8
1155240 1530.6
1155250 1530.6
1155260 1529.5
1155270 1529.3
1155280 1529.3
1155290 1526.6
1155300 1526.2
1155310 1526.2
1155320 1525.6
1155330 1524.7
1155340 1524.7
1155350 1523.5
1155360 1521.9
1155370 1521.9
1155380 1520.1
1155390 1518.6
1155400 1518.6
1155410 1517.0
1155420 1515.1
1155430 1515.1
1155440 1513.0
1155450 1511.0
1155460 1511.0
1155470 1509.2
1155480 1507.4
1155490 1505.3
1155500 1505.3
1155510 1503.4
1155520 1501.7
1155530 1501.7
1155540 1499.8
1155550 1498.0
1155560 1498.0
1155570 1496.2
1155580 1493.5
1155590 1493.5
1155600 1491.1
1155610 1488.2
1155620 1488.2
1155630 1484.8
1155640 1481.3
1155650 1481.3
1155660 1477.7
1155670 1473.8
1155680 1468.3
1155690 1464.0
1155700 1460.0
1155710 1460.0
1155720 1456.1
1155730 1451.8
1155740 1451.8
1155750 1447.2
1155760 1442.3
1155770 1437.1
1155780 1437.1
1155790 1431.8
1155800 1427.0
1155810 1427.0
1155820 1422.0
1155830 1417.5
1155840 1417.5
1155850 1413.4
1155860 1409.3
1155870 1409.3
1155880 1405.8
1155890 1402.3
1155900 1402.3
1155910 1398.9
1155920 1395.6
1155930 1395.6
1155940 1392.2
1155950 1389.2
1155960 1389.2
1155970 1386.4
1155980 1384.5
1155990 1384.5
1156000 1382.8
1156010 1381.7
1156020 1381.7
1156030 1379.8
1156040 1377.4
1156050 1373.4
1156060 1373.4
1156070 1362.6
1156080 1357.2
1156090 1357.2
1156100 1352.5
1156110 1347.8
1156120 1347.8
1156130 1343.2
1156140 1336.1
1156150 1336.1
1156160 1322.9
1156170 1307.0
1156180 1307.0
1156190 1291.0
1156200 1278.9
1156210 1278.9
1156220 1267.9
1156230 1261.9
1156240 1261.9
1156250 1267.3
1156260 1276.9
1156270 1276.9
1156280 1282.1
1156290 1283.5
1156300 1286.8
1156310 1286.8
1156320 1291.4
1156330 1295.7
1156340 1295.7
1156350 1299.8
1156360 1304.5
1156370 1304.5
1156380 1310.1
1156390 1315.3
1156400 1315.3
1156410 1317.4
1156420 1316.7
1156430 1316.7
1156440 1315.4
1156450 1312.3
1156460 1312.3
1156470 1310.8
1156480 1309.3
1156490 1309.3
1156500 1307.6
1156510 1305.8
1156520 1305.8
1156530 1303.9
1156540 1301.6
1156550 1301.6
1156560 1297.8
1156570 1292.1
1156580 1286.3
1156590 1286.3
1156600 1280.7
1156610 1276.0
1156620 1276.0
1156630 1272.5
1156640 1270.1
1156650 1270.1
1156660 1268.7
1156670 1268.2
1156680 1268.2
1156690 1267.1
1156700 1264.1
1156710 1264.1
1156720 1261.3
1156730 1258.4
1156740 1258.4
1156750 1254.4
1156760 1250.5
1156770 1250.5
1156780 1246.8
1156790 1242.2
1156800 1242.2
1156810 1238.4
1156820 1235.1
1156830 1235.1
1156840 1229.3
1156850 1227.5
1156860 1226.2
1156870 1226.2
1156880 1224.5
1156890 1222.9
1156900 1222.9
1156910 1220.4
1156920 1218.4
1156930 1218.4
1156940 1217.1
1156950 1215.9
1156960 1215.9
1156970 1215.4
1156980 1215.4
1156990 1215.4
1157000 1214.8
1157010 1214.0
1157020 1214.0
1157030 1213.1
1157040 1212.3
1157050 1212.3
1157060 1211.6
1157070 1210.9
1157080 1210.9
1157090 1210.0
1157100 1208.7
1157110 1207.1
1157120 1207.1
1157130 1205.5
1157140 1203.1
1157150 1203.1
1157160 1201.0
1157170 1199.9
1157180 1199.9
1157190 1199.3
1157200 1199.3
1157210 1199.3
1157220 1198.6
1157230 1193.2
1157240 1193.2
1157250 1192.1
1157260 1190.9
1157270 1190.9
1157280 1189.6
1157290 1189.1
1157300 1189.1
1157310 1189.0
1157320 1189.0
1157330 1189.0
1157340 1188.8
1157350 1188.7
1157360 1188.7
1157370 1188.8
1157380 1188.7
1157390 1188.7
1157400 1188.7
1157410 1188.7
1157420 1188.7
1157430 1188.7
1157440 1188.8
1157450 1188.8
1157460 1188.8
1157470 1189.0
1157480 1189.3
1157490 1189.3
1157500 1189.6
1157510 1189.9
1157520 1189.9
1157530 1190.3
1157540 1190.8
1157550 1190.8
1157560 1191.3
1157570 1192.0
1157580 1192.0
1157590 1192.8
1157600 1193.9
1157610 1193.9
1157620 1201.0
1157630 1204.3
1157640 1204.3
1157650 1206.5
1157660 1209.5
1157670 1212.8
1157680 1212.8
1157690 1215.7
1157700 1216.8
1157710 1216.8
1157720 1217.1
1157730 1216.1
1157740 1216.1
1157750 1213.6
1157760 1209.9
1157770 1209.9
1157780 1205.5
1157790 1201.2
1157800 1201.2
1157810 1197.1
1157820 1192.6
1157830 1192.6
1157840 1188.6
1157850 1184.3
1157860 1184.3
1157870 1179.8
1157880 1175.6
1157890 1175.6
1157900 1170.6
1157910 1165.9
1157920 1160.9
1157930 1160.9
1157940 1155.8
1157950 1152.0
1157960 1152.0
1157970 1149.3
1157980 1147.8
1157990 1147.8
1158000 1145.5
1158010 1137.4
1158020 1137.4
1158030 1134.8
1158040 1131.6
1158050 1131.6
1158060 1128.3
1158070 1125.4
1158080 1125.4
1158090 1122.4
1158100 1118.8
1158110 1118.8
1158120 1113.6
1158130 1108.7
1158140 1108.7
1158150 1104.9
1158160 1100.8
1158170 1100.8
1158180 1096.3
1158190 1092.1
1158200 1087.9
1158210 1087.9
1158220 1084.1
1158230 1081.3
1158240 1081.3
1158250 1078.6
1158260 1074.8
1158270 1074.8
1158280 1067.6
1158290 1060.3
1158300 1060.3
1158310 1055.2
1158320 1053.6
1158330 1053.6
1158340 1053.3
1158350 1053.3
1158360 1053.3
1158370 1053.4
1158380 1053.4
1158390 1053.4
1158400 1053.8
1158410 1053.3
1158420 1053.3
1158430 1052.9
1158440 1053.0
1158450 1053.0
1158460 1053.0
1158470 1052.8
1158480 1052.8
1158490 1052.8
1158500 1052.8
1158510 1052.7
1158520 1052.7
1158530 1052.8
1158540 1052.8
1158550 1052.8
1158560 1052.7
1158570 1052.7
1158580 1052.7
1158590 1052.7
1158600 1052.7
1158610 1052.7
1158620 1052.5
1158630 1052.4
1158640 1052.4
1158650 1052.4
1158660 1052.2
1158670 1052.2
1158680 1052.2
1158690 1052.1
1158700 1052.1
1158710 1052.0
1158720 1052.0
1158730 1052.0
1158740 1052.0
1158750 1052.1
1158760 1051.6
1158770 1051.6
1158780 1051.1
1158790 1051.0
1158800 1051.0
1158810 1051.1
1158820 1051.2
1158830 1051.2
1158840 1051.1
1158850 1050.9
1158860 1050.9
1158870 1050.6
1158880 1050.7
1158890 1050.7
1158900 1050.7
1158910 1050.5
1158920 1050.5
1158930 1050.5
1158940 1050.5
1158950 1050.5
1158960 1050.5
1158970 1050.5
1158980 1050.5
1158990 1050.4
1159000 1050.4
1159010 1050.3
1159020 1050.3
1159030 1050.2
1159040 1050.2
1159050 1050.2
1159060 1050.2
1159070 1050.4
1159080 1050.4
1159090 1050.8
1159100 1051.0
1159110 1051.0
1159120 1049.4
1159130 1047.5
1159140 1047.5
1159150 1047.1
1159160 1047.4
1159170 1047.4
1159180 1048.1
1159190 1047.9
1159200 1047.9
1159210 1047.6
1159220 1048.9
1159230 1048.9
1159240 1049.9
1159250 1050.6
1159260 1050.6
1159270 1050.5
1159280 1050.1
1159290 1049.9
1159300 1049.9
1159310 1049.8
1159320 1049.7
1159330 1049.7
1159340 1049.6
1159350 1049.6
1159360 1049.6
1159370 1050.9
1159380 1054.4
1159390 1054.4
1159400 1059.1
1159410 1063.7
1159420 1063.7
1159430 1067.2
1159440 1067.6
1159450 1067.6
1159460 1067.4
1159470 1067.6
1159480 1067.6
1159490 1067.5
1159500 1067.4
1159510 1067.4
1159520 1067.2
1159530 1067.2
1159540 1067.2
1159550 1067.2
1159560 1067.3
1159570 1068.7
1159580 1068.7
1159590 1068.6
1159600 1068.3
1159610 1068.3
1159620 1068.1
1159630 1069.2
1159640 1069.2
1159650 1070.8
1159660 1072.0
1159670 1072.0
1159680 1073.0
1159690 1074.9
1159700 1074.9
1159710 1077.4
1159720 1080.6
1159730 1080.6
1159740 1084.1
1159750 1087.6
1159760 1087.6
1159770 1090.8
1159780 1093.9
1159790 1093.9
1159800 1097.2
1159810 1100.8
1159820 1103.6
1159830 1103.6
1159840 1105.1
1159850 1106.8
1159860 1106.8
1159870 1108.4
1159880 1108.0
1159890 1108.0
1159900 1104.9
1159910 1099.6
1159920 1099.6
1159930 1094.4
1159940 1088.3
1159950 1088.3
1159960 1086.9
1159970 1081.4
1159980 1081.4
1159990 1075.0
