1140000 2309.6
1140010 2301.5
1140020 2301.5
1140030 2285.3
1140040 2264.7
1140050 2264.7
1140060 2260.4
1140070 2257.3
1140080 2257.3
1140090 2253.2
1140100 2249.2
1140110 2249.2
1140120 2245.8
1140130 2243.4
1140140 2243.4
1140150 2240.1
1140160 2236.4
1140170 2236.4
1140180 2235.4
1140190 2234.6
1140200 2230.4
1140210 2230.4
1140220 2227.9
1140230 2226.2
1140240 2226.2
1140250 2226.6
1140260 2224.4
1140270 2224.4
1140280 2223.5
1140290 2227.2
1140300 2227.2
1140310 2226.7
1140320 2224.2
1140330 2224.2
1140340 2220.5
1140350 2215.4
1140360 2215.4
1140370 2211.8
1140380 2205.1
1140390 2205.1
1140400 2198.3
1140410 2192.5
1140420 2192.5
1140430 2190.1
1140440 2189.5
1140450 2189.5
1140460 2189.2
1140470 2188.4
1140480 2187.5
1140490 2187.5
1140500 2186.7
1140510 2186.0
1140520 2186.0
1140530 2182.4
1140540 2176.8
1140550 2176.8
1140560 2167.3
1140570 2159.4
1140580 2159.4
1140590 2153.0
1140600 2148.9
1140610 2148.9
1140620 2147.8
1140630 2146.3
1140640 2146.3
1140650 2144.2
1140660 2141.9
1140670 2141.9
1140680 2138.1
1140690 2134.8
1140700 2134.8
1140710 2130.8
1140720 2127.7
1140730 2127.0
1140740 2127.0
1140750 2124.1
1140760 2121.1
1140770 2121.1
1140780 2115.0
1140790 2107.6
1140800 2107.6
1140810 2105.4
1140820 2102.2
1140830 2102.2
1140840 2096.9
1140850 2090.9
1140860 2090.9
1140870 2089.8
1140880 2085.6
1140890 2085.6
1140900 2083.3
1140910 2082.9
1140920 2082.9
1140930 2079.7
1140940 2073.0
1140950 2073.0
1140960 2070.0
1140970 2067.1
1140980 2067.1
1140990 2065.0
1141000 2064.0
1141010 2061.8
1141020 2061.8
1141030 2059.1
1141040 2059.6
1141050 2059.6
1141060 2059.2
1141070 2057.6
1141080 2057.6
1141090 2055.4
1141100 2053.2
1141110 2053.2
1141120 2051.5
1141130 2050.4
1141140 2050.4
1141150 2047.0
1141160 2046.2
1141170 2046.2
1141180 2045.2
1141190 2046.4
1141200 2046.4
1141210 2048.5
1141220 2051.2
1141230 2051.2
1141240 2054.1
1141250 2056.5
1141260 2056.5
1141270 2058.5
1141280 2058.1
1141290 2058.0
1141300 2058.0
1141310 2048.8
1141320 2051.8
1141330 2051.8
1141340 2052.9
1141350 2050.7
1141360 2050.7
1141370 2048.8
1141380 2048.2
1141390 2048.2
1141400 2045.7
1141410 2042.6
1141420 2042.6
1141430 2040.3
1141440 2038.2
1141450 2038.2
1141460 2035.9
1141470 2028.3
1141480 2028.3
1141490 2022.1
1141500 2020.9
1141510 2020.9
1141520 2020.0
1141530 2016.5
1141540 2016.5
1141550 2002.2
1141560 1979.4
1141570 1937.0
1141580 1937.0
1141590 1919.6
1141600 1919.6
1141610 1919.6
1141620 1920.3
1141630 1914.5
1141640 1914.5
1141650 1917.0
1141660 1922.8
1141670 1922.8
1141680 1919.0
1141690 1922.3
1141700 1922.3
1141710 1922.3
1141720 1915.8
1141730 1915.8
1141740 1895.8
1141750 1884.1
1141760 1884.1
1141770 1877.3
1141780 1869.3
1141790 1869.3
1141800 1870.1
1141810 1870.6
1141820 1870.2
1141830 1870.2
1141840 1869.7
1141850 1869.4
1141860 1869.4
1141870 1865.5
1141880 1857.3
1141890 1857.3
1141900 1853.4
1141910 1853.6
1141920 1853.6
1141930 1852.5
1141940 1851.0
1141950 1851.0
1141960 1849.9
1141970 1848.8
1141980 1848.8
1141990 1849.1
1142000 1849.0
1142010 1849.0
1142020 1849.1
1142030 1848.4
1142040 1848.4
1142050 1843.6
1142060 1843.5
1142070 1843.5
1142080 1843.3
1142090 1843.2
1142100 1844.3
1142110 1844.3
1142120 1845.9
1142130 1850.7
1142140 1850.7
1142150 1857.6
1142160 1863.6
1142170 1863.6
1142180 1868.9
1142190 1874.4
1142200 1874.4
1142210 1880.0
1142220 1885.6
1142230 1885.6
1142240 1891.1
1142250 1895.7
1142260 1895.7
1142270 1899.6
1142280 1903.4
1142290 1903.4
1142300 1907.0
1142310 1911.5
1142320 1911.5
1142330 1918.1
1142340 1932.4
1142350 1932.4
1142360 1944.9
1142370 1955.4
1142380 1963.1
1142390 1963.1
1142400 1969.3
1142410 1974.8
1142420 1971.5
1142430 1976.4
1142440 1982.5
1142450 1982.5
1142460 1988.7
1142470 1994.7
1142480 1994.7
1142490 2000.3
1142500 2006.5
1142510 2006.5
1142520 2012.8
1142530 2019.3
1142540 2019.3
1142550 2026.5
1142560 2034.4
1142570 2034.4
1142580 2045.1
1142590 2069.9
1142600 2069.9
1142610 2083.1
1142620 2090.0
1142630 2096.9
1142640 2096.9
1142650 2101.5
1142660 2104.7
1142670 2104.7
1142680 2109.5
1142690 2114.2
1142700 2114.2
1142710 2116.7
1142720 2117.7
1142730 2117.7
1142740 2118.8
1142750 2118.4
1142760 2118.4
1142770 2117.1
1142780 2116.0
1142790 2107.0
1142800 2106.7
1142810 2107.2
1142820 2107.2
1142830 2106.2
1142840 2103.6
1142850 2103.6
1142860 2101.5
1142870 2100.9
1142880 2100.9
1142890 2099.5
1142900 2098.8
1142910 2099.1
1142920 2099.1
1142930 2100.5
1142940 2098.3
1142950 2098.3
1142960 2098.2
1142970 2097.6
1142980 2097.6
1142990 2097.3
1143000 2099.0
1143010 2099.0
1143020 2099.1
1143030 2099.3
1143040 2099.3
1143050 2101.4
1143060 2103.6
1143070 2103.6
1143080 2105.7
1143090 2107.1
1143100 2107.1
1143110 2107.9
1143120 2111.6
1143130 2111.6
1143140 2116.2
1143150 2118.7
1143160 2118.7
1143170 2107.2
1143180 2109.9
1143190 2111.9
1143200 2111.9
1143210 2113.7
1143220 2115.6
1143230 2115.6
1143240 2117.1
1143250 2119.3
1143260 2119.3
1143270 2124.8
1143280 2127.6
1143290 2127.6
1143300 2129.9
1143310 2133.3
1143320 2133.3
1143330 2137.0
1143340 2141.5
1143350 2141.5
1143360 2147.3
1143370 2152.3
1143380 2152.3
1143390 2155.4
1143400 2157.9
1143410 2157.9
1143420 2161.0
1143430 2163.1
1143440 2163.1
1143450 2163.3
1143460 2164.6
1143470 2166.8
1143480 2166.8
1143490 2170.2
1143500 2172.6
1143510 2172.6
1143520 2173.5
1143530 2176.7
1143540 2175.5
1143550 2178.2
1143560 2176.7
1143570 2176.7
1143580 2172.9
1143590 2176.8
1143600 2176.8
1143610 2183.2
1143620 2187.2
1143630 2187.2
1143640 2189.3
1143650 2191.3
1143660 2191.3
1143670 2189.5
1143680 2188.9
1143690 2188.9
1143700 2195.8
1143710 2203.5
1143720 2208.8
1143730 2208.8
1143740 2212.9
1143750 2215.8
1143760 2215.8
1143770 2218.4
1143780 2221.9
1143790 2221.9
1143800 2226.6
1143810 2232.1
1143820 2232.1
1143830 2239.9
1143840 2246.9
1143850 2246.9
1143860 2251.5
1143870 2258.1
1143880 2258.1
1143890 2265.9
1143900 2274.5
1143910 2273.7
1143920 2277.3
1143930 2281.4
1143940 2281.4
1143950 2289.6
1143960 2305.4
1143970 2305.4
1143980 2322.1
1143990 2330.8
1144000 2338.3
1144010 2338.3
1144020 2347.2
1144030 2356.8
1144040 2356.8
1144050 2365.7
1144060 2375.5
1144070 2375.5
1144080 2386.7
1144090 2398.5
1144100 2398.5
1144110 2412.6
1144120 2423.7
1144130 2423.7
1144140 2422.6
1144150 2409.1
1144160 2409.1
1144170 2395.1
1144180 2384.9
1144190 2384.9
1144200 2377.1
1144210 2370.1
1144220 2370.1
1144230 2362.9
1144240 2356.4
1144250 2356.4
1144260 2350.1
1144270 2344.0
1144280 2338.2
1144290 2340.9
1144300 2334.3
1144310 2328.0
1144320 2328.0
1144330 2322.0
1144340 2315.8
1144350 2315.8
1144360 2309.6
1144370 2303.6
1144380 2303.6
1144390 2297.9
1144400 2292.6
1144410 2292.6
1144420 2287.4
1144430 2282.5
1144440 2282.5
1144450 2277.6
1144460 2272.8
1144470 2272.8
1144480 2268.4
1144490 2264.3
1144500 2264.3
1144510 2260.4
1144520 2256.5
1144530 2252.8
1144540 2252.8
1144550 2249.2
1144560 2247.5
1144570 2247.5
1144580 2245.6
1144590 2244.4
1144600 2244.4
1144610 2242.0
1144620 2238.1
1144630 2238.1
1144640 2234.0
1144650 2229.4
1144660 2232.0
1144670 2225.1
1144680 2216.8
1144690 2216.8
1144700 2208.2
1144710 2198.8
1144720 2198.8
1144730 2189.8
1144740 2182.7
1144750 2182.7
1144760 2178.2
1144770 2174.3
1144780 2174.3
1144790 2170.3
1144800 2166.2
1144810 2162.2
1144820 2162.2
1144830 2158.7
1144840 2155.2
1144850 2155.2
1144860 2152.0
1144870 2149.1
1144880 2149.1
1144890 2146.5
1144900 2143.6
1144910 2143.6
1144920 2140.9
1144930 2139.3
1144940 2139.3
1144950 2137.4
1144960 2135.4
1144970 2135.4
1144980 2133.9
1144990 2134.0
1145000 2134.0
1145010 2132.8
1145020 2133.2
1145030 2133.2
1145040 2139.9
1145050 2140.5
1145060 2140.5
1145070 2140.1
1145080 2140.0
1145090 2140.0
1145100 2140.0
1145110 2138.8
1145120 2141.8
1145130 2141.8
1145140 2144.8
1145150 2145.1
1145160 2145.1
1145170 2147.5
1145180 2146.0
1145190 2146.0
1145200 2141.8
1145210 2139.0
1145220 2139.0
1145230 2137.2
1145240 2134.7
1145250 2134.7
1145260 2132.9
1145270 2131.1
1145280 2131.1
1145290 2130.0
1145300 2129.4
1145310 2129.4
1145320 2131.4
1145330 2133.3
1145340 2133.9
1145350 2133.9
1145360 2132.7
1145370 2129.3
1145380 2129.3
1145390 2123.4
1145400 2120.8
1145410 2132.0
1145420 2132.1
1145430 2132.1
1145440 2132.1
1145450 2131.1
1145460 2129.8
1145470 2129.8
1145480 2129.2
1145490 2128.5
1145500 2128.5
1145510 2127.3
1145520 2124.9
1145530 2124.9
1145540 2121.5
1145550 2118.3
1145560 2118.3
1145570 2115.0
1145580 2113.5
1145590 2113.5
1145600 2111.2
1145610 2107.8
1145620 2106.6
1145630 2106.6
1145640 2107.4
1145650 2106.8
1145660 2106.8
1145670 2104.9
1145680 2102.8
1145690 2102.8
1145700 2101.6
1145710 2101.5
1145720 2101.5
1145730 2101.9
1145740 2102.9
1145750 2102.9
1145760 2103.2
1145770 2103.1
1145780 2103.1
1145790 2109.1
1145800 2111.8
1145810 2111.8
1145820 2114.2
1145830 2116.5
1145840 2116.5
1145850 2118.3
1145860 2119.1
1145870 2119.1
1145880 2120.6
1145890 2123.1
1145900 2127.6
1145910 2127.6
1145920 2137.9
1145930 2160.0
1145940 2160.0
1145950 2179.3
1145960 2187.7
1145970 2187.7
1145980 2192.4
1145990 2200.5
1146000 2200.5
1146010 2212.6
1146020 2227.2
1146030 2227.2
1146040 2236.7
1146050 2242.0
1146060 2242.0
1146070 2244.2
1146080 2240.4
1146090 2240.4
1146100 2245.8
1146110 2252.4
1146120 2252.4
1146130 2257.2
1146140 2260.0
1146150 2260.0
1146160 2270.2
1146170 2273.3
1146180 2276.4
1146190 2276.4
1146200 2280.7
1146210 2286.2
1146220 2286.2
1146230 2287.6
1146240 2292.4
1146250 2292.4
1146260 2300.0
1146270 2309.7
1146280 2309.7
1146290 2321.4
1146300 2335.8
1146310 2335.8
1146320 2345.7
1146330 2352.7
1146340 2352.7
1146350 2352.1
1146360 2348.0
1146370 2348.0
1146380 2343.2
1146390 2335.6
1146400 2335.6
1146410 2327.0
1146420 2319.8
1146430 2314.0
1146440 2314.0
1146450 2308.4
1146460 2303.0
1146470 2303.0
1146480 2298.3
1146490 2293.7
1146500 2293.7
1146510 2289.7
1146520 2286.1
1146530 2286.1
1146540 2282.1
1146550 2277.7
1146560 2277.7
1146570 2272.3
1146580 2266.3
1146590 2266.3
1146600 2260.9
1146610 2256.6
1146620 2256.6
1146630 2252.3
1146640 2245.9
1146650 2245.9
1146660 2239.3
1146670 2234.7
1146680 2234.7
1146690 2231.5
1146700 2228.5
1146710 2225.0
1146720 2225.0
1146730 2220.1
1146740 2216.0
1146750 2216.0
1146760 2212.4
1146770 2210.0
1146780 2210.0
1146790 2205.9
1146800 2200.7
1146810 2200.7
1146820 2197.1
1146830 2195.8
1146840 2195.8
1146850 2192.8
1146860 2189.0
1146870 2189.0
1146880 2188.6
1146890 2190.8
1146900 2190.8
1146910 2193.8
1146920 2192.4
1146930 2192.4
1146940 2195.0
1146950 2198.4
1146960 2198.4
1146970 2200.6
1146980 2199.3
1146990 2198.0
1147000 2198.0
1147010 2198.6
1147020 2200.1
1147030 2200.1
1147040 2202.3
1147050 2205.9
1147060 2205.9
1147070 2213.1
1147080 2218.0
1147090 2218.0
1147100 2222.2
1147110 2226.6
1147120 2226.6
1147130 2228.7
1147140 2229.8
1147150 2229.8
1147160 2231.8
1147170 2236.0
1147180 2236.0
1147190 2240.2
1147200 2241.5
1147210 2241.5
1147220 2244.3
1147230 2246.7
1147240 2250.3
1147250 2250.3
1147260 2255.4
1147270 2260.2
1147280 2260.2
1147290 2258.2
1147300 2261.5
1147310 2261.5
1147320 2270.8
1147330 2279.7
1147340 2279.7
1147350 2288.1
1147360 2294.1
1147370 2294.1
1147380 2298.7
1147390 2302.6
1147400 2302.6
1147410 2313.8
1147420 2323.3
1147430 2323.3
1147440 2327.0
1147450 2330.7
1147460 2330.7
1147470 2334.3
1147480 2338.1
1147490 2338.1
1147500 2342.6
1147510 2347.2
1147520 2350.0
1147530 2350.0
1147540 2351.0
1147550 2352.2
1147560 2352.2
1147570 2359.2
1147580 2364.3
1147590 2364.3
1147600 2365.7
1147610 2361.3
1147620 2361.3
1147630 2366.6
1147640 2369.0
1147650 2369.0
1147660 2367.5
1147670 2347.8
1147680 2347.8
1147690 2348.4
1147700 2347.2
1147710 2347.2
1147720 2342.8
1147730 2337.3
1147740 2337.3
1147750 2334.1
1147760 2332.5
1147770 2332.5
1147780 2330.2
1147790 2327.7
1147800 2326.1
1147810 2326.1
1147820 2321.7
1147830 2316.2
1147840 2316.2
1147850 2311.6
1147860 2307.4
1147870 2307.4
1147880 2300.6
1147890 2296.8
1147900 2296.8
1147910 2294.0
1147920 2291.4
1147930 2291.4
1147940 2287.7
1147950 2283.9
1147960 2283.9
1147970 2280.1
1147980 2276.1
1147990 2276.1
1148000 2274.3
1148010 2274.3
1148020 2274.3
1148030 2273.1
1148040 2272.5
1148050 2266.0
1148060 2266.0
1148070 2263.6
1148080 2261.9
1148090 2261.9
1148100 2261.6
1148110 2260.9
1148120 2260.9
1148130 2258.8
1148140 2257.0
1148150 2257.0
1148160 2256.0
1148170 2255.4
1148180 2255.4
1148190 2253.7
1148200 2252.8
1148210 2252.8
1148220 2254.4
1148230 2257.4
1148240 2257.4
1148250 2257.4
1148260 2256.0
1148270 2256.0
1148280 2252.3
1148290 2248.4
1148300 2248.4
1148310 2245.9
1148320 2243.2
1148330 2240.6
1148340 2240.6
1148350 2238.5
1148360 2236.5
1148370 2236.5
1148380 2234.6
1148390 2232.1
1148400 2232.1
1148410 2228.5
1148420 2224.2
1148430 2222.2
1148440 2218.4
1148450 2213.8
1148460 2213.8
1148470 2208.5
1148480 2201.1
1148490 2201.1
1148500 2193.8
1148510 2187.3
1148520 2187.3
1148530 2181.2
1148540 2174.9
1148550 2174.9
1148560 2170.0
1148570 2165.2
1148580 2165.2
1148590 2160.3
1148600 2156.1
1148610 2152.2
1148620 2152.2
1148630 2149.3
1148640 2145.9
1148650 2145.9
1148660 2142.3
1148670 2138.8
1148680 2138.8
1148690 2135.3
1148700 2131.3
1148710 2131.3
1148720 2130.1
1148730 2130.5
1148740 2130.5
1148750 2129.5
1148760 2126.2
1148770 2126.2
1148780 2123.1
1148790 2118.2
1148800 2118.2
1148810 2123.7
1148820 2123.8
1148830 2123.8
1148840 2117.6
1148850 2110.4
1148860 2110.4
1148870 2106.7
1148880 2103.6
1148890 2100.7
1148900 2100.7
1148910 2097.4
1148920 2092.9
1148930 2092.9
1148940 2087.0
1148950 2081.0
1148960 2081.0
1148970 2075.7
1148980 2070.4
1148990 2070.4
1149000 2065.1
1149010 2059.2
1149020 2059.2
1149030 2054.3
1149040 2049.8
1149050 2049.8
1149060 2044.4
1149070 2037.6
1149080 2037.6
1149090 2031.2
1149100 2024.2
1149110 2024.2
1149120 2016.8
1149130 2011.6
1149140 2007.9
1149150 2007.9
1149160 2003.0
1149170 1998.5
1149180 1998.5
1149190 1995.4
1149200 1991.4
1149210 1991.4
1149220 1987.2
1149230 1982.7
1149240 1982.7
1149250 1978.0
1149260 1974.7
1149270 1974.7
1149280 1972.0
1149290 1969.2
1149300 1969.2
1149310 1966.6
1149320 1962.8
1149330 1962.8
1149340 1958.2
1149350 1953.3
1149360 1953.3
1149370 1948.8
1149380 1944.9
1149390 1944.9
1149400 1941.4
1149410 1937.9
1149420 1933.7
1149430 1933.7
1149440 1929.8
1149450 1926.2
1149460 1926.2
1149470 1920.5
1149480 1915.1
1149490 1915.1
1149500 1911.8
1149510 1905.4
1149520 1905.4
1149530 1898.6
1149540 1894.2
1149550 1894.2
1149560 1890.8
1149570 1884.8
1149580 1884.8
1149590 1882.7
1149600 1880.3
1149610 1880.3
1149620 1877.2
1149630 1874.8
1149640 1874.8
1149650 1870.4
1149660 1865.1
1149670 1865.1
1149680 1862.5
1149690 1858.6
1149700 1854.2
1149710 1854.2
1149720 1846.6
1149730 1839.0
1149740 1839.0
1149750 1833.2
1149760 1827.9
1149770 1827.9
1149780 1823.7
1149790 1820.1
1149800 1820.1
1149810 1815.2
1149820 1809.4
1149830 1809.4
1149840 1803.0
1149850 1796.9
1149860 1796.9
1149870 1791.4
1149880 1786.4
1149890 1786.4
1149900 1780.4
1149910 1772.7
1149920 1772.7
1149930 1764.7
1149940 1757.4
1149950 1752.2
1149960 1752.2
1149970 1731.8
1149980 1706.3
1149990 1706.3
1150000 1683.3
1150010 1678.7
1150020 1678.7
1150030 1673.4
1150040 1654.5
1150050 1654.5
1150060 1639.5
1150070 1634.9
1150080 1634.9
1150090 1631.5
1150100 1626.2
1150110 1626.2
1150120 1621.3
1150130 1614.6
1150140 1614.6
1150150 1608.5
1150160 1603.9
1150170 1603.9
1150180 1601.3
1150190 1600.8
1150200 1600.8
1150210 1598.5
1150220 1593.1
1150230 1581.2
1150240 1581.2
1150250 1559.2
1150260 1547.4
1150270 1547.4
1150280 1537.4
1150290 1524.5
1150300 1524.5
1150310 1513.7
1150320 1503.8
1150330 1519.7
1150340 1508.1
1150350 1487.7
1150360 1487.7
1150370 1470.0
1150380 1452.3
1150390 1452.3
1150400 1432.1
1150410 1420.7
1150420 1420.7
1150430 1412.6
1150440 1404.3
1150450 1404.3
1150460 1396.3
1150470 1389.4
1150480 1389.4
1150490 1382.4
1150500 1375.7
1150510 1368.3
1150520 1368.3
1150530 1361.3
1150540 1354.2
1150550 1354.2
1150560 1347.4
1150570 1340.8
1150580 1340.8
1150590 1334.3
1150600 1328.1
1150610 1328.1
1150620 1321.8
1150630 1315.6
1150640 1315.6
1150650 1309.5
1150660 1303.0
1150670 1303.0
1150680 1296.6
1150690 1290.1
1150700 1290.1
1150710 1285.6
1150720 1279.0
1150730 1279.0
1150740 1272.7
1150750 1267.3
1150760 1262.9
1150770 1262.9
1150780 1258.3
1150790 1251.9
1150800 1251.9
1150810 1247.4
1150820 1245.8
1150830 1245.8
1150840 1244.4
1150850 1242.9
1150860 1242.9
1150870 1241.4
1150880 1238.1
1150890 1238.1
1150900 1237.9
1150910 1242.1
1150920 1242.1
1150930 1243.8
1150940 1246.4
1150950 1246.4
1150960 1249.2
1150970 1250.2
1150980 1250.2
1150990 1251.5
1151000 1253.3
1151010 1253.3
1151020 1255.4
1151030 1258.1
1151040 1260.9
1151050 1260.9
1151060 1265.5
1151070 1270.8
1151080 1270.8
1151090 1277.5
1151100 1283.2
1151110 1283.2
1151120 1289.2
1151130 1295.4
1151140 1295.4
1151150 1301.8
1151160 1308.8
1151170 1308.8
1151180 1315.4
1151190 1323.1
1151200 1323.1
1151210 1331.5
1151220 1339.5
1151230 1339.5
1151240 1346.8
1151250 1354.2
1151260 1354.2
1151270 1362.5
1151280 1371.5
1151290 1371.5
1151300 1388.0
1151310 1434.9
1151320 1458.0
1151330 1458.0
1151340 1469.9
1151350 1477.4
1151360 1477.4
1151370 1483.6
1151380 1489.3
1151390 1489.3
1151400 1494.0
1151410 1497.7
1151420 1497.7
1151430 1501.0
1151440 1504.8
1151450 1504.8
1151460 1509.5
1151470 1515.3
1151480 1515.3
1151490 1521.0
1151500 1525.2
1151510 1525.2
1151520 1527.2
1151530 1529.8
1151540 1529.8
1151550 1534.1
1151560 1539.9
1151570 1546.2
1151580 1546.2
1151590 1553.2
1151600 1561.0
1151610 1561.0
1151620 1564.8
1151630 1567.4
1151640 1567.4
1151650 1571.4
1151660 1576.6
1151670 1576.6
1151680 1581.9
1151690 1587.1
1151700 1587.1
1151710 1592.2
1151720 1597.3
1151730 1597.3
1151740 1602.0
1151750 1605.9
1151760 1605.9
1151770 1609.3
1151780 1613.3
1151790 1613.3
1151800 1617.5
1151810 1621.1
1151820 1621.1
1151830 1624.0
1151840 1625.9
1151850 1626.0
1151860 1626.0
1151870 1626.7
1151880 1628.4
1151890 1628.4
1151900 1631.5
1151910 1634.2
1151920 1634.2
1151930 1635.9
1151940 1637.0
1151950 1637.0
1151960 1638.4
1151970 1640.5
1151980 1640.5
1151990 1643.2
1152000 1645.5
1152010 1645.5
1152020 1647.7
1152030 1650.6
1152040 1650.6
1152050 1653.3
1152060 1654.7
1152070 1654.7
1152080 1656.4
1152090 1658.7
1152100 1658.7
1152110 1661.1
1152120 1663.4
1152130 1665.4
1152140 1665.4
1152150 1667.5
1152160 1669.1
1152170 1669.1
1152180 1670.0
1152190 1670.7
1152200 1670.7
1152210 1671.0
1152220 1672.5
1152230 1672.5
1152240 1671.4
1152250 1674.4
1152260 1674.4
1152270 1678.0
1152280 1681.3
1152290 1681.3
1152300 1684.5
1152310 1687.1
1152320 1687.1
1152330 1689.9
1152340 1692.8
1152350 1692.8
1152360 1695.7
1152370 1696.9
1152380 1696.9
1152390 1696.2
1152400 1700.3
1152410 1707.4
1152420 1707.4
1152430 1712.3
1152440 1715.9
1152450 1715.9
1152460 1719.5
1152470 1723.0
1152480 1723.0
1152490 1726.0
1152500 1729.0
1152510 1729.0
1152520 1732.1
1152530 1735.1
1152540 1735.1
1152550 1738.4
1152560 1741.4
1152570 1741.4
1152580 1744.5
1152590 1747.6
1152600 1747.6
1152610 1751.0
1152620 1749.4
1152630 1749.4
1152640 1752.7
1152650 1755.2
1152660 1757.6
1152670 1757.6
1152680 1759.9
1152690 1763.0
1152700 1763.0
1152710 1765.6
1152720 1769.1
1152730 1769.1
1152740 1771.4
1152750 1773.6
1152760 1773.6
1152770 1775.6
1152780 1776.8
1152790 1776.8
1152800 1777.4
1152810 1776.9
1152820 1776.9
1152830 1776.6
1152840 1776.8
1152850 1776.8
1152860 1775.8
1152870 1772.4
1152880 1772.4
1152890 1768.7
1152900 1766.9
1152910 1766.9
1152920 1766.8
1152930 1766.7
1152940 1766.9
1152950 1766.9
1152960 1765.3
1152970 1765.9
1152980 1765.9
1152990 1766.6
1153000 1755.6
1153010 1755.6
1153020 1756.9
1153030 1752.9
1153040 1752.9
1153050 1744.9
1153060 1752.1
1153070 1752.1
1153080 1754.2
1153090 1756.8
1153100 1756.8
1153110 1756.0
1153120 1753.7
1153130 1753.7
1153140 1747.1
1153150 1738.1
1153160 1738.1
1153170 1735.1
1153180 1741.7
1153190 1741.7
1153200 1748.2
1153210 1755.4
1153220 1761.0
1153230 1761.0
1153240 1766.2
1153250 1768.5
1153260 1768.5
1153270 1766.8
1153280 1762.9
1153290 1762.9
1153300 1757.4
1153310 1752.8
1153320 1752.8
1153330 1748.8
1153340 1741.6
1153350 1741.6
1153360 1734.4
1153370 1729.3
1153380 1729.3
1153390 1716.6
1153400 1716.4
1153410 1716.4
1153420 1718.3
1153430 1718.3
1153440 1718.3
1153450 1717.8
1153460 1717.6
1153470 1717.0
1153480 1717.0
1153490 1717.2
1153500 1719.8
1153510 1719.8
1153520 1724.3
1153530 1726.8
1153540 1726.8
1153550 1727.9
1153560 1729.3
1153570 1729.3
1153580 1731.1
1153590 1733.2
1153600 1733.2
1153610 1735.8
1153620 1738.2
1153630 1738.2
1153640 1740.2
1153650 1741.7
1153660 1741.7
1153670 1742.4
1153680 1743.2
1153690 1743.2
1153700 1744.1
1153710 1745.5
1153720 1745.5
1153730 1747.5
1153740 1749.8
1153750 1752.0
1153760 1752.0
1153770 1750.7
1153780 1753.3
1153790 1753.3
1153800 1755.3
1153810 1756.9
1153820 1756.9
1153830 1757.1
1153840 1755.8
1153850 1755.8
1153860 1752.6
1153870 1749.6
1153880 1749.6
1153890 1747.6
1153900 1745.4
1153910 1745.4
1153920 1743.4
1153930 1742.1
1153940 1742.1
1153950 1742.2
1153960 1741.7
1153970 1741.7
1153980 1739.5
1153990 1736.2
1154000 1736.2
1154010 1732.2
1154020 1729.4
1154030 1727.1
1154040 1727.1
1154050 1725.3
1154060 1723.4
1154070 1723.4
1154080 1721.4
1154090 1720.7
1154100 1720.7
1154110 1719.8
1154120 1717.6
1154130 1717.6
1154140 1714.2
1154150 1710.3
1154160 1709.0
1154170 1704.7
1154180 1700.0
1154190 1700.0
1154200 1695.1
1154210 1690.7
1154220 1690.7
1154230 1686.1
1154240 1680.9
1154250 1680.9
1154260 1675.9
1154270 1672.3
1154280 1668.4
1154290 1668.4
1154300 1665.1
1154310 1662.4
1154320 1662.4
1154330 1660.4
1154340 1660.3
1154350 1660.3
1154360 1660.5
1154370 1659.8
1154380 1659.8
1154390 1659.4
1154400 1658.6
1154410 1658.6
1154420 1657.0
1154430 1654.9
1154440 1654.9
1154450 1653.8
1154460 1653.0
1154470 1653.0
1154480 1652.5
1154490 1652.1
1154500 1652.1
1154510 1652.0
1154520 1652.0
1154530 1652.0
1154540 1646.6
1154550 1646.0
1154560 1644.8
1154570 1644.8
1154580 1643.6
1154590 1642.7
1154600 1642.7
1154610 1641.8
1154620 1641.2
1154630 1641.2
1154640 1640.7
1154650 1640.3
1154660 1640.3
1154670 1641.2
1154680 1641.3
1154690 1641.3
1154700 1640.8
1154710 1639.3
1154720 1639.3
1154730 1637.0
1154740 1633.5
1154750 1633.5
1154760 1630.4
1154770 1627.9
1154780 1627.9
1154790 1625.7
1154800 1623.4
1154810 1623.4
1154820 1620.6
1154830 1617.7
1154840 1615.5
1154850 1615.5
1154860 1613.7
1154870 1612.0
1154880 1612.0
1154890 1609.9
1154900 1608.0
1154910 1608.0
1154920 1607.2
1154930 1601.2
1154940 1601.2
1154950 1600.1
1154960 1598.6
1154970 1598.6
1154980 1596.1
1154990 1593.6
1155000 1593.6
1155010 1590.9
1155020 1588.8
1155030 1588.8
1155040 1586.5
1155050 1584.5
1155060 1584.5
1155070 1582.4
1155080 1580.5
1155090 1576.8
1155100 1576.8
1155110 1573.3
1155120 1570.1
1155130 1570.1
1155140 1567.2
1155150 1563.8
1155160 1563.8
1155170 1561.0
1155180 1558.8
1155190 1558.8
1155200 1556.7
1155210 1554.5
1155220 1554.5
1155230 1553.0
1155240 1551.5
1155250 1551.5
1155260 1549.6
1155270 1547.0
1155280 1547.0
1155290 1544.9
1155300 1542.6
1155310 1542.6
1155320 1537.1
1155330 1536.3
1155340 1536.3
1155350 1535.3
1155360 1535.0
1155370 1534.9
1155380 1534.9
1155390 1534.9
1155400 1534.6
1155410 1534.6
1155420 1533.5
1155430 1532.4
1155440 1532.4
1155450 1531.1
1155460 1529.8
1155470 1529.8
1155480 1527.9
1155490 1525.9
1155500 1525.9
1155510 1525.4
1155520 1524.5
1155530 1524.5
1155540 1522.4
1155550 1519.5
1155560 1519.5
1155570 1515.9
1155580 1512.0
1155590 1512.0
1155600 1509.1
1155610 1507.1
1155620 1507.1
1155630 1503.5
1155640 1498.5
1155650 1494.0
1155660 1494.0
1155670 1490.1
1155680 1486.1
1155690 1486.1
1155700 1477.6
1155710 1472.6
1155720 1472.6
1155730 1467.8
1155740 1463.5
1155750 1463.5
1155760 1459.5
1155770 1454.7
1155780 1454.7
1155790 1449.3
1155800 1444.2
1155810 1444.2
1155820 1439.8
1155830 1435.0
1155840 1435.0
1155850 1429.9
1155860 1425.0
1155870 1425.0
1155880 1420.3
1155890 1415.6
1155900 1411.6
1155910 1411.6
1155920 1407.9
1155930 1404.1
1155940 1404.1
1155950 1400.6
1155960 1397.4
1155970 1397.4
1155980 1394.3
1155990 1391.5
1156000 1391.5
1156010 1389.2
1156020 1387.4
1156030 1387.4
1156040 1385.1
1156050 1383.2
1156060 1383.2
1156070 1381.4
1156080 1377.2
1156090 1373.4
1156100 1364.1
1156110 1352.1
1156120 1352.1
1156130 1339.6
1156140 1325.7
1156150 1325.7
1156160 1316.3
1156170 1313.0
1156180 1313.4
1156190 1313.4
1156200 1307.1
1156210 1299.0
1156220 1299.0
1156230 1288.1
1156240 1282.0
1156250 1282.0
1156260 1287.1
1156270 1297.2
1156280 1297.2
1156290 1305.4
1156300 1313.9
1156310 1313.9
1156320 1319.7
1156330 1321.4
1156340 1321.4
1156350 1322.0
1156360 1322.9
1156370 1322.9
1156380 1324.9
1156390 1327.7
1156400 1327.7
1156410 1329.0
1156420 1328.2
1156430 1328.2
1156440 1327.6
1156450 1327.4
1156460 1326.1
1156470 1326.1
1156480 1319.2
1156490 1316.2
1156500 1316.2
1156510 1313.4
1156520 1310.8
1156530 1310.8
1156540 1308.0
1156550 1304.2
1156560 1304.2
1156570 1300.3
1156580 1297.5
1156590 1297.5
1156600 1295.3
1156610 1293.4
1156620 1293.4
1156630 1292.0
1156640 1291.2
1156650 1291.2
1156660 1289.7
1156670 1287.5
1156680 1287.5
1156690 1285.9
1156700 1284.1
1156710 1284.1
1156720 1281.2
1156730 1277.6
1156740 1273.6
1156750 1273.6
1156760 1269.8
1156770 1266.9
1156780 1266.9
1156790 1264.1
1156800 1260.9
1156810 1260.9
1156820 1258.4
1156830 1256.7
1156840 1256.7
1156850 1256.2
1156860 1254.2
1156870 1248.1
1156880 1245.6
1156890 1242.8
1156900 1242.8
1156910 1239.8
1156920 1237.4
1156930 1237.4
1156940 1235.6
1156950 1234.3
1156960 1234.3
1156970 1233.1
1156980 1231.9
1156990 1230.9
1157000 1230.9
1157010 1229.5
1157020 1227.5
1157030 1227.5
1157040 1225.8
1157050 1224.1
1157060 1224.1
1157070 1222.6
1157080 1220.9
1157090 1220.9
1157100 1218.9
1157110 1216.7
1157120 1216.7
1157130 1214.8
1157140 1212.9
1157150 1212.9
1157160 1211.6
1157170 1210.9
1157180 1210.9
1157190 1210.2
1157200 1209.2
1157210 1209.2
1157220 1207.5
1157230 1206.2
1157240 1206.2
1157250 1205.3
1157260 1200.9
1157270 1198.7
1157280 1198.7
1157290 1197.3
1157300 1195.8
1157310 1195.8
1157320 1193.6
1157330 1191.6
1157340 1191.6
1157350 1191.0
1157360 1190.2
1157370 1190.2
1157380 1189.4
1157390 1189.2
1157400 1189.2
1157410 1189.3
1157420 1189.6
1157430 1189.6
1157440 1189.6
1157450 1189.4
1157460 1189.4
1157470 1189.5
1157480 1189.7
1157490 1189.7
1157500 1190.2
1157510 1190.7
1157520 1190.7
1157530 1191.4
1157540 1192.1
1157550 1192.9
1157560 1192.9
1157570 1193.7
1157580 1194.7
1157590 1194.7
1157600 1195.7
1157610 1196.3
1157620 1196.3
1157630 1196.8
1157640 1197.4
1157650 1197.4
1157660 1197.5
1157670 1197.9
1157680 1197.9
1157690 1199.0
1157700 1199.1
1157710 1199.1
1157720 1199.5
1157730 1200.6
1157740 1200.6
1157750 1202.3
1157760 1203.1
1157770 1203.1
1157780 1202.0
1157790 1201.3
1157800 1202.0
1157810 1202.0
1157820 1203.0
1157830 1203.0
1157840 1203.0
1157850 1201.4
1157860 1198.1
1157870 1198.1
1157880 1192.8
1157890 1187.1
1157900 1187.1
1157910 1182.6
1157920 1179.8
1157930 1179.8
1157940 1177.1
1157950 1174.9
1157960 1174.9
1157970 1173.4
1157980 1171.0
1157990 1171.0
1158000 1168.3
1158010 1166.6
1158020 1166.6
1158030 1158.8
1158040 1156.5
1158050 1156.5
1158060 1154.8
1158070 1153.0
1158080 1150.8
1158090 1150.8
1158100 1148.5
1158110 1146.1
1158120 1146.1
1158130 1144.4
1158140 1143.5
1158150 1143.5
1158160 1135.7
1158170 1125.6
1158180 1125.6
1158190 1119.4
1158200 1114.6
1158210 1114.6
1158220 1110.7
1158230 1106.9
1158240 1106.9
1158250 1103.3
1158260 1100.5
1158270 1100.5
1158280 1096.3
1158290 1091.2
1158300 1091.2
1158310 1085.8
1158320 1079.0
1158330 1079.0
1158340 1063.1
1158350 1054.4
1158360 1053.2
1158370 1053.2
1158380 1053.1
1158390 1053.0
1158400 1053.0
1158410 1053.1
1158420 1052.8
1158430 1052.8
1158440 1052.8
1158450 1052.9
1158460 1052.9
1158470 1052.9
1158480 1052.9
1158490 1052.9
1158500 1052.6
1158510 1052.5
1158520 1052.5
1158530 1052.4
1158540 1052.5
1158550 1052.5
1158560 1052.5
1158570 1052.5
1158580 1052.5
1158590 1052.4
1158600 1052.4
1158610 1052.4
1158620 1052.4
1158630 1052.3
1158640 1052.2
1158650 1052.2
1158660 1052.2
1158670 1052.1
1158680 1052.1
1158690 1052.0
1158700 1052.0
1158710 1052.0
1158720 1051.9
1158730 1051.8
1158740 1051.8
1158750 1051.6
1158760 1051.5
1158770 1051.5
1158780 1051.5
1158790 1051.4
1158800 1051.4
1158810 1051.2
1158820 1050.9
1158830 1050.9
1158840 1050.8
1158850 1050.8
1158860 1050.8
1158870 1050.8
1158880 1050.5
1158890 1050.2
1158900 1050.2
1158910 1050.2
1158920 1050.3
1158930 1050.3
1158940 1050.2
1158950 1050.1
1158960 1050.1
1158970 1050.0
1158980 1050.0
1158990 1050.0
1159000 1050.0
1159010 1050.0
1159020 1050.0
1159030 1050.0
1159040 1050.0
1159050 1050.0
1159060 1049.9
1159070 1049.8
1159080 1049.8
1159090 1049.8
1159100 1049.8
1159110 1049.8
1159120 1049.8
1159130 1050.0
1159140 1050.0
1159150 1049.7
1159160 1048.5
1159170 1047.6
1159180 1047.6
1159190 1047.2
1159200 1047.3
1159210 1047.6
1159220 1047.4
1159230 1047.6
1159240 1047.6
1159250 1049.2
1159260 1049.9
1159270 1049.9
1159280 1050.2
1159290 1050.1
1159300 1050.1
1159310 1050.1
1159320 1050.1
1159330 1050.1
1159340 1050.1
1159350 1050.2
1159360 1050.2
1159370 1049.8
1159380 1049.4
1159390 1049.4
1159400 1049.2
1159410 1049.1
1159420 1049.9
1159430 1049.9
1159440 1053.2
1159450 1058.5
1159460 1058.5
1159470 1062.3
1159480 1062.9
1159490 1062.9
1159500 1063.0
1159510 1062.7
1159520 1062.7
1159530 1062.5
1159540 1062.4
1159550 1062.4
1159560 1062.2
1159570 1062.0
1159580 1062.0
1159590 1061.9
1159600 1063.1
1159610 1063.1
1159620 1062.9
1159630 1062.6
1159640 1062.6
1159650 1061.7
1159660 1060.6
1159670 1060.6
1159680 1060.2
1159690 1059.4
1159700 1058.4
1159710 1058.4
1159720 1059.6
1159730 1062.6
1159740 1062.6
1159750 1065.2
1159760 1067.6
1159770 1067.6
1159780 1070.3
1159790 1075.0
1159800 1075.0
1159810 1077.5
1159820 1078.0
1159830 1078.0
1159840 1079.1
1159850 1080.5
1159860 1080.5
1159870 1081.4
1159880 1080.0
1159890 1080.0
1159900 1077.3
1159910 1078.0
1159920 1078.0
1159930 1076.5
1159940 1078.5
1159950 1078.5
1159960 1071.9
1159970 1064.6
1159980 1056.7
1159990 1061.1
