1140000 2251.6
1140010 2260.4
1140020 2260.4
1140030 2271.4
1140040 2287.2
1140050 2287.2
1140060 2302.8
1140070 2306.6
1140080 2310.6
1140090 2310.6
1140100 2320.5
1140110 2316.7
1140120 2316.7
1140130 2311.8
1140140 2306.5
1140150 2306.5
1140160 2301.4
1140170 2295.5
1140180 2295.5
1140190 2289.6
1140200 2284.9
1140210 2284.9
1140220 2281.0
1140230 2278.1
1140240 2278.1
1140250 2276.7
1140260 2275.3
1140270 2275.3
1140280 2273.9
1140290 2270.5
1140300 2270.5
1140310 2265.3
1140320 2262.6
1140330 2262.6
1140340 2261.8
1140350 2252.3
1140360 2253.5
1140370 2253.5
1140380 2256.6
1140390 2259.7
1140400 2259.7
1140410 2260.6
1140420 2262.5
1140430 2262.5
1140440 2267.3
1140450 2269.1
1140460 2269.1
1140470 2268.8
1140480 2266.5
1140490 2266.5
1140500 2267.2
1140510 2262.3
1140520 2262.3
1140530 2258.3
1140540 2255.7
1140550 2255.7
1140560 2254.7
1140570 2254.6
1140580 2254.6
1140590 2256.0
1140600 2260.0
1140610 2260.0
1140620 2262.2
1140630 2258.1
1140640 2255.6
1140650 2255.6
1140660 2255.9
1140670 2255.8
1140680 2255.8
1140690 2257.6
1140700 2256.2
1140710 2256.2
1140720 2252.9
1140730 2250.5
1140740 2250.5
1140750 2245.9
1140760 2242.6
1140770 2242.6
1140780 2239.6
1140790 2240.4
1140800 2240.4
1140810 2240.7
1140820 2242.7
1140830 2242.7
1140840 2240.8
1140850 2238.3
1140860 2238.3
1140870 2237.9
1140880 2235.6
1140890 2235.6
1140900 2235.1
1140910 2236.2
1140920 2233.6
1140930 2233.6
1140940 2230.4
1140950 2231.4
1140960 2231.4
1140970 2227.3
1140980 2225.2
1140990 2225.2
1141000 2227.0
1141010 2227.3
1141020 2227.3
1141030 2228.4
1141040 2226.3
1141050 2226.3
1141060 2224.4
1141070 2220.7
1141080 2220.7
1141090 2218.7
1141100 2216.0
1141110 2216.0
1141120 2211.9
1141130 2211.4
1141140 2211.4
1141150 2212.4
1141160 2211.7
1141170 2211.6
1141180 2211.6
1141190 2209.9
1141200 2206.5
1141210 2206.5
1141220 2203.7
1141230 2202.3
1141240 2202.3
1141250 2202.9
1141260 2203.0
1141270 2203.0
1141280 2200.4
1141290 2197.0
1141300 2197.0
1141310 2194.3
1141320 2191.3
1141330 2191.3
1141340 2188.2
1141350 2187.5
1141360 2187.5
1141370 2186.4
1141380 2185.5
1141390 2185.5
1141400 2184.8
1141410 2184.5
1141420 2184.5
1141430 2181.8
1141440 2178.7
1141450 2176.1
1141460 2176.1
1141470 2172.1
1141480 2172.0
1141490 2172.0
1141500 2171.6
1141510 2171.9
1141520 2171.9
1141530 2173.6
1141540 2176.8
1141550 2176.8
1141560 2179.4
1141570 2181.2
1141580 2181.2
1141590 2182.6
1141600 2181.6
1141610 2181.6
1141620 2182.6
1141630 2184.6
1141640 2184.6
1141650 2183.3
1141660 2181.3
1141670 2181.3
1141680 2178.3
1141690 2175.5
1141700 2175.5
1141710 2172.5
1141720 2164.1
1141730 2149.7
1141740 2149.7
1141750 2142.9
1141760 2138.1
1141770 2138.1
1141780 2131.6
1141790 2122.0
1141800 2122.0
1141810 2106.5
1141820 2093.4
1141830 2093.4
1141840 2083.2
1141850 2076.2
1141860 2076.2
1141870 2068.3
1141880 2057.5
1141890 2057.5
1141900 2042.1
1141910 2028.5
1141920 2028.5
1141930 2022.3
1141940 2015.9
1141950 2015.9
1141960 2010.2
1141970 2006.7
1141980 2006.7
1141990 2003.1
1142000 1999.3
1142010 1993.5
1142020 1993.5
1142030 1989.6
1142040 1987.4
1142050 1987.4
1142060 1988.2
1142070 1985.3
1142080 1985.3
1142090 1982.0
1142100 1981.2
1142110 1981.2
1142120 1980.3
1142130 1980.9
1142140 1980.9
1142150 1983.8
1142160 1985.9
1142170 1985.9
1142180 1987.7
1142190 1991.6
1142200 1991.6
1142210 1993.3
1142220 1996.2
1142230 1996.2
1142240 1998.5
1142250 2001.3
1142260 2004.0
1142270 2004.0
1142280 2005.1
1142290 2004.5
1142300 2004.5
1142310 2003.3
1142320 2001.9
1142330 2001.9
1142340 2001.7
1142350 2001.8
1142360 2001.8
1142370 2001.9
1142380 2002.0
1142390 2002.0
1142400 2002.0
1142410 2002.1
1142420 2002.1
1142430 2002.3
1142440 2003.3
1142450 2003.3
1142460 2004.2
1142470 2004.8
1142480 2004.8
1142490 2006.8
1142500 2008.1
1142510 2008.1
1142520 2010.3
1142530 2010.1
1142540 2011.5
1142550 2011.5
1142560 2015.6
1142570 2020.3
1142580 2019.8
1142590 2025.2
1142600 2031.0
1142610 2031.0
1142620 2037.0
1142630 2042.7
1142640 2042.7
1142650 2048.6
1142660 2054.6
1142670 2054.6
1142680 2060.6
1142690 2066.6
1142700 2066.6
1142710 2072.1
1142720 2077.1
1142730 2077.1
1142740 2082.1
1142750 2095.1
1142760 2095.1
1142770 2117.0
1142780 2134.1
1142790 2134.1
1142800 2151.5
1142810 2166.6
1142820 2176.2
1142830 2176.2
1142840 2184.3
1142850 2192.2
1142860 2192.2
1142870 2200.4
1142880 2206.1
1142890 2206.1
1142900 2211.9
1142910 2217.8
1142920 2217.8
1142930 2223.5
1142940 2229.9
1142950 2231.3
1142960 2243.0
1142970 2251.4
1142980 2251.4
1142990 2257.0
1143000 2260.9
1143010 2260.9
1143020 2262.7
1143030 2265.5
1143040 2265.5
1143050 2271.0
1143060 2277.5
1143070 2284.0
1143080 2284.0
1143090 2290.8
1143100 2295.9
1143110 2295.9
1143120 2298.5
1143130 2299.8
1143140 2299.8
1143150 2300.7
1143160 2302.3
1143170 2302.3
1143180 2304.0
1143190 2306.6
1143200 2306.6
1143210 2308.9
1143220 2311.5
1143230 2311.5
1143240 2314.1
1143250 2314.9
1143260 2314.9
1143270 2316.4
1143280 2319.0
1143290 2319.0
1143300 2317.1
1143310 2317.6
1143320 2317.6
1143330 2302.1
1143340 2297.4
1143350 2295.1
1143360 2295.1
1143370 2294.8
1143380 2293.5
1143390 2293.5
1143400 2294.3
1143410 2295.6
1143420 2295.6
1143430 2296.5
1143440 2293.2
1143450 2293.2
1143460 2290.7
1143470 2292.4
1143480 2292.4
1143490 2295.6
1143500 2296.5
1143510 2296.5
1143520 2296.3
1143530 2296.2
1143540 2296.2
1143550 2298.0
1143560 2301.5
1143570 2301.5
1143580 2304.1
1143590 2305.4
1143600 2305.4
1143610 2306.9
1143620 2308.7
1143630 2310.5
1143640 2310.5
1143650 2312.1
1143660 2313.4
1143670 2313.4
1143680 2314.8
1143690 2316.3
1143700 2310.7
1143710 2315.4
1143720 2321.1
1143730 2321.1
1143740 2324.7
1143750 2327.3
1143760 2327.3
1143770 2329.4
1143780 2332.1
1143790 2332.1
1143800 2336.2
1143810 2341.3
1143820 2341.3
1143830 2345.1
1143840 2348.7
1143850 2348.7
1143860 2353.8
1143870 2358.1
1143880 2358.1
1143890 2362.0
1143900 2365.4
1143910 2369.3
1143920 2369.3
1143930 2373.2
1143940 2376.6
1143950 2376.6
1143960 2381.4
1143970 2388.3
1143980 2388.3
1143990 2393.9
1144000 2397.8
1144010 2397.8
1144020 2401.2
1144030 2403.9
1144040 2403.9
1144050 2410.9
1144060 2421.1
1144070 2417.8
1144080 2423.3
1144090 2425.1
1144100 2425.1
1144110 2426.9
1144120 2430.2
1144130 2430.2
1144140 2433.8
1144150 2434.7
1144160 2431.6
1144170 2431.6
1144180 2429.2
1144190 2429.5
1144200 2429.5
1144210 2424.7
1144220 2423.9
1144230 2423.9
1144240 2424.4
1144250 2421.8
1144260 2421.8
1144270 2418.6
1144280 2405.0
1144290 2405.0
1144300 2388.1
1144310 2370.4
1144320 2370.4
1144330 2360.9
1144340 2355.5
1144350 2355.5
1144360 2348.8
1144370 2343.1
1144380 2343.1
1144390 2337.1
1144400 2330.3
1144410 2330.3
1144420 2323.6
1144430 2316.8
1144440 2310.7
1144450 2314.3
1144460 2308.0
1144470 2301.7
1144480 2301.7
1144490 2295.6
1144500 2288.8
1144510 2288.8
1144520 2282.3
1144530 2276.4
1144540 2276.4
1144550 2269.9
1144560 2263.1
1144570 2263.1
1144580 2258.1
1144590 2253.3
1144600 2253.3
1144610 2247.2
1144620 2241.8
1144630 2241.8
1144640 2237.8
1144650 2234.7
1144660 2234.7
1144670 2232.2
1144680 2231.8
1144690 2231.8
1144700 2234.0
1144710 2234.3
1144720 2234.3
1144730 2234.3
1144740 2232.0
1144750 2228.0
1144760 2228.0
1144770 2222.9
1144780 2217.7
1144790 2217.7
1144800 2210.9
1144810 2203.4
1144820 2201.4
1144830 2193.5
1144840 2184.1
1144850 2184.1
1144860 2176.7
1144870 2171.0
1144880 2171.0
1144890 2164.6
1144900 2158.7
1144910 2158.7
1144920 2153.6
1144930 2149.5
1144940 2149.5
1144950 2146.1
1144960 2142.9
1144970 2142.9
1144980 2139.7
1144990 2136.3
1145000 2132.2
1145010 2132.2
1145020 2128.8
1145030 2126.2
1145040 2126.2
1145050 2123.0
1145060 2119.6
1145070 2119.6
1145080 2116.1
1145090 2114.4
1145100 2114.4
1145110 2113.0
1145120 2111.4
1145130 2111.4
1145140 2109.3
1145150 2106.1
1145160 2106.1
1145170 2103.1
1145180 2100.2
1145190 2100.2
1145200 2098.4
1145210 2097.6
1145220 2097.6
1145230 2096.9
1145240 2096.0
1145250 2094.5
1145260 2094.5
1145270 2091.5
1145280 2087.7
1145290 2087.7
1145300 2083.4
1145310 2079.5
1145320 2079.5
1145330 2077.9
1145340 2077.3
1145350 2077.3
1145360 2076.9
1145370 2077.3
1145380 2077.3
1145390 2077.3
1145400 2076.1
1145410 2076.1
1145420 2074.3
1145430 2072.8
1145440 2072.8
1145450 2071.4
1145460 2070.0
1145470 2070.0
1145480 2067.6
1145490 2064.9
1145500 2064.9
1145510 2062.5
1145520 2059.8
1145530 2056.5
1145540 2056.5
1145550 2052.9
1145560 2049.1
1145570 2047.3
1145580 2043.9
1145590 2040.5
1145600 2040.5
1145610 2040.7
1145620 2043.2
1145630 2043.2
1145640 2042.4
1145650 2039.7
1145660 2039.7
1145670 2038.8
1145680 2039.3
1145690 2039.3
1145700 2039.4
1145710 2038.6
1145720 2038.6
1145730 2035.5
1145740 2034.2
1145750 2034.2
1145760 2033.7
1145770 2030.3
1145780 2030.3
1145790 2025.8
1145800 2021.3
1145810 2018.5
1145820 2018.5
1145830 2017.0
1145840 2016.4
1145850 2016.4
1145860 2016.2
1145870 2016.2
1145880 2016.2
1145890 2015.8
1145900 2015.0
1145910 2015.0
1145920 2014.4
1145930 2013.7
1145940 2013.7
1145950 2013.6
1145960 2013.9
1145970 2013.9
1145980 2015.0
1145990 2015.6
1146000 2015.6
1146010 2016.4
1146020 2018.0
1146030 2018.0
1146040 2020.0
1146050 2022.0
1146060 2023.1
1146070 2023.1
1146080 2025.0
1146090 2027.4
1146100 2027.4
1146110 2029.2
1146120 2030.2
1146130 2030.2
1146140 2031.8
1146150 2035.4
1146160 2035.4
1146170 2039.2
1146180 2041.9
1146190 2041.9
1146200 2044.3
1146210 2045.8
1146220 2045.8
1146230 2047.3
1146240 2048.0
1146250 2048.0
1146260 2047.9
1146270 2047.2
1146280 2047.2
1146290 2045.3
1146300 2043.2
1146310 2043.2
1146320 2045.5
1146330 2045.1
1146340 2046.5
1146350 2046.5
1146360 2050.6
1146370 2050.4
1146380 2050.4
1146390 2047.7
1146400 2047.1
1146410 2047.1
1146420 2051.7
1146430 2061.1
1146440 2061.1
1146450 2072.1
1146460 2075.5
1146470 2075.5
1146480 2069.4
1146490 2072.2
1146500 2072.2
1146510 2082.6
1146520 2095.1
1146530 2095.1
1146540 2103.9
1146550 2110.3
1146560 2110.3
1146570 2114.8
1146580 2121.3
1146590 2121.3
1146600 2131.5
1146610 2140.1
1146620 2144.9
1146630 2144.9
1146640 2149.7
1146650 2154.3
1146660 2154.3
1146670 2154.9
1146680 2154.3
1146690 2154.3
1146700 2166.0
1146710 2166.6
1146720 2166.6
1146730 2172.3
1146740 2174.5
1146750 2174.5
1146760 2173.4
1146770 2170.1
1146780 2170.1
1146790 2167.4
1146800 2167.4
1146810 2167.4
1146820 2168.4
1146830 2167.4
1146840 2167.4
1146850 2166.2
1146860 2166.0
1146870 2166.0
1146880 2165.9
1146890 2165.6
1146900 2166.8
1146910 2166.8
1146920 2170.2
1146930 2172.4
1146940 2172.4
1146950 2175.6
1146960 2174.8
1146970 2174.8
1146980 2172.9
1146990 2173.1
1147000 2173.1
1147010 2173.8
1147020 2174.0
1147030 2174.0
1147040 2172.0
1147050 2167.4
1147060 2167.4
1147070 2165.0
1147080 2176.0
1147090 2176.0
1147100 2170.6
1147110 2174.7
1147120 2174.7
1147130 2182.1
1147140 2183.8
1147150 2186.4
1147160 2186.4
1147170 2190.7
1147180 2191.0
1147190 2191.0
1147200 2189.9
1147210 2202.2
1147220 2202.2
1147230 2210.1
1147240 2214.2
1147250 2214.2
1147260 2216.6
1147270 2220.4
1147280 2220.4
1147290 2223.2
1147300 2226.5
1147310 2226.5
1147320 2230.1
1147330 2231.3
1147340 2231.3
1147350 2230.8
1147360 2229.4
1147370 2229.4
1147380 2224.8
1147390 2218.6
1147400 2218.6
1147410 2215.2
1147420 2204.5
1147430 2199.0
1147440 2199.0
1147450 2199.7
1147460 2239.8
1147470 2239.8
1147480 2243.6
1147490 2245.5
1147500 2245.5
1147510 2247.6
1147520 2249.0
1147530 2249.0
1147540 2246.8
1147550 2246.5
1147560 2246.5
1147570 2245.8
1147580 2242.5
1147590 2242.5
1147600 2235.9
1147610 2229.1
1147620 2229.1
1147630 2226.8
1147640 2229.8
1147650 2229.8
1147660 2235.8
1147670 2242.9
1147680 2242.9
1147690 2247.7
1147700 2250.6
1147710 2250.2
1147720 2250.2
1147730 2248.6
1147740 2247.7
1147750 2247.7
1147760 2245.7
1147770 2242.2
1147780 2242.2
1147790 2239.9
1147800 2238.5
1147810 2238.5
1147820 2236.1
1147830 2247.4
1147840 2247.4
1147850 2251.8
1147860 2253.6
1147870 2253.6
1147880 2254.6
1147890 2250.9
1147900 2250.9
1147910 2250.0
1147920 2253.0
1147930 2253.0
1147940 2254.0
1147950 2259.7
1147960 2259.7
1147970 2263.5
1147980 2268.7
1147990 2274.2
1148000 2274.2
1148010 2281.3
1148020 2288.6
1148030 2288.6
1148040 2294.4
1148050 2300.0
1148060 2300.0
1148070 2304.6
1148080 2310.7
1148090 2310.7
1148100 2316.8
1148110 2321.5
1148120 2321.5
1148130 2325.1
1148140 2327.8
1148150 2327.8
1148160 2328.3
1148170 2326.2
1148180 2326.2
1148190 2321.4
1148200 2315.7
1148210 2319.3
1148220 2311.8
1148230 2304.2
1148240 2295.7
1148250 2295.7
1148260 2285.4
1148270 2274.5
1148280 2274.5
1148290 2266.9
1148300 2259.7
1148310 2259.7
1148320 2252.7
1148330 2245.9
1148340 2245.9
1148350 2239.0
1148360 2229.5
1148370 2229.5
1148380 2218.2
1148390 2209.1
1148400 2209.1
1148410 2201.1
1148420 2193.6
1148430 2193.6
1148440 2186.9
1148450 2179.6
1148460 2179.6
1148470 2171.9
1148480 2165.2
1148490 2165.2
1148500 2159.8
1148510 2154.3
1148520 2146.9
1148530 2146.9
1148540 2140.0
1148550 2135.4
1148560 2135.4
1148570 2130.7
1148580 2126.2
1148590 2128.5
1148600 2124.5
1148610 2120.5
1148620 2120.5
1148630 2115.3
1148640 2109.7
1148650 2109.7
1148660 2105.9
1148670 2102.8
1148680 2102.8
1148690 2098.1
1148700 2093.5
1148710 2093.5
1148720 2091.3
1148730 2088.8
1148740 2088.8
1148750 2085.3
1148760 2081.5
1148770 2081.5
1148780 2078.6
1148790 2075.2
1148800 2070.3
1148810 2070.3
1148820 2064.8
1148830 2059.9
1148840 2059.9
1148850 2054.7
1148860 2049.7
1148870 2049.7
1148880 2044.7
1148890 2039.1
1148900 2039.1
1148910 2035.4
1148920 2032.8
1148930 2032.8
1148940 2030.6
1148950 2027.8
1148960 2027.8
1148970 2024.3
1148980 2020.5
1148990 2020.5
1149000 2016.4
1149010 2012.5
1149020 2012.5
1149030 2009.5
1149040 2007.0
1149050 2003.7
1149060 2003.7
1149070 1999.6
1149080 1995.8
1149090 1995.8
1149100 1989.6
1149110 1983.3
1149120 1983.3
1149130 1979.4
1149140 1975.5
1149150 1975.5
1149160 1969.6
1149170 1963.6
1149180 1963.6
1149190 1957.4
1149200 1951.2
1149210 1951.2
1149220 1946.1
1149230 1941.0
1149240 1941.0
1149250 1936.0
1149260 1931.2
1149270 1931.2
1149280 1927.0
1149290 1922.7
1149300 1922.7
1149310 1918.5
1149320 1914.7
1149330 1911.5
1149340 1911.5
1149350 1905.7
1149360 1902.6
1149370 1902.6
1149380 1900.1
1149390 1899.2
1149400 1899.2
1149410 1900.2
1149420 1902.6
1149430 1902.6
1149440 1903.5
1149450 1902.9
1149460 1902.9
1149470 1901.9
1149480 1900.5
1149490 1900.5
1149500 1898.4
1149510 1894.0
1149520 1894.0
1149530 1883.5
1149540 1866.9
1149550 1866.9
1149560 1855.9
1149570 1835.5
1149580 1835.5
1149590 1809.4
1149600 1795.3
1149610 1787.4
1149620 1787.4
1149630 1779.0
1149640 1770.5
1149650 1770.5
1149660 1762.7
1149670 1755.7
1149680 1755.7
1149690 1749.7
1149700 1743.5
1149710 1743.5
1149720 1736.2
1149730 1726.9
1149740 1726.9
1149750 1720.0
1149760 1713.1
1149770 1713.1
1149780 1705.8
1149790 1697.8
1149800 1697.8
1149810 1689.4
1149820 1680.1
1149830 1680.1
1149840 1670.7
1149850 1661.8
1149860 1661.8
1149870 1652.8
1149880 1645.8
1149890 1640.3
1149900 1640.3
1149910 1635.7
1149920 1630.3
1149930 1630.3
1149940 1625.7
1149950 1622.7
1149960 1622.7
1149970 1619.3
1149980 1616.7
1149990 1616.7
1150000 1613.9
1150010 1610.5
1150020 1610.5
1150030 1608.3
1150040 1605.9
1150050 1605.9
1150060 1605.4
1150070 1603.7
1150080 1603.7
1150090 1601.6
1150100 1600.1
1150110 1593.1
1150120 1591.1
1150130 1588.8
1150140 1586.1
1150150 1586.1
1150160 1584.6
1150170 1583.6
1150180 1583.6
1150190 1581.9
1150200 1578.4
1150210 1578.4
1150220 1573.3
1150230 1568.0
1150240 1568.0
1150250 1561.6
1150260 1555.6
1150270 1555.6
1150280 1547.1
1150290 1528.4
1150300 1528.4
1150310 1498.8
1150320 1478.0
1150330 1478.0
1150340 1468.3
1150350 1462.1
1150360 1462.1
1150370 1455.2
1150380 1445.9
1150390 1445.9
1150400 1437.1
1150410 1428.7
1150420 1421.1
1150430 1421.1
1150440 1413.9
1150450 1406.5
1150460 1406.5
1150470 1399.3
1150480 1392.3
1150490 1391.2
1150500 1383.9
1150510 1377.2
1150520 1377.2
1150530 1370.7
1150540 1363.9
1150550 1363.9
1150560 1357.1
1150570 1350.1
1150580 1350.1
1150590 1343.3
1150600 1336.3
1150610 1336.3
1150620 1329.1
1150630 1322.0
1150640 1322.0
1150650 1315.2
1150660 1308.5
1150670 1308.5
1150680 1301.7
1150690 1295.1
1150700 1288.5
1150710 1288.5
1150720 1282.0
1150730 1275.8
1150740 1275.8
1150750 1270.2
1150760 1266.2
1150770 1266.2
1150780 1263.2
1150790 1260.0
1150800 1260.0
1150810 1257.7
1150820 1256.5
1150830 1256.5
1150840 1255.2
1150850 1253.5
1150860 1253.5
1150870 1252.9
1150880 1253.1
1150890 1253.1
1150900 1252.8
1150910 1254.1
1150920 1254.1
1150930 1257.7
1150940 1260.1
1150950 1261.4
1150960 1261.4
1150970 1263.2
1150980 1265.4
1150990 1265.4
1151000 1267.9
1151010 1270.6
1151020 1270.6
1151030 1273.0
1151040 1275.1
1151050 1275.1
1151060 1277.3
1151070 1279.9
1151080 1279.9
1151090 1282.6
1151100 1285.6
1151110 1285.6
1151120 1289.2
1151130 1293.4
1151140 1293.4
1151150 1299.2
1151160 1306.2
1151170 1306.2
1151180 1313.1
1151190 1318.9
1151200 1318.9
1151210 1324.1
1151220 1329.5
1151230 1335.2
1151240 1335.2
1151250 1335.7
1151260 1342.5
1151270 1342.5
1151280 1351.0
1151290 1360.1
1151300 1360.1
1151310 1378.3
1151320 1397.3
1151330 1397.3
1151340 1422.9
1151350 1437.5
1151360 1437.5
1151370 1446.5
1151380 1451.7
1151390 1451.7
1151400 1450.9
1151410 1456.7
1151420 1456.7
1151430 1474.6
1151440 1482.9
1151450 1482.9
1151460 1486.4
1151470 1489.9
1151480 1489.9
1151490 1494.3
1151500 1499.7
1151510 1506.2
1151520 1506.2
1151530 1512.3
1151540 1517.4
1151550 1517.4
1151560 1522.4
1151570 1527.1
1151580 1527.1
1151590 1531.9
1151600 1537.1
1151610 1537.1
1151620 1542.1
1151630 1543.7
1151640 1543.7
1151650 1547.4
1151660 1550.5
1151670 1550.5
1151680 1554.2
1151690 1557.9
1151700 1557.9
1151710 1562.2
1151720 1567.9
1151730 1567.9
1151740 1572.6
1151750 1576.9
1151760 1576.9
1151770 1581.3
1151780 1586.2
1151790 1590.4
1151800 1590.4
1151810 1592.6
1151820 1590.4
1151830 1590.4
1151840 1587.1
1151850 1588.5
1151860 1588.5
1151870 1593.6
1151880 1599.9
1151890 1599.9
1151900 1606.9
1151910 1614.2
1151920 1614.2
1151930 1621.5
1151940 1627.2
1151950 1627.2
1151960 1632.8
1151970 1639.9
1151980 1639.9
1151990 1647.7
1152000 1654.8
1152010 1654.8
1152020 1664.7
1152030 1672.0
1152040 1679.1
1152050 1679.1
1152060 1685.8
1152070 1691.7
1152080 1691.7
1152090 1697.6
1152100 1703.5
1152110 1703.5
1152120 1709.7
1152130 1715.1
1152140 1715.1
1152150 1721.1
1152160 1728.1
1152170 1728.1
1152180 1735.6
1152190 1744.7
1152200 1744.7
1152210 1754.8
1152220 1764.2
1152230 1764.2
1152240 1774.2
1152250 1782.6
1152260 1782.6
1152270 1789.0
1152280 1792.9
1152290 1792.9
1152300 1794.4
1152310 1796.1
1152320 1798.6
1152330 1798.6
1152340 1801.0
1152350 1803.4
1152360 1803.4
1152370 1806.3
1152380 1810.0
1152390 1810.0
1152400 1812.4
1152410 1815.0
1152420 1815.0
1152430 1816.9
1152440 1818.6
1152450 1818.6
1152460 1820.6
1152470 1822.8
1152480 1822.8
1152490 1826.2
1152500 1831.2
1152510 1831.2
1152520 1836.8
1152530 1842.5
1152540 1842.5
1152550 1848.1
1152560 1853.9
1152570 1853.9
1152580 1859.2
1152590 1863.2
1152600 1865.8
1152610 1865.8
1152620 1868.3
1152630 1871.7
1152640 1871.7
1152650 1875.8
1152660 1880.9
1152670 1880.9
1152680 1886.6
1152690 1892.6
1152700 1892.6
1152710 1898.2
1152720 1904.2
1152730 1904.2
1152740 1910.3
1152750 1916.2
1152760 1916.2
1152770 1921.4
1152780 1923.3
1152790 1923.3
1152800 1928.0
1152810 1931.9
1152820 1931.9
1152830 1934.3
1152840 1935.6
1152850 1936.3
1152860 1936.3
1152870 1936.9
1152880 1937.5
1152890 1937.5
1152900 1937.7
1152910 1938.8
1152920 1938.8
1152930 1940.4
1152940 1942.2
1152950 1942.2
1152960 1944.0
1152970 1945.5
1152980 1945.5
1152990 1947.1
1153000 1949.6
1153010 1949.6
1153020 1951.9
1153030 1953.8
1153040 1953.8
1153050 1955.5
1153060 1957.2
1153070 1957.2
1153080 1958.6
1153090 1960.2
1153100 1960.2
1153110 1961.9
1153120 1963.1
1153130 1963.3
1153140 1963.3
1153150 1962.2
1153160 1959.8
1153170 1953.0
1153180 1951.6
1153190 1951.0
1153200 1951.0
1153210 1950.1
1153220 1948.8
1153230 1948.8
1153240 1947.9
1153250 1948.3
1153260 1948.3
1153270 1947.9
1153280 1946.7
1153290 1946.7
1153300 1946.0
1153310 1946.3
1153320 1946.3
1153330 1947.9
1153340 1950.5
1153350 1950.5
1153360 1951.8
1153370 1951.8
1153380 1951.8
1153390 1951.6
1153400 1951.5
1153410 1951.2
1153420 1951.2
1153430 1950.0
1153440 1948.7
1153450 1948.7
1153460 1947.1
1153470 1947.8
1153480 1947.8
1153490 1952.2
1153500 1950.6
1153510 1950.6
1153520 1949.4
1153530 1948.8
1153540 1948.8
1153550 1928.7
1153560 1922.1
1153570 1922.1
1153580 1915.5
1153590 1910.4
1153600 1910.4
1153610 1908.1
1153620 1910.8
1153630 1910.8
1153640 1911.6
1153650 1913.7
1153660 1913.7
1153670 1915.0
1153680 1912.1
1153690 1909.1
1153700 1909.1
1153710 1907.5
1153720 1904.8
1153730 1904.8
1153740 1900.0
1153750 1896.8
1153760 1896.8
1153770 1894.3
1153780 1891.0
1153790 1891.0
1153800 1887.0
1153810 1882.5
1153820 1882.5
1153830 1878.7
1153840 1875.7
1153850 1875.7
1153860 1872.2
1153870 1868.3
1153880 1868.3
1153890 1863.3
1153900 1856.0
1153910 1856.0
1153920 1850.0
1153930 1847.4
1153940 1840.9
1153950 1840.9
1153960 1838.7
1153970 1836.8
1153980 1836.8
1153990 1835.4
1154000 1834.2
1154010 1834.2
1154020 1833.2
1154030 1832.4
1154040 1832.4
1154050 1830.7
1154060 1829.6
1154070 1829.6
1154080 1829.2
1154090 1829.3
1154100 1829.3
1154110 1830.1
1154120 1831.1
1154130 1831.1
1154140 1832.2
1154150 1832.9
1154160 1832.9
1154170 1832.5
1154180 1831.5
1154190 1831.5
1154200 1832.1
1154210 1833.5
1154220 1835.1
1154230 1835.1
1154240 1835.6
1154250 1835.2
1154260 1835.2
1154270 1834.6
1154280 1834.1
1154290 1834.1
1154300 1834.0
1154310 1834.3
1154320 1830.1
1154330 1830.4
1154340 1830.5
1154350 1830.5
1154360 1830.4
1154370 1829.9
1154380 1829.9
1154390 1829.5
1154400 1829.3
1154410 1829.3
1154420 1829.1
1154430 1828.8
1154440 1828.8
1154450 1827.5
1154460 1826.1
1154470 1826.1
1154480 1824.5
1154490 1822.3
1154500 1819.5
1154510 1819.5
1154520 1817.4
1154530 1815.3
1154540 1815.3
1154550 1814.4
1154560 1815.3
1154570 1815.3
1154580 1816.6
1154590 1817.9
1154600 1817.9
1154610 1818.7
1154620 1817.9
1154630 1817.9
1154640 1814.7
1154650 1808.7
1154660 1808.7
1154670 1802.4
1154680 1797.2
1154690 1797.2
1154700 1792.8
1154710 1782.7
1154720 1782.7
1154730 1779.7
1154740 1778.3
1154750 1778.0
1154760 1778.0
1154770 1777.9
1154780 1779.6
1154790 1779.6
1154800 1781.5
1154810 1783.5
1154820 1783.5
1154830 1785.6
1154840 1786.5
1154850 1786.5
1154860 1785.2
1154870 1783.3
1154880 1783.3
1154890 1780.7
1154900 1777.2
1154910 1777.2
1154920 1772.6
1154930 1767.7
1154940 1767.7
1154950 1763.0
1154960 1759.1
1154970 1759.1
1154980 1755.7
1154990 1753.1
1155000 1753.1
1155010 1750.3
1155020 1746.7
1155030 1743.2
1155040 1743.2
1155050 1740.1
1155060 1737.1
1155070 1737.1
1155080 1734.6
1155090 1732.1
1155100 1724.9
1155110 1722.7
1155120 1720.3
1155130 1720.3
1155140 1718.1
1155150 1715.9
1155160 1715.9
1155170 1713.2
1155180 1710.6
1155190 1710.6
1155200 1708.5
1155210 1707.1
1155220 1707.1
1155230 1705.6
1155240 1703.4
1155250 1703.4
1155260 1701.1
1155270 1698.5
1155280 1698.5
1155290 1695.8
1155300 1692.2
1155310 1688.6
1155320 1688.6
1155330 1685.4
1155340 1682.4
1155350 1682.4
1155360 1679.3
1155370 1676.1
1155380 1676.1
1155390 1672.6
1155400 1668.8
1155410 1668.8
1155420 1664.6
1155430 1659.9
1155440 1659.9
1155450 1655.6
1155460 1651.8
1155470 1651.8
1155480 1646.3
1155490 1642.6
1155500 1642.6
1155510 1638.5
1155520 1633.9
1155530 1633.9
1155540 1629.2
1155550 1624.5
1155560 1624.5
1155570 1619.6
1155580 1614.6
1155590 1609.4
1155600 1609.4
1155610 1603.6
1155620 1597.7
1155630 1597.7
1155640 1592.1
1155650 1587.0
1155660 1587.0
1155670 1582.0
1155680 1577.4
1155690 1577.4
1155700 1573.0
1155710 1568.5
1155720 1568.5
1155730 1563.7
1155740 1558.6
1155750 1558.6
1155760 1553.9
1155770 1549.4
1155780 1549.4
1155790 1545.2
1155800 1541.6
1155810 1541.6
1155820 1538.1
1155830 1534.4
1155840 1530.9
1155850 1530.9
1155860 1527.4
1155870 1520.0
1155880 1520.0
1155890 1517.4
1155900 1514.5
1155910 1514.5
1155920 1511.3
1155930 1507.8
1155940 1507.8
1155950 1503.8
1155960 1499.4
1155970 1499.4
1155980 1494.8
1155990 1489.9
1156000 1489.9
1156010 1482.2
1156020 1470.1
1156030 1470.1
1156040 1457.6
1156050 1445.7
1156060 1445.7
1156070 1436.7
1156080 1427.2
1156090 1427.2
1156100 1418.6
1156110 1408.3
1156120 1397.9
1156130 1397.9
1156140 1390.8
1156150 1386.2
1156160 1386.2
1156170 1382.6
1156180 1382.4
1156190 1382.4
1156200 1383.2
1156210 1387.3
1156220 1387.3
1156230 1392.4
1156240 1398.7
1156250 1398.7
1156260 1401.0
1156270 1405.9
1156280 1405.9
1156290 1412.1
1156300 1419.0
1156310 1419.0
1156320 1427.0
1156330 1434.9
1156340 1434.9
1156350 1441.4
1156360 1443.8
1156370 1443.8
1156380 1444.0
1156390 1443.5
1156400 1442.8
1156410 1442.8
1156420 1442.7
1156430 1442.3
1156440 1442.3
1156450 1441.8
1156460 1441.6
1156470 1441.6
1156480 1441.3
1156490 1441.5
1156500 1441.5
1156510 1441.3
1156520 1440.4
1156530 1440.4
1156540 1439.2
1156550 1438.5
1156560 1438.5
1156570 1438.3
1156580 1438.1
1156590 1438.1
1156600 1437.7
1156610 1437.5
1156620 1437.5
1156630 1437.4
1156640 1434.1
1156650 1432.6
1156660 1432.6
1156670 1431.3
1156680 1430.8
1156690 1430.8
1156700 1430.8
1156710 1430.5
1156720 1430.5
1156730 1430.1
1156740 1430.1
1156750 1430.1
1156760 1430.7
1156770 1431.5
1156780 1431.5
1156790 1431.6
1156800 1430.9
1156810 1430.9
1156820 1429.9
1156830 1427.7
1156840 1427.7
1156850 1426.0
1156860 1424.1
1156870 1424.1
1156880 1421.2
1156890 1419.1
1156900 1419.1
1156910 1417.7
1156920 1415.0
1156930 1412.2
1156940 1412.2
1156950 1409.5
1156960 1407.6
1156970 1407.6
1156980 1406.6
1156990 1405.5
1157000 1405.5
1157010 1404.4
1157020 1403.6
1157030 1401.3
1157040 1401.0
1157050 1400.1
1157060 1400.1
1157070 1397.7
1157080 1394.7
1157090 1394.7
1157100 1392.3
1157110 1390.8
1157120 1390.8
1157130 1389.8
1157140 1388.3
1157150 1388.3
1157160 1385.9
1157170 1381.7
1157180 1381.7
1157190 1377.1
1157200 1373.5
1157210 1371.8
1157220 1371.8
1157230 1370.5
1157240 1369.8
1157250 1369.8
1157260 1369.2
1157270 1369.2
1157280 1369.2
1157290 1369.4
1157300 1368.9
1157310 1368.9
1157320 1367.5
1157330 1365.1
1157340 1365.1
1157350 1362.5
1157360 1360.3
1157370 1360.3
1157380 1357.9
1157390 1354.4
1157400 1354.4
1157410 1349.8
1157420 1343.5
1157430 1343.5
1157440 1338.6
1157450 1334.3
1157460 1334.3
1157470 1330.2
1157480 1326.0
1157490 1322.8
1157500 1322.8
1157510 1319.7
1157520 1317.2
1157530 1317.2
1157540 1317.2
1157550 1318.5
1157560 1318.5
1157570 1319.0
1157580 1320.3
1157590 1320.3
1157600 1321.6
1157610 1322.0
1157620 1322.0
1157630 1321.8
1157640 1320.8
1157650 1320.8
1157660 1319.2
1157670 1317.4
1157680 1317.4
1157690 1316.1
1157700 1314.9
1157710 1314.9
1157720 1313.3
1157730 1311.7
1157740 1309.8
1157750 1309.8
1157760 1308.3
1157770 1307.1
1157780 1307.1
1157790 1306.3
1157800 1306.3
1157810 1305.4
1157820 1304.6
1157830 1301.2
1157840 1301.2
1157850 1297.9
1157860 1294.5
1157870 1294.5
1157880 1289.7
1157890 1283.2
1157900 1283.2
1157910 1276.6
1157920 1270.0
1157930 1270.0
1157940 1263.0
1157950 1255.7
1157960 1255.7
1157970 1249.0
1157980 1244.0
1157990 1244.0
1158000 1239.1
1158010 1233.9
1158020 1228.4
1158030 1228.4
1158040 1223.1
1158050 1218.1
1158060 1218.1
1158070 1213.8
1158080 1210.6
1158090 1210.6
1158100 1207.7
1158110 1204.9
1158120 1204.9
1158130 1202.2
1158140 1199.2
1158150 1199.2
1158160 1197.0
1158170 1194.3
1158180 1194.3
1158190 1191.6
1158200 1185.1
1158210 1185.1
1158220 1182.1
1158230 1178.4
1158240 1178.4
1158250 1174.2
1158260 1170.2
1158270 1170.2
1158280 1167.3
1158290 1165.3
1158300 1163.5
1158310 1163.5
1158320 1161.3
1158330 1158.9
1158340 1158.9
1158350 1156.8
1158360 1154.4
1158370 1154.4
1158380 1151.5
1158390 1146.4
1158400 1146.4
1158410 1138.4
1158420 1131.3
1158430 1131.3
1158440 1127.0
1158450 1122.5
1158460 1122.5
1158470 1116.4
1158480 1112.1
1158490 1112.1
1158500 1108.6
1158510 1106.1
1158520 1106.1
1158530 1102.6
1158540 1095.9
1158550 1089.4
1158560 1089.4
1158570 1080.3
1158580 1067.8
1158590 1066.6
1158600 1057.2
1158610 1052.9
1158620 1052.9
1158630 1051.3
1158640 1050.9
1158650 1050.9
1158660 1050.6
1158670 1050.5
1158680 1050.5
1158690 1050.7
1158700 1050.8
1158710 1050.8
1158720 1050.8
1158730 1050.5
1158740 1050.5
1158750 1050.1
1158760 1049.9
1158770 1049.9
1158780 1050.0
1158790 1050.1
1158800 1050.1
1158810 1050.1
1158820 1049.4
1158830 1049.0
1158840 1049.0
1158850 1049.1
1158860 1049.3
1158870 1049.3
1158880 1049.4
1158890 1049.0
1158900 1049.0
1158910 1048.5
1158920 1048.6
1158930 1048.6
1158940 1048.7
1158950 1048.6
1158960 1048.6
1158970 1048.4
1158980 1048.2
1158990 1048.2
1159000 1047.8
1159010 1047.3
1159020 1047.3
1159030 1047.1
1159040 1047.3
1159050 1047.3
1159060 1047.3
1159070 1047.5
1159080 1047.5
1159090 1047.6
1159100 1047.7
1159110 1047.7
1159120 1047.7
1159130 1047.6
1159140 1047.8
1159150 1047.8
1159160 1048.1
1159170 1047.9
1159180 1047.9
1159190 1047.7
1159200 1048.0
1159210 1048.0
1159220 1047.6
1159230 1047.8
1159240 1047.8
1159250 1046.4
1159260 1045.1
1159270 1045.1
1159280 1044.9
1159290 1044.5
1159300 1044.5
1159310 1045.7
1159320 1048.3
1159330 1048.3
1159340 1048.0
1159350 1047.6
1159360 1047.5
1159370 1047.8
1159380 1047.8
1159390 1047.5
1159400 1047.5
1159410 1047.4
1159420 1047.3
1159430 1047.3
1159440 1047.4
1159450 1047.4
1159460 1047.4
1159470 1047.4
1159480 1047.4
1159490 1047.4
1159500 1047.4
1159510 1047.4
1159520 1047.4
1159530 1047.3
1159540 1047.1
1159550 1047.1
1159560 1047.0
1159570 1047.0
1159580 1047.0
1159590 1047.2
1159600 1048.0
1159610 1048.0
1159620 1048.1
1159630 1048.4
1159640 1048.3
1159650 1048.3
1159660 1047.6
1159670 1048.6
1159680 1048.6
1159690 1048.4
1159700 1047.6
1159710 1047.6
1159720 1047.8
1159730 1047.7
1159740 1047.7
1159750 1047.6
1159760 1047.4
1159770 1047.4
1159780 1047.3
1159790 1047.3
1159800 1047.3
1159810 1047.3
1159820 1047.2
1159830 1047.2
1159840 1047.1
1159850 1047.0
1159860 1047.0
1159870 1046.9
1159880 1046.8
1159890 1046.8
1159900 1047.0
1159910 1046.9
1159920 1046.8
1159930 1046.8
1159940 1046.7
1159950 1046.5
1159960 1046.5
1159970 1046.4
1159980 1046.3
1159990 1046.3
