1140000 2128.4
1140010 2128.4
1140020 2139.4
1140030 2160.6
1140040 2160.6
1140050 2177.9
1140060 2191.9
1140070 2191.9
1140080 2214.1
1140090 2234.1
1140100 2234.1
1140110 2251.0
1140120 2256.6
1140130 2256.6
1140140 2258.1
1140150 2264.7
1140160 2274.2
1140170 2274.2
1140180 2284.2
1140190 2304.4
1140200 2304.4
1140210 2320.4
1140220 2331.9
1140230 2331.9
1140240 2340.6
1140250 2348.6
1140260 2348.6
1140270 2356.9
1140280 2365.4
1140290 2365.4
1140300 2370.5
1140310 2369.9
1140320 2369.9
1140330 2371.7
1140340 2374.0
1140350 2374.0
1140360 2376.5
1140370 2379.0
1140380 2379.0
1140390 2380.6
1140400 2381.0
1140410 2381.0
1140420 2382.3
1140430 2383.7
1140440 2383.7
1140450 2383.7
1140460 2379.7
1140470 2377.2
1140480 2377.2
1140490 2373.9
1140500 2372.2
1140510 2372.2
1140520 2371.5
1140530 2369.5
1140540 2369.5
1140550 2366.8
1140560 2364.1
1140570 2364.1
1140580 2360.8
1140590 2357.8
1140600 2357.8
1140610 2357.5
1140620 2357.0
1140630 2357.0
1140640 2355.2
1140650 2351.6
1140660 2351.6
1140670 2349.3
1140680 2345.9
1140690 2344.6
1140700 2344.6
1140710 2343.7
1140720 2341.7
1140730 2341.7
1140740 2339.6
1140750 2339.4
1140760 2339.4
1140770 2335.9
1140780 2329.5
1140790 2329.5
1140800 2323.6
1140810 2319.7
1140820 2319.7
1140830 2315.4
1140840 2312.3
1140850 2312.3
1140860 2309.8
1140870 2304.8
1140880 2304.8
1140890 2301.9
1140900 2302.8
1140910 2302.8
1140920 2303.2
1140930 2303.5
1140940 2303.5
1140950 2302.5
1140960 2299.9
1140970 2299.0
1140980 2299.0
1140990 2296.0
1141000 2293.6
1141010 2293.6
1141020 2291.6
1141030 2290.4
1141040 2290.4
1141050 2283.5
1141060 2280.7
1141070 2280.7
1141080 2278.5
1141090 2278.7
1141100 2278.7
1141110 2278.3
1141120 2276.7
1141130 2276.7
1141140 2275.4
1141150 2275.3
1141160 2275.3
1141170 2277.8
1141180 2278.8
1141190 2278.8
1141200 2277.5
1141210 2279.3
1141220 2279.3
1141230 2283.4
1141240 2284.6
1141250 2284.0
1141260 2284.0
1141270 2281.1
1141280 2276.6
1141290 2276.6
1141300 2273.5
1141310 2271.5
1141320 2271.5
1141330 2271.4
1141340 2271.1
1141350 2271.1
1141360 2272.9
1141370 2274.4
1141380 2274.4
1141390 2275.9
1141400 2277.9
1141410 2277.9
1141420 2271.7
1141430 2271.5
1141440 2271.5
1141450 2269.3
1141460 2264.9
1141470 2264.9
1141480 2259.5
1141490 2253.8
1141500 2247.7
1141510 2247.7
1141520 2235.1
1141530 2226.4
1141540 2226.4
1141550 2220.3
1141560 2215.9
1141570 2215.9
1141580 2210.7
1141590 2205.2
1141600 2205.2
1141610 2199.8
1141620 2195.6
1141630 2195.6
1141640 2193.7
1141650 2193.3
1141660 2193.3
1141670 2191.5
1141680 2187.7
1141690 2187.7
1141700 2182.9
1141710 2177.7
1141720 2177.7
1141730 2173.2
1141740 2167.3
1141750 2167.3
1141760 2161.1
1141770 2157.2
1141780 2153.8
1141790 2153.8
1141800 2145.1
1141810 2141.6
1141820 2141.6
1141830 2138.2
1141840 2135.6
1141850 2135.6
1141860 2133.5
1141870 2130.1
1141880 2130.1
1141890 2125.1
1141900 2120.4
1141910 2120.4
1141920 2115.6
1141930 2111.1
1141940 2111.1
1141950 2105.2
1141960 2099.5
1141970 2099.5
1141980 2095.3
1141990 2093.4
1142000 2093.4
1142010 2091.9
1142020 2088.8
1142030 2088.8
1142040 2082.4
1142050 2075.9
1142060 2070.1
1142070 2070.1
1142080 2063.9
1142090 2057.8
1142100 2057.8
1142110 2052.1
1142120 2046.5
1142130 2046.5
1142140 2041.2
1142150 2038.5
1142160 2038.5
1142170 2032.2
1142180 2029.3
1142190 2029.3
1142200 2026.1
1142210 2022.8
1142220 2022.8
1142230 2019.5
1142240 2016.3
1142250 2016.3
1142260 2013.3
1142270 2010.4
1142280 2010.4
1142290 2008.5
1142300 2008.1
1142310 2008.1
1142320 2008.5
1142330 2008.3
1142340 2008.3
1142350 2008.3
1142360 2008.7
1142370 2009.2
1142380 2009.2
1142390 2009.7
1142400 2010.0
1142410 2010.0
1142420 2010.1
1142430 2010.1
1142440 2010.1
1142450 2010.1
1142460 2010.2
1142470 2010.2
1142480 2010.2
1142490 2010.8
1142500 2010.8
1142510 2012.8
1142520 2016.8
1142530 2016.8
1142540 2019.8
1142550 2025.8
1142560 2025.8
1142570 2033.8
1142580 2045.5
1142590 2056.9
1142600 2056.9
1142610 2067.3
1142620 2076.5
1142630 2076.5
1142640 2083.2
1142650 2088.8
1142660 2088.8
1142670 2095.0
1142680 2100.8
1142690 2100.8
1142700 2106.6
1142710 2112.0
1142720 2112.0
1142730 2116.5
1142740 2119.3
1142750 2119.3
1142760 2119.0
1142770 2120.7
1142780 2120.7
1142790 2123.8
1142800 2126.6
1142810 2126.6
1142820 2129.8
1142830 2135.1
1142840 2135.1
1142850 2139.2
1142860 2145.5
1142870 2150.0
1142880 2150.0
1142890 2154.5
1142900 2159.8
1142910 2163.3
1142920 2169.5
1142930 2175.8
1142940 2175.8
1142950 2182.1
1142960 2188.3
1142970 2188.3
1142980 2195.3
1142990 2203.1
1143000 2203.1
1143010 2210.2
1143020 2214.1
1143030 2214.1
1143040 2217.4
1143050 2223.1
1143060 2223.1
1143070 2235.1
1143080 2244.6
1143090 2244.6
1143100 2251.7
1143110 2260.5
1143120 2260.5
1143130 2269.8
1143140 2278.4
1143150 2283.1
1143160 2283.1
1143170 2292.1
1143180 2302.7
1143190 2302.7
1143200 2311.8
1143210 2320.9
1143220 2320.9
1143230 2329.5
1143240 2337.2
1143250 2337.2
1143260 2344.1
1143270 2352.0
1143280 2355.6
1143290 2363.9
1143300 2372.1
1143310 2372.1
1143320 2380.8
1143330 2389.0
1143340 2389.0
1143350 2395.8
1143360 2401.5
1143370 2401.5
1143380 2409.2
1143390 2417.6
1143400 2417.6
1143410 2425.1
1143420 2432.2
1143430 2439.3
1143440 2439.3
1143450 2445.3
1143460 2451.7
1143470 2451.7
1143480 2456.5
1143490 2461.2
1143500 2461.2
1143510 2466.0
1143520 2470.7
1143530 2470.7
1143540 2475.5
1143550 2480.1
1143560 2480.1
1143570 2483.1
1143580 2482.4
1143590 2482.4
1143600 2483.5
1143610 2487.3
1143620 2487.3
1143630 2490.1
1143640 2486.6
1143650 2486.6
1143660 2472.5
1143670 2466.7
1143680 2471.1
1143690 2471.1
1143700 2467.4
1143710 2463.2
1143720 2463.2
1143730 2470.0
1143740 2477.1
1143750 2477.1
1143760 2482.8
1143770 2490.0
1143780 2490.0
1143790 2497.1
1143800 2497.9
1143810 2497.9
1143820 2496.7
1143830 2498.7
1143840 2498.7
1143850 2499.2
1143860 2498.5
1143870 2498.5
1143880 2503.4
1143890 2507.8
1143900 2507.8
1143910 2509.2
1143920 2510.4
1143930 2510.4
1143940 2514.1
1143950 2518.4
1143960 2520.5
1143970 2520.5
1143980 2526.1
1143990 2529.2
1144000 2529.2
1144010 2516.5
1144020 2494.9
1144030 2497.1
1144040 2496.3
1144050 2496.0
1144060 2496.0
1144070 2485.9
1144080 2461.2
1144090 2461.2
1144100 2445.9
1144110 2439.9
1144120 2439.9
1144130 2434.6
1144140 2425.9
1144150 2425.9
1144160 2414.1
1144170 2402.8
1144180 2402.8
1144190 2394.9
1144200 2387.4
1144210 2387.4
1144220 2379.4
1144230 2371.0
1144240 2361.8
1144250 2361.8
1144260 2351.1
1144270 2342.4
1144280 2342.4
1144290 2335.9
1144300 2330.8
1144310 2330.8
1144320 2326.8
1144330 2323.4
1144340 2323.4
1144350 2319.9
1144360 2316.4
1144370 2316.4
1144380 2313.0
1144390 2312.6
1144400 2312.6
1144410 2318.3
1144420 2319.3
1144430 2319.3
1144440 2318.7
1144450 2317.0
1144460 2317.0
1144470 2316.1
1144480 2314.2
1144490 2314.2
1144500 2311.3
1144510 2307.8
1144520 2306.4
1144530 2306.4
1144540 2306.0
1144550 2303.8
1144560 2303.8
1144570 2302.6
1144580 2301.8
1144590 2301.8
1144600 2299.6
1144610 2297.3
1144620 2297.3
1144630 2294.1
1144640 2289.0
1144650 2289.0
1144660 2285.2
1144670 2282.1
1144680 2282.1
1144690 2278.3
1144700 2275.0
1144710 2275.0
1144720 2272.1
1144730 2268.5
1144740 2268.5
1144750 2265.5
1144760 2260.5
1144770 2254.5
1144780 2254.9
1144790 2247.9
1144800 2240.7
1144810 2240.7
1144820 2234.0
1144830 2227.4
1144840 2227.4
1144850 2221.0
1144860 2215.0
1144870 2215.0
1144880 2209.5
1144890 2204.7
1144900 2204.7
1144910 2203.2
1144920 2203.1
1144930 2203.1
1144940 2200.7
1144950 2196.5
1144960 2196.5
1144970 2192.6
1144980 2189.0
1144990 2189.0
1145000 2186.1
1145010 2182.5
1145020 2182.5
1145030 2178.2
1145040 2173.6
1145050 2169.9
1145060 2169.9
1145070 2168.2
1145080 2166.1
1145090 2166.1
1145100 2164.7
1145110 2162.5
1145120 2162.5
1145130 2158.4
1145140 2154.6
1145150 2154.6
1145160 2147.0
1145170 2144.3
1145180 2144.3
1145190 2143.0
1145200 2140.8
1145210 2140.8
1145220 2139.1
1145230 2135.3
1145240 2135.3
1145250 2130.8
1145260 2127.7
1145270 2127.7
1145280 2124.9
1145290 2120.5
1145300 2120.5
1145310 2116.5
1145320 2113.2
1145330 2109.0
1145340 2109.0
1145350 2104.3
1145360 2098.9
1145370 2098.9
1145380 2093.5
1145390 2087.6
1145400 2087.6
1145410 2080.5
1145420 2075.0
1145430 2075.0
1145440 2070.4
1145450 2066.9
1145460 2066.9
1145470 2062.6
1145480 2057.5
1145490 2057.5
1145500 2053.8
1145510 2050.1
1145520 2050.1
1145530 2047.8
1145540 2044.2
1145550 2044.2
1145560 2040.3
1145570 2037.9
1145580 2037.9
1145590 2035.4
1145600 2031.3
1145610 2027.4
1145620 2027.4
1145630 2022.4
1145640 2017.3
1145650 2017.3
1145660 2013.7
1145670 2010.3
1145680 2010.3
1145690 2006.8
1145700 2003.6
1145710 2003.6
1145720 2000.9
1145730 1998.3
1145740 1998.3
1145750 1995.2
1145760 1992.3
1145770 1992.3
1145780 1990.3
1145790 1988.5
1145800 1988.5
1145810 1987.2
1145820 1985.9
1145830 1985.9
1145840 1985.2
1145850 1985.3
1145860 1983.7
1145870 1983.7
1145880 1983.0
1145890 1980.5
1145900 1980.5
1145910 1979.7
1145920 1978.3
1145930 1978.3
1145940 1978.2
1145950 1977.4
1145960 1977.4
1145970 1975.3
1145980 1974.1
1145990 1974.1
1146000 1975.8
1146010 1977.4
1146020 1977.4
1146030 1977.8
1146040 1977.0
1146050 1977.0
1146060 1975.7
1146070 1975.6
1146080 1975.6
1146090 1977.0
1146100 1978.9
1146110 1978.9
1146120 1980.3
1146130 1980.0
1146140 1978.6
1146150 1978.6
1146160 1977.5
1146170 1976.0
1146180 1976.0
1146190 1974.8
1146200 1971.0
1146210 1971.0
1146220 1966.2
1146230 1963.0
1146240 1963.0
1146250 1960.2
1146260 1959.0
1146270 1959.0
1146280 1963.5
1146290 1964.9
1146300 1964.9
1146310 1966.0
1146320 1967.6
1146330 1967.6
1146340 1969.0
1146350 1970.2
1146360 1970.2
1146370 1971.2
1146380 1971.5
1146390 1971.5
1146400 1972.7
1146410 1973.5
1146420 1974.9
1146430 1974.9
1146440 1975.7
1146450 1976.8
1146460 1976.8
1146470 1978.7
1146480 1981.2
1146490 1981.2
1146500 1982.8
1146510 1988.4
1146520 1988.4
1146530 1995.8
1146540 2002.7
1146550 2002.7
1146560 2008.1
1146570 2014.1
1146580 2014.1
1146590 2021.4
1146600 2029.4
1146610 2029.4
1146620 2036.6
1146630 2042.2
1146640 2042.2
1146650 2046.2
1146660 2055.5
1146670 2055.5
1146680 2056.7
1146690 2056.5
1146700 2055.4
1146710 2055.4
1146720 2054.2
1146730 2054.4
1146740 2054.4
1146750 2055.0
1146760 2054.7
1146770 2054.7
1146780 2054.5
1146790 2054.3
1146800 2054.3
1146810 2054.1
1146820 2054.3
1146830 2054.3
1146840 2054.1
1146850 2054.2
1146860 2054.2
1146870 2055.7
1146880 2055.0
1146890 2055.0
1146900 2053.6
1146910 2049.6
1146920 2049.6
1146930 2039.8
1146940 2036.5
1146950 2036.4
1146960 2036.4
1146970 2033.8
1146980 2032.0
1146990 2032.0
1147000 2029.0
1147010 2030.3
1147020 2030.3
1147030 2030.1
1147040 2037.2
1147050 2037.2
1147060 2036.1
1147070 2035.1
1147080 2035.1
1147090 2038.6
1147100 2038.5
1147110 2038.5
1147120 2037.5
1147130 2036.6
1147140 2036.6
1147150 2034.8
1147160 2034.2
1147170 2034.2
1147180 2034.2
1147190 2033.2
1147200 2033.2
1147210 2027.4
1147220 2020.0
1147230 2014.4
1147240 2014.4
1147250 2013.2
1147260 2015.4
1147270 2015.4
1147280 2012.6
1147290 2007.3
1147300 2007.3
1147310 2008.3
1147320 2012.3
1147330 2012.3
1147340 2016.1
1147350 2020.0
1147360 2020.0
1147370 2020.8
1147380 2020.7
1147390 2020.7
1147400 2019.6
1147410 2023.5
1147420 2023.5
1147430 2021.3
1147440 2029.0
1147450 2029.0
1147460 2034.7
1147470 2039.1
1147480 2039.1
1147490 2041.3
1147500 2042.9
1147510 2042.4
1147520 2042.4
1147530 2036.3
1147540 2032.6
1147550 2032.6
1147560 2031.0
1147570 2028.3
1147580 2028.3
1147590 2027.2
1147600 2024.6
1147610 2024.6
1147620 2026.0
1147630 2029.5
1147640 2029.5
1147650 2032.5
1147660 2033.8
1147670 2033.8
1147680 2031.1
1147690 2032.7
1147700 2032.7
1147710 2043.0
1147720 2048.8
1147730 2048.8
1147740 2050.5
1147750 2040.8
1147760 2029.7
1147770 2029.7
1147780 2024.9
1147790 2033.8
1147800 2033.8
1147810 2040.0
1147820 2052.3
1147830 2052.3
1147840 2058.9
1147850 2060.3
1147860 2060.3
1147870 2062.0
1147880 2075.3
1147890 2075.3
1147900 2088.4
1147910 2098.4
1147920 2098.4
1147930 2104.1
1147940 2105.5
1147950 2105.5
1147960 2111.7
1147970 2121.0
1147980 2121.0
1147990 2128.6
1148000 2132.8
1148010 2132.8
1148020 2136.0
1148030 2139.9
1148040 2143.8
1148050 2143.8
1148060 2146.3
1148070 2148.6
1148080 2148.6
1148090 2151.4
1148100 2154.8
1148110 2154.8
1148120 2157.8
1148130 2160.1
1148140 2160.1
1148150 2160.9
1148160 2162.7
1148170 2169.7
1148180 2172.5
1148190 2178.1
1148200 2178.1
1148210 2188.0
1148220 2206.0
1148230 2206.0
1148240 2215.9
1148250 2223.6
1148260 2223.6
1148270 2234.9
1148280 2244.2
1148290 2244.2
1148300 2248.6
1148310 2250.3
1148320 2247.9
1148330 2247.9
1148340 2245.6
1148350 2242.6
1148360 2242.6
1148370 2236.6
1148380 2232.5
1148390 2232.5
1148400 2227.3
1148410 2222.2
1148420 2222.2
1148430 2217.8
1148440 2215.8
1148450 2215.8
1148460 2213.0
1148470 2207.8
1148480 2207.8
1148490 2203.6
1148500 2197.2
1148510 2197.2
1148520 2188.0
1148530 2183.5
1148540 2183.5
1148550 2175.2
1148560 2170.4
1148570 2170.4
1148580 2167.3
1148590 2161.2
1148600 2154.1
1148610 2154.1
1148620 2149.0
1148630 2144.6
1148640 2144.6
1148650 2140.5
1148660 2137.9
1148670 2137.9
1148680 2134.3
1148690 2128.5
1148700 2128.5
1148710 2122.8
1148720 2116.5
1148730 2116.5
1148740 2111.1
1148750 2106.9
1148760 2106.9
1148770 2104.5
1148780 2104.3
1148790 2104.3
1148800 2104.7
1148810 2101.2
1148820 2101.2
1148830 2097.1
1148840 2094.6
1148850 2092.5
1148860 2092.5
1148870 2091.0
1148880 2089.1
1148890 2089.1
1148900 2086.1
1148910 2083.4
1148920 2083.4
1148930 2067.9
1148940 2067.3
1148950 2067.3
1148960 2067.5
1148970 2067.1
1148980 2067.1
1148990 2068.0
1149000 2068.8
1149010 2068.8
1149020 2069.4
1149030 2070.2
1149040 2070.2
1149050 2072.1
1149060 2072.6
1149070 2072.6
1149080 2071.1
1149090 2068.3
1149100 2068.3
1149110 2063.7
1149120 2058.0
1149130 2051.8
1149140 2051.8
1149150 2046.5
1149160 2034.8
1149170 2034.8
1149180 2008.4
1149190 1992.1
1149200 1992.1
1149210 1983.3
1149220 1976.0
1149230 1976.0
1149240 1968.6
1149250 1959.0
1149260 1959.0
1149270 1949.2
1149280 1943.7
1149290 1943.7
1149300 1941.9
1149310 1929.3
1149320 1929.3
1149330 1922.4
1149340 1914.2
1149350 1914.2
1149360 1907.6
1149370 1900.4
1149380 1900.4
1149390 1892.2
1149400 1885.3
1149410 1879.3
1149420 1879.3
1149430 1874.8
1149440 1871.9
1149450 1871.9
1149460 1868.1
1149470 1864.3
1149480 1864.3
1149490 1862.5
1149500 1861.4
1149510 1861.4
1149520 1855.8
1149530 1847.9
1149540 1847.9
1149550 1844.5
1149560 1848.1
1149570 1848.1
1149580 1846.5
1149590 1843.9
1149600 1843.9
1149610 1844.2
1149620 1841.8
1149630 1841.8
1149640 1836.8
1149650 1831.0
1149660 1831.0
1149670 1823.6
1149680 1821.2
1149690 1812.9
1149700 1812.9
1149710 1815.5
1149720 1812.4
1149730 1812.4
1149740 1808.4
1149750 1812.8
1149760 1812.8
1149770 1813.5
1149780 1809.2
1149790 1809.2
1149800 1803.1
1149810 1799.2
1149820 1799.2
1149830 1795.5
1149840 1791.7
1149850 1791.7
1149860 1793.2
1149870 1789.9
1149880 1789.9
1149890 1784.8
1149900 1782.5
1149910 1782.5
1149920 1779.3
1149930 1775.1
1149940 1770.7
1149950 1770.7
1149960 1765.9
1149970 1761.0
1149980 1761.0
1149990 1757.0
1150000 1753.0
1150010 1753.0
1150020 1749.2
1150030 1745.0
1150040 1745.0
1150050 1740.7
1150060 1736.0
1150070 1729.0
1150080 1722.9
1150090 1716.2
1150100 1716.2
1150110 1710.0
1150120 1704.8
1150130 1704.8
1150140 1697.9
1150150 1690.0
1150160 1690.0
1150170 1683.2
1150180 1676.8
1150190 1676.8
1150200 1669.9
1150210 1660.1
1150220 1650.7
1150230 1650.7
1150240 1640.6
1150250 1631.0
1150260 1631.0
1150270 1620.7
1150280 1610.6
1150290 1610.6
1150300 1601.1
1150310 1592.6
1150320 1592.6
1150330 1585.4
1150340 1575.2
1150350 1575.2
1150360 1558.0
1150370 1544.7
1150380 1544.7
1150390 1535.8
1150400 1527.0
1150410 1527.0
1150420 1516.4
1150430 1500.2
1150440 1500.2
1150450 1471.1
1150460 1455.7
1150470 1455.7
1150480 1441.1
1150490 1415.6
1150500 1391.4
1150510 1391.4
1150520 1378.3
1150530 1370.8
1150540 1370.8
1150550 1363.0
1150560 1354.9
1150570 1354.9
1150580 1346.9
1150590 1339.1
1150600 1339.1
1150610 1331.6
1150620 1324.9
1150630 1324.9
1150640 1321.2
1150650 1318.0
1150660 1318.0
1150670 1314.3
1150680 1310.0
1150690 1310.0
1150700 1305.3
1150710 1300.8
1150720 1300.8
1150730 1296.6
1150740 1291.7
1150750 1291.7
1150760 1287.0
1150770 1282.3
1150780 1277.4
1150790 1277.4
1150800 1273.5
1150810 1270.0
1150820 1270.0
1150830 1262.4
1150840 1260.2
1150850 1260.2
1150860 1257.2
1150870 1256.1
1150880 1256.1
1150890 1255.9
1150900 1256.2
1150910 1256.2
1150920 1256.6
1150930 1260.8
1150940 1260.8
1150950 1266.0
1150960 1269.2
1150970 1269.2
1150980 1272.0
1150990 1275.4
1151000 1275.4
1151010 1278.8
1151020 1282.6
1151030 1286.7
1151040 1286.7
1151050 1291.8
1151060 1296.7
1151070 1296.7
1151080 1301.7
1151090 1306.6
1151100 1306.6
1151110 1311.7
1151120 1317.3
1151130 1317.3
1151140 1322.7
1151150 1327.6
1151160 1327.6
1151170 1332.6
1151180 1337.8
1151190 1337.8
1151200 1343.6
1151210 1347.7
1151220 1347.7
1151230 1354.1
1151240 1361.0
1151250 1361.0
1151260 1367.3
1151270 1374.0
1151280 1374.0
1151290 1380.4
1151300 1387.6
1151310 1394.7
1151320 1394.7
1151330 1402.3
1151340 1410.1
1151350 1410.1
1151360 1417.9
1151370 1424.7
1151380 1424.7
1151390 1433.3
1151400 1441.6
1151410 1441.6
1151420 1449.7
1151430 1459.1
1151440 1459.1
1151450 1478.1
1151460 1509.9
1151470 1509.9
1151480 1531.3
1151490 1546.6
1151500 1546.6
1151510 1552.8
1151520 1558.6
1151530 1558.6
1151540 1564.7
1151550 1569.8
1151560 1569.8
1151570 1574.2
1151580 1578.4
1151590 1579.3
1151600 1579.3
1151610 1583.8
1151620 1588.2
1151630 1588.2
1151640 1592.0
1151650 1595.5
1151660 1595.5
1151670 1599.3
1151680 1603.0
1151690 1603.0
1151700 1606.2
1151710 1610.2
1151720 1610.2
1151730 1614.4
1151740 1618.1
1151750 1618.1
1151760 1621.8
1151770 1625.3
1151780 1625.3
1151790 1629.2
1151800 1634.0
1151810 1634.0
1151820 1638.6
1151830 1642.9
1151840 1649.1
1151850 1649.1
1151860 1655.0
1151870 1661.0
1151880 1661.0
1151890 1667.1
1151900 1672.1
1151910 1672.1
1151920 1676.4
1151930 1679.8
1151940 1679.8
1151950 1683.6
1151960 1687.2
1151970 1687.2
1151980 1685.1
1151990 1686.5
1152000 1686.5
1152010 1687.7
1152020 1688.1
1152030 1688.1
1152040 1687.6
1152050 1686.3
1152060 1686.3
1152070 1683.9
1152080 1681.6
1152090 1681.6
1152100 1682.4
1152110 1684.4
1152120 1685.0
1152130 1685.0
1152140 1685.5
1152150 1686.5
1152160 1686.5
1152170 1688.9
1152180 1692.5
1152190 1692.5
1152200 1696.9
1152210 1701.4
1152220 1701.4
1152230 1706.6
1152240 1711.1
1152250 1711.1
1152260 1716.2
1152270 1723.2
1152280 1723.2
1152290 1729.8
1152300 1736.3
1152310 1736.3
1152320 1742.5
1152330 1749.0
1152340 1749.0
1152350 1755.5
1152360 1768.1
1152370 1768.1
1152380 1774.4
1152390 1779.4
1152400 1783.9
1152410 1783.9
1152420 1789.4
1152430 1796.0
1152440 1796.0
1152450 1804.2
1152460 1811.6
1152470 1811.6
1152480 1818.7
1152490 1826.2
1152500 1826.2
1152510 1833.2
1152520 1840.3
1152530 1840.3
1152540 1847.6
1152550 1854.8
1152560 1854.8
1152570 1862.0
1152580 1867.8
1152590 1867.8
1152600 1872.5
1152610 1877.2
1152620 1877.2
1152630 1881.7
1152640 1886.9
1152650 1886.9
1152660 1892.5
1152670 1898.6
1152680 1904.4
1152690 1904.4
1152700 1910.1
1152710 1916.6
1152720 1916.6
1152730 1923.3
1152740 1929.5
1152750 1929.5
1152760 1936.5
1152770 1943.6
1152780 1943.6
1152790 1950.2
1152800 1957.1
1152810 1957.1
1152820 1963.7
1152830 1970.4
1152840 1970.4
1152850 1976.8
1152860 1982.4
1152870 1982.4
1152880 1987.5
1152890 1992.6
1152900 1992.6
1152910 1997.3
1152920 2000.7
1152930 2002.1
1152940 2002.1
1152950 2002.5
1152960 2002.9
1152970 2002.9
1152980 2003.5
1152990 2005.5
1153000 2005.5
1153010 2008.4
1153020 2011.5
1153030 2011.5
1153040 2015.0
1153050 2019.0
1153060 2019.0
1153070 2022.8
1153080 2025.4
1153090 2025.4
1153100 2027.0
1153110 2027.6
1153120 2027.6
1153130 2023.0
1153140 2023.7
1153150 2023.7
1153160 2024.5
1153170 2025.3
1153180 2025.3
1153190 2026.7
1153200 2027.2
1153210 2028.4
1153220 2028.4
1153230 2029.9
1153240 2030.8
1153250 2030.8
1153260 2031.1
1153270 2033.2
1153280 2033.2
1153290 2036.8
1153300 2042.8
1153310 2042.8
1153320 2052.2
1153330 2059.5
1153340 2059.5
1153350 2063.1
1153360 2064.3
1153370 2064.3
1153380 2065.3
1153390 2066.1
1153400 2066.1
1153410 2065.2
1153420 2061.6
1153430 2061.6
1153440 2058.1
1153450 2056.5
1153460 2056.5
1153470 2054.1
1153480 2048.8
1153490 2041.1
1153500 2041.1
1153510 2034.0
1153520 2029.5
1153530 2029.5
1153540 2025.4
1153550 2021.8
1153560 2021.8
1153570 2018.5
1153580 2015.7
1153590 2015.7
1153600 2012.0
1153610 2006.0
1153620 2006.0
1153630 2000.3
1153640 1996.8
1153650 1996.8
1153660 1993.4
1153670 1988.9
1153680 1988.9
1153690 1984.6
1153700 1980.0
1153710 1980.0
1153720 1975.4
1153730 1970.8
1153740 1970.8
1153750 1966.8
1153760 1963.4
1153770 1961.0
1153780 1961.0
1153790 1958.5
1153800 1954.7
1153810 1954.7
1153820 1948.4
1153830 1941.5
1153840 1941.5
1153850 1935.5
1153860 1931.9
1153870 1931.9
1153880 1930.1
1153890 1928.3
1153900 1924.4
1153910 1923.0
1153920 1922.1
1153930 1922.1
1153940 1920.6
1153950 1920.3
1153960 1920.3
1153970 1920.7
1153980 1922.3
1153990 1922.3
1154000 1922.7
1154010 1922.4
1154020 1921.0
1154030 1921.0
1154040 1920.3
1154050 1920.2
1154060 1920.2
1154070 1918.4
1154080 1917.0
1154090 1917.0
1154100 1918.4
1154110 1920.3
1154120 1920.3
1154130 1921.4
1154140 1921.5
1154150 1921.5
1154160 1921.3
1154170 1920.5
1154180 1920.5
1154190 1918.1
1154200 1916.1
1154210 1916.1
1154220 1914.5
1154230 1911.9
1154240 1911.9
1154250 1908.7
1154260 1905.5
1154270 1905.5
1154280 1898.6
1154290 1897.5
1154300 1897.3
1154310 1897.3
1154320 1898.3
1154330 1898.2
1154340 1898.2
1154350 1898.9
1154360 1900.2
1154370 1900.2
1154380 1901.3
1154390 1901.3
1154400 1901.3
1154410 1900.0
1154420 1898.2
1154430 1898.2
1154440 1895.9
1154450 1893.6
1154460 1893.6
1154470 1891.1
1154480 1888.9
1154490 1888.9
1154500 1886.8
1154510 1885.0
1154520 1885.0
1154530 1883.4
1154540 1881.3
1154550 1881.3
1154560 1878.7
1154570 1875.8
1154580 1872.8
1154590 1872.8
1154600 1870.0
1154610 1868.4
1154620 1868.4
1154630 1868.8
1154640 1870.7
1154650 1870.7
1154660 1872.7
1154670 1871.1
1154680 1871.1
1154690 1870.1
1154700 1867.5
1154710 1867.5
1154720 1865.1
1154730 1863.1
1154740 1863.1
1154750 1861.8
1154760 1861.1
1154770 1861.1
1154780 1860.7
1154790 1861.7
1154800 1861.7
1154810 1862.1
1154820 1861.4
1154830 1857.7
1154840 1857.7
1154850 1850.6
1154860 1847.9
1154870 1847.9
1154880 1845.2
1154890 1842.2
1154900 1842.2
1154910 1838.9
1154920 1837.3
1154930 1837.3
1154940 1835.3
1154950 1833.3
1154960 1833.3
1154970 1831.0
1154980 1828.6
1154990 1828.6
1155000 1826.4
1155010 1824.6
1155020 1824.6
1155030 1823.1
1155040 1821.3
1155050 1816.5
1155060 1814.3
1155070 1811.9
1155080 1811.9
1155090 1809.4
1155100 1806.9
1155110 1803.8
1155120 1803.8
1155130 1800.3
1155140 1797.0
1155150 1797.0
1155160 1793.4
1155170 1789.9
1155180 1789.9
1155190 1786.8
1155200 1783.9
1155210 1783.9
1155220 1780.5
1155230 1776.9
1155240 1776.9
1155250 1774.0
1155260 1771.2
1155270 1771.2
1155280 1768.6
1155290 1766.4
1155300 1766.4
1155310 1763.7
1155320 1760.4
1155330 1760.4
1155340 1757.0
1155350 1753.5
1155360 1753.5
1155370 1749.3
1155380 1745.2
1155390 1741.4
1155400 1741.4
1155410 1737.5
1155420 1733.5
1155430 1733.5
1155440 1726.2
1155450 1723.2
1155460 1723.2
1155470 1721.1
1155480 1720.0
1155490 1720.0
1155500 1717.7
1155510 1713.9
1155520 1713.9
1155530 1708.9
1155540 1703.5
1155550 1703.5
1155560 1698.2
1155570 1693.2
1155580 1693.2
1155590 1688.5
1155600 1683.9
1155610 1683.9
1155620 1678.7
1155630 1672.0
1155640 1672.0
1155650 1664.9
1155660 1658.5
1155670 1652.3
1155680 1652.3
1155690 1647.1
1155700 1642.8
1155710 1642.8
1155720 1638.3
1155730 1633.4
1155740 1633.4
1155750 1628.3
1155760 1623.1
1155770 1623.1
1155780 1617.7
1155790 1612.4
1155800 1612.4
1155810 1606.6
1155820 1601.2
1155830 1598.2
1155840 1592.7
1155850 1587.1
1155860 1587.1
1155870 1581.5
1155880 1575.8
1155890 1575.8
1155900 1570.0
1155910 1564.1
1155920 1558.1
1155930 1558.1
1155940 1551.5
1155950 1544.4
1155960 1544.4
1155970 1537.2
1155980 1530.3
1155990 1530.3
1156000 1522.9
1156010 1515.5
1156020 1515.5
1156030 1508.6
1156040 1501.9
1156050 1501.9
1156060 1495.9
1156070 1490.2
1156080 1490.2
1156090 1484.8
1156100 1476.5
1156110 1476.5
1156120 1463.5
1156130 1450.0
1156140 1450.0
1156150 1437.8
1156160 1437.3
1156170 1437.3
1156180 1447.7
1156190 1456.7
1156200 1462.3
1156210 1455.8
1156220 1462.1
1156230 1470.3
1156240 1470.3
1156250 1479.1
1156260 1488.5
1156270 1488.5
1156280 1497.9
1156290 1506.5
1156300 1506.5
1156310 1513.6
1156320 1519.5
1156330 1519.5
1156340 1522.6
1156350 1524.3
1156360 1524.3
1156370 1524.5
1156380 1523.8
1156390 1523.8
1156400 1522.9
1156410 1521.8
1156420 1521.8
1156430 1520.4
1156440 1518.8
1156450 1518.8
1156460 1517.0
1156470 1514.9
1156480 1513.2
1156490 1513.2
1156500 1511.9
1156510 1511.1
1156520 1511.1
1156530 1510.5
1156540 1509.8
1156550 1509.8
1156560 1509.5
1156570 1509.3
1156580 1509.3
1156590 1509.1
1156600 1502.3
1156610 1502.3
1156620 1501.2
1156630 1499.8
1156640 1499.8
1156650 1498.4
1156660 1497.0
1156670 1497.0
1156680 1495.3
1156690 1493.6
1156700 1493.6
1156710 1491.6
1156720 1489.4
1156730 1489.4
1156740 1487.2
1156750 1485.2
1156760 1483.1
1156770 1483.1
1156780 1480.7
1156790 1478.1
1156800 1478.1
1156810 1475.4
1156820 1472.7
1156830 1472.7
1156840 1469.8
1156850 1465.8
1156860 1465.8
1156870 1461.2
1156880 1456.8
1156890 1456.8
1156900 1453.2
1156910 1450.0
1156920 1450.0
1156930 1446.6
1156940 1443.3
1156950 1443.3
1156960 1439.2
1156970 1435.6
1156980 1435.6
1156990 1428.4
1157000 1425.7
1157010 1423.8
1157020 1423.8
1157030 1423.7
1157040 1423.8
1157050 1423.8
1157060 1422.9
1157070 1421.7
1157080 1421.7
1157090 1420.0
1157100 1418.5
1157110 1418.5
1157120 1416.8
1157130 1414.7
1157140 1414.7
1157150 1412.4
1157160 1411.1
1157170 1411.1
1157180 1410.4
1157190 1409.9
1157200 1409.9
1157210 1408.7
1157220 1407.8
1157230 1407.8
1157240 1407.2
1157250 1406.3
1157260 1406.3
1157270 1405.1
1157280 1404.0
1157290 1402.7
1157300 1402.7
1157310 1401.2
1157320 1399.3
1157330 1399.3
1157340 1397.4
1157350 1395.6
1157360 1395.6
1157370 1394.3
1157380 1389.4
1157390 1389.4
1157400 1388.6
1157410 1387.4
1157420 1387.4
1157430 1385.8
1157440 1383.3
1157450 1383.3
1157460 1381.2
1157470 1378.9
1157480 1378.9
1157490 1378.1
1157500 1377.1
1157510 1377.1
1157520 1376.2
1157530 1376.5
1157540 1376.5
1157550 1377.0
1157560 1377.5
1157570 1378.2
1157580 1378.2
1157590 1378.0
1157600 1377.2
1157610 1377.2
1157620 1376.2
1157630 1375.4
1157640 1375.4
1157650 1374.4
1157660 1373.1
1157670 1373.1
1157680 1372.1
1157690 1371.6
1157700 1371.6
1157710 1371.5
1157720 1372.7
1157730 1372.7
1157740 1374.7
1157750 1376.3
1157760 1376.3
1157770 1374.1
1157780 1375.9
1157790 1375.9
1157800 1377.9
1157810 1379.8
1157820 1381.9
1157830 1381.9
1157840 1384.0
1157850 1386.2
1157860 1386.2
1157870 1386.1
1157880 1385.2
1157890 1385.2
1157900 1384.0
1157910 1379.2
1157920 1379.2
1157930 1377.6
1157940 1371.2
1157950 1371.2
1157960 1362.6
1157970 1352.2
1157980 1352.2
1157990 1341.2
1158000 1333.3
1158010 1333.3
1158020 1327.1
1158030 1322.9
1158040 1322.9
1158050 1323.1
1158060 1321.7
1158070 1321.7
1158080 1320.4
1158090 1318.5
1158100 1315.8
1158110 1315.8
1158120 1312.1
1158130 1302.4
1158140 1302.4
1158150 1290.1
1158160 1278.7
1158170 1278.7
1158180 1276.2
1158190 1274.0
1158200 1274.0
1158210 1271.3
1158220 1268.4
1158230 1268.4
1158240 1265.1
1158250 1261.8
1158260 1261.8
1158270 1258.7
1158280 1255.0
1158290 1255.0
1158300 1250.8
1158310 1243.9
1158320 1243.9
1158330 1234.7
1158340 1229.3
1158350 1229.3
1158360 1224.9
1158370 1218.4
1158380 1213.4
1158390 1213.4
1158400 1209.7
1158410 1205.1
1158420 1205.1
1158430 1200.0
1158440 1195.4
1158450 1195.4
1158460 1190.1
1158470 1183.5
1158480 1183.5
1158490 1180.3
1158500 1176.9
1158510 1176.9
1158520 1167.5
1158530 1159.0
1158540 1159.0
1158550 1145.2
1158560 1137.8
1158570 1137.8
1158580 1128.5
1158590 1121.7
1158600 1121.7
1158610 1115.4
1158620 1109.3
1158630 1103.7
1158640 1103.7
1158650 1098.2
1158660 1093.0
1158670 1093.0
1158680 1088.4
1158690 1084.8
1158700 1084.8
1158710 1078.3
1158720 1072.1
1158730 1072.1
1158740 1067.7
1158750 1064.7
1158760 1064.7
1158770 1063.4
1158780 1061.2
1158790 1061.2
1158800 1057.4
1158810 1053.1
1158820 1053.1
1158830 1051.1
1158840 1050.3
1158850 1050.3
1158860 1049.3
1158870 1048.9
1158880 1048.9
1158890 1048.9
1158900 1049.2
1158910 1049.3
1158920 1049.3
1158930 1049.1
1158940 1047.8
1158950 1047.8
1158960 1047.5
1158970 1046.4
1158980 1046.4
1158990 1046.5
1159000 1046.5
1159010 1046.5
1159020 1046.2
1159030 1046.1
1159040 1046.1
1159050 1046.1
1159060 1046.0
1159070 1046.0
1159080 1046.0
1159090 1045.9
1159100 1045.9
1159110 1045.9
1159120 1046.0
1159130 1046.0
1159140 1045.9
1159150 1046.1
1159160 1046.1
1159170 1045.8
1159180 1045.9
1159190 1046.2
1159200 1046.2
1159210 1046.8
1159220 1047.0
1159230 1047.0
1159240 1047.0
1159250 1046.7
1159260 1046.7
1159270 1044.2
1159280 1043.6
1159290 1043.6
1159300 1043.9
1159310 1044.1
1159320 1044.1
1159330 1045.6
1159340 1047.3
1159350 1047.3
1159360 1046.9
1159370 1046.7
1159380 1046.7
1159390 1046.5
1159400 1046.5
1159410 1046.5
1159420 1046.5
1159430 1046.5
1159440 1046.5
1159450 1046.2
1159460 1046.2
1159470 1046.2
1159480 1046.2
1159490 1046.1
1159500 1046.1
1159510 1046.1
1159520 1046.0
1159530 1046.0
1159540 1046.0
1159550 1046.0
1159560 1045.9
1159570 1045.9
1159580 1045.7
1159590 1045.5
1159600 1045.5
1159610 1045.2
1159620 1044.7
1159630 1044.7
1159640 1044.6
1159650 1045.3
1159660 1045.3
1159670 1045.8
1159680 1045.7
1159690 1045.7
1159700 1045.6
1159710 1045.4
1159720 1045.7
1159730 1045.7
1159740 1045.6
1159750 1045.5
1159760 1045.5
1159770 1045.4
1159780 1045.3
1159790 1045.3
1159800 1045.2
1159810 1045.1
1159820 1045.1
1159830 1045.0
1159840 1044.9
1159850 1044.9
1159860 1044.8
1159870 1044.7
1159880 1044.7
1159890 1044.6
1159900 1044.5
1159910 1044.5
1159920 1044.4
1159930 1044.4
1159940 1044.4
1159950 1044.3
1159960 1044.3
1159970 1044.3
1159980 1044.3
1159990 1044.3
