1140000 2320.8
1140010 2315.8
1140020 2315.8
1140030 2312.3
1140040 2307.5
1140050 2307.5
1140060 2300.2
1140070 2290.5
1140080 2282.0
1140090 2282.0
1140100 2281.2
1140110 2276.7
1140120 2276.7
1140130 2268.3
1140140 2261.3
1140150 2261.3
1140160 2256.4
1140170 2251.1
1140180 2251.1
1140190 2248.6
1140200 2248.7
1140210 2248.7
1140220 2244.0
1140230 2241.6
1140240 2241.6
1140250 2239.5
1140260 2240.2
1140270 2240.2
1140280 2240.0
1140290 2239.3
1140300 2239.3
1140310 2237.0
1140320 2232.4
1140330 2229.2
1140340 2229.2
1140350 2227.5
1140360 2225.6
1140370 2225.6
1140380 2223.6
1140390 2222.3
1140400 2222.3
1140410 2220.6
1140420 2216.9
1140430 2216.9
1140440 2213.9
1140450 2210.0
1140460 2210.0
1140470 2205.3
1140480 2203.3
1140490 2203.3
1140500 2201.9
1140510 2193.4
1140520 2193.4
1140530 2185.6
1140540 2182.7
1140550 2182.7
1140560 2180.6
1140570 2176.5
1140580 2176.5
1140590 2169.9
1140600 2166.6
1140610 2167.5
1140620 2167.5
1140630 2168.0
1140640 2166.0
1140650 2166.0
1140660 2162.9
1140670 2156.2
1140680 2156.2
1140690 2150.5
1140700 2144.7
1140710 2144.7
1140720 2141.2
1140730 2139.3
1140740 2139.3
1140750 2135.5
1140760 2130.2
1140770 2130.2
1140780 2124.0
1140790 2120.2
1140800 2120.2
1140810 2116.3
1140820 2111.3
1140830 2111.3
1140840 2108.1
1140850 2104.6
1140860 2104.6
1140870 2101.6
1140880 2100.6
1140890 2100.3
1140900 2100.3
1140910 2099.9
1140920 2098.8
1140930 2098.8
1140940 2098.7
1140950 2097.3
1140960 2092.0
1140970 2090.8
1140980 2088.6
1140990 2088.6
1141000 2088.4
1141010 2086.6
1141020 2086.6
1141030 2085.7
1141040 2086.4
1141050 2086.4
1141060 2088.4
1141070 2088.1
1141080 2088.1
1141090 2085.6
1141100 2083.2
1141110 2083.2
1141120 2081.9
1141130 2079.6
1141140 2077.7
1141150 2077.7
1141160 2077.2
1141170 2076.3
1141180 2076.3
1141190 2075.7
1141200 2077.4
1141210 2077.4
1141220 2078.5
1141230 2079.7
1141240 2079.7
1141250 2081.2
1141260 2082.3
1141270 2082.3
1141280 2082.6
1141290 2082.3
1141300 2082.3
1141310 2081.6
1141320 2081.0
1141330 2074.5
1141340 2073.6
1141350 2072.5
1141360 2072.5
1141370 2070.9
1141380 2070.2
1141390 2070.2
1141400 2067.0
1141410 2065.1
1141420 2060.9
1141430 2060.9
1141440 2056.6
1141450 2053.9
1141460 2053.9
1141470 2050.3
1141480 2047.0
1141490 2047.0
1141500 2045.5
1141510 2044.1
1141520 2044.1
1141530 2043.3
1141540 2041.5
1141550 2041.5
1141560 2035.2
1141570 2025.6
1141580 2025.6
1141590 2018.3
1141600 2007.8
1141610 2007.8
1141620 1994.4
1141630 1979.4
1141640 1979.4
1141650 1966.9
1141660 1963.5
1141670 1963.5
1141680 1965.7
1141690 1971.0
1141700 1961.0
1141710 1961.0
1141720 1956.0
1141730 1944.7
1141740 1944.7
1141750 1935.6
1141760 1929.2
1141770 1929.2
1141780 1921.8
1141790 1919.0
1141800 1919.0
1141810 1918.4
1141820 1914.8
1141830 1914.8
1141840 1909.6
1141850 1903.0
1141860 1903.0
1141870 1896.5
1141880 1891.8
1141890 1891.8
1141900 1885.8
1141910 1879.7
1141920 1879.7
1141930 1876.5
1141940 1873.1
1141950 1873.1
1141960 1872.4
1141970 1871.4
1141980 1870.1
1141990 1870.1
1142000 1869.3
1142010 1868.3
1142020 1868.3
1142030 1867.3
1142040 1865.4
1142050 1865.4
1142060 1863.7
1142070 1858.4
1142080 1858.4
1142090 1857.4
1142100 1856.1
1142110 1856.1
1142120 1856.7
1142130 1859.9
1142140 1859.9
1142150 1866.4
1142160 1873.7
1142170 1873.7
1142180 1880.6
1142190 1887.9
1142200 1887.9
1142210 1895.0
1142220 1900.8
1142230 1906.0
1142240 1906.0
1142250 1911.3
1142260 1917.2
1142270 1917.2
1142280 1923.6
1142290 1928.9
1142300 1928.9
1142310 1932.2
1142320 1937.1
1142330 1937.1
1142340 1944.8
1142350 1956.8
1142360 1956.8
1142370 1963.0
1142380 1969.3
1142390 1969.3
1142400 1976.3
1142410 1983.3
1142420 1983.3
1142430 1989.1
1142440 1992.9
1142450 1992.9
1142460 1996.0
1142470 2001.0
1142480 2001.0
1142490 2008.0
1142500 2016.7
1142510 2022.8
1142520 2022.8
1142530 2029.8
1142540 2038.7
1142550 2038.7
1142560 2052.5
1142570 2059.8
1142580 2059.8
1142590 2065.8
1142600 2069.5
1142610 2069.5
1142620 2071.2
1142630 2075.8
1142640 2075.8
1142650 2082.7
1142660 2090.7
1142670 2090.7
1142680 2099.0
1142690 2108.2
1142700 2108.2
1142710 2125.8
1142720 2139.7
1142730 2139.7
1142740 2143.4
1142750 2144.2
1142760 2144.2
1142770 2145.1
1142780 2148.3
1142790 2152.7
1142800 2152.7
1142810 2154.5
1142820 2146.2
1142830 2146.2
1142840 2144.9
1142850 2144.5
1142860 2144.5
1142870 2142.1
1142880 2138.7
1142890 2138.7
1142900 2136.2
1142910 2133.9
1142920 2133.9
1142930 2133.4
1142940 2133.5
1142950 2133.5
1142960 2134.7
1142970 2134.7
1142980 2134.7
1142990 2133.4
1143000 2129.8
1143010 2129.8
1143020 2128.6
1143030 2130.2
1143040 2129.5
1143050 2129.5
1143060 2129.0
1143070 2130.4
1143080 2130.4
1143090 2131.0
1143100 2131.7
1143110 2131.7
1143120 2133.5
1143130 2137.2
1143140 2137.2
1143150 2140.6
1143160 2144.5
1143170 2144.5
1143180 2148.2
1143190 2144.4
1143200 2144.4
1143210 2146.7
1143220 2146.1
1143230 2146.1
1143240 2145.3
1143250 2145.8
1143260 2145.8
1143270 2145.5
1143280 2146.3
1143290 2146.3
1143300 2150.7
1143310 2153.3
1143320 2156.1
1143330 2156.1
1143340 2160.4
1143350 2165.4
1143360 2165.4
1143370 2169.8
1143380 2174.5
1143390 2174.5
1143400 2178.0
1143410 2179.5
1143420 2179.5
1143430 2181.6
1143440 2182.1
1143450 2182.1
1143460 2181.3
1143470 2181.9
1143480 2181.9
1143490 2183.7
1143500 2186.4
1143510 2186.4
1143520 2188.9
1143530 2191.5
1143540 2191.5
1143550 2193.1
1143560 2191.1
1143570 2191.1
1143580 2193.2
1143590 2194.6
1143600 2192.5
1143610 2192.5
1143620 2194.8
1143630 2200.9
1143640 2200.9
1143650 2206.7
1143660 2211.1
1143670 2211.1
1143680 2211.5
1143690 2208.0
1143700 2208.0
1143710 2205.8
1143720 2210.1
1143730 2210.1
1143740 2219.6
1143750 2228.3
1143760 2228.3
1143770 2234.3
1143780 2239.9
1143790 2239.9
1143800 2246.5
1143810 2254.3
1143820 2254.3
1143830 2262.9
1143840 2271.7
1143850 2271.7
1143860 2281.4
1143870 2285.1
1143880 2283.4
1143890 2283.4
1143900 2286.1
1143910 2294.4
1143920 2294.4
1143930 2305.4
1143940 2320.4
1143950 2320.4
1143960 2329.4
1143970 2333.1
1143980 2333.1
1143990 2339.6
1144000 2352.8
1144010 2352.8
1144020 2366.8
1144030 2369.3
1144040 2369.3
1144050 2376.4
1144060 2386.8
1144070 2386.8
1144080 2397.0
1144090 2405.6
1144100 2405.6
1144110 2413.9
1144120 2421.8
1144130 2431.2
1144140 2431.2
1144150 2429.3
1144160 2419.7
1144170 2419.7
1144180 2406.8
1144190 2391.8
1144200 2391.8
1144210 2377.0
1144220 2368.3
1144230 2368.3
1144240 2361.5
1144250 2355.3
1144260 2355.3
1144270 2348.2
1144280 2340.0
1144290 2340.0
1144300 2332.6
1144310 2323.6
1144320 2323.6
1144330 2318.5
1144340 2312.7
1144350 2312.7
1144360 2305.3
1144370 2299.7
1144380 2299.7
1144390 2295.8
1144400 2289.9
1144410 2282.8
1144420 2282.8
1144430 2276.3
1144440 2269.7
1144450 2269.7
1144460 2263.4
1144470 2258.2
1144480 2258.2
1144490 2254.2
1144500 2250.9
1144510 2250.9
1144520 2246.8
1144530 2242.8
1144540 2242.8
1144550 2239.3
1144560 2235.9
1144570 2235.9
1144580 2233.2
1144590 2228.7
1144600 2228.7
1144610 2224.5
1144620 2221.7
1144630 2221.7
1144640 2218.4
1144650 2213.1
1144660 2213.1
1144670 2206.4
1144680 2205.7
1144690 2201.6
1144700 2201.6
1144710 2196.5
1144720 2191.1
1144730 2191.1
1144740 2187.1
1144750 2184.9
1144760 2184.9
1144770 2181.8
1144780 2177.1
1144790 2177.1
1144800 2173.2
1144810 2169.7
1144820 2169.7
1144830 2165.2
1144840 2160.0
1144850 2160.0
1144860 2154.5
1144870 2148.4
1144880 2148.4
1144890 2142.6
1144900 2137.6
1144910 2137.6
1144920 2132.3
1144930 2129.1
1144940 2126.1
1144950 2126.1
1144960 2123.1
1144970 2119.9
1144980 2119.9
1144990 2115.3
1145000 2112.2
1145010 2112.2
1145020 2111.0
1145030 2109.9
1145040 2109.9
1145050 2108.7
1145060 2113.7
1145070 2113.7
1145080 2113.0
1145090 2112.2
1145100 2112.2
1145110 2111.5
1145120 2110.6
1145130 2110.6
1145140 2109.1
1145150 2108.0
1145160 2108.0
1145170 2106.8
1145180 2105.8
1145190 2105.8
1145200 2105.7
1145210 2104.7
1145220 2105.9
1145230 2105.9
1145240 2106.2
1145250 2106.6
1145260 2106.6
1145270 2106.4
1145280 2104.3
1145290 2104.3
1145300 2101.3
1145310 2097.7
1145320 2097.7
1145330 2094.4
1145340 2091.1
1145350 2091.1
1145360 2088.2
1145370 2086.1
1145380 2086.1
1145390 2084.7
1145400 2082.8
1145410 2082.8
1145420 2081.6
1145430 2088.8
1145440 2088.8
1145450 2088.8
1145460 2089.4
1145470 2089.4
1145480 2089.3
1145490 2088.0
1145500 2087.0
1145510 2087.0
1145520 2086.2
1145530 2086.4
1145540 2086.4
1145550 2087.7
1145560 2087.4
1145570 2087.4
1145580 2088.9
1145590 2091.2
1145600 2091.2
1145610 2092.2
1145620 2091.3
1145630 2091.3
1145640 2088.7
1145650 2090.6
1145660 2090.6
1145670 2093.8
1145680 2092.6
1145690 2092.6
1145700 2090.5
1145710 2088.4
1145720 2088.4
1145730 2085.5
1145740 2083.7
1145750 2083.7
1145760 2082.5
1145770 2081.7
1145780 2080.8
1145790 2080.8
1145800 2082.4
1145810 2089.9
1145820 2089.9
1145830 2091.3
1145840 2093.0
1145850 2093.0
1145860 2094.8
1145870 2098.2
1145880 2098.2
1145890 2103.2
1145900 2108.3
1145910 2108.3
1145920 2113.4
1145930 2118.0
1145940 2118.0
1145950 2122.4
1145960 2125.5
1145970 2125.5
1145980 2127.3
1145990 2130.5
1146000 2130.5
1146010 2137.6
1146020 2148.0
1146030 2160.8
1146040 2160.8
1146050 2179.7
1146060 2193.4
1146070 2193.4
1146080 2199.0
1146090 2200.3
1146100 2200.3
1146110 2200.0
1146120 2201.1
1146130 2201.1
1146140 2205.6
1146150 2210.5
1146160 2210.5
1146170 2215.4
1146180 2219.3
1146190 2230.9
1146200 2234.9
1146210 2241.3
1146220 2241.3
1146230 2249.3
1146240 2255.5
1146250 2255.5
1146260 2266.7
1146270 2279.9
1146280 2279.9
1146290 2291.9
1146300 2303.6
1146310 2307.2
1146320 2307.2
1146330 2295.5
1146340 2298.5
1146350 2298.5
1146360 2311.1
1146370 2323.4
1146380 2323.4
1146390 2325.1
1146400 2320.2
1146410 2320.2
1146420 2315.1
1146430 2309.6
1146440 2309.6
1146450 2304.6
1146460 2300.6
1146470 2300.6
1146480 2297.4
1146490 2294.5
1146500 2294.5
1146510 2291.5
1146520 2287.5
1146530 2287.5
1146540 2283.1
1146550 2278.6
1146560 2278.7
1146570 2274.8
1146580 2270.9
1146590 2266.2
1146600 2266.2
1146610 2262.2
1146620 2258.5
1146630 2258.5
1146640 2254.8
1146650 2250.0
1146660 2250.0
1146670 2244.3
1146680 2238.6
1146690 2238.6
1146700 2232.4
1146710 2227.0
1146720 2227.0
1146730 2223.2
1146740 2218.9
1146750 2218.9
1146760 2215.0
1146770 2211.6
1146780 2211.6
1146790 2208.4
1146800 2205.9
1146810 2205.9
1146820 2203.9
1146830 2202.9
1146840 2202.8
1146850 2202.8
1146860 2204.1
1146870 2206.3
1146880 2206.3
1146890 2210.7
1146900 2215.0
1146910 2215.0
1146920 2219.7
1146930 2226.0
1146940 2220.5
1146950 2227.5
1146960 2231.8
1146970 2231.8
1146980 2235.4
1146990 2239.2
1147000 2239.2
1147010 2246.6
1147020 2251.2
1147030 2251.2
1147040 2254.0
1147050 2254.7
1147060 2254.7
1147070 2256.0
1147080 2257.1
1147090 2257.1
1147100 2259.7
1147110 2264.3
1147120 2266.2
1147130 2266.2
1147140 2264.4
1147150 2264.0
1147160 2264.0
1147170 2263.6
1147180 2264.9
1147190 2264.9
1147200 2266.6
1147210 2270.0
1147220 2270.0
1147230 2271.8
1147240 2274.6
1147250 2274.6
1147260 2278.9
1147270 2285.3
1147280 2285.3
1147290 2293.6
1147300 2301.9
1147310 2301.9
1147320 2297.2
1147330 2297.7
1147340 2297.7
1147350 2307.2
1147360 2323.1
1147370 2323.1
1147380 2331.6
1147390 2333.7
1147400 2338.3
1147410 2338.3
1147420 2345.7
1147430 2354.0
1147440 2354.0
1147450 2362.8
1147460 2372.8
1147470 2372.8
1147480 2379.3
1147490 2383.5
1147500 2383.5
1147510 2388.0
1147520 2393.6
1147530 2393.6
1147540 2400.4
1147550 2404.6
1147560 2404.6
1147570 2406.6
1147580 2407.3
1147590 2407.3
1147600 2405.7
1147610 2403.6
1147620 2403.6
1147630 2401.8
1147640 2399.6
1147650 2396.6
1147660 2396.6
1147670 2391.9
1147680 2384.2
1147690 2381.7
1147700 2374.3
1147710 2368.5
1147720 2368.5
1147730 2363.1
1147740 2358.7
1147750 2358.7
1147760 2354.9
1147770 2349.4
1147780 2349.4
1147790 2346.3
1147800 2343.8
1147810 2343.8
1147820 2341.2
1147830 2336.8
1147840 2336.8
1147850 2332.4
1147860 2329.2
1147870 2329.2
1147880 2324.5
1147890 2317.4
1147900 2317.4
1147910 2310.9
1147920 2305.9
1147930 2300.7
1147940 2300.7
1147950 2296.6
1147960 2291.2
1147970 2291.2
1147980 2286.0
1147990 2281.1
1148000 2281.1
1148010 2277.7
1148020 2275.4
1148030 2275.4
1148040 2272.5
1148050 2271.4
1148060 2271.4
1148070 2271.0
1148080 2270.7
1148090 2270.7
1148100 2270.4
1148110 2270.2
1148120 2270.2
1148130 2270.0
1148140 2269.9
1148150 2269.9
1148160 2270.8
1148170 2271.9
1148180 2271.9
1148190 2272.3
1148200 2272.4
1148210 2272.0
1148220 2272.0
1148230 2269.5
1148240 2266.3
1148250 2266.3
1148260 2263.3
1148270 2259.9
1148280 2259.9
1148290 2256.4
1148300 2254.3
1148310 2254.3
1148320 2252.6
1148330 2251.5
1148340 2251.5
1148350 2249.7
1148360 2247.7
1148370 2247.7
1148380 2245.4
1148390 2242.0
1148400 2242.0
1148410 2237.3
1148420 2231.8
1148430 2231.8
1148440 2226.1
1148450 2218.9
1148460 2218.9
1148470 2213.7
1148480 2207.9
1148490 2197.8
1148500 2197.8
1148510 2180.9
1148520 2173.1
1148530 2173.1
1148540 2166.3
1148550 2159.5
1148560 2159.5
1148570 2153.7
1148580 2149.2
1148590 2149.2
1148600 2144.9
1148610 2141.0
1148620 2141.0
1148630 2137.5
1148640 2134.9
1148650 2134.9
1148660 2131.9
1148670 2128.6
1148680 2128.6
1148690 2125.5
1148700 2122.1
1148710 2122.1
1148720 2118.6
1148730 2115.2
1148740 2111.2
1148750 2111.2
1148760 2107.5
1148770 2104.2
1148780 2104.2
1148790 2100.2
1148800 2095.3
1148810 2095.3
1148820 2088.9
1148830 2088.1
1148840 2088.1
1148850 2084.2
1148860 2079.4
1148870 2079.4
1148880 2073.2
1148890 2070.4
1148900 2070.4
1148910 2067.7
1148920 2062.6
1148930 2062.6
1148940 2056.3
1148950 2049.6
1148960 2049.6
1148970 2043.0
1148980 2037.2
1148990 2037.2
1149000 2031.8
1149010 2027.4
1149020 2024.0
1149030 2024.0
1149040 2019.8
1149050 2015.5
1149060 2015.5
1149070 2010.4
1149080 2004.3
1149090 2004.3
1149100 1999.0
1149110 1994.7
1149120 1994.7
1149130 1990.5
1149140 1985.5
1149150 1985.5
1149160 1980.0
1149170 1974.8
1149180 1974.8
1149190 1970.1
1149200 1965.9
1149210 1969.8
1149220 1967.1
1149230 1964.3
1149240 1964.3
1149250 1960.7
1149260 1956.5
1149270 1956.5
1149280 1953.0
1149290 1949.5
1149300 1946.9
1149310 1946.9
1149320 1945.3
1149330 1943.6
1149340 1943.6
1149350 1939.8
1149360 1934.0
1149370 1934.0
1149380 1926.8
1149390 1920.3
1149400 1920.3
1149410 1914.1
1149420 1907.9
1149430 1907.9
1149440 1902.0
1149450 1896.5
1149460 1896.5
1149470 1891.1
1149480 1885.2
1149490 1885.2
1149500 1877.7
1149510 1869.5
1149520 1869.5
1149530 1865.5
1149540 1862.4
1149550 1856.9
1149560 1856.9
1149570 1847.3
1149580 1840.3
1149590 1848.0
1149600 1844.5
1149610 1842.1
1149620 1842.1
1149630 1843.5
1149640 1842.7
1149650 1842.7
1149660 1843.0
1149670 1840.9
1149680 1840.9
1149690 1838.2
1149700 1834.9
1149710 1834.9
1149720 1828.9
1149730 1823.6
1149740 1823.6
1149750 1817.2
1149760 1811.8
1149770 1811.8
1149780 1809.2
1149790 1806.5
1149800 1806.5
1149810 1805.6
1149820 1804.9
1149830 1801.2
1149840 1801.2
1149850 1796.9
1149860 1790.7
1149870 1790.7
1149880 1782.5
1149890 1774.1
1149900 1774.1
1149910 1765.9
1149920 1757.5
1149930 1757.5
1149940 1748.5
1149950 1738.6
1149960 1738.6
1149970 1712.1
1149980 1643.8
1149990 1643.8
1150000 1637.1
1150010 1635.1
1150020 1635.1
1150030 1633.4
1150040 1626.4
1150050 1626.4
1150060 1622.6
1150070 1618.6
1150080 1618.6
1150090 1615.3
1150100 1612.1
1150110 1609.8
1150120 1609.8
1150130 1604.9
1150140 1592.2
1150150 1592.2
1150160 1583.6
1150170 1576.3
1150180 1576.3
1150190 1568.5
1150200 1560.7
1150210 1560.7
1150220 1556.4
1150230 1556.8
1150240 1556.8
1150250 1554.8
1150260 1534.5
1150270 1534.5
1150280 1516.2
1150290 1493.9
1150300 1493.9
1150310 1479.7
1150320 1468.4
1150330 1468.4
1150340 1458.8
1150350 1451.4
1150360 1443.5
1150370 1443.5
1150380 1435.6
1150390 1428.3
1150400 1428.3
1150410 1421.3
1150420 1414.2
1150430 1414.2
1150440 1407.0
1150450 1399.5
1150460 1399.5
1150470 1392.1
1150480 1384.4
1150490 1384.4
1150500 1376.9
1150510 1369.8
1150520 1369.8
1150530 1362.4
1150540 1355.3
1150550 1355.3
1150560 1348.5
1150570 1341.6
1150580 1341.6
1150590 1335.2
1150600 1328.1
1150610 1328.1
1150620 1320.5
1150630 1312.9
1150640 1305.3
1150650 1305.3
1150660 1298.0
1150670 1291.2
1150680 1291.2
1150690 1285.3
1150700 1281.0
1150710 1281.0
1150720 1277.3
1150730 1271.7
1150740 1271.7
1150750 1267.8
1150760 1264.3
1150770 1264.3
1150780 1260.7
1150790 1257.4
1150800 1257.4
1150810 1254.8
1150820 1252.6
1150830 1252.6
1150840 1250.4
1150850 1247.9
1150860 1247.9
1150870 1244.0
1150880 1240.9
1150890 1240.9
1150900 1242.8
1150910 1246.4
1150920 1250.5
1150930 1250.5
1150940 1253.9
1150950 1253.3
1150960 1253.3
1150970 1253.3
1150980 1255.0
1150990 1255.0
1151000 1256.8
1151010 1258.3
1151020 1258.3
1151030 1260.2
1151040 1262.3
1151050 1262.3
1151060 1265.5
1151070 1270.5
1151080 1270.5
1151090 1276.5
1151100 1282.9
1151110 1282.4
1151120 1289.2
1151130 1295.4
1151140 1295.4
1151150 1301.9
1151160 1309.5
1151170 1309.5
1151180 1317.7
1151190 1325.8
1151200 1334.0
1151210 1334.0
1151220 1342.1
1151230 1350.2
1151240 1350.2
1151250 1357.9
1151260 1365.6
1151270 1365.6
1151280 1373.5
1151290 1389.8
1151300 1389.8
1151310 1409.7
1151320 1431.1
1151330 1431.1
1151340 1443.1
1151350 1453.5
1151360 1453.5
1151370 1459.9
1151380 1468.6
1151390 1468.6
1151400 1478.5
1151410 1491.2
1151420 1491.2
1151430 1498.4
1151440 1503.7
1151450 1509.0
1151460 1509.0
1151470 1514.4
1151480 1519.2
1151490 1518.5
1151500 1522.4
1151510 1526.7
1151520 1526.7
1151530 1531.1
1151540 1536.6
1151550 1536.6
1151560 1543.1
1151570 1549.6
1151580 1549.6
1151590 1556.1
1151600 1562.4
1151610 1562.4
1151620 1568.8
1151630 1574.8
1151640 1574.8
1151650 1580.5
1151660 1586.2
1151670 1586.2
1151680 1591.3
1151690 1595.6
1151700 1595.6
1151710 1598.8
1151720 1601.5
1151730 1604.8
1151740 1604.8
1151750 1609.8
1151760 1616.2
1151770 1616.2
1151780 1623.0
1151790 1629.4
1151800 1629.4
1151810 1634.5
1151820 1637.7
1151830 1637.7
1151840 1639.7
1151850 1642.1
1151860 1642.1
1151870 1644.4
1151880 1642.6
1151890 1642.6
1151900 1644.4
1151910 1646.1
1151920 1646.1
1151930 1648.9
1151940 1653.0
1151950 1653.0
1151960 1657.5
1151970 1661.3
1151980 1661.3
1151990 1663.6
1152000 1665.4
1152010 1666.6
1152020 1666.6
1152030 1667.7
1152040 1668.4
1152050 1668.4
1152060 1669.7
1152070 1670.8
1152080 1670.8
1152090 1672.0
1152100 1673.3
1152110 1673.3
1152120 1674.9
1152130 1676.4
1152140 1676.4
1152150 1677.4
1152160 1678.3
1152170 1678.3
1152180 1679.6
1152190 1682.7
1152200 1682.7
1152210 1686.0
1152220 1688.8
1152230 1688.8
1152240 1692.1
1152250 1695.4
1152260 1694.0
1152270 1694.0
1152280 1696.5
1152290 1699.3
1152300 1699.3
1152310 1702.4
1152320 1705.6
1152330 1705.6
1152340 1708.0
1152350 1710.7
1152360 1710.7
1152370 1713.8
1152380 1717.3
1152390 1717.3
1152400 1720.4
1152410 1723.1
1152420 1723.1
1152430 1724.2
1152440 1726.2
1152450 1726.2
1152460 1731.9
1152470 1737.4
1152480 1737.4
1152490 1742.0
1152500 1745.7
1152510 1745.7
1152520 1748.4
1152530 1751.2
1152540 1754.8
1152550 1754.8
1152560 1758.4
1152570 1762.0
1152580 1762.0
1152590 1765.6
1152600 1769.3
1152610 1769.3
1152620 1773.0
1152630 1776.8
1152640 1771.7
1152650 1775.8
1152660 1779.8
1152670 1779.8
1152680 1783.0
1152690 1786.0
1152700 1786.0
1152710 1788.8
1152720 1792.0
1152730 1792.0
1152740 1795.5
1152750 1799.3
1152760 1799.3
1152770 1803.6
1152780 1806.7
1152790 1806.7
1152800 1808.5
1152810 1810.2
1152820 1812.6
1152830 1812.6
1152840 1815.0
1152850 1811.6
1152860 1811.6
1152870 1803.5
1152880 1798.0
1152890 1798.0
1152900 1797.5
1152910 1796.5
1152920 1796.5
1152930 1796.1
1152940 1796.3
1152950 1796.3
1152960 1797.1
1152970 1797.9
1152980 1797.9
1152990 1798.7
1153000 1801.4
1153010 1801.4
1153020 1802.8
1153030 1790.6
1153040 1790.6
1153050 1793.4
1153060 1798.0
1153070 1801.0
1153080 1801.0
1153090 1800.2
1153100 1794.7
1153110 1794.7
1153120 1786.6
1153130 1779.8
1153140 1779.8
1153150 1777.1
1153160 1773.7
1153170 1773.7
1153180 1769.1
1153190 1775.6
1153200 1775.6
1153210 1784.7
1153220 1791.9
1153230 1791.9
1153240 1796.6
1153250 1798.1
1153260 1798.1
1153270 1798.9
1153280 1798.7
1153290 1798.7
1153300 1795.4
1153310 1790.7
1153320 1790.7
1153330 1787.0
1153340 1784.3
1153350 1781.4
1153360 1781.4
1153370 1777.1
1153380 1767.4
1153390 1767.4
1153400 1766.0
1153410 1760.7
1153420 1760.7
1153430 1759.0
1153440 1756.2
1153450 1756.2
1153460 1752.9
1153470 1750.2
1153480 1750.2
1153490 1748.8
1153500 1749.6
1153510 1749.6
1153520 1750.6
1153530 1751.4
1153540 1751.4
1153550 1752.1
1153560 1753.1
1153570 1753.1
1153580 1754.3
1153590 1755.5
1153600 1755.5
1153610 1756.0
1153620 1756.2
1153630 1756.8
1153640 1756.8
1153650 1757.6
1153660 1758.5
1153670 1758.5
1153680 1759.1
1153690 1759.8
1153700 1759.8
1153710 1761.1
1153720 1762.3
1153730 1762.3
1153740 1763.3
1153750 1763.4
1153760 1763.4
1153770 1765.6
1153780 1765.8
1153790 1765.8
1153800 1762.2
1153810 1762.1
1153820 1762.1
1153830 1761.9
1153840 1762.2
1153850 1762.2
1153860 1762.5
1153870 1762.7
1153880 1762.4
1153890 1762.4
1153900 1760.1
1153910 1756.4
1153920 1756.4
1153930 1752.5
1153940 1748.9
1153950 1748.9
1153960 1745.9
1153970 1743.4
1153980 1743.4
1153990 1742.4
1154000 1740.9
1154010 1740.9
1154020 1739.1
1154030 1737.1
1154040 1737.1
1154050 1735.7
1154060 1734.8
1154070 1734.8
1154080 1733.0
1154090 1729.5
1154100 1729.5
1154110 1724.7
1154120 1717.5
1154130 1717.5
1154140 1713.4
1154150 1713.1
1154160 1712.9
1154170 1712.9
1154180 1704.4
1154190 1704.9
1154200 1704.9
1154210 1703.5
1154220 1700.5
1154230 1700.5
1154240 1697.9
1154250 1695.8
1154260 1695.8
1154270 1693.1
1154280 1691.3
1154290 1691.3
1154300 1690.3
1154310 1688.8
1154320 1688.8
1154330 1686.9
1154340 1684.5
1154350 1684.5
1154360 1682.8
1154370 1682.0
1154380 1682.0
1154390 1681.6
1154400 1680.5
1154410 1680.5
1154420 1678.8
1154430 1675.9
1154440 1675.0
1154450 1675.0
1154460 1674.6
1154470 1674.8
1154480 1674.8
1154490 1674.8
1154500 1675.0
1154510 1675.0
1154520 1675.0
1154530 1674.6
1154540 1674.6
1154550 1674.2
1154560 1673.9
1154570 1667.2
1154580 1667.0
1154590 1666.6
1154600 1666.6
1154610 1666.6
1154620 1667.2
1154630 1667.2
1154640 1668.7
1154650 1669.8
1154660 1669.8
1154670 1670.1
1154680 1669.2
1154690 1669.2
1154700 1667.3
1154710 1664.6
1154720 1662.0
1154730 1662.0
1154740 1660.0
1154750 1658.3
1154760 1658.3
1154770 1655.9
1154780 1653.7
1154790 1653.7
1154800 1651.1
1154810 1648.3
1154820 1648.3
1154830 1645.6
1154840 1643.4
1154850 1643.4
1154860 1641.3
1154870 1638.5
1154880 1638.5
1154890 1635.4
1154900 1631.9
1154910 1631.9
1154920 1629.1
1154930 1627.4
1154940 1627.4
1154950 1623.5
1154960 1623.1
1154970 1622.3
1154980 1622.3
1154990 1621.0
1155000 1619.2
1155010 1619.2
1155020 1617.0
1155030 1614.2
1155040 1614.2
1155050 1611.0
1155060 1606.2
1155070 1606.2
1155080 1601.6
1155090 1597.9
1155100 1597.9
1155110 1594.9
1155120 1592.1
1155130 1592.1
1155140 1588.8
1155150 1585.7
1155160 1585.7
1155170 1583.3
1155180 1581.6
1155190 1581.6
1155200 1579.5
1155210 1576.8
1155220 1576.8
1155230 1574.7
1155240 1573.0
1155250 1571.2
1155260 1571.2
1155270 1570.0
1155280 1569.1
1155290 1569.1
1155300 1567.5
1155310 1566.0
1155320 1566.0
1155330 1565.0
1155340 1556.6
1155350 1556.6
1155360 1555.6
1155370 1555.0
1155380 1555.0
1155390 1554.8
1155400 1554.8
1155410 1554.8
1155420 1555.4
1155430 1555.8
1155440 1555.8
1155450 1555.0
1155460 1552.9
1155470 1552.9
1155480 1550.5
1155490 1547.4
1155500 1547.4
1155510 1543.6
1155520 1539.7
1155530 1536.5
1155540 1536.5
1155550 1533.7
1155560 1531.2
1155570 1531.2
1155580 1528.4
1155590 1524.8
1155600 1524.8
1155610 1521.7
1155620 1519.6
1155630 1519.6
1155640 1516.6
1155650 1510.6
1155660 1510.6
1155670 1503.8
1155680 1497.6
1155690 1497.6
1155700 1492.1
1155710 1486.9
1155720 1486.9
1155730 1477.4
1155740 1472.1
1155750 1472.1
1155760 1467.4
1155770 1463.0
1155780 1458.0
1155790 1458.0
1155800 1453.7
1155810 1449.6
1155820 1449.6
1155830 1444.4
1155840 1439.7
1155850 1439.7
1155860 1435.6
1155870 1431.5
1155880 1431.5
1155890 1427.2
1155900 1422.9
1155910 1422.9
1155920 1419.4
1155930 1415.5
1155940 1415.5
1155950 1411.8
1155960 1409.2
1155970 1409.2
1155980 1406.8
1155990 1404.1
1156000 1404.1
1156010 1401.6
1156020 1399.3
1156030 1399.3
1156040 1397.1
1156050 1394.4
1156060 1391.4
1156070 1391.4
1156080 1385.9
1156090 1378.1
1156100 1378.1
1156110 1364.9
1156120 1352.6
1156130 1352.6
1156140 1347.7
1156150 1347.7
1156160 1347.7
1156170 1344.9
1156180 1339.1
1156190 1339.1
1156200 1332.0
1156210 1327.7
1156220 1327.7
1156230 1325.6
1156240 1331.7
1156250 1331.7
1156260 1339.8
1156270 1347.2
1156280 1347.2
1156290 1354.4
1156300 1356.0
1156310 1356.0
1156320 1355.2
1156330 1353.5
1156340 1350.7
1156350 1350.7
1156360 1348.2
1156370 1347.6
1156380 1347.6
1156390 1348.9
1156400 1349.3
1156410 1349.3
1156420 1348.6
1156430 1348.0
1156440 1348.0
1156450 1348.6
1156460 1348.8
1156470 1348.8
1156480 1349.4
1156490 1348.5
1156500 1341.8
1156510 1339.7
1156520 1337.1
1156530 1337.1
1156540 1334.0
1156550 1330.7
1156560 1330.7
1156570 1326.2
1156580 1323.8
1156590 1321.4
1156600 1321.4
1156610 1319.1
1156620 1317.5
1156630 1317.5
1156640 1316.2
1156650 1314.3
1156660 1314.3
1156670 1312.0
1156680 1310.7
1156690 1310.7
1156700 1309.5
1156710 1306.7
1156720 1306.7
1156730 1303.2
1156740 1300.2
1156750 1300.2
1156760 1298.2
1156770 1296.2
1156780 1296.2
1156790 1293.2
1156800 1290.4
1156810 1290.4
1156820 1287.9
1156830 1285.5
1156840 1285.5
1156850 1283.7
1156860 1281.2
1156870 1278.8
1156880 1278.8
1156890 1268.5
1156900 1265.9
1156910 1265.9
1156920 1263.5
1156930 1261.5
1156940 1261.5
1156950 1259.1
1156960 1256.6
1156970 1256.6
1156980 1254.1
1156990 1251.6
1157000 1251.6
1157010 1248.9
1157020 1245.7
1157030 1245.7
1157040 1243.5
1157050 1241.3
1157060 1241.3
1157070 1238.8
1157080 1236.1
1157090 1236.1
1157100 1233.6
1157110 1230.9
1157120 1230.9
1157130 1228.4
1157140 1227.6
1157150 1227.1
1157160 1227.1
1157170 1226.8
1157180 1226.7
1157190 1226.7
1157200 1226.3
1157210 1226.1
1157220 1226.1
1157230 1226.0
1157240 1226.0
1157250 1226.0
1157260 1225.5
1157270 1224.0
1157280 1219.1
1157290 1217.3
1157300 1216.3
1157310 1216.3
1157320 1215.3
1157330 1213.1
1157340 1213.1
1157350 1211.4
1157360 1211.9
1157370 1211.9
1157380 1211.8
1157390 1211.5
1157400 1211.1
1157410 1211.1
1157420 1210.5
1157430 1210.0
1157440 1210.0
1157450 1208.9
1157460 1207.5
1157470 1207.5
1157480 1206.4
1157490 1205.6
1157500 1205.6
1157510 1205.3
1157520 1204.8
1157530 1204.8
1157540 1204.3
1157550 1203.6
1157560 1203.6
1157570 1203.2
1157580 1203.2
1157590 1203.2
1157600 1203.4
1157610 1203.5
1157620 1203.5
1157630 1203.6
1157640 1204.8
1157650 1204.8
1157660 1205.8
1157670 1203.6
1157680 1203.6
1157690 1203.6
1157700 1203.5
1157710 1203.7
1157720 1203.7
1157730 1204.4
1157740 1205.6
1157750 1205.6
1157760 1207.3
1157770 1209.4
1157780 1209.4
1157790 1211.8
1157800 1214.1
1157810 1214.1
1157820 1214.9
1157830 1213.7
1157840 1213.7
1157850 1210.2
1157860 1204.3
1157870 1204.3
1157880 1197.8
1157890 1195.0
1157900 1195.0
1157910 1192.5
1157920 1190.5
1157930 1190.5
1157940 1188.8
1157950 1187.4
1157960 1186.1
1157970 1186.1
1157980 1185.3
1157990 1185.1
1158000 1185.1
1158010 1185.2
1158020 1185.6
1158030 1185.6
1158040 1186.6
1158050 1189.8
1158060 1185.2
1158070 1187.6
1158080 1186.5
1158090 1186.5
1158100 1179.7
1158110 1173.0
1158120 1173.0
1158130 1168.4
1158140 1162.7
1158150 1162.7
1158160 1156.2
1158170 1149.3
1158180 1149.3
1158190 1141.5
1158200 1133.2
1158210 1126.9
1158220 1126.9
1158230 1122.3
1158240 1118.0
1158250 1118.0
1158260 1113.5
1158270 1106.6
1158280 1106.6
1158290 1097.7
1158300 1089.1
1158310 1089.1
1158320 1081.7
1158330 1075.1
1158340 1075.1
1158350 1068.8
1158360 1062.4
1158370 1062.4
1158380 1056.6
1158390 1053.6
1158400 1053.6
1158410 1053.4
1158420 1053.2
1158430 1053.2
1158440 1053.0
1158450 1052.9
1158460 1052.9
1158470 1052.7
1158480 1052.5
1158490 1052.5
1158500 1052.5
1158510 1052.3
1158520 1052.6
1158530 1052.6
1158540 1052.8
1158550 1052.4
1158560 1052.4
1158570 1052.2
1158580 1052.2
1158590 1052.2
1158600 1052.2
1158610 1052.3
1158620 1052.3
1158630 1052.2
1158640 1052.2
1158650 1052.2
1158660 1052.0
1158670 1051.9
1158680 1051.9
1158690 1051.7
1158700 1051.7
1158710 1051.7
1158720 1051.7
1158730 1051.6
1158740 1051.6
1158750 1051.5
1158760 1051.5
1158770 1051.4
1158780 1051.4
1158790 1051.3
1158800 1051.2
1158810 1051.2
1158820 1051.1
1158830 1051.0
1158840 1051.0
1158850 1051.0
1158860 1051.0
1158870 1051.0
1158880 1051.0
1158890 1050.9
1158900 1050.9
1158910 1050.1
1158920 1049.8
1158930 1049.8
1158940 1049.9
1158950 1049.9
1158960 1049.9
1158970 1049.9
1158980 1049.8
1158990 1049.8
1159000 1049.8
1159010 1049.6
1159020 1049.4
1159030 1049.4
1159040 1049.4
1159050 1049.4
1159060 1049.4
1159070 1049.3
1159080 1049.5
1159090 1049.5
1159100 1049.5
1159110 1049.5
1159120 1049.5
1159130 1049.4
1159140 1049.6
1159150 1049.6
1159160 1049.6
1159170 1049.4
1159180 1049.4
1159190 1048.1
1159200 1047.2
1159210 1047.2
1159220 1047.0
1159230 1047.1
1159240 1047.1
1159250 1047.1
1159260 1048.5
1159270 1048.5
1159280 1049.5
1159290 1049.3
1159300 1049.6
1159310 1049.6
1159320 1049.8
1159330 1050.0
1159340 1050.0
1159350 1050.0
1159360 1049.6
1159370 1049.6
1159380 1049.5
1159390 1049.4
1159400 1049.4
1159410 1049.4
1159420 1049.3
1159430 1049.3
1159440 1049.1
1159450 1048.9
1159460 1048.9
1159470 1049.4
1159480 1052.2
1159490 1052.2
1159500 1056.3
1159510 1058.1
1159520 1058.1
1159530 1058.1
1159540 1058.0
1159550 1058.0
1159560 1057.7
1159570 1057.7
1159580 1057.5
1159590 1057.5
1159600 1057.3
1159610 1057.2
1159620 1058.2
1159630 1057.7
1159640 1057.5
1159650 1057.5
1159660 1057.5
1159670 1057.0
1159680 1057.0
1159690 1055.6
1159700 1053.9
1159710 1053.9
1159720 1053.7
1159730 1053.7
1159740 1053.7
1159750 1053.4
1159760 1052.9
1159770 1052.9
1159780 1052.4
1159790 1051.4
1159800 1051.4
1159810 1050.3
1159820 1049.7
1159830 1049.7
1159840 1049.3
1159850 1049.1
1159860 1049.0
1159870 1049.0
1159880 1048.8
1159890 1048.6
1159900 1048.6
1159910 1048.5
1159920 1048.4
1159930 1048.4
1159940 1048.3
1159950 1048.1
1159960 1048.1
1159970 1048.0
1159980 1047.9
1159990 1047.9
