1140000 2114.4
1140010 2114.4
1140020 2119.7
1140030 2123.5
1140040 2123.5
1140050 2131.1
1140060 2143.7
1140070 2157.2
1140080 2157.2
1140090 2179.9
1140100 2194.5
1140110 2194.5
1140120 2206.1
1140130 2220.0
1140140 2220.0
1140150 2233.7
1140160 2245.1
1140170 2245.1
1140180 2249.3
1140190 2238.5
1140200 2249.0
1140210 2260.7
1140220 2283.3
1140230 2283.3
1140240 2299.8
1140250 2309.8
1140260 2309.8
1140270 2323.5
1140280 2340.7
1140290 2340.7
1140300 2343.4
1140310 2356.6
1140320 2356.6
1140330 2374.9
1140340 2387.7
1140350 2394.9
1140360 2394.9
1140370 2398.6
1140380 2401.6
1140390 2401.6
1140400 2404.2
1140410 2406.8
1140420 2406.8
1140430 2411.3
1140440 2409.1
1140450 2409.1
1140460 2403.4
1140470 2401.0
1140480 2401.0
1140490 2397.1
1140500 2392.4
1140510 2392.4
1140520 2388.0
1140530 2383.1
1140540 2383.1
1140550 2378.3
1140560 2374.3
1140570 2374.3
1140580 2367.3
1140590 2364.1
1140600 2362.5
1140610 2362.5
1140620 2361.2
1140630 2358.0
1140640 2358.0
1140650 2356.4
1140660 2354.7
1140670 2354.7
1140680 2354.1
1140690 2352.6
1140700 2352.6
1140710 2350.6
1140720 2347.9
1140730 2347.9
1140740 2344.5
1140750 2341.3
1140760 2341.3
1140770 2338.9
1140780 2336.9
1140790 2336.9
1140800 2334.7
1140810 2332.3
1140820 2332.3
1140830 2330.3
1140840 2327.7
1140850 2327.7
1140860 2323.7
1140870 2319.6
1140880 2319.4
1140890 2319.4
1140900 2316.4
1140910 2314.4
1140920 2314.4
1140930 2313.7
1140940 2312.7
1140950 2311.6
1140960 2310.6
1140970 2309.1
1140980 2309.1
1140990 2305.0
1141000 2299.1
1141010 2299.1
1141020 2294.4
1141030 2290.4
1141040 2290.4
1141050 2287.6
1141060 2286.4
1141070 2286.4
1141080 2284.3
1141090 2281.4
1141100 2281.4
1141110 2280.3
1141120 2279.9
1141130 2279.9
1141140 2279.1
1141150 2279.6
1141160 2280.0
1141170 2280.0
1141180 2281.4
1141190 2283.8
1141200 2283.8
1141210 2284.7
1141220 2285.2
1141230 2285.2
1141240 2283.9
1141250 2280.9
1141260 2280.9
1141270 2277.7
1141280 2275.3
1141290 2275.3
1141300 2273.8
1141310 2273.9
1141320 2272.3
1141330 2272.7
1141340 2274.2
1141350 2274.2
1141360 2276.0
1141370 2277.9
1141380 2277.9
1141390 2281.0
1141400 2285.3
1141410 2285.3
1141420 2287.9
1141430 2287.5
1141440 2285.8
1141450 2285.8
1141460 2279.8
1141470 2272.5
1141480 2272.5
1141490 2266.6
1141500 2257.3
1141510 2257.3
1141520 2244.3
1141530 2239.0
1141540 2239.0
1141550 2236.8
1141560 2234.7
1141570 2234.7
1141580 2231.7
1141590 2227.7
1141600 2227.7
1141610 2221.9
1141620 2215.0
1141630 2215.0
1141640 2211.6
1141650 2209.2
1141660 2209.2
1141670 2205.9
1141680 2200.7
1141690 2192.1
1141700 2192.1
1141710 2186.4
1141720 2180.6
1141730 2180.6
1141740 2174.7
1141750 2169.7
1141760 2169.7
1141770 2165.5
1141780 2161.1
1141790 2161.1
1141800 2156.8
1141810 2152.9
1141820 2152.9
1141830 2148.6
1141840 2144.4
1141850 2144.4
1141860 2140.2
1141870 2136.0
1141880 2136.0
1141890 2132.0
1141900 2127.4
1141910 2127.4
1141920 2123.5
1141930 2119.7
1141940 2119.7
1141950 2115.8
1141960 2112.2
1141970 2108.9
1141980 2108.9
1141990 2105.2
1142000 2101.5
1142010 2101.5
1142020 2098.0
1142030 2094.1
1142040 2094.1
1142050 2089.1
1142060 2078.3
1142070 2078.3
1142080 2071.1
1142090 2064.0
1142100 2064.0
1142110 2057.7
1142120 2052.1
1142130 2052.1
1142140 2048.2
1142150 2045.2
1142160 2045.2
1142170 2041.5
1142180 2037.8
1142190 2037.8
1142200 2034.1
1142210 2029.9
1142220 2029.9
1142230 2026.0
1142240 2022.3
1142250 2019.2
1142260 2019.2
1142270 2016.3
1142280 2013.2
1142290 2013.2
1142300 2010.2
1142310 2008.0
1142320 2008.0
1142330 2007.5
1142340 2008.0
1142350 2008.0
1142360 2008.5
1142370 2009.2
1142380 2009.2
1142390 2011.0
1142400 2011.7
1142410 2011.7
1142420 2011.8
1142430 2011.4
1142440 2011.4
1142450 2011.5
1142460 2011.7
1142470 2011.7
1142480 2012.0
1142490 2012.4
1142500 2012.4
1142510 2015.2
1142520 2020.0
1142530 2025.9
1142540 2025.9
1142550 2033.8
1142560 2047.0
1142570 2047.0
1142580 2056.0
1142590 2062.8
1142600 2062.8
1142610 2069.5
1142620 2077.2
1142630 2077.2
1142640 2084.4
1142650 2089.9
1142660 2089.9
1142670 2093.6
1142680 2096.6
1142690 2096.6
1142700 2099.4
1142710 2102.1
1142720 2102.1
1142730 2105.4
1142740 2108.6
1142750 2108.6
1142760 2112.1
1142770 2116.5
1142780 2119.9
1142790 2119.9
1142800 2126.9
1142810 2132.7
1142820 2132.7
1142830 2136.6
1142840 2140.8
1142850 2140.8
1142860 2145.9
1142870 2149.3
1142880 2149.3
1142890 2152.1
1142900 2155.2
1142910 2155.2
1142920 2159.2
1142930 2164.6
1142940 2164.6
1142950 2170.6
1142960 2175.8
1142970 2175.8
1142980 2180.4
1142990 2184.9
1143000 2184.9
1143010 2190.2
1143020 2194.2
1143030 2194.2
1143040 2198.1
1143050 2200.3
1143060 2203.5
1143070 2203.5
1143080 2219.0
1143090 2231.9
1143100 2231.9
1143110 2241.0
1143120 2247.0
1143130 2247.0
1143140 2251.4
1143150 2259.7
1143160 2259.7
1143170 2268.8
1143180 2288.5
1143190 2288.5
1143200 2299.6
1143210 2308.3
1143220 2308.3
1143230 2318.0
1143240 2326.1
1143250 2326.1
1143260 2334.8
1143270 2348.0
1143280 2348.0
1143290 2362.0
1143300 2374.7
1143310 2374.7
1143320 2385.9
1143330 2395.8
1143340 2403.8
1143350 2403.8
1143360 2411.1
1143370 2416.8
1143380 2416.8
1143390 2423.4
1143400 2430.7
1143410 2430.7
1143420 2439.8
1143430 2451.1
1143440 2451.1
1143450 2459.0
1143460 2465.4
1143470 2465.4
1143480 2471.4
1143490 2477.9
1143500 2477.9
1143510 2484.5
1143520 2492.1
1143530 2492.1
1143540 2495.0
1143550 2491.5
1143560 2491.5
1143570 2494.8
1143580 2497.5
1143590 2497.5
1143600 2499.1
1143610 2500.5
1143620 2502.2
1143630 2502.2
1143640 2500.6
1143650 2497.0
1143660 2497.0
1143670 2495.7
1143680 2496.0
1143690 2496.0
1143700 2496.2
1143710 2498.9
1143720 2498.9
1143730 2505.8
1143740 2509.1
1143750 2509.1
1143760 2510.0
1143770 2514.2
1143780 2514.2
1143790 2520.5
1143800 2525.5
1143810 2525.5
1143820 2526.5
1143830 2525.2
1143840 2525.2
1143850 2525.2
1143860 2526.4
1143870 2529.7
1143880 2529.7
1143890 2535.2
1143900 2539.2
1143910 2539.2
1143920 2529.9
1143930 2532.9
1143940 2532.9
1143950 2536.9
1143960 2539.6
1143970 2539.6
1143980 2542.8
1143990 2541.8
1144000 2541.8
1144010 2531.4
1144020 2518.8
1144030 2518.8
1144040 2495.3
1144050 2478.3
1144060 2478.3
1144070 2470.2
1144080 2464.2
1144090 2464.2
1144100 2458.6
1144110 2452.5
1144120 2452.5
1144130 2444.0
1144140 2431.3
1144150 2413.4
1144160 2413.4
1144170 2400.6
1144180 2387.8
1144190 2387.8
1144200 2376.2
1144210 2365.7
1144220 2365.7
1144230 2358.8
1144240 2351.7
1144250 2351.7
1144260 2344.4
1144270 2337.5
1144280 2337.5
1144290 2332.0
1144300 2327.8
1144310 2327.8
1144320 2324.1
1144330 2320.2
1144340 2320.2
1144350 2316.6
1144360 2313.2
1144370 2313.2
1144380 2310.0
1144390 2307.2
1144400 2307.2
1144410 2304.9
1144420 2302.9
1144430 2302.3
1144440 2302.3
1144450 2302.8
1144460 2302.8
1144470 2302.8
1144480 2302.8
1144490 2302.2
1144500 2302.2
1144510 2302.8
1144520 2303.5
1144530 2303.5
1144540 2303.8
1144550 2304.4
1144560 2304.4
1144570 2305.2
1144580 2306.6
1144590 2306.6
1144600 2307.3
1144610 2306.1
1144620 2306.1
1144630 2303.5
1144640 2299.6
1144650 2299.6
1144660 2294.7
1144670 2285.3
1144680 2282.5
1144690 2282.5
1144700 2280.0
1144710 2277.2
1144720 2277.2
1144730 2273.3
1144740 2268.4
1144750 2268.4
1144760 2262.7
1144770 2258.4
1144780 2258.4
1144790 2254.1
1144800 2248.1
1144810 2248.1
1144820 2241.6
1144830 2234.9
1144840 2234.9
1144850 2228.2
1144860 2221.8
1144870 2221.8
1144880 2216.1
1144890 2211.9
1144900 2211.9
1144910 2207.8
1144920 2203.8
1144930 2203.8
1144940 2199.9
1144950 2194.8
1144960 2189.0
1144970 2189.0
1144980 2185.3
1144990 2185.1
1145000 2185.1
1145010 2183.2
1145020 2180.6
1145030 2180.6
1145040 2178.1
1145050 2173.9
1145060 2173.9
1145070 2172.6
1145080 2171.1
1145090 2171.1
1145100 2168.3
1145110 2164.8
1145120 2164.8
1145130 2161.9
1145140 2160.2
1145150 2160.2
1145160 2157.0
1145170 2153.4
1145180 2153.4
1145190 2149.2
1145200 2145.8
1145210 2145.8
1145220 2141.9
1145230 2138.0
1145240 2134.8
1145250 2134.8
1145260 2131.5
1145270 2128.9
1145280 2128.9
1145290 2126.0
1145300 2119.1
1145310 2119.1
1145320 2113.0
1145330 2109.9
1145340 2109.9
1145350 2105.6
1145360 2101.4
1145370 2101.4
1145380 2098.4
1145390 2095.4
1145400 2095.4
1145410 2089.8
1145420 2084.6
1145430 2084.6
1145440 2078.7
1145450 2072.3
1145460 2072.3
1145470 2066.5
1145480 2061.3
1145490 2061.3
1145500 2056.2
1145510 2051.7
1145520 2047.3
1145530 2047.3
1145540 2042.6
1145550 2038.8
1145560 2038.8
1145570 2034.3
1145580 2027.7
1145590 2027.7
1145600 2021.1
1145610 2015.9
1145620 2015.9
1145630 2011.7
1145640 2007.0
1145650 2007.0
1145660 2002.7
1145670 1998.6
1145680 1998.6
1145690 1994.4
1145700 1990.7
1145710 1990.7
1145720 1987.6
1145730 1984.9
1145740 1984.9
1145750 1984.0
1145760 1983.6
1145770 1980.7
1145780 1980.7
1145790 1979.3
1145800 1981.1
1145810 1981.1
1145820 1980.2
1145830 1979.5
1145840 1979.5
1145850 1980.4
1145860 1982.8
1145870 1982.8
1145880 1985.3
1145890 1985.3
1145900 1985.3
1145910 1981.7
1145920 1977.4
1145930 1977.4
1145940 1974.4
1145950 1973.9
1145960 1973.9
1145970 1972.3
1145980 1969.2
1145990 1969.2
1146000 1966.7
1146010 1965.7
1146020 1965.7
1146030 1964.6
1146040 1963.7
1146050 1963.3
1146060 1963.3
1146070 1963.2
1146080 1963.1
1146090 1963.1
1146100 1962.1
1146110 1961.0
1146120 1961.0
1146130 1960.6
1146140 1960.1
1146150 1960.1
1146160 1959.4
1146170 1966.3
1146180 1966.3
1146190 1964.8
1146200 1964.7
1146210 1964.7
1146220 1964.0
1146230 1961.8
1146240 1961.8
1146250 1958.6
1146260 1955.0
1146270 1955.0
1146280 1953.5
1146290 1953.3
1146300 1953.3
1146310 1954.7
1146320 1956.4
1146330 1957.2
1146340 1957.2
1146350 1957.3
1146360 1957.9
1146370 1957.9
1146380 1958.8
1146390 1959.4
1146400 1959.4
1146410 1959.3
1146420 1960.8
1146430 1960.8
1146440 1961.2
1146450 1962.3
1146460 1962.3
1146470 1963.9
1146480 1964.9
1146490 1964.9
1146500 1966.2
1146510 1969.5
1146520 1969.5
1146530 1977.1
1146540 1988.1
1146550 1993.0
1146560 2000.1
1146570 2007.5
1146580 2007.5
1146590 2015.2
1146600 2022.9
1146610 2028.8
1146620 2028.8
1146630 2033.2
1146640 2036.4
1146650 2036.4
1146660 2038.6
1146670 2040.7
1146680 2040.7
1146690 2041.5
1146700 2040.8
1146710 2040.8
1146720 2040.6
1146730 2041.1
1146740 2041.1
1146750 2041.5
1146760 2040.7
1146770 2040.7
1146780 2039.0
1146790 2036.8
1146800 2036.8
1146810 2035.5
1146820 2034.7
1146830 2034.7
1146840 2032.5
1146850 2029.3
1146860 2026.3
1146870 2026.3
1146880 2023.2
1146890 2020.5
1146900 2020.5
1146910 2018.0
1146920 2015.5
1146930 2023.7
1146940 2021.1
1146950 2021.0
1146960 2021.0
1146970 2019.9
1146980 2018.8
1146990 2018.8
1147000 2016.6
1147010 2016.9
1147020 2016.9
1147030 2016.1
1147040 2012.9
1147050 2012.9
1147060 2012.6
1147070 2017.3
1147080 2017.3
1147090 2020.5
1147100 2020.5
1147110 2020.5
1147120 2020.2
1147130 2019.4
1147140 2017.6
1147150 2017.6
1147160 2016.1
1147170 2015.7
1147180 2015.7
1147190 2015.6
1147200 2015.0
1147210 2015.0
1147220 2013.4
1147230 2008.2
1147240 2008.2
1147250 1998.6
1147260 1989.7
1147270 1989.7
1147280 1988.2
1147290 1984.8
1147300 1991.9
1147310 1990.6
1147320 1995.2
1147330 1995.2
1147340 2001.1
1147350 2006.6
1147360 2006.6
1147370 2006.9
1147380 2004.9
1147390 2004.9
1147400 2000.3
1147410 1996.2
1147420 1998.8
1147430 1998.8
1147440 2004.1
1147450 2004.8
1147460 2004.8
1147470 2001.5
1147480 1996.7
1147490 1996.7
1147500 1994.4
1147510 1994.2
1147520 1994.2
1147530 1993.7
1147540 1992.9
1147550 1992.9
1147560 1991.6
1147570 1988.8
1147580 1988.8
1147590 1986.3
1147600 1985.4
1147610 1985.4
1147620 1988.5
1147630 1996.2
1147640 1996.2
1147650 2005.0
1147660 2010.2
1147670 2010.2
1147680 2015.0
1147690 2012.1
1147700 2016.5
1147710 2016.5
1147720 2022.3
1147730 2024.4
1147740 2024.4
1147750 2023.0
1147760 2015.2
1147770 2015.2
1147780 2010.1
1147790 2010.4
1147800 2010.4
1147810 2021.6
1147820 2024.9
1147830 2024.9
1147840 2022.7
1147850 2028.3
1147860 2028.3
1147870 2036.5
1147880 2043.4
1147890 2043.4
1147900 2053.2
1147910 2059.3
1147920 2059.3
1147930 2063.6
1147940 2069.7
1147950 2077.9
1147960 2077.9
1147970 2088.0
1147980 2100.7
1147990 2100.7
1148000 2113.3
1148010 2121.3
1148020 2121.3
1148030 2125.6
1148040 2129.0
1148050 2129.0
1148060 2134.9
1148070 2137.6
1148080 2137.6
1148090 2140.5
1148100 2143.0
1148110 2143.0
1148120 2145.0
1148130 2146.3
1148140 2146.3
1148150 2147.3
1148160 2149.2
1148170 2149.2
1148180 2151.0
1148190 2154.8
1148200 2154.8
1148210 2159.8
1148220 2163.8
1148230 2168.3
1148240 2168.3
1148250 2173.8
1148260 2179.7
1148270 2179.7
1148280 2185.8
1148290 2194.6
1148300 2194.6
1148310 2205.6
1148320 2218.2
1148330 2218.2
1148340 2222.6
1148350 2224.4
1148360 2224.4
1148370 2224.8
1148380 2225.6
1148390 2225.6
1148400 2228.2
1148410 2228.9
1148420 2228.9
1148430 2228.8
1148440 2226.5
1148450 2226.5
1148460 2222.7
1148470 2217.7
1148480 2217.7
1148490 2212.9
1148500 2208.3
1148510 2204.1
1148520 2204.1
1148530 2197.5
1148540 2190.4
1148550 2190.4
1148560 2187.7
1148570 2186.1
1148580 2186.1
1148590 2183.7
1148600 2178.4
1148610 2178.4
1148620 2173.6
1148630 2169.9
1148640 2169.9
1148650 2166.4
1148660 2162.6
1148670 2162.6
1148680 2156.9
1148690 2150.6
1148700 2150.6
1148710 2144.9
1148720 2140.4
1148730 2140.4
1148740 2137.4
1148750 2137.0
1148760 2137.0
1148770 2135.7
1148780 2131.9
1148790 2126.7
1148800 2126.7
1148810 2121.3
1148820 2110.3
1148830 2110.3
1148840 2107.2
1148850 2104.1
1148860 2104.1
1148870 2101.2
1148880 2099.4
1148890 2099.4
1148900 2098.2
1148910 2096.9
1148920 2096.9
1148930 2095.3
1148940 2093.7
1148950 2093.7
1148960 2092.7
1148970 2091.7
1148980 2091.7
1148990 2090.7
1149000 2088.3
1149010 2088.3
1149020 2086.8
1149030 2086.5
1149040 2086.1
1149050 2086.1
1149060 2082.9
1149070 2072.2
1149080 2072.2
1149090 2062.6
1149100 2057.6
1149110 2057.6
1149120 2050.5
1149130 2033.4
1149140 2033.4
1149150 2016.8
1149160 2005.8
1149170 2005.8
1149180 1997.8
1149190 1989.9
1149200 1990.9
1149210 1982.9
1149220 1975.2
1149230 1975.2
1149240 1968.1
1149250 1963.7
1149260 1963.7
1149270 1961.3
1149280 1959.5
1149290 1959.5
1149300 1958.8
1149310 1955.9
1149320 1950.1
1149330 1950.1
1149340 1945.3
1149350 1937.4
1149360 1937.4
1149370 1928.0
1149380 1923.1
1149390 1923.1
1149400 1919.2
1149410 1914.1
1149420 1914.1
1149430 1910.3
1149440 1902.5
1149450 1902.5
1149460 1894.3
1149470 1891.6
1149480 1891.6
1149490 1887.1
1149500 1879.3
1149510 1879.3
1149520 1869.1
1149530 1866.9
1149540 1866.9
1149550 1874.0
1149560 1873.5
1149570 1873.5
1149580 1861.2
1149590 1862.3
1149600 1863.8
1149610 1863.8
1149620 1860.3
1149630 1855.1
1149640 1855.1
1149650 1848.3
1149660 1846.0
1149670 1846.0
1149680 1844.2
1149690 1841.6
1149700 1841.6
1149710 1838.1
1149720 1834.8
1149730 1834.8
1149740 1840.9
1149750 1844.4
1149760 1844.4
1149770 1845.3
1149780 1844.6
1149790 1844.6
1149800 1842.1
1149810 1837.7
1149820 1837.7
1149830 1832.5
1149840 1829.9
1149850 1829.9
1149860 1824.0
1149870 1820.8
1149880 1816.8
1149890 1816.8
1149900 1810.9
1149910 1804.6
1149920 1804.6
1149930 1800.7
1149940 1795.8
1149950 1795.8
1149960 1782.8
1149970 1778.8
1149980 1778.8
1149990 1774.1
1150000 1769.7
1150010 1769.7
1150020 1765.4
1150030 1760.2
1150040 1760.2
1150050 1755.8
1150060 1751.1
1150070 1751.1
1150080 1746.0
1150090 1738.3
1150100 1738.3
1150110 1730.7
1150120 1724.5
1150130 1717.7
1150140 1717.7
1150150 1710.5
1150160 1703.2
1150170 1703.2
1150180 1693.9
1150190 1677.5
1150200 1677.5
1150210 1664.2
1150220 1652.8
1150230 1652.8
1150240 1643.4
1150250 1633.2
1150260 1633.2
1150270 1623.3
1150280 1614.0
1150290 1614.0
1150300 1605.9
1150310 1597.9
1150320 1597.9
1150330 1588.8
1150340 1575.0
1150350 1575.0
1150360 1567.1
1150370 1559.0
1150380 1559.0
1150390 1549.5
1150400 1538.9
1150410 1528.6
1150420 1528.6
1150430 1512.1
1150440 1490.6
1150450 1490.6
1150460 1458.3
1150470 1441.8
1150480 1441.8
1150490 1426.1
1150500 1406.1
1150510 1406.1
1150520 1385.4
1150530 1376.4
1150540 1376.4
1150550 1369.4
1150560 1362.1
1150570 1362.1
1150580 1354.8
1150590 1347.8
1150600 1347.8
1150610 1341.9
1150620 1337.7
1150630 1337.7
1150640 1333.9
1150650 1329.6
1150660 1329.6
1150670 1325.4
1150680 1321.5
1150690 1316.7
1150700 1316.7
1150710 1312.1
1150720 1303.4
1150730 1303.4
1150740 1298.7
1150750 1293.8
1150760 1293.8
1150770 1289.5
1150780 1285.5
1150790 1285.5
1150800 1281.8
1150810 1277.1
1150820 1277.1
1150830 1272.4
1150840 1268.3
1150850 1268.3
1150860 1264.6
1150870 1260.9
1150880 1260.9
1150890 1257.3
1150900 1256.7
1150910 1256.7
1150920 1258.7
1150930 1265.4
1150940 1268.8
1150950 1268.8
1150960 1271.2
1150970 1273.9
1150980 1273.9
1150990 1277.4
1151000 1282.2
1151010 1282.2
1151020 1286.3
1151030 1290.7
1151040 1290.7
1151050 1295.4
1151060 1300.9
1151070 1300.9
1151080 1306.5
1151090 1311.7
1151100 1310.4
1151110 1315.6
1151120 1320.8
1151130 1320.8
1151140 1326.3
1151150 1332.0
1151160 1332.0
1151170 1337.7
1151180 1343.6
1151190 1343.6
1151200 1349.4
1151210 1355.3
1151220 1361.7
1151230 1361.7
1151240 1367.8
1151250 1373.8
1151260 1373.8
1151270 1380.1
1151280 1386.6
1151290 1386.6
1151300 1393.4
1151310 1400.7
1151320 1400.7
1151330 1407.5
1151340 1414.6
1151350 1414.6
1151360 1421.9
1151370 1429.6
1151380 1429.6
1151390 1437.4
1151400 1445.2
1151410 1445.2
1151420 1453.3
1151430 1461.5
1151440 1461.5
1151450 1469.9
1151460 1479.5
1151470 1479.5
1151480 1509.4
1151490 1533.8
1151500 1556.9
1151510 1556.9
1151520 1566.6
1151530 1574.4
1151540 1574.4
1151550 1580.3
1151560 1582.9
1151570 1582.9
1151580 1584.9
1151590 1587.4
1151600 1587.4
1151610 1590.8
1151620 1594.5
1151630 1594.5
1151640 1598.7
1151650 1602.9
1151660 1602.9
1151670 1606.9
1151680 1610.9
1151690 1610.9
1151700 1616.0
1151710 1620.8
1151720 1620.8
1151730 1624.8
1151740 1629.1
1151750 1629.1
1151760 1633.4
1151770 1638.5
1151780 1644.2
1151790 1644.2
1151800 1649.2
1151810 1654.6
1151820 1654.6
1151830 1660.1
1151840 1665.3
1151850 1665.3
1151860 1665.1
1151870 1670.0
1151880 1670.0
1151890 1674.8
1151900 1679.4
1151910 1679.4
1151920 1683.3
1151930 1686.3
1151940 1686.3
1151950 1689.6
1151960 1692.2
1151970 1692.2
1151980 1694.7
1151990 1697.1
1152000 1697.1
1152010 1700.0
1152020 1702.8
1152030 1704.9
1152040 1704.9
1152050 1706.9
1152060 1707.2
1152070 1707.2
1152080 1705.9
1152090 1703.7
1152100 1703.7
1152110 1703.3
1152120 1707.7
1152130 1707.7
1152140 1711.7
1152150 1712.8
1152160 1712.8
1152170 1712.8
1152180 1715.2
1152190 1715.2
1152200 1720.1
1152210 1723.9
1152220 1723.9
1152230 1726.7
1152240 1729.0
1152250 1719.6
1152260 1721.6
1152270 1722.9
1152280 1722.9
1152290 1724.3
1152300 1727.9
1152310 1732.7
1152320 1732.7
1152330 1738.6
1152340 1745.4
1152350 1745.4
1152360 1752.3
1152370 1760.0
1152380 1760.0
1152390 1768.0
1152400 1776.3
1152410 1776.3
1152420 1784.6
1152430 1792.5
1152440 1792.5
1152450 1800.0
1152460 1807.6
1152470 1807.6
1152480 1815.3
1152490 1822.8
1152500 1822.8
1152510 1829.1
1152520 1835.6
1152530 1835.6
1152540 1842.6
1152550 1850.1
1152560 1850.1
1152570 1857.6
1152580 1864.6
1152590 1870.8
1152600 1870.8
1152610 1876.6
1152620 1882.1
1152630 1881.4
1152640 1886.3
1152650 1892.7
1152660 1892.7
1152670 1899.3
1152680 1905.3
1152690 1905.3
1152700 1911.3
1152710 1917.6
1152720 1917.6
1152730 1924.6
1152740 1931.7
1152750 1931.7
1152760 1938.7
1152770 1945.6
1152780 1945.6
1152790 1952.1
1152800 1958.8
1152810 1958.8
1152820 1965.9
1152830 1972.6
1152840 1972.6
1152850 1978.7
1152860 1984.8
1152870 1991.0
1152880 1991.0
1152890 1996.6
1152900 2001.4
1152910 2001.4
1152920 2004.9
1152930 2007.4
1152940 2007.4
1152950 2009.6
1152960 2012.2
1152970 2012.2
1152980 2015.2
1152990 2018.3
1153000 2018.3
1153010 2017.1
1153020 2020.1
1153030 2020.1
1153040 2022.8
1153050 2025.3
1153060 2025.3
1153070 2028.0
1153080 2031.8
1153090 2031.8
1153100 2035.7
1153110 2038.1
1153120 2039.6
1153130 2039.6
1153140 2040.6
1153150 2040.1
1153160 2040.1
1153170 2040.8
1153180 2043.1
1153190 2043.1
1153200 2045.3
1153210 2046.8
1153220 2046.8
1153230 2048.0
1153240 2049.8
1153250 2049.8
1153260 2052.5
1153270 2056.0
1153280 2056.0
1153290 2065.3
1153300 2077.1
1153310 2077.1
1153320 2084.0
1153330 2089.1
1153340 2089.1
1153350 2091.9
1153360 2091.6
1153370 2091.6
1153380 2088.0
1153390 2082.4
1153400 2072.2
1153410 2072.2
1153420 2064.6
1153430 2058.8
1153440 2058.8
1153450 2055.0
1153460 2052.7
1153470 2052.7
1153480 2049.1
1153490 2045.4
1153500 2045.4
1153510 2040.0
1153520 2034.3
1153530 2034.3
1153540 2029.7
1153550 2025.1
1153560 2025.1
1153570 2020.8
1153580 2016.6
1153590 2016.6
1153600 2010.7
1153610 2004.5
1153620 2004.5
1153630 1998.9
1153640 1993.8
1153650 1993.8
1153660 1989.5
1153670 1986.0
1153680 1982.7
1153690 1982.7
1153700 1980.1
1153710 1978.5
1153720 1978.5
1153730 1976.3
1153740 1972.6
1153750 1972.6
1153760 1968.1
1153770 1963.3
1153780 1962.0
1153790 1957.8
1153800 1953.3
1153810 1953.3
1153820 1948.9
1153830 1945.7
1153840 1945.7
1153850 1944.3
1153860 1942.7
1153870 1942.7
1153880 1941.0
1153890 1940.0
1153900 1940.0
1153910 1938.4
1153920 1937.8
1153930 1938.2
1153940 1938.2
1153950 1938.8
1153960 1939.5
1153970 1939.5
1153980 1940.5
1153990 1941.1
1154000 1941.1
1154010 1940.1
1154020 1938.5
1154030 1938.5
1154040 1936.5
1154050 1934.6
1154060 1934.6
1154070 1937.2
1154080 1939.5
1154090 1939.5
1154100 1940.4
1154110 1941.1
1154120 1941.1
1154130 1942.0
1154140 1942.8
1154150 1942.8
1154160 1943.1
1154170 1936.2
1154180 1936.2
1154190 1935.0
1154200 1932.8
1154210 1930.1
1154220 1930.1
1154230 1927.1
1154240 1924.2
1154250 1924.2
1154260 1921.2
1154270 1918.0
1154280 1918.0
1154290 1915.8
1154300 1914.5
1154310 1914.5
1154320 1913.2
1154330 1911.7
1154340 1911.7
1154350 1909.9
1154360 1908.5
1154370 1908.5
1154380 1907.6
1154390 1906.5
1154400 1906.5
1154410 1905.5
1154420 1905.2
1154430 1905.2
1154440 1904.1
1154450 1902.7
1154460 1902.7
1154470 1901.1
1154480 1899.4
1154490 1897.6
1154500 1897.6
1154510 1896.3
1154520 1895.1
1154530 1895.1
1154540 1893.8
1154550 1888.4
1154560 1888.4
1154570 1886.1
1154580 1883.0
1154590 1883.0
1154600 1879.8
1154610 1877.6
1154620 1877.6
1154630 1876.8
1154640 1877.7
1154650 1877.7
1154660 1879.1
1154670 1879.9
1154680 1879.9
1154690 1880.0
1154700 1879.7
1154710 1879.7
1154720 1879.9
1154730 1881.0
1154740 1881.0
1154750 1882.3
1154760 1883.4
1154770 1884.6
1154780 1884.6
1154790 1887.2
1154800 1891.3
1154810 1891.3
1154820 1893.5
1154830 1892.6
1154840 1892.6
1154850 1889.6
1154860 1884.7
1154870 1884.7
1154880 1882.0
1154890 1874.5
1154900 1874.5
1154910 1864.7
1154920 1857.6
1154930 1857.6
1154940 1847.8
1154950 1845.4
1154960 1845.4
1154970 1843.0
1154980 1840.1
1154990 1840.1
1155000 1837.7
1155010 1835.4
1155020 1833.5
1155030 1833.5
1155040 1831.1
1155050 1828.9
1155060 1828.9
1155070 1827.0
1155080 1825.2
1155090 1825.2
1155100 1822.8
1155110 1820.4
1155120 1820.4
1155130 1817.9
1155140 1815.2
1155150 1815.2
1155160 1811.3
1155170 1807.0
1155180 1807.0
1155190 1803.5
1155200 1799.5
1155210 1799.5
1155220 1795.6
1155230 1791.6
1155240 1791.6
1155250 1787.5
1155260 1783.6
1155270 1783.6
1155280 1780.2
1155290 1777.2
1155300 1774.3
1155310 1774.3
1155320 1771.4
1155330 1764.4
1155340 1764.4
1155350 1760.5
1155360 1756.9
1155370 1756.9
1155380 1753.3
1155390 1749.6
1155400 1749.6
1155410 1745.7
1155420 1741.8
1155430 1741.8
1155440 1737.4
1155450 1733.0
1155460 1733.0
1155470 1728.8
1155480 1724.1
1155490 1724.1
1155500 1719.6
1155510 1716.1
1155520 1716.1
1155530 1713.4
1155540 1709.7
1155550 1709.7
1155560 1705.3
1155570 1700.8
1155580 1695.9
1155590 1695.9
1155600 1690.6
1155610 1685.0
1155620 1685.0
1155630 1679.3
1155640 1674.2
1155650 1674.2
1155660 1669.5
1155670 1665.3
1155680 1665.3
1155690 1660.9
1155700 1656.5
1155710 1652.8
1155720 1647.5
1155730 1641.2
1155740 1641.2
1155750 1635.1
1155760 1629.7
1155770 1629.7
1155780 1624.5
1155790 1619.2
1155800 1619.2
1155810 1613.3
1155820 1607.4
1155830 1607.4
1155840 1601.7
1155850 1596.5
1155860 1591.8
1155870 1591.8
1155880 1587.1
1155890 1582.0
1155900 1582.0
1155910 1576.7
1155920 1571.0
1155930 1571.0
1155940 1565.3
1155950 1559.0
1155960 1559.0
1155970 1552.2
1155980 1545.5
1155990 1545.5
1156000 1539.0
1156010 1532.2
1156020 1532.2
1156030 1524.2
1156040 1514.9
1156050 1514.9
1156060 1504.8
1156070 1493.8
1156080 1493.8
1156090 1481.9
1156100 1471.6
1156110 1458.3
1156120 1458.3
1156130 1447.3
1156140 1439.0
1156150 1439.0
1156160 1445.7
1156170 1458.6
1156180 1458.6
1156190 1471.6
1156200 1479.1
1156210 1479.1
1156220 1484.3
1156230 1490.0
1156240 1490.0
1156250 1495.5
1156260 1501.1
1156270 1501.1
1156280 1509.1
1156290 1516.5
1156300 1516.5
1156310 1523.3
1156320 1529.4
1156330 1529.4
1156340 1533.4
1156350 1535.7
1156360 1535.7
1156370 1536.9
1156380 1537.5
1156390 1537.6
1156400 1537.6
1156410 1537.5
1156420 1537.0
1156430 1537.0
1156440 1536.3
1156450 1534.9
1156460 1534.9
1156470 1533.5
1156480 1531.8
1156490 1525.7
1156500 1524.1
1156510 1522.5
1156520 1522.5
1156530 1521.3
1156540 1520.7
1156550 1520.7
1156560 1520.3
1156570 1520.0
1156580 1520.0
1156590 1520.0
1156600 1520.1
1156610 1520.1
1156620 1520.4
1156630 1520.6
1156640 1520.6
1156650 1520.6
1156660 1520.3
1156670 1519.3
1156680 1519.3
1156690 1517.7
1156700 1515.5
1156710 1515.5
1156720 1513.1
1156730 1510.1
1156740 1510.1
1156750 1507.2
1156760 1504.3
1156770 1504.3
1156780 1500.9
1156790 1497.1
1156800 1497.1
1156810 1493.1
1156820 1489.0
1156830 1489.0
1156840 1485.3
1156850 1481.6
1156860 1481.6
1156870 1477.7
1156880 1468.3
1156890 1468.3
1156900 1464.4
1156910 1460.4
1156920 1456.9
1156930 1456.9
1156940 1453.9
1156950 1450.5
1156960 1450.5
1156970 1446.9
1156980 1444.4
1156990 1444.4
1157000 1441.8
1157010 1438.7
1157020 1438.7
1157030 1435.5
1157040 1433.9
1157050 1433.9
1157060 1431.9
1157070 1430.0
1157080 1430.0
1157090 1428.9
1157100 1426.9
1157110 1426.9
1157120 1425.0
1157130 1424.0
1157140 1424.0
1157150 1423.4
1157160 1422.2
1157170 1422.2
1157180 1420.6
1157190 1419.6
1157200 1418.9
1157210 1418.9
1157220 1417.4
1157230 1416.2
1157240 1416.2
1157250 1415.4
1157260 1414.7
1157270 1411.4
1157280 1411.1
1157290 1410.5
1157300 1410.5
1157310 1409.8
1157320 1408.4
1157330 1408.4
1157340 1406.1
1157350 1403.5
1157360 1403.5
1157370 1401.3
1157380 1399.6
1157390 1399.6
1157400 1398.1
1157410 1397.1
1157420 1397.1
1157430 1396.6
1157440 1396.1
1157450 1396.1
1157460 1396.1
1157470 1396.4
1157480 1396.7
1157490 1396.7
1157500 1396.9
1157510 1395.9
1157520 1395.9
1157530 1394.1
1157540 1392.6
1157550 1392.6
1157560 1391.2
1157570 1389.7
1157580 1389.7
1157590 1387.9
1157600 1386.0
1157610 1386.0
1157620 1384.4
1157630 1382.8
1157640 1382.8
1157650 1381.3
1157660 1378.4
1157670 1378.4
1157680 1377.1
1157690 1375.5
1157700 1375.5
1157710 1374.5
1157720 1374.7
1157730 1374.7
1157740 1376.8
1157750 1380.6
1157760 1384.9
1157770 1384.9
1157780 1389.4
1157790 1391.1
1157800 1391.1
1157810 1392.0
1157820 1392.9
1157830 1392.9
1157840 1393.0
1157850 1393.0
1157860 1393.0
1157870 1393.3
1157880 1395.1
1157890 1395.1
1157900 1396.4
1157910 1396.3
1157920 1396.3
1157930 1395.3
1157940 1393.2
1157950 1393.2
1157960 1388.7
1157970 1381.3
1157980 1381.3
1157990 1372.3
1158000 1360.9
1158010 1351.5
1158020 1351.5
1158030 1349.1
1158040 1339.1
1158050 1339.1
1158060 1337.4
1158070 1334.4
1158080 1334.4
1158090 1330.7
1158100 1324.9
1158110 1324.9
1158120 1317.6
1158130 1312.6
1158140 1312.6
1158150 1308.8
1158160 1306.9
1158170 1306.9
1158180 1306.2
1158190 1304.6
1158200 1304.6
1158210 1302.2
1158220 1297.3
1158230 1297.3
1158240 1289.8
1158250 1284.2
1158260 1284.2
1158270 1279.5
1158280 1274.7
1158290 1269.9
1158300 1269.9
1158310 1262.6
1158320 1257.1
1158330 1257.1
1158340 1252.0
1158350 1248.1
1158360 1248.1
1158370 1243.9
1158380 1241.5
1158390 1241.5
1158400 1239.8
1158410 1236.1
1158420 1236.1
1158430 1216.3
1158440 1205.4
1158450 1205.4
1158460 1199.6
1158470 1197.5
1158480 1197.5
1158490 1193.3
1158500 1187.7
1158510 1187.7
1158520 1182.6
1158530 1177.5
1158540 1177.5
1158550 1172.1
1158560 1166.2
1158570 1158.8
1158580 1158.8
1158590 1145.9
1158600 1133.5
1158610 1133.5
1158620 1127.1
1158630 1121.8
1158640 1121.8
1158650 1118.7
1158660 1114.4
1158670 1114.4
1158680 1112.5
1158690 1110.9
1158700 1110.9
1158710 1101.5
1158720 1092.3
1158730 1092.3
1158740 1087.3
1158750 1083.0
1158760 1083.0
1158770 1080.6
1158780 1078.7
1158790 1078.7
1158800 1076.3
1158810 1071.5
1158820 1067.6
1158830 1061.5
1158840 1058.2
1158850 1054.5
1158860 1054.5
1158870 1051.6
1158880 1050.1
1158890 1050.1
1158900 1049.7
1158910 1049.5
1158920 1049.5
1158930 1049.3
1158940 1049.2
1158950 1049.2
1158960 1048.9
1158970 1047.3
1158980 1047.3
1158990 1046.9
1159000 1047.0
1159010 1047.0
1159020 1046.7
1159030 1046.3
1159040 1046.3
1159050 1046.5
1159060 1046.7
1159070 1046.7
1159080 1046.8
1159090 1046.8
1159100 1046.7
1159110 1046.7
1159120 1046.6
1159130 1046.7
1159140 1046.7
1159150 1046.8
1159160 1046.8
1159170 1046.8
1159180 1046.8
1159190 1046.7
1159200 1046.7
1159210 1046.4
1159220 1046.4
1159230 1046.4
1159240 1046.5
1159250 1046.2
1159260 1046.2
1159270 1045.1
1159280 1043.6
1159290 1043.6
1159300 1043.7
1159310 1043.9
1159320 1043.9
1159330 1044.2
1159340 1045.3
1159350 1045.3
1159360 1046.8
1159370 1046.4
1159380 1045.9
1159390 1045.9
1159400 1046.0
1159410 1046.2
1159420 1046.2
1159430 1046.3
1159440 1046.4
1159450 1046.4
1159460 1046.3
1159470 1046.2
1159480 1046.2
1159490 1046.0
1159500 1046.0
1159510 1046.0
1159520 1045.9
1159530 1045.9
1159540 1045.9
1159550 1045.8
1159560 1045.8
1159570 1045.8
1159580 1045.8
1159590 1045.8
1159600 1045.8
1159610 1045.7
1159620 1045.4
1159630 1045.4
1159640 1045.1
1159650 1044.8
1159660 1044.6
1159670 1044.6
1159680 1045.3
1159690 1045.7
1159700 1045.7
1159710 1045.6
1159720 1045.5
1159730 1045.5
1159740 1045.3
1159750 1045.5
1159760 1045.5
1159770 1045.5
1159780 1045.3
1159790 1045.3
1159800 1045.2
1159810 1045.0
1159820 1045.0
1159830 1044.9
1159840 1044.8
1159850 1044.8
1159860 1044.8
1159870 1044.7
1159880 1044.7
1159890 1044.6
1159900 1044.5
1159910 1044.4
1159920 1044.4
1159930 1044.3
1159940 1044.2
1159950 1044.2
1159960 1044.1
1159970 1044.0
1159980 1044.0
1159990 1043.9
