1140000 2021.0
1140010 2021.0
1140020 2030.0
1140030 2039.8
1140040 2039.8
1140050 2048.5
1140060 2054.1
1140070 2054.1
1140080 2064.0
1140090 2071.4
1140100 2071.4
1140110 2075.1
1140120 2078.1
1140130 2078.1
1140140 2083.2
1140150 2089.6
1140160 2094.8
1140170 2094.8
1140180 2098.6
1140190 2106.2
1140200 2106.2
1140210 2115.6
1140220 2125.0
1140230 2125.0
1140240 2134.2
1140250 2143.6
1140260 2143.6
1140270 2151.7
1140280 2160.1
1140290 2160.1
1140300 2173.2
1140310 2189.9
1140320 2189.9
1140330 2214.0
1140340 2226.8
1140350 2226.8
1140360 2241.9
1140370 2261.6
1140380 2261.6
1140390 2275.2
1140400 2288.2
1140410 2288.2
1140420 2294.8
1140430 2303.1
1140440 2316.6
1140450 2316.6
1140460 2328.8
1140470 2347.2
1140480 2347.2
1140490 2364.1
1140500 2374.9
1140510 2374.9
1140520 2382.0
1140530 2366.1
1140540 2366.1
1140550 2355.8
1140560 2349.0
1140570 2349.0
1140580 2327.0
1140590 2306.8
1140600 2306.8
1140610 2304.3
1140620 2303.7
1140630 2303.7
1140640 2305.0
1140650 2311.4
1140660 2311.4
1140670 2310.5
1140680 2298.2
1140690 2279.1
1140700 2290.5
1140710 2273.9
1140720 2262.9
1140730 2262.9
1140740 2255.0
1140750 2249.5
1140760 2249.5
1140770 2244.3
1140780 2238.5
1140790 2238.5
1140800 2234.5
1140810 2231.2
1140820 2231.2
1140830 2228.3
1140840 2225.9
1140850 2225.9
1140860 2226.7
1140870 2231.6
1140880 2231.6
1140890 2236.6
1140900 2239.2
1140910 2239.2
1140920 2243.3
1140930 2248.2
1140940 2248.2
1140950 2251.5
1140960 2255.0
1140970 2258.8
1140980 2258.8
1140990 2261.0
1141000 2261.5
1141010 2261.5
1141020 2264.3
1141030 2267.1
1141040 2267.1
1141050 2269.0
1141060 2269.3
1141070 2275.2
1141080 2273.2
1141090 2270.4
1141100 2270.4
1141110 2265.3
1141120 2258.6
1141130 2258.6
1141140 2255.2
1141150 2254.1
1141160 2254.1
1141170 2256.0
1141180 2259.2
1141190 2259.2
1141200 2262.6
1141210 2265.2
1141220 2265.2
1141230 2267.3
1141240 2269.4
1141250 2291.0
1141260 2291.0
1141270 2323.6
1141280 2337.0
1141290 2337.0
1141300 2344.2
1141310 2355.5
1141320 2355.5
1141330 2366.5
1141340 2374.5
1141350 2374.5
1141360 2382.7
1141370 2390.3
1141380 2390.3
1141390 2398.4
1141400 2405.2
1141410 2405.2
1141420 2412.2
1141430 2417.9
1141440 2423.8
1141450 2431.8
1141460 2437.8
1141470 2437.8
1141480 2444.6
1141490 2450.0
1141500 2450.0
1141510 2451.8
1141520 2447.7
1141530 2443.5
1141540 2443.5
1141550 2440.2
1141560 2436.0
1141570 2436.0
1141580 2431.8
1141590 2425.2
1141600 2425.2
1141610 2420.4
1141620 2419.9
1141630 2419.9
1141640 2421.3
1141650 2414.5
1141660 2414.5
1141670 2403.9
1141680 2401.4
1141690 2401.4
1141700 2399.1
1141710 2397.2
1141720 2397.2
1141730 2394.4
1141740 2391.6
1141750 2391.6
1141760 2392.1
1141770 2394.6
1141780 2396.5
1141790 2396.5
1141800 2393.8
1141810 2381.7
1141820 2381.7
1141830 2363.8
1141840 2353.9
1141850 2353.9
1141860 2347.7
1141870 2339.3
1141880 2339.3
1141890 2333.4
1141900 2321.7
1141910 2321.7
1141920 2308.9
1141930 2299.5
1141940 2299.5
1141950 2292.3
1141960 2289.9
1141970 2289.9
1141980 2289.7
1141990 2286.2
1142000 2286.2
1142010 2281.1
1142020 2276.2
1142030 2276.2
1142040 2269.4
1142050 2261.4
1142060 2258.3
1142070 2258.3
1142080 2256.9
1142090 2252.6
1142100 2252.6
1142110 2245.2
1142120 2239.1
1142130 2239.1
1142140 2228.1
1142150 2214.9
1142160 2214.9
1142170 2202.1
1142180 2179.1
1142190 2179.1
1142200 2169.7
1142210 2163.9
1142220 2163.9
1142230 2159.7
1142240 2155.8
1142250 2155.8
1142260 2151.3
1142270 2146.3
1142280 2146.3
1142290 2142.3
1142300 2139.5
1142310 2139.5
1142320 2137.5
1142330 2134.1
1142340 2128.1
1142350 2128.1
1142360 2124.1
1142370 2119.7
1142380 2119.7
1142390 2114.2
1142400 2109.5
1142410 2109.5
1142420 2104.6
1142430 2101.4
1142440 2101.4
1142450 2098.3
1142460 2095.2
1142470 2095.2
1142480 2094.8
1142490 2093.5
1142500 2093.5
1142510 2091.5
1142520 2089.9
1142530 2089.9
1142540 2088.9
1142550 2087.2
1142560 2082.2
1142570 2080.5
1142580 2078.7
1142590 2078.7
1142600 2076.3
1142610 2074.1
1142620 2072.0
1142630 2072.0
1142640 2069.7
1142650 2068.0
1142660 2068.0
1142670 2065.8
1142680 2064.5
1142690 2064.5
1142700 2063.1
1142710 2062.6
1142720 2062.6
1142730 2063.6
1142740 2064.4
1142750 2064.4
1142760 2064.5
1142770 2065.1
1142780 2065.1
1142790 2065.7
1142800 2066.4
1142810 2066.4
1142820 2068.2
1142830 2069.9
1142840 2069.9
1142850 2072.8
1142860 2076.6
1142870 2081.0
1142880 2081.0
1142890 2084.6
1142900 2087.5
1142910 2087.5
1142920 2089.2
1142930 2094.4
1142940 2094.4
1142950 2096.1
1142960 2096.2
1142970 2096.2
1142980 2096.9
1142990 2098.6
1143000 2098.6
1143010 2101.4
1143020 2105.1
1143030 2105.1
1143040 2107.8
1143050 2110.6
1143060 2110.6
1143070 2114.1
1143080 2117.7
1143090 2117.7
1143100 2121.2
1143110 2124.0
1143120 2124.0
1143130 2127.1
1143140 2130.6
1143150 2134.9
1143160 2134.9
1143170 2138.6
1143180 2142.5
1143190 2142.5
1143200 2146.4
1143210 2150.8
1143220 2150.8
1143230 2155.3
1143240 2160.0
1143250 2160.0
1143260 2165.8
1143270 2171.8
1143280 2171.8
1143290 2177.6
1143300 2184.8
1143310 2184.8
1143320 2190.5
1143330 2197.2
1143340 2197.2
1143350 2205.0
1143360 2211.9
1143370 2211.9
1143380 2226.7
1143390 2259.8
1143400 2259.8
1143410 2285.0
1143420 2297.3
1143430 2329.6
1143440 2329.6
1143450 2350.0
1143460 2363.9
1143470 2363.9
1143480 2375.9
1143490 2390.6
1143500 2390.6
1143510 2400.7
1143520 2408.5
1143530 2408.5
1143540 2417.1
1143550 2426.0
1143560 2426.0
1143570 2436.7
1143580 2450.1
1143590 2450.1
1143600 2463.1
1143610 2474.4
1143620 2474.4
1143630 2481.4
1143640 2491.0
1143650 2491.0
1143660 2502.8
1143670 2508.5
1143680 2508.5
1143690 2529.2
1143700 2544.4
1143710 2552.0
1143720 2552.0
1143730 2558.3
1143740 2565.7
1143750 2565.7
1143760 2571.5
1143770 2579.0
1143780 2579.0
1143790 2583.8
1143800 2587.6
1143810 2587.6
1143820 2590.5
1143830 2591.8
1143840 2591.8
1143850 2592.6
1143860 2593.9
1143870 2593.9
1143880 2595.2
1143890 2595.7
1143900 2595.7
1143910 2596.1
1143920 2597.0
1143930 2597.0
1143940 2599.2
1143950 2601.8
1143960 2601.8
1143970 2604.9
1143980 2608.8
1143990 2614.5
1144000 2614.5
1144010 2616.8
1144020 2621.2
1144030 2621.2
1144040 2629.3
1144050 2635.3
1144060 2635.3
1144070 2629.9
1144080 2627.9
1144090 2627.9
1144100 2627.4
1144110 2619.6
1144120 2619.6
1144130 2604.6
1144140 2565.4
1144150 2565.4
1144160 2545.9
1144170 2542.7
1144180 2542.7
1144190 2540.8
1144200 2522.6
1144210 2522.6
1144220 2483.2
1144230 2466.7
1144240 2449.0
1144250 2449.0
1144260 2433.6
1144270 2420.3
1144280 2420.3
1144290 2412.2
1144300 2403.6
1144310 2403.6
1144320 2394.2
1144330 2387.8
1144340 2387.8
1144350 2382.4
1144360 2378.0
1144370 2378.0
1144380 2374.5
1144390 2371.4
1144400 2371.4
1144410 2367.3
1144420 2359.2
1144430 2359.2
1144440 2355.4
1144450 2354.3
1144460 2354.3
1144470 2354.0
1144480 2350.6
1144490 2350.6
1144500 2348.2
1144510 2349.9
1144520 2349.3
1144530 2349.3
1144540 2347.7
1144550 2345.5
1144560 2345.5
1144570 2341.9
1144580 2340.0
1144590 2340.0
1144600 2337.2
1144610 2333.7
1144620 2333.7
1144630 2330.4
1144640 2327.0
1144650 2327.0
1144660 2322.6
1144670 2319.0
1144680 2319.0
1144690 2317.2
1144700 2316.7
1144710 2316.7
1144720 2315.9
1144730 2314.8
1144740 2314.8
1144750 2313.6
1144760 2311.4
1144770 2311.4
1144780 2307.5
1144790 2302.2
1144800 2292.0
1144810 2292.0
1144820 2283.6
1144830 2277.6
1144840 2277.6
1144850 2274.4
1144860 2272.3
1144870 2272.3
1144880 2270.1
1144890 2268.7
1144900 2268.7
1144910 2267.1
1144920 2264.5
1144930 2264.5
1144940 2261.0
1144950 2259.0
1144960 2259.0
1144970 2259.3
1144980 2258.0
1144990 2258.0
1145000 2254.8
1145010 2250.2
1145020 2250.2
1145030 2246.8
1145040 2243.8
1145050 2243.8
1145060 2238.5
1145070 2234.1
1145080 2230.0
1145090 2230.0
1145100 2225.3
1145110 2221.5
1145120 2221.5
1145130 2218.1
1145140 2216.7
1145150 2216.7
1145160 2214.7
1145170 2200.6
1145180 2200.6
1145190 2194.5
1145200 2189.4
1145210 2189.4
1145220 2185.1
1145230 2180.5
1145240 2180.5
1145250 2175.7
1145260 2171.2
1145270 2171.2
1145280 2166.6
1145290 2156.9
1145300 2156.9
1145310 2151.8
1145320 2148.3
1145330 2145.7
1145340 2145.7
1145350 2144.1
1145360 2144.2
1145370 2144.2
1145380 2144.8
1145390 2145.3
1145400 2145.3
1145410 2145.2
1145420 2143.4
1145430 2143.4
1145440 2141.4
1145450 2140.2
1145460 2140.2
1145470 2137.5
1145480 2134.1
1145490 2134.1
1145500 2130.8
1145510 2126.8
1145520 2126.8
1145530 2123.6
1145540 2120.1
1145550 2115.0
1145560 2110.3
1145570 2102.6
1145580 2102.6
1145590 2096.4
1145600 2095.6
1145610 2094.5
1145620 2094.5
1145630 2091.7
1145640 2086.1
1145650 2086.1
1145660 2079.6
1145670 2073.8
1145680 2073.8
1145690 2070.6
1145700 2066.5
1145710 2066.5
1145720 2064.7
1145730 2061.0
1145740 2061.0
1145750 2055.8
1145760 2051.2
1145770 2051.2
1145780 2046.8
1145790 2041.4
1145800 2041.4
1145810 2036.2
1145820 2029.4
1145830 2029.4
1145840 2024.8
1145850 2022.9
1145860 2022.9
1145870 2021.1
1145880 2020.5
1145890 2019.4
1145900 2019.4
1145910 2016.9
1145920 2007.7
1145930 2007.7
1145940 2005.3
1145950 2003.3
1145960 2003.3
1145970 2001.2
1145980 1999.3
1145990 1999.3
1146000 1997.9
1146010 1995.7
1146020 1995.7
1146030 1994.7
1146040 1994.5
1146050 1994.5
1146060 1995.5
1146070 1997.9
1146080 1997.9
1146090 2003.0
1146100 2003.7
1146110 2003.7
1146120 2004.1
1146130 2003.8
1146140 2003.8
1146150 2003.3
1146160 2002.7
1146170 2001.6
1146180 2001.6
1146190 1997.0
1146200 1991.9
1146210 1991.9
1146220 1987.3
1146230 1983.1
1146240 1983.1
1146250 1979.8
1146260 1976.6
1146270 1976.6
1146280 1972.5
1146290 1969.0
1146300 1965.2
1146310 1962.4
1146320 1960.2
1146330 1960.2
1146340 1957.4
1146350 1954.6
1146360 1954.6
1146370 1951.9
1146380 1950.8
1146390 1950.8
1146400 1951.7
1146410 1953.2
1146420 1953.9
1146430 1953.9
1146440 1955.4
1146450 1958.8
1146460 1958.8
1146470 1958.7
1146480 1957.4
1146490 1957.4
1146500 1953.7
1146510 1947.0
1146520 1947.0
1146530 1940.1
1146540 1933.2
1146550 1933.2
1146560 1927.2
1146570 1921.2
1146580 1921.2
1146590 1913.7
1146600 1905.4
1146610 1905.4
1146620 1898.7
1146630 1892.2
1146640 1892.2
1146650 1885.9
1146660 1881.3
1146670 1881.5
1146680 1875.9
1146690 1871.6
1146700 1868.1
1146710 1868.1
1146720 1866.4
1146730 1866.6
1146740 1866.6
1146750 1868.7
1146760 1872.6
1146770 1872.6
1146780 1879.2
1146790 1885.3
1146800 1885.3
1146810 1885.9
1146820 1885.7
1146830 1885.7
1146840 1885.4
1146850 1884.7
1146860 1884.7
1146870 1885.5
1146880 1887.2
1146890 1887.2
1146900 1887.8
1146910 1888.6
1146920 1888.6
1146930 1888.3
1146940 1886.5
1146950 1886.5
1146960 1885.8
1146970 1885.9
1146980 1885.2
1146990 1885.2
1147000 1883.6
1147010 1881.6
1147020 1881.6
1147030 1877.7
1147040 1872.1
1147050 1876.8
1147060 1868.8
1147070 1866.1
1147080 1866.1
1147090 1864.2
1147100 1861.4
1147110 1861.4
1147120 1858.2
1147130 1856.1
1147140 1856.1
1147150 1853.5
1147160 1849.4
1147170 1849.4
1147180 1846.3
1147190 1843.3
1147200 1843.3
1147210 1840.9
1147220 1838.6
1147230 1838.6
1147240 1836.0
1147250 1834.8
1147260 1835.2
1147270 1835.2
1147280 1835.6
1147290 1835.2
1147300 1835.2
1147310 1835.4
1147320 1835.4
1147330 1835.4
1147340 1834.8
1147350 1834.5
1147360 1834.5
1147370 1834.3
1147380 1833.9
1147390 1833.9
1147400 1832.1
1147410 1832.5
1147420 1832.5
1147430 1836.7
1147440 1836.5
1147450 1836.5
1147460 1837.6
1147470 1839.5
1147480 1839.5
1147490 1841.5
1147500 1842.8
1147510 1844.0
1147520 1844.0
1147530 1845.2
1147540 1846.4
1147550 1846.4
1147560 1847.3
1147570 1846.9
1147580 1846.9
1147590 1842.9
1147600 1846.0
1147610 1846.0
1147620 1849.1
1147630 1852.0
1147640 1852.0
1147650 1855.7
1147660 1859.5
1147670 1859.5
1147680 1862.4
1147690 1865.0
1147700 1865.0
1147710 1866.7
1147720 1868.1
1147730 1868.1
1147740 1869.9
1147750 1872.2
1147760 1872.2
1147770 1874.5
1147780 1875.2
1147790 1873.4
1147800 1873.4
1147810 1876.3
1147820 1878.0
1147830 1878.0
1147840 1883.7
1147850 1886.8
1147860 1886.8
1147870 1889.1
1147880 1891.9
1147890 1891.9
1147900 1891.8
1147910 1892.9
1147920 1892.9
1147930 1898.3
1147940 1903.5
1147950 1903.5
1147960 1909.1
1147970 1915.1
1147980 1915.1
1147990 1921.5
1148000 1927.9
1148010 1927.9
1148020 1934.3
1148030 1940.4
1148040 1940.4
1148050 1946.2
1148060 1952.9
1148070 1963.2
1148080 1963.2
1148090 1974.3
1148100 1984.3
1148110 1984.3
1148120 1989.6
1148130 1994.9
1148140 1994.9
1148150 2000.3
1148160 2001.2
1148170 2001.2
1148180 2002.0
1148190 2010.1
1148200 2010.1
1148210 2011.2
1148220 2012.6
1148230 2012.6
1148240 2015.9
1148250 2023.4
1148260 2023.4
1148270 2030.8
1148280 2035.1
1148290 2035.1
1148300 2039.7
1148310 2042.9
1148320 2042.9
1148330 2045.7
1148340 2045.0
1148350 2045.7
1148360 2045.7
1148370 2048.6
1148380 2050.9
1148390 2050.9
1148400 2052.8
1148410 2057.0
1148420 2057.0
1148430 2058.8
1148440 2059.5
1148450 2059.5
1148460 2058.2
1148470 2057.6
1148480 2057.6
1148490 2058.1
1148500 2059.0
1148510 2059.0
1148520 2059.9
1148530 2061.8
1148540 2061.8
1148550 2063.1
1148560 2069.7
1148570 2069.7
1148580 2072.1
1148590 2076.0
1148600 2080.6
1148610 2080.6
1148620 2088.7
1148630 2095.9
1148640 2095.9
1148650 2102.9
1148660 2108.2
1148670 2108.2
1148680 2111.4
1148690 2113.4
1148700 2113.4
1148710 2115.3
1148720 2118.9
1148730 2118.9
1148740 2121.7
1148750 2124.2
1148760 2124.2
1148770 2130.5
1148780 2136.6
1148790 2136.6
1148800 2140.7
1148810 2145.2
1148820 2145.2
1148830 2150.8
1148840 2156.5
1148850 2156.5
1148860 2161.2
1148870 2163.0
1148880 2161.9
1148890 2161.9
1148900 2158.6
1148910 2154.3
1148920 2154.3
1148930 2149.3
1148940 2147.8
1148950 2147.8
1148960 2146.3
1148970 2142.9
1148980 2142.9
1148990 2139.1
1149000 2135.9
1149010 2135.9
1149020 2131.4
1149030 2126.1
1149040 2126.1
1149050 2121.0
1149060 2116.7
1149070 2116.7
1149080 2112.9
1149090 2108.8
1149100 2108.8
1149110 2105.3
1149120 2102.9
1149130 2102.9
1149140 2100.1
1149150 2096.9
1149160 2094.0
1149170 2094.0
1149180 2089.4
1149190 2084.8
1149200 2084.8
1149210 2080.3
1149220 2076.7
1149230 2076.7
1149240 2074.0
1149250 2069.9
1149260 2069.9
1149270 2066.2
1149280 2061.9
1149290 2061.9
1149300 2057.9
1149310 2054.9
1149320 2054.7
1149330 2052.3
1149340 2049.5
1149350 2049.5
1149360 2046.0
1149370 2043.5
1149380 2043.5
1149390 2041.2
1149400 2043.2
1149410 2043.2
1149420 2047.4
1149430 2047.3
1149440 2047.7
1149450 2047.7
1149460 2048.9
1149470 2048.8
1149480 2048.8
1149490 2046.9
1149500 2045.1
1149510 2045.1
1149520 2043.1
1149530 2041.5
1149540 2041.5
1149550 2040.3
1149560 2039.6
1149570 2039.6
1149580 2038.9
1149590 2036.4
1149600 2036.4
1149610 2033.6
1149620 2030.3
1149630 2030.3
1149640 2025.2
1149650 2020.6
1149660 2020.6
1149670 2014.3
1149680 2006.6
1149690 1997.7
1149700 1997.6
1149710 1987.8
1149720 1971.1
1149730 1971.1
1149740 1953.1
1149750 1943.4
1149760 1943.4
1149770 1929.1
1149780 1916.2
1149790 1916.2
1149800 1911.6
1149810 1907.8
1149820 1907.8
1149830 1904.0
1149840 1898.2
1149850 1898.2
1149860 1881.1
1149870 1861.2
1149880 1861.2
1149890 1845.2
1149900 1835.5
1149910 1835.5
1149920 1828.1
1149930 1822.4
1149940 1822.4
1149950 1816.0
1149960 1805.6
1149970 1796.5
1149980 1796.5
1149990 1791.1
1150000 1787.0
1150010 1787.0
1150020 1782.2
1150030 1783.3
1150040 1783.3
1150050 1784.6
1150060 1780.9
1150070 1780.9
1150080 1748.1
1150090 1738.8
1150100 1738.8
1150110 1729.2
1150120 1712.4
1150130 1712.4
1150140 1703.3
1150150 1693.2
1150160 1693.2
1150170 1681.5
1150180 1665.8
1150190 1665.8
1150200 1645.8
1150210 1635.7
1150220 1635.7
1150230 1611.4
1150240 1596.2
1150250 1580.4
1150260 1580.4
1150270 1567.4
1150280 1556.6
1150290 1556.6
1150300 1537.6
1150310 1514.6
1150320 1514.6
1150330 1486.7
1150340 1478.2
1150350 1478.2
1150360 1469.0
1150370 1459.9
1150380 1459.9
1150390 1454.1
1150400 1448.5
1150410 1448.5
1150420 1441.4
1150430 1434.3
1150440 1434.3
1150450 1427.6
1150460 1422.2
1150470 1422.2
1150480 1415.3
1150490 1408.3
1150500 1408.3
1150510 1401.6
1150520 1395.1
1150530 1388.7
1150540 1388.7
1150550 1382.3
1150560 1375.8
1150570 1375.8
1150580 1369.4
1150590 1362.9
1150600 1362.9
1150610 1356.4
1150620 1349.9
1150630 1349.9
1150640 1343.5
1150650 1337.0
1150660 1337.0
1150670 1330.4
1150680 1324.0
1150690 1324.0
1150700 1317.6
1150710 1311.4
1150720 1311.4
1150730 1305.6
1150740 1300.0
1150750 1300.0
1150760 1294.7
1150770 1289.6
1150780 1284.4
1150790 1284.4
1150800 1278.6
1150810 1272.9
1150820 1272.9
1150830 1266.7
1150840 1262.8
1150850 1262.6
1150860 1262.9
1150870 1263.8
1150880 1263.8
1150890 1265.7
1150900 1268.1
1150910 1268.1
1150920 1271.5
1150930 1275.5
1150940 1275.5
1150950 1280.0
1150960 1285.5
1150970 1285.5
1150980 1291.3
1150990 1296.8
1151000 1296.8
1151010 1302.6
1151020 1308.0
1151030 1308.0
1151040 1312.4
1151050 1316.8
1151060 1322.2
1151070 1322.2
1151080 1328.3
1151090 1336.0
1151100 1336.0
1151110 1344.7
1151120 1352.7
1151130 1352.7
1151140 1362.3
1151150 1383.4
1151160 1383.4
1151170 1406.1
1151180 1421.4
1151190 1421.4
1151200 1433.0
1151210 1443.0
1151220 1443.0
1151230 1450.3
1151240 1462.0
1151250 1462.0
1151260 1474.9
1151270 1484.2
1151280 1484.2
1151290 1492.8
1151300 1503.2
1151310 1503.2
1151320 1515.0
1151330 1524.1
1151340 1530.8
1151350 1530.8
1151360 1537.0
1151370 1544.1
1151380 1544.1
1151390 1552.2
1151400 1560.3
1151410 1560.3
1151420 1568.2
1151430 1576.5
1151440 1576.5
1151450 1585.0
1151460 1593.3
1151470 1593.3
1151480 1599.2
1151490 1601.3
1151500 1601.3
1151510 1602.6
1151520 1604.2
1151530 1604.2
1151540 1606.1
1151550 1608.3
1151560 1608.3
1151570 1612.1
1151580 1617.9
1151590 1617.9
1151600 1624.0
1151610 1641.6
1151620 1659.7
1151630 1659.7
1151640 1673.7
1151650 1684.2
1151660 1684.2
1151670 1693.5
1151680 1702.0
1151690 1702.0
1151700 1705.2
1151710 1704.8
1151720 1704.8
1151730 1707.1
1151740 1711.4
1151750 1711.4
1151760 1715.2
1151770 1718.1
1151780 1718.1
1151790 1721.4
1151800 1724.2
1151810 1724.2
1151820 1727.3
1151830 1730.2
1151840 1730.2
1151850 1733.2
1151860 1735.7
1151870 1739.1
1151880 1739.1
1151890 1744.0
1151900 1748.3
1151910 1748.3
1151920 1752.0
1151930 1755.8
1151940 1755.8
1151950 1759.5
1151960 1763.2
1151970 1763.2
1151980 1766.6
1151990 1765.4
1152000 1765.4
1152010 1768.1
1152020 1770.2
1152030 1770.2
1152040 1773.0
1152050 1777.2
1152060 1777.2
1152070 1781.0
1152080 1784.4
1152090 1784.4
1152100 1787.5
1152110 1790.5
1152120 1790.5
1152130 1793.9
1152140 1798.0
1152150 1802.0
1152160 1802.0
1152170 1806.1
1152180 1811.0
1152190 1811.0
1152200 1815.5
1152210 1819.2
1152220 1819.2
1152230 1823.1
1152240 1827.9
1152250 1827.9
1152260 1832.5
1152270 1836.2
1152280 1836.2
1152290 1839.1
1152300 1841.7
1152310 1841.7
1152320 1845.1
1152330 1849.1
1152340 1849.1
1152350 1853.5
1152360 1858.3
1152370 1854.7
1152380 1858.0
1152390 1860.5
1152400 1860.5
1152410 1863.4
1152420 1867.1
1152430 1870.0
1152440 1870.0
1152450 1873.0
1152460 1877.9
1152470 1877.9
1152480 1882.1
1152490 1885.6
1152500 1885.6
1152510 1890.8
1152520 1896.3
1152530 1896.3
1152540 1901.1
1152550 1906.2
1152560 1906.2
1152570 1913.8
1152580 1918.7
1152590 1918.7
1152600 1920.9
1152610 1921.9
1152620 1921.9
1152630 1922.7
1152640 1924.0
1152650 1924.0
1152660 1928.0
1152670 1931.7
1152680 1931.7
1152690 1936.0
1152700 1940.0
1152710 1943.9
1152720 1943.9
1152730 1948.2
1152740 1952.1
1152750 1952.1
1152760 1955.7
1152770 1962.6
1152780 1962.6
1152790 1969.8
1152800 1976.3
1152810 1976.3
1152820 1981.2
1152830 1987.6
1152840 1987.6
1152850 1996.5
1152860 2004.8
1152870 2004.8
1152880 2011.9
1152890 2018.5
1152900 2018.5
1152910 2024.5
1152920 2028.5
1152930 2028.5
1152940 2035.2
1152950 2046.2
1152960 2057.0
1152970 2057.0
1152980 2067.4
1152990 2077.5
1153000 2077.5
1153010 2086.4
1153020 2093.3
1153030 2093.3
1153040 2098.8
1153050 2104.5
1153060 2104.5
1153070 2112.7
1153080 2121.1
1153090 2121.1
1153100 2130.1
1153110 2145.2
1153120 2145.2
1153130 2158.6
1153140 2163.6
1153150 2163.6
1153160 2169.2
1153170 2172.8
1153180 2172.8
1153190 2173.9
1153200 2174.5
1153210 2174.5
1153220 2173.4
1153230 2169.8
1153240 2164.8
1153250 2164.8
1153260 2158.5
1153270 2151.5
1153280 2151.5
1153290 2145.2
1153300 2140.8
1153310 2140.8
1153320 2136.5
1153330 2130.9
1153340 2130.9
1153350 2127.0
1153360 2123.9
1153370 2123.9
1153380 2121.8
1153390 2119.1
1153400 2119.1
1153410 2116.1
1153420 2114.6
1153430 2114.6
1153440 2113.8
1153450 2112.5
1153460 2112.5
1153470 2111.5
1153480 2111.6
1153490 2111.6
1153500 2113.3
1153510 2113.2
1153520 2111.1
1153530 2105.9
1153540 2101.7
1153550 2097.4
1153560 2097.4
1153570 2095.4
1153580 2095.1
1153590 2095.1
1153600 2094.5
1153610 2091.1
1153620 2091.1
1153630 2085.3
1153640 2079.3
1153650 2079.3
1153660 2074.2
1153670 2068.4
1153680 2068.4
1153690 2063.5
1153700 2061.5
1153710 2061.5
1153720 2060.6
1153730 2060.0
1153740 2060.0
1153750 2059.0
1153760 2058.1
1153770 2058.1
1153780 2056.6
1153790 2055.0
1153800 2053.8
1153810 2053.8
1153820 2051.7
1153830 2049.0
1153840 2049.0
1153850 2047.7
1153860 2047.4
1153870 2047.4
1153880 2047.4
1153890 2045.8
1153900 2045.8
1153910 2043.8
1153920 2043.8
1153930 2043.8
1153940 2043.3
1153950 2042.7
1153960 2042.7
1153970 2043.1
1153980 2043.2
1153990 2043.2
1154000 2043.2
1154010 2043.4
1154020 2043.4
1154030 2044.1
1154040 2044.9
1154050 2044.9
1154060 2044.9
1154070 2040.7
1154080 2033.6
1154090 2033.6
1154100 2026.3
1154110 2022.3
1154120 2022.3
1154130 2019.2
1154140 2017.1
1154150 2017.1
1154160 2014.8
1154170 2012.3
1154180 2012.3
1154190 2011.6
1154200 2016.4
1154210 2016.4
1154220 2019.6
1154230 2018.4
1154240 2018.4
1154250 2015.0
1154260 2009.4
1154270 2009.4
1154280 2004.9
1154290 1999.7
1154300 2002.5
1154310 1997.7
1154320 1990.2
1154330 1982.8
1154340 1982.8
1154350 1976.5
1154360 1970.0
1154370 1970.0
1154380 1966.0
1154390 1963.5
1154400 1963.5
1154410 1959.3
1154420 1955.6
1154430 1955.6
1154440 1952.8
1154450 1951.3
1154460 1951.3
1154470 1947.4
1154480 1941.3
1154490 1941.3
1154500 1937.7
1154510 1935.7
1154520 1935.7
1154530 1934.8
1154540 1932.6
1154550 1932.6
1154560 1926.4
1154570 1921.7
1154580 1921.7
1154590 1915.6
1154600 1911.8
1154610 1910.1
1154620 1910.1
1154630 1909.5
1154640 1910.9
1154650 1910.9
1154660 1911.5
1154670 1913.7
1154680 1920.5
1154690 1920.9
1154700 1919.5
1154710 1919.5
1154720 1918.8
1154730 1919.9
1154740 1919.9
1154750 1921.0
1154760 1921.2
1154770 1921.2
1154780 1920.2
1154790 1918.1
1154800 1918.1
1154810 1914.5
1154820 1911.8
1154830 1911.8
1154840 1903.8
1154850 1900.4
1154860 1900.4
1154870 1902.9
1154880 1902.1
1154890 1900.2
1154900 1900.2
1154910 1898.1
1154920 1895.8
1154930 1895.8
1154940 1893.3
1154950 1891.6
1154960 1891.6
1154970 1890.5
1154980 1889.6
1154990 1889.6
1155000 1889.5
1155010 1887.7
1155020 1887.7
1155030 1883.0
1155040 1880.2
1155050 1880.2
1155060 1876.8
1155070 1882.1
1155080 1882.1
1155090 1874.9
1155100 1864.5
1155110 1864.5
1155120 1860.9
1155130 1857.8
1155140 1855.7
1155150 1855.7
1155160 1856.7
1155170 1858.4
1155180 1858.4
1155190 1857.4
1155200 1854.4
1155210 1854.4
1155220 1846.8
1155230 1838.9
1155240 1838.9
1155250 1831.3
1155260 1826.1
1155270 1826.1
1155280 1824.7
1155290 1823.0
1155300 1823.0
1155310 1820.5
1155320 1816.4
1155330 1816.4
1155340 1813.7
1155350 1808.1
1155360 1808.1
1155370 1800.7
1155380 1794.2
1155390 1794.2
1155400 1788.8
1155410 1782.7
1155420 1775.6
1155430 1775.6
1155440 1769.7
1155450 1764.1
1155460 1773.7
1155470 1766.8
1155480 1757.9
1155490 1757.9
1155500 1747.3
1155510 1737.7
1155520 1737.7
1155530 1727.3
1155540 1713.5
1155550 1713.5
1155560 1703.1
1155570 1700.4
1155580 1700.4
1155590 1699.3
1155600 1698.0
1155610 1698.0
1155620 1694.6
1155630 1691.3
1155640 1691.3
1155650 1687.0
1155660 1679.4
1155670 1679.4
1155680 1670.5
1155690 1660.5
1155700 1654.6
1155710 1654.6
1155720 1648.9
1155730 1641.4
1155740 1641.4
1155750 1632.7
1155760 1623.0
1155770 1623.0
1155780 1613.4
1155790 1604.3
1155800 1604.3
1155810 1598.5
1155820 1593.5
1155830 1593.5
1155840 1586.8
1155850 1560.3
1155860 1560.3
1155870 1551.2
1155880 1545.2
1155890 1545.2
1155900 1540.6
1155910 1539.8
1155920 1539.8
1155930 1548.3
1155940 1568.5
1155950 1568.5
1155960 1576.3
1155970 1579.7
1155980 1582.4
1155990 1582.4
1156000 1586.3
1156010 1589.0
1156020 1589.0
1156030 1590.1
1156040 1587.2
1156050 1587.2
1156060 1583.6
1156070 1585.2
1156080 1585.2
1156090 1587.9
1156100 1591.5
1156110 1591.5
1156120 1594.8
1156130 1597.9
1156140 1597.9
1156150 1600.5
1156160 1602.1
1156170 1602.1
1156180 1603.0
1156190 1608.1
1156200 1608.1
1156210 1613.5
1156220 1619.0
1156230 1613.5
1156240 1613.5
1156250 1618.8
1156260 1624.8
1156270 1624.8
1156280 1628.6
1156290 1633.3
1156300 1633.3
1156310 1638.8
1156320 1643.5
1156330 1643.5
1156340 1647.2
1156350 1650.6
1156360 1650.6
1156370 1653.2
1156380 1655.2
1156390 1655.2
1156400 1656.7
1156410 1657.8
1156420 1657.8
1156430 1658.4
1156440 1658.2
1156450 1658.2
1156460 1657.2
1156470 1655.6
1156480 1655.6
1156490 1652.8
1156500 1649.7
1156510 1646.9
1156520 1646.9
1156530 1644.6
1156540 1642.3
1156550 1642.3
1156560 1640.1
1156570 1637.8
1156580 1637.8
1156590 1635.0
1156600 1632.0
1156610 1632.0
1156620 1622.6
1156630 1619.3
1156640 1619.3
1156650 1615.9
1156660 1612.6
1156670 1612.6
1156680 1609.3
1156690 1605.2
1156700 1605.2
1156710 1600.3
1156720 1596.3
1156730 1596.3
1156740 1593.4
1156750 1590.2
1156760 1590.2
1156770 1587.4
1156780 1584.4
1156790 1581.6
1156800 1581.6
1156810 1579.0
1156820 1576.4
1156830 1576.4
1156840 1574.3
1156850 1572.6
1156860 1572.6
1156870 1571.1
1156880 1569.4
1156890 1569.4
1156900 1567.2
1156910 1564.3
1156920 1564.3
1156930 1561.4
1156940 1558.2
1156950 1558.2
1156960 1556.6
1156970 1555.9
1156980 1555.9
1156990 1554.3
1157000 1552.4
1157010 1546.0
1157020 1543.9
1157030 1541.8
1157040 1541.8
1157050 1539.6
1157060 1537.4
1157070 1535.6
1157080 1535.6
1157090 1533.1
1157100 1530.5
1157110 1530.5
1157120 1529.4
1157130 1529.9
1157140 1529.9
1157150 1530.1
1157160 1530.2
1157170 1530.2
1157180 1529.9
1157190 1529.2
1157200 1529.2
1157210 1529.0
1157220 1529.3
1157230 1529.3
1157240 1529.5
1157250 1529.7
1157260 1529.7
1157270 1530.3
1157280 1531.1
1157290 1531.1
1157300 1531.6
1157310 1531.8
1157320 1531.8
1157330 1531.8
1157340 1531.1
1157350 1529.9
1157360 1529.9
1157370 1529.0
1157380 1528.2
1157390 1528.2
1157400 1523.9
1157410 1521.3
1157420 1521.3
1157430 1518.3
1157440 1515.3
1157450 1515.3
1157460 1512.2
1157470 1509.4
1157480 1509.4
1157490 1506.3
1157500 1503.2
1157510 1503.2
1157520 1499.4
1157530 1495.3
1157540 1495.3
1157550 1491.8
1157560 1488.0
1157570 1488.0
1157580 1483.2
1157590 1479.3
1157600 1476.4
1157610 1476.4
1157620 1471.6
1157630 1466.2
1157640 1466.2
1157650 1461.5
1157660 1457.6
1157670 1457.6
1157680 1454.9
1157690 1452.8
1157700 1452.8
1157710 1451.0
1157720 1448.9
1157730 1448.9
1157740 1446.2
1157750 1443.4
1157760 1443.4
1157770 1440.5
1157780 1437.5
1157790 1430.9
1157800 1428.4
1157810 1426.2
1157820 1426.2
1157830 1424.4
1157840 1423.2
1157850 1423.2
1157860 1423.0
1157870 1422.4
1157880 1421.4
1157890 1421.4
1157900 1420.6
1157910 1419.0
1157920 1419.0
1157930 1417.0
1157940 1416.5
1157950 1416.5
1157960 1416.5
1157970 1416.3
1157980 1416.3
1157990 1416.4
1158000 1416.4
1158010 1416.4
1158020 1416.4
1158030 1416.4
1158040 1416.4
1158050 1416.5
1158060 1416.7
1158070 1416.7
1158080 1416.8
1158090 1417.0
1158100 1417.0
1158110 1417.6
1158120 1418.8
1158130 1418.8
1158140 1419.2
1158150 1418.2
1158160 1416.6
1158170 1416.6
1158180 1412.0
1158190 1411.2
1158200 1411.2
1158210 1410.3
1158220 1409.8
1158230 1409.8
1158240 1408.9
1158250 1407.4
1158260 1407.4
1158270 1406.3
1158280 1405.5
1158290 1405.5
1158300 1404.5
1158310 1403.0
1158320 1403.0
1158330 1401.5
1158340 1400.2
1158350 1400.2
1158360 1398.1
1158370 1395.1
1158380 1395.1
1158390 1391.5
1158400 1387.5
1158410 1383.1
1158420 1383.1
1158430 1378.0
1158440 1373.6
1158450 1373.6
1158460 1368.7
1158470 1363.6
1158480 1363.6
1158490 1357.1
1158500 1350.3
1158510 1350.3
1158520 1344.0
1158530 1338.8
1158540 1338.8
1158550 1333.8
1158560 1328.2
1158570 1320.9
1158580 1316.0
1158590 1311.1
1158600 1311.1
1158610 1305.7
1158620 1299.9
1158630 1299.9
1158640 1294.4
1158650 1289.2
1158660 1289.2
1158670 1283.8
1158680 1278.2
1158690 1273.1
1158700 1273.1
1158710 1267.8
1158720 1262.6
1158730 1262.6
1158740 1257.8
1158750 1252.8
1158760 1252.8
1158770 1247.2
1158780 1242.5
1158790 1242.5
1158800 1236.8
1158810 1228.6
1158820 1228.6
1158830 1217.5
1158840 1206.5
1158850 1206.5
1158860 1195.7
1158870 1191.4
1158880 1191.4
1158890 1189.9
1158900 1184.3
1158910 1184.3
1158920 1174.9
1158930 1166.7
1158940 1166.7
1158950 1158.5
1158960 1149.2
1158970 1142.5
1158980 1142.5
1158990 1128.6
1159000 1114.8
1159010 1114.8
1159020 1107.8
1159030 1106.8
1159040 1106.8
1159050 1106.6
1159060 1106.3
1159070 1106.3
1159080 1105.7
1159090 1105.0
1159100 1105.0
1159110 1101.4
1159120 1097.8
1159130 1097.8
1159140 1095.2
1159150 1092.4
1159160 1092.4
1159170 1088.2
1159180 1082.7
1159190 1082.7
1159200 1078.8
1159210 1076.7
1159220 1074.5
1159230 1074.5
1159240 1071.7
1159250 1066.2
1159260 1066.2
1159270 1061.2
1159280 1056.5
1159290 1056.5
1159300 1052.3
1159310 1048.7
1159320 1048.7
1159330 1046.3
1159340 1045.5
1159350 1045.5
1159360 1045.5
1159370 1045.7
1159380 1045.7
1159390 1045.8
1159400 1045.6
1159410 1045.6
1159420 1044.5
1159430 1042.9
1159440 1042.9
1159450 1042.0
1159460 1041.9
1159470 1041.9
1159480 1041.9
1159490 1041.9
1159500 1042.0
1159510 1042.0
1159520 1042.2
1159530 1042.5
1159540 1042.5
1159550 1042.8
1159560 1042.9
1159570 1042.9
1159580 1043.1
1159590 1043.5
1159600 1043.5
1159610 1043.4
1159620 1043.3
1159630 1043.3
1159640 1043.2
1159650 1043.0
1159660 1043.0
1159670 1043.0
1159680 1043.0
1159690 1043.0
1159700 1042.9
1159710 1042.9
1159720 1042.9
1159730 1042.9
1159740 1042.9
1159750 1042.9
1159760 1042.7
1159770 1042.6
1159780 1042.5
1159790 1042.5
1159800 1042.3
1159810 1042.6
1159820 1042.6
1159830 1043.4
1159840 1043.4
1159850 1043.4
1159860 1043.5
1159870 1043.5
1159880 1043.5
1159890 1043.5
1159900 1043.6
1159910 1043.6
1159920 1043.5
1159930 1043.3
1159940 1043.3
1159950 1043.2
1159960 1043.2
1159970 1043.2
1159980 1043.1
1159990 1043.1
