1140000 2046.3
1140010 2056.1
1140020 2063.1
1140030 2063.1
1140040 2071.8
1140050 2080.6
1140060 2085.6
1140070 2085.6
1140080 2085.5
1140090 2086.8
1140100 2086.8
1140110 2093.0
1140120 2101.1
1140130 2101.1
1140140 2108.8
1140150 2116.2
1140160 2116.2
1140170 2123.4
1140180 2133.1
1140190 2133.1
1140200 2139.9
1140210 2147.1
1140220 2147.1
1140230 2157.3
1140240 2168.3
1140250 2168.3
1140260 2179.7
1140270 2188.8
1140280 2188.8
1140290 2204.0
1140300 2222.6
1140310 2222.6
1140320 2234.3
1140330 2246.3
1140340 2257.6
1140350 2257.6
1140360 2270.4
1140370 2291.1
1140380 2291.1
1140390 2312.1
1140400 2333.1
1140410 2333.1
1140420 2344.7
1140430 2351.1
1140440 2351.1
1140450 2353.2
1140460 2355.2
1140470 2355.2
1140480 2375.2
1140490 2394.6
1140500 2394.6
1140510 2401.8
1140520 2408.3
1140530 2408.3
1140540 2413.3
1140550 2411.6
1140560 2411.6
1140570 2410.2
1140580 2408.9
1140590 2407.5
1140600 2407.5
1140610 2404.5
1140620 2396.5
1140630 2396.5
1140640 2385.9
1140650 2378.1
1140660 2378.1
1140670 2354.2
1140680 2325.6
1140690 2325.6
1140700 2315.5
1140710 2304.8
1140720 2304.8
1140730 2293.6
1140740 2283.8
1140750 2283.8
1140760 2274.5
1140770 2268.8
1140780 2268.8
1140790 2264.6
1140800 2261.0
1140810 2261.0
1140820 2259.5
1140830 2259.2
1140840 2259.2
1140850 2260.0
1140860 2261.2
1140870 2263.1
1140880 2263.1
1140890 2265.3
1140900 2269.2
1140910 2269.2
1140920 2282.9
1140930 2287.6
1140940 2287.6
1140950 2295.4
1140960 2300.0
1140970 2300.0
1140980 2301.9
1140990 2303.0
1141000 2303.0
1141010 2304.5
1141020 2306.2
1141030 2306.2
1141040 2308.5
1141050 2312.5
1141060 2312.5
1141070 2317.3
1141080 2321.1
1141090 2321.1
1141100 2320.2
1141110 2316.5
1141120 2316.5
1141130 2312.8
1141140 2308.0
1141150 2303.0
1141160 2303.0
1141170 2298.9
1141180 2301.4
1141190 2301.4
1141200 2314.2
1141210 2326.7
1141220 2326.7
1141230 2341.0
1141240 2352.5
1141250 2352.5
1141260 2362.0
1141270 2369.6
1141280 2369.6
1141290 2368.5
1141300 2372.3
1141310 2372.3
1141320 2375.8
1141330 2379.2
1141340 2379.2
1141350 2382.5
1141360 2386.0
1141370 2386.0
1141380 2390.0
1141390 2393.8
1141400 2393.8
1141410 2397.5
1141420 2401.5
1141430 2405.8
1141440 2405.8
1141450 2410.0
1141460 2414.1
1141470 2414.1
1141480 2417.8
1141490 2419.1
1141500 2419.1
1141510 2405.3
1141520 2395.6
1141530 2395.6
1141540 2391.6
1141550 2391.7
1141560 2391.7
1141570 2387.3
1141580 2383.5
1141590 2383.5
1141600 2382.1
1141610 2377.0
1141620 2377.0
1141630 2371.3
1141640 2368.2
1141650 2368.2
1141660 2350.9
1141670 2350.0
1141680 2350.0
1141690 2344.4
1141700 2338.1
1141710 2331.4
1141720 2331.4
1141730 2316.6
1141740 2310.6
1141750 2310.6
1141760 2307.4
1141770 2308.9
1141780 2308.9
1141790 2311.7
1141800 2312.4
1141810 2312.4
1141820 2307.1
1141830 2299.4
1141840 2299.4
1141850 2293.0
1141860 2285.2
1141870 2285.2
1141880 2274.4
1141890 2273.7
1141900 2273.7
1141910 2274.7
1141920 2271.0
1141930 2271.0
1141940 2265.6
1141950 2256.5
1141960 2249.0
1141970 2249.0
1141980 2245.6
1141990 2239.2
1142000 2239.2
1142010 2226.6
1142020 2221.8
1142030 2207.0
1142040 2200.8
1142050 2195.5
1142060 2195.5
1142070 2187.5
1142080 2185.0
1142090 2185.0
1142100 2180.8
1142110 2175.5
1142120 2175.5
1142130 2167.2
1142140 2158.6
1142150 2158.6
1142160 2151.9
1142170 2146.3
1142180 2146.3
1142190 2141.3
1142200 2137.3
1142210 2137.3
1142220 2134.3
1142230 2131.2
1142240 2126.2
1142250 2126.2
1142260 2120.3
1142270 2114.1
1142280 2114.1
1142290 2108.7
1142300 2104.0
1142310 2104.0
1142320 2101.2
1142330 2098.7
1142340 2098.7
1142350 2093.8
1142360 2088.0
1142370 2088.0
1142380 2083.4
1142390 2080.5
1142400 2075.0
1142410 2073.9
1142420 2072.6
1142430 2072.6
1142440 2070.2
1142450 2067.9
1142460 2067.9
1142470 2067.2
1142480 2065.7
1142490 2065.7
1142500 2063.9
1142510 2063.3
1142520 2062.9
1142530 2062.9
1142540 2061.0
1142550 2060.2
1142560 2060.2
1142570 2059.3
1142580 2058.0
1142590 2058.0
1142600 2057.4
1142610 2057.7
1142620 2057.7
1142630 2057.7
1142640 2057.5
1142650 2057.5
1142660 2057.3
1142670 2057.7
1142680 2057.7
1142690 2059.1
1142700 2061.6
1142710 2061.6
1142720 2064.6
1142730 2067.1
1142740 2067.1
1142750 2067.9
1142760 2068.6
1142770 2074.0
1142780 2075.2
1142790 2076.6
1142800 2078.6
1142810 2078.6
1142820 2079.6
1142830 2081.6
1142840 2081.6
1142850 2083.6
1142860 2085.7
1142870 2085.7
1142880 2088.0
1142890 2090.8
1142900 2090.8
1142910 2094.2
1142920 2098.2
1142930 2098.2
1142940 2100.9
1142950 2103.1
1142960 2103.1
1142970 2106.6
1142980 2110.2
1142990 2110.2
1143000 2112.7
1143010 2114.0
1143020 2114.0
1143030 2115.3
1143040 2117.4
1143050 2119.7
1143060 2119.7
1143070 2121.7
1143080 2123.8
1143090 2123.8
1143100 2125.5
1143110 2127.6
1143120 2127.6
1143130 2130.5
1143140 2132.6
1143150 2136.1
1143160 2139.7
1143170 2144.1
1143180 2144.1
1143190 2149.3
1143200 2155.1
1143210 2155.1
1143220 2161.3
1143230 2167.0
1143240 2167.0
1143250 2176.4
1143260 2188.5
1143270 2188.5
1143280 2194.1
1143290 2202.1
1143300 2202.1
1143310 2215.3
1143320 2230.1
1143330 2259.6
1143340 2259.6
1143350 2285.5
1143360 2301.5
1143370 2301.5
1143380 2312.5
1143390 2331.6
1143400 2331.6
1143410 2341.2
1143420 2351.7
1143430 2351.7
1143440 2363.8
1143450 2372.1
1143460 2372.1
1143470 2379.1
1143480 2386.8
1143490 2386.8
1143500 2396.4
1143510 2404.4
1143520 2410.8
1143530 2417.7
1143540 2425.8
1143550 2425.8
1143560 2434.4
1143570 2442.1
1143580 2442.1
1143590 2452.0
1143600 2460.1
1143610 2466.9
1143620 2466.9
1143630 2480.2
1143640 2491.1
1143650 2491.1
1143660 2499.2
1143670 2510.9
1143680 2510.9
1143690 2520.2
1143700 2527.8
1143710 2527.8
1143720 2535.3
1143730 2543.0
1143740 2543.0
1143750 2552.6
1143760 2563.0
1143770 2563.0
1143780 2572.3
1143790 2581.2
1143800 2581.2
1143810 2589.7
1143820 2597.9
1143830 2597.9
1143840 2606.3
1143850 2614.5
1143860 2614.5
1143870 2622.2
1143880 2630.5
1143890 2639.2
1143900 2639.2
1143910 2646.2
1143920 2649.2
1143930 2649.2
1143940 2647.3
1143950 2642.8
1143960 2642.8
1143970 2639.0
1143980 2633.1
1143990 2633.1
1144000 2624.9
1144010 2620.5
1144020 2620.5
1144030 2609.7
1144040 2596.7
1144050 2596.7
1144060 2587.8
1144070 2578.2
1144080 2578.2
1144090 2570.1
1144100 2558.0
1144110 2558.0
1144120 2534.9
1144130 2518.2
1144140 2507.6
1144150 2507.6
1144160 2499.5
1144170 2481.8
1144180 2481.8
1144190 2468.0
1144200 2438.5
1144210 2438.5
1144220 2418.7
1144230 2406.5
1144240 2406.5
1144250 2399.7
1144260 2393.4
1144270 2387.3
1144280 2381.1
1144290 2376.7
1144300 2376.7
1144310 2372.4
1144320 2367.4
1144330 2367.4
1144340 2362.1
1144350 2357.7
1144360 2357.7
1144370 2353.8
1144380 2349.9
1144390 2349.9
1144400 2345.5
1144410 2341.8
1144420 2339.5
1144430 2339.5
1144440 2336.3
1144450 2333.8
1144460 2333.8
1144470 2331.5
1144480 2330.9
1144490 2330.9
1144500 2332.5
1144510 2333.1
1144520 2333.1
1144530 2332.0
1144540 2330.0
1144550 2330.0
1144560 2328.1
1144570 2326.8
1144580 2326.8
1144590 2324.1
1144600 2321.8
1144610 2321.8
1144620 2321.5
1144630 2321.7
1144640 2319.9
1144650 2318.8
1144660 2317.7
1144670 2317.7
1144680 2314.7
1144690 2308.8
1144700 2304.5
1144710 2304.5
1144720 2301.7
1144730 2297.3
1144740 2297.3
1144750 2292.5
1144760 2287.8
1144770 2287.8
1144780 2284.1
1144790 2279.9
1144800 2279.9
1144810 2275.6
1144820 2273.0
1144830 2273.0
1144840 2271.4
1144850 2269.4
1144860 2269.4
1144870 2267.7
1144880 2264.6
1144890 2264.6
1144900 2259.4
1144910 2253.1
1144920 2253.1
1144930 2248.4
1144940 2245.4
1144950 2245.4
1144960 2243.0
1144970 2240.0
1144980 2237.5
1144990 2237.5
1145000 2235.5
1145010 2234.5
1145020 2232.0
1145030 2229.7
1145040 2226.3
1145050 2226.3
1145060 2221.9
1145070 2217.2
1145080 2217.2
1145090 2211.0
1145100 2205.3
1145110 2205.3
1145120 2199.3
1145130 2193.4
1145140 2193.4
1145150 2187.7
1145160 2181.9
1145170 2181.9
1145180 2176.3
1145190 2170.8
1145200 2170.8
1145210 2165.7
1145220 2160.9
1145230 2155.8
1145240 2155.8
1145250 2151.0
1145260 2146.7
1145270 2146.7
1145280 2142.6
1145290 2137.9
1145300 2137.9
1145310 2133.9
1145320 2130.4
1145330 2130.4
1145340 2127.7
1145350 2125.5
1145360 2125.5
1145370 2125.5
1145380 2125.7
1145390 2120.3
1145400 2118.1
1145410 2115.1
1145420 2115.1
1145430 2112.0
1145440 2108.5
1145450 2108.5
1145460 2105.8
1145470 2103.3
1145480 2103.3
1145490 2099.6
1145500 2095.1
1145510 2092.0
1145520 2092.0
1145530 2089.2
1145540 2087.0
1145550 2087.0
1145560 2079.8
1145570 2071.1
1145580 2071.1
1145590 2060.0
1145600 2046.4
1145610 2046.4
1145620 2037.6
1145630 2033.2
1145640 2033.2
1145650 2029.7
1145660 2028.2
1145670 2028.2
1145680 2022.4
1145690 2018.2
1145700 2018.2
1145710 2017.0
1145720 2015.4
1145730 2015.4
1145740 2012.6
1145750 2009.3
1145760 2009.3
1145770 2002.0
1145780 2000.2
1145790 1998.5
1145800 1998.5
1145810 1995.9
1145820 1994.6
1145830 1994.6
1145840 1992.8
1145850 1990.6
1145860 1990.6
1145870 1987.7
1145880 1984.8
1145890 1984.8
1145900 1983.4
1145910 1982.0
1145920 1982.0
1145930 1980.3
1145940 1979.3
1145950 1979.3
1145960 1978.0
1145970 1976.5
1145980 1976.5
1145990 1974.4
1146000 1971.2
1146010 1971.2
1146020 1969.1
1146030 1968.0
1146040 1968.0
1146050 1967.1
1146060 1966.9
1146070 1967.7
1146080 1967.7
1146090 1968.5
1146100 1969.8
1146110 1969.8
1146120 1970.9
1146130 1971.5
1146140 1966.2
1146150 1965.3
1146160 1963.7
1146170 1963.7
1146180 1963.7
1146190 1965.1
1146200 1965.1
1146210 1966.7
1146220 1968.6
1146230 1968.6
1146240 1970.8
1146250 1973.4
1146260 1973.4
1146270 1975.2
1146280 1975.3
1146290 1975.3
1146300 1973.6
1146310 1972.4
1146320 1974.7
1146330 1974.7
1146340 1976.4
1146350 1977.5
1146360 1977.5
1146370 1978.0
1146380 1977.7
1146390 1977.7
1146400 1977.2
1146410 1980.3
1146420 1980.3
1146430 1980.1
1146440 1974.9
1146450 1974.9
1146460 1967.5
1146470 1958.6
1146480 1958.6
1146490 1951.4
1146500 1945.3
1146510 1945.3
1146520 1936.1
1146530 1930.8
1146540 1930.8
1146550 1925.9
1146560 1921.2
1146570 1921.2
1146580 1916.6
1146590 1910.3
1146600 1903.6
1146610 1903.6
1146620 1898.2
1146630 1895.7
1146640 1895.7
1146650 1894.9
1146660 1892.9
1146670 1892.9
1146680 1892.3
1146690 1893.9
1146700 1893.9
1146710 1896.8
1146720 1901.2
1146730 1901.2
1146740 1906.4
1146750 1910.9
1146760 1910.9
1146770 1911.2
1146780 1912.3
1146790 1912.3
1146800 1913.6
1146810 1913.7
1146820 1913.7
1146830 1913.5
1146840 1914.7
1146850 1914.7
1146860 1915.3
1146870 1914.6
1146880 1913.7
1146890 1913.7
1146900 1917.0
1146910 1916.5
1146920 1916.5
1146930 1915.7
1146940 1915.1
1146950 1915.1
1146960 1914.6
1146970 1913.8
1146980 1913.8
1146990 1912.6
1147000 1910.8
1147010 1910.8
1147020 1907.6
1147030 1903.1
1147040 1903.1
1147050 1898.8
1147060 1896.1
1147070 1896.1
1147080 1894.7
1147090 1893.8
1147100 1893.8
1147110 1891.9
1147120 1888.2
1147130 1888.2
1147140 1886.8
1147150 1889.5
1147160 1890.7
1147170 1890.7
1147180 1886.6
1147190 1881.4
1147200 1881.4
1147210 1875.8
1147220 1869.8
1147230 1869.8
1147240 1865.7
1147250 1864.1
1147260 1864.1
1147270 1868.9
1147280 1868.9
1147290 1868.9
1147300 1867.6
1147310 1866.9
1147320 1866.9
1147330 1865.6
1147340 1863.9
1147350 1863.9
1147360 1863.9
1147370 1865.0
1147380 1865.0
1147390 1865.1
1147400 1864.1
1147410 1864.3
1147420 1864.3
1147430 1863.7
1147440 1864.8
1147450 1864.8
1147460 1866.3
1147470 1867.7
1147480 1867.7
1147490 1868.9
1147500 1870.1
1147510 1870.1
1147520 1871.8
1147530 1873.5
1147540 1873.5
1147550 1874.8
1147560 1875.6
1147570 1875.6
1147580 1875.9
1147590 1872.8
1147600 1872.8
1147610 1869.4
1147620 1872.7
1147630 1872.7
1147640 1877.7
1147650 1886.3
1147660 1886.3
1147670 1889.7
1147680 1892.5
1147690 1895.6
1147700 1895.6
1147710 1898.5
1147720 1901.1
1147730 1901.1
1147740 1902.9
1147750 1904.4
1147760 1904.4
1147770 1906.3
1147780 1908.6
1147790 1908.6
1147800 1909.8
1147810 1907.4
1147820 1907.4
1147830 1907.4
1147840 1912.1
1147850 1912.1
1147860 1915.3
1147870 1918.3
1147880 1918.3
1147890 1921.7
1147900 1924.4
1147910 1924.4
1147920 1927.0
1147930 1929.0
1147940 1929.0
1147950 1930.7
1147960 1935.2
1147970 1943.7
1147980 1943.7
1147990 1952.7
1148000 1966.9
1148010 1966.9
1148020 1977.7
1148030 1990.6
1148040 1990.6
1148050 1998.0
1148060 2007.3
1148070 2007.3
1148080 2016.1
1148090 2022.7
1148100 2022.7
1148110 2026.8
1148120 2029.7
1148130 2029.7
1148140 2033.1
1148150 2036.7
1148160 2036.7
1148170 2041.5
1148180 2046.6
1148190 2046.6
1148200 2052.8
1148210 2057.0
1148220 2057.0
1148230 2061.6
1148240 2067.6
1148250 2070.1
1148260 2070.1
1148270 2073.7
1148280 2079.1
1148290 2079.1
1148300 2084.5
1148310 2089.2
1148320 2089.2
1148330 2091.8
1148340 2092.6
1148350 2092.6
1148360 2092.2
1148370 2095.9
1148380 2095.9
1148390 2099.9
1148400 2104.1
1148410 2112.7
1148420 2116.3
1148430 2118.5
1148440 2118.5
1148450 2118.8
1148460 2120.6
1148470 2120.6
1148480 2119.5
1148490 2117.3
1148500 2115.0
1148510 2115.0
1148520 2113.2
1148530 2113.9
1148540 2113.9
1148550 2113.2
1148560 2114.5
1148570 2114.5
1148580 2118.3
1148590 2123.4
1148600 2123.4
1148610 2128.3
1148620 2134.6
1148630 2134.6
1148640 2140.7
1148650 2146.9
1148660 2146.9
1148670 2149.3
1148680 2151.6
1148690 2151.6
1148700 2154.4
1148710 2154.4
1148720 2154.4
1148730 2153.9
1148740 2154.1
1148750 2154.1
1148760 2155.1
1148770 2156.9
1148780 2158.6
1148790 2163.0
1148800 2163.7
1148810 2165.0
1148820 2165.0
1148830 2168.3
1148840 2172.3
1148850 2172.3
1148860 2175.7
1148870 2177.5
1148880 2177.5
1148890 2178.7
1148900 2179.1
1148910 2179.1
1148920 2178.7
1148930 2177.6
1148940 2177.6
1148950 2174.6
1148960 2173.0
1148970 2173.0
1148980 2169.1
1148990 2161.3
1149000 2161.3
1149010 2148.9
1149020 2134.1
1149030 2134.1
1149040 2129.4
1149050 2111.5
1149060 2100.7
1149070 2100.7
1149080 2093.5
1149090 2088.1
1149100 2088.1
1149110 2086.2
1149120 2084.8
1149130 2084.8
1149140 2085.1
1149150 2081.6
1149160 2081.6
1149170 2069.6
1149180 2062.3
1149190 2062.3
1149200 2055.0
1149210 2047.2
1149220 2047.2
1149230 2041.4
1149240 2037.4
1149250 2037.4
1149260 2033.8
1149270 2032.2
1149280 2032.2
1149290 2030.7
1149300 2028.0
1149310 2028.0
1149320 2025.4
1149330 2024.7
1149340 2021.5
1149350 2021.5
1149360 2017.0
1149370 2012.3
1149380 2012.3
1149390 2007.6
1149400 2006.6
1149410 2006.6
1149420 2009.1
1149430 2011.8
1149440 2011.8
1149450 2012.6
1149460 2013.4
1149470 2013.4
1149480 2013.9
1149490 2015.6
1149500 2015.6
1149510 2018.0
1149520 2019.7
1149530 2019.7
1149540 2011.2
1149550 2011.5
1149560 2011.5
1149570 2012.0
1149580 2013.1
1149590 2012.2
1149600 2012.2
1149610 2009.4
1149620 2008.0
1149630 2008.0
1149640 2004.2
1149650 2000.1
1149660 2000.1
1149670 1996.5
1149680 1992.5
1149690 1992.5
1149700 1987.4
1149710 1982.1
1149720 1982.1
1149730 1976.0
1149740 1967.7
1149750 1967.7
1149760 1943.1
1149770 1921.1
1149780 1921.1
1149790 1905.6
1149800 1885.3
1149810 1885.3
1149820 1873.3
1149830 1862.3
1149840 1862.3
1149850 1852.6
1149860 1846.7
1149870 1844.1
1149880 1844.1
1149890 1840.0
1149900 1835.4
1149910 1835.4
1149920 1827.1
1149930 1813.2
1149940 1813.2
1149950 1801.1
1149960 1782.7
1149970 1782.7
1149980 1768.8
1149990 1751.4
1150000 1751.4
1150010 1737.2
1150020 1727.8
1150030 1727.8
1150040 1725.6
1150050 1724.3
1150060 1724.3
1150070 1714.4
1150080 1702.7
1150090 1702.7
1150100 1696.4
1150110 1689.5
1150120 1689.5
1150130 1682.3
1150140 1674.3
1150150 1666.9
1150160 1666.9
1150170 1658.6
1150180 1651.2
1150190 1651.2
1150200 1641.6
1150210 1624.4
1150220 1624.4
1150230 1610.4
1150240 1599.7
1150250 1599.7
1150260 1586.8
1150270 1573.1
1150280 1573.1
1150290 1549.0
1150300 1520.0
1150310 1536.2
1150320 1508.6
1150330 1499.9
1150340 1499.9
1150350 1498.1
1150360 1494.7
1150370 1494.7
1150380 1489.3
1150390 1482.8
1150400 1482.8
1150410 1468.9
1150420 1446.3
1150430 1435.5
1150440 1435.5
1150450 1428.7
1150460 1422.0
1150470 1422.0
1150480 1415.1
1150490 1409.0
1150500 1409.0
1150510 1403.0
1150520 1397.1
1150530 1397.1
1150540 1391.2
1150550 1385.3
1150560 1385.3
1150570 1379.1
1150580 1373.0
1150590 1373.0
1150600 1367.0
1150610 1360.9
1150620 1360.9
1150630 1355.0
1150640 1349.4
1150650 1349.4
1150660 1344.1
1150670 1337.9
1150680 1331.4
1150690 1332.5
1150700 1326.5
1150710 1320.4
1150720 1320.4
1150730 1314.4
1150740 1308.2
1150750 1308.2
1150760 1302.2
1150770 1296.2
1150780 1296.2
1150790 1290.7
1150800 1285.3
1150810 1285.3
1150820 1279.8
1150830 1273.9
1150840 1273.9
1150850 1268.4
1150860 1263.3
1150870 1263.3
1150880 1260.5
1150890 1261.5
1150900 1261.5
1150910 1261.9
1150920 1261.6
1150930 1261.6
1150940 1262.6
1150950 1266.2
1150960 1269.6
1150970 1269.6
1150980 1273.3
1150990 1277.9
1151000 1277.9
1151010 1283.8
1151020 1290.3
1151030 1290.3
1151040 1297.1
1151050 1304.0
1151060 1304.0
1151070 1309.2
1151080 1316.7
1151090 1316.7
1151100 1324.0
1151110 1331.7
1151120 1331.7
1151130 1345.9
1151140 1360.4
1151150 1360.4
1151160 1364.3
1151170 1370.5
1151180 1370.5
1151190 1379.2
1151200 1399.1
1151210 1399.1
1151220 1432.3
1151230 1445.1
1151240 1452.9
1151250 1452.9
1151260 1458.3
1151270 1463.9
1151280 1463.9
1151290 1471.2
1151300 1479.8
1151310 1479.8
1151320 1488.4
1151330 1496.0
1151340 1496.0
1151350 1504.6
1151360 1516.4
1151370 1516.4
1151380 1522.6
1151390 1528.4
1151400 1528.4
1151410 1536.0
1151420 1542.6
1151430 1542.6
1151440 1553.3
1151450 1554.9
1151460 1554.9
1151470 1558.5
1151480 1557.5
1151490 1557.5
1151500 1556.3
1151510 1557.0
1151520 1561.3
1151530 1561.3
1151540 1565.5
1151550 1571.1
1151560 1571.1
1151570 1578.5
1151580 1603.8
1151590 1603.8
1151600 1641.5
1151610 1660.2
1151620 1660.2
1151630 1668.5
1151640 1673.0
1151650 1673.0
1151660 1675.4
1151670 1677.7
1151680 1677.7
1151690 1679.8
1151700 1681.6
1151710 1681.6
1151720 1685.3
1151730 1690.3
1151740 1690.3
1151750 1694.9
1151760 1698.5
1151770 1702.0
1151780 1702.0
1151790 1706.0
1151800 1709.8
1151810 1709.8
1151820 1712.9
1151830 1712.5
1151840 1712.5
1151850 1715.9
1151860 1720.2
1151870 1720.2
1151880 1724.1
1151890 1728.4
1151900 1728.4
1151910 1732.5
1151920 1735.8
1151930 1735.8
1151940 1738.4
1151950 1740.4
1151960 1740.4
1151970 1742.5
1151980 1745.0
1151990 1745.0
1152000 1747.7
1152010 1750.5
1152020 1750.5
1152030 1753.8
1152040 1757.4
1152050 1761.1
1152060 1761.1
1152070 1764.8
1152080 1768.5
1152090 1768.5
1152100 1772.0
1152110 1775.5
1152120 1775.5
1152130 1778.5
1152140 1781.8
1152150 1781.8
1152160 1785.6
1152170 1789.2
1152180 1789.2
1152190 1793.1
1152200 1796.4
1152210 1796.4
1152220 1796.8
1152230 1800.3
1152240 1800.3
1152250 1804.1
1152260 1808.1
1152270 1808.1
1152280 1812.2
1152290 1815.3
1152300 1815.3
1152310 1818.3
1152320 1821.6
1152330 1824.7
1152340 1824.7
1152350 1827.2
1152360 1829.3
1152370 1829.3
1152380 1832.6
1152390 1836.9
1152400 1836.9
1152410 1840.0
1152420 1842.6
1152430 1842.6
1152440 1846.5
1152450 1850.4
1152460 1850.4
1152470 1854.1
1152480 1857.8
1152490 1857.8
1152500 1861.6
1152510 1864.7
1152520 1864.7
1152530 1867.9
1152540 1873.1
1152550 1873.1
1152560 1879.0
1152570 1884.2
1152580 1884.2
1152590 1889.0
1152600 1886.3
1152610 1887.8
1152620 1887.8
1152630 1892.0
1152640 1897.8
1152650 1897.8
1152660 1903.4
1152670 1908.3
1152680 1908.3
1152690 1912.6
1152700 1917.2
1152710 1917.2
1152720 1924.0
1152730 1932.0
1152740 1932.0
1152750 1938.6
1152760 1943.1
1152770 1943.1
1152780 1946.4
1152790 1951.2
1152800 1951.2
1152810 1957.4
1152820 1964.5
1152830 1964.5
1152840 1972.3
1152850 1980.0
1152860 1987.2
1152870 1987.2
1152880 1994.4
1152890 2001.6
1152900 2001.6
1152910 2008.6
1152920 2015.4
1152930 2015.4
1152940 2022.4
1152950 2029.2
1152960 2029.2
1152970 2036.3
1152980 2043.5
1152990 2043.5
1153000 2050.3
1153010 2057.0
1153020 2057.0
1153030 2064.4
1153040 2072.7
1153050 2072.7
1153060 2081.7
1153070 2090.5
1153080 2090.5
1153090 2101.1
1153100 2114.3
1153110 2114.3
1153120 2127.5
1153130 2137.4
1153140 2145.0
1153150 2145.0
1153160 2151.9
1153170 2155.9
1153180 2155.9
1153190 2157.6
1153200 2157.3
1153210 2157.3
1153220 2155.0
1153230 2151.6
1153240 2151.6
1153250 2148.4
1153260 2145.1
1153270 2145.1
1153280 2141.5
1153290 2135.8
1153300 2135.8
1153310 2129.3
1153320 2123.7
1153330 2123.7
1153340 2118.2
1153350 2113.5
1153360 2113.5
1153370 2105.7
1153380 2101.4
1153390 2101.4
1153400 2097.8
1153410 2094.9
1153420 2094.4
1153430 2094.4
1153440 2095.4
1153450 2095.0
1153460 2095.0
1153470 2093.4
1153480 2092.4
1153490 2092.4
1153500 2091.7
1153510 2090.7
1153520 2090.7
1153530 2089.9
1153540 2089.1
1153550 2089.1
1153560 2085.7
1153570 2078.4
1153580 2078.4
1153590 2070.3
1153600 2065.7
1153610 2065.7
1153620 2063.2
1153630 2062.0
1153640 2062.0
1153650 2060.4
1153660 2057.9
1153670 2057.9
1153680 2054.6
1153690 2049.8
1153700 2046.1
1153710 2046.1
1153720 2044.6
1153730 2042.3
1153740 2042.3
1153750 2035.8
1153760 2034.4
1153770 2034.4
1153780 2033.6
1153790 2035.2
1153800 2035.2
1153810 2036.3
1153820 2036.6
1153830 2036.6
1153840 2037.0
1153850 2037.3
1153860 2037.3
1153870 2036.7
1153880 2035.4
1153890 2035.4
1153900 2034.2
1153910 2033.4
1153920 2033.4
1153930 2034.2
1153940 2035.4
1153950 2036.3
1153960 2036.3
1153970 2036.9
1153980 2036.6
1153990 2036.6
1154000 2035.1
1154010 2032.8
1154020 2032.8
1154030 2031.0
1154040 2029.1
1154050 2029.1
1154060 2026.9
1154070 2026.1
1154080 2026.1
1154090 2026.6
1154100 2026.7
1154110 2026.7
1154120 2025.1
1154130 2022.2
1154140 2016.7
1154150 2013.8
1154160 2011.0
1154170 2011.0
1154180 2008.6
1154190 2006.4
1154200 2006.4
1154210 2005.6
1154220 2005.6
1154230 2005.7
1154240 2005.7
1154250 2005.7
1154260 2005.2
1154270 2005.2
1154280 2003.9
1154290 2002.5
1154300 2002.5
1154310 2000.7
1154320 1997.5
1154330 1997.5
1154340 1994.0
1154350 1990.4
1154360 1990.4
1154370 1986.9
1154380 1983.9
1154390 1983.9
1154400 1979.5
1154410 1973.8
1154420 1973.8
1154430 1969.2
1154440 1966.0
1154450 1966.0
1154460 1963.8
1154470 1962.2
1154480 1962.2
1154490 1960.7
1154500 1957.7
1154510 1953.3
1154520 1952.0
1154530 1946.7
1154540 1943.8
1154550 1943.8
1154560 1943.6
1154570 1943.7
1154580 1943.7
1154590 1944.6
1154600 1945.3
1154610 1945.3
1154620 1945.4
1154630 1944.8
1154640 1944.8
1154650 1943.9
1154660 1942.4
1154670 1942.4
1154680 1940.2
1154690 1938.3
1154700 1938.3
1154710 1937.6
1154720 1937.8
1154730 1937.8
1154740 1938.1
1154750 1937.8
1154760 1937.8
1154770 1936.5
1154780 1934.9
1154790 1933.3
1154800 1933.3
1154810 1931.7
1154820 1930.0
1154830 1930.0
1154840 1927.7
1154850 1925.5
1154860 1925.5
1154870 1923.0
1154880 1919.9
1154890 1919.9
1154900 1917.1
1154910 1911.0
1154920 1911.0
1154930 1910.0
1154940 1908.6
1154950 1908.6
1154960 1906.2
1154970 1903.4
1154980 1903.4
1154990 1900.6
1155000 1898.0
1155010 1898.0
1155020 1896.0
1155030 1894.5
1155040 1892.8
1155050 1892.8
1155060 1891.3
1155070 1890.0
1155080 1890.0
1155090 1888.8
1155100 1887.7
1155110 1887.7
1155120 1886.6
1155130 1885.5
1155140 1885.5
1155150 1884.2
1155160 1882.9
1155170 1882.9
1155180 1881.3
1155190 1878.4
1155200 1878.4
1155210 1874.1
1155220 1869.4
1155230 1869.4
1155240 1865.0
1155250 1861.1
1155260 1861.1
1155270 1857.4
1155280 1853.5
1155290 1853.5
1155300 1845.4
1155310 1842.5
1155320 1839.9
1155330 1839.9
1155340 1837.3
1155350 1834.2
1155360 1834.2
1155370 1830.5
1155380 1826.4
1155390 1826.4
1155400 1821.2
1155410 1813.8
1155420 1813.8
1155430 1806.4
1155440 1799.5
1155450 1799.5
1155460 1793.1
1155470 1788.6
1155480 1788.6
1155490 1784.2
1155500 1779.8
1155510 1779.8
1155520 1774.8
1155530 1769.5
1155540 1769.5
1155550 1763.7
1155560 1757.6
1155570 1757.6
1155580 1750.3
1155590 1742.8
1155600 1735.5
1155610 1735.5
1155620 1726.1
1155630 1716.6
1155640 1716.6
1155650 1708.7
1155660 1702.3
1155670 1702.3
1155680 1697.4
1155690 1690.1
1155700 1690.1
1155710 1682.4
1155720 1673.3
1155730 1673.3
1155740 1663.5
1155750 1655.0
1155760 1655.0
1155770 1646.6
1155780 1637.1
1155790 1637.1
1155800 1626.9
1155810 1614.8
1155820 1614.8
1155830 1602.8
1155840 1589.8
1155850 1589.8
1155860 1575.0
1155870 1558.5
1155880 1539.6
1155890 1539.6
1155900 1525.9
1155910 1517.1
1155920 1517.1
1155930 1510.0
1155940 1506.2
1155950 1506.2
1155960 1507.4
1155970 1508.6
1155980 1508.6
1155990 1515.7
1156000 1518.9
1156010 1518.9
1156020 1528.0
1156030 1538.0
1156040 1538.0
1156050 1540.2
1156060 1536.5
1156070 1521.4
1156080 1519.1
1156090 1529.8
1156100 1529.8
1156110 1537.0
1156120 1539.7
1156130 1542.3
1156140 1542.3
1156150 1546.8
1156160 1553.8
1156170 1553.8
1156180 1559.9
1156190 1565.0
1156200 1565.0
1156210 1567.7
1156220 1573.2
1156230 1573.2
1156240 1581.7
1156250 1589.4
1156260 1589.4
1156270 1595.4
1156280 1600.3
1156290 1600.3
1156300 1604.8
1156310 1609.3
1156320 1609.3
1156330 1614.4
1156340 1619.4
1156350 1619.4
1156360 1623.2
1156370 1625.5
1156380 1625.5
1156390 1626.7
1156400 1627.0
1156410 1627.2
1156420 1627.2
1156430 1627.4
1156440 1627.1
1156450 1627.1
1156460 1619.1
1156470 1618.3
1156480 1618.3
1156490 1617.0
1156500 1615.5
1156510 1615.5
1156520 1614.3
1156530 1612.9
1156540 1612.9
1156550 1610.9
1156560 1608.2
1156570 1608.2
1156580 1605.0
1156590 1602.3
1156600 1602.3
1156610 1599.8
1156620 1597.5
1156630 1597.5
1156640 1595.1
1156650 1592.1
1156660 1592.1
1156670 1588.8
1156680 1585.4
1156690 1581.5
1156700 1581.5
1156710 1577.4
1156720 1574.0
1156730 1574.0
1156740 1570.9
1156750 1568.8
1156760 1568.8
1156770 1566.9
1156780 1564.4
1156790 1564.4
1156800 1561.5
1156810 1559.0
1156820 1559.0
1156830 1556.8
1156840 1554.8
1156850 1547.9
1156860 1545.1
1156870 1541.5
1156880 1541.5
1156890 1537.4
1156900 1533.1
1156910 1533.1
1156920 1528.9
1156930 1525.2
1156940 1521.9
1156950 1521.9
1156960 1519.5
1156970 1517.9
1156980 1517.9
1156990 1516.4
1157000 1514.6
1157010 1514.6
1157020 1513.0
1157030 1511.7
1157040 1511.7
1157050 1510.1
1157060 1508.8
1157070 1508.8
1157080 1507.4
1157090 1505.7
1157100 1505.7
1157110 1504.7
1157120 1504.5
1157130 1504.5
1157140 1504.1
1157150 1503.6
1157160 1503.6
1157170 1502.9
1157180 1502.7
1157190 1502.7
1157200 1503.0
1157210 1503.8
1157220 1505.4
1157230 1505.4
1157240 1503.3
1157250 1506.9
1157260 1506.9
1157270 1509.9
1157280 1511.3
1157290 1511.3
1157300 1511.2
1157310 1509.9
1157320 1509.9
1157330 1508.1
1157340 1506.1
1157350 1506.1
1157360 1503.9
1157370 1500.9
1157380 1500.9
1157390 1496.6
1157400 1491.8
1157410 1491.8
1157420 1487.4
1157430 1483.5
1157440 1483.5
1157450 1480.8
1157460 1479.1
1157470 1479.1
1157480 1477.1
1157490 1474.1
1157500 1470.3
1157510 1470.3
1157520 1466.1
1157530 1462.4
1157540 1462.4
1157550 1458.9
1157560 1456.0
1157570 1456.0
1157580 1452.4
1157590 1448.6
1157600 1448.6
1157610 1445.8
1157620 1439.9
1157630 1439.9
1157640 1438.3
1157650 1436.5
1157660 1436.5
1157670 1434.0
1157680 1432.1
1157690 1432.1
1157700 1430.0
1157710 1428.1
1157720 1428.1
1157730 1426.5
1157740 1425.4
1157750 1425.4
1157760 1424.7
1157770 1424.3
1157780 1423.8
1157790 1423.8
1157800 1423.6
1157810 1423.7
1157820 1423.7
1157830 1423.5
1157840 1423.2
1157850 1423.2
1157860 1423.0
1157870 1422.0
1157880 1422.0
1157890 1420.8
1157900 1420.4
1157910 1420.4
1157920 1420.0
1157930 1418.9
1157940 1418.9
1157950 1417.4
1157960 1415.7
1157970 1415.7
1157980 1414.5
1157990 1413.5
1158000 1413.5
1158010 1407.0
1158020 1406.5
1158030 1406.1
1158040 1406.1
1158050 1405.8
1158060 1405.0
1158070 1405.0
1158080 1404.0
1158090 1403.0
1158100 1403.0
1158110 1402.0
1158120 1401.0
1158130 1401.0
1158140 1400.0
1158150 1399.2
1158160 1399.2
1158170 1398.1
1158180 1397.1
1158190 1397.1
1158200 1396.4
1158210 1396.2
1158220 1396.2
1158230 1396.9
1158240 1397.7
1158250 1397.7
1158260 1397.7
1158270 1396.8
1158280 1396.8
1158290 1395.4
1158300 1393.6
1158310 1386.3
1158320 1386.3
1158330 1380.7
1158340 1378.7
1158350 1378.7
1158360 1371.4
1158370 1366.9
1158380 1366.9
1158390 1360.8
1158400 1342.2
1158410 1342.2
1158420 1336.4
1158430 1331.6
1158440 1331.6
1158450 1326.4
1158460 1320.6
1158470 1320.6
1158480 1313.8
1158490 1306.4
1158500 1306.4
1158510 1298.6
1158520 1289.9
1158530 1289.9
1158540 1281.2
1158550 1274.3
1158560 1274.3
1158570 1268.9
1158580 1264.7
1158590 1259.6
1158600 1259.6
1158610 1253.7
1158620 1247.2
1158630 1247.2
1158640 1242.2
1158650 1237.1
1158660 1237.1
1158670 1231.6
1158680 1226.8
1158690 1226.8
1158700 1222.0
1158710 1217.4
1158720 1217.4
1158730 1213.4
1158740 1210.4
1158750 1210.4
1158760 1207.6
1158770 1204.0
1158780 1204.0
1158790 1193.6
1158800 1189.2
1158810 1189.2
1158820 1183.0
1158830 1176.1
1158840 1176.1
1158850 1169.2
1158860 1162.7
1158870 1156.3
1158880 1156.3
1158890 1149.6
1158900 1142.7
1158910 1142.7
1158920 1136.2
1158930 1130.5
1158940 1130.5
1158950 1124.8
1158960 1118.9
1158970 1118.9
1158980 1112.8
1158990 1106.9
1159000 1106.9
1159010 1101.7
1159020 1096.9
1159030 1096.9
1159040 1093.5
1159050 1090.3
1159060 1090.3
1159070 1084.0
1159080 1076.5
1159090 1076.5
1159100 1071.9
1159110 1072.7
1159120 1067.6
1159130 1067.6
1159140 1064.1
1159150 1062.6
1159160 1062.6
1159170 1061.6
1159180 1058.4
1159190 1055.7
1159200 1053.3
1159210 1050.9
1159220 1050.9
1159230 1048.3
1159240 1047.0
1159250 1047.0
1159260 1046.8
1159270 1046.5
1159280 1046.5
1159290 1045.7
1159300 1045.1
1159310 1045.1
1159320 1044.8
1159330 1044.8
1159340 1044.8
1159350 1044.0
1159360 1042.9
1159370 1042.9
1159380 1042.5
1159390 1042.5
1159400 1042.7
1159410 1042.7
1159420 1043.0
1159430 1043.4
1159440 1043.4
1159450 1043.7
1159460 1043.9
1159470 1043.9
1159480 1044.1
1159490 1044.2
1159500 1044.2
1159510 1044.2
1159520 1044.3
1159530 1044.3
1159540 1044.3
1159550 1044.2
1159560 1044.2
1159570 1044.0
1159580 1043.7
1159590 1043.7
1159600 1043.6
1159610 1043.5
1159620 1043.5
1159630 1043.4
1159640 1043.4
1159650 1043.4
1159660 1043.3
1159670 1043.3
1159680 1043.2
1159690 1043.2
1159700 1043.1
1159710 1042.8
1159720 1042.8
1159730 1042.7
1159740 1042.8
1159750 1042.8
1159760 1044.4
1159770 1044.7
1159780 1044.7
1159790 1044.5
1159800 1044.4
1159810 1044.4
1159820 1044.3
1159830 1044.3
1159840 1044.3
1159850 1044.3
1159860 1044.2
1159870 1044.2
1159880 1044.2
1159890 1044.2
1159900 1044.2
1159910 1044.1
1159920 1044.0
1159930 1043.8
1159940 1043.8
1159950 1043.8
1159960 1043.7
1159970 1043.8
1159980 1043.7
1159990 1043.7
