1140000 1995.9
1140010 1995.2
1140020 2002.5
1140030 2000.2
1140040 1997.3
1140050 1997.3
1140060 1994.6
1140070 1987.7
1140080 1987.7
1140090 1987.2
1140100 1983.8
1140110 1983.8
1140120 1981.4
1140130 1985.6
1140140 1985.6
1140150 1985.9
1140160 1983.3
1140170 1983.3
1140180 1976.4
1140190 1968.4
1140200 1968.4
1140210 1957.9
1140220 1952.7
1140230 1949.4
1140240 1949.4
1140250 1952.3
1140260 1952.7
1140270 1952.7
1140280 1957.7
1140290 1962.7
1140300 1962.7
1140310 1966.7
1140320 1970.1
1140330 1970.1
1140340 1973.6
1140350 1977.3
1140360 1977.3
1140370 1978.2
1140380 1974.0
1140390 1979.5
1140400 1975.8
1140410 1971.2
1140420 1971.2
1140430 1965.5
1140440 1961.7
1140450 1961.7
1140460 1966.3
1140470 1970.6
1140480 1970.6
1140490 1973.8
1140500 1977.0
1140510 1977.7
1140520 1977.7
1140530 1979.4
1140540 1984.8
1140550 1984.8
1140560 1989.8
1140570 1992.2
1140580 1992.2
1140590 1996.6
1140600 2001.7
1140610 2001.7
1140620 2002.3
1140630 2001.5
1140640 2001.5
1140650 2000.7
1140660 1999.3
1140670 1999.3
1140680 1997.4
1140690 1995.8
1140700 1995.8
1140710 1995.5
1140720 1996.5
1140730 1996.5
1140740 1997.2
1140750 1998.8
1140760 2001.2
1140770 2002.3
1140780 2003.2
1140790 2004.1
1140800 2004.1
1140810 2004.7
1140820 2005.0
1140830 2005.0
1140840 2005.1
1140850 2005.1
1140860 2005.1
1140870 2005.0
1140880 2004.0
1140890 2004.0
1140900 2005.9
1140910 2008.4
1140920 2008.4
1140930 2010.6
1140940 2012.3
1140950 2012.3
1140960 2014.7
1140970 2017.2
1140980 2017.2
1140990 2020.5
1141000 2024.6
1141010 2024.6
1141020 2029.6
1141030 2034.8
1141040 2034.8
1141050 2038.8
1141060 2043.1
1141070 2047.0
1141080 2047.0
1141090 2049.9
1141100 2051.5
1141110 2051.5
1141120 2052.2
1141130 2055.4
1141140 2055.4
1141150 2055.4
1141160 2054.9
1141170 2054.9
1141180 2054.4
1141190 2053.0
1141200 2053.0
1141210 2052.2
1141220 2051.2
1141230 2051.2
1141240 2049.4
1141250 2047.4
1141260 2047.4
1141270 2047.0
1141280 2047.0
1141290 2047.0
1141300 2047.0
1141310 2047.0
1141320 2047.0
1141330 2047.0
1141340 2047.0
1141350 2047.0
1141360 2047.0
1141370 2047.0
1141380 2047.0
1141390 2047.0
1141400 2047.0
1141410 2047.0
1141420 2047.0
1141430 2047.0
1141440 2047.0
1141450 2047.0
1141460 2047.4
1141470 2050.3
1141480 2050.3
1141490 2055.0
1141500 2061.5
1141510 2061.5
1141520 2064.2
1141530 2065.4
1141540 2065.4
1141550 2065.0
1141560 2064.6
1141570 2064.6
1141580 2063.8
1141590 2065.3
1141600 2067.0
1141610 2067.0
1141620 2066.9
1141630 2067.3
1141640 2067.3
1141650 2070.5
1141660 2075.0
1141670 2075.0
1141680 2080.4
1141690 2085.9
1141700 2085.9
1141710 2092.1
1141720 2097.8
1141730 2097.8
1141740 2102.9
1141750 2109.3
1141760 2109.3
1141770 2115.7
1141780 2119.9
1141790 2119.9
1141800 2122.4
1141810 2125.6
1141820 2125.6
1141830 2129.2
1141840 2133.2
1141850 2133.2
1141860 2138.3
1141870 2145.3
1141880 2151.7
1141890 2151.7
1141900 2158.6
1141910 2165.7
1141920 2165.7
1141930 2172.5
1141940 2179.1
1141950 2179.1
1141960 2185.7
1141970 2192.3
1141980 2192.3
1141990 2198.9
1142000 2204.8
1142010 2204.8
1142020 2208.7
1142030 2219.8
1142040 2219.8
1142050 2237.1
1142060 2253.7
1142070 2253.7
1142080 2276.6
1142090 2284.5
1142100 2284.5
1142110 2291.7
1142120 2298.2
1142130 2298.2
1142140 2302.7
1142150 2301.5
1142160 2295.1
1142170 2295.1
1142180 2285.3
1142190 2276.1
1142200 2276.1
1142210 2273.2
1142220 2271.3
1142230 2271.3
1142240 2275.4
1142250 2294.1
1142260 2294.1
1142270 2283.5
1142280 2278.6
1142290 2278.6
1142300 2281.2
1142310 2282.2
1142320 2282.2
1142330 2283.8
1142340 2287.0
1142350 2287.0
1142360 2289.0
1142370 2289.0
1142380 2289.0
1142390 2287.8
1142400 2285.0
1142410 2285.0
1142420 2280.8
1142430 2275.9
1142440 2270.5
1142450 2270.5
1142460 2266.2
1142470 2262.2
1142480 2262.2
1142490 2257.9
1142500 2256.4
1142510 2256.4
1142520 2256.5
1142530 2256.8
1142540 2256.8
1142550 2256.9
1142560 2255.8
1142570 2255.8
1142580 2255.2
1142590 2256.0
1142600 2256.0
1142610 2256.9
1142620 2264.0
1142630 2264.0
1142640 2262.0
1142650 2260.0
1142660 2260.0
1142670 2259.3
1142680 2257.0
1142690 2256.9
1142700 2256.9
1142710 2258.4
1142720 2260.7
1142730 2260.7
1142740 2259.7
1142750 2258.4
1142760 2258.4
1142770 2259.0
1142780 2258.7
1142790 2258.7
1142800 2258.8
1142810 2261.1
1142820 2261.1
1142830 2264.0
1142840 2265.0
1142850 2265.0
1142860 2263.6
1142870 2262.7
1142880 2262.7
1142890 2262.3
1142900 2262.5
1142910 2262.5
1142920 2262.4
1142930 2262.7
1142940 2262.7
1142950 2264.6
1142960 2266.3
1142970 2266.9
1142980 2266.9
1142990 2263.3
1143000 2261.8
1143010 2261.8
1143020 2262.9
1143030 2263.5
1143040 2263.5
1143050 2264.8
1143060 2266.0
1143070 2266.0
1143080 2263.5
1143090 2260.0
1143100 2260.0
1143110 2260.0
1143120 2261.5
1143130 2261.5
1143140 2262.5
1143150 2264.2
1143160 2264.2
1143170 2266.4
1143180 2266.4
1143190 2266.4
1143200 2266.7
1143210 2265.4
1143220 2265.4
1143230 2266.5
1143240 2271.2
1143250 2275.3
1143260 2275.3
1143270 2278.4
1143280 2280.2
1143290 2280.2
1143300 2281.1
1143310 2280.5
1143320 2280.5
1143330 2280.3
1143340 2281.0
1143350 2281.0
1143360 2282.2
1143370 2281.5
1143380 2281.5
1143390 2280.9
1143400 2283.6
1143410 2283.6
1143420 2288.8
1143430 2292.7
1143440 2292.7
1143450 2296.0
1143460 2299.2
1143470 2299.2
1143480 2302.8
1143490 2305.7
1143500 2305.7
1143510 2309.4
1143520 2312.6
1143530 2317.7
1143540 2317.7
1143550 2324.0
1143560 2330.0
1143570 2330.0
1143580 2334.6
1143590 2336.1
1143600 2336.1
1143610 2336.5
1143620 2340.4
1143630 2340.4
1143640 2344.8
1143650 2345.3
1143660 2345.3
1143670 2345.4
1143680 2345.4
1143690 2345.4
1143700 2345.2
1143710 2346.2
1143720 2346.2
1143730 2346.5
1143740 2348.1
1143750 2348.1
1143760 2349.1
1143770 2349.5
1143780 2349.5
1143790 2349.1
1143800 2348.6
1143810 2347.3
1143820 2347.3
1143830 2344.9
1143840 2344.3
1143850 2344.3
1143860 2346.1
1143870 2349.1
1143880 2349.1
1143890 2351.4
1143900 2355.5
1143910 2355.5
1143920 2358.7
1143930 2360.5
1143940 2360.5
1143950 2361.1
1143960 2361.8
1143970 2361.8
1143980 2365.1
1143990 2368.5
1144000 2368.5
1144010 2371.7
1144020 2373.7
1144030 2373.7
1144040 2374.2
1144050 2374.7
1144060 2377.3
1144070 2377.3
1144080 2381.3
1144090 2385.5
1144100 2385.5
1144110 2392.3
1144120 2395.3
1144130 2395.3
1144140 2398.4
1144150 2401.3
1144160 2401.3
1144170 2404.4
1144180 2408.2
1144190 2408.2
1144200 2412.3
1144210 2416.0
1144220 2416.0
1144230 2419.3
1144240 2422.8
1144250 2422.8
1144260 2427.1
1144270 2432.2
1144280 2432.2
1144290 2437.8
1144300 2443.5
1144310 2443.5
1144320 2449.2
1144330 2454.8
1144340 2460.2
1144350 2460.2
1144360 2465.2
1144370 2469.8
1144380 2469.8
1144390 2480.5
1144400 2498.5
1144410 2498.5
1144420 2521.6
1144430 2552.9
1144440 2552.9
1144450 2568.1
1144460 2577.0
1144470 2577.0
1144480 2574.4
1144490 2564.3
1144500 2564.3
1144510 2554.6
1144520 2544.3
1144530 2544.3
1144540 2534.5
1144550 2529.0
1144560 2529.0
1144570 2523.5
1144580 2517.4
1144590 2517.4
1144600 2511.3
1144610 2505.8
1144620 2500.1
1144630 2500.1
1144640 2495.8
1144650 2492.6
1144660 2492.6
1144670 2488.8
1144680 2487.9
1144690 2487.9
1144700 2485.4
1144710 2482.6
1144720 2482.6
1144730 2479.7
1144740 2475.8
1144750 2475.8
1144760 2472.1
1144770 2468.7
1144780 2468.7
1144790 2465.1
1144800 2463.3
1144810 2463.3
1144820 2461.4
1144830 2457.1
1144840 2457.1
1144850 2452.7
1144860 2455.3
1144870 2455.3
1144880 2452.6
1144890 2446.8
1144900 2447.0
1144910 2447.0
1144920 2442.8
1144930 2434.8
1144940 2434.8
1144950 2428.6
1144960 2422.5
1144970 2422.5
1144980 2416.6
1144990 2411.1
1145000 2411.1
1145010 2406.0
1145020 2401.5
1145030 2401.5
1145040 2397.3
1145050 2392.5
1145060 2392.5
1145070 2389.1
1145080 2387.6
1145090 2387.6
1145100 2387.1
1145110 2387.5
1145120 2387.5
1145130 2389.0
1145140 2389.3
1145150 2389.3
1145160 2387.8
1145170 2389.5
1145180 2389.4
1145190 2389.4
1145200 2385.6
1145210 2382.2
1145220 2382.2
1145230 2378.6
1145240 2379.7
1145250 2379.7
1145260 2378.1
1145270 2376.7
1145280 2376.7
1145290 2375.7
1145300 2374.4
1145310 2374.4
1145320 2370.5
1145330 2366.6
1145340 2366.6
1145350 2365.8
1145360 2363.1
1145370 2363.1
1145380 2358.2
1145390 2353.0
1145400 2353.0
1145410 2345.9
1145420 2339.3
1145430 2339.3
1145440 2334.2
1145450 2332.8
1145460 2331.5
1145470 2331.5
1145480 2328.0
1145490 2324.4
1145500 2324.4
1145510 2318.7
1145520 2312.3
1145530 2312.3
1145540 2306.4
1145550 2301.2
1145560 2301.2
1145570 2294.0
1145580 2282.9
1145590 2282.9
1145600 2275.7
1145610 2275.4
1145620 2275.4
1145630 2271.7
1145640 2269.1
1145650 2269.1
1145660 2266.6
1145670 2261.2
1145680 2261.2
1145690 2255.2
1145700 2251.3
1145710 2248.4
1145720 2248.4
1145730 2243.4
1145740 2240.2
1145750 2240.2
1145760 2240.9
1145770 2239.6
1145780 2239.6
1145790 2237.3
1145800 2233.3
1145810 2233.3
1145820 2229.7
1145830 2224.7
1145840 2224.7
1145850 2218.7
1145860 2214.0
1145870 2214.0
1145880 2209.8
1145890 2205.2
1145900 2205.2
1145910 2203.7
1145920 2201.2
1145930 2201.2
1145940 2196.1
1145950 2190.0
1145960 2190.0
1145970 2181.6
1145980 2177.0
1145990 2172.8
1146000 2172.8
1146010 2169.2
1146020 2170.9
1146030 2170.9
1146040 2169.4
1146050 2164.8
1146060 2164.8
1146070 2157.8
1146080 2150.2
1146090 2150.2
1146100 2144.0
1146110 2140.2
1146120 2140.2
1146130 2135.7
1146140 2130.2
1146150 2130.2
1146160 2124.8
1146170 2120.2
1146180 2120.2
1146190 2119.4
1146200 2117.3
1146210 2117.3
1146220 2111.2
1146230 2104.9
1146240 2104.9
1146250 2101.1
1146260 2097.5
1146270 2093.4
1146280 2093.4
1146290 2091.3
1146300 2087.6
1146310 2087.6
1146320 2081.3
1146330 2078.5
1146340 2078.5
1146350 2076.6
1146360 2070.4
1146370 2070.4
1146380 2071.3
1146390 2069.6
1146400 2069.6
1146410 2066.8
1146420 2061.9
1146430 2061.9
1146440 2057.9
1146450 2055.2
1146460 2055.2
1146470 2053.1
1146480 2050.1
1146490 2050.1
1146500 2046.4
1146510 2043.3
1146520 2043.3
1146530 2042.6
1146540 2041.3
1146550 2037.4
1146560 2037.4
1146570 2032.2
1146580 2026.9
1146590 2026.9
1146600 2021.5
1146610 2016.3
1146620 2016.3
1146630 2012.0
1146640 2005.5
1146650 2005.5
1146660 1996.8
1146670 1987.0
1146680 1987.0
1146690 1979.0
1146700 1973.0
1146710 1973.0
1146720 1968.1
1146730 1964.6
1146740 1959.8
1146750 1957.4
1146760 1954.5
1146770 1954.5
1146780 1951.9
1146790 1950.2
1146800 1950.2
1146810 1946.1
1146820 1940.5
1146830 1936.3
1146840 1936.3
1146850 1932.0
1146860 1927.0
1146870 1927.0
1146880 1923.1
1146890 1923.5
1146900 1923.5
1146910 1926.4
1146920 1927.3
1146930 1927.3
1146940 1926.4
1146950 1920.5
1146960 1920.5
1146970 1918.3
1146980 1930.4
1146990 1930.4
1147000 1947.7
1147010 1945.2
1147020 1945.2
1147030 1950.2
1147040 1950.8
1147050 1950.8
1147060 1944.5
1147070 1945.4
1147080 1944.3
1147090 1944.3
1147100 1939.6
1147110 1934.0
1147120 1925.1
1147130 1916.6
1147140 1908.9
1147150 1908.9
1147160 1906.3
1147170 1903.5
1147180 1903.5
1147190 1898.5
1147200 1887.9
1147210 1887.9
1147220 1873.2
1147230 1861.7
1147240 1861.7
1147250 1860.1
1147260 1859.4
1147270 1859.4
1147280 1851.2
1147290 1840.5
1147300 1840.5
1147310 1827.0
1147320 1819.7
1147330 1819.7
1147340 1813.3
1147350 1806.8
1147360 1801.3
1147370 1801.3
1147380 1797.3
1147390 1793.4
1147400 1793.4
1147410 1786.0
1147420 1781.3
1147430 1781.3
1147440 1773.5
1147450 1764.6
1147460 1764.6
1147470 1760.2
1147480 1755.2
1147490 1749.7
1147500 1744.7
1147510 1739.5
1147520 1739.5
1147530 1734.3
1147540 1728.7
1147550 1728.7
1147560 1724.7
1147570 1720.5
1147580 1720.5
1147590 1716.0
1147600 1711.3
1147610 1711.3
1147620 1707.3
1147630 1701.1
1147640 1694.2
1147650 1694.2
1147660 1688.6
1147670 1683.8
1147680 1683.8
1147690 1678.7
1147700 1673.5
1147710 1673.5
1147720 1669.2
1147730 1665.2
1147740 1665.2
1147750 1660.3
1147760 1655.3
1147770 1655.3
1147780 1649.8
1147790 1644.0
1147800 1644.0
1147810 1638.3
1147820 1632.8
1147830 1632.8
1147840 1627.4
1147850 1622.5
1147860 1622.5
1147870 1619.1
1147880 1617.7
1147890 1617.7
1147900 1616.9
1147910 1614.8
1147920 1612.0
1147930 1612.0
1147940 1608.3
1147950 1604.4
1147960 1604.4
1147970 1601.0
1147980 1597.6
1147990 1597.6
1148000 1593.7
1148010 1591.4
1148020 1591.4
1148030 1591.8
1148040 1594.6
1148050 1594.6
1148060 1596.1
1148070 1596.3
1148080 1596.3
1148090 1596.5
1148100 1597.1
1148110 1597.1
1148120 1597.8
1148130 1598.7
1148140 1598.7
1148150 1599.7
1148160 1600.3
1148170 1600.3
1148180 1603.2
1148190 1605.4
1148200 1606.8
1148210 1606.8
1148220 1607.8
1148230 1609.8
1148240 1609.8
1148250 1614.8
1148260 1616.0
1148270 1616.0
1148280 1617.4
1148290 1619.2
1148300 1619.2
1148310 1620.1
1148320 1621.0
1148330 1621.0
1148340 1621.7
1148350 1623.0
1148360 1623.0
1148370 1624.6
1148380 1626.4
1148390 1626.4
1148400 1627.6
1148410 1629.2
1148420 1629.2
1148430 1631.5
1148440 1635.7
1148450 1641.0
1148460 1641.0
1148470 1646.3
1148480 1652.5
1148490 1652.5
1148500 1658.6
1148510 1664.2
1148520 1664.2
1148530 1671.1
1148540 1677.5
1148550 1677.5
1148560 1683.1
1148570 1691.3
1148580 1691.3
1148590 1691.6
1148600 1690.1
1148610 1690.1
1148620 1692.6
1148630 1703.9
1148640 1703.9
1148650 1709.1
1148660 1715.0
1148670 1715.0
1148680 1719.4
1148690 1724.8
1148700 1724.8
1148710 1731.9
1148720 1742.1
1148730 1756.1
1148740 1756.1
1148750 1767.8
1148760 1775.9
1148770 1775.9
1148780 1782.0
1148790 1789.5
1148800 1789.5
1148810 1796.2
1148820 1801.8
1148830 1801.8
1148840 1809.4
1148850 1816.7
1148860 1816.7
1148870 1823.3
1148880 1828.5
1148890 1828.5
1148900 1831.1
1148910 1829.8
1148920 1829.8
1148930 1827.5
1148940 1825.8
1148950 1825.8
1148960 1824.8
1148970 1822.7
1148980 1822.7
1148990 1821.2
1149000 1821.0
1149010 1824.4
1149020 1824.4
1149030 1822.2
1149040 1819.1
1149050 1819.1
1149060 1816.7
1149070 1815.3
1149080 1815.3
1149090 1814.2
1149100 1812.6
1149110 1812.6
1149120 1810.6
1149130 1806.8
1149140 1806.8
1149150 1803.5
1149160 1800.2
1149170 1800.2
1149180 1796.9
1149190 1793.2
1149200 1793.2
1149210 1790.3
1149220 1787.7
1149230 1787.7
1149240 1784.6
1149250 1781.7
1149260 1781.7
1149270 1778.9
1149280 1775.4
1149290 1771.2
1149300 1771.2
1149310 1766.5
1149320 1762.1
1149330 1762.1
1149340 1758.3
1149350 1754.5
1149360 1754.5
1149370 1751.1
1149380 1747.6
1149390 1752.7
1149400 1749.2
1149410 1744.5
1149420 1744.5
1149430 1737.8
1149440 1729.9
1149450 1729.9
1149460 1721.4
1149470 1712.5
1149480 1712.5
1149490 1703.9
1149500 1695.5
1149510 1695.5
1149520 1685.5
1149530 1676.1
1149540 1676.1
1149550 1667.9
1149560 1664.1
1149570 1662.9
1149580 1662.9
1149590 1669.0
1149600 1678.6
1149610 1678.6
1149620 1686.6
1149630 1692.3
1149640 1692.3
1149650 1695.1
1149660 1698.0
1149670 1698.0
1149680 1698.6
1149690 1695.5
1149700 1695.5
1149710 1691.9
1149720 1687.8
1149730 1687.8
1149740 1684.4
1149750 1681.1
1149760 1681.1
1149770 1683.5
1149780 1680.7
1149790 1680.7
1149800 1674.7
1149810 1667.6
1149820 1668.6
1149830 1668.6
1149840 1670.4
1149850 1666.9
1149860 1666.9
1149870 1662.6
1149880 1659.9
1149890 1659.9
1149900 1656.0
1149910 1651.9
1149920 1651.9
1149930 1647.7
1149940 1643.4
1149950 1643.4
1149960 1638.8
1149970 1634.3
1149980 1634.3
1149990 1630.0
1150000 1625.1
1150010 1625.1
1150020 1619.3
1150030 1613.2
1150040 1613.2
1150050 1607.4
1150060 1600.3
1150070 1600.3
1150080 1591.7
1150090 1582.1
1150100 1573.8
1150110 1573.8
1150120 1567.3
1150130 1560.7
1150140 1560.7
1150150 1542.9
1150160 1532.2
1150170 1532.2
1150180 1523.1
1150190 1514.7
1150200 1514.7
1150210 1506.6
1150220 1498.8
1150230 1498.8
1150240 1492.3
1150250 1486.0
1150260 1486.0
1150270 1480.5
1150280 1478.3
1150290 1478.3
1150300 1470.7
1150310 1456.4
1150320 1456.4
1150330 1444.8
1150340 1435.9
1150350 1435.9
1150360 1427.3
1150370 1419.1
1150380 1411.4
1150390 1411.4
1150400 1404.3
1150410 1397.5
1150420 1397.5
1150430 1391.0
1150440 1384.5
1150450 1384.5
1150460 1378.0
1150470 1371.8
1150480 1371.8
1150490 1365.6
1150500 1359.5
1150510 1359.5
1150520 1353.6
1150530 1344.5
1150540 1344.5
1150550 1339.2
1150560 1333.6
1150570 1333.6
1150580 1328.9
1150590 1324.8
1150600 1324.8
1150610 1322.3
1150620 1318.0
1150630 1318.0
1150640 1310.1
1150650 1304.6
1150660 1302.3
1150670 1302.3
1150680 1297.0
1150690 1289.5
1150700 1289.5
1150710 1287.6
1150720 1286.9
1150730 1286.9
1150740 1291.0
1150750 1298.0
1150760 1298.0
1150770 1304.7
1150780 1310.9
1150790 1310.9
1150800 1316.2
1150810 1321.2
1150820 1321.2
1150830 1325.2
1150840 1329.9
1150850 1329.9
1150860 1337.6
1150870 1344.9
1150880 1344.9
1150890 1351.8
1150900 1357.8
1150910 1355.4
1150920 1363.3
1150930 1370.3
1150940 1376.1
1150950 1376.1
1150960 1382.3
1150970 1390.1
1150980 1390.1
1150990 1398.6
1151000 1407.0
1151010 1407.0
1151020 1415.0
1151030 1420.4
1151040 1420.4
1151050 1425.9
1151060 1436.2
1151070 1436.2
1151080 1442.8
1151090 1450.1
1151100 1450.1
1151110 1458.0
1151120 1467.2
1151130 1467.2
1151140 1490.5
1151150 1519.6
1151160 1519.6
1151170 1557.7
1151180 1583.6
1151190 1594.4
1151200 1594.4
1151210 1598.4
1151220 1602.1
1151230 1602.1
1151240 1607.3
1151250 1612.5
1151260 1612.5
1151270 1616.7
1151280 1620.5
1151290 1616.2
1151300 1616.9
1151310 1622.0
1151320 1622.0
1151330 1628.2
1151340 1634.2
1151350 1634.2
1151360 1640.9
1151370 1646.7
1151380 1646.7
1151390 1652.3
1151400 1657.9
1151410 1657.9
1151420 1663.5
1151430 1668.6
1151440 1668.6
1151450 1673.1
1151460 1677.4
1151470 1681.1
1151480 1681.1
1151490 1684.8
1151500 1688.5
1151510 1688.5
1151520 1690.7
1151530 1692.8
1151540 1692.8
1151550 1695.7
1151560 1699.5
1151570 1699.5
1151580 1704.4
1151590 1709.4
1151600 1709.4
1151610 1715.5
1151620 1721.5
1151630 1721.5
1151640 1723.7
1151650 1723.5
1151660 1723.5
1151670 1713.2
1151680 1713.3
1151690 1713.3
1151700 1713.2
1151710 1716.1
1151720 1716.1
1151730 1717.0
1151740 1716.7
1151750 1717.1
1151760 1717.1
1151770 1718.6
1151780 1722.1
1151790 1722.1
1151800 1725.8
1151810 1727.8
1151820 1727.8
1151830 1732.0
1151840 1738.1
1151850 1738.1
1151860 1742.6
1151870 1745.9
1151880 1745.9
1151890 1748.9
1151900 1753.3
1151910 1753.3
1151920 1756.5
1151930 1760.6
1151940 1760.6
1151950 1776.7
1151960 1785.8
1151970 1785.8
1151980 1788.8
1151990 1792.0
1152000 1792.0
1152010 1794.5
1152020 1797.4
1152030 1801.3
1152040 1801.3
1152050 1804.7
1152060 1817.6
1152070 1817.6
1152080 1820.8
1152090 1823.1
1152100 1823.1
1152110 1827.3
1152120 1832.1
1152130 1832.1
1152140 1835.2
1152150 1840.3
1152160 1840.3
1152170 1847.5
1152180 1856.1
1152190 1856.1
1152200 1862.9
1152210 1867.9
1152220 1867.9
1152230 1872.4
1152240 1877.6
1152250 1877.6
1152260 1882.8
1152270 1887.5
1152280 1887.5
1152290 1892.5
1152300 1897.3
1152310 1902.4
1152320 1902.4
1152330 1908.1
1152340 1914.2
1152350 1914.2
1152360 1920.2
1152370 1925.7
1152380 1925.7
1152390 1931.2
1152400 1937.3
1152410 1937.3
1152420 1943.6
1152430 1949.9
1152440 1948.6
1152450 1954.1
1152460 1959.6
1152470 1959.6
1152480 1965.4
1152490 1972.3
1152500 1972.3
1152510 1978.4
1152520 1984.8
1152530 1984.8
1152540 1991.4
1152550 1997.5
1152560 2003.5
1152570 2003.5
1152580 2010.1
1152590 2017.2
1152600 2017.2
1152610 2024.2
1152620 2031.6
1152630 2031.6
1152640 2038.6
1152650 2045.2
1152660 2045.2
1152670 2052.2
1152680 2059.8
1152690 2059.8
1152700 2068.5
1152710 2076.6
1152720 2076.6
1152730 2082.8
1152740 2089.5
1152750 2089.5
1152760 2095.5
1152770 2101.6
1152780 2101.6
1152790 2108.2
1152800 2114.9
1152810 2114.9
1152820 2118.2
1152830 2124.6
1152840 2129.9
1152850 2129.9
1152860 2134.2
1152870 2138.4
1152880 2138.4
1152890 2143.4
1152900 2148.3
1152910 2148.3
1152920 2150.3
1152930 2149.8
1152940 2149.8
1152950 2147.3
1152960 2143.0
1152970 2143.0
1152980 2139.7
1152990 2136.1
1153000 2136.1
1153010 2131.4
1153020 2126.6
1153030 2126.6
1153040 2123.6
1153050 2121.2
1153060 2121.2
1153070 2118.8
1153080 2116.6
1153090 2116.6
1153100 2113.9
1153110 2110.6
1153120 2108.6
1153130 2108.6
1153140 2107.1
1153150 2105.6
1153160 2105.6
1153170 2104.2
1153180 2103.2
1153190 2103.2
1153200 2102.4
1153210 2099.4
1153220 2099.4
1153230 2101.2
1153240 2103.5
1153250 2103.5
1153260 2106.0
1153270 2107.3
1153280 2107.3
1153290 2107.0
1153300 2107.0
1153310 2107.0
1153320 2107.3
1153330 2105.9
1153340 2105.9
1153350 2102.6
1153360 2098.9
1153370 2098.9
1153380 2095.6
1153390 2092.5
1153400 2088.8
1153410 2088.8
1153420 2083.9
1153430 2078.1
1153440 2078.1
1153450 2073.8
1153460 2071.8
1153470 2071.8
1153480 2072.0
1153490 2071.1
1153500 2071.1
1153510 2068.2
1153520 2065.1
1153530 2065.1
1153540 2062.1
1153550 2058.5
1153560 2058.5
1153570 2049.5
1153580 2037.2
1153590 2032.3
1153600 2023.6
1153610 2016.1
1153620 2016.1
1153630 2008.5
1153640 2002.5
1153650 2002.5
1153660 1998.1
1153670 1995.9
1153680 1994.6
1153690 1994.6
1153700 1990.5
1153710 1986.6
1153720 1986.6
1153730 1982.8
1153740 1978.7
1153750 1978.7
1153760 1975.2
1153770 1972.4
1153780 1972.4
1153790 1968.8
1153800 1965.3
1153810 1965.3
1153820 1962.9
1153830 1960.2
1153840 1960.2
1153850 1957.8
1153860 1955.4
1153870 1955.4
1153880 1953.7
1153890 1951.4
1153900 1951.4
1153910 1949.8
1153920 1947.9
1153930 1946.8
1153940 1946.8
1153950 1944.6
1153960 1943.0
1153970 1943.0
1153980 1936.7
1153990 1933.7
1154000 1933.7
1154010 1933.2
1154020 1936.4
1154030 1936.4
1154040 1937.3
1154050 1935.6
1154060 1935.6
1154070 1935.0
1154080 1935.6
1154090 1935.6
1154100 1935.3
1154110 1936.7
1154120 1936.7
1154130 1936.1
1154140 1933.8
1154150 1933.8
1154160 1930.2
1154170 1927.6
1154180 1927.6
1154190 1928.2
1154200 1927.3
1154210 1927.5
1154220 1927.5
1154230 1928.4
1154240 1929.1
1154250 1929.1
1154260 1929.7
1154270 1931.1
1154280 1931.1
1154290 1932.8
1154300 1934.4
1154310 1934.4
1154320 1935.7
1154330 1938.7
1154340 1938.7
1154350 1941.4
1154360 1931.7
1154370 1931.7
1154380 1932.7
1154390 1933.7
1154400 1933.7
1154410 1939.9
1154420 1942.0
1154430 1942.0
1154440 1940.5
1154450 1936.5
1154460 1936.5
1154470 1932.8
1154480 1928.8
1154490 1925.3
1154500 1925.3
1154510 1925.6
1154520 1926.2
1154530 1926.2
1154540 1927.7
1154550 1926.6
1154560 1926.6
1154570 1924.5
1154580 1922.0
1154590 1922.0
1154600 1919.9
1154610 1919.3
1154620 1919.3
1154630 1917.7
1154640 1915.9
1154650 1915.9
1154660 1914.6
1154670 1913.5
1154680 1913.5
1154690 1912.5
1154700 1910.6
1154710 1910.6
1154720 1909.5
1154730 1908.6
1154740 1908.6
1154750 1904.4
1154760 1903.3
1154770 1902.3
1154780 1902.3
1154790 1900.6
1154800 1898.5
1154810 1898.5
1154820 1896.9
1154830 1895.6
1154840 1895.6
1154850 1894.6
1154860 1893.1
1154870 1893.1
1154880 1891.4
1154890 1889.9
1154900 1889.9
1154910 1888.2
1154920 1886.5
1154930 1886.5
1154940 1884.5
1154950 1882.4
1154960 1882.4
1154970 1880.7
1154980 1876.1
1154990 1876.1
1155000 1868.8
1155010 1862.6
1155020 1862.6
1155030 1856.7
1155040 1851.6
1155050 1847.6
1155060 1847.6
1155070 1842.8
1155080 1836.6
1155090 1836.6
1155100 1832.6
1155110 1835.2
1155120 1835.2
1155130 1839.9
1155140 1836.6
1155150 1836.6
1155160 1838.5
1155170 1839.1
1155180 1839.1
1155190 1838.3
1155200 1837.0
1155210 1837.0
1155220 1835.5
1155230 1830.3
1155240 1830.3
1155250 1824.2
1155260 1819.1
1155270 1819.1
1155280 1815.2
1155290 1812.0
1155300 1810.0
1155310 1810.0
1155320 1807.0
1155330 1804.1
1155340 1804.1
1155350 1801.4
1155360 1798.4
1155370 1798.4
1155380 1796.3
1155390 1795.0
1155400 1795.0
1155410 1793.4
1155420 1792.6
1155430 1792.6
1155440 1791.0
1155450 1789.5
1155460 1789.5
1155470 1789.1
1155480 1789.3
1155490 1789.3
1155500 1791.4
1155510 1794.2
1155520 1786.9
1155530 1787.2
1155540 1786.4
1155550 1786.4
1155560 1782.7
1155570 1778.2
1155580 1774.6
1155590 1774.6
1155600 1771.0
1155610 1769.7
1155620 1769.7
1155630 1768.5
1155640 1768.0
1155650 1768.0
1155660 1767.9
1155670 1767.4
1155680 1767.4
1155690 1768.2
1155700 1769.0
1155710 1769.0
1155720 1770.1
1155730 1770.9
1155740 1770.9
1155750 1771.6
1155760 1772.6
1155770 1772.6
1155780 1771.1
1155790 1769.7
1155800 1769.7
1155810 1770.0
1155820 1771.4
1155830 1771.4
1155840 1774.8
1155850 1779.0
1155860 1780.8
1155870 1780.8
1155880 1784.3
1155890 1788.3
1155900 1788.3
1155910 1787.6
1155920 1788.3
1155930 1788.3
1155940 1788.3
1155950 1788.9
1155960 1788.9
1155970 1789.5
1155980 1787.8
1155990 1787.8
1156000 1787.5
1156010 1792.6
1156020 1792.6
1156030 1796.6
1156040 1798.5
1156050 1798.5
1156060 1800.2
1156070 1801.9
1156080 1801.9
1156090 1803.3
1156100 1804.5
1156110 1804.5
1156120 1804.9
1156130 1805.1
1156140 1807.6
1156150 1807.6
1156160 1809.7
1156170 1811.6
1156180 1811.6
1156190 1813.5
1156200 1815.3
1156210 1815.3
1156220 1817.6
1156230 1820.1
1156240 1820.1
1156250 1822.6
1156260 1824.7
1156270 1824.7
1156280 1825.9
1156290 1827.0
1156300 1820.3
1156310 1821.9
1156320 1823.0
1156330 1823.0
1156340 1823.5
1156350 1823.6
1156360 1823.6
1156370 1823.5
1156380 1824.0
1156390 1824.0
1156400 1824.2
1156410 1823.7
1156420 1823.5
1156430 1823.5
1156440 1825.2
1156450 1826.6
1156460 1826.6
1156470 1826.7
1156480 1827.4
1156490 1827.4
1156500 1831.4
1156510 1836.7
1156520 1836.7
1156530 1841.3
1156540 1845.1
1156550 1845.1
1156560 1847.9
1156570 1850.9
1156580 1850.9
1156590 1853.5
1156600 1856.1
1156610 1856.1
1156620 1860.4
1156630 1865.0
1156640 1865.0
1156650 1870.0
1156660 1874.9
1156670 1879.4
1156680 1879.4
1156690 1881.2
1156700 1883.7
1156710 1883.7
1156720 1884.8
1156730 1884.5
1156740 1884.5
1156750 1882.1
1156760 1878.1
1156770 1878.1
1156780 1874.2
1156790 1871.7
1156800 1871.7
1156810 1870.9
1156820 1870.3
1156830 1870.3
1156840 1870.0
1156850 1869.7
1156860 1869.7
1156870 1869.3
1156880 1868.8
1156890 1868.8
1156900 1867.4
1156910 1865.6
1156920 1865.6
1156930 1863.5
1156940 1862.3
1156950 1861.4
1156960 1861.4
1156970 1860.5
1156980 1859.6
1156990 1859.6
1157000 1860.3
1157010 1862.3
1157020 1862.3
1157030 1863.7
1157040 1865.0
1157050 1865.0
1157060 1865.3
1157070 1864.6
1157080 1865.6
1157090 1863.9
1157100 1861.9
1157110 1861.9
1157120 1859.8
1157130 1857.0
1157140 1857.0
1157150 1854.0
1157160 1851.1
1157170 1851.1
1157180 1849.2
1157190 1847.7
1157200 1847.7
1157210 1845.9
1157220 1843.7
1157230 1841.4
1157240 1841.4
1157250 1841.3
1157260 1841.5
1157270 1841.5
1157280 1840.4
1157290 1839.2
1157300 1839.2
1157310 1837.5
1157320 1835.3
1157330 1835.3
1157340 1834.1
1157350 1833.3
1157360 1833.3
1157370 1831.3
1157380 1827.9
1157390 1827.9
1157400 1823.1
1157410 1818.2
1157420 1818.2
1157430 1813.6
1157440 1809.6
1157450 1809.6
1157460 1808.9
1157470 1806.3
1157480 1806.3
1157490 1802.9
1157500 1798.3
1157510 1793.2
1157520 1793.2
1157530 1788.9
1157540 1785.7
1157550 1785.7
1157560 1782.8
1157570 1780.4
1157580 1780.4
1157590 1777.5
1157600 1774.6
1157610 1774.6
1157620 1772.6
1157630 1771.2
1157640 1771.2
1157650 1769.5
1157660 1767.7
1157670 1767.7
1157680 1765.9
1157690 1763.3
1157700 1763.3
1157710 1760.8
1157720 1758.4
1157730 1758.4
1157740 1755.5
1157750 1751.8
1157760 1748.7
1157770 1748.7
1157780 1746.9
1157790 1745.8
1157800 1745.8
1157810 1745.8
1157820 1745.7
1157830 1745.7
1157840 1744.8
1157850 1743.7
1157860 1743.7
1157870 1741.1
1157880 1739.8
1157890 1739.8
1157900 1738.7
1157910 1736.2
1157920 1736.2
1157930 1733.7
1157940 1731.5
1157950 1731.5
1157960 1729.5
1157970 1727.2
1157980 1727.2
1157990 1724.0
1158000 1719.6
1158010 1719.6
1158020 1714.7
1158030 1710.2
1158040 1705.7
1158050 1705.7
1158060 1701.6
1158070 1697.8
1158080 1697.8
1158090 1693.4
1158100 1688.4
1158110 1688.4
1158120 1682.1
1158130 1675.3
1158140 1675.3
1158150 1670.7
1158160 1666.8
1158170 1666.8
1158180 1662.8
1158190 1658.1
1158200 1658.1
1158210 1653.2
1158220 1646.3
1158230 1646.3
1158240 1647.4
1158250 1641.5
1158260 1641.5
1158270 1635.4
1158280 1630.1
1158290 1630.1
1158300 1625.3
1158310 1620.9
1158320 1616.7
1158330 1616.7
1158340 1612.8
1158350 1608.1
1158360 1608.1
1158370 1602.9
1158380 1597.3
1158390 1597.3
1158400 1593.1
1158410 1589.2
1158420 1589.2
1158430 1585.0
1158440 1580.7
1158450 1580.7
1158460 1575.4
1158470 1568.3
1158480 1568.3
1158490 1561.7
1158500 1556.0
1158510 1556.0
1158520 1550.9
1158530 1545.9
1158540 1545.9
1158550 1541.3
1158560 1536.5
1158570 1536.5
1158580 1531.0
1158590 1525.7
1158600 1521.0
1158610 1521.0
1158620 1515.4
1158630 1515.6
1158640 1515.6
1158650 1511.7
1158660 1506.9
1158670 1506.9
1158680 1500.6
1158690 1493.4
1158700 1493.4
1158710 1485.3
1158720 1477.5
1158730 1477.5
1158740 1470.5
1158750 1464.1
1158760 1464.1
1158770 1458.2
1158780 1452.0
1158790 1452.0
1158800 1446.1
1158810 1441.6
1158820 1441.6
1158830 1438.9
1158840 1435.1
1158850 1435.1
1158860 1429.1
1158870 1422.7
1158880 1416.9
1158890 1416.9
1158900 1411.0
1158910 1405.2
1158920 1405.2
1158930 1399.5
1158940 1393.7
1158950 1393.7
1158960 1389.3
1158970 1385.1
1158980 1385.1
1158990 1380.8
1159000 1377.4
1159010 1377.4
1159020 1374.0
1159030 1366.8
1159040 1366.8
1159050 1360.0
1159060 1353.6
1159070 1353.6
1159080 1347.7
1159090 1342.5
1159100 1342.5
1159110 1337.9
1159120 1333.1
1159130 1329.2
1159140 1329.2
1159150 1326.1
1159160 1324.1
1159170 1324.1
1159180 1320.4
1159190 1316.4
1159200 1316.4
1159210 1313.5
1159220 1311.9
1159230 1311.9
1159240 1311.0
1159250 1310.1
1159260 1310.1
1159270 1308.5
1159280 1306.8
1159290 1306.8
1159300 1305.4
1159310 1303.6
1159320 1303.6
1159330 1301.3
1159340 1298.4
1159350 1298.4
1159360 1295.0
1159370 1292.0
1159380 1292.0
1159390 1288.5
1159400 1285.1
1159410 1282.3
1159420 1280.6
1159430 1277.7
1159440 1274.4
1159450 1274.4
1159460 1270.8
1159470 1267.8
1159480 1267.8
1159490 1263.4
1159500 1250.6
1159510 1250.6
1159520 1237.5
1159530 1227.4
1159540 1227.4
1159550 1220.3
1159560 1220.0
1159570 1220.0
1159580 1225.1
1159590 1232.3
1159600 1232.3
1159610 1235.1
1159620 1232.2
1159630 1232.2
1159640 1235.5
1159650 1237.7
1159660 1237.7
1159670 1237.5
1159680 1235.6
1159690 1232.6
1159700 1232.6
1159710 1230.3
1159720 1228.9
1159730 1228.9
1159740 1228.0
1159750 1227.1
1159760 1227.1
1159770 1226.1
1159780 1225.2
1159790 1225.2
1159800 1224.2
1159810 1218.9
1159820 1218.9
1159830 1216.5
1159840 1213.0
1159850 1213.0
1159860 1210.0
1159870 1208.8
1159880 1208.8
1159890 1206.4
1159900 1203.3
1159910 1203.3
1159920 1199.0
1159930 1195.2
1159940 1195.2
1159950 1193.9
1159960 1192.8
1159970 1190.8
1159980 1190.8
1159990 1186.5
