1140000 1938.3
1140010 1942.6
1140020 1935.6
1140030 1935.6
1140040 1929.6
1140050 1939.5
1140060 1939.5
1140070 1938.2
1140080 1942.3
1140090 1942.3
1140100 1942.4
1140110 1931.2
1140120 1931.2
1140130 1927.7
1140140 1935.0
1140150 1935.0
1140160 1936.2
1140170 1934.7
1140180 1934.7
1140190 1934.1
1140200 1928.8
1140210 1928.8
1140220 1919.6
1140230 1922.2
1140240 1922.2
1140250 1926.6
1140260 1929.5
1140270 1929.5
1140280 1932.1
1140290 1933.5
1140300 1934.5
1140310 1934.5
1140320 1937.6
1140330 1941.5
1140340 1941.5
1140350 1943.4
1140360 1943.3
1140370 1943.3
1140380 1941.2
1140390 1937.1
1140400 1937.1
1140410 1932.1
1140420 1934.8
1140430 1934.8
1140440 1934.2
1140450 1938.0
1140460 1938.0
1140470 1943.6
1140480 1943.9
1140490 1943.9
1140500 1944.8
1140510 1949.7
1140520 1949.7
1140530 1952.5
1140540 1954.2
1140550 1954.2
1140560 1955.6
1140570 1957.1
1140580 1960.4
1140590 1960.4
1140600 1965.6
1140610 1973.9
1140620 1973.9
1140630 1981.7
1140640 1987.9
1140650 1987.9
1140660 1993.2
1140670 1997.1
1140680 1997.1
1140690 1999.4
1140700 2000.7
1140710 2000.7
1140720 2002.8
1140730 2005.3
1140740 2005.3
1140750 2006.5
1140760 2006.5
1140770 2006.5
1140780 2005.5
1140790 2004.1
1140800 2004.1
1140810 2005.5
1140820 2006.4
1140830 2006.4
1140840 2005.7
1140850 2005.6
1140860 2007.2
1140870 2007.2
1140880 2008.9
1140890 2011.3
1140900 2011.3
1140910 2014.9
1140920 2019.8
1140930 2019.8
1140940 2024.9
1140950 2028.8
1140960 2028.8
1140970 2031.5
1140980 2032.7
1140990 2032.7
1141000 2034.2
1141010 2037.7
1141020 2037.7
1141030 2041.7
1141040 2044.5
1141050 2044.5
1141060 2046.3
1141070 2049.1
1141080 2049.1
1141090 2049.9
1141100 2048.7
1141110 2048.7
1141120 2048.0
1141130 2047.9
1141140 2048.0
1141150 2048.0
1141160 2047.6
1141170 2047.0
1141180 2047.0
1141190 2047.0
1141200 2047.0
1141210 2047.0
1141220 2047.0
1141230 2047.0
1141240 2047.0
1141250 2047.0
1141260 2047.0
1141270 2047.0
1141280 2047.0
1141290 2047.0
1141300 2047.0
1141310 2047.0
1141320 2047.0
1141330 2047.0
1141340 2047.0
1141350 2047.0
1141360 2047.0
1141370 2047.0
1141380 2047.0
1141390 2047.0
1141400 2047.1
1141410 2047.3
1141420 2047.2
1141430 2047.2
1141440 2047.1
1141450 2047.1
1141460 2047.1
1141470 2047.1
1141480 2047.4
1141490 2047.4
1141500 2047.8
1141510 2048.7
1141520 2048.7
1141530 2050.3
1141540 2052.5
1141550 2052.5
1141560 2054.7
1141570 2057.5
1141580 2057.5
1141590 2060.9
1141600 2064.1
1141610 2064.1
1141620 2067.4
1141630 2071.1
1141640 2071.1
1141650 2074.5
1141660 2077.5
1141670 2081.6
1141680 2081.6
1141690 2085.5
1141700 2089.5
1141710 2089.5
1141720 2092.0
1141730 2093.8
1141740 2093.8
1141750 2095.4
1141760 2097.8
1141770 2097.8
1141780 2101.1
1141790 2104.8
1141800 2104.8
1141810 2108.8
1141820 2113.0
1141830 2113.0
1141840 2118.1
1141850 2122.7
1141860 2122.7
1141870 2127.1
1141880 2131.8
1141890 2131.8
1141900 2136.1
1141910 2144.6
1141920 2144.6
1141930 2149.8
1141940 2154.8
1141950 2159.8
1141960 2159.8
1141970 2164.6
1141980 2168.1
1141990 2168.1
1142000 2170.3
1142010 2173.9
1142020 2173.9
1142030 2179.1
1142040 2184.6
1142050 2184.6
1142060 2190.5
1142070 2195.1
1142080 2195.1
1142090 2197.2
1142100 2197.4
1142110 2197.4
1142120 2197.9
1142130 2199.7
1142140 2199.7
1142150 2202.2
1142160 2205.1
1142170 2205.1
1142180 2207.2
1142190 2209.6
1142200 2209.6
1142210 2212.4
1142220 2216.2
1142230 2220.1
1142240 2220.1
1142250 2224.5
1142260 2228.5
1142270 2228.5
1142280 2237.4
1142290 2240.5
1142300 2240.5
1142310 2243.5
1142320 2246.2
1142330 2246.2
1142340 2248.2
1142350 2249.5
1142360 2249.5
1142370 2250.0
1142380 2249.6
1142390 2249.6
1142400 2247.9
1142410 2245.4
1142420 2245.4
1142430 2242.7
1142440 2240.0
1142450 2240.0
1142460 2238.4
1142470 2236.0
1142480 2236.0
1142490 2232.4
1142500 2230.9
1142510 2229.5
1142520 2229.5
1142530 2228.8
1142540 2231.7
1142550 2231.7
1142560 2234.5
1142570 2236.6
1142580 2236.6
1142590 2237.3
1142600 2238.5
1142610 2238.5
1142620 2240.9
1142630 2242.8
1142640 2242.8
1142650 2243.1
1142660 2244.2
1142670 2244.2
1142680 2244.7
1142690 2243.9
1142700 2243.9
1142710 2244.0
1142720 2246.8
1142730 2246.8
1142740 2251.0
1142750 2254.7
1142760 2254.7
1142770 2258.1
1142780 2262.1
1142790 2266.2
1142800 2266.2
1142810 2270.1
1142820 2274.2
1142830 2274.2
1142840 2278.0
1142850 2281.5
1142860 2281.5
1142870 2284.4
1142880 2287.2
1142890 2287.2
1142900 2289.6
1142910 2290.5
1142920 2290.5
1142930 2292.4
1142940 2294.0
1142950 2294.0
1142960 2294.4
1142970 2291.5
1142980 2291.5
1142990 2287.2
1143000 2281.6
1143010 2281.6
1143020 2277.3
1143030 2274.0
1143040 2271.0
1143050 2271.0
1143060 2267.9
1143070 2264.6
1143080 2264.6
1143090 2261.9
1143100 2260.1
1143110 2260.1
1143120 2260.0
1143130 2261.1
1143140 2261.1
1143150 2261.6
1143160 2260.6
1143170 2260.6
1143180 2259.5
1143190 2259.8
1143200 2259.8
1143210 2263.0
1143220 2265.7
1143230 2265.7
1143240 2266.3
1143250 2265.5
1143260 2265.5
1143270 2265.3
1143280 2267.7
1143290 2267.7
1143300 2268.8
1143310 2271.2
1143320 2276.8
1143330 2276.8
1143340 2282.2
1143350 2285.5
1143360 2285.5
1143370 2287.0
1143380 2288.1
1143390 2288.1
1143400 2289.1
1143410 2291.4
1143420 2291.4
1143430 2295.2
1143440 2301.0
1143450 2301.0
1143460 2307.5
1143470 2313.9
1143480 2313.9
1143490 2320.3
1143500 2326.1
1143510 2326.1
1143520 2330.7
1143530 2333.4
1143540 2333.4
1143550 2333.9
1143560 2335.5
1143570 2335.5
1143580 2338.5
1143590 2340.8
1143600 2341.9
1143610 2341.9
1143620 2343.7
1143630 2344.6
1143640 2344.6
1143650 2342.4
1143660 2340.4
1143670 2340.4
1143680 2338.6
1143690 2336.5
1143700 2336.5
1143710 2334.1
1143720 2332.7
1143730 2332.7
1143740 2333.5
1143750 2336.6
1143760 2336.6
1143770 2338.0
1143780 2341.5
1143790 2341.5
1143800 2344.9
1143810 2348.1
1143820 2348.1
1143830 2349.2
1143840 2349.1
1143850 2349.1
1143860 2351.0
1143870 2352.1
1143880 2352.9
1143890 2352.9
1143900 2355.6
1143910 2358.5
1143920 2358.5
1143930 2358.7
1143940 2358.6
1143950 2358.6
1143960 2358.8
1143970 2359.9
1143980 2359.9
1143990 2361.2
1144000 2362.7
1144010 2362.7
1144020 2364.8
1144030 2366.9
1144040 2366.9
1144050 2369.3
1144060 2371.6
1144070 2371.6
1144080 2373.8
1144090 2376.0
1144100 2376.0
1144110 2378.8
1144120 2382.1
1144130 2382.1
1144140 2385.9
1144150 2389.3
1144160 2393.1
1144170 2393.1
1144180 2397.2
1144190 2401.6
1144200 2401.6
1144210 2405.7
1144220 2409.7
1144230 2409.7
1144240 2413.9
1144250 2418.3
1144260 2418.3
1144270 2423.2
1144280 2428.2
1144290 2428.2
1144300 2433.3
1144310 2438.8
1144320 2438.8
1144330 2444.9
1144340 2451.5
1144350 2451.5
1144360 2458.4
1144370 2465.2
1144380 2465.2
1144390 2471.9
1144400 2478.6
1144410 2478.6
1144420 2485.0
1144430 2496.8
1144440 2520.9
1144450 2520.9
1144460 2547.7
1144470 2554.6
1144480 2554.6
1144490 2544.9
1144500 2533.6
1144510 2533.6
1144520 2528.5
1144530 2520.9
1144540 2520.9
1144550 2513.5
1144560 2507.1
1144570 2507.1
1144580 2500.9
1144590 2494.4
1144600 2494.4
1144610 2487.8
1144620 2483.4
1144630 2483.4
1144640 2482.0
1144650 2478.7
1144660 2478.7
1144670 2470.1
1144680 2461.8
1144690 2456.1
1144700 2456.1
1144710 2454.1
1144720 2451.2
1144730 2451.2
1144740 2445.9
1144750 2442.5
1144760 2442.5
1144770 2440.2
1144780 2439.4
1144790 2439.4
1144800 2441.6
1144810 2442.3
1144820 2442.3
1144830 2438.8
1144840 2434.9
1144850 2434.9
1144860 2431.3
1144870 2424.6
1144880 2424.6
1144890 2421.0
1144900 2410.2
1144910 2410.2
1144920 2398.3
1144930 2392.8
1144940 2392.8
1144950 2387.7
1144960 2383.0
1144970 2380.2
1144980 2380.2
1144990 2377.2
1145000 2373.9
1145010 2373.9
1145020 2371.3
1145030 2369.3
1145040 2369.3
1145050 2367.6
1145060 2366.2
1145070 2366.2
1145080 2362.7
1145090 2360.6
1145100 2360.6
1145110 2362.4
1145120 2361.6
1145130 2361.6
1145140 2360.9
1145150 2360.2
1145160 2360.2
1145170 2361.7
1145180 2362.3
1145190 2362.3
1145200 2363.1
1145210 2364.6
1145220 2364.6
1145230 2361.9
1145240 2357.8
1145250 2355.6
1145260 2355.6
1145270 2357.2
1145280 2354.2
1145290 2354.2
1145300 2348.1
1145310 2341.8
1145320 2341.8
1145330 2334.9
1145340 2330.8
1145350 2330.8
1145360 2325.8
1145370 2323.5
1145380 2323.5
1145390 2323.4
1145400 2323.9
1145410 2323.9
1145420 2320.2
1145430 2317.7
1145440 2317.7
1145450 2316.8
1145460 2315.1
1145470 2315.1
1145480 2312.6
1145490 2312.2
1145500 2312.2
1145510 2310.8
1145520 2305.9
1145530 2301.6
1145540 2301.6
1145550 2296.2
1145560 2286.3
1145570 2286.3
1145580 2277.3
1145590 2269.8
1145600 2269.8
1145610 2263.0
1145620 2257.0
1145630 2257.0
1145640 2254.5
1145650 2254.6
1145660 2254.6
1145670 2256.1
1145680 2255.4
1145690 2255.4
1145700 2253.0
1145710 2249.7
1145720 2249.7
1145730 2247.0
1145740 2247.4
1145750 2247.4
1145760 2247.3
1145770 2244.3
1145780 2244.3
1145790 2238.3
1145800 2226.1
1145810 2217.9
1145820 2217.9
1145830 2212.5
1145840 2209.0
1145850 2209.0
1145860 2207.2
1145870 2202.2
1145880 2202.2
1145890 2196.9
1145900 2192.0
1145910 2192.0
1145920 2188.5
1145930 2183.7
1145940 2183.7
1145950 2178.7
1145960 2173.2
1145970 2173.2
1145980 2170.1
1145990 2167.1
1146000 2167.1
1146010 2161.4
1146020 2158.8
1146030 2158.8
1146040 2157.5
1146050 2155.8
1146060 2150.1
1146070 2150.1
1146080 2145.2
1146090 2138.2
1146100 2138.2
1146110 2133.1
1146120 2130.1
1146130 2130.1
1146140 2127.4
1146150 2122.4
1146160 2122.4
1146170 2116.9
1146180 2114.6
1146190 2114.6
1146200 2110.5
1146210 2110.4
1146220 2110.4
1146230 2110.2
1146240 2109.0
1146250 2109.0
1146260 2109.0
1146270 2108.3
1146280 2108.3
1146290 2109.0
1146300 2110.6
1146310 2110.6
1146320 2109.8
1146330 2110.6
1146340 2109.6
1146350 2109.6
1146360 2106.3
1146370 2100.9
1146380 2100.9
1146390 2096.1
1146400 2089.0
1146410 2089.0
1146420 2084.4
1146430 2079.0
1146440 2079.0
1146450 2072.2
1146460 2064.7
1146470 2064.7
1146480 2057.6
1146490 2051.2
1146500 2051.2
1146510 2046.9
1146520 2043.1
1146530 2043.1
1146540 2040.7
1146550 2038.9
1146560 2038.9
1146570 2036.8
1146580 2034.7
1146590 2034.7
1146600 2031.7
1146610 2027.9
1146620 2024.2
1146630 2024.2
1146640 2020.7
1146650 2017.0
1146660 2017.0
1146670 2013.0
1146680 2010.4
1146690 2010.4
1146700 2010.3
1146710 2010.1
1146720 2010.1
1146730 2005.0
1146740 2003.8
1146750 2003.8
1146760 2006.5
1146770 1989.0
1146780 1989.0
1146790 1989.1
1146800 1989.5
1146810 1989.5
1146820 1982.9
1146830 1988.1
1146840 1988.1
1146850 2001.1
1146860 2002.4
1146870 2002.4
1146880 2003.4
1146890 2009.5
1146900 2014.9
1146910 2014.9
1146920 2012.3
1146930 2008.5
1146940 2008.5
1146950 2014.5
1146960 2012.2
1146970 2012.2
1146980 2008.6
1146990 2006.5
1147000 2006.5
1147010 2003.0
1147020 1996.1
1147030 1996.1
1147040 1991.3
1147050 1986.2
1147060 1986.2
1147070 1980.5
1147080 1975.4
1147090 1975.4
1147100 1969.8
1147110 1963.1
1147120 1963.1
1147130 1958.4
1147140 1955.2
1147150 1948.7
1147160 1945.2
1147170 1943.5
1147180 1940.4
1147190 1940.4
1147200 1932.2
1147210 1927.0
1147220 1927.0
1147230 1923.9
1147240 1918.8
1147250 1918.8
1147260 1912.5
1147270 1906.9
1147280 1906.9
1147290 1902.7
1147300 1897.9
1147310 1897.9
1147320 1894.4
1147330 1887.3
1147340 1887.3
1147350 1878.8
1147360 1871.0
1147370 1871.0
1147380 1862.1
1147390 1848.1
1147400 1848.1
1147410 1836.6
1147420 1826.1
1147430 1826.1
1147440 1818.6
1147450 1815.0
1147460 1807.3
1147470 1807.3
1147480 1794.9
1147490 1783.9
1147500 1783.9
1147510 1776.0
1147520 1769.3
1147530 1764.7
1147540 1759.4
1147550 1754.2
1147560 1754.2
1147570 1749.8
1147580 1745.0
1147590 1745.0
1147600 1738.8
1147610 1732.3
1147620 1732.3
1147630 1726.2
1147640 1720.5
1147650 1720.5
1147660 1714.5
1147670 1708.1
1147680 1708.1
1147690 1701.3
1147700 1694.7
1147710 1688.0
1147720 1688.0
1147730 1681.4
1147740 1675.0
1147750 1675.0
1147760 1668.7
1147770 1662.9
1147780 1662.9
1147790 1656.9
1147800 1650.9
1147810 1650.9
1147820 1645.1
1147830 1640.0
1147840 1640.0
1147850 1634.9
1147860 1630.4
1147870 1630.4
1147880 1626.3
1147890 1622.6
1147900 1622.6
1147910 1616.3
1147920 1612.8
1147930 1612.8
1147940 1609.3
1147950 1605.7
1147960 1605.7
1147970 1602.1
1147980 1598.9
1147990 1596.5
1148000 1596.5
1148010 1594.4
1148020 1592.7
1148030 1592.7
1148040 1591.1
1148050 1589.9
1148060 1589.9
1148070 1588.6
1148080 1587.2
1148090 1587.2
1148100 1585.9
1148110 1584.4
1148120 1584.4
1148130 1582.0
1148140 1579.7
1148150 1579.7
1148160 1579.3
1148170 1581.6
1148180 1581.6
1148190 1584.3
1148200 1586.3
1148210 1586.3
1148220 1588.2
1148230 1589.6
1148240 1589.6
1148250 1590.9
1148260 1590.9
1148270 1591.0
1148280 1594.0
1148290 1594.2
1148300 1594.3
1148310 1594.3
1148320 1595.3
1148330 1596.7
1148340 1596.7
1148350 1598.2
1148360 1599.7
1148370 1599.7
1148380 1601.0
1148390 1602.7
1148400 1602.7
1148410 1605.6
1148420 1608.9
1148430 1608.9
1148440 1612.0
1148450 1613.7
1148460 1613.7
1148470 1617.0
1148480 1620.9
1148490 1620.9
1148500 1625.0
1148510 1629.6
1148520 1629.6
1148530 1634.6
1148540 1639.5
1148550 1643.9
1148560 1643.9
1148570 1647.9
1148580 1650.9
1148590 1650.9
1148600 1653.3
1148610 1656.3
1148620 1656.3
1148630 1661.2
1148640 1667.8
1148650 1667.8
1148660 1687.0
1148670 1703.5
1148680 1703.5
1148690 1711.8
1148700 1719.7
1148710 1719.7
1148720 1728.8
1148730 1734.7
1148740 1734.7
1148750 1738.5
1148760 1743.5
1148770 1743.5
1148780 1749.7
1148790 1760.4
1148800 1760.4
1148810 1768.7
1148820 1772.4
1148830 1775.7
1148840 1775.7
1148850 1776.7
1148860 1776.1
1148870 1776.1
1148880 1776.0
1148890 1777.7
1148900 1777.7
1148910 1778.2
1148920 1777.8
1148930 1777.8
1148940 1777.4
1148950 1777.9
1148960 1777.9
1148970 1779.0
1148980 1780.8
1148990 1780.8
1149000 1781.3
1149010 1781.0
1149020 1781.0
1149030 1779.7
1149040 1788.2
1149050 1788.2
1149060 1786.4
1149070 1784.9
1149080 1783.9
1149090 1783.9
1149100 1784.4
1149110 1784.5
1149120 1784.5
1149130 1782.8
1149140 1780.5
1149150 1780.5
1149160 1777.8
1149170 1774.9
1149180 1774.9
1149190 1772.1
1149200 1768.7
1149210 1768.7
1149220 1766.1
1149230 1763.6
1149240 1763.6
1149250 1760.7
1149260 1758.0
1149270 1758.0
1149280 1755.6
1149290 1752.2
1149300 1752.2
1149310 1747.4
1149320 1742.7
1149330 1742.7
1149340 1739.6
1149350 1736.6
1149360 1729.9
1149370 1729.9
1149380 1721.9
1149390 1711.1
1149400 1711.1
1149410 1699.4
1149420 1700.8
1149430 1700.8
1149440 1690.2
1149450 1681.1
1149460 1681.1
1149470 1678.6
1149480 1669.6
1149490 1669.6
1149500 1660.9
1149510 1659.8
1149520 1659.8
1149530 1661.5
1149540 1657.8
1149550 1657.8
1149560 1648.5
1149570 1632.6
1149580 1632.6
1149590 1618.1
1149600 1616.5
1149610 1616.5
1149620 1623.6
1149630 1627.9
1149640 1627.5
1149650 1627.5
1149660 1629.6
1149670 1634.7
1149680 1634.7
1149690 1637.4
1149700 1637.9
1149710 1637.9
1149720 1634.8
1149730 1629.9
1149740 1629.9
1149750 1625.0
1149760 1618.2
1149770 1618.2
1149780 1610.2
1149790 1600.0
1149800 1612.0
1149810 1608.0
1149820 1609.4
1149830 1609.4
1149840 1614.5
1149850 1617.0
1149860 1617.0
1149870 1618.0
1149880 1617.3
1149890 1617.3
1149900 1611.1
1149910 1604.1
1149920 1598.1
1149930 1598.1
1149940 1597.3
1149950 1601.5
1149960 1601.5
1149970 1601.8
1149980 1597.2
1149990 1597.2
1150000 1590.8
1150010 1588.9
1150020 1588.9
1150030 1587.6
1150040 1583.3
1150050 1583.3
1150060 1578.4
1150070 1574.9
1150080 1574.9
1150090 1571.3
1150100 1568.0
1150110 1568.0
1150120 1564.6
1150130 1560.9
1150140 1560.9
1150150 1557.1
1150160 1553.5
1150170 1553.5
1150180 1551.6
1150190 1547.0
1150200 1541.5
1150210 1541.5
1150220 1536.5
1150230 1531.1
1150240 1531.1
1150250 1523.7
1150260 1514.6
1150270 1514.6
1150280 1505.4
1150290 1497.7
1150300 1497.7
1150310 1486.1
1150320 1455.7
1150330 1455.7
1150340 1436.8
1150350 1427.0
1150360 1427.0
1150370 1418.9
1150380 1410.0
1150390 1410.0
1150400 1401.4
1150410 1393.6
1150420 1393.6
1150430 1385.4
1150440 1377.2
1150450 1369.9
1150460 1369.9
1150470 1364.1
1150480 1359.8
1150490 1359.8
1150500 1356.3
1150510 1352.6
1150520 1352.6
1150530 1348.7
1150540 1343.7
1150550 1343.7
1150560 1337.7
1150570 1324.1
1150580 1324.1
1150590 1310.6
1150600 1296.8
1150610 1296.8
1150620 1292.8
1150630 1298.2
1150640 1298.2
1150650 1317.7
1150660 1329.1
1150670 1329.1
1150680 1329.2
1150690 1327.1
1150700 1327.1
1150710 1323.9
1150720 1323.7
1150730 1324.8
1150740 1324.8
1150750 1325.8
1150760 1328.8
1150770 1328.8
1150780 1331.9
1150790 1335.1
1150800 1335.1
1150810 1339.9
1150820 1345.8
1150830 1345.8
1150840 1352.3
1150850 1359.0
1150860 1359.0
1150870 1365.8
1150880 1372.8
1150890 1372.8
1150900 1378.0
1150910 1381.4
1150920 1381.4
1150930 1386.3
1150940 1394.8
1150950 1395.6
1150960 1404.9
1150970 1418.3
1150980 1418.3
1150990 1427.1
1151000 1434.9
1151010 1441.6
1151020 1441.6
1151030 1450.4
1151040 1459.8
1151050 1459.8
1151060 1473.3
1151070 1489.3
1151080 1489.3
1151090 1509.6
1151100 1529.8
1151110 1529.8
1151120 1547.3
1151130 1564.4
1151140 1564.4
1151150 1576.3
1151160 1583.0
1151170 1583.0
1151180 1588.7
1151190 1595.2
1151200 1595.2
1151210 1602.9
1151220 1610.7
1151230 1610.7
1151240 1618.7
1151250 1627.1
1151260 1627.1
1151270 1634.1
1151280 1640.7
1151290 1646.9
1151300 1646.9
1151310 1653.5
1151320 1659.9
1151330 1655.1
1151340 1661.0
1151350 1668.0
1151360 1668.0
1151370 1675.4
1151380 1682.2
1151390 1682.2
1151400 1689.3
1151410 1697.9
1151420 1697.9
1151430 1703.3
1151440 1706.5
1151450 1706.5
1151460 1711.3
1151470 1717.1
1151480 1717.1
1151490 1721.3
1151500 1725.2
1151510 1725.2
1151520 1729.7
1151530 1734.5
1151540 1734.5
1151550 1738.9
1151560 1743.6
1151570 1748.7
1151580 1748.7
1151590 1753.6
1151600 1757.9
1151610 1757.9
1151620 1761.3
1151630 1764.4
1151640 1764.4
1151650 1767.8
1151660 1770.8
1151670 1770.8
1151680 1773.9
1151690 1776.4
1151700 1776.4
1151710 1767.2
1151720 1765.5
1151730 1765.5
1151740 1770.1
1151750 1777.7
1151760 1777.7
1151770 1780.7
1151780 1782.4
1151790 1782.4
1151800 1781.7
1151810 1778.9
1151820 1774.4
1151830 1774.4
1151840 1778.0
1151850 1780.3
1151860 1780.3
1151870 1781.8
1151880 1785.2
1151890 1785.2
1151900 1788.1
1151910 1794.4
1151920 1794.4
1151930 1801.1
1151940 1810.5
1151950 1810.5
1151960 1819.3
1151970 1826.4
1151980 1826.4
1151990 1831.3
1152000 1834.2
1152010 1834.2
1152020 1836.2
1152030 1839.9
1152040 1839.9
1152050 1844.6
1152060 1848.7
1152070 1848.7
1152080 1851.3
1152090 1838.7
1152100 1836.4
1152110 1836.4
1152120 1840.3
1152130 1849.3
1152140 1849.3
1152150 1856.6
1152160 1862.8
1152170 1862.8
1152180 1868.7
1152190 1874.7
1152200 1874.7
1152210 1880.3
1152220 1886.0
1152230 1886.0
1152240 1891.2
1152250 1895.9
1152260 1895.9
1152270 1901.8
1152280 1906.9
1152290 1906.9
1152300 1911.5
1152310 1915.6
1152320 1915.6
1152330 1919.4
1152340 1923.8
1152350 1923.8
1152360 1929.1
1152370 1935.1
1152380 1941.2
1152390 1941.2
1152400 1947.4
1152410 1953.9
1152420 1953.9
1152430 1960.9
1152440 1968.0
1152450 1968.0
1152460 1974.9
1152470 1982.0
1152480 1981.0
1152490 1987.6
1152500 1993.8
1152510 1993.8
1152520 2000.2
1152530 2006.7
1152540 2006.7
1152550 2013.1
1152560 2019.1
1152570 2019.1
1152580 2024.7
1152590 2030.4
1152600 2030.4
1152610 2036.5
1152620 2042.7
1152630 2042.7
1152640 2049.1
1152650 2055.5
1152660 2061.9
1152670 2061.9
1152680 2069.1
1152690 2076.4
1152700 2076.4
1152710 2083.3
1152720 2090.6
1152730 2090.6
1152740 2098.6
1152750 2106.4
1152760 2106.4
1152770 2113.4
1152780 2120.7
1152790 2120.7
1152800 2127.7
1152810 2134.2
1152820 2134.2
1152830 2140.2
1152840 2145.6
1152850 2145.6
1152860 2148.8
1152870 2151.4
1152880 2151.4
1152890 2152.9
1152900 2152.6
1152910 2152.6
1152920 2150.2
1152930 2146.4
1152940 2142.8
1152950 2142.8
1152960 2140.3
1152970 2138.1
1152980 2138.1
1152990 2135.6
1153000 2134.9
1153010 2134.9
1153020 2134.7
1153030 2133.9
1153040 2133.9
1153050 2133.1
1153060 2131.7
1153070 2131.7
1153080 2129.8
1153090 2127.4
1153100 2127.4
1153110 2123.8
1153120 2119.9
1153130 2119.9
1153140 2118.4
1153150 2117.9
1153160 2117.9
1153170 2117.8
1153180 2119.2
1153190 2120.7
1153200 2120.7
1153210 2121.8
1153220 2122.7
1153230 2122.7
1153240 2121.7
1153250 2124.2
1153260 2124.2
1153270 2126.6
1153280 2128.9
1153290 2128.9
1153300 2129.8
1153310 2128.4
1153320 2128.4
1153330 2125.9
1153340 2122.9
1153350 2122.9
1153360 2119.2
1153370 2112.5
1153380 2112.5
1153390 2102.8
1153400 2094.5
1153410 2094.5
1153420 2088.9
1153430 2084.9
1153440 2084.9
1153450 2081.0
1153460 2078.0
1153470 2075.0
1153480 2075.0
1153490 2071.8
1153500 2068.2
1153510 2068.2
1153520 2064.2
1153530 2060.2
1153540 2060.2
1153550 2056.6
1153560 2052.4
1153570 2052.4
1153580 2049.8
1153590 2047.8
1153600 2047.8
1153610 2045.3
1153620 2042.8
1153630 2038.1
1153640 2036.3
1153650 2033.7
1153660 2033.7
1153670 2031.1
1153680 2027.5
1153690 2027.5
1153700 2022.4
1153710 2017.4
1153720 2017.4
1153730 2012.0
1153740 2008.7
1153750 2004.3
1153760 2004.3
1153770 1999.9
1153780 1996.8
1153790 1996.8
1153800 1994.3
1153810 1991.2
1153820 1991.2
1153830 1989.5
1153840 1988.4
1153850 1988.4
1153860 1986.4
1153870 1984.1
1153880 1984.1
1153890 1983.1
1153900 1981.2
1153910 1981.2
1153920 1980.0
1153930 1979.7
1153940 1979.7
1153950 1979.0
1153960 1977.8
1153970 1977.8
1153980 1977.2
1153990 1977.4
1154000 1977.4
1154010 1970.6
1154020 1970.3
1154030 1970.6
1154040 1970.6
1154050 1972.1
1154060 1972.5
1154070 1972.5
1154080 1971.9
1154090 1970.7
1154100 1970.7
1154110 1969.9
1154120 1971.1
1154130 1971.1
1154140 1971.3
1154150 1976.8
1154160 1976.8
1154170 1981.2
1154180 1984.0
1154190 1984.0
1154200 1986.0
1154210 1987.8
1154220 1987.8
1154230 1991.2
1154240 1992.9
1154250 1992.9
1154260 1995.0
1154270 1998.1
1154280 1998.1
1154290 2001.9
1154300 2004.3
1154310 2005.2
1154320 2005.2
1154330 2005.6
1154340 2005.7
1154350 2005.7
1154360 2005.4
1154370 2004.4
1154380 2004.4
1154390 2003.4
1154400 1994.4
1154410 1994.4
1154420 1992.4
1154430 1988.6
1154440 1988.6
1154450 1983.7
1154460 1979.9
1154470 1979.9
1154480 1976.7
1154490 1970.0
1154500 1970.0
1154510 1964.7
1154520 1964.5
1154530 1964.5
1154540 1964.1
1154550 1961.0
1154560 1957.6
1154570 1957.6
1154580 1955.0
1154590 1953.0
1154600 1953.0
1154610 1950.3
1154620 1946.8
1154630 1946.8
1154640 1943.1
1154650 1939.8
1154660 1939.8
1154670 1936.8
1154680 1934.5
1154690 1934.5
1154700 1932.7
1154710 1930.6
1154720 1930.6
1154730 1928.9
1154740 1927.5
1154750 1927.5
1154760 1925.5
1154770 1923.6
1154780 1920.6
1154790 1919.0
1154800 1917.3
1154810 1917.3
1154820 1915.6
1154830 1913.9
1154840 1912.0
1154850 1912.0
1154860 1910.2
1154870 1908.4
1154880 1908.4
1154890 1906.3
1154900 1903.9
1154910 1903.9
1154920 1901.9
1154930 1899.5
1154940 1899.5
1154950 1897.0
1154960 1894.8
1154970 1894.8
1154980 1892.8
1154990 1890.3
1155000 1890.3
1155010 1884.6
1155020 1877.0
1155030 1877.0
1155040 1872.2
1155050 1872.4
1155060 1872.4
1155070 1872.9
1155080 1873.7
1155090 1873.7
1155100 1875.1
1155110 1877.3
1155120 1878.4
1155130 1878.4
1155140 1877.6
1155150 1876.0
1155160 1876.0
1155170 1870.9
1155180 1869.3
1155190 1869.3
1155200 1867.5
1155210 1863.1
1155220 1863.1
1155230 1858.2
1155240 1854.3
1155250 1854.3
1155260 1850.3
1155270 1847.2
1155280 1847.2
1155290 1847.8
1155300 1845.8
1155310 1845.8
1155320 1840.2
1155330 1837.1
1155340 1837.1
1155350 1834.5
1155360 1835.8
1155370 1835.8
1155380 1838.9
1155390 1839.8
1155400 1836.2
1155410 1836.2
1155420 1832.1
1155430 1830.0
1155440 1830.0
1155450 1828.5
1155460 1830.5
1155470 1830.5
1155480 1831.8
1155490 1833.2
1155500 1833.2
1155510 1835.1
1155520 1832.7
1155530 1832.7
1155540 1828.0
1155550 1822.9
1155560 1818.3
1155570 1812.4
1155580 1808.0
1155590 1808.0
1155600 1805.8
1155610 1806.1
1155620 1806.1
1155630 1806.8
1155640 1804.6
1155650 1804.6
1155660 1804.2
1155670 1806.1
1155680 1807.0
1155690 1807.0
1155700 1806.1
1155710 1806.8
1155720 1806.8
1155730 1810.4
1155740 1814.6
1155750 1814.6
1155760 1816.5
1155770 1813.3
1155780 1813.3
1155790 1812.0
1155800 1815.4
1155810 1815.4
1155820 1817.0
1155830 1815.4
1155840 1815.4
1155850 1817.4
1155860 1819.6
1155870 1819.6
1155880 1821.0
1155890 1823.1
1155900 1823.1
1155910 1824.1
1155920 1824.8
1155930 1826.8
1155940 1826.8
1155950 1821.8
1155960 1824.0
1155970 1824.0
1155980 1825.6
1155990 1827.1
1156000 1827.1
1156010 1828.8
1156020 1831.4
1156030 1831.4
1156040 1833.3
1156050 1834.8
1156060 1834.8
1156070 1836.1
1156080 1837.6
1156090 1837.6
1156100 1839.1
1156110 1840.3
1156120 1840.3
1156130 1841.1
1156140 1841.2
1156150 1841.2
1156160 1841.6
1156170 1843.2
1156180 1843.2
1156190 1844.5
1156200 1845.5
1156210 1846.0
1156220 1846.0
1156230 1846.6
1156240 1847.9
1156250 1847.9
1156260 1849.2
1156270 1851.1
1156280 1851.1
1156290 1852.6
1156300 1854.2
1156310 1854.2
1156320 1854.8
1156330 1850.4
1156340 1850.4
1156350 1850.8
1156360 1851.8
1156370 1851.8
1156380 1852.7
1156390 1852.5
1156400 1852.5
1156410 1853.1
1156420 1854.2
1156430 1854.2
1156440 1854.5
1156450 1855.5
1156460 1855.5
1156470 1856.9
1156480 1858.1
1156490 1859.1
1156500 1859.1
1156510 1860.8
1156520 1862.7
1156530 1862.7
1156540 1862.9
1156550 1865.4
1156560 1865.4
1156570 1868.1
1156580 1871.8
1156590 1871.8
1156600 1876.0
1156610 1880.4
1156620 1880.4
1156630 1884.7
1156640 1888.7
1156650 1888.7
1156660 1892.7
1156670 1896.6
1156680 1896.6
1156690 1900.1
1156700 1903.4
1156710 1903.4
1156720 1902.4
1156730 1904.3
1156740 1904.3
1156750 1905.0
1156760 1905.0
1156770 1904.2
1156780 1904.2
1156790 1902.4
1156800 1899.6
1156810 1899.6
1156820 1896.4
1156830 1893.3
1156840 1893.3
1156850 1890.3
1156860 1888.4
1156870 1888.4
1156880 1886.4
1156890 1883.9
1156900 1883.9
1156910 1881.5
1156920 1879.0
1156930 1879.0
1156940 1876.2
1156950 1872.7
1156960 1872.7
1156970 1870.7
1156980 1868.3
1156990 1868.3
1157000 1864.9
1157010 1861.9
1157020 1861.9
1157030 1859.8
1157040 1857.2
1157050 1854.5
1157060 1854.5
1157070 1853.2
1157080 1852.1
1157090 1852.1
1157100 1849.6
1157110 1845.5
1157120 1845.5
1157130 1844.0
1157140 1842.1
1157150 1842.1
1157160 1840.1
1157170 1839.5
1157180 1839.5
1157190 1838.0
1157200 1836.5
1157210 1836.5
1157220 1835.2
1157230 1833.8
1157240 1833.8
1157250 1832.0
1157260 1829.3
1157270 1829.3
1157280 1826.2
1157290 1823.3
1157300 1820.6
1157310 1820.6
1157320 1818.3
1157330 1816.6
1157340 1816.6
1157350 1814.4
1157360 1811.6
1157370 1811.6
1157380 1810.5
1157390 1810.2
1157400 1810.2
1157410 1810.0
1157420 1808.9
1157430 1808.9
1157440 1806.9
1157450 1805.1
1157460 1805.1
1157470 1804.1
1157480 1803.2
1157490 1803.2
1157500 1800.7
1157510 1798.9
1157520 1798.9
1157530 1796.7
1157540 1794.4
1157550 1794.4
1157560 1792.3
1157570 1789.8
1157580 1786.5
1157590 1786.5
1157600 1781.6
1157610 1776.2
1157620 1776.2
1157630 1772.4
1157640 1769.5
1157650 1769.5
1157660 1765.9
1157670 1761.8
1157680 1761.8
1157690 1757.8
1157700 1754.2
1157710 1754.2
1157720 1751.1
1157730 1748.6
1157740 1748.6
1157750 1745.5
1157760 1741.6
1157770 1741.6
1157780 1738.0
1157790 1734.6
1157800 1734.6
1157810 1730.8
1157820 1728.0
1157830 1728.0
1157840 1725.4
1157850 1722.4
1157860 1720.0
1157870 1720.0
1157880 1716.6
1157890 1718.2
1157900 1718.2
1157910 1714.7
1157920 1710.2
1157930 1710.2
1157940 1704.2
1157950 1698.1
1157960 1698.1
1157970 1694.2
1157980 1690.4
1157990 1690.4
1158000 1685.5
1158010 1680.8
1158020 1680.8
1158030 1676.2
1158040 1669.8
1158050 1669.8
1158060 1663.7
1158070 1659.8
1158080 1659.8
1158090 1655.0
1158100 1649.5
1158110 1649.5
1158120 1644.4
1158130 1640.6
1158140 1638.6
1158150 1638.6
1158160 1637.8
1158170 1638.4
1158180 1638.4
1158190 1637.7
1158200 1635.8
1158210 1635.8
1158220 1633.1
1158230 1629.5
1158240 1629.5
1158250 1626.9
1158260 1626.1
1158270 1626.1
1158280 1619.8
1158290 1619.1
1158300 1619.1
1158310 1614.7
1158320 1609.6
1158330 1609.6
1158340 1603.0
1158350 1595.3
1158360 1595.3
1158370 1587.5
1158380 1580.7
1158390 1574.7
1158400 1574.7
1158410 1568.8
1158420 1563.0
1158430 1563.0
1158440 1557.3
1158450 1552.3
1158460 1552.3
1158470 1547.5
1158480 1542.8
1158490 1542.8
1158500 1538.4
1158510 1534.4
1158520 1534.4
1158530 1530.6
1158540 1527.0
1158550 1527.0
1158560 1523.6
1158570 1520.0
1158580 1520.0
1158590 1516.1
1158600 1511.1
1158610 1511.1
1158620 1506.0
1158630 1501.2
1158640 1501.2
1158650 1495.8
1158660 1490.6
1158670 1489.4
1158680 1489.4
1158690 1484.2
1158700 1479.2
1158710 1479.2
1158720 1474.3
1158730 1470.2
1158740 1470.2
1158750 1465.7
1158760 1460.4
1158770 1460.4
1158780 1454.4
1158790 1449.3
1158800 1449.3
1158810 1443.6
1158820 1439.3
1158830 1439.3
1158840 1435.7
1158850 1430.5
1158860 1430.5
1158870 1423.9
1158880 1417.4
1158890 1417.4
1158900 1411.2
1158910 1403.0
1158920 1403.0
1158930 1395.3
1158940 1391.1
1158950 1387.5
1158960 1387.5
1158970 1381.8
1158980 1375.0
1158990 1375.0
1159000 1365.6
1159010 1358.5
1159020 1358.5
1159030 1354.9
1159040 1351.6
1159050 1351.6
1159060 1346.0
1159070 1342.1
1159080 1342.1
1159090 1338.7
1159100 1334.3
1159110 1334.3
1159120 1330.9
1159130 1326.9
1159140 1326.9
1159150 1322.7
1159160 1319.2
1159170 1319.2
1159180 1317.2
1159190 1316.8
1159200 1316.8
1159210 1315.9
1159220 1313.7
1159230 1309.9
1159240 1309.9
1159250 1306.9
1159260 1304.2
1159270 1304.2
1159280 1300.7
1159290 1304.5
1159300 1304.5
1159310 1307.1
1159320 1307.2
1159330 1307.2
1159340 1306.2
1159350 1304.2
1159360 1304.2
1159370 1301.5
1159380 1299.0
1159390 1299.0
1159400 1296.9
1159410 1294.8
1159420 1294.8
1159430 1292.2
1159440 1290.0
1159450 1284.6
1159460 1280.8
1159470 1275.8
1159480 1275.8
1159490 1272.8
1159500 1273.0
1159510 1273.0
1159520 1273.0
1159530 1275.8
1159540 1275.5
1159550 1275.5
1159560 1274.2
1159570 1273.4
1159580 1273.4
1159590 1272.5
1159600 1271.3
1159610 1271.3
1159620 1270.2
1159630 1269.1
1159640 1269.1
1159650 1268.0
1159660 1267.0
1159670 1267.0
1159680 1265.7
1159690 1264.1
1159700 1264.1
1159710 1262.4
1159720 1260.8
1159730 1260.8
1159740 1259.2
1159750 1257.3
1159760 1255.0
1159770 1255.0
1159780 1252.5
1159790 1249.7
1159800 1249.7
1159810 1246.3
1159820 1242.7
1159830 1242.7
1159840 1235.4
1159850 1229.4
1159860 1229.4
1159870 1225.3
1159880 1220.6
1159890 1220.6
1159900 1215.8
1159910 1211.6
1159920 1211.6
1159930 1207.7
1159940 1205.2
1159950 1205.2
1159960 1202.1
1159970 1197.7
1159980 1197.7
1159990 1190.6
