1140000 1982.4
1140010 1992.1
1140020 1992.1
1140030 2001.8
1140040 2008.5
1140050 2008.5
1140060 2014.4
1140070 2021.6
1140080 2021.6
1140090 2028.7
1140100 2036.6
1140110 2045.0
1140120 2045.0
1140130 2055.9
1140140 2060.6
1140150 2060.6
1140160 2067.5
1140170 2075.7
1140180 2075.7
1140190 2083.3
1140200 2090.5
1140210 2090.5
1140220 2097.9
1140230 2105.7
1140240 2105.7
1140250 2113.3
1140260 2121.4
1140270 2121.4
1140280 2129.9
1140290 2138.4
1140300 2138.4
1140310 2147.1
1140320 2155.9
1140330 2155.9
1140340 2164.5
1140350 2172.9
1140360 2172.9
1140370 2181.0
1140380 2189.4
1140390 2198.7
1140400 2198.7
1140410 2213.7
1140420 2238.8
1140430 2238.8
1140440 2259.2
1140450 2273.5
1140460 2273.5
1140470 2282.2
1140480 2282.5
1140490 2282.5
1140500 2286.4
1140510 2272.7
1140520 2272.7
1140530 2256.6
1140540 2240.9
1140550 2240.9
1140560 2231.0
1140570 2226.9
1140580 2226.9
1140590 2222.8
1140600 2218.7
1140610 2218.7
1140620 2214.4
1140630 2209.9
1140640 2209.9
1140650 2205.0
1140660 2200.7
1140670 2198.1
1140680 2198.1
1140690 2197.4
1140700 2197.2
1140710 2197.2
1140720 2195.7
1140730 2192.0
1140740 2192.0
1140750 2187.4
1140760 2184.2
1140770 2184.2
1140780 2182.7
1140790 2181.3
1140800 2181.3
1140810 2182.0
1140820 2183.4
1140830 2183.4
1140840 2182.3
1140850 2180.6
1140860 2180.6
1140870 2184.5
1140880 2182.8
1140890 2182.8
1140900 2181.3
1140910 2180.9
1140920 2180.9
1140930 2182.0
1140940 2182.4
1140950 2183.1
1140960 2183.1
1140970 2184.9
1140980 2185.1
1140990 2185.1
1141000 2185.5
1141010 2185.7
1141020 2185.7
1141030 2185.6
1141040 2184.6
1141050 2184.6
1141060 2185.1
1141070 2186.9
1141080 2186.9
1141090 2187.9
1141100 2188.3
1141110 2188.3
1141120 2188.6
1141130 2189.9
1141140 2189.9
1141150 2190.4
1141160 2191.1
1141170 2191.1
1141180 2192.7
1141190 2194.7
1141200 2196.3
1141210 2196.3
1141220 2199.3
1141230 2203.3
1141240 2203.3
1141250 2216.4
1141260 2228.7
1141270 2228.7
1141280 2238.1
1141290 2245.7
1141300 2245.7
1141310 2253.8
1141320 2261.4
1141330 2261.4
1141340 2272.1
1141350 2284.2
1141360 2284.2
1141370 2300.4
1141380 2320.3
1141390 2320.3
1141400 2331.9
1141410 2341.5
1141420 2341.5
1141430 2349.9
1141440 2355.0
1141450 2355.0
1141460 2359.6
1141470 2365.1
1141480 2373.2
1141490 2373.2
1141500 2383.0
1141510 2389.5
1141520 2389.5
1141530 2390.3
1141540 2398.8
1141550 2398.8
1141560 2409.1
1141570 2416.0
1141580 2416.0
1141590 2417.3
1141600 2418.6
1141610 2418.6
1141620 2428.1
1141630 2423.6
1141640 2423.6
1141650 2419.4
1141660 2415.1
1141670 2415.1
1141680 2410.0
1141690 2403.6
1141700 2403.6
1141710 2398.5
1141720 2393.7
1141730 2393.7
1141740 2390.1
1141750 2386.8
1141760 2381.7
1141770 2381.7
1141780 2377.8
1141790 2375.6
1141800 2375.6
1141810 2374.3
1141820 2374.5
1141830 2374.5
1141840 2375.6
1141850 2374.6
1141860 2374.6
1141870 2370.8
1141880 2365.5
1141890 2365.5
1141900 2360.7
1141910 2356.3
1141920 2356.3
1141930 2349.7
1141940 2344.9
1141950 2344.9
1141960 2341.0
1141970 2336.7
1141980 2336.7
1141990 2343.0
1142000 2337.6
1142010 2337.6
1142020 2330.8
1142030 2324.8
1142040 2317.9
1142050 2317.9
1142060 2310.2
1142070 2304.1
1142080 2304.1
1142090 2298.1
1142100 2291.6
1142110 2291.6
1142120 2286.3
1142130 2282.1
1142140 2282.1
1142150 2275.1
1142160 2267.8
1142170 2267.8
1142180 2260.5
1142190 2249.3
1142200 2249.3
1142210 2240.0
1142220 2231.6
1142230 2231.6
1142240 2222.2
1142250 2211.4
1142260 2211.4
1142270 2199.6
1142280 2191.7
1142290 2186.0
1142300 2186.0
1142310 2181.5
1142320 2177.6
1142330 2177.6
1142340 2173.6
1142350 2170.2
1142360 2164.8
1142370 2161.5
1142380 2158.9
1142390 2158.9
1142400 2156.6
1142410 2154.6
1142420 2154.6
1142430 2152.6
1142440 2149.5
1142450 2149.5
1142460 2146.3
1142470 2144.1
1142480 2144.1
1142490 2142.5
1142500 2140.3
1142510 2140.3
1142520 2137.9
1142530 2135.0
1142540 2135.0
1142550 2132.3
1142560 2129.8
1142570 2127.5
1142580 2127.5
1142590 2123.8
1142600 2119.9
1142610 2119.9
1142620 2116.3
1142630 2113.3
1142640 2113.3
1142650 2111.1
1142660 2108.8
1142670 2108.8
1142680 2106.9
1142690 2104.1
1142700 2104.1
1142710 2100.6
1142720 2097.1
1142730 2094.0
1142740 2090.9
1142750 2088.7
1142760 2088.7
1142770 2087.1
1142780 2086.4
1142790 2086.4
1142800 2084.7
1142810 2083.2
1142820 2083.2
1142830 2081.2
1142840 2079.2
1142850 2077.3
1142860 2077.3
1142870 2076.5
1142880 2076.7
1142890 2076.7
1142900 2079.0
1142910 2082.0
1142920 2082.0
1142930 2085.3
1142940 2087.9
1142950 2087.9
1142960 2089.2
1142970 2090.8
1142980 2090.8
1142990 2092.6
1143000 2093.5
1143010 2093.5
1143020 2096.0
1143030 2098.8
1143040 2098.8
1143050 2101.5
1143060 2104.6
1143070 2104.6
1143080 2107.9
1143090 2111.3
1143100 2112.5
1143110 2116.1
1143120 2119.5
1143130 2122.7
1143140 2122.7
1143150 2126.0
1143160 2129.7
1143170 2129.7
1143180 2132.6
1143190 2135.2
1143200 2135.2
1143210 2137.8
1143220 2141.5
1143230 2141.5
1143240 2145.2
1143250 2149.1
1143260 2149.1
1143270 2153.8
1143280 2158.6
1143290 2158.6
1143300 2164.3
1143310 2170.6
1143320 2170.6
1143330 2176.7
1143340 2182.2
1143350 2182.2
1143360 2187.6
1143370 2193.4
1143380 2193.4
1143390 2198.8
1143400 2204.2
1143410 2209.6
1143420 2209.6
1143430 2215.3
1143440 2220.8
1143450 2220.8
1143460 2225.6
1143470 2230.2
1143480 2233.9
1143490 2239.2
1143500 2244.2
1143510 2244.2
1143520 2253.1
1143530 2268.9
1143540 2268.9
1143550 2297.0
1143560 2343.2
1143570 2343.2
1143580 2383.1
1143590 2402.2
1143600 2402.2
1143610 2418.1
1143620 2429.1
1143630 2429.1
1143640 2437.2
1143650 2443.6
1143660 2449.4
1143670 2449.4
1143680 2454.9
1143690 2461.0
1143700 2461.0
1143710 2465.8
1143720 2469.4
1143730 2469.4
1143740 2471.6
1143750 2475.8
1143760 2475.8
1143770 2481.4
1143780 2483.4
1143790 2483.4
1143800 2479.0
1143810 2477.4
1143820 2477.4
1143830 2478.1
1143840 2479.2
1143850 2491.1
1143860 2496.5
1143870 2507.2
1143880 2507.2
1143890 2511.2
1143900 2513.0
1143910 2513.0
1143920 2515.2
1143930 2517.0
1143940 2518.8
1143950 2518.8
1143960 2520.7
1143970 2529.7
1143980 2529.7
1143990 2543.1
1144000 2552.5
1144010 2552.5
1144020 2560.8
1144030 2568.1
1144040 2568.1
1144050 2575.6
1144060 2585.4
1144070 2585.4
1144080 2594.5
1144090 2608.3
1144100 2608.3
1144110 2624.9
1144120 2628.1
1144130 2628.1
1144140 2619.5
1144150 2605.0
1144160 2605.0
1144170 2582.6
1144180 2567.8
1144190 2567.8
1144200 2553.1
1144210 2537.7
1144220 2518.3
1144230 2518.3
1144240 2500.9
1144250 2479.2
1144260 2479.2
1144270 2464.8
1144280 2457.3
1144290 2457.3
1144300 2450.3
1144310 2444.3
1144320 2444.3
1144330 2438.5
1144340 2432.6
1144350 2432.6
1144360 2426.4
1144370 2419.7
1144380 2419.7
1144390 2412.8
1144400 2406.6
1144410 2406.6
1144420 2401.3
1144430 2397.1
1144440 2397.1
1144450 2392.9
1144460 2388.6
1144470 2388.6
1144480 2385.4
1144490 2383.8
1144500 2379.9
1144510 2379.9
1144520 2376.6
1144530 2373.8
1144540 2373.8
1144550 2370.4
1144560 2365.8
1144570 2365.8
1144580 2361.5
1144590 2359.1
1144600 2356.5
1144610 2352.7
1144620 2343.8
1144630 2343.8
1144640 2335.4
1144650 2330.7
1144660 2330.7
1144670 2328.2
1144680 2327.0
1144690 2327.0
1144700 2325.3
1144710 2325.4
1144720 2325.4
1144730 2326.6
1144740 2327.0
1144750 2326.2
1144760 2326.2
1144770 2324.0
1144780 2320.9
1144790 2320.9
1144800 2317.1
1144810 2312.7
1144820 2312.7
1144830 2308.9
1144840 2304.7
1144850 2304.7
1144860 2302.5
1144870 2300.9
1144880 2300.9
1144890 2300.1
1144900 2302.8
1144910 2302.8
1144920 2306.2
1144930 2308.5
1144940 2308.5
1144950 2307.9
1144960 2307.7
1144970 2301.8
1144980 2299.4
1144990 2296.6
1145000 2296.6
1145010 2294.2
1145020 2291.3
1145030 2287.4
1145040 2287.4
1145050 2285.5
1145060 2283.7
1145070 2283.7
1145080 2281.6
1145090 2277.9
1145100 2277.9
1145110 2274.2
1145120 2271.3
1145130 2271.3
1145140 2268.2
1145150 2265.2
1145160 2265.2
1145170 2261.2
1145180 2258.0
1145190 2258.0
1145200 2256.5
1145210 2255.6
1145220 2255.6
1145230 2253.4
1145240 2250.1
1145250 2250.1
1145260 2245.8
1145270 2240.4
1145280 2240.4
1145290 2235.7
1145300 2232.3
1145310 2229.7
1145320 2229.7
1145330 2228.1
1145340 2225.1
1145350 2220.4
1145360 2215.8
1145370 2209.0
1145380 2209.0
1145390 2202.8
1145400 2198.1
1145410 2198.1
1145420 2192.2
1145430 2184.2
1145440 2184.2
1145450 2180.9
1145460 2177.9
1145470 2177.9
1145480 2175.2
1145490 2172.9
1145500 2172.9
1145510 2171.1
1145520 2169.4
1145530 2169.4
1145540 2166.2
1145550 2162.7
1145560 2162.7
1145570 2159.3
1145580 2156.6
1145590 2155.0
1145600 2155.0
1145610 2153.0
1145620 2152.7
1145630 2152.7
1145640 2153.7
1145650 2156.2
1145660 2156.2
1145670 2157.7
1145680 2156.7
1145690 2156.7
1145700 2154.7
1145710 2153.1
1145720 2142.6
1145730 2140.3
1145740 2137.5
1145750 2137.5
1145760 2134.2
1145770 2131.5
1145780 2131.5
1145790 2128.8
1145800 2124.2
1145810 2124.2
1145820 2118.5
1145830 2113.3
1145840 2108.9
1145850 2108.9
1145860 2105.8
1145870 2101.7
1145880 2101.7
1145890 2097.5
1145900 2094.5
1145910 2094.5
1145920 2091.5
1145930 2089.1
1145940 2089.1
1145950 2087.5
1145960 2086.2
1145970 2086.2
1145980 2083.4
1145990 2082.3
1146000 2082.3
1146010 2080.1
1146020 2076.7
1146030 2076.7
1146040 2072.6
1146050 2067.6
1146060 2067.6
1146070 2062.2
1146080 2057.5
1146090 2057.5
1146100 2044.9
1146110 2035.9
1146120 2028.9
1146130 2028.9
1146140 2023.6
1146150 2020.5
1146160 2020.5
1146170 2021.6
1146180 2022.9
1146190 2022.9
1146200 2022.1
1146210 2018.0
1146220 2018.0
1146230 2013.8
1146240 2010.4
1146250 2010.4
1146260 2004.0
1146270 1998.5
1146280 1998.5
1146290 1993.3
1146300 1989.1
1146310 1989.1
1146320 1983.0
1146330 1974.8
1146340 1974.8
1146350 1968.9
1146360 1963.4
1146370 1963.4
1146380 1959.0
1146390 1954.9
1146400 1950.3
1146410 1950.3
1146420 1946.0
1146430 1940.1
1146440 1940.1
1146450 1935.8
1146460 1929.9
1146470 1929.9
1146480 1923.4
1146490 1919.3
1146500 1919.3
1146510 1915.8
1146520 1910.4
1146530 1910.4
1146540 1905.8
1146550 1901.5
1146560 1901.5
1146570 1896.1
1146580 1890.8
1146590 1890.8
1146600 1885.5
1146610 1879.8
1146620 1879.8
1146630 1873.3
1146640 1867.7
1146650 1867.7
1146660 1863.2
1146670 1859.1
1146680 1855.1
1146690 1855.1
1146700 1851.8
1146710 1851.5
1146720 1851.5
1146730 1850.5
1146740 1850.0
1146750 1850.0
1146760 1849.6
1146770 1849.4
1146780 1849.4
1146790 1847.8
1146800 1845.6
1146810 1845.6
1146820 1842.3
1146830 1837.5
1146840 1837.5
1146850 1842.3
1146860 1851.0
1146870 1851.0
1146880 1859.5
1146890 1860.6
1146900 1860.6
1146910 1859.1
1146920 1854.7
1146930 1854.7
1146940 1852.0
1146950 1849.8
1146960 1846.6
1146970 1846.6
1146980 1844.1
1146990 1843.1
1147000 1843.1
1147010 1839.1
1147020 1834.0
1147030 1834.0
1147040 1829.9
1147050 1825.0
1147060 1825.0
1147070 1820.2
1147080 1817.7
1147090 1817.7
1147100 1816.0
1147110 1813.8
1147120 1813.8
1147130 1811.7
1147140 1809.4
1147150 1809.4
1147160 1807.4
1147170 1805.0
1147180 1805.0
1147190 1802.1
1147200 1799.6
1147210 1797.8
1147220 1797.8
1147230 1800.5
1147240 1798.4
1147250 1798.4
1147260 1794.2
1147270 1793.4
1147280 1793.4
1147290 1792.8
1147300 1792.1
1147310 1792.1
1147320 1791.8
1147330 1791.6
1147340 1791.6
1147350 1791.4
1147360 1791.4
1147370 1791.4
1147380 1790.7
1147390 1790.5
1147400 1790.5
1147410 1789.9
1147420 1789.0
1147430 1789.0
1147440 1789.7
1147450 1791.4
1147460 1791.4
1147470 1792.1
1147480 1791.9
1147490 1791.7
1147500 1791.7
1147510 1792.2
1147520 1791.5
1147530 1791.5
1147540 1790.7
1147550 1791.1
1147560 1791.1
1147570 1792.4
1147580 1793.4
1147590 1793.4
1147600 1791.5
1147610 1796.1
1147620 1796.1
1147630 1799.7
1147640 1800.8
1147650 1800.8
1147660 1801.7
1147670 1802.6
1147680 1802.6
1147690 1803.6
1147700 1805.9
1147710 1805.9
1147720 1810.1
1147730 1812.4
1147740 1812.4
1147750 1813.1
1147760 1814.6
1147770 1816.0
1147780 1816.0
1147790 1813.6
1147800 1816.7
1147810 1816.7
1147820 1820.1
1147830 1824.4
1147840 1824.4
1147850 1827.0
1147860 1829.3
1147870 1829.3
1147880 1832.2
1147890 1836.2
1147900 1836.2
1147910 1841.0
1147920 1846.1
1147930 1846.1
1147940 1850.7
1147950 1856.9
1147960 1856.9
1147970 1863.9
1147980 1870.2
1147990 1877.0
1148000 1879.4
1148010 1877.2
1148020 1877.2
1148030 1876.2
1148040 1875.5
1148050 1877.6
1148060 1877.6
1148070 1882.8
1148080 1889.8
1148090 1889.8
1148100 1897.0
1148110 1904.2
1148120 1904.2
1148130 1908.9
1148140 1909.7
1148150 1909.7
1148160 1920.5
1148170 1925.1
1148180 1925.1
1148190 1928.3
1148200 1932.7
1148210 1932.7
1148220 1935.2
1148230 1937.3
1148240 1937.3
1148250 1939.5
1148260 1941.0
1148270 1941.0
1148280 1946.0
1148290 1949.5
1148300 1953.0
1148310 1953.0
1148320 1956.8
1148330 1960.0
1148340 1960.0
1148350 1962.9
1148360 1967.0
1148370 1973.2
1148380 1977.9
1148390 1982.7
1148400 1982.7
1148410 1986.8
1148420 1990.6
1148430 1990.6
1148440 1993.9
1148450 1995.0
1148460 1995.0
1148470 1993.3
1148480 1990.2
1148490 1990.2
1148500 1986.0
1148510 1988.6
1148520 1988.6
1148530 1992.0
1148540 2000.4
1148550 2000.4
1148560 2007.4
1148570 2012.6
1148580 2018.0
1148590 2018.0
1148600 2024.8
1148610 2029.5
1148620 2029.5
1148630 2031.8
1148640 2032.1
1148650 2032.1
1148660 2032.0
1148670 2031.9
1148680 2031.9
1148690 2035.0
1148700 2040.9
1148710 2040.9
1148720 2047.5
1148730 2057.2
1148740 2061.1
1148750 2070.2
1148760 2076.1
1148770 2076.1
1148780 2082.7
1148790 2091.0
1148800 2091.0
1148810 2098.9
1148820 2106.1
1148830 2106.1
1148840 2112.1
1148850 2115.5
1148860 2118.6
1148870 2118.6
1148880 2121.7
1148890 2124.4
1148900 2124.4
1148910 2126.3
1148920 2128.4
1148930 2128.4
1148940 2131.7
1148950 2135.1
1148960 2135.1
1148970 2137.8
1148980 2139.4
1148990 2139.4
1149000 2140.3
1149010 2141.7
1149020 2141.7
1149030 2142.8
1149040 2143.2
1149050 2143.2
1149060 2142.8
1149070 2140.3
1149080 2140.3
1149090 2135.8
1149100 2133.2
1149110 2133.2
1149120 2131.3
1149130 2130.5
1149140 2130.6
1149150 2130.6
1149160 2129.1
1149170 2126.6
1149180 2126.6
1149190 2122.3
1149200 2116.2
1149210 2116.2
1149220 2111.5
1149230 2109.1
1149240 2109.1
1149250 2108.1
1149260 2104.8
1149270 2104.8
1149280 2098.9
1149290 2092.1
1149300 2092.1
1149310 2087.1
1149320 2081.4
1149330 2081.4
1149340 2075.4
1149350 2071.7
1149360 2071.7
1149370 2067.6
1149380 2063.6
1149390 2055.5
1149400 2055.5
1149410 2047.2
1149420 2040.2
1149430 2040.2
1149440 2034.1
1149450 2028.9
1149460 2028.9
1149470 2024.1
1149480 2019.6
1149490 2019.6
1149500 2020.9
1149510 2019.2
1149520 2019.2
1149530 2017.1
1149540 2014.2
1149550 2014.2
1149560 2011.2
1149570 2008.8
1149580 2008.8
1149590 2006.0
1149600 2003.0
1149610 2003.0
1149620 1997.6
1149630 1992.1
1149640 1992.1
1149650 1990.3
1149660 1987.9
1149670 1979.8
1149680 1979.8
1149690 1968.0
1149700 1958.9
1149710 1958.9
1149720 1950.3
1149730 1937.8
1149740 1937.8
1149750 1922.2
1149760 1905.8
1149770 1905.8
1149780 1896.6
1149790 1887.3
1149800 1887.3
1149810 1878.9
1149820 1871.9
1149830 1871.9
1149840 1863.9
1149850 1855.7
1149860 1855.7
1149870 1848.7
1149880 1843.9
1149890 1843.9
1149900 1837.7
1149910 1831.8
1149920 1831.8
1149930 1825.6
1149940 1819.3
1149950 1813.0
1149960 1813.0
1149970 1806.8
1149980 1800.9
1149990 1800.9
1150000 1794.2
1150010 1788.2
1150020 1788.2
1150030 1782.6
1150040 1776.8
1150050 1776.8
1150060 1770.8
1150070 1765.1
1150080 1765.1
1150090 1758.1
1150100 1748.8
1150110 1748.8
1150120 1741.0
1150130 1735.3
1150140 1735.3
1150150 1726.2
1150160 1714.1
1150170 1714.1
1150180 1698.9
1150190 1675.7
1150200 1675.7
1150210 1663.6
1150220 1653.4
1150230 1642.2
1150240 1642.2
1150250 1631.4
1150260 1614.9
1150270 1614.9
1150280 1591.9
1150290 1580.5
1150300 1580.5
1150310 1577.5
1150320 1567.6
1150330 1567.6
1150340 1545.1
1150350 1529.3
1150360 1529.3
1150370 1524.0
1150380 1510.5
1150390 1510.5
1150400 1477.5
1150410 1440.4
1150420 1440.4
1150430 1425.2
1150440 1408.8
1150450 1408.8
1150460 1397.3
1150470 1389.3
1150480 1381.7
1150490 1381.7
1150500 1375.0
1150510 1369.3
1150520 1369.3
1150530 1363.9
1150540 1358.2
1150550 1358.2
1150560 1352.7
1150570 1346.9
1150580 1346.9
1150590 1340.7
1150600 1334.7
1150610 1334.7
1150620 1328.6
1150630 1322.6
1150640 1322.6
1150650 1318.3
1150660 1312.3
1150670 1312.3
1150680 1306.6
1150690 1300.9
1150700 1300.9
1150710 1295.5
1150720 1290.6
1150730 1290.6
1150740 1286.3
1150750 1282.0
1150760 1278.1
1150770 1278.1
1150780 1273.7
1150790 1268.2
1150800 1268.2
1150810 1266.4
1150820 1266.0
1150830 1266.0
1150840 1267.9
1150850 1271.6
1150860 1271.6
1150870 1275.2
1150880 1279.5
1150890 1279.5
1150900 1284.6
1150910 1289.3
1150920 1289.3
1150930 1294.9
1150940 1301.2
1150950 1301.2
1150960 1307.9
1150970 1314.5
1150980 1314.5
1150990 1321.0
1151000 1327.4
1151010 1327.4
1151020 1333.4
1151030 1338.9
1151040 1345.8
1151050 1345.8
1151060 1352.7
1151070 1359.6
1151080 1359.6
1151090 1366.5
1151100 1373.6
1151110 1373.6
1151120 1380.7
1151130 1387.5
1151140 1387.5
1151150 1394.5
1151160 1401.4
1151170 1401.4
1151180 1407.9
1151190 1414.4
1151200 1414.4
1151210 1422.5
1151220 1437.0
1151230 1437.0
1151240 1452.0
1151250 1465.7
1151260 1465.7
1151270 1481.9
1151280 1492.2
1151290 1492.2
1151300 1501.4
1151310 1510.7
1151320 1523.6
1151330 1523.6
1151340 1539.6
1151350 1551.6
1151360 1551.6
1151370 1559.8
1151380 1568.3
1151390 1568.3
1151400 1577.1
1151410 1595.6
1151420 1595.6
1151430 1606.6
1151440 1616.2
1151450 1616.2
1151460 1624.5
1151470 1632.2
1151480 1632.2
1151490 1640.4
1151500 1649.4
1151510 1649.4
1151520 1655.6
1151530 1659.5
1151540 1659.5
1151550 1663.5
1151560 1668.7
1151570 1668.7
1151580 1674.8
1151590 1682.5
1151600 1701.0
1151610 1701.0
1151620 1714.6
1151630 1727.9
1151640 1727.9
1151650 1739.9
1151660 1750.0
1151670 1750.0
1151680 1755.3
1151690 1759.3
1151700 1759.3
1151710 1762.8
1151720 1764.2
1151730 1764.2
1151740 1766.3
1151750 1767.5
1151760 1767.5
1151770 1767.8
1151780 1766.3
1151790 1757.9
1151800 1758.7
1151810 1762.4
1151820 1762.4
1151830 1766.3
1151840 1770.0
1151850 1773.8
1151860 1773.8
1151870 1776.6
1151880 1779.2
1151890 1779.2
1151900 1782.2
1151910 1785.5
1151920 1785.5
1151930 1790.4
1151940 1795.0
1151950 1795.0
1151960 1798.0
1151970 1799.8
1151980 1799.8
1151990 1801.8
1152000 1805.3
1152010 1805.3
1152020 1808.8
1152030 1811.8
1152040 1811.8
1152050 1815.2
1152060 1819.6
1152070 1819.6
1152080 1824.2
1152090 1829.0
1152100 1829.0
1152110 1835.7
1152120 1841.8
1152130 1846.5
1152140 1846.5
1152150 1855.8
1152160 1861.5
1152170 1856.4
1152180 1860.8
1152190 1865.1
1152200 1865.1
1152210 1871.0
1152220 1875.9
1152230 1875.9
1152240 1880.7
1152250 1885.3
1152260 1885.3
1152270 1890.9
1152280 1898.1
1152290 1898.1
1152300 1902.7
1152310 1905.8
1152320 1905.8
1152330 1908.1
1152340 1910.2
1152350 1910.2
1152360 1913.6
1152370 1918.6
1152380 1918.6
1152390 1923.7
1152400 1928.5
1152410 1931.9
1152420 1931.9
1152430 1933.4
1152440 1936.2
1152450 1936.2
1152460 1940.2
1152470 1944.5
1152480 1944.5
1152490 1948.7
1152500 1952.6
1152510 1952.6
1152520 1956.9
1152530 1960.9
1152540 1960.9
1152550 1964.8
1152560 1963.4
1152570 1963.4
1152580 1966.3
1152590 1970.1
1152600 1970.1
1152610 1973.3
1152620 1977.1
1152630 1977.1
1152640 1981.8
1152650 1987.3
1152660 1987.3
1152670 1986.9
1152680 1988.5
1152690 1988.0
1152700 1988.0
1152710 1991.5
1152720 2001.3
1152730 2001.3
1152740 2007.8
1152750 2012.6
1152760 2012.6
1152770 2019.2
1152780 2025.0
1152790 2025.0
1152800 2032.1
1152810 2040.0
1152820 2040.0
1152830 2049.2
1152840 2059.0
1152850 2059.0
1152860 2070.1
1152870 2080.2
1152880 2080.2
1152890 2087.4
1152900 2092.6
1152910 2092.6
1152920 2096.9
1152930 2100.2
1152940 2091.8
1152950 2091.8
1152960 2093.6
1152970 2099.1
1152980 2099.1
1152990 2104.3
1153000 2110.0
1153010 2110.0
1153020 2116.9
1153030 2124.5
1153040 2124.5
1153050 2132.3
1153060 2139.8
1153070 2139.8
1153080 2147.4
1153090 2155.3
1153100 2155.3
1153110 2165.8
1153120 2178.2
1153130 2178.2
1153140 2188.2
1153150 2199.0
1153160 2199.0
1153170 2214.2
1153180 2218.1
1153190 2218.1
1153200 2215.4
1153210 2209.8
1153220 2202.9
1153230 2202.9
1153240 2196.1
1153250 2189.8
1153260 2189.8
1153270 2184.8
1153280 2180.5
1153290 2180.5
1153300 2176.6
1153310 2173.4
1153320 2168.7
1153330 2167.1
1153340 2165.6
1153350 2165.6
1153360 2162.1
1153370 2159.5
1153380 2159.5
1153390 2157.8
1153400 2155.3
1153410 2155.3
1153420 2152.8
1153430 2150.8
1153440 2150.8
1153450 2147.5
1153460 2143.6
1153470 2143.6
1153480 2139.5
1153490 2135.2
1153500 2130.6
1153510 2130.6
1153520 2126.8
1153530 2122.1
1153540 2122.1
1153550 2116.9
1153560 2112.7
1153570 2112.7
1153580 2109.4
1153590 2104.9
1153600 2104.9
1153610 2099.9
1153620 2094.6
1153630 2094.6
1153640 2089.3
1153650 2084.4
1153660 2084.4
1153670 2079.3
1153680 2075.1
1153690 2075.1
1153700 2069.4
1153710 2072.8
1153720 2072.8
1153730 2068.5
1153740 2064.6
1153750 2064.6
1153760 2060.5
1153770 2056.4
1153780 2052.7
1153790 2052.7
1153800 2049.0
1153810 2045.3
1153820 2045.3
1153830 2041.1
1153840 2035.7
1153850 2035.7
1153860 2030.7
1153870 2026.6
1153880 2026.6
1153890 2023.7
1153900 2015.3
1153910 2015.3
1153920 2005.9
1153930 1997.1
1153940 1997.1
1153950 1990.1
1153960 1985.9
1153970 1985.9
1153980 1984.2
1153990 1978.6
1154000 1978.6
1154010 1973.5
1154020 1968.8
1154030 1964.4
1154040 1964.4
1154050 1962.3
1154060 1959.8
1154070 1959.8
1154080 1958.6
1154090 1968.2
1154100 1968.2
1154110 1963.9
1154120 1956.7
1154130 1956.7
1154140 1951.9
1154150 1949.8
1154160 1949.8
1154170 1947.5
1154180 1943.7
1154190 1943.7
1154200 1939.2
1154210 1934.7
1154220 1934.7
1154230 1931.1
1154240 1928.4
1154250 1928.4
1154260 1926.4
1154270 1925.1
1154280 1925.1
1154290 1923.0
1154300 1921.3
1154310 1920.9
1154320 1920.9
1154330 1919.8
1154340 1917.6
1154350 1917.6
1154360 1914.4
1154370 1910.5
1154380 1910.5
1154390 1905.9
1154400 1901.3
1154410 1901.3
1154420 1896.7
1154430 1891.0
1154440 1891.0
1154450 1885.2
1154460 1878.8
1154470 1878.8
1154480 1875.4
1154490 1868.0
1154500 1868.0
1154510 1864.3
1154520 1863.9
1154530 1863.9
1154540 1861.9
1154550 1859.7
1154560 1859.7
1154570 1857.0
1154580 1849.7
1154590 1843.3
1154600 1843.3
1154610 1841.2
1154620 1841.4
1154630 1841.4
1154640 1840.2
1154650 1839.6
1154660 1839.6
1154670 1837.5
1154680 1834.2
1154690 1834.2
1154700 1830.9
1154710 1829.7
1154720 1829.7
1154730 1828.3
1154740 1827.7
1154750 1827.7
1154760 1827.7
1154770 1827.0
1154780 1827.0
1154790 1826.8
1154800 1826.0
1154810 1826.0
1154820 1825.4
1154830 1825.7
1154840 1825.7
1154850 1825.4
1154860 1825.0
1154870 1832.4
1154880 1832.4
1154890 1831.5
1154900 1828.7
1154910 1828.7
1154920 1830.2
1154930 1831.0
1154940 1831.0
1154950 1828.4
1154960 1828.1
1154970 1828.1
1154980 1829.9
1154990 1829.7
1155000 1829.7
1155010 1823.1
1155020 1818.3
1155030 1818.3
1155040 1814.7
1155050 1810.8
1155060 1810.8
1155070 1802.3
1155080 1793.9
1155090 1793.9
1155100 1787.6
1155110 1788.5
1155120 1793.3
1155130 1793.3
1155140 1789.0
1155150 1781.3
1155160 1781.3
1155170 1774.8
1155180 1769.8
1155190 1769.8
1155200 1766.7
1155210 1762.5
1155220 1762.5
1155230 1757.7
1155240 1753.1
1155250 1760.6
1155260 1757.2
1155270 1755.9
1155280 1755.9
1155290 1755.8
1155300 1753.0
1155310 1753.0
1155320 1748.0
1155330 1742.7
1155340 1742.7
1155350 1739.2
1155360 1733.7
1155370 1733.7
1155380 1728.1
1155390 1726.4
1155400 1722.0
1155410 1722.0
1155420 1720.7
1155430 1717.6
1155440 1717.6
1155450 1713.5
1155460 1707.8
1155470 1707.8
1155480 1701.0
1155490 1693.6
1155500 1693.6
1155510 1688.0
1155520 1684.3
1155530 1684.3
1155540 1680.7
1155550 1676.7
1155560 1676.7
1155570 1671.2
1155580 1664.5
1155590 1664.5
1155600 1657.8
1155610 1650.8
1155620 1650.8
1155630 1644.9
1155640 1645.4
1155650 1645.4
1155660 1639.9
1155670 1634.9
1155680 1628.8
1155690 1628.8
1155700 1621.8
1155710 1615.7
1155720 1615.7
1155730 1609.5
1155740 1601.7
1155750 1601.7
1155760 1593.0
1155770 1585.1
1155780 1585.1
1155790 1578.4
1155800 1571.9
1155810 1571.9
1155820 1566.0
1155830 1561.1
1155840 1561.1
1155850 1556.5
1155860 1555.6
1155870 1555.6
1155880 1559.0
1155890 1564.9
1155900 1564.9
1155910 1571.2
1155920 1578.5
1155930 1578.5
1155940 1592.7
1155950 1607.1
1155960 1622.8
1155970 1622.8
1155980 1640.2
1155990 1654.6
1156000 1654.6
1156010 1671.7
1156020 1688.8
1156030 1686.5
1156040 1692.0
1156050 1695.3
1156060 1695.3
1156070 1697.2
1156080 1697.9
1156090 1697.9
1156100 1695.8
1156110 1690.5
1156120 1690.5
1156130 1686.8
1156140 1685.6
1156150 1685.6
1156160 1685.6
1156170 1686.0
1156180 1686.0
1156190 1687.6
1156200 1689.8
1156210 1692.4
1156220 1692.4
1156230 1697.5
1156240 1702.7
1156250 1702.7
1156260 1704.7
1156270 1706.1
1156280 1706.1
1156290 1707.0
1156300 1707.8
1156310 1707.8
1156320 1708.0
1156330 1708.8
1156340 1708.8
1156350 1709.8
1156360 1710.2
1156370 1710.2
1156380 1710.0
1156390 1708.4
1156400 1708.4
1156410 1706.3
1156420 1701.2
1156430 1701.2
1156440 1700.7
1156450 1700.1
1156460 1700.1
1156470 1698.9
1156480 1696.7
1156490 1693.9
1156500 1693.9
1156510 1690.7
1156520 1687.5
1156530 1687.5
1156540 1684.6
1156550 1681.9
1156560 1681.9
1156570 1679.1
1156580 1676.6
1156590 1676.6
1156600 1674.4
1156610 1672.8
1156620 1672.8
1156630 1671.0
1156640 1668.5
1156650 1668.5
1156660 1665.2
1156670 1661.8
1156680 1661.8
1156690 1658.8
1156700 1656.6
1156710 1656.6
1156720 1654.8
1156730 1653.1
1156740 1653.1
1156750 1651.5
1156760 1649.9
1156770 1647.2
1156780 1647.2
1156790 1643.5
1156800 1633.3
1156810 1633.3
1156820 1630.0
1156830 1626.9
1156840 1626.9
1156850 1623.9
1156860 1621.1
1156870 1621.1
1156880 1618.6
1156890 1616.2
1156900 1616.2
1156910 1614.1
1156920 1614.6
1156930 1614.6
1156940 1615.0
1156950 1614.4
1156960 1614.4
1156970 1613.2
1156980 1611.9
1156990 1611.9
1157000 1610.3
1157010 1608.6
1157020 1608.6
1157030 1607.4
1157040 1606.2
1157050 1604.9
1157060 1604.9
1157070 1603.4
1157080 1601.3
1157090 1601.3
1157100 1599.2
1157110 1597.7
1157120 1597.7
1157130 1597.0
1157140 1596.4
1157150 1596.4
1157160 1595.7
1157170 1595.1
1157180 1595.1
1157190 1588.4
1157200 1587.9
1157210 1587.9
1157220 1587.1
1157230 1586.0
1157240 1586.0
1157250 1584.3
1157260 1581.4
1157270 1581.4
1157280 1578.0
1157290 1574.5
1157300 1571.1
1157310 1571.1
1157320 1568.0
1157330 1564.7
1157340 1564.7
1157350 1561.7
1157360 1559.4
1157370 1559.4
1157380 1557.5
1157390 1555.6
1157400 1555.6
1157410 1553.5
1157420 1552.0
1157430 1552.0
1157440 1550.2
1157450 1548.1
1157460 1548.1
1157470 1546.3
1157480 1544.6
1157490 1544.6
1157500 1542.8
1157510 1541.5
1157520 1541.5
1157530 1541.1
1157540 1540.7
1157550 1540.7
1157560 1540.4
1157570 1539.8
1157580 1534.4
1157590 1534.4
1157600 1533.0
1157610 1531.9
1157620 1531.9
1157630 1530.8
1157640 1529.8
1157650 1529.8
1157660 1528.8
1157670 1527.0
1157680 1527.0
1157690 1525.8
1157700 1525.5
1157710 1525.5
1157720 1524.9
1157730 1525.4
1157740 1525.4
1157750 1523.9
1157760 1522.0
1157770 1522.0
1157780 1519.1
1157790 1510.3
1157800 1510.3
1157810 1501.4
1157820 1497.3
1157830 1497.3
1157840 1494.4
1157850 1491.5
1157860 1488.7
1157870 1488.7
1157880 1486.6
1157890 1485.1
1157900 1485.1
1157910 1481.8
1157920 1479.0
1157930 1479.0
1157940 1477.6
1157950 1474.6
1157960 1474.6
1157970 1463.1
1157980 1460.0
1157990 1460.0
1158000 1456.6
1158010 1452.9
1158020 1452.9
1158030 1450.1
1158040 1447.8
1158050 1447.8
1158060 1446.1
1158070 1444.7
1158080 1444.7
1158090 1443.5
1158100 1442.7
1158110 1442.7
1158120 1441.9
1158130 1441.1
1158140 1439.7
1158150 1439.7
1158160 1437.6
1158170 1435.3
1158180 1435.3
1158190 1432.9
1158200 1429.9
1158210 1429.9
1158220 1426.9
1158230 1423.7
1158240 1423.7
1158250 1420.1
1158260 1417.2
1158270 1417.2
1158280 1414.3
1158290 1411.4
1158300 1411.4
1158310 1408.9
1158320 1406.3
1158330 1406.3
1158340 1403.3
1158350 1400.4
1158360 1397.7
1158370 1394.6
1158380 1391.4
1158390 1388.6
1158400 1388.6
1158410 1386.4
1158420 1384.2
1158430 1384.2
1158440 1381.9
1158450 1379.2
1158460 1379.2
1158470 1377.2
1158480 1375.0
1158490 1375.0
1158500 1371.2
1158510 1365.4
1158520 1365.4
1158530 1359.5
1158540 1354.2
1158550 1354.2
1158560 1348.9
1158570 1343.5
1158580 1343.5
1158590 1336.8
1158600 1329.3
1158610 1329.3
1158620 1322.1
1158630 1314.1
1158640 1314.1
1158650 1304.3
1158660 1295.0
1158670 1284.0
1158680 1284.0
1158690 1271.8
1158700 1263.3
1158710 1263.3
1158720 1257.4
1158730 1253.7
1158740 1253.7
1158750 1244.3
1158760 1235.1
1158770 1235.1
1158780 1229.0
1158790 1225.1
1158800 1225.1
1158810 1222.5
1158820 1219.3
1158830 1219.3
1158840 1217.6
1158850 1215.4
1158860 1215.4
1158870 1214.7
1158880 1213.9
1158890 1213.9
1158900 1212.4
1158910 1210.8
1158920 1210.8
1158930 1211.1
1158940 1210.8
1158950 1209.8
1158960 1209.8
1158970 1208.1
1158980 1205.0
1158990 1205.0
1159000 1201.7
1159010 1197.8
1159020 1197.8
1159030 1194.0
1159040 1188.5
1159050 1188.5
1159060 1185.2
1159070 1186.1
1159080 1186.1
1159090 1185.9
1159100 1183.3
1159110 1183.3
1159120 1179.3
1159130 1175.4
1159140 1166.0
1159150 1165.3
1159160 1163.5
1159170 1163.5
1159180 1157.6
1159190 1148.8
1159200 1144.6
1159210 1144.6
1159220 1140.5
1159230 1136.6
1159240 1136.6
1159250 1132.3
1159260 1126.4
1159270 1126.4
1159280 1117.9
1159290 1109.7
1159300 1109.7
1159310 1104.9
1159320 1098.9
1159330 1098.9
1159340 1093.1
1159350 1087.5
1159360 1087.5
1159370 1083.5
1159380 1082.1
1159390 1082.1
1159400 1080.9
1159410 1080.2
1159420 1080.2
1159430 1080.2
1159440 1079.5
1159450 1079.5
1159460 1077.7
1159470 1075.3
1159480 1072.6
1159490 1072.6
1159500 1070.7
1159510 1067.7
1159520 1067.7
1159530 1057.7
1159540 1055.8
1159550 1055.8
1159560 1051.6
1159570 1047.7
1159580 1047.7
1159590 1046.7
1159600 1047.1
1159610 1047.1
1159620 1046.8
1159630 1046.2
1159640 1046.2
1159650 1045.8
1159660 1045.2
1159670 1045.2
1159680 1044.8
1159690 1044.5
1159700 1044.5
1159710 1044.1
1159720 1043.7
1159730 1043.7
1159740 1043.1
1159750 1042.5
1159760 1042.1
1159770 1042.1
1159780 1041.6
1159790 1041.1
1159800 1041.1
1159810 1040.7
1159820 1040.5
1159830 1040.5
1159840 1040.3
1159850 1040.2
1159860 1040.2
1159870 1040.0
1159880 1040.0
1159890 1040.0
1159900 1040.0
1159910 1039.9
1159920 1039.9
1159930 1040.2
1159940 1040.2
1159950 1040.2
1159960 1040.3
1159970 1040.4
1159980 1040.4
1159990 1040.8
