1140000 1856.4
1140010 1856.4
1140020 1854.4
1140030 1858.2
1140040 1858.2
1140050 1861.8
1140060 1864.5
1140070 1864.5
1140080 1867.0
1140090 1869.7
1140100 1869.7
1140110 1872.4
1140120 1876.1
1140130 1876.1
1140140 1878.1
1140150 1879.3
1140160 1879.3
1140170 1880.0
1140180 1881.1
1140190 1883.0
1140200 1883.0
1140210 1884.7
1140220 1884.8
1140230 1884.8
1140240 1882.9
1140250 1879.3
1140260 1879.3
1140270 1878.1
1140280 1878.8
1140290 1878.8
1140300 1880.4
1140310 1882.4
1140320 1882.4
1140330 1883.9
1140340 1884.9
1140350 1884.9
1140360 1886.4
1140370 1886.1
1140380 1886.1
1140390 1888.4
1140400 1890.2
1140410 1890.2
1140420 1890.9
1140430 1892.8
1140440 1892.8
1140450 1897.1
1140460 1901.5
1140470 1907.5
1140480 1907.5
1140490 1914.3
1140500 1918.3
1140510 1918.3
1140520 1922.4
1140530 1927.1
1140540 1927.1
1140550 1932.0
1140560 1937.1
1140570 1937.1
1140580 1942.7
1140590 1948.7
1140600 1948.7
1140610 1954.8
1140620 1960.3
1140630 1960.3
1140640 1965.2
1140650 1967.9
1140660 1967.9
1140670 1967.5
1140680 1968.7
1140690 1968.7
1140700 1970.9
1140710 1972.2
1140720 1974.6
1140730 1974.6
1140740 1978.6
1140750 1983.1
1140760 1983.1
1140770 1988.2
1140780 1993.7
1140790 1993.7
1140800 1999.2
1140810 2004.9
1140820 2004.9
1140830 2010.5
1140840 2015.6
1140850 2015.6
1140860 2025.0
1140870 2030.1
1140880 2030.1
1140890 2035.2
1140900 2039.9
1140910 2039.9
1140920 2044.4
1140930 2048.3
1140940 2048.3
1140950 2050.9
1140960 2051.6
1140970 2051.6
1140980 2052.8
1140990 2056.4
1141000 2062.2
1141010 2062.2
1141020 2068.0
1141030 2073.4
1141040 2073.4
1141050 2077.5
1141060 2080.8
1141070 2080.8
1141080 2083.4
1141090 2085.2
1141100 2085.2
1141110 2085.8
1141120 2086.1
1141130 2086.1
1141140 2085.3
1141150 2085.2
1141160 2085.2
1141170 2086.1
1141180 2088.1
1141190 2088.1
1141200 2091.2
1141210 2094.3
1141220 2094.3
1141230 2094.8
1141240 2095.4
1141250 2095.4
1141260 2093.6
1141270 2091.4
1141280 2089.9
1141290 2089.9
1141300 2088.6
1141310 2085.3
1141320 2085.3
1141330 2080.7
1141340 2078.1
1141350 2078.1
1141360 2076.9
1141370 2076.9
1141380 2076.9
1141390 2076.6
1141400 2076.4
1141410 2076.4
1141420 2076.8
1141430 2076.2
1141440 2076.2
1141450 2075.4
1141460 2075.1
1141470 2075.1
1141480 2075.5
1141490 2076.0
1141500 2076.0
1141510 2076.9
1141520 2077.7
1141530 2077.7
1141540 2078.3
1141550 2079.1
1141560 2079.6
1141570 2079.6
1141580 2080.1
1141590 2080.2
1141600 2079.9
1141610 2079.8
1141620 2080.4
1141630 2080.4
1141640 2084.2
1141650 2087.4
1141660 2087.4
1141670 2089.6
1141680 2090.8
1141690 2090.8
1141700 2091.5
1141710 2092.1
1141720 2092.1
1141730 2093.2
1141740 2093.4
1141750 2093.4
1141760 2094.7
1141770 2096.9
1141780 2096.9
1141790 2100.2
1141800 2104.8
1141810 2104.8
1141820 2109.4
1141830 2112.9
1141840 2115.1
1141850 2115.1
1141860 2116.8
1141870 2118.1
1141880 2118.1
1141890 2119.7
1141900 2121.8
1141910 2121.8
1141920 2124.6
1141930 2128.5
1141940 2128.5
1141950 2132.7
1141960 2136.7
1141970 2136.7
1141980 2145.1
1141990 2147.0
1142000 2147.0
1142010 2150.9
1142020 2156.9
1142030 2156.9
1142040 2164.0
1142050 2170.0
1142060 2170.0
1142070 2175.4
1142080 2180.3
1142090 2180.3
1142100 2184.4
1142110 2187.2
1142120 2190.1
1142130 2190.1
1142140 2193.3
1142150 2195.1
1142160 2195.1
1142170 2194.9
1142180 2195.9
1142190 2195.9
1142200 2198.4
1142210 2198.8
1142220 2198.8
1142230 2200.6
1142240 2202.8
1142250 2202.8
1142260 2205.9
1142270 2208.9
1142280 2208.9
1142290 2211.6
1142300 2214.9
1142310 2214.9
1142320 2219.3
1142330 2223.4
1142340 2223.4
1142350 2225.7
1142360 2229.5
1142370 2233.9
1142380 2233.9
1142390 2239.0
1142400 2243.8
1142410 2243.8
1142420 2247.6
1142430 2250.2
1142440 2250.2
1142450 2251.8
1142460 2253.6
1142470 2253.6
1142480 2256.1
1142490 2260.5
1142500 2260.5
1142510 2264.3
1142520 2268.0
1142530 2268.0
1142540 2272.1
1142550 2275.9
1142560 2275.9
1142570 2279.7
1142580 2283.3
1142590 2283.3
1142600 2287.2
1142610 2292.2
1142620 2292.2
1142630 2297.1
1142640 2303.0
1142650 2313.4
1142660 2313.4
1142670 2320.9
1142680 2329.4
1142690 2329.4
1142700 2351.6
1142710 2363.3
1142720 2345.9
1142730 2355.3
1142740 2361.4
1142750 2361.4
1142760 2369.9
1142770 2379.6
1142780 2379.6
1142790 2392.0
1142800 2396.3
1142810 2396.3
1142820 2402.1
1142830 2408.5
1142840 2408.5
1142850 2411.0
1142860 2411.7
1142870 2411.7
1142880 2404.8
1142890 2393.9
1142900 2393.9
1142910 2383.9
1142920 2378.1
1142930 2373.5
1142940 2373.5
1142950 2371.0
1142960 2368.1
1142970 2368.1
1142980 2365.1
1142990 2361.4
1143000 2361.4
1143010 2356.2
1143020 2349.9
1143030 2349.9
1143040 2343.4
1143050 2342.0
1143060 2342.0
1143070 2342.0
1143080 2344.2
1143090 2335.9
1143100 2336.5
1143110 2337.0
1143120 2337.0
1143130 2339.6
1143140 2341.2
1143150 2341.2
1143160 2338.7
1143170 2333.5
1143180 2333.5
1143190 2324.2
1143200 2321.8
1143210 2319.0
1143220 2319.0
1143230 2314.1
1143240 2313.4
1143250 2313.4
1143260 2314.6
1143270 2316.1
1143280 2316.1
1143290 2318.6
1143300 2321.8
1143310 2321.8
1143320 2325.7
1143330 2330.3
1143340 2330.3
1143350 2334.3
1143360 2337.6
1143370 2337.6
1143380 2341.2
1143390 2344.6
1143400 2344.6
1143410 2348.1
1143420 2351.8
1143430 2351.8
1143440 2354.8
1143450 2357.0
1143460 2350.4
1143470 2351.9
1143480 2352.4
1143490 2352.8
1143500 2352.8
1143510 2354.8
1143520 2354.9
1143530 2354.9
1143540 2354.8
1143550 2356.0
1143560 2356.0
1143570 2355.5
1143580 2355.2
1143590 2355.2
1143600 2355.8
1143610 2356.3
1143620 2356.3
1143630 2357.3
1143640 2359.2
1143650 2359.2
1143660 2360.8
1143670 2362.2
1143680 2362.2
1143690 2363.6
1143700 2365.0
1143710 2365.0
1143720 2366.5
1143730 2368.1
1143740 2368.1
1143750 2370.1
1143760 2371.9
1143770 2374.3
1143780 2374.3
1143790 2377.0
1143800 2379.9
1143810 2379.9
1143820 2381.5
1143830 2382.1
1143840 2374.9
1143850 2374.8
1143860 2377.7
1143870 2377.7
1143880 2381.2
1143890 2381.8
1143900 2381.8
1143910 2383.7
1143920 2387.6
1143930 2387.6
1143940 2392.0
1143950 2400.7
1143960 2400.7
1143970 2408.4
1143980 2412.3
1143990 2412.3
1144000 2417.1
1144010 2422.0
1144020 2429.5
1144030 2429.5
1144040 2433.6
1144050 2435.1
1144060 2435.1
1144070 2437.2
1144080 2440.2
1144090 2440.2
1144100 2442.6
1144110 2448.2
1144120 2448.2
1144130 2456.8
1144140 2464.3
1144150 2464.3
1144160 2471.5
1144170 2477.1
1144180 2477.1
1144190 2482.3
1144200 2486.5
1144210 2477.2
1144220 2483.1
1144230 2488.8
1144240 2488.8
1144250 2492.3
1144260 2495.0
1144270 2495.0
1144280 2496.9
1144290 2499.0
1144300 2503.5
1144310 2503.5
1144320 2508.5
1144330 2517.2
1144340 2517.2
1144350 2527.7
1144360 2546.5
1144370 2546.5
1144380 2556.5
1144390 2561.8
1144400 2561.8
1144410 2565.0
1144420 2561.5
1144430 2561.5
1144440 2556.0
1144450 2550.2
1144460 2550.2
1144470 2544.5
1144480 2538.7
1144490 2538.7
1144500 2533.0
1144510 2527.2
1144520 2527.2
1144530 2520.6
1144540 2513.0
1144550 2513.0
1144560 2504.6
1144570 2496.1
1144580 2487.3
1144590 2485.2
1144600 2475.7
1144610 2466.3
1144620 2466.3
1144630 2458.4
1144640 2448.4
1144650 2448.4
1144660 2436.5
1144670 2428.6
1144680 2428.6
1144690 2425.2
1144700 2420.9
1144710 2420.9
1144720 2414.8
1144730 2408.1
1144740 2408.1
1144750 2401.5
1144760 2396.7
1144770 2396.7
1144780 2391.1
1144790 2382.0
1144800 2382.0
1144810 2378.7
1144820 2378.8
1144830 2378.8
1144840 2374.2
1144850 2363.9
1144860 2349.7
1144870 2349.7
1144880 2342.2
1144890 2337.2
1144900 2337.2
1144910 2330.4
1144920 2324.9
1144930 2324.9
1144940 2320.6
1144950 2316.5
1144960 2317.7
1144970 2312.9
1144980 2308.5
1144990 2308.5
1145000 2305.9
1145010 2302.9
1145020 2302.9
1145030 2299.7
1145040 2298.1
1145050 2298.1
1145060 2297.8
1145070 2296.7
1145080 2296.7
1145090 2294.3
1145100 2291.3
1145110 2291.3
1145120 2289.1
1145130 2287.3
1145140 2284.6
1145150 2284.6
1145160 2282.0
1145170 2280.0
1145180 2280.0
1145190 2277.6
1145200 2276.7
1145210 2276.7
1145220 2275.7
1145230 2274.4
1145240 2274.4
1145250 2273.1
1145260 2272.5
1145270 2272.5
1145280 2272.9
1145290 2273.3
1145300 2273.3
1145310 2272.5
1145320 2269.2
1145330 2269.2
1145340 2273.8
1145350 2275.7
1145360 2275.7
1145370 2272.4
1145380 2269.6
1145390 2269.6
1145400 2265.6
1145410 2264.0
1145420 2262.9
1145430 2262.9
1145440 2260.6
1145450 2260.0
1145460 2260.0
1145470 2260.3
1145480 2261.6
1145490 2261.6
1145500 2262.8
1145510 2265.0
1145520 2265.0
1145530 2266.9
1145540 2266.8
1145550 2266.8
1145560 2267.1
1145570 2271.1
1145580 2271.1
1145590 2273.1
1145600 2273.0
1145610 2273.0
1145620 2273.0
1145630 2275.7
1145640 2275.7
1145650 2277.0
1145660 2275.6
1145670 2272.2
1145680 2272.2
1145690 2270.6
1145700 2267.9
1145710 2268.4
1145720 2263.2
1145730 2256.4
1145740 2256.4
1145750 2248.4
1145760 2235.3
1145770 2235.3
1145780 2217.4
1145790 2209.6
1145800 2209.6
1145810 2204.4
1145820 2200.8
1145830 2200.8
1145840 2195.0
1145850 2187.3
1145860 2187.3
1145870 2182.4
1145880 2178.4
1145890 2178.4
1145900 2176.1
1145910 2173.9
1145920 2173.9
1145930 2170.6
1145940 2165.9
1145950 2160.2
1145960 2160.2
1145970 2157.1
1145980 2153.9
1145990 2153.9
1146000 2150.2
1146010 2147.4
1146020 2147.4
1146030 2144.9
1146040 2144.0
1146050 2144.0
1146060 2142.4
1146070 2141.3
1146080 2141.3
1146090 2138.0
1146100 2135.6
1146110 2135.6
1146120 2132.0
1146130 2126.0
1146140 2126.0
1146150 2121.7
1146160 2119.5
1146170 2119.5
1146180 2117.3
1146190 2115.6
1146200 2115.6
1146210 2114.2
1146220 2112.9
1146230 2112.2
1146240 2112.2
1146250 2111.3
1146260 2109.9
1146270 2109.9
1146280 2109.0
1146290 2107.5
1146300 2107.5
1146310 2106.2
1146320 2107.4
1146330 2107.4
1146340 2109.4
1146350 2108.0
1146360 2108.0
1146370 2109.5
1146380 2110.8
1146390 2110.8
1146400 2114.0
1146410 2117.2
1146420 2117.2
1146430 2120.4
1146440 2125.7
1146450 2125.7
1146460 2128.7
1146470 2133.5
1146480 2133.5
1146490 2135.8
1146500 2140.3
1146510 2137.8
1146520 2137.8
1146530 2132.3
1146540 2129.0
1146550 2129.0
1146560 2123.6
1146570 2121.1
1146580 2121.1
1146590 2121.5
1146600 2121.7
1146610 2121.7
1146620 2119.4
1146630 2120.9
1146640 2120.9
1146650 2118.6
1146660 2115.2
1146670 2115.2
1146680 2110.5
1146690 2109.6
1146700 2109.6
1146710 2109.8
1146720 2108.2
1146730 2108.2
1146740 2105.6
1146750 2103.3
1146760 2103.3
1146770 2102.2
1146780 2101.9
1146790 2101.6
1146800 2101.6
1146810 2101.9
1146820 2101.2
1146830 2101.2
1146840 2093.9
1146850 2089.8
1146860 2089.8
1146870 2086.7
1146880 2083.0
1146890 2083.0
1146900 2079.7
1146910 2077.5
1146920 2077.5
1146930 2075.9
1146940 2075.2
1146950 2075.2
1146960 2074.7
1146970 2075.1
1146980 2075.1
1146990 2075.4
1147000 2076.3
1147010 2076.3
1147020 2077.5
1147030 2077.3
1147040 2075.5
1147050 2075.5
1147060 2072.0
1147070 2066.9
1147080 2066.9
1147090 2062.1
1147100 2057.6
1147110 2057.6
1147120 2051.5
1147130 2045.3
1147140 2045.3
1147150 2039.3
1147160 2034.9
1147170 2034.9
1147180 2028.6
1147190 2022.0
1147200 2022.0
1147210 2015.5
1147220 1995.9
1147230 1995.9
1147240 1989.4
1147250 1983.7
1147260 1983.7
1147270 1979.1
1147280 1975.1
1147290 1975.1
1147300 1971.6
1147310 1967.5
1147320 1962.6
1147330 1962.6
1147340 1956.8
1147350 1952.5
1147360 1952.5
1147370 1947.3
1147380 1942.9
1147390 1942.9
1147400 1936.5
1147410 1929.8
1147420 1929.8
1147430 1924.4
1147440 1913.9
1147450 1913.9
1147460 1893.2
1147470 1883.8
1147480 1883.8
1147490 1882.2
1147500 1884.7
1147510 1884.7
1147520 1883.5
1147530 1879.4
1147540 1879.4
1147550 1873.1
1147560 1865.2
1147570 1865.2
1147580 1857.8
1147590 1852.6
1147600 1856.0
1147610 1856.0
1147620 1844.9
1147630 1819.2
1147640 1819.2
1147650 1802.4
1147660 1792.2
1147670 1792.2
1147680 1786.8
1147690 1781.4
1147700 1781.4
1147710 1775.4
1147720 1768.3
1147730 1768.3
1147740 1760.1
1147750 1753.3
1147760 1753.3
1147770 1750.5
1147780 1745.7
1147790 1745.7
1147800 1736.0
1147810 1724.4
1147820 1724.4
1147830 1720.7
1147840 1709.0
1147850 1709.0
1147860 1699.1
1147870 1688.7
1147880 1679.6
1147890 1679.6
1147900 1670.8
1147910 1663.5
1147920 1663.5
1147930 1657.1
1147940 1651.0
1147950 1651.0
1147960 1645.0
1147970 1636.9
1147980 1636.9
1147990 1632.0
1148000 1627.8
1148010 1627.8
1148020 1625.5
1148030 1623.0
1148040 1623.0
1148050 1621.1
1148060 1619.2
1148070 1619.2
1148080 1615.7
1148090 1612.0
1148100 1612.0
1148110 1608.4
1148120 1604.2
1148130 1604.2
1148140 1600.5
1148150 1597.4
1148160 1594.5
1148170 1594.5
1148180 1591.6
1148190 1589.1
1148200 1589.1
1148210 1586.4
1148220 1583.4
1148230 1583.4
1148240 1580.7
1148250 1578.5
1148260 1578.5
1148270 1576.2
1148280 1574.3
1148290 1574.3
1148300 1572.4
1148310 1569.0
1148320 1569.0
1148330 1564.1
1148340 1562.8
1148350 1567.3
1148360 1570.6
1148370 1571.4
1148380 1571.4
1148390 1571.6
1148400 1572.2
1148410 1572.2
1148420 1573.0
1148430 1574.3
1148440 1575.7
1148450 1575.7
1148460 1576.4
1148470 1576.5
1148480 1576.5
1148490 1576.0
1148500 1575.6
1148510 1575.6
1148520 1576.4
1148530 1579.3
1148540 1579.3
1148550 1585.1
1148560 1593.7
1148570 1593.7
1148580 1607.2
1148590 1618.6
1148600 1618.6
1148610 1629.3
1148620 1637.7
1148630 1637.7
1148640 1643.8
1148650 1647.0
1148660 1647.0
1148670 1648.8
1148680 1657.1
1148690 1659.6
1148700 1659.6
1148710 1660.8
1148720 1661.9
1148730 1666.7
1148740 1668.9
1148750 1671.8
1148760 1671.8
1148770 1675.2
1148780 1678.8
1148790 1678.8
1148800 1681.3
1148810 1683.8
1148820 1683.8
1148830 1686.5
1148840 1688.2
1148850 1688.2
1148860 1688.3
1148870 1687.7
1148880 1687.7
1148890 1684.0
1148900 1665.4
1148910 1665.4
1148920 1659.0
1148930 1663.1
1148940 1663.1
1148950 1662.8
1148960 1656.0
1148970 1644.2
1148980 1644.2
1148990 1635.3
1149000 1630.6
1149010 1630.6
1149020 1627.6
1149030 1621.6
1149040 1621.6
1149050 1619.8
1149060 1612.6
1149070 1612.6
1149080 1604.6
1149090 1600.5
1149100 1600.5
1149110 1618.6
1149120 1625.4
1149130 1625.4
1149140 1627.8
1149150 1627.8
1149160 1627.8
1149170 1623.0
1149180 1614.1
1149190 1614.1
1149200 1612.6
1149210 1616.3
1149220 1616.3
1149230 1621.2
1149240 1624.0
1149250 1617.0
1149260 1617.0
1149270 1611.4
1149280 1600.3
1149290 1600.3
1149300 1589.9
1149310 1586.8
1149320 1586.8
1149330 1579.3
1149340 1569.9
1149350 1569.9
1149360 1565.3
1149370 1565.4
1149380 1565.4
1149390 1577.8
1149400 1592.8
1149410 1592.8
1149420 1605.2
1149430 1610.7
1149440 1610.7
1149450 1599.7
1149460 1584.4
1149470 1584.4
1149480 1568.4
1149490 1565.5
1149500 1565.5
1149510 1558.4
1149520 1551.3
1149530 1548.4
1149540 1548.4
1149550 1540.0
1149560 1537.1
1149570 1537.1
1149580 1537.0
1149590 1536.4
1149600 1536.4
1149610 1530.7
1149620 1531.7
1149630 1531.7
1149640 1530.3
1149650 1527.7
1149660 1527.7
1149670 1524.1
1149680 1520.1
1149690 1520.1
1149700 1515.8
1149710 1511.0
1149720 1511.0
1149730 1507.5
1149740 1506.2
1149750 1506.2
1149760 1505.4
1149770 1502.9
1149780 1502.9
1149790 1500.0
1149800 1498.9
1149810 1498.0
1149820 1498.0
1149830 1501.4
1149840 1502.2
1149850 1502.2
1149860 1501.1
1149870 1516.5
1149880 1516.5
1149890 1510.2
1149900 1500.7
1149910 1500.7
1149920 1493.0
1149930 1488.8
1149940 1488.8
1149950 1487.0
1149960 1486.4
1149970 1486.4
1149980 1483.3
1149990 1480.3
1150000 1480.3
1150010 1478.0
1150020 1477.1
1150030 1477.1
1150040 1477.8
1150050 1476.5
1150060 1474.1
1150070 1474.1
1150080 1471.3
1150090 1467.9
1150100 1467.9
1150110 1463.8
1150120 1461.5
1150130 1461.5
1150140 1459.1
1150150 1456.8
1150160 1456.8
1150170 1454.8
1150180 1453.4
1150190 1453.4
1150200 1451.3
1150210 1449.4
1150220 1449.4
1150230 1445.8
1150240 1441.8
1150250 1446.2
1150260 1440.2
1150270 1434.3
1150280 1434.3
1150290 1427.7
1150300 1420.5
1150310 1420.5
1150320 1413.3
1150330 1406.9
1150340 1400.4
1150350 1400.4
1150360 1393.9
1150370 1387.8
1150380 1387.8
1150390 1382.3
1150400 1376.9
1150410 1376.9
1150420 1371.6
1150430 1366.7
1150440 1366.7
1150450 1362.3
1150460 1357.3
1150470 1357.3
1150480 1352.6
1150490 1348.8
1150500 1348.8
1150510 1345.8
1150520 1343.3
1150530 1343.3
1150540 1341.4
1150550 1340.1
1150560 1340.1
1150570 1339.1
1150580 1338.4
1150590 1338.4
1150600 1337.1
1150610 1334.3
1150620 1330.2
1150630 1329.4
1150640 1324.2
1150650 1317.8
1150660 1317.8
1150670 1310.2
1150680 1308.4
1150690 1308.4
1150700 1317.0
1150710 1330.4
1150720 1330.4
1150730 1336.8
1150740 1343.7
1150750 1343.7
1150760 1349.4
1150770 1355.2
1150780 1355.2
1150790 1360.6
1150800 1365.7
1150810 1365.7
1150820 1371.7
1150830 1379.1
1150840 1379.1
1150850 1387.4
1150860 1395.2
1150870 1395.2
1150880 1402.9
1150890 1411.2
1150900 1419.3
1150910 1419.3
1150920 1427.5
1150930 1435.5
1150940 1435.5
1150950 1445.1
1150960 1459.4
1150970 1459.4
1150980 1472.7
1150990 1481.6
1151000 1481.6
1151010 1485.4
1151020 1493.1
1151030 1493.1
1151040 1501.5
1151050 1511.7
1151060 1511.7
1151070 1521.6
1151080 1526.5
1151090 1526.5
1151100 1533.3
1151110 1539.8
1151120 1539.8
1151130 1544.4
1151140 1552.6
1151150 1552.6
1151160 1564.4
1151170 1573.6
1151180 1580.8
1151190 1580.8
1151200 1593.7
1151210 1606.5
1151220 1606.5
1151230 1615.8
1151240 1624.6
1151250 1624.6
1151260 1634.9
1151270 1649.2
1151280 1649.2
1151290 1661.0
1151300 1671.5
1151310 1671.5
1151320 1681.5
1151330 1690.0
1151340 1690.0
1151350 1698.4
1151360 1708.3
1151370 1708.3
1151380 1719.3
1151390 1729.1
1151400 1727.3
1151410 1737.0
1151420 1746.0
1151430 1746.0
1151440 1755.3
1151450 1764.7
1151460 1773.8
1151470 1773.8
1151480 1783.8
1151490 1793.0
1151500 1793.0
1151510 1799.9
1151520 1806.2
1151530 1806.2
1151540 1812.1
1151550 1817.1
1151560 1817.1
1151570 1821.5
1151580 1826.1
1151590 1826.1
1151600 1831.6
1151610 1838.0
1151620 1838.0
1151630 1844.2
1151640 1847.9
1151650 1847.9
1151660 1849.1
1151670 1850.4
1151680 1850.4
1151690 1851.9
1151700 1853.3
1151710 1852.9
1151720 1852.9
1151730 1850.8
1151740 1848.8
1151750 1848.8
1151760 1849.2
1151770 1849.8
1151780 1847.0
1151790 1846.3
1151800 1845.9
1151810 1845.9
1151820 1847.6
1151830 1850.1
1151840 1850.1
1151850 1853.4
1151860 1854.6
1151870 1854.6
1151880 1856.6
1151890 1858.6
1151900 1858.6
1151910 1861.6
1151920 1865.3
1151930 1865.3
1151940 1869.3
1151950 1874.1
1151960 1874.1
1151970 1879.1
1151980 1884.4
1151990 1889.6
1152000 1889.6
1152010 1895.0
1152020 1900.3
1152030 1900.3
1152040 1904.9
1152050 1908.8
1152060 1908.8
1152070 1911.7
1152080 1913.9
1152090 1913.9
1152100 1916.3
1152110 1917.8
1152120 1917.8
1152130 1918.3
1152140 1917.9
1152150 1917.9
1152160 1912.9
1152170 1912.7
1152180 1912.7
1152190 1912.8
1152200 1912.9
1152210 1912.9
1152220 1912.4
1152230 1911.5
1152240 1911.5
1152250 1910.6
1152260 1912.6
1152270 1915.8
1152280 1915.8
1152290 1920.4
1152300 1925.3
1152310 1925.3
1152320 1931.9
1152330 1938.3
1152340 1938.3
1152350 1943.8
1152360 1948.9
1152370 1948.9
1152380 1954.0
1152390 1959.4
1152400 1959.4
1152410 1965.0
1152420 1970.7
1152430 1970.7
1152440 1976.8
1152450 1983.0
1152460 1983.0
1152470 1989.0
1152480 1995.4
1152490 1995.4
1152500 2001.6
1152510 2007.1
1152520 2007.1
1152530 2012.2
1152540 2024.1
1152550 2032.6
1152560 2032.6
1152570 2040.3
1152580 2047.7
1152590 2047.7
1152600 2054.8
1152610 2061.8
1152620 2061.8
1152630 2068.7
1152640 2075.4
1152650 2075.4
1152660 2081.9
1152670 2088.4
1152680 2088.4
1152690 2095.1
1152700 2101.6
1152710 2101.6
1152720 2108.2
1152730 2114.4
1152740 2114.4
1152750 2121.2
1152760 2128.7
1152770 2128.7
1152780 2136.9
1152790 2145.5
1152800 2145.5
1152810 2153.8
1152820 2161.1
1152830 2167.4
1152840 2167.4
1152850 2173.9
1152860 2179.4
1152870 2179.4
1152880 2184.1
1152890 2187.3
1152900 2187.3
1152910 2188.6
1152920 2188.6
1152930 2184.4
1152940 2183.3
1152950 2181.1
1152960 2181.1
1152970 2177.9
1152980 2175.6
1152990 2175.6
1153000 2175.2
1153010 2176.4
1153020 2176.4
1153030 2177.2
1153040 2178.2
1153050 2178.2
1153060 2179.2
1153070 2179.4
1153080 2180.3
1153090 2180.3
1153100 2180.9
1153110 2181.4
1153120 2181.4
1153130 2180.9
1153140 2180.0
1153150 2180.0
1153160 2181.4
1153170 2183.5
1153180 2183.5
1153190 2185.5
1153200 2186.1
1153210 2186.1
1153220 2184.7
1153230 2181.6
1153240 2181.6
1153250 2178.2
1153260 2176.3
1153270 2176.3
1153280 2174.7
1153290 2173.4
1153300 2173.4
1153310 2165.6
1153320 2162.3
1153330 2162.3
1153340 2157.7
1153350 2152.5
1153360 2146.6
1153370 2146.6
1153380 2140.0
1153390 2136.8
1153400 2136.8
1153410 2134.4
1153420 2130.3
1153430 2130.3
1153440 2125.3
1153450 2121.6
1153460 2121.6
1153470 2119.9
1153480 2118.7
1153490 2118.7
1153500 2117.5
1153510 2115.9
1153520 2115.9
1153530 2113.6
1153540 2110.0
1153550 2110.0
1153560 2106.4
1153570 2103.4
1153580 2103.4
1153590 2100.7
1153600 2098.0
1153610 2098.0
1153620 2096.0
1153630 2093.3
1153640 2089.9
1153650 2089.9
1153660 2085.9
1153670 2082.1
1153680 2082.1
1153690 2080.1
1153700 2074.0
1153710 2074.0
1153720 2073.5
1153730 2074.4
1153740 2074.4
1153750 2074.5
1153760 2074.8
1153770 2074.8
1153780 2076.3
1153790 2077.4
1153800 2077.4
1153810 2077.0
1153820 2075.5
1153830 2075.5
1153840 2073.5
1153850 2072.0
1153860 2072.0
1153870 2070.6
1153880 2069.7
1153890 2069.7
1153900 2069.9
1153910 2070.6
1153920 2070.5
1153930 2070.5
1153940 2069.6
1153950 2068.7
1153960 2068.7
1153970 2068.3
1153980 2067.8
1153990 2067.8
1154000 2066.4
1154010 2063.6
1154020 2063.6
1154030 2062.4
1154040 2061.9
1154050 2061.9
1154060 2061.0
1154070 2059.6
1154080 2055.7
1154090 2054.6
1154100 2052.7
1154110 2052.7
1154120 2050.6
1154130 2048.3
1154140 2048.3
1154150 2046.2
1154160 2044.1
1154170 2044.1
1154180 2042.6
1154190 2041.6
1154200 2041.4
1154210 2041.4
1154220 2041.5
1154230 2042.7
1154240 2042.7
1154250 2044.6
1154260 2046.5
1154270 2046.5
1154280 2047.5
1154290 2048.0
1154300 2048.0
1154310 2048.8
1154320 2049.7
1154330 2049.7
1154340 2050.5
1154350 2050.9
1154360 2050.9
1154370 2050.4
1154380 2049.6
1154390 2049.6
1154400 2048.5
1154410 2047.1
1154420 2047.1
1154430 2045.5
1154440 2044.1
1154450 2042.6
1154460 2042.6
1154470 2034.3
1154480 2024.2
1154490 2024.2
1154500 2014.7
1154510 2007.4
1154520 2007.4
1154530 1999.9
1154540 1993.9
1154550 1993.9
1154560 1988.5
1154570 1983.9
1154580 1983.9
1154590 1980.0
1154600 1975.7
1154610 1975.7
1154620 1971.1
1154630 1967.3
1154640 1967.3
1154650 1965.6
1154660 1965.0
1154670 1965.0
1154680 1964.1
1154690 1962.3
1154700 1962.3
1154710 1960.9
1154720 1959.1
1154730 1956.6
1154740 1956.6
1154750 1954.3
1154760 1952.2
1154770 1952.2
1154780 1949.9
1154790 1947.4
1154800 1947.4
1154810 1945.3
1154820 1943.0
1154830 1943.0
1154840 1940.8
1154850 1936.8
1154860 1936.8
1154870 1935.0
1154880 1933.3
1154890 1933.3
1154900 1932.0
1154910 1929.8
1154920 1929.8
1154930 1928.4
1154940 1927.6
1154950 1927.6
1154960 1927.2
1154970 1926.6
1154980 1926.6
1154990 1926.2
1155000 1926.1
1155010 1925.8
1155020 1925.8
1155030 1925.2
1155040 1924.6
1155050 1924.6
1155060 1923.9
1155070 1922.7
1155080 1922.7
1155090 1921.2
1155100 1919.4
1155110 1919.4
1155120 1917.0
1155130 1914.8
1155140 1914.8
1155150 1913.3
1155160 1912.6
1155170 1912.6
1155180 1911.0
1155190 1910.0
1155200 1910.0
1155210 1908.8
1155220 1907.7
1155230 1907.7
1155240 1903.8
1155250 1903.5
1155260 1903.5
1155270 1902.7
1155280 1902.6
1155290 1902.9
1155300 1902.9
1155310 1902.6
1155320 1901.7
1155330 1901.7
1155340 1901.0
1155350 1900.8
1155360 1900.8
1155370 1900.8
1155380 1900.2
1155390 1900.2
1155400 1899.0
1155410 1898.9
1155420 1898.9
1155430 1898.3
1155440 1897.9
1155450 1897.9
1155460 1897.7
1155470 1897.5
1155480 1897.5
1155490 1897.4
1155500 1897.6
1155510 1897.6
1155520 1896.6
1155530 1896.3
1155540 1896.3
1155550 1895.4
1155560 1892.6
1155570 1889.8
1155580 1889.8
1155590 1891.3
1155600 1892.7
1155610 1892.7
1155620 1895.6
1155630 1887.7
1155640 1887.7
1155650 1886.5
1155660 1886.3
1155670 1886.3
1155680 1888.7
1155690 1891.6
1155700 1891.6
1155710 1892.8
1155720 1892.3
1155730 1892.3
1155740 1893.9
1155750 1897.1
1155760 1897.1
1155770 1898.8
1155780 1899.2
1155790 1899.2
1155800 1900.8
1155810 1902.0
1155820 1902.2
1155830 1902.2
1155840 1902.2
1155850 1902.9
1155860 1902.9
1155870 1903.8
1155880 1905.0
1155890 1905.0
1155900 1905.6
1155910 1908.4
1155920 1908.4
1155930 1910.5
1155940 1910.8
1155950 1910.8
1155960 1910.6
1155970 1911.8
1155980 1911.8
1155990 1913.9
1156000 1914.5
1156010 1914.5
1156020 1907.2
1156030 1909.2
1156040 1909.2
1156050 1911.6
1156060 1911.9
1156070 1911.9
1156080 1912.5
1156090 1915.0
1156100 1916.2
1156110 1916.2
1156120 1916.4
1156130 1916.1
1156140 1916.1
1156150 1915.5
1156160 1917.1
1156170 1917.1
1156180 1917.7
1156190 1917.5
1156200 1917.5
1156210 1917.6
1156220 1917.3
1156230 1917.3
1156240 1916.2
1156250 1914.2
1156260 1914.2
1156270 1913.5
1156280 1914.7
1156290 1914.7
1156300 1916.5
1156310 1917.8
1156320 1917.8
1156330 1918.7
1156340 1919.2
1156350 1919.2
1156360 1919.6
1156370 1920.4
1156380 1921.0
1156390 1921.0
1156400 1915.1
1156410 1914.9
1156420 1914.9
1156430 1914.8
1156440 1915.1
1156450 1915.1
1156460 1916.3
1156470 1916.9
1156480 1916.9
1156490 1918.8
1156500 1921.8
1156510 1921.8
1156520 1924.5
1156530 1926.4
1156540 1926.4
1156550 1927.5
1156560 1927.7
1156570 1927.7
1156580 1927.3
1156590 1927.9
1156600 1927.9
1156610 1930.0
1156620 1932.7
1156630 1932.7
1156640 1935.5
1156650 1938.3
1156660 1940.3
1156670 1940.3
1156680 1942.2
1156690 1943.6
1156700 1943.6
1156710 1944.1
1156720 1945.0
1156730 1945.0
1156740 1945.8
1156750 1946.3
1156760 1946.3
1156770 1946.8
1156780 1946.8
1156790 1942.5
1156800 1942.3
1156810 1941.7
1156820 1941.7
1156830 1940.6
1156840 1939.1
1156850 1939.1
1156860 1937.2
1156870 1935.4
1156880 1935.4
1156890 1934.0
1156900 1932.1
1156910 1932.1
1156920 1929.9
1156930 1927.2
1156940 1923.4
1156950 1923.4
1156960 1919.3
1156970 1915.3
1156980 1915.3
1156990 1911.0
1157000 1907.7
1157010 1907.7
1157020 1905.2
1157030 1902.5
1157040 1902.5
1157050 1900.0
1157060 1897.7
1157070 1897.7
1157080 1895.7
1157090 1893.3
1157100 1893.3
1157110 1890.0
1157120 1886.3
1157130 1886.3
1157140 1881.6
1157150 1877.0
1157160 1877.0
1157170 1873.4
1157180 1868.7
1157190 1868.7
1157200 1865.1
1157210 1861.6
1157220 1858.2
1157230 1858.2
1157240 1854.1
1157250 1848.8
1157260 1848.8
1157270 1843.8
1157280 1840.7
1157290 1840.7
1157300 1837.4
1157310 1833.7
1157320 1833.7
1157330 1830.4
1157340 1828.0
1157350 1828.0
1157360 1826.1
1157370 1824.2
1157380 1824.2
1157390 1822.0
1157400 1819.1
1157410 1819.1
1157420 1815.5
1157430 1810.7
1157440 1810.7
1157450 1806.6
1157460 1802.7
1157470 1798.0
1157480 1798.0
1157490 1793.5
1157500 1789.7
1157510 1789.7
1157520 1786.6
1157530 1784.5
1157540 1784.5
1157550 1781.8
1157560 1779.2
1157570 1778.5
1157580 1775.7
1157590 1772.9
1157600 1772.9
1157610 1771.1
1157620 1771.4
1157630 1771.4
1157640 1772.2
1157650 1772.1
1157660 1772.1
1157670 1770.8
1157680 1767.9
1157690 1767.9
1157700 1761.8
1157710 1754.9
1157720 1754.9
1157730 1750.4
1157740 1746.1
1157750 1741.9
1157760 1741.9
1157770 1738.3
1157780 1735.3
1157790 1735.3
1157800 1733.0
1157810 1731.3
1157820 1731.3
1157830 1728.6
1157840 1725.4
1157850 1725.4
1157860 1724.5
1157870 1724.8
1157880 1724.8
1157890 1725.3
1157900 1724.5
1157910 1724.5
1157920 1724.2
1157930 1724.8
1157940 1724.8
1157950 1725.1
1157960 1720.5
1157970 1720.5
1157980 1719.8
1157990 1718.0
1158000 1718.0
1158010 1715.0
1158020 1713.9
1158030 1716.4
1158040 1716.4
1158050 1719.3
1158060 1722.3
1158070 1722.3
1158080 1725.8
1158090 1729.2
1158100 1729.2
1158110 1730.1
1158120 1727.6
1158130 1727.6
1158140 1718.1
1158150 1708.0
1158160 1708.0
1158170 1700.8
1158180 1694.8
1158190 1694.8
1158200 1690.6
1158210 1688.4
1158220 1688.4
1158230 1686.7
1158240 1683.2
1158250 1683.2
1158260 1678.0
1158270 1672.3
1158280 1672.3
1158290 1665.9
1158300 1658.9
1158310 1651.1
1158320 1651.1
1158330 1642.0
1158340 1633.9
1158350 1632.1
1158360 1625.2
1158370 1618.0
1158380 1618.0
1158390 1610.0
1158400 1602.7
1158410 1602.7
1158420 1595.7
1158430 1588.9
1158440 1588.9
1158450 1582.4
1158460 1575.9
1158470 1575.9
1158480 1568.4
1158490 1559.6
1158500 1559.6
1158510 1551.7
1158520 1544.9
1158530 1544.9
1158540 1538.5
1158550 1531.9
1158560 1526.0
1158570 1526.0
1158580 1520.2
1158590 1513.8
1158600 1513.8
1158610 1506.8
1158620 1500.9
1158630 1500.9
1158640 1496.3
1158650 1493.4
1158660 1493.4
1158670 1490.2
1158680 1486.8
1158690 1486.8
1158700 1482.8
1158710 1478.9
1158720 1478.9
1158730 1475.9
1158740 1471.4
1158750 1471.4
1158760 1467.6
1158770 1464.4
1158780 1464.4
1158790 1460.5
1158800 1456.8
1158810 1456.8
1158820 1453.7
1158830 1451.5
1158840 1447.4
1158850 1447.4
1158860 1441.2
1158870 1435.7
1158880 1435.7
1158890 1432.6
1158900 1430.5
1158910 1430.5
1158920 1427.5
1158930 1423.9
1158940 1423.9
1158950 1418.9
1158960 1413.2
1158970 1413.2
1158980 1408.7
1158990 1403.7
1159000 1403.7
1159010 1395.1
1159020 1390.6
1159030 1390.6
1159040 1390.5
1159050 1387.7
1159060 1387.7
1159070 1382.9
1159080 1378.4
1159090 1378.4
1159100 1375.3
1159110 1372.4
1159120 1371.5
1159130 1367.5
1159140 1366.3
1159150 1363.0
1159160 1363.0
1159170 1359.6
1159180 1355.8
1159190 1355.8
1159200 1353.3
1159210 1351.1
1159220 1351.1
1159230 1348.8
1159240 1346.6
1159250 1346.6
1159260 1343.4
1159270 1339.6
1159280 1339.6
1159290 1337.3
1159300 1334.6
1159310 1334.6
1159320 1332.1
1159330 1330.1
1159340 1330.1
1159350 1327.2
1159360 1324.4
1159370 1324.4
1159380 1321.5
1159390 1319.7
1159400 1318.5
1159410 1318.5
1159420 1316.7
1159430 1315.1
1159440 1315.1
1159450 1313.7
1159460 1311.8
1159470 1311.8
1159480 1309.3
1159490 1306.7
1159500 1306.7
1159510 1304.2
1159520 1297.7
1159530 1297.7
1159540 1295.2
1159550 1292.3
1159560 1292.3
1159570 1289.5
1159580 1287.9
1159590 1287.9
1159600 1287.1
1159610 1286.5
1159620 1286.5
1159630 1286.6
1159640 1285.2
1159650 1285.2
1159660 1283.0
1159670 1281.0
1159680 1279.0
1159690 1279.0
1159700 1277.2
1159710 1276.0
1159720 1276.0
1159730 1274.8
1159740 1273.3
1159750 1273.3
1159760 1271.9
1159770 1270.2
1159780 1270.2
1159790 1268.0
1159800 1266.0
1159810 1266.0
1159820 1263.7
1159830 1260.8
1159840 1260.8
1159850 1257.0
1159860 1252.8
1159870 1252.8
1159880 1249.3
1159890 1246.6
1159900 1246.6
1159910 1242.0
1159920 1241.3
1159930 1240.5
1159940 1240.5
1159950 1238.0
1159960 1234.0
1159970 1234.0
1159980 1230.0
1159990 1226.2
