1140000 1848.4
1140010 1848.4
1140020 1848.4
1140030 1847.3
1140040 1847.7
1140050 1847.7
1140060 1848.9
1140070 1850.6
1140080 1850.6
1140090 1850.8
1140100 1850.7
1140110 1850.7
1140120 1851.5
1140130 1852.5
1140140 1852.5
1140150 1853.7
1140160 1855.8
1140170 1855.6
1140180 1858.2
1140190 1859.7
1140200 1861.2
1140210 1861.2
1140220 1863.4
1140230 1864.8
1140240 1864.8
1140250 1865.3
1140260 1866.4
1140270 1866.4
1140280 1867.6
1140290 1868.8
1140300 1868.8
1140310 1869.1
1140320 1868.1
1140330 1868.1
1140340 1868.2
1140350 1869.6
1140360 1869.6
1140370 1870.2
1140380 1870.8
1140390 1870.8
1140400 1872.4
1140410 1875.1
1140420 1875.1
1140430 1878.2
1140440 1881.4
1140450 1881.4
1140460 1884.5
1140470 1887.8
1140480 1891.6
1140490 1891.6
1140500 1895.8
1140510 1900.4
1140520 1900.4
1140530 1904.9
1140540 1913.6
1140550 1913.6
1140560 1918.7
1140570 1923.4
1140580 1923.4
1140590 1928.3
1140600 1932.9
1140610 1932.9
1140620 1936.4
1140630 1938.5
1140640 1938.5
1140650 1938.9
1140660 1941.2
1140670 1941.2
1140680 1943.4
1140690 1944.5
1140700 1944.5
1140710 1946.1
1140720 1949.4
1140730 1954.0
1140740 1954.0
1140750 1958.9
1140760 1963.6
1140770 1963.6
1140780 1968.4
1140790 1973.8
1140800 1973.8
1140810 1979.8
1140820 1984.9
1140830 1984.9
1140840 1989.1
1140850 1991.6
1140860 1991.6
1140870 1990.6
1140880 1988.8
1140890 1988.8
1140900 1989.2
1140910 1997.6
1140920 1997.6
1140930 2000.0
1140940 2002.7
1140950 2002.7
1140960 2005.4
1140970 2007.5
1140980 2007.5
1140990 2010.3
1141000 2014.0
1141010 2018.2
1141020 2018.2
1141030 2021.8
1141040 2025.7
1141050 2025.7
1141060 2029.9
1141070 2035.3
1141080 2035.3
1141090 2042.5
1141100 2048.6
1141110 2048.6
1141120 2053.7
1141130 2060.3
1141140 2060.3
1141150 2067.4
1141160 2073.1
1141170 2073.1
1141180 2077.4
1141190 2080.8
1141200 2080.8
1141210 2083.8
1141220 2086.9
1141230 2086.9
1141240 2089.7
1141250 2093.0
1141260 2093.0
1141270 2096.0
1141280 2102.2
1141290 2105.0
1141300 2105.0
1141310 2107.4
1141320 2108.1
1141330 2108.1
1141340 2106.1
1141350 2104.8
1141360 2104.8
1141370 2104.5
1141380 2103.6
1141390 2103.6
1141400 2101.8
1141410 2098.6
1141420 2098.6
1141430 2095.8
1141440 2092.8
1141450 2092.8
1141460 2089.3
1141470 2086.5
1141480 2086.5
1141490 2086.1
1141500 2085.9
1141510 2085.9
1141520 2083.9
1141530 2083.5
1141540 2083.5
1141550 2085.1
1141560 2086.6
1141570 2085.6
1141580 2085.6
1141590 2081.9
1141600 2079.9
1141610 2079.9
1141620 2078.5
1141630 2078.2
1141640 2078.2
1141650 2079.4
1141660 2080.4
1141670 2080.4
1141680 2081.2
1141690 2081.8
1141700 2081.8
1141710 2083.7
1141720 2086.2
1141730 2086.2
1141740 2088.3
1141750 2089.8
1141760 2089.8
1141770 2092.1
1141780 2094.0
1141790 2094.0
1141800 2095.6
1141810 2096.8
1141820 2096.8
1141830 2096.7
1141840 2096.5
1141850 2097.4
1141860 2097.4
1141870 2099.0
1141880 2100.5
1141890 2100.5
1141900 2102.3
1141910 2104.5
1141920 2104.5
1141930 2107.3
1141940 2109.9
1141950 2109.9
1141960 2112.7
1141970 2115.9
1141980 2115.9
1141990 2119.0
1142000 2122.0
1142010 2122.0
1142020 2127.2
1142030 2130.5
1142040 2130.5
1142050 2133.7
1142060 2136.7
1142070 2136.7
1142080 2140.4
1142090 2144.6
1142100 2144.6
1142110 2149.1
1142120 2153.7
1142130 2158.0
1142140 2158.0
1142150 2162.0
1142160 2166.2
1142170 2166.2
1142180 2170.1
1142190 2173.8
1142200 2173.8
1142210 2178.0
1142220 2183.2
1142230 2183.2
1142240 2188.4
1142250 2193.8
1142260 2193.8
1142270 2199.2
1142280 2204.8
1142290 2204.8
1142300 2210.5
1142310 2216.3
1142320 2216.3
1142330 2222.3
1142340 2228.4
1142350 2228.4
1142360 2234.7
1142370 2241.2
1142380 2248.7
1142390 2249.0
1142400 2256.2
1142410 2264.0
1142420 2264.0
1142430 2272.7
1142440 2281.3
1142450 2281.3
1142460 2290.5
1142470 2298.4
1142480 2298.4
1142490 2304.2
1142500 2310.9
1142510 2310.9
1142520 2318.3
1142530 2324.0
1142540 2324.0
1142550 2326.9
1142560 2338.4
1142570 2338.4
1142580 2365.0
1142590 2384.3
1142600 2384.3
1142610 2397.7
1142620 2402.3
1142630 2402.3
1142640 2407.6
1142650 2412.0
1142660 2417.0
1142670 2417.0
1142680 2425.9
1142690 2446.0
1142700 2446.0
1142710 2460.1
1142720 2466.1
1142730 2466.1
1142740 2467.3
1142750 2469.0
1142760 2462.0
1142770 2467.2
1142780 2473.8
1142790 2473.8
1142800 2478.6
1142810 2478.6
1142820 2478.6
1142830 2471.0
1142840 2462.2
1142850 2462.2
1142860 2453.0
1142870 2447.6
1142880 2447.6
1142890 2443.7
1142900 2437.5
1142910 2437.5
1142920 2431.3
1142930 2426.5
1142940 2426.1
1142950 2426.1
1142960 2421.4
1142970 2415.2
1142980 2415.2
1142990 2410.1
1143000 2404.5
1143010 2404.5
1143020 2399.3
1143030 2403.1
1143040 2403.1
1143050 2406.9
1143060 2404.4
1143070 2404.4
1143080 2400.9
1143090 2397.4
1143100 2397.4
1143110 2394.3
1143120 2391.8
1143130 2391.8
1143140 2383.6
1143150 2382.5
1143160 2382.5
1143170 2382.6
1143180 2382.7
1143190 2382.7
1143200 2378.4
1143210 2369.1
1143220 2359.3
1143230 2359.3
1143240 2350.9
1143250 2345.1
1143260 2345.1
1143270 2337.5
1143280 2327.8
1143290 2327.8
1143300 2319.5
1143310 2315.4
1143320 2315.4
1143330 2316.8
1143340 2320.6
1143350 2320.6
1143360 2318.6
1143370 2320.2
1143380 2320.2
1143390 2315.9
1143400 2308.0
1143410 2308.0
1143420 2302.5
1143430 2301.0
1143440 2301.0
1143450 2301.9
1143460 2298.6
1143470 2298.6
1143480 2293.6
1143490 2291.1
1143500 2291.8
1143510 2311.8
1143520 2313.5
1143530 2322.1
1143540 2322.1
1143550 2349.7
1143560 2381.1
1143570 2381.1
1143580 2394.6
1143590 2401.4
1143600 2401.4
1143610 2408.1
1143620 2412.6
1143630 2412.6
1143640 2417.7
1143650 2425.3
1143660 2425.3
1143670 2423.5
1143680 2426.9
1143690 2426.9
1143700 2441.6
1143710 2454.9
1143720 2454.9
1143730 2460.4
1143740 2468.3
1143750 2468.3
1143760 2479.8
1143770 2479.1
1143780 2481.8
1143790 2481.8
1143800 2484.1
1143810 2494.7
1143820 2494.7
1143830 2503.3
1143840 2513.3
1143850 2513.3
1143860 2515.6
1143870 2513.1
1143880 2500.3
1143890 2499.8
1143900 2506.2
1143910 2506.2
1143920 2506.9
1143930 2509.7
1143940 2509.7
1143950 2514.0
1143960 2517.4
1143970 2517.4
1143980 2515.9
1143990 2518.0
1144000 2518.0
1144010 2522.2
1144020 2521.8
1144030 2518.8
1144040 2518.8
1144050 2514.5
1144060 2509.9
1144070 2509.9
1144080 2504.4
1144090 2500.0
1144100 2500.0
1144110 2494.8
1144120 2487.7
1144130 2487.7
1144140 2480.9
1144150 2475.6
1144160 2475.6
1144170 2470.8
1144180 2463.8
1144190 2463.8
1144200 2455.2
1144210 2449.8
1144220 2449.8
1144230 2451.1
1144240 2460.4
1144250 2460.4
1144260 2486.2
1144270 2502.7
1144280 2502.7
1144290 2524.8
1144300 2532.3
1144310 2531.9
1144320 2531.9
1144330 2530.0
1144340 2526.9
1144350 2526.9
1144360 2523.2
1144370 2520.8
1144380 2520.8
1144390 2513.0
1144400 2503.6
1144410 2503.6
1144420 2494.6
1144430 2484.9
1144440 2484.9
1144450 2483.0
1144460 2483.4
1144470 2483.4
1144480 2478.3
1144490 2471.7
1144500 2471.7
1144510 2468.2
1144520 2466.5
1144530 2466.5
1144540 2461.8
1144550 2466.8
1144560 2466.8
1144570 2484.6
1144580 2481.3
1144590 2468.8
1144600 2468.8
1144610 2456.3
1144620 2447.8
1144630 2453.1
1144640 2442.9
1144650 2431.7
1144660 2431.7
1144670 2423.2
1144680 2410.7
1144690 2410.7
1144700 2403.4
1144710 2398.3
1144720 2398.3
1144730 2391.5
1144740 2384.3
1144750 2384.3
1144760 2377.9
1144770 2370.0
1144780 2370.0
1144790 2362.7
1144800 2356.6
1144810 2356.6
1144820 2351.0
1144830 2345.9
1144840 2345.9
1144850 2340.9
1144860 2336.0
1144870 2330.9
1144880 2330.9
1144890 2326.1
1144900 2320.9
1144910 2320.9
1144920 2315.8
1144930 2310.8
1144940 2310.8
1144950 2306.4
1144960 2303.2
1144970 2303.2
1144980 2300.2
1144990 2296.9
1145000 2296.9
1145010 2293.2
1145020 2290.8
1145030 2290.8
1145040 2288.3
1145050 2285.7
1145060 2285.7
1145070 2283.2
1145080 2280.8
1145090 2280.8
1145100 2278.5
1145110 2276.0
1145120 2276.0
1145130 2273.5
1145140 2271.3
1145150 2269.7
1145160 2269.7
1145170 2268.6
1145180 2267.3
1145190 2267.3
1145200 2265.5
1145210 2263.9
1145220 2263.9
1145230 2263.0
1145240 2262.4
1145250 2262.4
1145260 2262.0
1145270 2261.5
1145280 2261.5
1145290 2261.1
1145300 2260.6
1145310 2260.6
1145320 2260.0
1145330 2259.5
1145340 2259.5
1145350 2259.0
1145360 2259.1
1145370 2259.1
1145380 2257.9
1145390 2257.9
1145400 2257.9
1145410 2258.0
1145420 2257.3
1145430 2256.6
1145440 2256.6
1145450 2255.8
1145460 2255.5
1145470 2255.5
1145480 2256.3
1145490 2259.0
1145500 2259.0
1145510 2263.2
1145520 2265.2
1145530 2265.2
1145540 2263.8
1145550 2262.1
1145560 2262.1
1145570 2258.3
1145580 2252.6
1145590 2252.6
1145600 2247.2
1145610 2243.8
1145620 2243.8
1145630 2241.6
1145640 2237.9
1145650 2237.9
1145660 2234.8
1145670 2231.6
1145680 2229.0
1145690 2229.0
1145700 2226.5
1145710 2224.2
1145720 2224.2
1145730 2222.1
1145740 2220.7
1145750 2220.7
1145760 2214.5
1145770 2213.7
1145780 2213.7
1145790 2213.6
1145800 2213.8
1145810 2213.8
1145820 2215.1
1145830 2218.7
1145840 2218.7
1145850 2221.9
1145860 2224.9
1145870 2224.9
1145880 2227.0
1145890 2228.2
1145900 2228.2
1145910 2225.0
1145920 2223.3
1145930 2223.3
1145940 2223.6
1145950 2221.3
1145960 2217.8
1145970 2217.8
1145980 2214.6
1145990 2212.2
1146000 2212.2
1146010 2204.2
1146020 2192.5
1146030 2192.5
1146040 2190.1
1146050 2190.2
1146060 2190.2
1146070 2184.3
1146080 2177.8
1146090 2177.8
1146100 2173.9
1146110 2172.4
1146120 2172.4
1146130 2164.0
1146140 2159.3
1146150 2159.3
1146160 2156.5
1146170 2154.5
1146180 2154.5
1146190 2151.9
1146200 2150.6
1146210 2150.6
1146220 2151.1
1146230 2153.0
1146240 2155.9
1146250 2155.9
1146260 2161.3
1146270 2165.7
1146280 2165.7
1146290 2165.6
1146300 2159.7
1146310 2159.7
1146320 2154.3
1146330 2150.7
1146340 2150.7
1146350 2146.4
1146360 2141.3
1146370 2141.3
1146380 2138.2
1146390 2138.4
1146400 2138.4
1146410 2141.0
1146420 2140.8
1146430 2140.8
1146440 2139.8
1146450 2141.6
1146460 2141.6
1146470 2140.7
1146480 2140.9
1146490 2140.9
1146500 2144.6
1146510 2146.2
1146520 2149.6
1146530 2149.6
1146540 2149.4
1146550 2151.6
1146560 2151.6
1146570 2154.6
1146580 2155.6
1146590 2155.6
1146600 2156.5
1146610 2155.8
1146620 2155.8
1146630 2154.0
1146640 2154.3
1146650 2154.3
1146660 2155.8
1146670 2157.6
1146680 2157.6
1146690 2159.4
1146700 2162.5
1146710 2162.5
1146720 2163.2
1146730 2162.2
1146740 2162.2
1146750 2159.5
1146760 2156.6
1146770 2156.6
1146780 2152.1
1146790 2150.0
1146800 2146.5
1146810 2146.5
1146820 2141.3
1146830 2136.2
1146840 2136.2
1146850 2133.2
1146860 2131.0
1146870 2131.0
1146880 2128.8
1146890 2122.4
1146900 2122.4
1146910 2120.9
1146920 2119.8
1146930 2119.8
1146940 2118.3
1146950 2116.5
1146960 2116.5
1146970 2114.9
1146980 2113.7
1146990 2113.7
1147000 2112.5
1147010 2110.6
1147020 2110.6
1147030 2108.1
1147040 2104.0
1147050 2104.0
1147060 2098.2
1147070 2091.8
1147080 2084.8
1147090 2084.8
1147100 2077.7
1147110 2072.4
1147120 2072.4
1147130 2068.8
1147140 2063.9
1147150 2063.9
1147160 2060.6
1147170 2058.9
1147180 2058.9
1147190 2056.3
1147200 2053.3
1147210 2053.3
1147220 2048.7
1147230 2044.2
1147240 2044.2
1147250 2039.5
1147260 2037.5
1147270 2037.5
1147280 2031.7
1147290 2025.1
1147300 2025.1
1147310 2018.0
1147320 2009.6
1147330 2000.7
1147340 2000.7
1147350 1988.8
1147360 1982.0
1147370 1982.0
1147380 1980.3
1147390 1977.7
1147400 1977.7
1147410 1972.1
1147420 1964.1
1147430 1964.1
1147440 1954.1
1147450 1944.8
1147460 1944.8
1147470 1939.0
1147480 1935.7
1147490 1935.7
1147500 1934.0
1147510 1930.6
1147520 1930.6
1147530 1915.1
1147540 1894.3
1147550 1894.3
1147560 1888.2
1147570 1883.5
1147580 1883.5
1147590 1875.0
1147600 1865.5
1147610 1855.3
1147620 1855.3
1147630 1846.6
1147640 1830.6
1147650 1830.6
1147660 1823.6
1147670 1816.2
1147680 1816.2
1147690 1808.5
1147700 1801.4
1147710 1801.4
1147720 1795.6
1147730 1789.9
1147740 1789.9
1147750 1784.3
1147760 1781.1
1147770 1781.1
1147780 1778.4
1147790 1775.8
1147800 1775.8
1147810 1772.9
1147820 1769.8
1147830 1769.8
1147840 1757.9
1147850 1746.0
1147860 1746.0
1147870 1743.0
1147880 1742.8
1147890 1731.9
1147900 1731.9
1147910 1721.5
1147920 1713.0
1147930 1713.0
1147940 1707.2
1147950 1715.6
1147960 1715.6
1147970 1711.3
1147980 1705.3
1147990 1705.3
1148000 1704.2
1148010 1701.4
1148020 1693.9
1148030 1687.0
1148040 1679.0
1148050 1679.0
1148060 1672.6
1148070 1668.9
1148080 1668.9
1148090 1665.6
1148100 1661.1
1148110 1661.1
1148120 1657.6
1148130 1656.8
1148140 1656.8
1148150 1655.7
1148160 1653.3
1148170 1647.0
1148180 1647.0
1148190 1639.0
1148200 1637.0
1148210 1637.0
1148220 1630.6
1148230 1624.8
1148240 1624.8
1148250 1617.8
1148260 1610.5
1148270 1610.5
1148280 1603.3
1148290 1596.7
1148300 1596.7
1148310 1590.5
1148320 1585.5
1148330 1585.5
1148340 1580.9
1148350 1578.0
1148360 1578.0
1148370 1573.4
1148380 1569.0
1148390 1569.0
1148400 1557.8
1148410 1556.6
1148420 1556.6
1148430 1554.6
1148440 1551.4
1148450 1548.0
1148460 1548.0
1148470 1545.1
1148480 1542.5
1148490 1542.5
1148500 1539.2
1148510 1538.5
1148520 1538.5
1148530 1538.6
1148540 1540.2
1148550 1540.2
1148560 1543.7
1148570 1547.4
1148580 1547.4
1148590 1550.2
1148600 1554.9
1148610 1554.9
1148620 1561.3
1148630 1569.9
1148640 1569.9
1148650 1579.7
1148660 1586.1
1148670 1586.1
1148680 1591.3
1148690 1597.3
1148700 1597.3
1148710 1603.0
1148720 1609.1
1148730 1613.6
1148740 1613.6
1148750 1619.6
1148760 1631.2
1148770 1631.2
1148780 1647.5
1148790 1648.4
1148800 1648.4
1148810 1649.4
1148820 1651.0
1148830 1651.0
1148840 1652.7
1148850 1653.5
1148860 1653.5
1148870 1652.6
1148880 1650.4
1148890 1650.4
1148900 1645.3
1148910 1636.7
1148920 1636.7
1148930 1618.6
1148940 1599.4
1148950 1599.4
1148960 1585.5
1148970 1579.1
1148980 1568.9
1148990 1568.9
1149000 1564.8
1149010 1562.0
1149020 1562.0
1149030 1559.4
1149040 1556.0
1149050 1556.0
1149060 1552.3
1149070 1548.9
1149080 1548.9
1149090 1546.0
1149100 1543.1
1149110 1543.1
1149120 1540.9
1149130 1537.4
1149140 1537.4
1149150 1535.6
1149160 1537.0
1149170 1537.0
1149180 1534.2
1149190 1532.3
1149200 1532.3
1149210 1529.4
1149220 1525.5
1149230 1525.5
1149240 1521.3
1149250 1518.9
1149260 1518.6
1149270 1518.6
1149280 1518.3
1149290 1516.1
1149300 1516.1
1149310 1513.0
1149320 1508.8
1149330 1508.8
1149340 1505.0
1149350 1499.1
1149360 1499.1
1149370 1498.9
1149380 1500.4
1149390 1500.4
1149400 1500.4
1149410 1500.5
1149420 1500.5
1149430 1498.9
1149440 1496.0
1149450 1496.0
1149460 1493.4
1149470 1491.1
1149480 1491.1
1149490 1487.8
1149500 1485.5
1149510 1485.5
1149520 1483.0
1149530 1478.8
1149540 1481.2
1149550 1481.2
1149560 1480.1
1149570 1479.8
1149580 1479.8
1149590 1480.7
1149600 1480.6
1149610 1480.6
1149620 1481.9
1149630 1481.8
1149640 1481.8
1149650 1481.0
1149660 1479.8
1149670 1479.8
1149680 1478.2
1149690 1476.0
1149700 1476.0
1149710 1473.3
1149720 1470.2
1149730 1470.2
1149740 1466.6
1149750 1462.9
1149760 1462.9
1149770 1459.2
1149780 1455.0
1149790 1455.0
1149800 1450.8
1149810 1446.7
1149820 1442.5
1149830 1442.5
1149840 1437.9
1149850 1433.4
1149860 1433.4
1149870 1429.5
1149880 1428.3
1149890 1428.3
1149900 1429.5
1149910 1431.7
1149920 1436.7
1149930 1438.2
1149940 1436.5
1149950 1436.5
1149960 1436.5
1149970 1436.0
1149980 1436.0
1149990 1435.2
1150000 1434.0
1150010 1434.0
1150020 1432.0
1150030 1429.0
1150040 1429.0
1150050 1425.7
1150060 1422.6
1150070 1422.6
1150080 1419.5
1150090 1415.9
1150100 1412.5
1150110 1412.5
1150120 1409.5
1150130 1406.9
1150140 1406.9
1150150 1405.5
1150160 1405.3
1150170 1405.3
1150180 1403.9
1150190 1401.2
1150200 1401.2
1150210 1399.6
1150220 1397.7
1150230 1397.7
1150240 1395.7
1150250 1393.8
1150260 1393.8
1150270 1392.9
1150280 1393.3
1150290 1393.3
1150300 1401.9
1150310 1405.7
1150320 1405.7
1150330 1406.7
1150340 1403.8
1150350 1396.2
1150360 1396.2
1150370 1385.0
1150380 1376.8
1150390 1376.8
1150400 1370.1
1150410 1364.3
1150420 1364.3
1150430 1359.2
1150440 1354.3
1150450 1354.3
1150460 1349.5
1150470 1345.2
1150480 1345.2
1150490 1341.3
1150500 1337.7
1150510 1337.7
1150520 1333.4
1150530 1329.3
1150540 1329.3
1150550 1326.3
1150560 1324.9
1150570 1324.9
1150580 1323.9
1150590 1324.7
1150600 1324.7
1150610 1326.0
1150620 1327.0
1150630 1328.7
1150640 1328.7
1150650 1333.1
1150660 1335.8
1150670 1335.8
1150680 1338.4
1150690 1340.2
1150700 1340.2
1150710 1342.3
1150720 1344.8
1150730 1344.8
1150740 1347.4
1150750 1350.0
1150760 1350.0
1150770 1352.5
1150780 1354.7
1150790 1354.7
1150800 1357.2
1150810 1362.9
1150820 1362.9
1150830 1369.9
1150840 1379.3
1150850 1379.3
1150860 1388.3
1150870 1396.2
1150880 1396.2
1150890 1404.1
1150900 1414.3
1150910 1426.8
1150920 1426.8
1150930 1435.3
1150940 1442.2
1150950 1442.2
1150960 1448.7
1150970 1455.2
1150980 1455.2
1150990 1461.5
1151000 1468.2
1151010 1468.2
1151020 1475.0
1151030 1481.9
1151040 1481.9
1151050 1489.1
1151060 1495.9
1151070 1495.9
1151080 1502.9
1151090 1510.1
1151100 1510.1
1151110 1517.5
1151120 1524.8
1151130 1524.8
1151140 1532.1
1151150 1538.4
1151160 1538.4
1151170 1545.1
1151180 1552.2
1151190 1559.7
1151200 1559.7
1151210 1567.6
1151220 1576.0
1151230 1576.0
1151240 1584.4
1151250 1594.8
1151260 1594.8
1151270 1603.1
1151280 1610.6
1151290 1610.6
1151300 1619.6
1151310 1626.8
1151320 1626.8
1151330 1636.9
1151340 1652.9
1151350 1652.9
1151360 1673.8
1151370 1691.6
1151380 1691.6
1151390 1704.2
1151400 1716.9
1151410 1716.9
1151420 1734.2
1151430 1748.6
1151440 1753.5
1151450 1763.5
1151460 1771.1
1151470 1777.8
1151480 1777.8
1151490 1787.3
1151500 1801.2
1151510 1801.2
1151520 1806.2
1151530 1807.2
1151540 1807.2
1151550 1808.9
1151560 1813.9
1151570 1813.9
1151580 1820.2
1151590 1826.5
1151600 1826.5
1151610 1831.6
1151620 1837.0
1151630 1837.0
1151640 1843.5
1151650 1851.8
1151660 1851.8
1151670 1859.1
1151680 1864.6
1151690 1864.6
1151700 1871.3
1151710 1876.1
1151720 1876.1
1151730 1877.1
1151740 1877.2
1151750 1877.1
1151760 1877.1
1151770 1876.7
1151780 1878.5
1151790 1878.5
1151800 1882.6
1151810 1887.3
1151820 1882.6
1151830 1887.0
1151840 1892.5
1151850 1892.5
1151860 1899.1
1151870 1905.6
1151880 1905.6
1151890 1909.9
1151900 1911.6
1151910 1911.6
1151920 1911.8
1151930 1912.8
1151940 1912.8
1151950 1915.4
1151960 1920.2
1151970 1920.2
1151980 1926.6
1151990 1932.0
1152000 1936.0
1152010 1936.0
1152020 1939.5
1152030 1943.2
1152040 1943.2
1152050 1946.7
1152060 1951.9
1152070 1951.9
1152080 1957.6
1152090 1959.9
1152100 1959.9
1152110 1959.3
1152120 1957.9
1152130 1957.9
1152140 1955.3
1152150 1952.9
1152160 1952.9
1152170 1951.7
1152180 1950.9
1152190 1950.9
1152200 1950.1
1152210 1945.3
1152220 1945.3
1152230 1945.6
1152240 1945.8
1152250 1945.8
1152260 1946.8
1152270 1948.3
1152280 1949.6
1152290 1949.6
1152300 1950.7
1152310 1953.7
1152320 1953.7
1152330 1957.4
1152340 1961.4
1152350 1961.4
1152360 1965.2
1152370 1969.0
1152380 1969.0
1152390 1972.9
1152400 1976.6
1152410 1976.6
1152420 1981.9
1152430 1987.0
1152440 1987.0
1152450 1991.6
1152460 1996.6
1152470 1996.6
1152480 2001.6
1152490 2006.6
1152500 2006.6
1152510 2011.4
1152520 2016.5
1152530 2016.5
1152540 2022.1
1152550 2028.4
1152560 2035.2
1152570 2035.2
1152580 2042.1
1152590 2050.0
1152600 2050.0
1152610 2058.5
1152620 2067.4
1152630 2067.4
1152640 2076.0
1152650 2084.1
1152660 2084.1
1152670 2092.0
1152680 2100.1
1152690 2100.1
1152700 2107.8
1152710 2115.1
1152720 2115.1
1152730 2122.5
1152740 2130.3
1152750 2130.3
1152760 2137.6
1152770 2145.2
1152780 2145.2
1152790 2153.2
1152800 2161.3
1152810 2161.3
1152820 2169.2
1152830 2177.0
1152840 2186.2
1152850 2186.2
1152860 2196.1
1152870 2205.4
1152880 2205.4
1152890 2212.3
1152900 2217.7
1152910 2217.7
1152920 2222.9
1152930 2227.6
1152940 2227.6
1152950 2231.5
1152960 2235.1
1152970 2228.7
1152980 2230.5
1152990 2230.9
1153000 2230.9
1153010 2229.2
1153020 2228.2
1153030 2228.2
1153040 2228.2
1153050 2228.9
1153060 2228.9
1153070 2229.6
1153080 2230.3
1153090 2230.3
1153100 2231.0
1153110 2231.7
1153120 2232.1
1153130 2232.1
1153140 2233.4
1153150 2233.7
1153160 2233.7
1153170 2232.7
1153180 2231.3
1153190 2231.3
1153200 2229.2
1153210 2226.7
1153220 2226.7
1153230 2223.7
1153240 2220.1
1153250 2220.1
1153260 2216.4
1153270 2212.1
1153280 2212.1
1153290 2208.9
1153300 2206.1
1153310 2206.1
1153320 2201.9
1153330 2197.4
1153340 2197.4
1153350 2194.8
1153360 2185.8
1153370 2183.3
1153380 2183.3
1153390 2181.6
1153400 2179.9
1153410 2179.9
1153420 2175.2
1153430 2170.3
1153440 2170.3
1153450 2166.3
1153460 2163.1
1153470 2163.1
1153480 2162.3
1153490 2161.7
1153500 2161.7
1153510 2159.1
1153520 2154.8
1153530 2154.8
1153540 2149.3
1153550 2145.6
1153560 2145.6
1153570 2144.1
1153580 2140.6
1153590 2140.6
1153600 2136.9
1153610 2134.8
1153620 2134.8
1153630 2133.7
1153640 2132.6
1153650 2129.1
1153660 2129.1
1153670 2127.2
1153680 2126.0
1153690 2126.0
1153700 2124.5
1153710 2123.1
1153720 2123.1
1153730 2123.5
1153740 2117.4
1153750 2117.4
1153760 2117.0
1153770 2116.6
1153780 2116.6
1153790 2116.8
1153800 2116.3
1153810 2116.3
1153820 2115.7
1153830 2114.1
1153840 2114.1
1153850 2111.4
1153860 2108.6
1153870 2108.6
1153880 2106.1
1153890 2103.9
1153900 2103.9
1153910 2102.6
1153920 2100.4
1153930 2098.1
1153940 2098.1
1153950 2097.1
1153960 2096.0
1153970 2096.0
1153980 2093.6
1153990 2091.5
1154000 2091.5
1154010 2089.6
1154020 2088.1
1154030 2088.1
1154040 2087.3
1154050 2087.1
1154060 2087.1
1154070 2088.1
1154080 2088.8
1154090 2088.8
1154100 2087.9
1154110 2086.9
1154120 2086.9
1154130 2080.3
1154140 2080.1
1154150 2080.1
1154160 2080.9
1154170 2081.1
1154180 2081.1
1154190 2081.5
1154200 2083.2
1154210 2086.8
1154220 2086.8
1154230 2090.6
1154240 2091.5
1154250 2091.5
1154260 2091.7
1154270 2092.6
1154280 2092.6
1154290 2093.6
1154300 2094.5
1154310 2094.5
1154320 2094.7
1154330 2094.6
1154340 2094.6
1154350 2095.5
1154360 2096.1
1154370 2096.1
1154380 2094.2
1154390 2090.2
1154400 2090.2
1154410 2081.2
1154420 2068.7
1154430 2068.7
1154440 2053.9
1154450 2043.4
1154460 2043.4
1154470 2034.0
1154480 2026.3
1154490 2020.1
1154500 2020.1
1154510 2015.4
1154520 2008.5
1154530 2008.5
1154540 2004.0
1154550 2000.2
1154560 2000.2
1154570 1996.0
1154580 1992.3
1154590 1992.3
1154600 1988.8
1154610 1986.9
1154620 1986.9
1154630 1985.9
1154640 1984.9
1154650 1984.9
1154660 1984.5
1154670 1983.8
1154680 1983.8
1154690 1982.7
1154700 1981.5
1154710 1981.5
1154720 1980.3
1154730 1978.4
1154740 1978.4
1154750 1977.2
1154760 1976.5
1154770 1976.4
1154780 1976.4
1154790 1976.0
1154800 1974.2
1154810 1974.2
1154820 1972.9
1154830 1972.7
1154840 1972.7
1154850 1972.2
1154860 1971.5
1154870 1971.5
1154880 1971.0
1154890 1971.3
1154900 1966.1
1154910 1966.1
1154920 1966.1
1154930 1966.1
1154940 1966.7
1154950 1967.4
1154960 1967.4
1154970 1968.5
1154980 1969.0
1154990 1969.0
1155000 1969.0
1155010 1968.4
1155020 1967.6
1155030 1967.6
1155040 1966.8
1155050 1965.8
1155060 1965.8
1155070 1963.7
1155080 1962.0
1155090 1962.0
1155100 1960.8
1155110 1959.6
1155120 1959.6
1155130 1958.8
1155140 1957.8
1155150 1957.8
1155160 1957.4
1155170 1957.3
1155180 1957.3
1155190 1957.1
1155200 1956.8
1155210 1956.8
1155220 1955.9
1155230 1954.6
1155240 1954.6
1155250 1953.4
1155260 1951.9
1155270 1951.9
1155280 1950.1
1155290 1942.3
1155300 1941.3
1155310 1941.3
1155320 1940.0
1155330 1938.2
1155340 1938.2
1155350 1937.2
1155360 1937.1
1155370 1937.1
1155380 1937.4
1155390 1937.3
1155400 1937.3
1155410 1936.4
1155420 1934.6
1155430 1934.6
1155440 1933.5
1155450 1931.9
1155460 1931.9
1155470 1931.6
1155480 1931.6
1155490 1931.6
1155500 1931.4
1155510 1931.4
1155520 1931.4
1155530 1931.9
1155540 1933.0
1155550 1933.0
1155560 1934.7
1155570 1936.0
1155580 1936.6
1155590 1936.6
1155600 1937.0
1155610 1937.3
1155620 1937.3
1155630 1937.5
1155640 1937.5
1155650 1937.5
1155660 1937.0
1155670 1936.5
1155680 1932.0
1155690 1932.1
1155700 1932.8
1155710 1932.8
1155720 1933.7
1155730 1935.5
1155740 1935.5
1155750 1937.4
1155760 1939.2
1155770 1939.2
1155780 1941.3
1155790 1944.1
1155800 1944.1
1155810 1947.7
1155820 1951.2
1155830 1951.2
1155840 1954.2
1155850 1956.8
1155860 1958.7
1155870 1958.7
1155880 1960.8
1155890 1962.5
1155900 1962.5
1155910 1964.2
1155920 1965.5
1155930 1965.5
1155940 1966.9
1155950 1967.9
1155960 1967.9
1155970 1969.2
1155980 1970.3
1155990 1970.3
1156000 1971.5
1156010 1972.7
1156020 1972.7
1156030 1973.6
1156040 1974.7
1156050 1974.7
1156060 1968.7
1156070 1970.0
1156080 1970.0
1156090 1970.9
1156100 1970.9
1156110 1970.9
1156120 1969.9
1156130 1970.2
1156140 1970.7
1156150 1970.7
1156160 1968.4
1156170 1968.8
1156180 1968.8
1156190 1969.7
1156200 1969.1
1156210 1969.1
1156220 1968.7
1156230 1969.0
1156240 1969.0
1156250 1968.7
1156260 1967.7
1156270 1967.7
1156280 1965.7
1156290 1963.8
1156300 1963.8
1156310 1962.7
1156320 1961.7
1156330 1961.7
1156340 1962.6
1156350 1965.9
1156360 1965.9
1156370 1968.6
1156380 1970.0
1156390 1971.2
1156400 1971.2
1156410 1971.9
1156420 1971.9
1156430 1971.9
1156440 1971.7
1156450 1965.5
1156460 1965.5
1156470 1966.0
1156480 1966.3
1156490 1966.3
1156500 1966.9
1156510 1968.1
1156520 1968.1
1156530 1969.7
1156540 1971.7
1156550 1971.7
1156560 1973.7
1156570 1975.7
1156580 1975.7
1156590 1977.5
1156600 1979.2
1156610 1979.2
1156620 1980.8
1156630 1982.1
1156640 1982.1
1156650 1982.8
1156660 1983.2
1156670 1983.3
1156680 1983.3
1156690 1983.1
1156700 1982.9
1156710 1982.9
1156720 1982.6
1156730 1982.9
1156740 1982.9
1156750 1983.7
1156760 1984.2
1156770 1984.2
1156780 1984.2
1156790 1983.9
1156800 1983.9
1156810 1983.1
1156820 1981.5
1156830 1981.5
1156840 1975.0
1156850 1971.5
1156860 1971.5
1156870 1968.1
1156880 1964.4
1156890 1964.4
1156900 1961.6
1156910 1959.6
1156920 1959.6
1156930 1957.3
1156940 1954.7
1156950 1951.9
1156960 1951.9
1156970 1949.1
1156980 1946.2
1156990 1946.2
1157000 1943.6
1157010 1941.1
1157020 1941.1
1157030 1938.5
1157040 1935.8
1157050 1935.8
1157060 1932.5
1157070 1929.0
1157080 1929.0
1157090 1925.8
1157100 1922.7
1157110 1922.7
1157120 1919.6
1157130 1916.7
1157140 1916.7
1157150 1913.5
1157160 1910.7
1157170 1910.7
1157180 1908.4
1157190 1905.7
1157200 1905.7
1157210 1902.5
1157220 1898.7
1157230 1890.4
1157240 1890.4
1157250 1885.3
1157260 1880.6
1157270 1880.6
1157280 1877.3
1157290 1874.3
1157300 1874.3
1157310 1871.7
1157320 1868.4
1157330 1868.4
1157340 1864.5
1157350 1860.3
1157360 1860.3
1157370 1856.0
1157380 1852.1
1157390 1852.1
1157400 1848.0
1157410 1843.6
1157420 1843.6
1157430 1838.7
1157440 1834.2
1157450 1834.2
1157460 1830.0
1157470 1826.5
1157480 1826.5
1157490 1822.8
1157500 1819.3
1157510 1815.8
1157520 1815.8
1157530 1812.0
1157540 1808.1
1157550 1808.1
1157560 1804.3
1157570 1801.0
1157580 1801.0
1157590 1798.1
1157600 1795.3
1157610 1795.3
1157620 1786.3
1157630 1783.5
1157640 1783.5
1157650 1780.7
1157660 1777.7
1157670 1777.7
1157680 1774.6
1157690 1772.3
1157700 1772.3
1157710 1771.2
1157720 1770.8
1157730 1770.8
1157740 1770.2
1157750 1769.7
1157760 1768.8
1157770 1768.8
1157780 1767.8
1157790 1765.7
1157800 1765.7
1157810 1762.9
1157820 1761.1
1157830 1761.1
1157840 1758.2
1157850 1754.5
1157860 1754.5
1157870 1754.1
1157880 1754.6
1157890 1754.6
1157900 1754.4
1157910 1754.3
1157920 1754.3
1157930 1754.9
1157940 1756.4
1157950 1756.4
1157960 1758.2
1157970 1759.3
1157980 1759.3
1157990 1759.7
1158000 1759.7
1158010 1757.2
1158020 1754.2
1158030 1751.4
1158040 1749.0
1158050 1749.0
1158060 1745.2
1158070 1741.3
1158080 1741.3
1158090 1736.9
1158100 1732.5
1158110 1732.5
1158120 1728.5
1158130 1726.0
1158140 1726.0
1158150 1723.3
1158160 1719.4
1158170 1719.4
1158180 1714.7
1158190 1710.0
1158200 1710.0
1158210 1706.3
1158220 1700.2
1158230 1700.2
1158240 1689.9
1158250 1678.2
1158260 1678.2
1158270 1669.0
1158280 1661.4
1158290 1661.4
1158300 1652.5
1158310 1641.5
1158320 1631.3
1158330 1631.3
1158340 1623.9
1158350 1617.7
1158360 1617.7
1158370 1611.4
1158380 1603.3
1158390 1603.3
1158400 1596.0
1158410 1587.3
1158420 1587.3
1158430 1579.1
1158440 1572.0
1158450 1572.0
1158460 1565.2
1158470 1558.7
1158480 1558.7
1158490 1552.3
1158500 1547.8
1158510 1547.8
1158520 1544.2
1158530 1540.1
1158540 1540.1
1158550 1536.0
1158560 1531.9
1158570 1531.9
1158580 1527.8
1158590 1524.5
1158600 1521.7
1158610 1521.7
1158620 1518.2
1158630 1513.2
1158640 1513.2
1158650 1509.0
1158660 1504.3
1158670 1504.3
1158680 1499.3
1158690 1496.3
1158700 1496.3
1158710 1494.5
1158720 1493.0
1158730 1493.0
1158740 1490.6
1158750 1487.8
1158760 1487.8
1158770 1484.4
1158780 1480.3
1158790 1475.4
1158800 1470.9
1158810 1467.5
1158820 1467.5
1158830 1464.0
1158840 1460.7
1158850 1460.7
1158860 1458.3
1158870 1456.9
1158880 1455.3
1158890 1455.3
1158900 1453.5
1158910 1454.7
1158920 1454.7
1158930 1455.8
1158940 1456.5
1158950 1456.5
1158960 1456.5
1158970 1455.8
1158980 1455.8
1158990 1454.4
1159000 1452.4
1159010 1452.4
1159020 1449.5
1159030 1446.1
1159040 1446.1
1159050 1442.1
1159060 1437.9
1159070 1437.9
1159080 1433.2
1159090 1428.0
1159100 1428.0
1159110 1422.1
1159120 1417.0
1159130 1414.0
1159140 1414.0
1159150 1410.4
1159160 1407.0
1159170 1407.0
1159180 1396.0
1159190 1393.8
1159200 1393.8
1159210 1391.5
1159220 1389.8
1159230 1389.8
1159240 1387.6
1159250 1386.4
1159260 1386.4
1159270 1384.6
1159280 1381.7
1159290 1381.7
1159300 1378.4
1159310 1374.6
1159320 1374.6
1159330 1370.7
1159340 1367.5
1159350 1367.5
1159360 1364.3
1159370 1360.8
1159380 1360.8
1159390 1357.2
1159400 1353.2
1159410 1348.8
1159420 1348.8
1159430 1344.2
1159440 1339.6
1159450 1339.6
1159460 1335.6
1159470 1331.5
1159480 1331.5
1159490 1328.5
1159500 1325.7
1159510 1325.7
1159520 1323.3
1159530 1321.3
1159540 1321.3
1159550 1319.8
1159560 1317.8
1159570 1314.1
1159580 1312.4
1159590 1310.5
1159600 1310.5
1159610 1308.8
1159620 1307.2
1159630 1307.2
1159640 1304.9
1159650 1301.9
1159660 1301.9
1159670 1299.5
1159680 1296.9
1159690 1294.0
1159700 1294.0
1159710 1291.3
1159720 1289.3
1159730 1289.3
1159740 1288.0
1159750 1286.5
1159760 1286.5
1159770 1285.3
1159780 1284.2
1159790 1284.2
1159800 1282.9
1159810 1281.8
1159820 1281.8
1159830 1280.6
1159840 1279.1
1159850 1279.1
1159860 1277.5
1159870 1275.6
1159880 1275.6
1159890 1273.4
1159900 1270.6
1159910 1270.6
1159920 1267.7
1159930 1265.6
1159940 1265.6
1159950 1264.0
1159960 1259.2
1159970 1257.2
1159980 1257.2
1159990 1254.1
