1140000 1850.9
1140010 1850.9
1140020 1853.2
1140030 1855.8
1140040 1858.1
1140050 1858.1
1140060 1860.4
1140070 1861.7
1140080 1861.7
1140090 1862.7
1140100 1863.6
1140110 1863.6
1140120 1864.5
1140130 1863.1
1140140 1867.7
1140150 1866.8
1140160 1865.7
1140170 1865.7
1140180 1865.1
1140190 1863.8
1140200 1863.8
1140210 1863.9
1140220 1864.6
1140230 1864.6
1140240 1865.6
1140250 1867.7
1140260 1867.7
1140270 1870.2
1140280 1872.6
1140290 1872.6
1140300 1874.6
1140310 1876.2
1140320 1877.3
1140330 1877.3
1140340 1876.5
1140350 1876.6
1140360 1876.6
1140370 1877.7
1140380 1878.3
1140390 1878.3
1140400 1878.7
1140410 1880.1
1140420 1880.1
1140430 1883.2
1140440 1888.4
1140450 1888.4
1140460 1893.8
1140470 1899.4
1140480 1899.4
1140490 1904.8
1140500 1910.2
1140510 1915.5
1140520 1921.5
1140530 1926.9
1140540 1926.9
1140550 1931.4
1140560 1936.9
1140570 1936.9
1140580 1943.4
1140590 1948.7
1140600 1951.9
1140610 1951.9
1140620 1952.8
1140630 1953.4
1140640 1953.4
1140650 1953.7
1140660 1953.9
1140670 1953.9
1140680 1953.9
1140690 1955.5
1140700 1955.5
1140710 1958.7
1140720 1961.9
1140730 1961.9
1140740 1965.7
1140750 1971.0
1140760 1971.0
1140770 1976.9
1140780 1982.8
1140790 1982.8
1140800 1988.6
1140810 1994.1
1140820 1994.1
1140830 1999.8
1140840 2004.9
1140850 2004.9
1140860 2009.2
1140870 2013.4
1140880 2022.3
1140890 2022.3
1140900 2023.5
1140910 2023.3
1140920 2023.3
1140930 2024.4
1140940 2027.0
1140950 2027.0
1140960 2030.0
1140970 2033.4
1140980 2033.4
1140990 2037.9
1141000 2043.2
1141010 2043.2
1141020 2049.5
1141030 2056.0
1141040 2056.0
1141050 2060.6
1141060 2065.6
1141070 2065.6
1141080 2068.6
1141090 2073.6
1141100 2073.6
1141110 2079.0
1141120 2083.0
1141130 2083.0
1141140 2086.4
1141150 2089.8
1141160 2092.8
1141170 2092.8
1141180 2094.5
1141190 2095.7
1141200 2095.7
1141210 2097.5
1141220 2099.5
1141230 2099.5
1141240 2101.5
1141250 2104.7
1141260 2104.7
1141270 2105.5
1141280 2104.4
1141290 2104.4
1141300 2103.9
1141310 2104.0
1141320 2104.0
1141330 2103.2
1141340 2100.5
1141350 2100.5
1141360 2097.2
1141370 2094.3
1141380 2094.3
1141390 2090.6
1141400 2087.9
1141410 2085.9
1141420 2085.9
1141430 2084.9
1141440 2084.5
1141450 2084.5
1141460 2083.5
1141470 2082.7
1141480 2082.7
1141490 2082.6
1141500 2081.2
1141510 2081.2
1141520 2080.2
1141530 2080.7
1141540 2080.7
1141550 2082.3
1141560 2083.5
1141570 2083.5
1141580 2084.0
1141590 2082.1
1141600 2082.1
1141610 2081.9
1141620 2082.3
1141630 2082.3
1141640 2083.4
1141650 2083.7
1141660 2083.7
1141670 2083.8
1141680 2084.7
1141690 2085.8
1141700 2085.8
1141710 2086.4
1141720 2088.1
1141730 2088.1
1141740 2089.6
1141750 2092.4
1141760 2092.4
1141770 2094.9
1141780 2097.2
1141790 2097.2
1141800 2099.2
1141810 2101.7
1141820 2101.7
1141830 2105.1
1141840 2107.8
1141850 2107.8
1141860 2109.6
1141870 2110.2
1141880 2110.2
1141890 2110.7
1141900 2110.8
1141910 2110.8
1141920 2112.3
1141930 2115.8
1141940 2115.8
1141950 2118.8
1141960 2120.6
1141970 2122.3
1141980 2122.3
1141990 2125.2
1142000 2134.2
1142010 2134.2
1142020 2138.5
1142030 2143.2
1142040 2143.2
1142050 2148.3
1142060 2154.6
1142070 2154.6
1142080 2159.6
1142090 2162.5
1142100 2162.5
1142110 2165.2
1142120 2168.5
1142130 2168.5
1142140 2172.7
1142150 2176.9
1142160 2176.9
1142170 2179.4
1142180 2182.2
1142190 2182.2
1142200 2185.1
1142210 2187.1
1142220 2187.1
1142230 2188.8
1142240 2191.6
1142250 2195.2
1142260 2195.2
1142270 2199.5
1142280 2204.4
1142290 2204.4
1142300 2210.6
1142310 2217.4
1142320 2217.4
1142330 2224.6
1142340 2232.1
1142350 2232.1
1142360 2239.7
1142370 2246.3
1142380 2246.3
1142390 2253.2
1142400 2259.7
1142410 2259.7
1142420 2265.9
1142430 2272.4
1142440 2272.4
1142450 2278.9
1142460 2282.6
1142470 2282.6
1142480 2285.5
1142490 2289.6
1142500 2289.6
1142510 2292.9
1142520 2294.2
1142530 2296.1
1142540 2296.1
1142550 2299.7
1142560 2302.9
1142570 2302.9
1142580 2306.4
1142590 2312.8
1142600 2312.8
1142610 2335.0
1142620 2355.9
1142630 2355.9
1142640 2362.4
1142650 2380.9
1142660 2380.9
1142670 2397.3
1142680 2407.1
1142690 2407.1
1142700 2413.0
1142710 2415.6
1142720 2415.6
1142730 2419.3
1142740 2423.7
1142750 2423.7
1142760 2423.8
1142770 2427.0
1142780 2427.0
1142790 2433.7
1142800 2444.0
1142810 2449.9
1142820 2449.9
1142830 2452.1
1142840 2447.8
1142850 2447.8
1142860 2439.1
1142870 2433.9
1142880 2433.9
1142890 2434.7
1142900 2422.6
1142910 2422.6
1142920 2406.9
1142930 2402.0
1142940 2402.0
1142950 2397.1
1142960 2390.7
1142970 2390.7
1142980 2387.2
1142990 2383.6
1143000 2383.6
1143010 2378.6
1143020 2375.6
1143030 2375.6
1143040 2372.7
1143050 2371.2
1143060 2370.6
1143070 2370.6
1143080 2373.7
1143090 2373.7
1143100 2373.7
1143110 2365.0
1143120 2365.9
1143130 2365.9
1143140 2366.2
1143150 2365.5
1143160 2365.5
1143170 2362.1
1143180 2357.9
1143190 2357.9
1143200 2355.2
1143210 2351.6
1143220 2351.6
1143230 2346.8
1143240 2342.7
1143250 2342.7
1143260 2342.4
1143270 2343.9
1143280 2343.9
1143290 2345.4
1143300 2347.3
1143310 2347.3
1143320 2353.7
1143330 2359.4
1143340 2361.7
1143350 2361.7
1143360 2361.0
1143370 2364.2
1143380 2364.2
1143390 2368.0
1143400 2371.7
1143410 2371.7
1143420 2375.9
1143430 2376.9
1143440 2376.9
1143450 2373.8
1143460 2366.4
1143470 2366.4
1143480 2359.6
1143490 2370.7
1143500 2370.7
1143510 2370.6
1143520 2369.3
1143530 2369.3
1143540 2369.3
1143550 2372.7
1143560 2372.7
1143570 2378.5
1143580 2382.4
1143590 2382.4
1143600 2383.5
1143610 2384.1
1143620 2384.3
1143630 2384.3
1143640 2384.3
1143650 2387.1
1143660 2387.1
1143670 2390.4
1143680 2391.5
1143690 2391.5
1143700 2391.1
1143710 2392.1
1143720 2392.1
1143730 2395.1
1143740 2400.7
1143750 2400.7
1143760 2404.4
1143770 2409.0
1143780 2409.0
1143790 2413.3
1143800 2413.1
1143810 2413.1
1143820 2413.4
1143830 2415.4
1143840 2415.4
1143850 2418.2
1143860 2414.8
1143870 2414.8
1143880 2416.1
1143890 2422.6
1143900 2429.4
1143910 2429.4
1143920 2436.0
1143930 2433.8
1143940 2433.8
1143950 2430.9
1143960 2436.6
1143970 2436.6
1143980 2448.0
1143990 2457.4
1144000 2457.4
1144010 2462.7
1144020 2465.9
1144030 2465.9
1144040 2470.7
1144050 2476.6
1144060 2476.6
1144070 2478.6
1144080 2480.3
1144090 2480.3
1144100 2483.5
1144110 2486.3
1144120 2486.3
1144130 2489.1
1144140 2493.6
1144150 2493.6
1144160 2497.6
1144170 2498.8
1144180 2503.3
1144190 2503.3
1144200 2502.4
1144210 2506.3
1144220 2506.3
1144230 2516.1
1144240 2522.8
1144250 2522.8
1144260 2529.9
1144270 2537.5
1144280 2537.5
1144290 2543.9
1144300 2551.5
1144310 2551.5
1144320 2560.4
1144330 2567.9
1144340 2567.9
1144350 2573.2
1144360 2572.7
1144370 2572.7
1144380 2568.2
1144390 2557.6
1144400 2557.6
1144410 2550.5
1144420 2540.3
1144430 2540.3
1144440 2525.1
1144450 2520.3
1144460 2525.8
1144470 2525.8
1144480 2522.1
1144490 2516.1
1144500 2516.1
1144510 2510.8
1144520 2505.2
1144530 2505.2
1144540 2503.8
1144550 2500.8
1144560 2500.8
1144570 2495.1
1144580 2487.7
1144590 2487.7
1144600 2479.1
1144610 2467.5
1144620 2467.5
1144630 2454.9
1144640 2442.8
1144650 2442.8
1144660 2430.7
1144670 2420.7
1144680 2420.7
1144690 2411.3
1144700 2405.2
1144710 2400.0
1144720 2400.0
1144730 2390.5
1144740 2382.2
1144750 2382.2
1144760 2376.9
1144770 2373.2
1144780 2373.2
1144790 2368.1
1144800 2359.3
1144810 2359.3
1144820 2351.5
1144830 2346.3
1144840 2346.3
1144850 2340.1
1144860 2334.8
1144870 2334.8
1144880 2330.2
1144890 2325.3
1144900 2325.3
1144910 2320.5
1144920 2316.2
1144930 2316.2
1144940 2312.3
1144950 2307.2
1144960 2307.2
1144970 2303.2
1144980 2300.9
1144990 2296.8
1145000 2296.8
1145010 2293.0
1145020 2289.2
1145030 2289.2
1145040 2286.2
1145050 2283.4
1145060 2283.4
1145070 2280.8
1145080 2278.6
1145090 2278.6
1145100 2276.9
1145110 2275.9
1145120 2275.9
1145130 2272.9
1145140 2269.4
1145150 2269.4
1145160 2267.7
1145170 2267.0
1145180 2267.0
1145190 2266.9
1145200 2266.5
1145210 2266.5
1145220 2266.0
1145230 2265.2
1145240 2265.2
1145250 2264.3
1145260 2263.4
1145270 2262.4
1145280 2262.4
1145290 2261.5
1145300 2260.8
1145310 2260.8
1145320 2260.1
1145330 2259.3
1145340 2259.3
1145350 2258.7
1145360 2258.3
1145370 2258.3
1145380 2257.7
1145390 2256.9
1145400 2256.9
1145410 2256.3
1145420 2256.1
1145430 2256.1
1145440 2255.7
1145450 2256.4
1145460 2256.4
1145470 2260.0
1145480 2261.3
1145490 2261.3
1145500 2262.9
1145510 2266.8
1145520 2266.8
1145530 2269.3
1145540 2269.2
1145550 2267.6
1145560 2267.6
1145570 2267.0
1145580 2264.1
1145590 2264.1
1145600 2259.9
1145610 2257.6
1145620 2257.6
1145630 2255.4
1145640 2253.1
1145650 2253.1
1145660 2251.7
1145670 2246.5
1145680 2246.5
1145690 2243.6
1145700 2239.0
1145710 2239.0
1145720 2232.1
1145730 2235.6
1145740 2235.6
1145750 2225.3
1145760 2216.2
1145770 2216.2
1145780 2210.3
1145790 2205.3
1145800 2205.3
1145810 2201.2
1145820 2196.6
1145830 2194.3
1145840 2194.3
1145850 2195.0
1145860 2193.3
1145870 2193.3
1145880 2192.7
1145890 2190.9
1145900 2190.9
1145910 2187.6
1145920 2184.2
1145930 2184.2
1145940 2180.7
1145950 2177.0
1145960 2177.0
1145970 2173.6
1145980 2170.9
1145990 2170.9
1146000 2167.5
1146010 2164.0
1146020 2164.0
1146030 2162.0
1146040 2161.1
1146050 2161.1
1146060 2158.5
1146070 2155.8
1146080 2155.8
1146090 2153.4
1146100 2150.2
1146110 2140.8
1146120 2140.8
1146130 2139.7
1146140 2138.6
1146150 2138.6
1146160 2137.6
1146170 2134.5
1146180 2134.5
1146190 2132.5
1146200 2130.5
1146210 2130.5
1146220 2129.2
1146230 2127.8
1146240 2127.8
1146250 2126.6
1146260 2125.9
1146270 2125.9
1146280 2126.0
1146290 2126.1
1146300 2126.1
1146310 2125.5
1146320 2125.3
1146330 2125.3
1146340 2124.7
1146350 2123.8
1146360 2123.4
1146370 2123.4
1146380 2126.2
1146390 2126.4
1146400 2126.4
1146410 2126.7
1146420 2127.1
1146430 2127.1
1146440 2128.1
1146450 2132.7
1146460 2132.7
1146470 2136.2
1146480 2139.0
1146490 2138.7
1146500 2143.0
1146510 2141.4
1146520 2141.4
1146530 2139.2
1146540 2139.2
1146550 2139.2
1146560 2139.7
1146570 2141.4
1146580 2141.4
1146590 2141.9
1146600 2140.4
1146610 2140.4
1146620 2137.9
1146630 2137.6
1146640 2136.2
1146650 2136.2
1146660 2134.3
1146670 2134.4
1146680 2134.4
1146690 2134.3
1146700 2133.9
1146710 2133.9
1146720 2133.2
1146730 2133.0
1146740 2133.0
1146750 2132.3
1146760 2130.5
1146770 2130.5
1146780 2129.0
1146790 2127.3
1146800 2127.3
1146810 2125.0
1146820 2121.0
1146830 2121.0
1146840 2117.4
1146850 2116.2
1146860 2111.6
1146870 2109.4
1146880 2106.2
1146890 2106.2
1146900 2101.8
1146910 2098.7
1146920 2097.0
1146930 2097.0
1146940 2095.3
1146950 2093.6
1146960 2093.6
1146970 2092.8
1146980 2092.0
1146990 2092.0
1147000 2090.8
1147010 2089.6
1147020 2089.6
1147030 2088.7
1147040 2087.7
1147050 2087.7
1147060 2085.8
1147070 2083.4
1147080 2083.4
1147090 2081.1
1147100 2077.8
1147110 2077.8
1147120 2074.5
1147130 2071.5
1147140 2071.5
1147150 2066.3
1147160 2061.0
1147170 2061.0
1147180 2056.2
1147190 2051.2
1147200 2045.9
1147210 2045.9
1147220 2040.9
1147230 2034.8
1147240 2028.2
1147250 2021.9
1147260 2015.6
1147270 2015.6
1147280 2005.3
1147290 1995.4
1147300 1995.4
1147310 1990.2
1147320 1984.6
1147330 1984.6
1147340 1978.8
1147350 1975.5
1147360 1975.5
1147370 1972.1
1147380 1968.3
1147390 1968.3
1147400 1964.6
1147410 1960.0
1147420 1960.0
1147430 1955.9
1147440 1949.0
1147450 1949.0
1147460 1931.8
1147470 1919.1
1147480 1917.3
1147490 1917.3
1147500 1916.3
1147510 1911.4
1147520 1911.4
1147530 1890.4
1147540 1876.8
1147550 1876.8
1147560 1870.2
1147570 1863.7
1147580 1863.7
1147590 1856.9
1147600 1849.7
1147610 1849.7
1147620 1842.2
1147630 1835.2
1147640 1835.2
1147650 1828.0
1147660 1822.7
1147670 1822.7
1147680 1816.5
1147690 1807.6
1147700 1807.6
1147710 1797.7
1147720 1784.6
1147730 1784.6
1147740 1774.5
1147750 1768.5
1147760 1763.3
1147770 1763.3
1147780 1758.6
1147790 1752.6
1147800 1752.6
1147810 1746.2
1147820 1739.4
1147830 1739.4
1147840 1732.8
1147850 1726.2
1147860 1726.2
1147870 1716.8
1147880 1707.4
1147890 1707.4
1147900 1696.8
1147910 1689.3
1147920 1689.3
1147930 1686.3
1147940 1681.3
1147950 1681.3
1147960 1675.1
1147970 1665.2
1147980 1665.2
1147990 1659.8
1148000 1654.1
1148010 1653.4
1148020 1653.4
1148030 1648.9
1148040 1646.0
1148050 1646.0
1148060 1643.6
1148070 1640.9
1148080 1640.9
1148090 1636.7
1148100 1632.5
1148110 1632.5
1148120 1627.9
1148130 1621.8
1148140 1621.8
1148150 1617.8
1148160 1614.3
1148170 1614.3
1148180 1609.5
1148190 1605.6
1148200 1605.6
1148210 1602.7
1148220 1598.9
1148230 1598.9
1148240 1596.0
1148250 1591.6
1148260 1591.6
1148270 1587.8
1148280 1585.2
1148290 1582.2
1148300 1582.2
1148310 1578.1
1148320 1573.8
1148330 1573.8
1148340 1569.1
1148350 1563.2
1148360 1563.2
1148370 1556.4
1148380 1563.6
1148390 1563.6
1148400 1564.5
1148410 1564.4
1148420 1564.4
1148430 1564.2
1148440 1564.1
1148450 1564.1
1148460 1564.0
1148470 1563.4
1148480 1563.4
1148490 1561.8
1148500 1559.5
1148510 1559.5
1148520 1558.4
1148530 1560.8
1148540 1560.8
1148550 1565.4
1148560 1570.8
1148570 1576.3
1148580 1576.3
1148590 1581.4
1148600 1587.9
1148610 1587.9
1148620 1601.6
1148630 1606.7
1148640 1606.7
1148650 1607.9
1148660 1611.5
1148670 1611.5
1148680 1616.2
1148690 1625.1
1148700 1625.1
1148710 1631.1
1148720 1637.0
1148730 1637.0
1148740 1641.0
1148750 1651.5
1148760 1651.5
1148770 1655.8
1148780 1660.2
1148790 1660.2
1148800 1663.1
1148810 1665.6
1148820 1665.6
1148830 1666.7
1148840 1666.6
1148850 1665.1
1148860 1665.1
1148870 1661.8
1148880 1657.8
1148890 1657.8
1148900 1649.2
1148910 1636.4
1148920 1636.4
1148930 1623.6
1148940 1615.6
1148950 1615.6
1148960 1608.6
1148970 1601.2
1148980 1601.2
1148990 1595.3
1149000 1590.5
1149010 1590.5
1149020 1585.6
1149030 1581.9
1149040 1581.9
1149050 1578.2
1149060 1574.2
1149070 1574.2
1149080 1571.7
1149090 1569.3
1149100 1569.3
1149110 1567.0
1149120 1564.1
1149130 1569.5
1149140 1569.5
1149150 1566.4
1149160 1564.8
1149170 1564.8
1149180 1561.9
1149190 1559.7
1149200 1559.7
1149210 1558.5
1149220 1555.9
1149230 1555.9
1149240 1553.2
1149250 1551.3
1149260 1551.3
1149270 1550.2
1149280 1548.1
1149290 1548.1
1149300 1544.8
1149310 1538.2
1149320 1538.2
1149330 1530.7
1149340 1529.0
1149350 1529.0
1149360 1533.9
1149370 1544.5
1149380 1544.5
1149390 1550.8
1149400 1555.6
1149410 1557.4
1149420 1557.4
1149430 1554.3
1149440 1551.0
1149450 1551.0
1149460 1542.6
1149470 1526.4
1149480 1526.4
1149490 1519.1
1149500 1513.3
1149510 1527.2
1149520 1519.4
1149530 1511.7
1149540 1511.7
1149550 1509.2
1149560 1508.2
1149570 1508.2
1149580 1506.7
1149590 1506.2
1149600 1506.2
1149610 1505.7
1149620 1506.7
1149630 1506.7
1149640 1506.1
1149650 1504.8
1149660 1502.8
1149670 1502.8
1149680 1500.1
1149690 1496.9
1149700 1496.9
1149710 1492.9
1149720 1488.5
1149730 1488.5
1149740 1484.3
1149750 1480.2
1149760 1480.2
1149770 1476.5
1149780 1473.4
1149790 1473.4
1149800 1470.0
1149810 1466.2
1149820 1466.2
1149830 1463.0
1149840 1460.5
1149850 1460.5
1149860 1458.9
1149870 1456.6
1149880 1456.6
1149890 1462.9
1149900 1461.1
1149910 1461.1
1149920 1461.1
1149930 1460.9
1149940 1461.6
1149950 1461.6
1149960 1462.5
1149970 1461.5
1149980 1461.5
1149990 1459.7
1150000 1457.4
1150010 1457.4
1150020 1452.4
1150030 1448.8
1150040 1448.8
1150050 1447.2
1150060 1444.2
1150070 1444.2
1150080 1443.1
1150090 1441.5
1150100 1441.5
1150110 1439.5
1150120 1437.1
1150130 1437.1
1150140 1434.3
1150150 1432.0
1150160 1432.0
1150170 1430.1
1150180 1428.4
1150190 1428.4
1150200 1425.6
1150210 1422.6
1150220 1420.6
1150230 1420.6
1150240 1418.2
1150250 1417.0
1150260 1417.0
1150270 1422.3
1150280 1420.8
1150290 1420.8
1150300 1417.7
1150310 1413.3
1150320 1413.3
1150330 1408.5
1150340 1403.0
1150350 1403.0
1150360 1395.5
1150370 1388.0
1150380 1388.0
1150390 1381.6
1150400 1376.3
1150410 1376.3
1150420 1371.7
1150430 1368.3
1150440 1368.3
1150450 1364.7
1150460 1359.7
1150470 1359.7
1150480 1354.4
1150490 1350.0
1150500 1346.3
1150510 1346.3
1150520 1343.5
1150530 1341.1
1150540 1341.1
1150550 1339.1
1150560 1337.2
1150570 1337.2
1150580 1334.0
1150590 1330.6
1150600 1330.6
1150610 1326.2
1150620 1322.4
1150630 1322.4
1150640 1323.5
1150650 1328.4
1150660 1324.7
1150670 1324.6
1150680 1327.4
1150690 1327.4
1150700 1330.7
1150710 1337.3
1150720 1337.3
1150730 1344.2
1150740 1349.5
1150750 1349.5
1150760 1353.6
1150770 1356.5
1150780 1360.0
1150790 1360.0
1150800 1364.7
1150810 1371.0
1150820 1371.0
1150830 1377.7
1150840 1385.1
1150850 1385.1
1150860 1393.0
1150870 1401.6
1150880 1401.6
1150890 1409.2
1150900 1415.8
1150910 1415.8
1150920 1422.4
1150930 1429.1
1150940 1429.1
1150950 1435.7
1150960 1442.5
1150970 1442.5
1150980 1448.7
1150990 1455.2
1151000 1455.2
1151010 1462.2
1151020 1471.2
1151030 1481.4
1151040 1478.3
1151050 1485.4
1151060 1494.4
1151070 1494.4
1151080 1500.1
1151090 1507.3
1151100 1507.3
1151110 1515.0
1151120 1522.6
1151130 1522.6
1151140 1530.3
1151150 1538.2
1151160 1538.2
1151170 1546.7
1151180 1555.0
1151190 1555.0
1151200 1566.1
1151210 1586.5
1151220 1586.5
1151230 1605.1
1151240 1618.0
1151250 1618.0
1151260 1624.1
1151270 1626.6
1151280 1626.6
1151290 1638.2
1151300 1657.1
1151310 1668.7
1151320 1668.7
1151330 1677.6
1151340 1686.4
1151350 1686.4
1151360 1695.3
1151370 1707.2
1151380 1707.2
1151390 1723.2
1151400 1739.0
1151410 1739.0
1151420 1750.9
1151430 1759.1
1151440 1759.1
1151450 1768.1
1151460 1778.5
1151470 1778.5
1151480 1788.8
1151490 1796.9
1151500 1796.9
1151510 1803.0
1151520 1809.2
1151530 1809.2
1151540 1814.9
1151550 1818.9
1151560 1818.9
1151570 1823.1
1151580 1828.7
1151590 1834.6
1151600 1834.6
1151610 1840.4
1151620 1846.0
1151630 1846.0
1151640 1851.1
1151650 1854.7
1151660 1854.7
1151670 1857.7
1151680 1859.4
1151690 1859.4
1151700 1859.0
1151710 1857.9
1151720 1857.9
1151730 1857.9
1151740 1858.3
1151750 1858.3
1151760 1858.8
1151770 1859.6
1151780 1859.6
1151790 1861.6
1151800 1861.3
1151810 1861.3
1151820 1864.0
1151830 1866.1
1151840 1866.1
1151850 1868.3
1151860 1870.6
1151870 1872.9
1151880 1872.9
1151890 1875.8
1151900 1879.3
1151910 1879.3
1151920 1882.3
1151930 1885.5
1151940 1885.5
1151950 1890.4
1151960 1896.0
1151970 1896.0
1151980 1901.8
1151990 1907.0
1152000 1907.0
1152010 1911.7
1152020 1916.8
1152030 1916.8
1152040 1922.2
1152050 1926.8
1152060 1926.8
1152070 1931.0
1152080 1935.3
1152090 1935.3
1152100 1938.5
1152110 1938.9
1152120 1938.9
1152130 1937.5
1152140 1936.2
1152150 1934.6
1152160 1934.6
1152170 1933.1
1152180 1927.8
1152190 1927.8
1152200 1927.9
1152210 1928.2
1152220 1928.2
1152230 1928.3
1152240 1929.2
1152250 1929.2
1152260 1930.7
1152270 1933.6
1152280 1933.6
1152290 1936.1
1152300 1938.4
1152310 1938.4
1152320 1941.6
1152330 1944.3
1152340 1944.3
1152350 1949.3
1152360 1954.2
1152370 1954.2
1152380 1959.7
1152390 1965.5
1152400 1970.8
1152410 1970.8
1152420 1975.0
1152430 1978.5
1152440 1978.5
1152450 1982.9
1152460 1989.7
1152470 1989.7
1152480 1995.9
1152490 2001.9
1152500 2001.9
1152510 2007.7
1152520 2013.2
1152530 2013.2
1152540 2019.2
1152550 2026.1
1152560 2026.1
1152570 2032.2
1152580 2040.5
1152590 2040.5
1152600 2049.2
1152610 2057.6
1152620 2057.6
1152630 2064.7
1152640 2071.6
1152650 2071.6
1152660 2078.8
1152670 2086.7
1152680 2094.5
1152690 2094.5
1152700 2102.1
1152710 2110.5
1152720 2110.5
1152730 2118.6
1152740 2126.3
1152750 2126.3
1152760 2134.1
1152770 2141.8
1152780 2141.8
1152790 2149.3
1152800 2156.9
1152810 2156.9
1152820 2164.5
1152830 2171.3
1152840 2171.3
1152850 2179.0
1152860 2186.5
1152870 2186.5
1152880 2193.2
1152890 2199.2
1152900 2199.2
1152910 2204.3
1152920 2207.4
1152930 2207.4
1152940 2208.5
1152950 2203.1
1152960 2202.3
1152970 2202.3
1152980 2200.9
1152990 2200.3
1153000 2200.3
1153010 2199.5
1153020 2199.8
1153030 2199.8
1153040 2200.8
1153050 2201.8
1153060 2201.8
1153070 2202.9
1153080 2202.8
1153090 2202.8
1153100 2202.6
1153110 2203.7
1153120 2203.7
1153130 2204.9
1153140 2205.4
1153150 2205.4
1153160 2205.8
1153170 2206.3
1153180 2206.3
1153190 2206.9
1153200 2207.4
1153210 2207.4
1153220 2207.6
1153230 2207.3
1153240 2204.4
1153250 2204.4
1153260 2200.2
1153270 2194.6
1153280 2194.6
1153290 2187.4
1153300 2181.7
1153310 2181.7
1153320 2179.9
1153330 2177.1
1153340 2170.5
1153350 2167.2
1153360 2162.6
1153370 2162.6
1153380 2159.6
1153390 2159.6
1153400 2159.6
1153410 2157.8
1153420 2154.7
1153430 2154.7
1153440 2151.0
1153450 2146.2
1153460 2146.2
1153470 2141.7
1153480 2139.8
1153490 2139.8
1153500 2137.5
1153510 2135.7
1153520 2134.3
1153530 2134.3
1153540 2131.5
1153550 2127.4
1153560 2127.4
1153570 2123.3
1153580 2119.4
1153590 2119.4
1153600 2117.1
1153610 2114.4
1153620 2114.4
1153630 2112.3
1153640 2109.9
1153650 2109.9
1153660 2107.6
1153670 2104.4
1153680 2104.4
1153690 2102.6
1153700 2102.3
1153710 2102.3
1153720 2097.0
1153730 2095.9
1153740 2095.9
1153750 2093.4
1153760 2091.8
1153770 2091.8
1153780 2091.3
1153790 2091.2
1153800 2090.8
1153810 2090.8
1153820 2090.0
1153830 2089.2
1153840 2089.2
1153850 2089.3
1153860 2089.3
1153870 2089.3
1153880 2089.2
1153890 2089.7
1153900 2089.7
1153910 2090.4
1153920 2091.5
1153930 2091.5
1153940 2091.5
1153950 2090.2
1153960 2090.2
1153970 2088.2
1153980 2085.0
1153990 2085.0
1154000 2081.2
1154010 2079.0
1154020 2079.0
1154030 2077.0
1154040 2074.7
1154050 2073.0
1154060 2073.0
1154070 2071.3
1154080 2069.5
1154090 2069.5
1154100 2067.6
1154110 2061.5
1154120 2061.5
1154130 2059.7
1154140 2057.3
1154150 2057.3
1154160 2056.4
1154170 2057.2
1154180 2057.2
1154190 2058.1
1154200 2057.7
1154210 2057.7
1154220 2058.7
1154230 2061.2
1154240 2061.2
1154250 2063.9
1154260 2066.3
1154270 2066.3
1154280 2068.6
1154290 2070.2
1154300 2070.2
1154310 2070.5
1154320 2070.3
1154330 2069.8
1154340 2069.8
1154350 2069.0
1154360 2067.9
1154370 2067.9
1154380 2066.9
1154390 2066.3
1154400 2066.3
1154410 2066.1
1154420 2065.4
1154430 2065.4
1154440 2058.8
1154450 2048.9
1154460 2048.9
1154470 2039.3
1154480 2030.5
1154490 2030.6
1154500 2023.0
1154510 2014.5
1154520 2014.5
1154530 2003.4
1154540 1994.7
1154550 1994.7
1154560 1989.1
1154570 1984.8
1154580 1984.8
1154590 1980.3
1154600 1976.6
1154610 1973.7
1154620 1973.7
1154630 1973.0
1154640 1971.9
1154650 1971.9
1154660 1970.1
1154670 1968.5
1154680 1968.5
1154690 1966.8
1154700 1965.2
1154710 1965.2
1154720 1963.8
1154730 1962.1
1154740 1962.1
1154750 1959.9
1154760 1958.5
1154770 1958.5
1154780 1958.2
1154790 1957.9
1154800 1957.9
1154810 1956.1
1154820 1954.3
1154830 1954.3
1154840 1953.8
1154850 1953.2
1154860 1953.2
1154870 1952.1
1154880 1947.0
1154890 1946.7
1154900 1946.7
1154910 1946.2
1154920 1946.0
1154930 1946.0
1154940 1946.4
1154950 1946.9
1154960 1946.9
1154970 1946.9
1154980 1946.0
1154990 1946.0
1155000 1945.0
1155010 1943.9
1155020 1943.9
1155030 1942.6
1155040 1941.6
1155050 1941.6
1155060 1940.9
1155070 1939.8
1155080 1939.8
1155090 1938.4
1155100 1937.3
1155110 1937.3
1155120 1936.1
1155130 1934.3
1155140 1934.3
1155150 1933.0
1155160 1932.2
1155170 1931.1
1155180 1931.1
1155190 1930.3
1155200 1929.4
1155210 1929.4
1155220 1928.3
1155230 1926.9
1155240 1926.9
1155250 1926.2
1155260 1920.8
1155270 1920.8
1155280 1920.2
1155290 1920.7
1155300 1920.7
1155310 1920.5
1155320 1919.4
1155330 1919.4
1155340 1918.2
1155350 1917.9
1155360 1917.9
1155370 1918.2
1155380 1917.8
1155390 1917.8
1155400 1916.9
1155410 1915.7
1155420 1914.8
1155430 1914.8
1155440 1914.2
1155450 1913.8
1155460 1913.8
1155470 1913.3
1155480 1914.1
1155490 1914.1
1155500 1914.5
1155510 1915.4
1155520 1915.4
1155530 1916.6
1155540 1917.1
1155550 1917.1
1155560 1917.7
1155570 1918.1
1155580 1918.1
1155590 1918.4
1155600 1918.4
1155610 1918.4
1155620 1918.3
1155630 1918.3
1155640 1918.3
1155650 1913.1
1155660 1913.2
1155670 1913.2
1155680 1913.8
1155690 1914.5
1155700 1915.2
1155710 1915.2
1155720 1916.4
1155730 1918.3
1155740 1918.3
1155750 1920.9
1155760 1923.2
1155770 1923.2
1155780 1925.2
1155790 1926.7
1155800 1926.7
1155810 1927.6
1155820 1928.3
1155830 1928.3
1155840 1927.9
1155850 1929.8
1155860 1929.8
1155870 1932.0
1155880 1933.4
1155890 1933.4
1155900 1934.3
1155910 1934.7
1155920 1934.7
1155930 1935.3
1155940 1937.2
1155950 1937.2
1155960 1938.4
1155970 1939.4
1155980 1940.6
1155990 1940.6
1156000 1942.0
1156010 1942.4
1156020 1942.4
1156030 1943.9
1156040 1939.3
1156050 1939.3
1156060 1940.5
1156070 1940.8
1156080 1940.8
1156090 1941.4
1156100 1941.4
1156110 1941.4
1156120 1943.0
1156130 1944.7
1156140 1944.7
1156150 1944.5
1156160 1943.8
1156170 1943.8
1156180 1943.8
1156190 1943.2
1156200 1943.2
1156210 1942.4
1156220 1941.0
1156230 1941.0
1156240 1940.0
1156250 1938.6
1156260 1937.5
1156270 1937.5
1156280 1938.1
1156290 1939.3
1156300 1939.3
1156310 1939.9
1156320 1941.5
1156330 1941.5
1156340 1942.3
1156350 1942.4
1156360 1942.4
1156370 1943.8
1156380 1945.4
1156390 1945.4
1156400 1946.3
1156410 1946.7
1156420 1946.7
1156430 1940.6
1156440 1938.3
1156450 1938.3
1156460 1937.5
1156470 1938.6
1156480 1938.6
1156490 1939.9
1156500 1941.4
1156510 1941.4
1156520 1943.5
1156530 1945.8
1156540 1948.0
1156550 1948.0
1156560 1949.7
1156570 1951.2
1156580 1951.2
1156590 1952.7
1156600 1954.5
1156610 1954.5
1156620 1956.4
1156630 1958.5
1156640 1958.5
1156650 1960.9
1156660 1962.8
1156670 1962.8
1156680 1964.0
1156690 1964.9
1156700 1964.9
1156710 1965.4
1156720 1965.8
1156730 1965.8
1156740 1966.3
1156750 1966.7
1156760 1966.7
1156770 1966.7
1156780 1966.7
1156790 1966.7
1156800 1966.7
1156810 1966.2
1156820 1960.4
1156830 1960.4
1156840 1958.1
1156850 1954.9
1156860 1954.9
1156870 1951.0
1156880 1947.3
1156890 1947.3
1156900 1943.9
1156910 1941.1
1156920 1941.1
1156930 1938.1
1156940 1935.1
1156950 1935.1
1156960 1932.0
1156970 1928.6
1156980 1928.6
1156990 1925.9
1157000 1923.5
1157010 1923.5
1157020 1921.1
1157030 1918.7
1157040 1918.7
1157050 1916.3
1157060 1913.7
1157070 1910.9
1157080 1910.9
1157090 1908.2
1157100 1905.1
1157110 1905.1
1157120 1902.2
1157130 1899.0
1157140 1899.0
1157150 1895.2
1157160 1891.1
1157170 1891.1
1157180 1886.8
1157190 1881.8
1157200 1876.2
1157210 1871.4
1157220 1866.8
1157230 1866.8
1157240 1862.4
1157250 1858.6
1157260 1858.6
1157270 1854.8
1157280 1851.5
1157290 1851.5
1157300 1848.7
1157310 1845.4
1157320 1845.4
1157330 1842.5
1157340 1839.2
1157350 1836.7
1157360 1836.7
1157370 1834.2
1157380 1831.0
1157390 1831.0
1157400 1826.9
1157410 1822.0
1157420 1822.0
1157430 1817.2
1157440 1813.3
1157450 1813.3
1157460 1809.5
1157470 1805.6
1157480 1805.6
1157490 1802.1
1157500 1798.5
1157510 1798.5
1157520 1794.6
1157530 1790.3
1157540 1790.3
1157550 1787.1
1157560 1785.1
1157570 1785.1
1157580 1782.9
1157590 1776.8
1157600 1776.8
1157610 1774.4
1157620 1772.0
1157630 1769.1
1157640 1769.1
1157650 1766.9
1157660 1765.0
1157670 1765.0
1157680 1763.6
1157690 1763.9
1157700 1763.9
1157710 1764.6
1157720 1764.1
1157730 1764.1
1157740 1762.2
1157750 1759.4
1157760 1759.4
1157770 1754.3
1157780 1750.4
1157790 1750.4
1157800 1748.1
1157810 1745.1
1157820 1745.1
1157830 1741.1
1157840 1739.6
1157850 1739.6
1157860 1740.0
1157870 1741.0
1157880 1741.0
1157890 1742.6
1157900 1743.3
1157910 1742.8
1157920 1742.8
1157930 1741.5
1157940 1740.4
1157950 1740.4
1157960 1739.4
1157970 1738.3
1157980 1733.6
1157990 1732.4
1158000 1733.4
1158010 1733.4
1158020 1735.5
1158030 1737.4
1158040 1737.4
1158050 1739.7
1158060 1741.7
1158070 1741.7
1158080 1744.0
1158090 1744.5
1158100 1744.5
1158110 1742.9
1158120 1740.5
1158130 1740.5
1158140 1736.1
1158150 1728.5
1158160 1717.1
1158170 1717.1
1158180 1707.1
1158190 1699.1
1158200 1699.1
1158210 1691.5
1158220 1684.6
1158230 1684.6
1158240 1677.8
1158250 1671.2
1158260 1671.2
1158270 1665.1
1158280 1659.7
1158290 1659.7
1158300 1653.9
1158310 1647.9
1158320 1647.9
1158330 1640.9
1158340 1630.9
1158350 1630.9
1158360 1620.3
1158370 1613.2
1158380 1613.2
1158390 1605.3
1158400 1598.2
1158410 1598.2
1158420 1591.4
1158430 1584.2
1158440 1575.9
1158450 1575.9
1158460 1568.2
1158470 1561.2
1158480 1561.2
1158490 1555.3
1158500 1548.9
1158510 1548.9
1158520 1542.6
1158530 1536.3
1158540 1536.3
1158550 1530.3
1158560 1525.1
1158570 1525.1
1158580 1519.8
1158590 1515.5
1158600 1515.5
1158610 1512.5
1158620 1509.5
1158630 1509.5
1158640 1506.8
1158650 1502.7
1158660 1502.7
1158670 1498.8
1158680 1495.4
1158690 1495.4
1158700 1491.7
1158710 1488.4
1158720 1485.9
1158730 1485.9
1158740 1482.9
1158750 1478.5
1158760 1475.8
1158770 1471.1
1158780 1467.5
1158790 1467.5
1158800 1464.5
1158810 1461.5
1158820 1461.5
1158830 1457.9
1158840 1453.7
1158850 1453.7
1158860 1449.8
1158870 1446.1
1158880 1446.1
1158890 1442.7
1158900 1439.3
1158910 1439.3
1158920 1435.9
1158930 1432.4
1158940 1432.4
1158950 1429.8
1158960 1429.0
1158970 1429.0
1158980 1427.5
1158990 1424.2
1159000 1421.9
1159010 1421.9
1159020 1419.0
1159030 1413.9
1159040 1413.9
1159050 1410.4
1159060 1407.3
1159070 1407.3
1159080 1404.1
1159090 1400.7
1159100 1400.7
1159110 1397.1
1159120 1392.6
1159130 1392.6
1159140 1388.0
1159150 1379.4
1159160 1379.4
1159170 1375.0
1159180 1370.6
1159190 1370.6
1159200 1367.3
1159210 1366.0
1159220 1366.0
1159230 1362.1
1159240 1358.4
1159250 1358.4
1159260 1358.3
1159270 1358.5
1159280 1358.9
1159290 1358.9
1159300 1357.4
1159310 1356.0
1159320 1356.0
1159330 1354.5
1159340 1351.5
1159350 1351.5
1159360 1347.2
1159370 1342.0
1159380 1342.0
1159390 1336.0
1159400 1330.7
1159410 1330.7
1159420 1326.9
1159430 1323.1
1159440 1323.1
1159450 1320.7
1159460 1318.8
1159470 1318.8
1159480 1317.1
1159490 1315.3
1159500 1315.3
1159510 1313.4
1159520 1310.9
1159530 1307.9
1159540 1307.9
1159550 1303.0
1159560 1300.4
1159570 1300.4
1159580 1298.2
1159590 1296.6
1159600 1296.6
1159610 1295.0
1159620 1293.2
1159630 1293.2
1159640 1291.6
1159650 1290.3
1159660 1290.3
1159670 1289.0
1159680 1287.6
1159690 1287.6
1159700 1286.5
1159710 1285.7
1159720 1285.7
1159730 1284.5
1159740 1282.3
1159750 1282.3
1159760 1279.3
1159770 1276.4
1159780 1276.4
1159790 1274.0
1159800 1272.6
1159810 1271.7
1159820 1271.7
1159830 1270.7
1159840 1269.6
1159850 1269.6
1159860 1267.4
1159870 1263.8
1159880 1263.8
1159890 1260.8
1159900 1258.7
1159910 1258.7
1159920 1257.0
1159930 1255.4
1159940 1252.1
1159950 1249.5
1159960 1246.4
1159970 1246.4
1159980 1243.4
1159990 1239.9
