1141990 1947.8
1142000 1957.9
1142010 1968.0
1142020 1968.0
1142030 1978.9
1142040 1986.6
1142050 1991.9
1142060 1991.9
1142070 1996.8
1142080 2002.1
1142090 2002.1
1142100 2007.0
1142110 2011.2
1142120 2011.2
1142130 2013.8
1142140 2019.5
1142150 2019.5
1142160 2025.3
1142170 2030.5
1142180 2030.5
1142190 2035.4
1142200 2040.1
1142210 2040.1
1142220 2045.1
1142230 2050.0
1142240 2050.0
1142250 2054.7
1142260 2059.4
1142270 2059.4
1142280 2063.9
1142290 2068.1
1142300 2068.1
1142310 2071.8
1142320 2075.7
1142330 2080.3
1142340 2080.3
1142350 2084.6
1142360 2088.6
1142370 2092.6
1142380 2096.2
1142390 2099.9
1142400 2099.9
1142410 2103.6
1142420 2107.5
1142430 2107.5
1142440 2111.2
1142450 2114.8
1142460 2114.8
1142470 2118.1
1142480 2121.6
1142490 2121.6
1142500 2125.4
1142510 2129.0
1142520 2129.0
1142530 2132.0
1142540 2134.5
1142550 2134.5
1142560 2135.9
1142570 2133.4
1142580 2133.4
1142590 2125.9
1142600 2116.7
1142610 2107.8
1142620 2107.8
1142630 2099.2
1142640 2091.0
1142650 2091.0
1142660 2083.1
1142670 2075.1
1142680 2075.1
1142690 2065.7
1142700 2055.2
1142710 2055.2
1142720 2044.2
1142730 2035.4
1142740 2034.0
1142750 2026.7
1142760 2020.1
1142770 2020.1
1142780 2013.3
1142790 2006.5
1142800 2006.5
1142810 2000.0
1142820 1993.8
1142830 1993.8
1142840 1988.0
1142850 1981.4
1142860 1981.4
1142870 1974.9
1142880 1968.5
1142890 1962.1
1142900 1962.1
1142910 1955.6
1142920 1948.8
1142930 1948.8
1142940 1939.9
1142950 1929.5
1142960 1929.5
1142970 1921.1
1142980 1913.6
1142990 1913.6
1143000 1906.2
1143010 1898.3
1143020 1898.3
1143030 1893.4
1143040 1890.0
1143050 1890.0
1143060 1885.8
1143070 1881.5
1143080 1881.5
1143090 1877.3
1143100 1872.3
1143110 1873.8
1143120 1868.7
1143130 1863.8
1143140 1863.8
1143150 1856.3
1143160 1845.1
1143170 1832.1
1143180 1832.1
1143190 1820.1
1143200 1808.3
1143210 1808.3
1143220 1789.4
1143230 1778.3
1143240 1778.3
1143250 1770.7
1143260 1764.4
1143270 1764.4
1143280 1755.3
1143290 1747.7
1143300 1747.7
1143310 1740.2
1143320 1734.8
1143330 1734.8
1143340 1725.8
1143350 1715.9
1143360 1715.9
1143370 1706.2
1143380 1701.5
1143390 1701.5
1143400 1702.8
1143410 1707.2
1143420 1707.2
1143430 1702.3
1143440 1695.8
1143450 1689.4
1143460 1689.4
1143470 1682.2
1143480 1680.5
1143490 1680.5
1143500 1675.6
1143510 1678.3
1143520 1678.3
1143530 1684.2
1143540 1690.5
1143550 1690.5
1143560 1695.0
1143570 1699.4
1143580 1699.4
1143590 1703.4
1143600 1706.4
1143610 1706.4
1143620 1709.9
1143630 1713.4
1143640 1713.4
1143650 1719.9
1143660 1727.7
1143670 1727.7
1143680 1739.2
1143690 1753.4
1143700 1753.4
1143710 1766.5
1143720 1776.4
1143730 1787.9
1143740 1787.9
1143750 1801.5
1143760 1814.5
1143770 1814.5
1143780 1823.9
1143790 1832.9
1143800 1832.9
1143810 1840.6
1143820 1848.0
1143830 1848.0
1143840 1855.1
1143850 1859.6
1143860 1862.4
1143870 1865.5
1143880 1867.6
1143890 1867.6
1143900 1869.9
1143910 1873.5
1143920 1873.5
1143930 1877.1
1143940 1881.0
1143950 1881.0
1143960 1884.9
1143970 1889.4
1143980 1889.4
1143990 1893.9
1144000 1898.3
1144010 1902.7
1144020 1902.7
1144030 1907.3
1144040 1912.1
1144050 1912.1
1144060 1916.6
1144070 1920.9
1144080 1920.9
1144090 1926.0
1144100 1931.4
1144110 1931.4
1144120 1936.7
1144130 1942.0
1144140 1942.0
1144150 1947.4
1144160 1952.9
1144170 1952.9
1144180 1958.4
1144190 1964.0
1144200 1964.0
1144210 1969.5
1144220 1974.8
1144230 1978.6
1144240 1983.9
1144250 1989.0
1144260 1989.0
1144270 1994.1
1144280 1999.2
1144290 2004.0
1144300 2004.0
1144310 2008.9
1144320 2013.6
1144330 2013.6
1144340 2018.1
1144350 2022.8
1144360 2022.8
1144370 2030.6
1144380 2037.7
1144390 2037.7
1144400 2043.5
1144410 2048.3
1144420 2048.3
1144430 2052.3
1144440 2055.9
1144450 2055.9
1144460 2059.3
1144470 2062.7
1144480 2062.7
1144490 2066.4
1144500 2069.5
1144510 2069.5
1144520 2071.6
1144530 2073.1
1144540 2075.4
1144550 2075.4
1144560 2078.4
1144570 2081.7
1144580 2081.7
1144590 2085.1
1144600 2088.2
1144610 2094.1
1144620 2096.8
1144630 2100.0
1144640 2100.0
1144650 2104.0
1144660 2107.7
1144670 2107.7
1144680 2110.5
1144690 2114.4
1144700 2114.4
1144710 2117.9
1144720 2120.3
1144730 2120.3
1144740 2123.4
1144750 2125.8
1144760 2125.8
1144770 2128.0
1144780 2130.3
1144790 2130.3
1144800 2133.4
1144810 2137.2
1144820 2141.4
1144830 2141.4
1144840 2145.7
1144850 2149.1
1144860 2149.1
1144870 2153.1
1144880 2157.9
1144890 2157.9
1144900 2163.0
1144910 2167.8
1144920 2167.8
1144930 2172.2
1144940 2176.3
1144950 2176.3
1144960 2180.1
1144970 2185.3
1144980 2187.8
1144990 2193.6
1145000 2199.9
1145010 2199.9
1145020 2206.2
1145030 2212.4
1145040 2212.4
1145050 2218.5
1145060 2224.5
1145070 2224.5
1145080 2229.3
1145090 2233.0
1145100 2237.7
1145110 2237.7
1145120 2241.6
1145130 2244.5
1145140 2244.5
1145150 2247.9
1145160 2250.5
1145170 2250.5
1145180 2251.8
1145190 2254.4
1145200 2254.4
1145210 2257.6
1145220 2261.6
1145230 2261.6
1145240 2265.9
1145250 2270.0
1145260 2270.0
1145270 2274.4
1145280 2279.0
1145290 2279.0
1145300 2283.8
1145310 2288.5
1145320 2288.5
1145330 2293.4
1145340 2298.7
1145350 2298.7
1145360 2304.6
1145370 2310.0
1145380 2315.5
1145390 2315.5
1145400 2321.1
1145410 2326.6
1145420 2326.6
1145430 2332.5
1145440 2338.5
1145450 2338.5
1145460 2344.8
1145470 2351.1
1145480 2351.1
1145490 2357.4
1145500 2364.0
1145510 2364.0
1145520 2370.6
1145530 2377.1
1145540 2377.1
1145550 2383.9
1145560 2390.7
1145570 2390.7
1145580 2397.2
1145590 2403.1
1145600 2403.1
1145610 2418.1
1145620 2431.7
1145630 2431.7
1145640 2439.2
1145650 2447.1
1145660 2455.2
1145670 2455.2
1145680 2463.6
1145690 2474.4
1145700 2474.4
1145710 2489.6
1145720 2511.8
1145730 2519.1
1145740 2560.8
1145750 2571.8
1145760 2571.8
1145770 2581.4
1145780 2593.3
1145790 2593.3
1145800 2613.1
1145810 2625.9
1145820 2625.9
1145830 2619.8
1145840 2618.6
1145850 2618.6
1145860 2617.4
1145870 2611.0
1145880 2611.0
1145890 2597.7
1145900 2580.2
1145910 2580.2
1145920 2544.9
1145930 2522.7
1145940 2510.4
1145950 2510.4
1145960 2501.4
1145970 2489.0
1145980 2489.0
1145990 2474.1
1146000 2465.7
1146010 2465.7
1146020 2458.6
1146030 2453.8
1146040 2453.8
1146050 2450.1
1146060 2446.7
1146070 2446.7
1146080 2443.6
1146090 2440.5
1146100 2440.5
1146110 2438.3
1146120 2435.6
1146130 2435.6
1146140 2433.2
1146150 2431.6
1146160 2431.6
1146170 2430.7
1146180 2429.6
1146190 2429.6
1146200 2428.3
1146210 2426.6
1146220 2425.3
1146230 2425.3
1146240 2425.3
1146250 2423.1
1146260 2423.1
1146270 2424.0
1146280 2427.5
1146290 2427.5
1146300 2429.2
1146310 2428.9
1146320 2428.9
1146330 2426.2
1146340 2422.6
1146350 2422.6
1146360 2417.9
1146370 2410.8
1146380 2410.8
1146390 2408.4
1146400 2403.2
1146410 2403.2
1146420 2397.6
1146430 2394.6
1146440 2394.6
1146450 2388.6
1146460 2384.7
1146470 2384.7
1146480 2387.8
1146490 2388.0
1146500 2382.8
1146510 2382.8
1146520 2375.5
1146530 2367.4
1146540 2367.4
1146550 2360.6
1146560 2356.4
1146570 2356.4
1146580 2355.1
1146590 2351.6
1146600 2351.6
1146610 2345.7
1146620 2342.8
1146630 2342.8
1146640 2340.9
1146650 2339.1
1146660 2339.1
1146670 2337.2
1146680 2336.7
1146690 2336.7
1146700 2338.1
1146710 2340.4
1146720 2340.4
1146730 2342.7
1146740 2344.7
1146750 2344.7
1146760 2345.5
1146770 2345.1
1146780 2346.3
1146790 2346.3
1146800 2346.3
1146810 2344.9
1146820 2344.9
1146830 2341.1
1146840 2334.4
1146850 2334.4
1146860 2325.9
1146870 2318.9
1146880 2318.9
1146890 2315.4
1146900 2313.5
1146910 2313.5
1146920 2312.5
1146930 2311.0
1146940 2311.0
1146950 2307.9
1146960 2308.2
1146970 2308.2
1146980 2309.8
1146990 2307.2
1147000 2307.2
1147010 2300.3
1147020 2295.3
1147030 2295.3
1147040 2290.2
1147050 2284.0
1147060 2277.4
1147070 2277.4
1147080 2271.5
1147090 2266.7
1147100 2266.7
1147110 2265.9
1147120 2266.4
1147130 2266.4
1147140 2269.5
1147150 2269.0
1147160 2269.0
1147170 2267.1
1147180 2264.5
1147190 2264.5
1147200 2261.9
1147210 2257.8
1147220 2257.8
1147230 2251.3
1147240 2242.9
1147250 2242.9
1147260 2241.3
1147270 2238.8
1147280 2238.8
1147290 2237.9
1147300 2236.1
1147310 2236.1
1147320 2234.1
1147330 2234.2
1147340 2232.5
1147350 2232.5
1147360 2227.7
1147370 2221.5
1147380 2221.5
1147390 2216.6
1147400 2214.0
1147410 2214.0
1147420 2211.0
1147430 2209.2
1147440 2209.2
1147450 2207.7
1147460 2204.9
1147470 2204.9
1147480 2202.1
1147490 2200.2
1147500 2200.2
1147510 2197.1
1147520 2193.6
1147530 2193.6
1147540 2189.9
1147550 2186.4
1147560 2186.4
1147570 2183.9
1147580 2181.1
1147590 2178.2
1147600 2178.2
1147610 2177.1
1147620 2170.7
1147630 2170.7
1147640 2172.5
1147650 2173.7
1147660 2173.7
1147670 2170.3
1147680 2166.9
1147690 2166.9
1147700 2166.6
1147710 2167.4
1147720 2167.4
1147730 2166.6
1147740 2165.7
1147750 2165.7
1147760 2163.5
1147770 2159.8
1147780 2159.8
1147790 2154.7
1147800 2148.2
1147810 2148.2
1147820 2141.8
1147830 2135.8
1147840 2135.8
1147850 2129.4
1147860 2120.6
1147870 2113.4
1147880 2113.4
1147890 2108.6
1147900 2104.2
1147910 2104.2
1147920 2098.7
1147930 2091.0
1147940 2091.0
1147950 2082.7
1147960 2077.2
1147970 2077.2
1147980 2072.6
1147990 2065.5
1148000 2065.5
1148010 2060.2
1148020 2054.5
1148030 2054.5
1148040 2049.0
1148050 2043.7
1148060 2043.7
1148070 2038.8
1148080 2034.6
1148090 2034.6
1148100 2029.9
1148110 2024.7
1148120 2024.7
1148130 2018.3
1148140 2009.5
1148150 2002.3
1148160 2002.3
1148170 1997.8
1148180 1994.5
1148190 1994.5
1148200 1991.0
1148210 1985.5
1148220 1985.5
1148230 1973.7
1148240 1962.7
1148250 1962.7
1148260 1953.5
1148270 1944.7
1148280 1944.7
1148290 1936.2
1148300 1928.6
1148310 1928.6
1148320 1922.1
1148330 1914.7
1148340 1914.7
1148350 1907.6
1148360 1902.2
1148370 1900.1
1148380 1895.3
1148390 1889.3
1148400 1889.3
1148410 1881.9
1148420 1878.3
1148430 1875.5
1148440 1875.5
1148450 1872.8
1148460 1867.0
1148470 1867.0
1148480 1859.3
1148490 1853.1
1148500 1853.1
1148510 1848.3
1148520 1843.9
1148530 1843.9
1148540 1838.2
1148550 1830.2
1148560 1830.2
1148570 1820.7
1148580 1814.2
1148590 1814.2
1148600 1808.8
1148610 1800.9
1148620 1800.9
1148630 1791.3
1148640 1785.2
1148650 1785.2
1148660 1785.8
1148670 1777.3
1148680 1777.3
1148690 1763.7
1148700 1755.6
1148710 1748.2
1148720 1748.2
1148730 1746.8
1148740 1746.2
1148750 1738.3
1148760 1733.5
1148770 1722.6
1148780 1722.6
1148790 1720.1
1148800 1719.0
1148810 1719.0
1148820 1718.8
1148830 1724.4
1148840 1724.4
1148850 1732.9
1148860 1740.3
1148870 1740.3
1148880 1742.9
1148890 1744.0
1148900 1744.0
1148910 1744.9
1148920 1751.5
1148930 1751.5
1148940 1756.5
1148950 1762.9
1148960 1762.9
1148970 1769.5
1148980 1775.3
1148990 1786.3
1149000 1786.3
1149010 1794.3
1149020 1802.1
1149030 1802.1
1149040 1809.3
1149050 1815.8
1149060 1815.8
1149070 1823.4
1149080 1832.0
1149090 1832.0
1149100 1843.8
1149110 1855.9
1149120 1855.9
1149130 1870.8
1149140 1882.3
1149150 1882.3
1149160 1891.7
1149170 1901.1
1149180 1901.1
1149190 1909.3
1149200 1916.2
1149210 1916.2
1149220 1923.1
1149230 1930.7
1149240 1930.7
1149250 1939.6
1149260 1949.0
1149270 1956.1
1149280 1956.1
1149290 1960.3
1149300 1960.8
1149310 1960.8
1149320 1962.6
1149330 1961.6
1149340 1961.6
1149350 1962.5
1149360 1962.0
1149370 1962.0
1149380 1961.1
1149390 1960.2
1149400 1960.2
1149410 1961.3
1149420 1960.6
1149430 1960.6
1149440 1960.5
1149450 1959.2
1149460 1959.2
1149470 1957.2
1149480 1953.7
1149490 1953.7
1149500 1949.4
1149510 1940.8
1149520 1940.8
1149530 1938.4
1149540 1937.3
1149550 1936.2
1149560 1936.2
1149570 1934.9
1149580 1934.8
1149590 1934.8
1149600 1934.8
1149610 1935.8
1149620 1935.8
1149630 1935.6
1149640 1933.8
1149650 1933.8
1149660 1930.7
1149670 1923.7
1149680 1923.7
1149690 1917.9
1149700 1915.2
1149710 1915.2
1149720 1911.6
1149730 1904.2
1149740 1904.2
1149750 1898.0
1149760 1894.4
1149770 1894.4
1149780 1892.7
1149790 1892.1
1149800 1892.1
1149810 1889.2
1149820 1885.3
1149830 1879.5
1149840 1879.5
1149850 1875.1
1149860 1872.3
1149870 1872.3
1149880 1868.4
1149890 1859.5
1149900 1859.5
1149910 1853.9
1149920 1848.6
1149930 1848.6
1149940 1844.9
1149950 1842.2
1149960 1842.2
1149970 1840.3
1149980 1837.5
1149990 1837.5
1150000 1832.2
1150010 1826.7
1150020 1826.7
1150030 1822.8
1150040 1820.1
1150050 1820.1
1150060 1817.1
1150070 1812.3
1150080 1812.3
1150090 1805.7
1150100 1801.7
1150110 1799.1
1150120 1799.1
1150130 1796.3
1150140 1792.0
1150150 1792.0
1150160 1786.4
1150170 1781.6
1150180 1781.6
1150190 1776.3
1150200 1771.0
1150210 1771.0
1150220 1766.2
1150230 1762.0
1150240 1762.0
1150250 1756.6
1150260 1748.3
1150270 1745.3
1150280 1736.7
1150290 1728.9
1150300 1728.9
1150310 1722.9
1150320 1715.6
1150330 1715.6
1150340 1707.9
1150350 1702.1
1150360 1697.8
1150370 1697.8
1150380 1692.8
1150390 1687.0
1150400 1687.0
1150410 1680.6
1150420 1675.8
1150430 1675.8
1150440 1670.1
1150450 1659.7
1150460 1659.7
1150470 1646.3
1150480 1636.6
1150490 1636.6
1150500 1628.9
1150510 1622.5
1150520 1622.5
1150530 1617.4
1150540 1613.0
1150550 1613.0
1150560 1608.4
1150570 1604.6
1150580 1604.6
1150590 1600.9
1150600 1597.5
1150610 1597.5
1150620 1594.9
1150630 1591.7
1150640 1587.7
1150650 1586.0
1150660 1582.3
1150670 1578.6
1150680 1578.6
1150690 1574.3
1150700 1568.5
1150710 1568.5
1150720 1568.1
1150730 1574.2
1150740 1574.2
1150750 1578.5
1150760 1583.2
1150770 1583.2
1150780 1588.1
1150790 1592.9
1150800 1592.9
1150810 1597.4
1150820 1602.3
1150830 1602.3
1150840 1607.5
1150850 1613.0
1150860 1613.0
1150870 1618.4
1150880 1622.4
1150890 1622.4
1150900 1627.0
1150910 1633.4
1150920 1645.1
1150930 1645.1
1150940 1661.9
1150950 1673.1
1150960 1673.1
1150970 1683.3
1150980 1695.9
1150990 1695.9
1151000 1705.5
1151010 1715.7
1151020 1715.7
1151030 1731.4
1151040 1740.0
1151050 1740.0
1151060 1754.1
1151070 1767.9
1151080 1767.9
1151090 1779.2
1151100 1787.7
1151110 1787.7
1151120 1793.9
1151130 1799.1
1151140 1799.1
1151150 1804.8
1151160 1810.9
1151170 1810.9
1151180 1818.4
1151190 1824.3
1151200 1829.7
1151210 1829.7
1151220 1839.9
1151230 1853.1
1151240 1853.1
1151250 1860.7
1151260 1865.0
1151270 1865.0
1151280 1871.1
1151290 1879.1
1151300 1879.1
1151310 1884.8
1151320 1886.8
1151330 1886.8
1151340 1889.5
1151350 1893.1
1151360 1893.1
1151370 1899.0
1151380 1906.0
1151390 1906.0
1151400 1912.2
1151410 1918.8
1151420 1916.3
1151430 1922.1
1151440 1927.8
1151450 1927.8
1151460 1933.1
1151470 1935.9
1151480 1935.8
1151490 1935.8
1151500 1934.0
1151510 1932.4
1151520 1932.4
1151530 1931.3
1151540 1931.4
1151550 1931.4
1151560 1931.3
1151570 1929.5
1151580 1929.5
1151590 1927.3
1151600 1929.3
1151610 1929.3
1151620 1931.5
1151630 1935.1
1151640 1935.1
1151650 1939.7
1151660 1944.9
1151670 1944.9
1151680 1951.0
1151690 1957.8
1151700 1957.8
1151710 1965.1
1151720 1975.0
1151730 1975.0
1151740 1992.8
1151750 2008.4
1151760 2021.9
1151770 2021.9
1151780 2027.9
1151790 2030.5
1151800 2025.8
1151810 2026.5
1151820 2029.9
1151830 2029.9
1151840 2035.8
1151850 2040.4
1151860 2040.4
1151870 2044.3
1151880 2044.2
1151890 2044.2
1151900 2043.2
1151910 2043.7
1151920 2043.7
1151930 2042.2
1151940 2038.0
1151950 2038.0
1151960 2033.8
1151970 2031.1
1151980 2031.1
1151990 2029.6
1152000 2030.3
1152010 2030.3
1152020 2033.2
1152030 2035.1
1152040 2039.2
1152050 2039.2
1152060 2041.7
1152070 2043.7
1152080 2043.7
1152090 2046.2
1152100 2047.7
1152110 2047.7
1152120 2049.8
1152130 2053.2
1152140 2053.2
1152150 2057.1
1152160 2060.7
1152170 2060.7
1152180 2060.9
1152190 2064.6
1152200 2064.6
1152210 2069.6
1152220 2076.4
1152230 2076.4
1152240 2081.9
1152250 2087.3
1152260 2087.3
1152270 2093.1
1152280 2100.2
1152290 2100.2
1152300 2110.2
1152310 2127.3
1152320 2138.5
1152330 2138.5
1152340 2147.5
1152350 2154.2
1152360 2154.2
1152370 2161.4
1152380 2167.5
1152390 2167.5
1152400 2173.1
1152410 2180.7
1152420 2180.7
1152430 2189.5
1152440 2200.6
1152450 2200.6
1152460 2211.2
1152470 2219.3
1152480 2219.3
1152490 2226.1
1152500 2232.0
1152510 2232.0
1152520 2236.0
1152530 2239.0
1152540 2239.0
1152550 2241.6
1152560 2243.6
1152570 2237.8
1152580 2239.8
1152590 2241.4
1152600 2243.5
1152610 2243.5
1152620 2246.4
1152630 2249.5
1152640 2249.5
1152650 2252.9
1152660 2256.9
1152670 2256.9
1152680 2261.2
1152690 2265.4
1152700 2265.4
1152710 2269.1
1152720 2273.5
1152730 2273.5
1152740 2277.7
1152750 2281.7
1152760 2281.7
1152770 2286.1
1152780 2290.6
1152790 2290.6
1152800 2295.3
1152810 2300.3
1152820 2300.3
1152830 2305.3
1152840 2309.9
1152850 2314.4
1152860 2314.4
1152870 2319.1
1152880 2324.2
1152890 2324.2
1152900 2329.5
1152910 2334.9
1152920 2334.9
1152930 2340.6
1152940 2346.1
1152950 2343.0
1152960 2348.9
1152970 2354.1
1152980 2354.1
1152990 2349.3
1153000 2333.8
1153010 2333.8
1153020 2320.5
1153030 2309.9
1153040 2309.9
1153050 2301.2
1153060 2293.7
1153070 2293.7
1153080 2285.8
1153090 2279.7
1153100 2279.7
1153110 2272.0
1153120 2265.5
1153130 2263.2
1153140 2263.2
1153150 2264.1
1153160 2264.6
1153170 2264.6
1153180 2262.0
1153190 2257.1
1153200 2257.1
1153210 2250.8
1153220 2247.5
1153230 2247.5
1153240 2247.1
1153250 2244.4
1153260 2244.4
1153270 2241.8
1153280 2244.6
1153290 2244.6
1153300 2245.6
1153310 2244.6
1153320 2244.6
1153330 2251.1
1153340 2244.2
1153350 2244.2
1153360 2234.1
1153370 2222.9
1153380 2222.9
1153390 2219.9
1153400 2223.1
1153410 2219.2
1153420 2219.2
1153430 2206.7
1153440 2195.7
1153450 2195.7
1153460 2189.1
1153470 2183.1
1153480 2183.1
1153490 2175.9
1153500 2171.5
1153510 2171.5
1153520 2166.6
1153530 2163.2
1153540 2163.2
1153550 2159.5
1153560 2155.5
1153570 2155.5
1153580 2153.0
1153590 2151.9
1153600 2151.9
1153610 2148.6
1153620 2145.3
1153630 2145.3
1153640 2143.4
1153650 2140.9
1153660 2140.9
1153670 2140.1
1153680 2137.7
1153690 2134.9
1153700 2134.9
1153710 2129.3
1153720 2135.6
1153730 2135.6
1153740 2129.7
1153750 2123.5
1153760 2123.5
1153770 2121.4
1153780 2119.3
1153790 2119.3
1153800 2117.5
1153810 2115.3
1153820 2115.3
1153830 2113.4
1153840 2111.9
1153850 2111.9
1153860 2111.0
1153870 2110.9
1153880 2110.9
1153890 2112.4
1153900 2115.5
1153910 2115.5
1153920 2117.4
1153930 2116.9
1153940 2116.9
1153950 2113.8
1153960 2108.9
1153970 2106.0
1153980 2106.0
1153990 2102.8
1154000 2101.7
1154010 2101.7
1154020 2101.8
1154030 2101.4
1154040 2101.4
1154050 2100.4
1154060 2099.7
1154070 2099.7
1154080 2094.9
1154090 2091.4
1154100 2100.0
1154110 2100.2
1154120 2100.0
1154130 2100.0
1154140 2099.6
1154150 2100.1
1154160 2100.1
1154170 2101.4
1154180 2099.0
1154190 2099.0
1154200 2097.3
1154210 2094.0
1154220 2094.0
1154230 2089.5
1154240 2086.5
1154250 2083.9
1154260 2083.9
1154270 2083.1
1154280 2081.0
1154290 2081.0
1154300 2073.0
1154310 2062.1
1154320 2062.1
1154330 2051.5
1154340 2042.1
1154350 2042.1
1154360 2032.8
1154370 2023.5
1154380 2023.5
1154390 2014.4
1154400 2005.8
1154410 2005.8
1154420 1995.6
1154430 1983.0
1154440 1983.0
1154450 1968.1
1154460 1954.8
1154470 1954.8
1154480 1946.3
1154490 1938.7
1154500 1938.7
1154510 1933.7
1154520 1928.1
1154530 1922.4
1154540 1922.4
1154550 1916.3
1154560 1910.1
1154570 1910.1
1154580 1904.0
1154590 1897.7
1154600 1897.7
1154610 1891.7
1154620 1886.3
1154630 1886.3
1154640 1881.0
1154650 1875.5
1154660 1875.5
1154670 1870.4
1154680 1866.1
1154690 1866.1
1154700 1861.4
1154710 1856.4
1154720 1856.4
1154730 1854.4
1154740 1851.8
1154750 1851.8
1154760 1846.7
1154770 1836.9
1154780 1836.9
1154790 1821.5
1154800 1810.5
1154810 1804.9
1154820 1804.9
1154830 1802.0
1154840 1800.0
1154850 1800.0
1154860 1798.8
1154870 1794.8
1154880 1806.8
1154890 1803.5
1154900 1798.1
1154910 1798.1
1154920 1797.7
1154930 1793.4
1154940 1793.4
1154950 1783.4
1154960 1772.1
1154970 1772.1
1154980 1758.8
1154990 1748.7
1155000 1748.7
1155010 1744.8
1155020 1738.4
1155030 1738.4
1155040 1730.6
1155050 1723.2
1155060 1723.2
1155070 1718.6
1155080 1714.8
1155090 1709.2
1155100 1709.2
1155110 1704.1
1155120 1699.3
1155130 1699.3
1155140 1694.7
1155150 1691.1
1155160 1691.1
1155170 1689.4
1155180 1688.0
1155190 1688.0
1155200 1687.1
1155210 1686.0
1155220 1686.0
1155230 1684.5
1155240 1682.3
1155250 1682.3
1155260 1686.3
1155270 1683.9
1155280 1683.9
1155290 1678.6
1155300 1672.3
1155310 1672.3
1155320 1670.5
1155330 1670.6
1155340 1670.7
1155350 1670.7
1155360 1669.9
1155370 1668.7
1155380 1668.7
1155390 1669.8
1155400 1672.1
1155410 1672.1
1155420 1668.4
1155430 1665.4
1155440 1665.4
1155450 1663.3
1155460 1664.1
1155470 1664.1
1155480 1664.5
1155490 1664.3
1155500 1664.3
1155510 1662.1
1155520 1661.3
1155530 1661.3
1155540 1660.9
1155550 1658.9
1155560 1658.9
1155570 1656.6
1155580 1656.0
1155590 1656.0
1155600 1656.5
1155610 1657.6
1155620 1658.5
1155630 1658.5
1155640 1657.3
1155650 1666.8
1155660 1666.8
1155670 1665.5
1155680 1664.8
1155690 1664.8
1155700 1661.6
1155710 1660.8
1155720 1660.8
1155730 1659.9
1155740 1657.5
1155750 1657.5
1155760 1655.7
1155770 1655.1
1155780 1655.1
1155790 1653.6
1155800 1653.8
1155810 1653.8
1155820 1656.0
1155830 1656.5
1155840 1656.5
1155850 1657.6
1155860 1657.8
1155870 1657.8
1155880 1656.6
1155890 1650.0
1155900 1643.6
1155910 1643.6
1155920 1634.4
1155930 1626.1
1155940 1626.1
1155950 1617.5
1155960 1608.2
1155970 1608.2
1155980 1599.3
1155990 1592.1
1156000 1592.1
1156010 1584.8
1156020 1577.0
1156030 1577.0
1156040 1570.5
1156050 1564.5
1156060 1564.5
1156070 1558.4
1156080 1552.0
1156090 1552.0
1156100 1545.8
1156110 1539.6
1156120 1539.6
1156130 1533.1
1156140 1526.5
1156150 1526.5
1156160 1519.9
1156170 1511.6
1156180 1501.2
1156190 1501.2
1156200 1498.5
1156210 1504.4
1156220 1504.4
1156230 1507.2
1156240 1505.3
1156250 1505.3
1156260 1503.0
1156270 1500.6
1156280 1500.6
1156290 1497.6
1156300 1494.5
1156310 1494.5
1156320 1491.6
1156330 1488.7
1156340 1488.7
1156350 1485.8
1156360 1481.8
1156370 1481.8
1156380 1475.8
1156390 1470.3
1156400 1470.3
1156410 1465.8
1156420 1461.6
1156430 1467.6
1156440 1465.7
1156450 1462.3
1156460 1458.1
1156470 1458.1
1156480 1454.5
1156490 1452.2
1156500 1452.2
1156510 1450.4
1156520 1448.6
1156530 1448.6
1156540 1447.3
1156550 1445.2
1156560 1445.2
1156570 1441.6
1156580 1438.3
1156590 1438.3
1156600 1434.4
1156610 1431.2
1156620 1431.2
1156630 1428.4
1156640 1427.1
1156650 1427.1
1156660 1426.1
1156670 1425.2
1156680 1425.2
1156690 1423.4
1156700 1419.1
1156710 1419.1
1156720 1415.2
1156730 1412.9
1156740 1411.2
1156750 1411.2
1156760 1409.7
1156770 1409.0
1156780 1409.0
1156790 1408.7
1156800 1409.4
1156810 1416.5
1156820 1417.9
1156830 1418.5
1156840 1418.5
1156850 1417.9
1156860 1416.3
1156870 1416.3
1156880 1412.9
1156890 1407.6
1156900 1407.6
1156910 1402.5
1156920 1398.0
1156930 1398.0
1156940 1394.3
1156950 1391.4
1156960 1391.4
1156970 1389.3
1156980 1387.0
1156990 1387.0
1157000 1384.3
1157010 1382.1
1157020 1381.1
1157030 1381.1
1157040 1379.9
1157050 1378.8
1157060 1378.8
1157070 1378.1
1157080 1377.7
1157090 1377.7
1157100 1378.5
1157110 1380.0
1157120 1380.0
1157130 1380.6
1157140 1381.2
1157150 1381.2
1157160 1380.8
1157170 1380.9
1157180 1380.9
1157190 1380.8
1157200 1376.5
1157210 1376.5
1157220 1376.0
1157230 1375.4
1157240 1375.4
1157250 1375.1
1157260 1375.0
1157270 1375.0
1157280 1374.6
1157290 1373.9
1157300 1373.3
1157310 1373.3
1157320 1373.4
1157330 1373.3
1157340 1373.3
1157350 1372.3
1157360 1371.0
1157370 1371.0
1157380 1369.6
1157390 1368.3
1157400 1368.3
1157410 1367.0
1157420 1365.3
1157430 1365.3
1157440 1363.9
1157450 1362.8
1157460 1362.8
1157470 1362.1
1157480 1361.6
1157490 1361.6
1157500 1361.6
1157510 1361.7
1157520 1361.7
1157530 1362.4
1157540 1363.8
1157550 1363.8
1157560 1364.5
1157570 1365.3
1157580 1365.9
1157590 1360.4
1157600 1361.0
1157610 1361.4
1157620 1361.4
1157630 1361.2
1157640 1360.1
1157650 1360.1
1157660 1358.9
1157670 1357.7
1157680 1357.7
1157690 1356.9
1157700 1355.8
1157710 1355.8
1157720 1352.3
1157730 1349.5
1157740 1349.5
1157750 1348.3
1157760 1347.2
1157770 1347.2
1157780 1346.6
1157790 1345.8
1157800 1345.8
1157810 1345.7
1157820 1346.1
1157830 1345.7
1157840 1345.7
1157850 1345.4
1157860 1345.1
1157870 1345.1
1157880 1345.3
1157890 1346.4
1157900 1346.4
1157910 1347.2
1157920 1348.9
1157930 1348.9
1157940 1351.9
1157950 1353.0
1157960 1353.0
1157970 1351.8
1157980 1345.4
1157990 1345.4
1158000 1344.4
1158010 1343.6
1158020 1343.6
1158030 1343.4
1158040 1343.7
1158050 1343.7
1158060 1343.7
1158070 1345.3
1158080 1345.3
1158090 1345.1
1158100 1345.0
1158110 1345.4
1158120 1345.4
1158130 1345.6
1158140 1345.9
1158150 1345.9
1158160 1346.2
1158170 1345.8
1158180 1345.8
1158190 1345.5
1158200 1345.7
1158210 1345.7
1158220 1345.9
1158230 1344.8
1158240 1344.8
1158250 1343.1
1158260 1341.8
1158270 1341.8
1158280 1340.7
1158290 1339.5
1158300 1339.5
1158310 1337.8
1158320 1335.9
1158330 1335.9
1158340 1333.8
1158350 1332.1
1158360 1332.1
1158370 1328.7
1158380 1327.4
1158390 1325.4
1158400 1325.4
1158410 1323.0
1158420 1319.6
1158430 1319.6
1158440 1318.1
1158450 1316.7
1158460 1316.7
1158470 1313.3
1158480 1310.9
1158490 1310.9
1158500 1312.0
1158510 1312.8
1158520 1312.8
1158530 1314.2
1158540 1315.3
1158550 1315.3
1158560 1314.9
1158570 1314.0
1158580 1314.0
1158590 1313.3
1158600 1313.2
1158610 1313.2
1158620 1312.3
1158630 1310.7
1158640 1310.7
1158650 1309.6
1158660 1308.9
1158670 1308.4
1158680 1308.4
1158690 1304.1
1158700 1297.5
1158710 1297.5
1158720 1292.1
1158730 1287.7
1158740 1287.7
1158750 1283.0
1158760 1286.2
1158770 1286.2
1158780 1283.4
1158790 1281.2
1158800 1281.2
1158810 1281.8
1158820 1283.6
1158830 1283.6
1158840 1284.4
1158850 1284.5
1158860 1284.5
1158870 1282.9
1158880 1280.6
1158890 1280.6
1158900 1279.3
1158910 1278.3
1158920 1278.3
1158930 1277.6
1158940 1277.7
1158950 1276.9
1158960 1276.9
1158970 1275.7
1158980 1274.3
1158990 1274.3
1159000 1273.2
1159010 1273.6
1159020 1273.6
1159030 1274.5
1159040 1275.2
1159050 1275.2
1159060 1274.6
1159070 1273.4
1159080 1273.4
1159090 1272.3
1159100 1271.4
1159110 1271.4
1159120 1270.9
1159130 1271.3
1159140 1271.3
1159150 1276.9
1159160 1277.8
1159170 1277.8
1159180 1276.4
1159190 1274.3
1159200 1274.3
1159210 1274.8
1159220 1275.8
1159230 1275.4
1159240 1275.4
1159250 1275.8
1159260 1276.4
1159270 1276.4
1159280 1276.3
1159290 1276.1
1159300 1276.1
1159310 1275.8
1159320 1275.3
1159330 1275.3
1159340 1274.6
1159350 1274.0
1159360 1274.0
1159370 1272.9
1159380 1272.0
1159390 1272.0
1159400 1271.7
1159410 1269.3
1159420 1269.3
1159430 1265.3
1159440 1261.4
1159450 1261.4
1159460 1254.0
1159470 1236.5
1159480 1236.5
1159490 1225.1
1159500 1225.6
1159510 1220.1
1159520 1220.1
1159530 1216.8
1159540 1214.7
1159550 1216.7
1159560 1217.0
1159570 1218.6
1159580 1218.6
1159590 1220.7
1159600 1218.1
1159610 1218.1
1159620 1209.7
1159630 1213.0
1159640 1213.0
1159650 1214.8
1159660 1207.8
1159670 1207.8
1159680 1203.6
1159690 1211.8
1159700 1211.8
1159710 1221.4
1159720 1222.4
1159730 1222.4
1159740 1221.2
1159750 1218.0
1159760 1218.0
1159770 1203.7
1159780 1194.7
1159790 1191.0
1159800 1191.0
1159810 1192.1
1159820 1194.6
1159830 1194.6
1159840 1191.3
1159850 1181.6
1159860 1181.6
1159870 1173.5
1159880 1172.2
1159890 1172.2
1159900 1172.7
1159910 1172.3
1159920 1172.3
1159930 1172.1
1159940 1167.3
1159950 1167.3
1159960 1165.4
1159970 1164.4
1159980 1164.4
1159990 1164.3
