1144000 1786.1
1144010 1796.2
1144020 1796.2
1144030 1789.9
1144040 1775.5
1144050 1775.5
1144060 1769.0
1144070 1778.6
1144080 1778.6
1144090 1783.7
1144100 1787.5
1144110 1787.5
1144120 1793.0
1144130 1801.1
1144140 1801.1
1144150 1809.8
1144160 1819.9
1144170 1830.0
1144180 1830.0
1144190 1841.1
1144200 1852.7
1144210 1852.7
1144220 1862.8
1144230 1868.8
1144240 1868.8
1144250 1874.3
1144260 1881.6
1144270 1881.6
1144280 1889.5
1144290 1897.5
1144300 1897.5
1144310 1906.3
1144320 1915.7
1144330 1915.7
1144340 1927.5
1144350 1945.1
1144360 1945.1
1144370 1959.7
1144380 1966.9
1144390 1980.1
1144400 1984.3
1144410 1984.7
1144420 1984.7
1144430 1983.7
1144440 1986.9
1144450 1993.5
1144460 1993.5
1144470 1999.7
1144480 2004.1
1144490 2004.1
1144500 2005.2
1144510 2005.7
1144520 2005.7
1144530 2010.2
1144540 2018.0
1144550 2018.0
1144560 2025.7
1144570 2033.7
1144580 2033.7
1144590 2041.9
1144600 2050.5
1144610 2050.5
1144620 2059.4
1144630 2069.7
1144640 2069.7
1144650 2078.2
1144660 2085.9
1144670 2085.9
1144680 2093.1
1144690 2101.2
1144700 2101.2
1144710 2110.0
1144720 2120.1
1144730 2130.5
1144740 2130.5
1144750 2148.4
1144760 2171.4
1144770 2171.4
1144780 2193.9
1144790 2208.5
1144800 2208.5
1144810 2216.2
1144820 2222.6
1144830 2222.6
1144840 2233.1
1144850 2251.1
1144860 2251.1
1144870 2272.7
1144880 2286.2
1144890 2286.2
1144900 2298.0
1144910 2308.1
1144920 2308.1
1144930 2319.8
1144940 2333.1
1144950 2333.1
1144960 2344.2
1144970 2347.9
1144980 2347.9
1144990 2347.3
1145000 2347.3
1145010 2344.9
1145020 2344.9
1145030 2340.9
1145040 2333.1
1145050 2333.1
1145060 2321.9
1145070 2313.1
1145080 2313.1
1145090 2307.6
1145100 2302.9
1145110 2302.9
1145120 2297.3
1145130 2290.0
1145140 2298.7
1145150 2294.0
1145160 2310.8
1145170 2310.8
1145180 2331.0
1145190 2352.9
1145200 2352.9
1145210 2353.7
1145220 2352.2
1145230 2352.2
1145240 2346.7
1145250 2332.0
1145260 2332.0
1145270 2320.7
1145280 2315.9
1145290 2312.2
1145300 2312.2
1145310 2308.9
1145320 2304.2
1145330 2304.2
1145340 2299.7
1145350 2299.2
1145360 2299.2
1145370 2298.4
1145380 2294.9
1145390 2294.9
1145400 2292.7
1145410 2296.7
1145420 2296.7
1145430 2306.0
1145440 2315.5
1145450 2315.5
1145460 2330.7
1145470 2349.0
1145480 2349.0
1145490 2358.6
1145500 2373.2
1145510 2388.9
1145520 2395.9
1145530 2393.8
1145540 2393.8
1145550 2390.8
1145560 2391.7
1145570 2393.9
1145580 2393.9
1145590 2397.2
1145600 2401.5
1145610 2401.5
1145620 2406.9
1145630 2412.8
1145640 2412.8
1145650 2417.9
1145660 2423.9
1145670 2423.9
1145680 2435.3
1145690 2453.8
1145700 2453.8
1145710 2464.4
1145720 2470.4
1145730 2470.4
1145740 2468.6
1145750 2465.5
1145760 2465.5
1145770 2474.6
1145780 2490.7
1145790 2490.7
1145800 2501.9
1145810 2511.3
1145820 2511.3
1145830 2519.8
1145840 2527.5
1145850 2535.7
1145860 2535.7
1145870 2543.9
1145880 2556.5
1145890 2570.9
1145900 2579.8
1145910 2574.6
1145920 2574.6
1145930 2565.4
1145940 2552.9
1145950 2552.9
1145960 2540.6
1145970 2531.8
1145980 2531.8
1145990 2526.8
1146000 2524.0
1146010 2524.0
1146020 2521.7
1146030 2517.6
1146040 2517.6
1146050 2512.8
1146060 2506.2
1146070 2506.2
1146080 2498.7
1146090 2491.2
1146100 2491.2
1146110 2480.1
1146120 2472.4
1146130 2469.2
1146140 2469.2
1146150 2464.8
1146160 2459.8
1146170 2459.8
1146180 2456.9
1146190 2454.7
1146200 2454.7
1146210 2452.3
1146220 2449.5
1146230 2449.5
1146240 2447.1
1146250 2445.0
1146260 2440.9
1146270 2439.3
1146280 2438.2
1146290 2438.2
1146300 2437.8
1146310 2438.9
1146320 2438.9
1146330 2442.4
1146340 2445.6
1146350 2445.6
1146360 2451.0
1146370 2456.9
1146380 2456.9
1146390 2460.0
1146400 2461.2
1146410 2461.2
1146420 2461.2
1146430 2459.1
1146440 2457.4
1146450 2457.4
1146460 2458.6
1146470 2460.8
1146480 2460.8
1146490 2460.1
1146500 2459.4
1146510 2459.4
1146520 2461.1
1146530 2460.1
1146540 2460.1
1146550 2460.3
1146560 2461.5
1146570 2461.5
1146580 2461.9
1146590 2461.1
1146600 2461.1
1146610 2461.0
1146620 2462.1
1146630 2462.1
1146640 2460.3
1146650 2461.1
1146660 2461.1
1146670 2459.2
1146680 2456.3
1146690 2453.4
1146700 2453.4
1146710 2450.2
1146720 2443.6
1146730 2443.6
1146740 2436.6
1146750 2430.4
1146760 2430.4
1146770 2421.5
1146780 2408.8
1146790 2408.8
1146800 2398.6
1146810 2393.7
1146820 2393.7
1146830 2387.5
1146840 2381.3
1146850 2381.3
1146860 2374.9
1146870 2368.7
1146880 2368.7
1146890 2363.7
1146900 2358.9
1146910 2358.9
1146920 2351.6
1146930 2344.1
1146940 2344.1
1146950 2339.7
1146960 2335.0
1146970 2331.1
1146980 2331.1
1146990 2327.8
1147000 2325.9
1147010 2325.9
1147020 2329.7
1147030 2329.8
1147040 2329.8
1147050 2328.9
1147060 2327.9
1147070 2327.9
1147080 2326.6
1147090 2323.5
1147100 2323.5
1147110 2320.3
1147120 2316.2
1147130 2316.2
1147140 2313.1
1147150 2309.5
1147160 2309.5
1147170 2304.4
1147180 2295.3
1147190 2295.3
1147200 2287.5
1147210 2282.5
1147220 2282.5
1147230 2279.5
1147240 2275.3
1147250 2270.9
1147260 2270.9
1147270 2268.3
1147280 2268.2
1147290 2268.2
1147300 2265.7
1147310 2263.2
1147320 2263.2
1147330 2262.2
1147340 2260.5
1147350 2260.5
1147360 2255.1
1147370 2247.7
1147380 2247.7
1147390 2241.6
1147400 2240.7
1147410 2240.7
1147420 2235.4
1147430 2230.4
1147440 2230.4
1147450 2225.6
1147460 2223.1
1147470 2223.1
1147480 2223.3
1147490 2221.5
1147500 2218.8
1147510 2218.8
1147520 2216.0
1147530 2213.1
1147540 2213.1
1147550 2209.4
1147560 2207.4
1147570 2207.4
1147580 2206.9
1147590 2206.8
1147600 2206.8
1147610 2206.9
1147620 2208.6
1147630 2208.6
1147640 2211.9
1147650 2211.4
1147660 2211.4
1147670 2206.6
1147680 2201.0
1147690 2201.0
1147700 2196.8
1147710 2193.9
1147720 2193.9
1147730 2191.3
1147740 2190.0
1147750 2190.0
1147760 2188.4
1147770 2190.1
1147780 2186.8
1147790 2186.8
1147800 2183.8
1147810 2178.0
1147820 2178.0
1147830 2170.1
1147840 2160.8
1147850 2160.8
1147860 2153.0
1147870 2147.5
1147880 2147.5
1147890 2141.5
1147900 2139.4
1147910 2139.4
1147920 2137.8
1147930 2134.9
1147940 2134.9
1147950 2132.1
1147960 2130.4
1147970 2130.4
1147980 2127.7
1147990 2124.4
1148000 2124.4
1148010 2120.1
1148020 2114.9
1148030 2114.9
1148040 2105.6
1148050 2094.2
1148060 2082.8
1148070 2082.8
1148080 2072.7
1148090 2065.4
1148100 2065.4
1148110 2060.6
1148120 2058.4
1148130 2058.4
1148140 2053.3
1148150 2042.5
1148160 2042.5
1148170 2033.4
1148180 2027.2
1148190 2027.2
1148200 2021.5
1148210 2015.5
1148220 2015.5
1148230 2007.8
1148240 1999.3
1148250 1999.3
1148260 1992.7
1148270 1988.8
1148280 1988.8
1148290 1984.3
1148300 1983.2
1148310 1983.2
1148320 1983.1
1148330 1981.8
1148340 1979.0
1148350 1979.0
1148360 1975.7
1148370 1970.9
1148380 1970.9
1148390 1964.4
1148400 1961.7
1148410 1961.7
1148420 1958.7
1148430 1950.1
1148440 1950.1
1148450 1941.5
1148460 1937.4
1148470 1937.4
1148480 1931.4
1148490 1925.6
1148500 1925.6
1148510 1922.4
1148520 1918.3
1148530 1914.0
1148540 1907.3
1148550 1903.4
1148560 1903.4
1148570 1898.4
1148580 1888.5
1148590 1888.5
1148600 1882.2
1148610 1875.7
1148620 1869.3
1148630 1869.3
1148640 1865.7
1148650 1862.9
1148660 1862.9
1148670 1860.5
1148680 1858.9
1148690 1858.9
1148700 1857.8
1148710 1856.7
1148720 1856.7
1148730 1855.8
1148740 1857.6
1148750 1857.6
1148760 1858.4
1148770 1856.9
1148780 1856.9
1148790 1855.4
1148800 1852.5
1148810 1852.5
1148820 1852.3
1148830 1857.3
1148840 1857.3
1148850 1865.4
1148860 1876.8
1148870 1876.8
1148880 1881.7
1148890 1880.2
1148900 1882.7
1148910 1875.9
1148920 1879.2
1148930 1883.4
1148940 1883.4
1148950 1885.9
1148960 1887.2
1148970 1887.2
1148980 1893.2
1148990 1898.5
1149000 1898.5
1149010 1902.9
1149020 1911.0
1149030 1911.0
1149040 1919.9
1149050 1929.8
1149060 1929.8
1149070 1939.4
1149080 1948.8
1149090 1948.8
1149100 1957.2
1149110 1966.2
1149120 1966.2
1149130 1974.3
1149140 1982.3
1149150 1982.3
1149160 1988.8
1149170 1996.3
1149180 2005.4
1149190 2005.4
1149200 2019.9
1149210 2035.2
1149220 2035.2
1149230 2047.2
1149240 2061.9
1149250 2061.9
1149260 2066.8
1149270 2069.8
1149280 2069.8
1149290 2072.6
1149300 2072.9
1149310 2072.9
1149320 2073.4
1149330 2071.8
1149340 2071.8
1149350 2071.0
1149360 2069.9
1149370 2069.9
1149380 2068.2
1149390 2068.2
1149400 2068.2
1149410 2067.7
1149420 2067.6
1149430 2067.6
1149440 2066.6
1149450 2065.5
1149460 2063.9
1149470 2063.9
1149480 2061.5
1149490 2060.2
1149500 2060.2
1149510 2059.3
1149520 2058.8
1149530 2058.8
1149540 2060.4
1149550 2060.9
1149560 2060.9
1149570 2061.6
1149580 2060.4
1149590 2060.4
1149600 2057.6
1149610 2056.0
1149620 2056.0
1149630 2053.8
1149640 2049.2
1149650 2049.2
1149660 2045.1
1149670 2038.5
1149680 2038.5
1149690 2033.1
1149700 2025.9
1149710 2025.9
1149720 2019.2
1149730 2013.6
1149740 2010.7
1149750 2010.7
1149760 2010.2
1149770 2007.3
1149780 2007.3
1149790 2001.6
1149800 1994.6
1149810 1994.6
1149820 1987.1
1149830 1976.7
1149840 1976.7
1149850 1968.2
1149860 1957.4
1149870 1957.4
1149880 1947.6
1149890 1940.6
1149900 1940.6
1149910 1934.1
1149920 1928.0
1149930 1928.0
1149940 1921.9
1149950 1915.9
1149960 1915.9
1149970 1910.0
1149980 1901.9
1149990 1901.9
1150000 1893.3
1150010 1884.1
1150020 1876.8
1150030 1876.8
1150040 1871.1
1150050 1860.2
1150060 1860.2
1150070 1851.4
1150080 1843.9
1150090 1843.9
1150100 1837.3
1150110 1830.7
1150120 1830.7
1150130 1822.6
1150140 1816.0
1150150 1816.0
1150160 1810.5
1150170 1806.3
1150180 1806.3
1150190 1802.3
1150200 1797.4
1150210 1797.4
1150220 1792.2
1150230 1787.2
1150240 1787.2
1150250 1780.3
1150260 1772.7
1150270 1772.7
1150280 1766.5
1150290 1760.2
1150300 1750.8
1150310 1750.8
1150320 1741.7
1150330 1733.0
1150340 1733.0
1150350 1724.8
1150360 1718.2
1150370 1718.2
1150380 1713.7
1150390 1708.5
1150400 1708.5
1150410 1703.3
1150420 1698.3
1150430 1695.2
1150440 1690.5
1150450 1685.5
1150460 1685.5
1150470 1680.8
1150480 1676.5
1150490 1676.5
1150500 1672.8
1150510 1669.6
1150520 1669.6
1150530 1666.7
1150540 1663.1
1150550 1663.1
1150560 1660.4
1150570 1659.4
1150580 1653.6
1150590 1653.6
1150600 1647.0
1150610 1647.3
1150620 1647.3
1150630 1649.0
1150640 1646.8
1150650 1646.8
1150660 1638.0
1150670 1633.5
1150680 1633.5
1150690 1644.5
1150700 1648.8
1150710 1648.8
1150720 1650.7
1150730 1653.4
1150740 1653.4
1150750 1656.5
1150760 1659.1
1150770 1659.1
1150780 1661.6
1150790 1665.1
1150800 1665.1
1150810 1665.2
1150820 1671.5
1150830 1671.5
1150840 1677.4
1150850 1690.7
1150860 1715.0
1150870 1715.0
1150880 1727.8
1150890 1736.6
1150900 1736.6
1150910 1739.1
1150920 1738.1
1150930 1738.1
1150940 1738.8
1150950 1741.3
1150960 1741.3
1150970 1750.9
1150980 1767.5
1150990 1767.5
1151000 1780.6
1151010 1794.1
1151020 1794.1
1151030 1801.9
1151040 1809.8
1151050 1809.8
1151060 1821.7
1151070 1834.5
1151080 1834.5
1151090 1844.1
1151100 1849.6
1151110 1854.9
1151120 1854.9
1151130 1860.8
1151140 1866.5
1151150 1866.5
1151160 1871.6
1151170 1877.3
1151180 1877.3
1151190 1882.2
1151200 1888.8
1151210 1888.8
1151220 1896.1
1151230 1905.3
1151240 1905.3
1151250 1916.7
1151260 1925.3
1151270 1925.3
1151280 1941.2
1151290 1953.8
1151300 1953.8
1151310 1959.4
1151320 1962.1
1151330 1962.1
1151340 1966.5
1151350 1972.4
1151360 1972.4
1151370 1977.6
1151380 1983.4
1151390 1989.1
1151400 1989.1
1151410 1992.4
1151420 1996.1
1151430 1996.1
1151440 2001.3
1151450 2005.4
1151460 2005.4
1151470 2008.3
1151480 2010.6
1151490 2010.6
1151500 2012.0
1151510 2013.1
1151520 2013.1
1151530 2013.9
1151540 2016.0
1151550 2016.0
1151560 2020.0
1151570 2024.7
1151580 2020.0
1151590 2023.7
1151600 2028.7
1151610 2028.7
1151620 2034.8
1151630 2036.4
1151640 2036.4
1151650 2038.4
1151660 2040.1
1151670 2041.3
1151680 2041.3
1151690 2043.6
1151700 2044.7
1151710 2044.7
1151720 2045.9
1151730 2041.1
1151740 2041.1
1151750 2032.3
1151760 2027.0
1151770 2027.0
1151780 2022.3
1151790 2017.7
1151800 2017.7
1151810 2014.7
1151820 2011.3
1151830 2011.3
1151840 2009.0
1151850 2009.9
1151860 2009.9
1151870 2013.0
1151880 2016.6
1151890 2016.6
1151900 2020.6
1151910 2025.6
1151920 2025.6
1151930 2030.7
1151940 2035.0
1151950 2039.5
1151960 2036.3
1151970 2041.0
1151980 2046.3
1151990 2046.3
1152000 2051.9
1152010 2057.7
1152020 2057.7
1152030 2063.7
1152040 2070.5
1152050 2070.5
1152060 2080.6
1152070 2096.4
1152080 2096.4
1152090 2110.1
1152100 2128.5
1152110 2128.5
1152120 2143.2
1152130 2157.0
1152140 2157.0
1152150 2165.2
1152160 2174.1
1152170 2174.1
1152180 2182.9
1152190 2189.6
1152200 2189.6
1152210 2195.5
1152220 2200.8
1152230 2205.1
1152240 2205.1
1152250 2206.8
1152260 2208.7
1152270 2208.7
1152280 2214.2
1152290 2218.2
1152300 2218.2
1152310 2221.8
1152320 2225.5
1152330 2225.5
1152340 2224.4
1152350 2228.7
1152360 2228.7
1152370 2233.4
1152380 2237.4
1152390 2237.4
1152400 2243.5
1152410 2251.9
1152420 2251.9
1152430 2260.0
1152440 2268.3
1152450 2268.3
1152460 2274.0
1152470 2276.7
1152480 2276.7
1152490 2279.4
1152500 2282.3
1152510 2285.1
1152520 2285.1
1152530 2288.0
1152540 2291.4
1152550 2291.4
1152560 2295.7
1152570 2300.4
1152580 2300.4
1152590 2304.0
1152600 2302.9
1152610 2302.9
1152620 2295.8
1152630 2288.1
1152640 2288.1
1152650 2281.0
1152660 2274.8
1152670 2274.8
1152680 2268.6
1152690 2262.8
1152700 2262.8
1152710 2256.8
1152720 2250.6
1152730 2250.0
1152740 2245.1
1152750 2240.2
1152760 2240.2
1152770 2235.6
1152780 2231.5
1152790 2227.4
1152800 2227.4
1152810 2223.0
1152820 2218.7
1152830 2218.7
1152840 2214.6
1152850 2210.6
1152860 2210.6
1152870 2206.8
1152880 2202.4
1152890 2202.4
1152900 2197.4
1152910 2192.3
1152920 2192.3
1152930 2186.5
1152940 2180.8
1152950 2180.8
1152960 2175.7
1152970 2171.5
1152980 2171.5
1152990 2168.6
1153000 2165.8
1153010 2165.8
1153020 2162.7
1153030 2159.9
1153040 2159.9
1153050 2156.1
1153060 2152.7
1153070 2151.7
1153080 2151.7
1153090 2151.0
1153100 2148.1
1153110 2149.2
1153120 2143.1
1153130 2132.3
1153140 2132.3
1153150 2123.6
1153160 2118.3
1153170 2118.3
1153180 2114.3
1153190 2112.0
1153200 2112.0
1153210 2110.4
1153220 2108.4
1153230 2108.4
1153240 2107.2
1153250 2106.0
1153260 2106.0
1153270 2104.3
1153280 2103.5
1153290 2103.5
1153300 2103.2
1153310 2101.8
1153320 2101.8
1153330 2100.1
1153340 2097.8
1153350 2094.2
1153360 2094.2
1153370 2088.7
1153380 2083.6
1153390 2083.6
1153400 2079.3
1153410 2076.4
1153420 2076.4
1153430 2073.8
1153440 2070.5
1153450 2070.5
1153460 2067.3
1153470 2065.9
1153480 2065.9
1153490 2058.2
1153500 2055.9
1153510 2055.9
1153520 2052.8
1153530 2049.7
1153540 2049.7
1153550 2047.0
1153560 2046.5
1153570 2046.5
1153580 2045.9
1153590 2044.1
1153600 2044.1
1153610 2042.3
1153620 2038.9
1153630 2034.4
1153640 2034.4
1153650 2031.8
1153660 2029.8
1153670 2029.8
1153680 2027.7
1153690 2025.0
1153700 2025.0
1153710 2022.6
1153720 2018.1
1153730 2018.1
1153740 2013.9
1153750 2011.1
1153760 2011.1
1153770 2007.7
1153780 2004.7
1153790 2004.7
1153800 2002.0
1153810 1998.5
1153820 1998.5
1153830 1994.7
1153840 1991.3
1153850 1991.3
1153860 1987.9
1153870 1984.2
1153880 1979.7
1153890 1975.6
1153900 1972.2
1153910 1969.1
1153920 1969.1
1153930 1966.0
1153940 1963.8
1153950 1963.8
1153960 1960.8
1153970 1958.3
1153980 1958.3
1153990 1956.8
1154000 1954.9
1154010 1954.9
1154020 1952.2
1154030 1950.1
1154040 1950.1
1154050 1948.8
1154060 1947.2
1154070 1947.2
1154080 1944.5
1154090 1940.8
1154100 1940.8
1154110 1936.9
1154120 1933.9
1154130 1933.9
1154140 1930.6
1154150 1927.0
1154160 1927.0
1154170 1922.9
1154180 1919.2
1154190 1916.2
1154200 1916.2
1154210 1913.7
1154220 1911.6
1154230 1911.6
1154240 1908.7
1154250 1904.9
1154260 1904.9
1154270 1896.3
1154280 1892.3
1154290 1892.3
1154300 1887.9
1154310 1883.3
1154320 1883.3
1154330 1878.9
1154340 1874.7
1154350 1874.7
1154360 1870.9
1154370 1867.7
1154380 1867.7
1154390 1864.3
1154400 1860.2
1154410 1860.2
1154420 1855.8
1154430 1851.7
1154440 1848.1
1154450 1848.1
1154460 1845.0
1154470 1841.9
1154480 1841.9
1154490 1838.3
1154500 1834.7
1154510 1834.7
1154520 1831.1
1154530 1827.6
1154540 1827.6
1154550 1824.0
1154560 1820.7
1154570 1820.7
1154580 1816.8
1154590 1813.2
1154600 1813.2
1154610 1809.9
1154620 1807.4
1154630 1807.4
1154640 1804.5
1154650 1798.2
1154660 1798.2
1154670 1794.3
1154680 1790.7
1154690 1790.7
1154700 1788.0
1154710 1785.9
1154720 1784.1
1154730 1784.1
1154740 1783.1
1154750 1782.8
1154760 1782.8
1154770 1782.5
1154780 1782.3
1154790 1782.3
1154800 1782.1
1154810 1782.5
1154820 1782.5
1154830 1783.3
1154840 1783.7
1154850 1783.7
1154860 1783.4
1154870 1781.5
1154880 1781.5
1154890 1778.0
1154900 1773.5
1154910 1773.5
1154920 1769.7
1154930 1766.7
1154940 1766.7
1154950 1763.5
1154960 1758.4
1154970 1758.4
1154980 1751.3
1154990 1743.5
1155000 1733.8
1155010 1733.8
1155020 1723.3
1155030 1715.1
1155040 1715.4
1155050 1707.8
1155060 1701.2
1155070 1701.2
1155080 1694.2
1155090 1687.1
1155100 1687.1
1155110 1680.4
1155120 1673.7
1155130 1673.7
1155140 1667.3
1155150 1660.5
1155160 1660.5
1155170 1654.1
1155180 1647.7
1155190 1647.7
1155200 1641.4
1155210 1634.9
1155220 1634.9
1155230 1628.9
1155240 1623.2
1155250 1623.2
1155260 1618.0
1155270 1613.2
1155280 1608.3
1155290 1608.3
1155300 1603.6
1155310 1598.4
1155320 1598.4
1155330 1594.2
1155340 1590.2
1155350 1590.2
1155360 1586.7
1155370 1584.3
1155380 1584.3
1155390 1580.4
1155400 1578.2
1155410 1578.2
1155420 1572.1
1155430 1569.9
1155440 1569.9
1155450 1564.4
1155460 1560.3
1155470 1560.3
1155480 1561.2
1155490 1561.9
1155500 1561.9
1155510 1561.1
1155520 1560.0
1155530 1560.0
1155540 1558.3
1155550 1556.7
1155560 1555.1
1155570 1555.1
1155580 1553.0
1155590 1550.3
1155600 1550.3
1155610 1547.8
1155620 1545.1
1155630 1545.1
1155640 1543.2
1155650 1541.9
1155660 1541.9
1155670 1540.6
1155680 1539.2
1155690 1539.2
1155700 1537.5
1155710 1535.5
1155720 1535.5
1155730 1534.3
1155740 1533.3
1155750 1533.3
1155760 1531.9
1155770 1530.4
1155780 1530.4
1155790 1529.1
1155800 1528.7
1155810 1523.0
1155820 1521.6
1155830 1519.0
1155840 1518.0
1155850 1518.0
1155860 1516.8
1155870 1514.6
1155880 1514.6
1155890 1512.6
1155900 1509.1
1155910 1509.1
1155920 1505.1
1155930 1501.3
1155940 1501.3
1155950 1496.9
1155960 1491.6
1155970 1491.6
1155980 1489.0
1155990 1487.5
1156000 1487.5
1156010 1486.2
1156020 1485.5
1156030 1485.5
1156040 1485.7
1156050 1484.7
1156060 1484.7
1156070 1484.1
1156080 1482.7
1156090 1482.7
1156100 1480.3
1156110 1477.8
1156120 1475.3
1156130 1475.3
1156140 1476.4
1156150 1481.8
1156160 1481.8
1156170 1486.7
1156180 1489.7
1156190 1489.7
1156200 1484.9
1156210 1482.2
1156220 1482.2
1156230 1482.3
1156240 1486.7
1156250 1486.7
1156260 1494.2
1156270 1500.1
1156280 1500.1
1156290 1501.7
1156300 1500.6
1156310 1500.6
1156320 1497.7
1156330 1495.6
1156340 1495.6
1156350 1493.9
1156360 1492.1
1156370 1492.1
1156380 1490.8
1156390 1490.2
1156400 1488.1
1156410 1488.1
1156420 1487.8
1156430 1486.5
1156440 1486.5
1156450 1482.0
1156460 1477.5
1156470 1477.5
1156480 1474.7
1156490 1473.3
1156500 1473.3
1156510 1471.8
1156520 1469.4
1156530 1469.4
1156540 1466.3
1156550 1463.8
1156560 1463.8
1156570 1462.9
1156580 1462.1
1156590 1455.7
1156600 1454.8
1156610 1453.5
1156620 1453.5
1156630 1452.5
1156640 1451.6
1156650 1451.6
1156660 1452.0
1156670 1452.7
1156680 1453.7
1156690 1453.7
1156700 1454.9
1156710 1456.4
1156720 1456.4
1156730 1458.0
1156740 1459.7
1156750 1459.7
1156760 1460.9
1156770 1462.5
1156780 1462.5
1156790 1465.4
1156800 1467.9
1156810 1467.9
1156820 1471.8
1156830 1476.1
1156840 1476.1
1156850 1479.6
1156860 1484.2
1156870 1484.2
1156880 1488.0
1156890 1492.4
1156900 1492.4
1156910 1496.9
1156920 1500.8
1156930 1500.8
1156940 1503.6
1156950 1506.9
1156960 1510.6
1156970 1510.6
1156980 1506.7
1156990 1507.5
1157000 1507.5
1157010 1504.4
1157020 1506.1
1157030 1506.1
1157040 1505.5
1157050 1506.4
1157060 1506.4
1157070 1506.7
1157080 1506.2
1157090 1506.2
1157100 1507.5
1157110 1509.1
1157120 1509.1
1157130 1509.3
1157140 1506.4
1157150 1506.4
1157160 1503.5
1157170 1503.9
1157180 1503.9
1157190 1505.1
1157200 1504.9
1157210 1504.9
1157220 1501.1
1157230 1497.2
1157240 1496.9
1157250 1496.9
1157260 1494.7
1157270 1491.0
1157280 1491.0
1157290 1488.2
1157300 1486.4
1157310 1486.4
1157320 1481.5
1157330 1476.4
1157340 1476.4
1157350 1473.0
1157360 1472.4
1157370 1462.0
1157380 1459.7
1157390 1456.1
1157400 1456.1
1157410 1452.7
1157420 1450.5
1157430 1450.5
1157440 1447.6
1157450 1448.3
1157460 1448.3
1157470 1448.9
1157480 1448.5
1157490 1446.7
1157500 1446.7
1157510 1444.4
1157520 1440.7
1157530 1440.7
1157540 1438.1
1157550 1437.3
1157560 1437.3
1157570 1435.6
1157580 1435.0
1157590 1435.0
1157600 1434.9
1157610 1434.7
1157620 1434.7
1157630 1433.9
1157640 1432.9
1157650 1432.9
1157660 1432.6
1157670 1432.6
1157680 1432.6
1157690 1431.6
1157700 1429.5
1157710 1429.5
1157720 1427.7
1157730 1425.4
1157740 1425.4
1157750 1424.1
1157760 1419.2
1157770 1420.8
1157780 1420.8
1157790 1422.0
1157800 1422.6
1157810 1422.6
1157820 1423.7
1157830 1423.7
1157840 1423.7
1157850 1424.3
1157860 1426.2
1157870 1426.2
1157880 1427.5
1157890 1427.6
1157900 1427.6
1157910 1427.3
1157920 1427.3
1157930 1427.3
1157940 1428.7
1157950 1431.3
1157960 1431.3
1157970 1434.5
1157980 1437.7
1157990 1437.7
1158000 1440.9
1158010 1443.6
1158020 1443.6
1158030 1445.3
1158040 1446.5
1158050 1447.7
1158060 1447.7
1158070 1449.2
1158080 1451.9
1158090 1451.9
1158100 1454.4
1158110 1456.4
1158120 1456.4
1158130 1457.7
1158140 1457.9
1158150 1453.1
1158160 1452.3
1158170 1452.1
1158180 1452.1
1158190 1451.3
1158200 1450.8
1158210 1450.8
1158220 1450.8
1158230 1451.0
1158240 1451.0
1158250 1450.8
1158260 1451.1
1158270 1451.1
1158280 1452.4
1158290 1454.3
1158300 1454.3
1158310 1455.2
1158320 1455.0
1158330 1454.7
1158340 1454.7
1158350 1455.9
1158360 1458.0
1158370 1458.0
1158380 1459.5
1158390 1460.0
1158400 1460.0
1158410 1459.4
1158420 1458.9
1158430 1458.9
1158440 1457.9
1158450 1457.7
1158460 1457.7
1158470 1457.3
1158480 1456.1
1158490 1456.1
1158500 1455.4
1158510 1455.5
1158520 1455.5
1158530 1456.0
1158540 1446.4
1158550 1446.4
1158560 1444.8
1158570 1442.8
1158580 1442.8
1158590 1443.1
1158600 1440.8
1158610 1438.6
1158620 1438.6
1158630 1437.2
1158640 1436.2
1158650 1436.2
1158660 1436.4
1158670 1437.3
1158680 1437.3
1158690 1436.2
1158700 1434.5
1158710 1434.5
1158720 1431.7
1158730 1429.2
1158740 1429.2
1158750 1427.8
1158760 1425.8
1158770 1425.8
1158780 1424.8
1158790 1423.2
1158800 1423.2
1158810 1423.9
1158820 1421.9
1158830 1421.9
1158840 1419.4
1158850 1418.5
1158860 1418.5
1158870 1417.3
1158880 1414.1
1158890 1412.1
1158900 1412.1
1158910 1411.2
1158920 1410.1
1158930 1403.2
1158940 1401.1
1158950 1395.8
1158960 1395.8
1158970 1388.0
1158980 1383.3
1158990 1383.3
1159000 1382.7
1159010 1380.2
1159020 1380.2
1159030 1374.6
1159040 1376.4
1159050 1376.4
1159060 1377.6
1159070 1383.1
1159080 1383.1
1159090 1388.1
1159100 1380.6
1159110 1380.6
1159120 1377.7
1159130 1377.0
1159140 1377.0
1159150 1375.3
1159160 1374.8
1159170 1373.7
1159180 1373.7
1159190 1371.1
1159200 1369.3
1159210 1369.3
1159220 1367.1
1159230 1365.6
1159240 1365.6
1159250 1365.8
1159260 1367.0
1159270 1367.0
1159280 1363.9
1159290 1356.5
1159300 1356.5
1159310 1349.4
1159320 1343.2
1159330 1343.2
1159340 1336.6
1159350 1330.7
1159360 1330.7
1159370 1325.7
1159380 1320.8
1159390 1320.8
1159400 1317.8
1159410 1316.4
1159420 1316.4
1159430 1316.0
1159440 1315.3
1159450 1311.6
1159460 1311.6
1159470 1306.7
1159480 1299.9
1159490 1299.9
1159500 1292.6
1159510 1286.4
1159520 1286.4
1159530 1281.0
1159540 1278.4
1159550 1278.4
1159560 1281.6
1159570 1286.0
1159580 1286.0
1159590 1290.4
1159600 1294.9
1159610 1294.9
1159620 1299.3
1159630 1304.8
1159640 1304.8
1159650 1309.7
1159660 1315.5
1159670 1315.5
1159680 1322.1
1159690 1329.7
1159700 1329.7
1159710 1333.5
1159720 1336.8
1159730 1335.9
1159740 1335.9
1159750 1337.2
1159760 1339.1
1159770 1339.1
1159780 1336.0
1159790 1331.2
1159800 1331.2
1159810 1325.7
1159820 1322.8
1159830 1322.8
1159840 1322.5
1159850 1322.3
1159860 1322.3
1159870 1321.0
1159880 1319.5
1159890 1319.5
1159900 1318.9
1159910 1319.1
1159920 1319.1
1159930 1319.8
1159940 1320.2
1159950 1320.2
1159960 1320.8
1159970 1321.4
1159980 1321.4
1159990 1321.7
