1142080 1989.3
1142090 1989.3
1142100 1992.6
1142110 1996.6
1142120 1996.6
1142130 2001.7
1142140 2006.4
1142150 2006.4
1142160 2011.3
1142170 2015.4
1142180 2015.4
1142190 2019.4
1142200 2023.8
1142210 2028.5
1142220 2028.5
1142230 2033.3
1142240 2037.1
1142250 2037.1
1142260 2041.0
1142270 2045.7
1142280 2045.7
1142290 2049.8
1142300 2054.0
1142310 2054.0
1142320 2058.2
1142330 2062.7
1142340 2062.7
1142350 2067.1
1142360 2071.9
1142370 2071.9
1142380 2076.3
1142390 2084.4
1142400 2084.4
1142410 2088.5
1142420 2092.4
1142430 2092.4
1142440 2096.1
1142450 2100.0
1142460 2100.0
1142470 2103.9
1142480 2108.1
1142490 2112.6
1142500 2112.6
1142510 2117.0
1142520 2121.4
1142530 2121.4
1142540 2125.6
1142550 2129.2
1142560 2129.2
1142570 2132.2
1142580 2133.2
1142590 2133.2
1142600 2126.9
1142610 2117.2
1142620 2117.2
1142630 2107.2
1142640 2097.1
1142650 2097.1
1142660 2086.2
1142670 2073.9
1142680 2073.9
1142690 2061.7
1142700 2051.0
1142710 2051.0
1142720 2042.0
1142730 2033.9
1142740 2033.9
1142750 2026.0
1142760 2020.7
1142770 2013.9
1142780 2013.9
1142790 2007.1
1142800 2000.1
1142810 2000.1
1142820 1993.4
1142830 1987.3
1142840 1987.3
1142850 1981.7
1142860 1975.8
1142870 1975.8
1142880 1969.5
1142890 1962.6
1142900 1962.6
1142910 1955.2
1142920 1947.9
1142930 1947.9
1142940 1941.4
1142950 1934.1
1142960 1934.1
1142970 1924.8
1142980 1915.2
1142990 1915.2
1143000 1906.5
1143010 1899.6
1143020 1896.0
1143030 1896.0
1143040 1893.9
1143050 1891.6
1143060 1891.6
1143070 1888.7
1143080 1884.7
1143090 1884.7
1143100 1880.0
1143110 1875.1
1143120 1875.1
1143130 1868.8
1143140 1863.8
1143150 1863.8
1143160 1854.1
1143170 1841.6
1143180 1841.6
1143190 1831.5
1143200 1822.9
1143210 1822.9
1143220 1813.3
1143230 1803.1
1143240 1803.1
1143250 1790.3
1143260 1776.9
1143270 1776.9
1143280 1766.5
1143290 1756.7
1143300 1744.3
1143310 1744.3
1143320 1730.3
1143330 1717.4
1143340 1717.4
1143350 1704.9
1143360 1694.4
1143370 1694.4
1143380 1689.3
1143390 1684.5
1143400 1684.5
1143410 1679.2
1143420 1675.2
1143430 1675.2
1143440 1672.4
1143450 1669.4
1143460 1669.4
1143470 1664.9
1143480 1662.4
1143490 1662.4
1143500 1661.0
1143510 1665.3
1143520 1665.3
1143530 1670.1
1143540 1673.8
1143550 1673.8
1143560 1677.1
1143570 1680.5
1143580 1683.4
1143590 1683.4
1143600 1688.2
1143610 1694.2
1143620 1694.2
1143630 1700.3
1143640 1706.4
1143650 1706.4
1143660 1714.8
1143670 1730.6
1143680 1730.6
1143690 1747.9
1143700 1757.4
1143710 1757.4
1143720 1760.6
1143730 1768.0
1143740 1768.0
1143750 1781.2
1143760 1797.3
1143770 1797.3
1143780 1808.4
1143790 1819.7
1143800 1819.7
1143810 1826.8
1143820 1833.8
1143830 1833.8
1143840 1839.5
1143850 1843.8
1143860 1847.3
1143870 1847.3
1143880 1854.4
1143890 1858.0
1143900 1858.0
1143910 1861.7
1143920 1865.3
1143930 1865.3
1143940 1870.1
1143950 1874.0
1143960 1874.0
1143970 1877.8
1143980 1881.3
1143990 1881.3
1144000 1885.4
1144010 1889.7
1144020 1889.7
1144030 1894.2
1144040 1899.1
1144050 1899.1
1144060 1903.9
1144070 1908.4
1144080 1908.4
1144090 1912.7
1144100 1917.1
1144110 1917.1
1144120 1921.8
1144130 1926.7
1144140 1931.6
1144150 1931.6
1144160 1936.6
1144170 1941.5
1144180 1941.5
1144190 1946.6
1144200 1952.2
1144210 1952.2
1144220 1957.4
1144230 1961.4
1144240 1961.4
1144250 1972.0
1144260 1976.0
1144270 1976.0
1144280 1980.1
1144290 1986.0
1144300 1986.0
1144310 1991.6
1144320 1996.8
1144330 1996.8
1144340 2001.5
1144350 2006.2
1144360 2006.2
1144370 2011.2
1144380 2016.1
1144390 2016.1
1144400 2020.6
1144410 2024.4
1144420 2027.6
1144430 2027.6
1144440 2031.0
1144450 2036.7
1144460 2036.7
1144470 2042.8
1144480 2046.3
1144490 2046.3
1144500 2049.1
1144510 2050.9
1144520 2050.9
1144530 2053.3
1144540 2056.5
1144550 2056.5
1144560 2060.2
1144570 2064.5
1144580 2064.5
1144590 2068.7
1144600 2072.8
1144610 2072.8
1144620 2076.4
1144630 2083.5
1144640 2083.5
1144650 2086.9
1144660 2090.4
1144670 2090.4
1144680 2093.4
1144690 2095.9
1144700 2098.7
1144710 2098.7
1144720 2101.8
1144730 2105.7
1144740 2105.7
1144750 2109.5
1144760 2113.8
1144770 2113.8
1144780 2117.6
1144790 2120.5
1144800 2120.5
1144810 2125.3
1144820 2131.1
1144830 2131.1
1144840 2137.5
1144850 2144.1
1144860 2144.1
1144870 2150.4
1144880 2156.7
1144890 2156.7
1144900 2161.9
1144910 2166.8
1144920 2166.8
1144930 2172.2
1144940 2178.0
1144950 2178.0
1144960 2184.1
1144970 2190.2
1144980 2195.5
1144990 2195.5
1145000 2201.2
1145010 2206.2
1145020 2206.2
1145030 2211.0
1145040 2215.1
1145050 2215.1
1145060 2218.7
1145070 2222.7
1145080 2222.7
1145090 2226.8
1145100 2232.3
1145110 2232.3
1145120 2237.8
1145130 2241.1
1145140 2241.1
1145150 2243.2
1145160 2245.2
1145170 2245.2
1145180 2246.8
1145190 2249.5
1145200 2249.5
1145210 2253.0
1145220 2258.0
1145230 2258.0
1145240 2263.3
1145250 2267.9
1145260 2272.8
1145270 2272.8
1145280 2277.8
1145290 2283.2
1145300 2283.2
1145310 2288.5
1145320 2293.7
1145330 2293.7
1145340 2299.0
1145350 2304.6
1145360 2304.6
1145370 2310.6
1145380 2315.8
1145390 2315.8
1145400 2321.9
1145410 2328.4
1145420 2328.4
1145430 2334.7
1145440 2341.0
1145450 2341.0
1145460 2347.4
1145470 2353.7
1145480 2353.7
1145490 2360.1
1145500 2366.4
1145510 2366.4
1145520 2372.5
1145530 2378.3
1145540 2383.6
1145550 2383.6
1145560 2389.4
1145570 2399.6
1145580 2399.6
1145590 2412.3
1145600 2428.7
1145610 2428.7
1145620 2440.1
1145630 2447.0
1145640 2447.0
1145650 2454.4
1145660 2463.6
1145670 2463.6
1145680 2475.7
1145690 2484.4
1145700 2484.4
1145710 2493.8
1145720 2501.9
1145730 2501.9
1145740 2534.1
1145750 2573.3
1145760 2573.3
1145770 2591.5
1145780 2607.1
1145790 2607.1
1145800 2620.9
1145810 2629.6
1145820 2637.9
1145830 2637.9
1145840 2640.5
1145850 2626.2
1145860 2626.2
1145870 2611.1
1145880 2583.0
1145890 2583.0
1145900 2556.5
1145910 2538.9
1145920 2538.9
1145930 2528.3
1145940 2518.7
1145950 2518.7
1145960 2505.5
1145970 2490.5
1145980 2490.5
1145990 2479.4
1146000 2469.6
1146010 2469.6
1146020 2461.9
1146030 2455.1
1146040 2455.1
1146050 2449.9
1146060 2446.1
1146070 2446.1
1146080 2442.9
1146090 2439.8
1146100 2436.8
1146110 2436.8
1146120 2433.8
1146130 2431.0
1146140 2431.0
1146150 2428.6
1146160 2427.0
1146170 2427.0
1146180 2425.3
1146190 2424.4
1146200 2424.4
1146210 2424.5
1146220 2423.9
1146230 2423.9
1146240 2425.7
1146250 2428.8
1146260 2428.8
1146270 2432.9
1146280 2432.3
1146290 2432.3
1146300 2428.4
1146310 2423.8
1146320 2423.8
1146330 2420.2
1146340 2412.6
1146350 2406.1
1146360 2406.1
1146370 2404.0
1146380 2399.0
1146390 2399.0
1146400 2393.8
1146410 2390.8
1146420 2390.8
1146430 2390.8
1146440 2385.8
1146450 2385.8
1146460 2382.5
1146470 2380.5
1146480 2380.5
1146490 2374.8
1146500 2369.1
1146510 2373.4
1146520 2365.7
1146530 2360.5
1146540 2360.5
1146550 2358.8
1146560 2357.1
1146570 2357.1
1146580 2355.8
1146590 2355.9
1146600 2355.9
1146610 2355.9
1146620 2356.6
1146630 2356.9
1146640 2356.9
1146650 2356.3
1146660 2355.8
1146670 2355.8
1146680 2357.0
1146690 2360.1
1146700 2360.1
1146710 2363.1
1146720 2364.3
1146730 2364.3
1146740 2364.4
1146750 2362.8
1146760 2362.8
1146770 2361.5
1146780 2362.9
1146790 2362.9
1146800 2362.4
1146810 2357.7
1146820 2357.7
1146830 2352.6
1146840 2345.7
1146850 2345.7
1146860 2336.9
1146870 2330.3
1146880 2332.7
1146890 2328.8
1146900 2325.2
1146910 2321.4
1146920 2321.4
1146930 2318.9
1146940 2314.5
1146950 2314.5
1146960 2312.6
1146970 2311.6
1146980 2311.6
1146990 2309.8
1147000 2305.9
1147010 2305.9
1147020 2298.6
1147030 2290.4
1147040 2290.4
1147050 2287.5
1147060 2287.3
1147070 2287.3
1147080 2287.0
1147090 2287.0
1147100 2287.0
1147110 2288.5
1147120 2289.1
1147130 2289.1
1147140 2285.9
1147150 2286.2
1147160 2286.2
1147170 2284.5
1147180 2281.3
1147190 2277.6
1147200 2277.6
1147210 2275.3
1147220 2272.4
1147230 2272.4
1147240 2269.7
1147250 2268.1
1147260 2261.3
1147270 2259.8
1147280 2256.9
1147290 2256.9
1147300 2254.8
1147310 2252.9
1147320 2252.9
1147330 2249.2
1147340 2244.6
1147350 2244.6
1147360 2239.6
1147370 2233.7
1147380 2233.7
1147390 2232.2
1147400 2228.7
1147410 2228.7
1147420 2228.4
1147430 2227.2
1147440 2227.2
1147450 2225.4
1147460 2226.2
1147470 2224.8
1147480 2224.8
1147490 2220.7
1147500 2217.4
1147510 2217.4
1147520 2215.1
1147530 2213.8
1147540 2213.8
1147550 2213.3
1147560 2212.6
1147570 2212.6
1147580 2210.6
1147590 2206.5
1147600 2206.5
1147610 2203.2
1147620 2201.0
1147630 2201.0
1147640 2196.0
1147650 2193.1
1147660 2193.1
1147670 2183.7
1147680 2174.8
1147690 2174.8
1147700 2169.7
1147710 2166.9
1147720 2166.9
1147730 2165.0
1147740 2163.7
1147750 2162.4
1147760 2162.4
1147770 2159.6
1147780 2152.7
1147790 2152.7
1147800 2145.7
1147810 2139.2
1147820 2139.2
1147830 2133.3
1147840 2126.9
1147850 2126.9
1147860 2120.4
1147870 2114.5
1147880 2114.5
1147890 2109.6
1147900 2105.9
1147910 2105.9
1147920 2103.7
1147930 2100.3
1147940 2100.3
1147950 2096.7
1147960 2091.4
1147970 2091.4
1147980 2081.7
1147990 2073.6
1148000 2073.6
1148010 2069.2
1148020 2065.3
1148030 2060.6
1148040 2060.6
1148050 2058.5
1148060 2055.6
1148070 2055.6
1148080 2050.6
1148090 2044.0
1148100 2044.0
1148110 2035.2
1148120 2028.0
1148130 2028.0
1148140 2021.0
1148150 2014.0
1148160 2014.0
1148170 2007.5
1148180 2002.2
1148190 2002.2
1148200 1998.2
1148210 1994.4
1148220 1994.4
1148230 1990.0
1148240 1983.5
1148250 1983.5
1148260 1975.1
1148270 1966.5
1148280 1966.5
1148290 1962.0
1148300 1957.3
1148310 1953.9
1148320 1953.9
1148330 1946.7
1148340 1933.7
1148350 1933.7
1148360 1923.0
1148370 1919.9
1148380 1919.9
1148390 1914.0
1148400 1903.5
1148410 1903.5
1148420 1899.8
1148430 1897.7
1148440 1897.7
1148450 1896.5
1148460 1895.2
1148470 1895.2
1148480 1892.3
1148490 1886.7
1148500 1886.7
1148510 1878.6
1148520 1870.4
1148530 1870.4
1148540 1863.8
1148550 1855.5
1148560 1855.5
1148570 1846.5
1148580 1839.2
1148590 1831.4
1148600 1831.4
1148610 1818.5
1148620 1805.9
1148630 1805.9
1148640 1797.8
1148650 1790.6
1148660 1790.6
1148670 1783.3
1148680 1778.0
1148690 1778.0
1148700 1774.6
1148710 1775.5
1148720 1775.5
1148730 1779.8
1148740 1779.2
1148750 1779.2
1148760 1773.7
1148770 1763.9
1148780 1763.9
1148790 1754.2
1148800 1747.6
1148810 1747.6
1148820 1744.5
1148830 1742.9
1148840 1742.9
1148850 1742.3
1148860 1750.7
1148870 1758.4
1148880 1758.4
1148890 1764.4
1148900 1767.9
1148910 1767.9
1148920 1767.6
1148930 1767.9
1148940 1767.9
1148950 1771.7
1148960 1777.4
1148970 1777.4
1148980 1785.7
1148990 1793.1
1149000 1793.1
1149010 1801.3
1149020 1814.0
1149030 1814.0
1149040 1822.0
1149050 1828.3
1149060 1828.3
1149070 1837.1
1149080 1845.2
1149090 1845.2
1149100 1853.4
1149110 1865.4
1149120 1885.7
1149130 1885.7
1149140 1906.0
1149150 1915.3
1149160 1915.3
1149170 1925.9
1149180 1934.5
1149190 1934.5
1149200 1959.2
1149210 1975.3
1149220 1975.3
1149230 1983.3
1149240 1985.6
1149250 1985.6
1149260 1985.2
1149270 1984.4
1149280 1984.4
1149290 1984.0
1149300 1984.2
1149310 1984.2
1149320 1986.5
1149330 1984.5
1149340 1984.5
1149350 1980.4
1149360 1978.1
1149370 1978.1
1149380 1975.7
1149390 1973.5
1149400 1972.5
1149410 1972.5
1149420 1972.9
1149430 1972.4
1149440 1972.4
1149450 1969.6
1149460 1965.5
1149470 1965.5
1149480 1961.6
1149490 1958.2
1149500 1958.2
1149510 1955.2
1149520 1952.8
1149530 1951.0
1149540 1947.8
1149550 1944.7
1149560 1944.7
1149570 1942.4
1149580 1940.9
1149590 1940.9
1149600 1940.2
1149610 1940.2
1149620 1940.2
1149630 1939.3
1149640 1937.5
1149650 1937.5
1149660 1936.2
1149670 1933.8
1149680 1930.0
1149690 1930.0
1149700 1926.0
1149710 1921.7
1149720 1921.7
1149730 1917.2
1149740 1911.6
1149750 1911.6
1149760 1906.1
1149770 1901.0
1149780 1901.0
1149790 1896.1
1149800 1891.8
1149810 1891.8
1149820 1887.2
1149830 1882.4
1149840 1882.4
1149850 1877.0
1149860 1872.2
1149870 1872.2
1149880 1867.9
1149890 1862.9
1149900 1862.9
1149910 1856.9
1149920 1852.3
1149930 1852.3
1149940 1846.8
1149950 1842.2
1149960 1838.2
1149970 1838.2
1149980 1834.7
1149990 1830.6
1150000 1830.6
1150010 1827.1
1150020 1823.2
1150030 1823.2
1150040 1818.6
1150050 1813.7
1150060 1813.7
1150070 1808.9
1150080 1804.8
1150090 1804.8
1150100 1800.8
1150110 1797.1
1150120 1797.1
1150130 1792.9
1150140 1787.6
1150150 1787.6
1150160 1782.6
1150170 1779.2
1150180 1779.2
1150190 1777.4
1150200 1774.4
1150210 1774.4
1150220 1767.4
1150230 1760.0
1150240 1755.9
1150250 1755.9
1150260 1751.8
1150270 1745.6
1150280 1745.6
1150290 1741.3
1150300 1735.5
1150310 1735.5
1150320 1728.9
1150330 1722.6
1150340 1722.6
1150350 1715.5
1150360 1708.8
1150370 1708.8
1150380 1700.9
1150390 1693.3
1150400 1693.3
1150410 1684.4
1150420 1676.0
1150430 1676.0
1150440 1668.0
1150450 1661.2
1150460 1661.2
1150470 1653.5
1150480 1645.7
1150490 1645.7
1150500 1637.7
1150510 1630.8
1150520 1625.8
1150530 1625.8
1150540 1622.0
1150550 1617.6
1150560 1617.6
1150570 1612.3
1150580 1607.8
1150590 1607.8
1150600 1603.0
1150610 1598.9
1150620 1598.9
1150630 1594.9
1150640 1592.5
1150650 1592.5
1150660 1592.7
1150670 1590.8
1150680 1585.5
1150690 1584.3
1150700 1583.7
1150710 1583.7
1150720 1578.8
1150730 1571.7
1150740 1571.7
1150750 1582.0
1150760 1585.6
1150770 1585.6
1150780 1589.0
1150790 1594.4
1150800 1600.6
1150810 1600.6
1150820 1607.1
1150830 1615.0
1150840 1615.0
1150850 1621.1
1150860 1626.8
1150870 1626.8
1150880 1632.7
1150890 1638.8
1150900 1638.8
1150910 1644.8
1150920 1649.7
1150930 1649.7
1150940 1654.9
1150950 1664.2
1150960 1664.2
1150970 1676.7
1150980 1685.0
1150990 1685.0
1151000 1689.1
1151010 1700.7
1151020 1700.7
1151030 1714.7
1151040 1726.0
1151050 1726.0
1151060 1724.5
1151070 1734.7
1151080 1743.9
1151090 1743.9
1151100 1750.9
1151110 1755.8
1151120 1755.8
1151130 1762.0
1151140 1769.6
1151150 1769.6
1151160 1778.7
1151170 1791.1
1151180 1791.1
1151190 1810.7
1151200 1818.7
1151210 1818.7
1151220 1821.5
1151230 1825.3
1151240 1825.3
1151250 1831.3
1151260 1839.0
1151270 1839.0
1151280 1849.9
1151290 1860.1
1151300 1860.1
1151310 1869.2
1151320 1876.8
1151330 1876.8
1151340 1883.4
1151350 1890.1
1151360 1895.4
1151370 1895.4
1151380 1900.4
1151390 1906.1
1151400 1906.1
1151410 1912.2
1151420 1918.7
1151430 1918.7
1151440 1928.4
1151450 1935.9
1151460 1935.9
1151470 1942.1
1151480 1947.4
1151490 1947.4
1151500 1948.6
1151510 1944.9
1151520 1944.9
1151530 1942.4
1151540 1940.3
1151550 1940.3
1151560 1939.0
1151570 1938.7
1151580 1938.7
1151590 1937.5
1151600 1940.3
1151610 1940.3
1151620 1943.8
1151630 1948.4
1151640 1953.5
1151650 1953.5
1151660 1958.2
1151670 1962.7
1151680 1962.7
1151690 1968.1
1151700 1973.8
1151710 1973.8
1151720 1980.2
1151730 1992.4
1151740 1992.4
1151750 2003.3
1151760 2010.7
1151770 2010.7
1151780 2017.5
1151790 2026.1
1151800 2026.1
1151810 2035.6
1151820 2041.5
1151830 2041.5
1151840 2042.5
1151850 2046.4
1151860 2046.4
1151870 2052.9
1151880 2057.9
1151890 2060.5
1151900 2060.5
1151910 2063.7
1151920 2067.2
1151930 2067.2
1151940 2065.4
1151950 2062.0
1151960 2062.0
1151970 2058.5
1151980 2057.2
1151990 2057.2
1152000 2057.7
1152010 2058.7
1152020 2058.7
1152030 2060.4
1152040 2061.2
1152050 2061.2
1152060 2064.0
1152070 2067.0
1152080 2067.0
1152090 2069.2
1152100 2069.3
1152110 2069.3
1152120 2070.2
1152130 2071.5
1152140 2071.5
1152150 2073.4
1152160 2075.7
1152170 2078.5
1152180 2078.5
1152190 2082.1
1152200 2085.4
1152210 2081.8
1152220 2087.8
1152230 2096.2
1152240 2096.2
1152250 2102.5
1152260 2107.3
1152270 2107.3
1152280 2112.1
1152290 2119.6
1152300 2119.6
1152310 2128.6
1152320 2138.4
1152330 2138.4
1152340 2147.7
1152350 2157.4
1152360 2157.4
1152370 2168.0
1152380 2174.5
1152390 2174.5
1152400 2178.7
1152410 2184.0
1152420 2184.0
1152430 2190.6
1152440 2198.2
1152450 2205.7
1152460 2205.7
1152470 2212.6
1152480 2219.0
1152490 2219.0
1152500 2227.1
1152510 2236.8
1152520 2236.8
1152530 2248.7
1152540 2257.0
1152550 2257.0
1152560 2263.9
1152570 2270.1
1152580 2270.1
1152590 2268.4
1152600 2271.8
1152610 2271.8
1152620 2275.2
1152630 2277.9
1152640 2277.9
1152650 2282.1
1152660 2287.5
1152670 2287.5
1152680 2291.7
1152690 2295.4
1152700 2295.4
1152710 2298.6
1152720 2301.2
1152730 2303.9
1152740 2303.9
1152750 2307.3
1152760 2311.0
1152770 2311.0
1152780 2314.5
1152790 2318.1
1152800 2318.1
1152810 2321.7
1152820 2325.4
1152830 2325.4
1152840 2329.4
1152850 2333.4
1152860 2333.4
1152870 2337.5
1152880 2341.4
1152890 2341.4
1152900 2343.4
1152910 2337.4
1152920 2337.4
1152930 2325.1
1152940 2312.3
1152950 2312.3
1152960 2300.8
1152970 2306.3
1152980 2306.3
1152990 2301.4
1153000 2293.4
1153010 2282.8
1153020 2282.8
1153030 2272.0
1153040 2260.6
1153050 2260.6
1153060 2250.7
1153070 2245.6
1153080 2245.6
1153090 2240.7
1153100 2236.8
1153110 2236.8
1153120 2233.2
1153130 2230.5
1153140 2230.5
1153150 2227.8
1153160 2225.5
1153170 2225.5
1153180 2222.5
1153190 2218.3
1153200 2218.3
1153210 2215.0
1153220 2210.9
1153230 2210.9
1153240 2206.2
1153250 2202.3
1153260 2202.3
1153270 2200.1
1153280 2199.3
1153290 2199.1
1153300 2199.1
1153310 2198.3
1153320 2195.9
1153330 2195.9
1153340 2191.1
1153350 2184.1
1153360 2195.1
1153370 2189.2
1153380 2180.5
1153390 2180.5
1153400 2172.1
1153410 2166.7
1153420 2166.7
1153430 2159.6
1153440 2155.6
1153450 2155.6
1153460 2152.1
1153470 2149.2
1153480 2149.2
1153490 2145.7
1153500 2142.1
1153510 2142.1
1153520 2138.5
1153530 2135.4
1153540 2135.4
1153550 2132.6
1153560 2130.0
1153570 2126.9
1153580 2126.9
1153590 2123.0
1153600 2118.8
1153610 2118.8
1153620 2114.3
1153630 2111.8
1153640 2111.8
1153650 2108.7
1153660 2104.8
1153670 2104.8
1153680 2101.2
1153690 2097.7
1153700 2097.7
1153710 2094.1
1153720 2091.2
1153730 2091.2
1153740 2096.3
1153750 2095.0
1153760 2095.0
1153770 2094.4
1153780 2092.8
1153790 2092.8
1153800 2090.7
1153810 2088.8
1153820 2088.8
1153830 2086.8
1153840 2084.4
1153850 2083.3
1153860 2083.3
1153870 2082.8
1153880 2082.7
1153890 2082.7
1153900 2080.9
1153910 2078.8
1153920 2078.8
1153930 2079.1
1153940 2081.0
1153950 2081.0
1153960 2079.8
1153970 2075.7
1153980 2075.7
1153990 2074.3
1154000 2073.9
1154010 2073.9
1154020 2070.5
1154030 2068.0
1154040 2068.0
1154050 2067.0
1154060 2066.9
1154070 2066.9
1154080 2067.8
1154090 2067.2
1154100 2067.2
1154110 2061.8
1154120 2058.0
1154130 2064.1
1154140 2064.1
1154150 2060.8
1154160 2055.7
1154170 2055.7
1154180 2051.3
1154190 2050.9
1154200 2050.9
1154210 2049.2
1154220 2044.2
1154230 2044.2
1154240 2041.1
1154250 2039.7
1154260 2039.7
1154270 2038.3
1154280 2035.8
1154290 2035.8
1154300 2030.5
1154310 2022.9
1154320 2022.9
1154330 2019.1
1154340 2019.1
1154350 2019.1
1154360 2020.3
1154370 2024.6
1154380 2024.6
1154390 2027.7
1154400 2018.1
1154410 2004.3
1154420 2004.3
1154430 1993.3
1154440 1983.6
1154450 1983.6
1154460 1974.4
1154470 1964.6
1154480 1964.6
1154490 1954.1
1154500 1943.5
1154510 1941.3
1154520 1932.4
1154530 1924.8
1154540 1924.8
1154550 1918.3
1154560 1912.1
1154570 1912.1
1154580 1906.1
1154590 1900.0
1154600 1900.0
1154610 1894.8
1154620 1889.7
1154630 1889.7
1154640 1884.2
1154650 1877.8
1154660 1871.3
1154670 1871.3
1154680 1865.1
1154690 1859.1
1154700 1859.1
1154710 1853.3
1154720 1847.7
1154730 1847.7
1154740 1841.7
1154750 1835.5
1154760 1835.5
1154770 1830.3
1154780 1825.4
1154790 1825.4
1154800 1820.1
1154810 1814.1
1154820 1814.1
1154830 1807.6
1154840 1799.4
1154850 1799.4
1154860 1782.4
1154870 1766.1
1154880 1766.1
1154890 1755.5
1154900 1756.6
1154910 1756.6
1154920 1754.5
1154930 1747.8
1154940 1739.3
1154950 1739.3
1154960 1729.0
1154970 1719.5
1154980 1719.5
1154990 1711.7
1155000 1707.4
1155010 1707.4
1155020 1703.3
1155030 1696.7
1155040 1696.7
1155050 1694.3
1155060 1694.6
1155070 1694.6
1155080 1692.3
1155090 1688.4
1155100 1688.4
1155110 1684.5
1155120 1678.1
1155130 1678.1
1155140 1671.5
1155150 1667.0
1155160 1667.0
1155170 1664.3
1155180 1661.4
1155190 1661.4
1155200 1660.3
1155210 1658.9
1155220 1657.7
1155230 1657.7
1155240 1656.0
1155250 1653.5
1155260 1653.5
1155270 1650.8
1155280 1648.6
1155290 1655.4
1155300 1653.5
1155310 1650.1
1155320 1650.1
1155330 1645.8
1155340 1643.2
1155350 1643.2
1155360 1644.1
1155370 1643.3
1155380 1643.3
1155390 1641.6
1155400 1642.0
1155410 1642.0
1155420 1642.2
1155430 1639.2
1155440 1639.2
1155450 1637.5
1155460 1639.5
1155470 1639.5
1155480 1640.8
1155490 1638.9
1155500 1636.9
1155510 1636.9
1155520 1634.3
1155530 1633.1
1155540 1633.1
1155550 1631.4
1155560 1629.4
1155570 1629.4
1155580 1627.6
1155590 1627.6
1155600 1627.6
1155610 1627.8
1155620 1626.7
1155630 1626.7
1155640 1625.4
1155650 1624.8
1155660 1624.8
1155670 1630.9
1155680 1628.5
1155690 1628.5
1155700 1626.7
1155710 1627.3
1155720 1627.3
1155730 1626.8
1155740 1627.1
1155750 1627.1
1155760 1626.6
1155770 1625.3
1155780 1623.9
1155790 1623.9
1155800 1621.6
1155810 1620.1
1155820 1620.1
1155830 1619.6
1155840 1619.1
1155850 1619.1
1155860 1619.1
1155870 1615.5
1155880 1615.5
1155890 1611.1
1155900 1607.6
1155910 1607.6
1155920 1605.6
1155930 1601.5
1155940 1601.5
1155950 1596.4
1155960 1591.2
1155970 1591.2
1155980 1585.4
1155990 1579.0
1156000 1579.0
1156010 1571.8
1156020 1563.6
1156030 1563.6
1156040 1555.4
1156050 1547.4
1156060 1541.3
1156070 1541.3
1156080 1533.3
1156090 1528.2
1156100 1528.2
1156110 1526.3
1156120 1523.2
1156130 1523.2
1156140 1518.1
1156150 1512.5
1156160 1512.5
1156170 1506.3
1156180 1499.2
1156190 1499.2
1156200 1491.5
1156210 1481.1
1156220 1481.1
1156230 1476.7
1156240 1482.3
1156250 1482.3
1156260 1485.4
1156270 1485.1
1156280 1485.1
1156290 1484.3
1156300 1481.5
1156310 1481.5
1156320 1477.3
1156330 1471.2
1156340 1464.8
1156350 1464.8
1156360 1458.4
1156370 1452.5
1156380 1452.5
1156390 1447.3
1156400 1444.1
1156410 1444.1
1156420 1442.8
1156430 1440.8
1156440 1440.8
1156450 1440.4
1156460 1436.3
1156470 1436.3
1156480 1433.5
1156490 1428.7
1156500 1428.7
1156510 1426.2
1156520 1425.4
1156530 1425.4
1156540 1424.0
1156550 1422.4
1156560 1422.4
1156570 1420.6
1156580 1417.7
1156590 1417.7
1156600 1414.7
1156610 1412.2
1156620 1409.6
1156630 1409.6
1156640 1408.1
1156650 1407.9
1156660 1407.9
1156670 1407.5
1156680 1406.5
1156690 1406.5
1156700 1404.3
1156710 1400.0
1156720 1400.0
1156730 1397.0
1156740 1394.9
1156750 1394.9
1156760 1393.6
1156770 1392.7
1156780 1392.7
1156790 1391.7
1156800 1390.4
1156810 1390.4
1156820 1389.8
1156830 1389.9
1156840 1389.1
1156850 1388.6
1156860 1387.8
1156870 1387.8
1156880 1387.3
1156890 1386.6
1156900 1386.1
1156910 1386.1
1156920 1385.7
1156930 1386.8
1156940 1386.8
1156950 1389.2
1156960 1391.1
1156970 1391.1
1156980 1391.8
1156990 1390.4
1157000 1390.4
1157010 1389.5
1157020 1390.8
1157030 1390.8
1157040 1391.3
1157050 1392.2
1157060 1392.2
1157070 1393.1
1157080 1392.7
1157090 1392.7
1157100 1393.5
1157110 1393.7
1157120 1393.7
1157130 1393.3
1157140 1392.7
1157150 1391.4
1157160 1391.4
1157170 1390.6
1157180 1390.2
1157190 1390.2
1157200 1389.7
1157210 1388.9
1157220 1388.9
1157230 1386.2
1157240 1385.6
1157250 1385.6
1157260 1385.0
1157270 1385.3
1157280 1385.3
1157290 1387.6
1157300 1390.6
1157310 1390.6
1157320 1392.6
1157330 1392.9
1157340 1392.9
1157350 1391.3
1157360 1389.9
1157370 1389.9
1157380 1388.0
1157390 1386.5
1157400 1386.5
1157410 1385.5
1157420 1384.6
1157430 1383.7
1157440 1383.7
1157450 1382.6
1157460 1381.0
1157470 1381.0
1157480 1380.7
1157490 1381.2
1157500 1381.2
1157510 1383.0
1157520 1385.1
1157530 1385.1
1157540 1385.8
1157550 1385.1
1157560 1385.1
1157570 1384.5
1157580 1383.9
1157590 1383.9
1157600 1381.4
1157610 1380.0
1157620 1380.1
1157630 1380.6
1157640 1380.5
1157650 1380.5
1157660 1378.9
1157670 1376.2
1157680 1376.2
1157690 1372.1
1157700 1368.9
1157710 1367.4
1157720 1367.4
1157730 1365.7
1157740 1362.6
1157750 1362.6
1157760 1360.9
1157770 1360.3
1157780 1360.3
1157790 1359.6
1157800 1359.9
1157810 1359.9
1157820 1362.2
1157830 1365.1
1157840 1365.1
1157850 1366.7
1157860 1366.9
1157870 1366.9
1157880 1366.5
1157890 1366.2
1157900 1366.2
1157910 1365.0
1157920 1363.7
1157930 1363.7
1157940 1362.7
1157950 1361.0
1157960 1361.0
1157970 1359.7
1157980 1358.4
1157990 1357.2
1158000 1357.2
1158010 1353.3
1158020 1352.2
1158030 1352.2
1158040 1351.7
1158050 1353.2
1158060 1353.2
1158070 1354.7
1158080 1355.3
1158090 1355.3
1158100 1355.4
1158110 1355.5
1158120 1355.5
1158130 1355.7
1158140 1356.0
1158150 1356.0
1158160 1356.1
1158170 1355.8
1158180 1355.8
1158190 1356.0
1158200 1355.7
1158210 1355.7
1158220 1354.7
1158230 1353.1
1158240 1353.1
1158250 1352.5
1158260 1351.9
1158270 1351.2
1158280 1351.2
1158290 1350.4
1158300 1347.2
1158310 1347.2
1158320 1344.3
1158330 1342.9
1158340 1342.9
1158350 1340.7
1158360 1338.3
1158370 1338.3
1158380 1336.0
1158390 1334.1
1158400 1332.0
1158410 1330.1
1158420 1328.1
1158430 1328.1
1158440 1325.9
1158450 1323.3
1158460 1323.3
1158470 1320.9
1158480 1318.5
1158490 1318.5
1158500 1316.0
1158510 1312.9
1158520 1312.9
1158530 1310.3
1158540 1308.5
1158550 1305.5
1158560 1305.5
1158570 1303.2
1158580 1302.1
1158590 1302.1
1158600 1300.5
1158610 1299.2
1158620 1299.2
1158630 1298.7
1158640 1296.5
1158650 1296.5
1158660 1294.1
1158670 1292.2
1158680 1292.2
1158690 1290.2
1158700 1289.6
1158710 1289.6
1158720 1288.3
1158730 1286.8
1158740 1286.8
1158750 1286.3
1158760 1286.0
1158770 1286.0
1158780 1284.7
1158790 1280.6
1158800 1280.6
1158810 1279.0
1158820 1277.0
1158830 1275.7
1158840 1275.7
1158850 1274.0
1158860 1272.2
1158870 1272.2
1158880 1271.0
1158890 1269.9
1158900 1269.9
1158910 1268.5
1158920 1267.3
1158930 1267.3
1158940 1265.8
1158950 1264.9
1158960 1264.9
1158970 1264.0
1158980 1263.5
1158990 1263.5
1159000 1263.8
1159010 1264.6
1159020 1264.6
1159030 1265.1
1159040 1264.8
1159050 1264.8
1159060 1263.5
1159070 1262.0
1159080 1262.0
1159090 1260.9
1159100 1260.3
1159110 1259.6
1159120 1259.6
1159130 1258.6
1159140 1258.7
1159150 1258.7
1159160 1258.8
1159170 1258.4
1159180 1261.4
1159190 1260.6
1159200 1259.3
1159210 1259.3
1159220 1258.4
1159230 1257.6
1159240 1257.6
1159250 1257.0
1159260 1256.6
1159270 1256.6
1159280 1256.6
1159290 1256.5
1159300 1256.5
1159310 1254.5
1159320 1252.5
1159330 1252.5
1159340 1249.5
1159350 1246.7
1159360 1246.7
1159370 1247.4
1159380 1247.7
1159390 1246.8
1159400 1246.8
1159410 1246.3
1159420 1240.4
1159430 1240.4
1159440 1231.5
1159450 1240.0
1159460 1240.0
1159470 1244.0
1159480 1245.0
1159490 1245.0
1159500 1249.1
1159510 1256.6
1159520 1256.6
1159530 1262.1
1159540 1258.8
1159550 1258.8
1159560 1253.2
1159570 1251.2
1159580 1251.2
1159590 1247.1
1159600 1240.1
1159610 1240.1
1159620 1228.2
1159630 1222.6
1159640 1218.5
1159650 1218.5
1159660 1210.0
1159670 1200.3
1159680 1200.3
1159690 1195.6
1159700 1196.6
1159710 1196.6
1159720 1193.1
1159730 1190.6
1159740 1190.6
1159750 1189.9
1159760 1191.7
1159770 1191.7
1159780 1196.4
1159790 1204.4
1159800 1204.4
1159810 1207.6
1159820 1202.4
1159830 1202.4
1159840 1201.0
1159850 1202.8
1159860 1202.8
1159870 1209.1
1159880 1216.3
1159890 1216.3
1159900 1214.2
1159910 1213.8
1159920 1211.5
1159930 1211.5
1159940 1209.2
1159950 1207.2
1159960 1198.8
1159970 1196.4
1159980 1192.8
1159990 1192.8
