1145180 2111.3
1145190 2111.3
1145200 2111.4
1145210 2109.4
1145220 2109.4
1145230 2111.9
1145240 2119.4
1145250 2119.4
1145260 2122.3
1145270 2124.8
1145280 2126.7
1145290 2126.7
1145300 2134.4
1145310 2142.9
1145320 2142.9
1145330 2145.3
1145340 2145.7
1145350 2145.7
1145360 2159.5
1145370 2157.4
1145380 2157.4
1145390 2154.4
1145400 2155.8
1145410 2155.8
1145420 2162.7
1145430 2168.5
1145440 2168.5
1145450 2172.0
1145460 2183.1
1145470 2183.1
1145480 2191.9
1145490 2199.0
1145500 2199.0
1145510 2210.9
1145520 2236.2
1145530 2236.2
1145540 2241.7
1145550 2253.1
1145560 2257.7
1145570 2257.7
1145580 2270.3
1145590 2300.2
1145600 2300.2
1145610 2311.2
1145620 2320.0
1145630 2320.0
1145640 2321.2
1145650 2318.3
1145660 2318.3
1145670 2322.6
1145680 2322.2
1145690 2322.2
1145700 2322.2
1145710 2317.7
1145720 2317.7
1145730 2323.5
1145740 2326.4
1145750 2326.4
1145760 2354.1
1145770 2375.4
1145780 2375.4
1145790 2384.3
1145800 2404.5
1145810 2404.5
1145820 2428.6
1145830 2441.9
1145840 2453.9
1145850 2453.9
1145860 2465.9
1145870 2478.4
1145880 2478.4
1145890 2493.1
1145900 2503.4
1145910 2503.4
1145920 2511.9
1145930 2521.4
1145940 2521.4
1145950 2529.9
1145960 2537.7
1145970 2537.7
1145980 2542.0
1145990 2546.5
1146000 2546.5
1146010 2552.3
1146020 2556.0
1146030 2556.0
1146040 2565.1
1146050 2586.3
1146060 2586.3
1146070 2599.8
1146080 2608.8
1146090 2608.8
1146100 2617.9
1146110 2641.2
1146120 2638.2
1146130 2638.2
1146140 2630.1
1146150 2623.3
1146160 2623.3
1146170 2618.8
1146180 2610.4
1146190 2610.4
1146200 2601.6
1146210 2592.2
1146220 2592.2
1146230 2580.8
1146240 2571.2
1146250 2571.2
1146260 2562.8
1146270 2553.9
1146280 2553.9
1146290 2540.5
1146300 2532.7
1146310 2532.7
1146320 2526.8
1146330 2508.0
1146340 2508.0
1146350 2473.2
1146360 2456.6
1146370 2452.9
1146380 2452.9
1146390 2450.8
1146400 2448.3
1146410 2448.3
1146420 2435.8
1146430 2408.2
1146440 2408.2
1146450 2385.1
1146460 2374.2
1146470 2374.2
1146480 2353.2
1146490 2343.6
1146500 2343.6
1146510 2323.8
1146520 2311.3
1146530 2311.3
1146540 2296.3
1146550 2285.9
1146560 2285.9
1146570 2282.7
1146580 2280.1
1146590 2280.1
1146600 2287.1
1146610 2291.5
1146620 2291.5
1146630 2297.9
1146640 2301.9
1146650 2305.6
1146660 2305.6
1146670 2310.2
1146680 2311.5
1146690 2311.5
1146700 2311.6
1146710 2312.4
1146720 2312.4
1146730 2314.9
1146740 2316.7
1146750 2316.7
1146760 2318.0
1146770 2321.0
1146780 2321.0
1146790 2326.0
1146800 2327.8
1146810 2327.8
1146820 2329.3
1146830 2333.2
1146840 2333.2
1146850 2339.8
1146860 2352.6
1146870 2352.6
1146880 2355.6
1146890 2357.9
1146900 2357.9
1146910 2357.9
1146920 2357.8
1146930 2355.6
1146940 2355.6
1146950 2354.1
1146960 2355.7
1146970 2355.7
1146980 2360.3
1146990 2362.0
1147000 2362.0
1147010 2355.8
1147020 2348.5
1147030 2348.5
1147040 2340.7
1147050 2332.9
1147060 2332.9
1147070 2325.6
1147080 2318.4
1147090 2318.4
1147100 2311.5
1147110 2304.7
1147120 2304.7
1147130 2298.0
1147140 2291.6
1147150 2291.6
1147160 2285.4
1147170 2279.8
1147180 2279.8
1147190 2274.6
1147200 2269.4
1147210 2264.3
1147220 2264.3
1147230 2259.4
1147240 2254.0
1147250 2254.0
1147260 2250.7
1147270 2248.5
1147280 2248.5
1147290 2247.4
1147300 2247.0
1147310 2247.0
1147320 2247.5
1147330 2248.1
1147340 2248.1
1147350 2248.2
1147360 2248.3
1147370 2248.3
1147380 2248.7
1147390 2249.3
1147400 2249.3
1147410 2250.0
1147420 2250.6
1147430 2250.6
1147440 2250.7
1147450 2252.1
1147460 2252.1
1147470 2255.0
1147480 2257.3
1147490 2258.2
1147500 2258.2
1147510 2258.4
1147520 2258.6
1147530 2258.6
1147540 2258.6
1147550 2257.2
1147560 2257.2
1147570 2255.1
1147580 2252.5
1147590 2252.5
1147600 2248.3
1147610 2244.4
1147620 2244.0
1147630 2239.9
1147640 2236.0
1147650 2236.0
1147660 2231.8
1147670 2227.1
1147680 2227.1
1147690 2222.4
1147700 2219.6
1147710 2219.6
1147720 2216.2
1147730 2211.8
1147740 2211.8
1147750 2208.7
1147760 2208.0
1147770 2206.6
1147780 2206.6
1147790 2205.6
1147800 2204.4
1147810 2204.4
1147820 2203.1
1147830 2200.5
1147840 2200.5
1147850 2197.0
1147860 2189.5
1147870 2189.5
1147880 2182.3
1147890 2175.5
1147900 2175.5
1147910 2169.1
1147920 2163.1
1147930 2163.1
1147940 2157.5
1147950 2153.1
1147960 2153.1
1147970 2149.7
1147980 2147.3
1147990 2147.3
1148000 2140.3
1148010 2135.2
1148020 2135.2
1148030 2125.6
1148040 2119.2
1148050 2113.9
1148060 2113.9
1148070 2110.4
1148080 2107.3
1148090 2107.3
1148100 2103.8
1148110 2100.2
1148120 2100.2
1148130 2096.0
1148140 2091.8
1148150 2091.8
1148160 2088.1
1148170 2085.1
1148180 2085.1
1148190 2083.1
1148200 2080.6
1148210 2080.6
1148220 2076.7
1148230 2071.6
1148240 2071.6
1148250 2064.3
1148260 2055.9
1148270 2055.9
1148280 2047.4
1148290 2041.9
1148300 2041.9
1148310 2038.5
1148320 2035.6
1148330 2032.6
1148340 2032.6
1148350 2028.5
1148360 2024.2
1148370 2024.2
1148380 2018.7
1148390 2015.7
1148400 2015.7
1148410 2014.7
1148420 2014.2
1148430 2014.2
1148440 2011.6
1148450 2007.1
1148460 2007.1
1148470 2000.7
1148480 1992.3
1148490 1992.3
1148500 1986.0
1148510 1978.5
1148520 1978.5
1148530 1971.4
1148540 1967.6
1148550 1967.6
1148560 1964.1
1148570 1959.9
1148580 1959.9
1148590 1950.6
1148600 1943.2
1148610 1936.9
1148620 1936.9
1148630 1933.5
1148640 1934.8
1148650 1934.8
1148660 1936.4
1148670 1933.0
1148680 1933.0
1148690 1931.7
1148700 1938.9
1148710 1938.9
1148720 1942.1
1148730 1941.0
1148740 1941.0
1148750 1936.6
1148760 1959.7
1148770 1959.7
1148780 1974.2
1148790 1979.6
1148800 1979.6
1148810 1984.1
1148820 1988.7
1148830 1988.7
1148840 1997.1
1148850 2004.6
1148860 2004.6
1148870 2011.5
1148880 2024.5
1148890 2031.4
1148900 2031.4
1148910 2037.3
1148920 2041.3
1148930 2041.3
1148940 2042.5
1148950 2051.7
1148960 2051.7
1148970 2057.9
1148980 2064.6
1148990 2064.6
1149000 2075.8
1149010 2085.3
1149020 2085.3
1149030 2092.4
1149040 2102.6
1149050 2102.6
1149060 2110.4
1149070 2114.2
1149080 2114.2
1149090 2117.9
1149100 2121.4
1149110 2121.4
1149120 2124.8
1149130 2106.4
1149140 2106.4
1149150 2105.6
1149160 2113.1
1149170 2116.4
1149180 2116.4
1149190 2118.0
1149200 2118.7
1149210 2118.7
1149220 2119.0
1149230 2119.5
1149240 2119.5
1149250 2119.5
1149260 2117.9
1149270 2117.9
1149280 2115.9
1149290 2113.2
1149300 2113.2
1149310 2111.1
1149320 2109.9
1149330 2109.9
1149340 2109.8
1149350 2107.6
1149360 2107.6
1149370 2105.5
1149380 2104.7
1149390 2104.7
1149400 2104.1
1149410 2103.7
1149420 2103.7
1149430 2105.5
1149440 2101.9
1149450 2095.7
1149460 2095.7
1149470 2092.0
1149480 2089.1
1149490 2089.1
1149500 2085.8
1149510 2080.6
1149520 2080.6
1149530 2078.0
1149540 2074.3
1149550 2074.3
1149560 2070.2
1149570 2067.0
1149580 2067.0
1149590 2064.1
1149600 2065.3
1149610 2065.3
1149620 2067.8
1149630 2069.3
1149640 2069.3
1149650 2068.8
1149660 2068.1
1149670 2068.1
1149680 2067.1
1149690 2064.4
1149700 2064.4
1149710 2061.7
1149720 2059.3
1149730 2056.6
1149740 2056.6
1149750 2052.6
1149760 2047.9
1149770 2047.9
1149780 2041.5
1149790 2035.1
1149800 2035.1
1149810 2029.4
1149820 2024.2
1149830 2024.2
1149840 2018.0
1149850 2009.8
1149860 2009.8
1149870 2001.1
1149880 1988.7
1149890 1990.8
1149900 1979.5
1149910 1966.0
1149920 1966.0
1149930 1956.8
1149940 1950.0
1149950 1950.0
1149960 1943.0
1149970 1936.0
1149980 1936.0
1149990 1929.4
1150000 1923.8
1150010 1918.2
1150020 1918.2
1150030 1912.5
1150040 1906.2
1150050 1906.2
1150060 1901.0
1150070 1896.0
1150080 1896.0
1150090 1892.1
1150100 1885.6
1150110 1885.6
1150120 1874.3
1150130 1866.5
1150140 1866.5
1150150 1861.1
1150160 1851.8
1150170 1851.8
1150180 1831.7
1150190 1813.5
1150200 1813.5
1150210 1803.8
1150220 1796.0
1150230 1796.0
1150240 1787.5
1150250 1778.0
1150260 1778.0
1150270 1769.1
1150280 1760.8
1150290 1752.9
1150300 1752.9
1150310 1746.3
1150320 1740.0
1150330 1740.0
1150340 1736.7
1150350 1733.9
1150360 1733.9
1150370 1729.1
1150380 1726.4
1150390 1726.4
1150400 1722.3
1150410 1719.4
1150420 1719.4
1150430 1715.5
1150440 1711.9
1150450 1711.9
1150460 1708.5
1150470 1705.8
1150480 1705.8
1150490 1703.8
1150500 1700.7
1150510 1700.7
1150520 1697.7
1150530 1696.1
1150540 1696.1
1150550 1694.5
1150560 1692.9
1150570 1692.0
1150580 1692.0
1150590 1691.0
1150600 1691.0
1150610 1691.0
1150620 1691.9
1150630 1688.7
1150640 1688.7
1150650 1685.8
1150660 1693.0
1150670 1693.0
1150680 1695.3
1150690 1696.4
1150700 1696.4
1150710 1697.7
1150720 1701.2
1150730 1701.2
1150740 1704.9
1150750 1710.6
1150760 1710.6
1150770 1718.2
1150780 1726.8
1150790 1726.8
1150800 1733.0
1150810 1737.3
1150820 1737.3
1150830 1740.5
1150840 1744.1
1150850 1747.1
1150860 1747.1
1150870 1749.9
1150880 1753.0
1150890 1753.0
1150900 1757.8
1150910 1763.2
1150920 1763.2
1150930 1768.6
1150940 1775.0
1150950 1775.0
1150960 1783.1
1150970 1792.2
1150980 1792.2
1150990 1805.0
1151000 1815.7
1151010 1815.7
1151020 1824.8
1151030 1831.8
1151040 1832.8
1151050 1838.2
1151060 1843.7
1151070 1843.7
1151080 1849.3
1151090 1855.3
1151100 1863.2
1151110 1863.2
1151120 1870.2
1151130 1877.2
1151140 1877.2
1151150 1883.8
1151160 1892.0
1151170 1892.0
1151180 1906.1
1151190 1916.1
1151200 1916.1
1151210 1922.8
1151220 1930.4
1151230 1930.4
1151240 1937.5
1151250 1943.9
1151260 1943.9
1151270 1952.1
1151280 1963.2
1151290 1963.2
1151300 1974.1
1151310 1986.7
1151320 1986.7
1151330 2005.2
1151340 2022.4
1151350 2022.4
1151360 2035.1
1151370 2044.1
1151380 2049.5
1151390 2049.5
1151400 2051.6
1151410 2054.2
1151420 2052.7
1151430 2058.2
1151440 2061.4
1151450 2061.4
1151460 2063.8
1151470 2067.1
1151480 2067.1
1151490 2071.4
1151500 2077.5
1151510 2077.5
1151520 2083.1
1151530 2087.7
1151540 2087.7
1151550 2090.5
1151560 2090.9
1151570 2090.9
1151580 2090.3
1151590 2091.6
1151600 2091.6
1151610 2091.6
1151620 2091.5
1151630 2091.5
1151640 2091.2
1151650 2089.7
1151660 2089.6
1151670 2089.6
1151680 2088.1
1151690 2088.8
1151700 2088.8
1151710 2092.0
1151720 2093.4
1151730 2093.4
1151740 2095.0
1151750 2093.9
1151760 2093.9
1151770 2092.0
1151780 2093.1
1151790 2093.1
1151800 2088.9
1151810 2088.2
1151820 2088.2
1151830 2089.8
1151840 2092.1
1151850 2092.1
1151860 2095.6
1151870 2099.6
1151880 2099.6
1151890 2099.8
1151900 2099.4
1151910 2099.4
1151920 2096.6
1151930 2095.8
1151940 2098.1
1151950 2098.1
1151960 2100.2
1151970 2103.3
1151980 2103.3
1151990 2107.6
1152000 2112.5
1152010 2112.5
1152020 2118.0
1152030 2123.5
1152040 2123.5
1152050 2129.1
1152060 2134.8
1152070 2134.8
1152080 2140.6
1152090 2146.4
1152100 2146.4
1152110 2152.4
1152120 2158.5
1152130 2158.5
1152140 2164.7
1152150 2171.0
1152160 2171.0
1152170 2177.5
1152180 2183.6
1152190 2182.2
1152200 2188.4
1152210 2194.5
1152220 2201.0
1152230 2201.0
1152240 2217.6
1152250 2228.4
1152260 2228.4
1152270 2239.8
1152280 2248.6
1152290 2248.6
1152300 2257.2
1152310 2266.0
1152320 2266.0
1152330 2288.0
1152340 2308.2
1152350 2308.2
1152360 2322.5
1152370 2334.0
1152380 2334.0
1152390 2345.2
1152400 2354.2
1152410 2354.2
1152420 2365.3
1152430 2374.3
1152440 2374.3
1152450 2380.1
1152460 2384.8
1152470 2384.8
1152480 2388.3
1152490 2390.6
1152500 2392.3
1152510 2392.3
1152520 2393.3
1152530 2392.6
1152540 2392.6
1152550 2398.9
1152560 2405.2
1152570 2397.2
1152580 2394.2
1152590 2389.1
1152600 2389.1
1152610 2384.0
1152620 2379.6
1152630 2379.6
1152640 2376.0
1152650 2372.0
1152660 2372.0
1152670 2366.9
1152680 2358.3
1152690 2358.3
1152700 2354.8
1152710 2351.9
1152720 2351.9
1152730 2339.9
1152740 2330.7
1152750 2330.7
1152760 2324.9
1152770 2316.2
1152780 2303.7
1152790 2303.7
1152800 2291.8
1152810 2281.4
1152820 2281.4
1152830 2276.9
1152840 2270.9
1152850 2270.9
1152860 2264.9
1152870 2259.0
1152880 2259.0
1152890 2252.9
1152900 2246.5
1152910 2246.5
1152920 2240.2
1152930 2234.3
1152940 2234.3
1152950 2225.3
1152960 2220.3
1152970 2220.3
1152980 2215.7
1152990 2210.9
1153000 2210.9
1153010 2206.5
1153020 2203.0
1153030 2203.0
1153040 2199.7
1153050 2197.0
1153060 2195.1
1153070 2195.1
1153080 2194.8
1153090 2194.3
1153100 2194.3
1153110 2193.6
1153120 2192.5
1153130 2192.5
1153140 2191.4
1153150 2190.5
1153160 2190.5
1153170 2189.8
1153180 2190.2
1153190 2190.2
1153200 2191.1
1153210 2191.3
1153220 2191.3
1153230 2191.6
1153240 2191.4
1153250 2191.4
1153260 2190.3
1153270 2188.4
1153280 2188.4
1153290 2186.4
1153300 2182.3
1153310 2182.3
1153320 2177.9
1153330 2176.7
1153340 2173.6
1153350 2173.6
1153360 2173.6
1153370 2174.1
1153380 2174.1
1153390 2175.3
1153400 2176.7
1153410 2176.7
1153420 2178.3
1153430 2176.2
1153440 2176.2
1153450 2172.5
1153460 2169.3
1153470 2169.3
1153480 2166.4
1153490 2163.4
1153500 2163.4
1153510 2161.6
1153520 2159.8
1153530 2159.8
1153540 2157.5
1153550 2155.7
1153560 2155.7
1153570 2153.6
1153580 2151.9
1153590 2151.9
1153600 2151.9
1153610 2152.7
1153620 2152.8
1153630 2152.8
1153640 2151.7
1153650 2149.9
1153660 2149.9
1153670 2148.7
1153680 2146.1
1153690 2146.1
1153700 2144.3
1153710 2143.3
1153720 2136.6
1153730 2135.1
1153740 2133.3
1153750 2133.3
1153760 2131.6
1153770 2130.9
1153780 2130.9
1153790 2131.7
1153800 2131.1
1153810 2131.1
1153820 2128.6
1153830 2128.4
1153840 2128.4
1153850 2127.4
1153860 2126.4
1153870 2126.4
1153880 2125.8
1153890 2125.5
1153900 2126.0
1153910 2126.0
1153920 2126.2
1153930 2125.1
1153940 2125.1
1153950 2121.5
1153960 2118.9
1153970 2118.9
1153980 2115.8
1153990 2113.1
1154000 2113.1
1154010 2108.4
1154020 2103.4
1154030 2103.4
1154040 2102.7
1154050 2100.2
1154060 2100.2
1154070 2096.9
1154080 2094.7
1154090 2094.7
1154100 2095.6
1154110 2086.1
1154120 2086.1
1154130 2082.4
1154140 2077.9
1154150 2077.9
1154160 2073.8
1154170 2068.3
1154180 2062.8
1154190 2062.8
1154200 2058.7
1154210 2053.5
1154220 2053.5
1154230 2048.4
1154240 2043.6
1154250 2043.6
1154260 2039.2
1154270 2036.3
1154280 2036.3
1154290 2034.2
1154300 2032.7
1154310 2032.7
1154320 2029.9
1154330 2025.5
1154340 2025.5
1154350 2023.3
1154360 2019.8
1154370 2019.8
1154380 2015.8
1154390 2008.8
1154400 2008.8
1154410 2002.5
1154420 1996.9
1154430 1996.9
1154440 1990.5
1154450 1985.1
1154460 1980.3
1154470 1980.3
1154480 1975.8
1154490 1967.2
1154500 1967.2
1154510 1963.4
1154520 1958.5
1154530 1958.5
1154540 1953.5
1154550 1948.3
1154560 1948.3
1154570 1945.5
1154580 1941.2
1154590 1941.2
1154600 1935.1
1154610 1931.7
1154620 1931.7
1154630 1927.6
1154640 1921.7
1154650 1921.7
1154660 1912.9
1154670 1902.5
1154680 1902.5
1154690 1890.0
1154700 1872.4
1154710 1872.4
1154720 1852.3
1154730 1837.3
1154740 1825.5
1154750 1825.5
1154760 1810.2
1154770 1799.7
1154780 1799.7
1154790 1787.7
1154800 1772.7
1154810 1772.7
1154820 1765.4
1154830 1759.3
1154840 1759.3
1154850 1752.4
1154860 1745.4
1154870 1745.4
1154880 1741.8
1154890 1735.9
1154900 1735.9
1154910 1730.2
1154920 1724.6
1154930 1724.6
1154940 1719.5
1154950 1715.0
1154960 1715.0
1154970 1711.1
1154980 1706.9
1154990 1703.3
1155000 1703.3
1155010 1698.9
1155020 1695.0
1155030 1695.0
1155040 1691.9
1155050 1689.7
1155060 1689.7
1155070 1688.1
1155080 1686.4
1155090 1686.4
1155100 1685.3
1155110 1683.8
1155120 1683.8
1155130 1681.2
1155140 1679.2
1155150 1679.2
1155160 1677.7
1155170 1673.4
1155180 1673.4
1155190 1668.0
1155200 1670.3
1155210 1670.3
1155220 1677.2
1155230 1682.5
1155240 1682.5
1155250 1685.5
1155260 1686.9
1155270 1683.5
1155280 1683.5
1155290 1683.9
1155300 1684.3
1155310 1684.3
1155320 1683.6
1155330 1682.2
1155340 1682.2
1155350 1677.6
1155360 1676.5
1155370 1676.5
1155380 1680.8
1155390 1681.4
1155400 1681.4
1155410 1683.9
1155420 1687.3
1155430 1687.3
1155440 1689.1
1155450 1691.9
1155460 1691.9
1155470 1697.6
1155480 1702.2
1155490 1702.2
1155500 1706.7
1155510 1710.1
1155520 1710.1
1155530 1713.2
1155540 1711.7
1155550 1712.9
1155560 1712.9
1155570 1715.9
1155580 1715.5
1155590 1715.5
1155600 1713.8
1155610 1712.8
1155620 1712.8
1155630 1711.3
1155640 1709.6
1155650 1696.1
1155660 1691.7
1155670 1685.9
1155680 1685.9
1155690 1682.9
1155700 1678.9
1155710 1678.9
1155720 1676.3
1155730 1671.9
1155740 1671.9
1155750 1670.9
1155760 1669.7
1155770 1669.7
1155780 1665.2
1155790 1664.3
1155800 1664.3
1155810 1662.3
1155820 1660.7
1155830 1656.4
1155840 1656.4
1155850 1648.8
1155860 1646.7
1155870 1646.7
1155880 1648.7
1155890 1646.3
1155900 1646.3
1155910 1642.9
1155920 1638.3
1155930 1638.3
1155940 1633.4
1155950 1628.9
1155960 1628.9
1155970 1623.8
1155980 1621.2
1155990 1621.2
1156000 1624.8
1156010 1625.6
1156020 1625.6
1156030 1623.0
1156040 1610.4
1156050 1610.4
1156060 1606.6
1156070 1602.6
1156080 1602.6
1156090 1602.5
1156100 1602.7
1156110 1601.2
1156120 1601.2
1156130 1599.2
1156140 1598.2
1156150 1598.2
1156160 1595.4
1156170 1590.2
1156180 1590.2
1156190 1585.6
1156200 1581.7
1156210 1581.7
1156220 1580.9
1156230 1578.3
1156240 1578.3
1156250 1574.9
1156260 1574.3
1156270 1574.3
1156280 1574.1
1156290 1573.7
1156300 1573.7
1156310 1573.0
1156320 1571.1
1156330 1571.1
1156340 1569.1
1156350 1569.3
1156360 1569.3
1156370 1568.4
1156380 1564.9
1156390 1563.6
1156400 1563.6
1156410 1567.1
1156420 1571.6
1156430 1569.8
1156440 1574.9
1156450 1582.4
1156460 1582.4
1156470 1591.0
1156480 1599.1
1156490 1599.1
1156500 1606.5
1156510 1612.5
1156520 1612.5
1156530 1617.7
1156540 1623.7
1156550 1623.7
1156560 1629.7
1156570 1635.7
1156580 1635.7
1156590 1642.4
1156600 1650.5
1156610 1650.5
1156620 1658.6
1156630 1667.2
1156640 1667.2
1156650 1675.0
1156660 1681.3
1156670 1686.1
1156680 1686.1
1156690 1686.8
1156700 1686.6
1156710 1686.6
1156720 1685.1
1156730 1681.8
1156740 1681.8
1156750 1684.7
1156760 1692.1
1156770 1692.1
1156780 1692.4
1156790 1692.1
1156800 1692.1
1156810 1690.2
1156820 1676.2
1156830 1676.2
1156840 1675.6
1156850 1674.9
1156860 1674.9
1156870 1672.7
1156880 1671.3
1156890 1671.3
1156900 1665.5
1156910 1649.4
1156920 1649.4
1156930 1636.5
1156940 1634.9
1156950 1637.6
1156960 1637.6
1156970 1643.0
1156980 1647.8
1156990 1647.8
1157000 1644.7
1157010 1636.7
1157020 1636.7
1157030 1631.1
1157040 1631.1
1157050 1631.1
1157060 1638.0
1157070 1643.3
1157080 1643.3
1157090 1646.5
1157100 1647.7
1157110 1647.7
1157120 1650.0
1157130 1656.8
1157140 1656.8
1157150 1664.4
1157160 1675.1
1157170 1675.1
1157180 1703.2
1157190 1727.7
1157200 1727.7
1157210 1724.4
1157220 1722.8
1157230 1719.7
1157240 1719.7
1157250 1713.8
1157260 1710.8
1157270 1710.8
1157280 1708.7
1157290 1706.4
1157300 1706.4
1157310 1705.6
1157320 1706.0
1157330 1706.0
1157340 1705.3
1157350 1704.1
1157360 1704.1
1157370 1701.4
1157380 1697.7
1157390 1697.7
1157400 1688.8
1157410 1682.3
1157420 1682.3
1157430 1673.5
1157440 1666.0
1157450 1666.0
1157460 1663.8
1157470 1663.7
1157480 1663.7
1157490 1663.6
1157500 1663.9
1157510 1661.7
1157520 1661.7
1157530 1654.7
1157540 1645.9
1157550 1645.9
1157560 1636.9
1157570 1622.2
1157580 1622.2
1157590 1610.7
1157600 1593.4
1157610 1593.4
1157620 1587.2
1157630 1581.7
1157640 1581.7
1157650 1577.5
1157660 1573.8
1157670 1573.8
1157680 1570.8
1157690 1567.2
1157700 1567.2
1157710 1566.2
1157720 1562.4
1157730 1562.4
1157740 1552.9
1157750 1548.8
1157760 1548.8
1157770 1546.1
1157780 1544.2
1157790 1542.0
1157800 1542.0
1157810 1534.6
1157820 1529.8
1157830 1529.8
1157840 1536.1
1157850 1543.6
1157860 1543.6
1157870 1548.2
1157880 1548.7
1157890 1548.7
1157900 1552.5
1157910 1557.4
1157920 1557.4
1157930 1560.9
1157940 1567.2
1157950 1567.2
1157960 1568.3
1157970 1567.3
1157980 1567.3
1157990 1558.9
1158000 1559.6
1158010 1559.6
1158020 1559.3
1158030 1558.9
1158040 1558.9
1158050 1559.1
1158060 1560.4
1158070 1560.0
1158080 1560.0
1158090 1559.2
1158100 1559.6
1158110 1559.6
1158120 1562.3
1158130 1562.2
1158140 1562.2
1158150 1561.4
1158160 1561.1
1158170 1561.1
1158180 1564.5
1158190 1571.0
1158200 1571.0
1158210 1576.0
1158220 1581.9
1158230 1581.9
1158240 1583.0
1158250 1586.2
1158260 1586.2
1158270 1589.3
1158280 1590.1
1158290 1590.1
1158300 1596.7
1158310 1601.5
1158320 1601.5
1158330 1603.2
1158340 1602.7
1158350 1603.5
1158360 1603.5
1158370 1606.0
1158380 1598.9
1158390 1598.9
1158400 1597.3
1158410 1597.4
1158420 1597.4
1158430 1595.9
1158440 1596.7
1158450 1596.7
1158460 1597.2
1158470 1595.7
1158480 1595.7
1158490 1594.9
1158500 1593.7
1158510 1593.7
1158520 1590.5
1158530 1590.5
1158540 1590.5
1158550 1588.2
1158560 1588.2
1158570 1588.2
1158580 1590.2
1158590 1590.9
1158600 1590.9
1158610 1587.2
1158620 1586.8
1158630 1581.1
1158640 1581.1
1158650 1577.6
1158660 1577.9
1158670 1577.9
1158680 1583.0
1158690 1585.7
1158700 1585.7
1158710 1583.8
1158720 1581.3
1158730 1581.3
1158740 1578.2
1158750 1575.1
1158760 1575.1
1158770 1564.0
1158780 1561.6
1158790 1561.6
1158800 1559.4
1158810 1556.7
1158820 1556.7
1158830 1554.0
1158840 1552.1
1158850 1552.1
1158860 1550.9
1158870 1550.6
1158880 1549.8
1158890 1549.8
1158900 1548.1
1158910 1545.4
1158920 1545.4
1158930 1544.2
1158940 1543.3
1158950 1543.3
1158960 1541.9
1158970 1539.9
1158980 1539.9
1158990 1535.9
1159000 1532.8
1159010 1532.8
1159020 1530.7
1159030 1528.8
1159040 1528.8
1159050 1526.0
1159060 1523.0
1159070 1523.0
1159080 1518.8
1159090 1513.3
1159100 1513.3
1159110 1507.2
1159120 1500.4
1159130 1500.4
1159140 1494.7
1159150 1490.2
1159160 1486.2
1159170 1486.2
1159180 1476.4
1159190 1465.9
1159200 1465.9
1159210 1453.6
1159220 1442.6
1159230 1442.6
1159240 1432.1
1159250 1422.7
1159260 1422.7
1159270 1414.0
1159280 1405.6
1159290 1405.6
1159300 1396.9
1159310 1389.5
1159320 1389.5
1159330 1382.8
1159340 1375.3
1159350 1375.3
1159360 1367.4
1159370 1360.4
1159380 1360.4
1159390 1353.8
1159400 1347.4
1159410 1347.4
1159420 1342.1
1159430 1339.2
1159440 1337.4
1159450 1337.4
1159460 1336.1
1159470 1334.2
1159480 1334.2
1159490 1330.3
1159500 1334.9
1159510 1334.9
1159520 1343.9
1159530 1352.3
1159540 1352.3
1159550 1359.2
1159560 1367.9
1159570 1367.9
1159580 1376.0
1159590 1383.4
1159600 1383.4
1159610 1390.2
1159620 1397.8
1159630 1397.8
1159640 1407.3
1159650 1419.2
1159660 1419.2
1159670 1429.8
1159680 1435.4
1159690 1435.4
1159700 1439.1
1159710 1442.3
1159720 1444.7
1159730 1444.7
1159740 1446.8
1159750 1448.4
1159760 1448.4
1159770 1449.9
1159780 1451.9
1159790 1451.9
1159800 1454.6
1159810 1457.0
1159820 1457.0
1159830 1459.4
1159840 1460.9
1159850 1460.9
1159860 1460.7
1159870 1459.0
1159880 1459.0
1159890 1461.3
1159900 1462.7
1159910 1462.7
1159920 1463.3
1159930 1463.2
1159940 1456.8
1159950 1457.3
1159960 1458.2
1159970 1458.2
1159980 1459.1
1159990 1459.5
