1145100 2209.1
1145110 2206.2
1145120 2206.2
1145130 2204.3
1145140 2203.0
1145150 2203.0
1145160 2201.8
1145170 2198.3
1145180 2198.3
1145190 2204.3
1145200 2199.3
1145210 2199.3
1145220 2207.8
1145230 2231.3
1145240 2245.6
1145250 2245.6
1145260 2248.4
1145270 2248.9
1145280 2248.9
1145290 2245.2
1145300 2241.4
1145310 2241.4
1145320 2238.7
1145330 2235.9
1145340 2235.9
1145350 2230.8
1145360 2230.0
1145370 2230.0
1145380 2227.1
1145390 2223.7
1145400 2223.7
1145410 2221.0
1145420 2218.2
1145430 2218.2
1145440 2216.3
1145450 2222.0
1145460 2222.0
1145470 2234.2
1145480 2262.1
1145490 2262.1
1145500 2277.0
1145510 2282.5
1145520 2294.3
1145530 2294.3
1145540 2310.6
1145550 2314.6
1145560 2314.6
1145570 2331.5
1145580 2337.8
1145590 2337.8
1145600 2343.2
1145610 2351.5
1145620 2351.5
1145630 2360.6
1145640 2366.5
1145650 2366.5
1145660 2372.6
1145670 2380.8
1145680 2380.8
1145690 2391.8
1145700 2397.9
1145710 2397.9
1145720 2405.0
1145730 2415.3
1145740 2415.3
1145750 2424.4
1145760 2431.6
1145770 2431.6
1145780 2434.8
1145790 2436.2
1145800 2446.2
1145810 2446.2
1145820 2455.3
1145830 2459.4
1145840 2459.4
1145850 2460.6
1145860 2465.7
1145870 2465.7
1145880 2464.7
1145890 2467.0
1145900 2467.0
1145910 2478.5
1145920 2494.5
1145930 2494.5
1145940 2512.7
1145950 2524.6
1145960 2524.6
1145970 2536.5
1145980 2547.0
1145990 2547.0
1146000 2553.7
1146010 2582.3
1146020 2582.3
1146030 2612.5
1146040 2614.6
1146050 2614.6
1146060 2601.1
1146070 2589.4
1146080 2577.1
1146090 2577.1
1146100 2565.1
1146110 2559.6
1146120 2559.6
1146130 2557.4
1146140 2556.9
1146150 2556.9
1146160 2555.2
1146170 2554.4
1146180 2554.4
1146190 2551.5
1146200 2552.6
1146210 2552.6
1146220 2551.8
1146230 2554.6
1146240 2554.6
1146250 2554.1
1146260 2548.5
1146270 2548.5
1146280 2543.0
1146290 2541.2
1146300 2541.2
1146310 2536.1
1146320 2522.0
1146330 2522.0
1146340 2512.3
1146350 2486.6
1146360 2466.6
1146370 2466.6
1146380 2448.3
1146390 2448.8
1146400 2448.8
1146410 2447.0
1146420 2430.6
1146430 2430.6
1146440 2412.5
1146450 2399.3
1146460 2399.3
1146470 2390.9
1146480 2387.7
1146490 2387.7
1146500 2393.6
1146510 2403.2
1146520 2403.2
1146530 2407.0
1146540 2407.0
1146550 2407.0
1146560 2403.3
1146570 2399.4
1146580 2399.4
1146590 2398.9
1146600 2397.6
1146610 2397.6
1146620 2394.6
1146630 2391.3
1146640 2388.6
1146650 2388.6
1146660 2387.6
1146670 2389.2
1146680 2389.2
1146690 2385.1
1146700 2392.1
1146710 2392.1
1146720 2389.7
1146730 2386.5
1146740 2386.5
1146750 2385.0
1146760 2384.9
1146770 2384.9
1146780 2384.6
1146790 2391.6
1146800 2391.6
1146810 2409.0
1146820 2426.9
1146830 2426.9
1146840 2419.8
1146850 2403.1
1146860 2403.1
1146870 2395.3
1146880 2390.6
1146890 2390.6
1146900 2387.3
1146910 2383.4
1146920 2378.3
1146930 2378.3
1146940 2372.3
1146950 2365.9
1146960 2365.9
1146970 2358.7
1146980 2351.5
1146990 2351.5
1147000 2344.5
1147010 2337.7
1147020 2337.7
1147030 2331.1
1147040 2324.6
1147050 2324.6
1147060 2318.1
1147070 2308.5
1147080 2308.5
1147090 2301.9
1147100 2295.4
1147110 2295.4
1147120 2289.2
1147130 2283.2
1147140 2283.2
1147150 2277.9
1147160 2272.4
1147170 2267.0
1147180 2267.0
1147190 2261.8
1147200 2256.4
1147210 2256.4
1147220 2252.3
1147230 2249.9
1147240 2249.9
1147250 2248.7
1147260 2247.9
1147270 2247.9
1147280 2247.2
1147290 2247.1
1147300 2247.1
1147310 2248.0
1147320 2248.8
1147330 2248.8
1147340 2249.0
1147350 2247.8
1147360 2247.8
1147370 2245.9
1147380 2242.9
1147390 2242.9
1147400 2239.3
1147410 2236.1
1147420 2236.1
1147430 2232.7
1147440 2229.1
1147450 2221.9
1147460 2221.9
1147470 2220.0
1147480 2219.3
1147490 2219.3
1147500 2220.9
1147510 2223.6
1147520 2223.6
1147530 2225.0
1147540 2224.8
1147550 2224.8
1147560 2225.9
1147570 2227.8
1147580 2227.8
1147590 2228.6
1147600 2227.8
1147610 2227.8
1147620 2228.0
1147630 2226.3
1147640 2226.3
1147650 2222.6
1147660 2219.7
1147670 2219.7
1147680 2217.5
1147690 2216.1
1147700 2216.1
1147710 2212.8
1147720 2206.9
1147730 2201.8
1147740 2201.8
1147750 2197.3
1147760 2189.5
1147770 2189.5
1147780 2182.6
1147790 2177.6
1147800 2177.6
1147810 2172.3
1147820 2167.1
1147830 2162.9
1147840 2161.4
1147850 2159.4
1147860 2159.4
1147870 2159.5
1147880 2162.9
1147890 2162.9
1147900 2161.7
1147910 2155.5
1147920 2155.5
1147930 2147.9
1147940 2140.5
1147950 2140.5
1147960 2132.6
1147970 2125.7
1147980 2125.7
1147990 2122.5
1148000 2119.6
1148010 2116.0
1148020 2116.0
1148030 2109.8
1148040 2108.6
1148050 2108.6
1148060 2105.6
1148070 2100.9
1148080 2100.9
1148090 2095.5
1148100 2089.5
1148110 2089.5
1148120 2082.6
1148130 2076.1
1148140 2076.1
1148150 2073.1
1148160 2071.9
1148170 2071.9
1148180 2068.7
1148190 2063.2
1148200 2063.2
1148210 2062.1
1148220 2055.6
1148230 2055.6
1148240 2047.7
1148250 2037.0
1148260 2037.0
1148270 2026.7
1148280 2019.9
1148290 2017.3
1148300 2017.3
1148310 2012.1
1148320 2006.3
1148330 2006.3
1148340 1998.3
1148350 1993.9
1148360 1993.9
1148370 1998.5
1148380 2003.7
1148390 2003.7
1148400 2007.2
1148410 2010.1
1148420 2010.1
1148430 2013.8
1148440 2016.3
1148450 2016.3
1148460 2014.3
1148470 2010.9
1148480 2010.9
1148490 2007.6
1148500 2002.7
1148510 2002.7
1148520 1996.5
1148530 1989.6
1148540 1989.6
1148550 1980.2
1148560 1971.7
1148570 1965.8
1148580 1965.8
1148590 1944.6
1148600 1938.7
1148610 1938.7
1148620 1935.4
1148630 1934.7
1148640 1934.7
1148650 1932.1
1148660 1926.7
1148670 1926.7
1148680 1916.9
1148690 1910.3
1148700 1910.3
1148710 1906.6
1148720 1902.1
1148730 1902.1
1148740 1892.2
1148750 1884.6
1148760 1884.6
1148770 1888.7
1148780 1897.2
1148790 1897.2
1148800 1911.9
1148810 1923.2
1148820 1923.2
1148830 1932.6
1148840 1944.4
1148850 1949.2
1148860 1949.2
1148870 1952.4
1148880 1955.3
1148890 1955.3
1148900 1958.1
1148910 1962.9
1148920 1962.9
1148930 1969.1
1148940 1975.6
1148950 1975.6
1148960 1982.2
1148970 1980.5
1148980 1980.5
1148990 1979.7
1149000 1987.8
1149010 1987.8
1149020 1997.2
1149030 2008.8
1149040 2008.8
1149050 2021.6
1149060 2031.6
1149070 2031.6
1149080 2035.1
1149090 2043.8
1149100 2043.8
1149110 2055.2
1149120 2062.0
1149130 2066.7
1149140 2066.7
1149150 2072.4
1149160 2076.0
1149170 2076.0
1149180 2080.8
1149190 2085.9
1149200 2085.9
1149210 2089.3
1149220 2091.5
1149230 2091.5
1149240 2094.8
1149250 2099.6
1149260 2099.6
1149270 2103.2
1149280 2103.0
1149290 2103.0
1149300 2101.4
1149310 2099.7
1149320 2099.7
1149330 2097.7
1149340 2096.0
1149350 2092.3
1149360 2087.1
1149370 2083.9
1149380 2083.9
1149390 2081.9
1149400 2081.5
1149410 2082.6
1149420 2082.6
1149430 2081.1
1149440 2078.4
1149450 2078.4
1149460 2076.4
1149470 2076.0
1149480 2076.0
1149490 2074.4
1149500 2071.9
1149510 2071.9
1149520 2069.8
1149530 2067.4
1149540 2067.4
1149550 2066.1
1149560 2064.9
1149570 2064.9
1149580 2063.7
1149590 2062.9
1149600 2062.9
1149610 2063.9
1149620 2063.5
1149630 2063.5
1149640 2062.5
1149650 2064.3
1149660 2064.3
1149670 2065.9
1149680 2066.9
1149690 2065.8
1149700 2065.8
1149710 2062.9
1149720 2059.5
1149730 2056.0
1149740 2052.2
1149750 2044.0
1149760 2044.0
1149770 2036.1
1149780 2030.1
1149790 2030.1
1149800 2023.2
1149810 2018.7
1149820 2018.7
1149830 2012.6
1149840 2003.9
1149850 2003.9
1149860 1997.7
1149870 1991.5
1149880 1991.5
1149890 1983.2
1149900 1973.4
1149910 1973.4
1149920 1964.9
1149930 1954.1
1149940 1954.1
1149950 1944.8
1149960 1936.1
1149970 1927.8
1149980 1927.8
1149990 1918.6
1150000 1907.9
1150010 1907.9
1150020 1901.0
1150030 1895.3
1150040 1895.3
1150050 1890.1
1150060 1882.2
1150070 1882.2
1150080 1874.7
1150090 1867.1
1150100 1867.1
1150110 1854.7
1150120 1848.4
1150130 1848.4
1150140 1842.8
1150150 1837.1
1150160 1837.1
1150170 1831.3
1150180 1825.3
1150190 1825.3
1150200 1819.6
1150210 1812.7
1150220 1812.7
1150230 1806.3
1150240 1798.8
1150250 1792.1
1150260 1792.1
1150270 1783.5
1150280 1771.8
1150290 1771.8
1150300 1760.7
1150310 1752.4
1150320 1752.4
1150330 1745.0
1150340 1738.0
1150350 1738.0
1150360 1732.4
1150370 1726.4
1150380 1726.4
1150390 1721.0
1150400 1716.8
1150410 1716.8
1150420 1712.9
1150430 1709.1
1150440 1709.1
1150450 1705.9
1150460 1704.2
1150470 1704.2
1150480 1702.3
1150490 1701.0
1150500 1701.0
1150510 1697.3
1150520 1693.5
1150530 1690.9
1150540 1690.9
1150550 1688.1
1150560 1685.2
1150570 1685.2
1150580 1682.5
1150590 1680.1
1150600 1680.1
1150610 1680.3
1150620 1679.4
1150630 1679.4
1150640 1676.2
1150650 1677.5
1150660 1677.5
1150670 1679.4
1150680 1679.9
1150690 1679.9
1150700 1680.4
1150710 1682.8
1150720 1682.8
1150730 1685.8
1150740 1687.4
1150750 1687.4
1150760 1691.9
1150770 1700.8
1150780 1700.8
1150790 1710.5
1150800 1721.5
1150810 1729.8
1150820 1729.8
1150830 1736.2
1150840 1739.7
1150850 1739.7
1150860 1742.5
1150870 1747.8
1150880 1747.8
1150890 1755.5
1150900 1760.0
1150910 1760.0
1150920 1764.9
1150930 1770.4
1150940 1770.4
1150950 1775.7
1150960 1781.2
1150970 1781.2
1150980 1787.8
1150990 1796.6
1151000 1796.6
1151010 1811.1
1151020 1823.1
1151030 1823.1
1151040 1830.7
1151050 1839.5
1151060 1850.3
1151070 1850.3
1151080 1859.9
1151090 1865.8
1151100 1865.8
1151110 1870.4
1151120 1876.1
1151130 1876.1
1151140 1883.7
1151150 1890.6
1151160 1890.6
1151170 1897.5
1151180 1904.9
1151190 1904.9
1151200 1911.9
1151210 1919.2
1151220 1919.2
1151230 1927.5
1151240 1935.7
1151250 1936.6
1151260 1944.6
1151270 1951.9
1151280 1951.9
1151290 1959.5
1151300 1967.1
1151310 1967.1
1151320 1975.6
1151330 1985.4
1151340 1999.1
1151350 1999.1
1151360 2007.2
1151370 2013.8
1151380 2013.8
1151390 2023.5
1151400 2031.9
1151410 2031.9
1151420 2041.5
1151430 2051.2
1151440 2051.2
1151450 2058.2
1151460 2062.2
1151470 2062.2
1151480 2063.8
1151490 2065.3
1151500 2065.3
1151510 2067.6
1151520 2072.3
1151530 2072.3
1151540 2073.3
1151550 2073.4
1151560 2073.4
1151570 2071.3
1151580 2072.5
1151590 2072.5
1151600 2074.7
1151610 2076.1
1151620 2076.6
1151630 2072.1
1151640 2074.7
1151650 2076.1
1151660 2076.1
1151670 2080.1
1151680 2081.5
1151690 2081.5
1151700 2081.9
1151710 2083.1
1151720 2083.1
1151730 2083.8
1151740 2084.5
1151750 2084.5
1151760 2085.8
1151770 2084.2
1151780 2084.2
1151790 2079.2
1151800 2071.9
1151810 2071.9
1151820 2069.2
1151830 2068.0
1151840 2068.0
1151850 2064.1
1151860 2057.9
1151870 2057.9
1151880 2053.7
1151890 2056.1
1151900 2059.3
1151910 2059.3
1151920 2063.2
1151930 2067.4
1151940 2067.4
1151950 2072.0
1151960 2076.7
1151970 2076.7
1151980 2081.4
1151990 2086.6
1152000 2086.6
1152010 2092.3
1152020 2095.0
1152030 2095.0
1152040 2100.9
1152050 2107.0
1152060 2107.0
1152070 2113.2
1152080 2119.3
1152090 2119.3
1152100 2125.2
1152110 2131.1
1152120 2131.1
1152130 2136.9
1152140 2143.0
1152150 2143.0
1152160 2149.7
1152170 2159.6
1152180 2179.7
1152190 2179.7
1152200 2194.8
1152210 2217.9
1152220 2217.9
1152230 2238.6
1152240 2251.7
1152250 2251.7
1152260 2262.1
1152270 2270.2
1152280 2270.2
1152290 2278.8
1152300 2290.1
1152310 2290.1
1152320 2302.9
1152330 2308.8
1152340 2308.8
1152350 2308.7
1152360 2313.8
1152370 2313.8
1152380 2314.5
1152390 2310.9
1152400 2301.5
1152410 2302.8
1152420 2307.8
1152430 2307.8
1152440 2310.6
1152450 2312.3
1152460 2316.7
1152470 2316.7
1152480 2328.3
1152490 2339.9
1152500 2339.9
1152510 2344.0
1152520 2346.4
1152530 2346.4
1152540 2348.9
1152550 2350.8
1152560 2350.8
1152570 2348.5
1152580 2342.2
1152590 2342.2
1152600 2334.6
1152610 2328.3
1152620 2328.3
1152630 2321.9
1152640 2316.0
1152650 2316.0
1152660 2309.2
1152670 2302.5
1152680 2302.5
1152690 2296.7
1152700 2289.9
1152710 2289.9
1152720 2282.8
1152730 2277.7
1152740 2272.7
1152750 2272.7
1152760 2267.8
1152770 2262.8
1152780 2258.2
1152790 2252.9
1152800 2247.9
1152810 2247.9
1152820 2242.4
1152830 2236.4
1152840 2236.4
1152850 2231.4
1152860 2227.2
1152870 2227.2
1152880 2223.1
1152890 2218.1
1152900 2218.1
1152910 2213.0
1152920 2208.6
1152930 2208.6
1152940 2204.2
1152950 2198.9
1152960 2198.9
1152970 2193.8
1152980 2188.8
1152990 2188.8
1153000 2183.9
1153010 2178.8
1153020 2174.1
1153030 2174.1
1153040 2169.3
1153050 2164.5
1153060 2164.5
1153070 2161.3
1153080 2159.1
1153090 2159.1
1153100 2156.4
1153110 2153.8
1153120 2153.8
1153130 2151.4
1153140 2149.8
1153150 2149.8
1153160 2149.1
1153170 2144.2
1153180 2144.2
1153190 2143.9
1153200 2142.8
1153210 2142.8
1153220 2142.4
1153230 2141.2
1153240 2141.2
1153250 2140.0
1153260 2140.2
1153270 2140.2
1153280 2141.6
1153290 2142.2
1153300 2142.5
1153310 2142.5
1153320 2143.3
1153330 2144.4
1153340 2144.4
1153350 2145.4
1153360 2146.0
1153370 2146.0
1153380 2145.5
1153390 2143.7
1153400 2143.7
1153410 2141.3
1153420 2138.0
1153430 2138.0
1153440 2134.6
1153450 2131.0
1153460 2131.0
1153470 2127.0
1153480 2122.8
1153490 2122.8
1153500 2118.8
1153510 2115.1
1153520 2115.1
1153530 2112.6
1153540 2112.0
1153550 2105.0
1153560 2102.8
1153570 2100.7
1153580 2101.0
1153590 2101.0
1153600 2097.5
1153610 2093.8
1153620 2093.8
1153630 2092.2
1153640 2094.2
1153650 2094.2
1153660 2094.2
1153670 2092.9
1153680 2092.9
1153690 2092.1
1153700 2092.8
1153710 2092.8
1153720 2093.1
1153730 2091.1
1153740 2091.1
1153750 2088.3
1153760 2085.7
1153770 2085.7
1153780 2082.6
1153790 2079.5
1153800 2079.5
1153810 2076.7
1153820 2074.7
1153830 2074.7
1153840 2074.6
1153850 2073.4
1153860 2070.9
1153870 2070.9
1153880 2068.8
1153890 2067.5
1153900 2067.5
1153910 2066.9
1153920 2065.7
1153930 2065.7
1153940 2052.3
1153950 2049.2
1153960 2049.2
1153970 2045.5
1153980 2041.4
1153990 2041.4
1154000 2039.8
1154010 2037.4
1154020 2037.4
1154030 2034.7
1154040 2031.4
1154050 2031.4
1154060 2028.6
1154070 2027.0
1154080 2027.0
1154090 2024.5
1154100 2020.8
1154110 2020.8
1154120 2015.5
1154130 2010.0
1154140 2000.6
1154150 2000.6
1154160 1995.3
1154170 1995.4
1154180 1995.4
1154190 1997.8
1154200 1998.5
1154210 1998.5
1154220 1995.4
1154230 1990.0
1154240 1990.0
1154250 1986.9
1154260 1982.9
1154270 1982.9
1154280 1981.1
1154290 1981.1
1154300 1981.1
1154310 1981.2
1154320 1966.7
1154330 1966.7
1154340 1963.4
1154350 1958.9
1154360 1958.9
1154370 1952.8
1154380 1944.7
1154390 1944.7
1154400 1936.9
1154410 1934.2
1154420 1931.4
1154430 1931.4
1154440 1926.3
1154450 1918.8
1154460 1918.8
1154470 1911.8
1154480 1906.1
1154490 1906.1
1154500 1898.7
1154510 1892.6
1154520 1892.6
1154530 1889.6
1154540 1887.1
1154550 1887.1
1154560 1884.0
1154570 1878.5
1154580 1878.5
1154590 1876.4
1154600 1874.8
1154610 1874.8
1154620 1871.9
1154630 1868.5
1154640 1868.5
1154650 1864.5
1154660 1861.2
1154670 1861.2
1154680 1858.7
1154690 1858.6
1154700 1859.6
1154710 1845.9
1154720 1847.3
1154730 1849.3
1154740 1849.3
1154750 1848.7
1154760 1846.3
1154770 1846.3
1154780 1842.8
1154790 1837.9
1154800 1837.9
1154810 1831.8
1154820 1827.0
1154830 1827.0
1154840 1819.1
1154850 1809.6
1154860 1809.6
1154870 1801.5
1154880 1794.0
1154890 1794.0
1154900 1787.9
1154910 1782.2
1154920 1782.2
1154930 1775.4
1154940 1767.2
1154950 1759.5
1154960 1759.5
1154970 1754.5
1154980 1748.8
1154990 1748.8
1155000 1742.9
1155010 1737.8
1155020 1737.8
1155030 1733.1
1155040 1729.1
1155050 1729.1
1155060 1724.0
1155070 1714.9
1155080 1714.9
1155090 1699.9
1155100 1692.4
1155110 1692.4
1155120 1685.4
1155130 1678.5
1155140 1678.5
1155150 1673.3
1155160 1667.9
1155170 1667.9
1155180 1662.8
1155190 1656.3
1155200 1656.3
1155210 1651.3
1155220 1648.0
1155230 1639.3
1155240 1639.3
1155250 1627.1
1155260 1630.6
1155270 1630.6
1155280 1631.6
1155290 1635.4
1155300 1635.4
1155310 1641.7
1155320 1643.9
1155330 1643.9
1155340 1646.3
1155350 1642.3
1155360 1642.3
1155370 1640.8
1155380 1639.2
1155390 1639.2
1155400 1632.3
1155410 1623.6
1155420 1623.6
1155430 1629.7
1155440 1636.5
1155450 1636.5
1155460 1640.1
1155470 1640.6
1155480 1633.5
1155490 1633.6
1155500 1633.9
1155510 1633.4
1155520 1633.4
1155530 1633.2
1155540 1632.8
1155550 1632.8
1155560 1632.5
1155570 1630.8
1155580 1630.8
1155590 1627.5
1155600 1625.0
1155610 1625.0
1155620 1621.5
1155630 1617.1
1155640 1617.1
1155650 1615.1
1155660 1612.6
1155670 1612.6
1155680 1610.1
1155690 1607.8
1155700 1607.8
1155710 1604.4
1155720 1602.9
1155730 1602.9
1155740 1601.3
1155750 1598.9
1155760 1598.9
1155770 1595.9
1155780 1593.3
1155790 1590.7
1155800 1590.7
1155810 1588.7
1155820 1586.8
1155830 1586.8
1155840 1584.3
1155850 1581.4
1155860 1581.4
1155870 1572.5
1155880 1571.0
1155890 1571.0
1155900 1571.0
1155910 1569.3
1155920 1569.3
1155930 1567.8
1155940 1567.0
1155950 1567.0
1155960 1566.5
1155970 1564.6
1155980 1564.6
1155990 1559.9
1156000 1555.9
1156010 1555.9
1156020 1554.7
1156030 1554.6
1156040 1554.6
1156050 1554.8
1156060 1552.5
1156070 1549.7
1156080 1549.7
1156090 1549.6
1156100 1551.8
1156110 1551.8
1156120 1549.9
1156130 1547.5
1156140 1547.5
1156150 1544.5
1156160 1541.2
1156170 1541.2
1156180 1538.3
1156190 1535.6
1156200 1535.6
1156210 1533.2
1156220 1530.6
1156230 1530.6
1156240 1527.8
1156250 1525.0
1156260 1520.1
1156270 1519.0
1156280 1519.4
1156290 1519.4
1156300 1521.4
1156310 1527.2
1156320 1527.2
1156330 1533.6
1156340 1540.2
1156350 1546.0
1156360 1546.0
1156370 1552.4
1156380 1557.0
1156390 1557.0
1156400 1562.8
1156410 1568.2
1156420 1568.2
1156430 1573.1
1156440 1579.5
1156450 1579.5
1156460 1587.5
1156470 1593.8
1156480 1593.8
1156490 1599.5
1156500 1606.0
1156510 1606.0
1156520 1613.2
1156530 1616.2
1156540 1616.2
1156550 1612.5
1156560 1607.2
1156570 1607.2
1156580 1602.3
1156590 1601.7
1156600 1601.7
1156610 1604.1
1156620 1610.5
1156630 1605.6
1156640 1605.6
1156650 1559.3
1156660 1549.1
1156670 1549.1
1156680 1545.9
1156690 1544.8
1156700 1544.8
1156710 1539.2
1156720 1542.6
1156730 1542.6
1156740 1538.9
1156750 1541.9
1156760 1541.9
1156770 1542.9
1156780 1543.5
1156790 1543.5
1156800 1557.0
1156810 1569.5
1156820 1569.5
1156830 1565.7
1156840 1572.9
1156850 1572.9
1156860 1592.7
1156870 1597.3
1156880 1597.3
1156890 1599.6
1156900 1601.4
1156910 1602.2
1156920 1602.2
1156930 1586.4
1156940 1575.4
1156950 1575.4
1156960 1578.1
1156970 1592.9
1156980 1592.9
1156990 1595.7
1157000 1591.5
1157010 1591.5
1157020 1584.7
1157030 1575.8
1157040 1575.8
1157050 1587.5
1157060 1602.3
1157070 1602.3
1157080 1613.8
1157090 1623.1
1157100 1623.1
1157110 1627.5
1157120 1625.9
1157130 1625.9
1157140 1627.4
1157150 1621.1
1157160 1621.1
1157170 1610.9
1157180 1608.8
1157190 1632.1
1157200 1632.1
1157210 1641.5
1157220 1638.6
1157230 1638.6
1157240 1637.1
1157250 1633.2
1157260 1633.2
1157270 1630.3
1157280 1626.3
1157290 1626.3
1157300 1622.4
1157310 1617.2
1157320 1617.2
1157330 1614.4
1157340 1613.7
1157350 1613.7
1157360 1612.7
1157370 1610.4
1157380 1610.4
1157390 1607.1
1157400 1601.9
1157410 1601.9
1157420 1579.8
1157430 1568.0
1157440 1568.0
1157450 1553.8
1157460 1539.8
1157470 1543.1
1157480 1543.1
1157490 1546.3
1157500 1544.1
1157510 1544.1
1157520 1544.9
1157530 1544.7
1157540 1544.7
1157550 1539.5
1157560 1541.4
1157570 1541.4
1157580 1534.1
1157590 1528.3
1157600 1528.3
1157610 1526.9
1157620 1524.0
1157630 1524.0
1157640 1518.3
1157650 1515.5
1157660 1515.5
1157670 1515.9
1157680 1514.2
1157690 1514.2
1157700 1513.6
1157710 1512.2
1157720 1512.2
1157730 1510.0
1157740 1507.7
1157750 1506.0
1157760 1506.0
1157770 1503.8
1157780 1501.7
1157790 1501.7
1157800 1497.7
1157810 1479.1
1157820 1479.1
1157830 1466.7
1157840 1470.8
1157850 1470.8
1157860 1484.9
1157870 1491.2
1157880 1491.2
1157890 1494.1
1157900 1498.3
1157910 1498.3
1157920 1501.6
1157930 1503.8
1157940 1503.8
1157950 1504.3
1157960 1504.8
1157970 1504.8
1157980 1506.2
1157990 1508.0
1158000 1508.0
1158010 1509.9
1158020 1511.9
1158030 1513.2
1158040 1513.2
1158050 1513.6
1158060 1513.7
1158070 1513.7
1158080 1512.9
1158090 1510.4
1158100 1510.4
1158110 1511.0
1158120 1513.5
1158130 1513.5
1158140 1514.3
1158150 1514.0
1158160 1514.0
1158170 1516.3
1158180 1517.5
1158190 1517.5
1158200 1515.2
1158210 1517.3
1158220 1517.3
1158230 1518.4
1158240 1523.0
1158250 1523.0
1158260 1524.8
1158270 1527.5
1158280 1531.5
1158290 1531.5
1158300 1533.0
1158310 1533.2
1158320 1533.2
1158330 1534.9
1158340 1538.4
1158350 1538.4
1158360 1541.0
1158370 1541.3
1158380 1541.3
1158390 1540.6
1158400 1541.7
1158410 1541.7
1158420 1541.8
1158430 1538.5
1158440 1538.5
1158450 1536.4
1158460 1539.3
1158470 1539.3
1158480 1540.1
1158490 1540.0
1158500 1540.0
1158510 1539.4
1158520 1537.6
1158530 1537.6
1158540 1534.4
1158550 1528.9
1158560 1526.4
1158570 1526.4
1158580 1530.3
1158590 1524.9
1158600 1524.9
1158610 1525.0
1158620 1524.8
1158630 1524.8
1158640 1518.7
1158650 1511.4
1158660 1511.4
1158670 1509.9
1158680 1511.6
1158690 1511.6
1158700 1518.3
1158710 1518.6
1158720 1518.6
1158730 1512.4
1158740 1510.5
1158750 1510.5
1158760 1513.3
1158770 1511.4
1158780 1511.4
1158790 1508.8
1158800 1508.1
1158810 1508.1
1158820 1509.0
1158830 1507.0
1158840 1500.5
1158850 1500.5
1158860 1496.4
1158870 1495.8
1158880 1495.8
1158890 1493.1
1158900 1490.6
1158910 1490.6
1158920 1490.3
1158930 1488.7
1158940 1488.7
1158950 1488.7
1158960 1489.1
1158970 1489.1
1158980 1479.9
1158990 1478.1
1159000 1478.1
1159010 1475.4
1159020 1471.9
1159030 1471.9
1159040 1469.5
1159050 1468.3
1159060 1468.3
1159070 1466.8
1159080 1464.8
1159090 1464.8
1159100 1463.2
1159110 1462.7
1159120 1463.3
1159130 1463.3
1159140 1463.9
1159150 1462.4
1159160 1462.4
1159170 1458.7
1159180 1451.4
1159190 1451.4
1159200 1441.2
1159210 1433.3
1159220 1433.3
1159230 1425.9
1159240 1419.2
1159250 1419.2
1159260 1411.8
1159270 1403.6
1159280 1403.6
1159290 1396.7
1159300 1389.5
1159310 1389.5
1159320 1380.7
1159330 1372.7
1159340 1372.7
1159350 1365.6
1159360 1359.7
1159370 1359.7
1159380 1352.2
1159390 1349.0
1159400 1348.1
1159410 1348.1
1159420 1344.1
1159430 1335.0
1159440 1335.0
1159450 1326.2
1159460 1317.9
1159470 1317.9
1159480 1309.9
1159490 1305.1
1159500 1305.1
1159510 1305.1
1159520 1313.7
1159530 1313.7
1159540 1322.3
1159550 1332.3
1159560 1332.3
1159570 1342.4
1159580 1350.5
1159590 1350.5
1159600 1356.9
1159610 1362.3
1159620 1362.3
1159630 1367.1
1159640 1371.2
1159650 1371.2
1159660 1374.3
1159670 1377.7
1159680 1381.1
1159690 1381.1
1159700 1384.6
1159710 1389.9
1159720 1389.9
1159730 1393.6
1159740 1395.0
1159750 1395.0
1159760 1394.2
1159770 1386.3
1159780 1386.3
1159790 1386.7
1159800 1387.6
1159810 1387.6
1159820 1388.6
1159830 1389.0
1159840 1389.0
1159850 1385.6
1159860 1388.5
1159870 1388.5
1159880 1393.8
1159890 1397.5
1159900 1397.5
1159910 1400.1
1159920 1402.3
1159930 1402.3
1159940 1403.7
1159950 1404.4
1159960 1405.1
1159970 1405.1
1159980 1407.3
1159990 1410.6
