1147000 1838.1
1147010 1838.1
1147020 1842.6
1147030 1867.3
1147040 1867.3
1147050 1887.1
1147060 1902.5
1147070 1902.5
1147080 1903.4
1147090 1890.8
1147100 1890.8
1147110 1873.0
1147120 1862.4
1147130 1877.7
1147140 1877.7
1147150 1929.8
1147160 1948.1
1147170 1948.1
1147180 1957.4
1147190 1963.2
1147200 1963.2
1147210 1968.6
1147220 1972.9
1147230 1972.9
1147240 1977.7
1147250 1983.7
1147260 1983.7
1147270 1989.2
1147280 1992.3
1147290 1992.3
1147300 1996.4
1147310 2002.2
1147320 2002.2
1147330 2009.6
1147340 2016.2
1147350 2016.2
1147360 2013.8
1147370 2009.8
1147380 2009.8
1147390 2011.8
1147400 2010.5
1147410 2009.3
1147420 2009.3
1147430 2011.6
1147440 2016.1
1147450 2016.1
1147460 2023.5
1147470 2030.1
1147480 2030.1
1147490 2031.5
1147500 2031.8
1147510 2031.8
1147520 2028.8
1147530 2025.4
1147540 2025.4
1147550 2031.4
1147560 2039.8
1147570 2039.8
1147580 2049.0
1147590 2061.1
1147600 2061.1
1147610 2069.2
1147620 2072.5
1147630 2072.5
1147640 2074.8
1147650 2081.5
1147660 2081.5
1147670 2089.4
1147680 2095.1
1147690 2096.9
1147700 2096.9
1147710 2095.3
1147720 2097.0
1147730 2097.0
1147740 2105.6
1147750 2114.3
1147760 2114.3
1147770 2121.8
1147780 2128.9
1147790 2128.9
1147800 2136.4
1147810 2144.1
1147820 2144.1
1147830 2153.0
1147840 2164.6
1147850 2164.6
1147860 2176.6
1147870 2185.3
1147880 2185.3
1147890 2192.8
1147900 2200.0
1147910 2200.0
1147920 2204.3
1147930 2209.6
1147940 2209.6
1147950 2215.5
1147960 2228.4
1147970 2235.1
1147980 2235.1
1147990 2242.2
1148000 2250.5
1148010 2250.5
1148020 2257.1
1148030 2261.3
1148040 2261.3
1148050 2267.0
1148060 2273.8
1148070 2273.8
1148080 2281.9
1148090 2290.9
1148100 2290.9
1148110 2292.6
1148120 2288.3
1148130 2288.3
1148140 2283.1
1148150 2277.4
1148160 2277.4
1148170 2272.2
1148180 2268.0
1148190 2268.0
1148200 2266.6
1148210 2269.0
1148220 2269.0
1148230 2273.7
1148240 2277.7
1148250 2285.6
1148260 2285.6
1148270 2297.2
1148280 2306.3
1148290 2306.3
1148300 2308.1
1148310 2306.3
1148320 2306.3
1148330 2307.8
1148340 2300.9
1148350 2300.9
1148360 2301.8
1148370 2300.4
1148380 2300.4
1148390 2300.4
1148400 2302.3
1148410 2302.3
1148420 2304.5
1148430 2305.8
1148440 2305.8
1148450 2306.8
1148460 2308.8
1148470 2308.8
1148480 2311.7
1148490 2313.8
1148500 2313.8
1148510 2315.8
1148520 2324.7
1148530 2336.4
1148540 2336.4
1148550 2343.2
1148560 2342.0
1148570 2342.0
1148580 2338.4
1148590 2342.0
1148600 2342.0
1148610 2358.1
1148620 2369.6
1148630 2369.6
1148640 2361.1
1148650 2358.3
1148660 2358.3
1148670 2352.3
1148680 2350.5
1148690 2350.5
1148700 2354.5
1148710 2349.1
1148720 2338.9
1148730 2338.1
1148740 2337.7
1148750 2337.7
1148760 2337.8
1148770 2339.8
1148780 2339.8
1148790 2334.9
1148800 2330.3
1148810 2329.8
1148820 2329.8
1148830 2329.0
1148840 2327.7
1148850 2327.7
1148860 2326.4
1148870 2324.2
1148880 2324.2
1148890 2322.9
1148900 2324.0
1148910 2324.0
1148920 2325.1
1148930 2325.9
1148940 2325.9
1148950 2326.4
1148960 2327.5
1148970 2327.5
1148980 2329.0
1148990 2330.4
1149000 2330.4
1149010 2333.8
1149020 2339.3
1149030 2339.3
1149040 2345.2
1149050 2351.3
1149060 2351.3
1149070 2357.4
1149080 2360.0
1149090 2363.4
1149100 2357.4
1149110 2361.5
1149120 2365.0
1149130 2365.0
1149140 2368.4
1149150 2374.7
1149160 2374.7
1149170 2385.0
1149180 2389.9
1149190 2389.9
1149200 2392.8
1149210 2396.8
1149220 2396.8
1149230 2397.5
1149240 2391.4
1149250 2391.4
1149260 2388.4
1149270 2370.8
1149280 2370.8
1149290 2345.3
1149300 2324.5
1149310 2324.5
1149320 2310.7
1149330 2300.6
1149340 2300.6
1149350 2273.9
1149360 2256.6
1149370 2253.3
1149380 2253.3
1149390 2249.8
1149400 2248.0
1149410 2248.0
1149420 2249.2
1149430 2247.1
1149440 2247.1
1149450 2241.8
1149460 2237.5
1149470 2237.5
1149480 2233.8
1149490 2217.7
1149500 2217.7
1149510 2194.2
1149520 2164.1
1149530 2164.1
1149540 2154.8
1149550 2149.9
1149560 2149.9
1149570 2146.6
1149580 2145.7
1149590 2145.7
1149600 2141.9
1149610 2129.0
1149620 2129.0
1149630 2120.1
1149640 2114.3
1149650 2108.2
1149660 2108.2
1149670 2101.7
1149680 2093.4
1149690 2093.4
1149700 2081.7
1149710 2073.0
1149720 2073.0
1149730 2066.8
1149740 2061.4
1149750 2061.4
1149760 2058.2
1149770 2057.4
1149780 2057.4
1149790 2056.9
1149800 2057.3
1149810 2057.3
1149820 2057.6
1149830 2058.0
1149840 2058.0
1149850 2059.3
1149860 2072.1
1149870 2072.1
1149880 2068.9
1149890 2066.2
1149900 2066.2
1149910 2066.4
1149920 2067.3
1149930 2067.6
1149940 2067.6
1149950 2064.6
1149960 2059.3
1149970 2059.3
1149980 2053.2
1149990 2049.1
1150000 2049.1
1150010 2045.4
1150020 2043.9
1150030 2043.9
1150040 2043.5
1150050 2043.6
1150060 2043.6
1150070 2038.9
1150080 2032.5
1150090 2032.5
1150100 2026.4
1150110 2023.1
1150120 2023.1
1150130 2022.8
1150140 2023.7
1150150 2023.7
1150160 2021.1
1150170 2016.1
1150180 2014.6
1150190 2014.6
1150200 2013.1
1150210 2010.5
1150220 2010.5
1150230 2012.3
1150240 2012.1
1150250 2012.1
1150260 2011.7
1150270 2008.8
1150280 2008.8
1150290 2006.2
1150300 2004.4
1150310 2004.4
1150320 2001.0
1150330 1999.6
1150340 1999.6
1150350 1997.9
1150360 1995.5
1150370 1995.5
1150380 1990.0
1150390 1979.9
1150400 1979.9
1150410 1971.4
1150420 1970.1
1150430 1970.1
1150440 1972.4
1150450 1971.6
1150460 1964.4
1150470 1964.4
1150480 1961.0
1150490 1954.1
1150500 1954.1
1150510 1951.9
1150520 1948.5
1150530 1948.5
1150540 1943.8
1150550 1936.7
1150560 1936.7
1150570 1930.4
1150580 1923.4
1150590 1923.4
1150600 1915.5
1150610 1910.7
1150620 1911.6
1150630 1905.3
1150640 1901.2
1150650 1901.2
1150660 1900.6
1150670 1898.2
1150680 1898.2
1150690 1885.3
1150700 1872.0
1150710 1872.0
1150720 1864.3
1150730 1856.6
1150740 1850.8
1150750 1850.8
1150760 1845.9
1150770 1837.8
1150780 1837.8
1150790 1831.2
1150800 1825.4
1150810 1825.4
1150820 1820.8
1150830 1817.5
1150840 1817.5
1150850 1814.7
1150860 1813.8
1150870 1813.8
1150880 1812.3
1150890 1810.7
1150900 1810.7
1150910 1809.0
1150920 1809.3
1150930 1809.3
1150940 1805.5
1150950 1803.6
1150960 1803.6
1150970 1807.0
1150980 1808.3
1150990 1808.3
1151000 1809.6
1151010 1812.7
1151020 1815.8
1151030 1815.8
1151040 1819.1
1151050 1822.7
1151060 1822.7
1151070 1825.9
1151080 1829.7
1151090 1829.7
1151100 1834.0
1151110 1839.1
1151120 1839.1
1151130 1844.9
1151140 1850.4
1151150 1850.4
1151160 1855.4
1151170 1861.2
1151180 1861.2
1151190 1866.9
1151200 1872.7
1151210 1872.7
1151220 1878.5
1151230 1884.4
1151240 1884.4
1151250 1890.2
1151260 1896.2
1151270 1896.2
1151280 1901.9
1151290 1907.1
1151300 1912.1
1151310 1912.1
1151320 1917.8
1151330 1923.6
1151340 1923.6
1151350 1929.4
1151360 1935.1
1151370 1935.1
1151380 1940.7
1151390 1949.4
1151400 1949.4
1151410 1955.3
1151420 1963.0
1151430 1963.0
1151440 1969.7
1151450 1975.7
1151460 1975.7
1151470 1982.1
1151480 1989.2
1151490 1989.2
1151500 1998.7
1151510 2010.1
1151520 2010.1
1151530 2018.7
1151540 2026.0
1151550 2026.0
1151560 2032.8
1151570 2039.6
1151580 2045.8
1151590 2045.8
1151600 2048.9
1151610 2048.7
1151620 2048.7
1151630 2049.9
1151640 2052.5
1151650 2052.5
1151660 2055.3
1151670 2057.5
1151680 2057.5
1151690 2059.4
1151700 2059.8
1151710 2059.8
1151720 2057.7
1151730 2054.6
1151740 2054.6
1151750 2050.2
1151760 2044.0
1151770 2046.1
1151780 2040.5
1151790 2045.2
1151800 2045.2
1151810 2050.4
1151820 2052.5
1151830 2052.5
1151840 2054.1
1151850 2051.6
1151860 2050.0
1151870 2050.0
1151880 2049.5
1151890 2050.2
1151900 2050.2
1151910 2055.8
1151920 2063.4
1151930 2063.4
1151940 2068.2
1151950 2067.8
1151960 2067.8
1151970 2065.8
1151980 2062.7
1151990 2062.7
1152000 2059.6
1152010 2058.2
1152020 2058.2
1152030 2060.7
1152040 2062.6
1152050 2062.6
1152060 2064.1
1152070 2067.2
1152080 2067.2
1152090 2071.8
1152100 2077.5
1152110 2077.5
1152120 2083.8
1152130 2088.2
1152140 2091.0
1152150 2092.0
1152160 2094.9
1152170 2099.9
1152180 2099.9
1152190 2107.2
1152200 2115.5
1152210 2115.5
1152220 2122.4
1152230 2128.7
1152240 2128.7
1152250 2133.8
1152260 2137.8
1152270 2137.8
1152280 2140.6
1152290 2142.8
1152300 2142.8
1152310 2144.6
1152320 2147.3
1152330 2147.3
1152340 2149.1
1152350 2151.2
1152360 2151.2
1152370 2153.7
1152380 2156.6
1152390 2156.6
1152400 2160.7
1152410 2165.1
1152420 2168.9
1152430 2168.9
1152440 2172.4
1152450 2176.3
1152460 2176.3
1152470 2180.9
1152480 2185.8
1152490 2185.8
1152500 2190.9
1152510 2196.1
1152520 2196.1
1152530 2201.4
1152540 2209.5
1152550 2209.5
1152560 2215.0
1152570 2220.1
1152580 2220.1
1152590 2224.1
1152600 2227.9
1152610 2227.9
1152620 2231.3
1152630 2236.6
1152640 2236.6
1152650 2242.7
1152660 2249.5
1152670 2249.5
1152680 2256.3
1152690 2263.7
1152700 2270.1
1152710 2270.1
1152720 2275.9
1152730 2281.1
1152740 2281.1
1152750 2286.6
1152760 2292.4
1152770 2292.4
1152780 2297.8
1152790 2305.8
1152800 2305.8
1152810 2316.2
1152820 2326.1
1152830 2326.1
1152840 2338.0
1152850 2352.1
1152860 2352.1
1152870 2371.6
1152880 2382.0
1152890 2382.0
1152900 2390.6
1152910 2397.0
1152920 2401.2
1152930 2403.4
1152940 2399.1
1152950 2399.1
1152960 2393.0
1152970 2384.5
1152980 2368.6
1152990 2368.6
1153000 2345.6
1153010 2331.5
1153020 2331.5
1153030 2323.1
1153040 2314.3
1153050 2314.3
1153060 2305.3
1153070 2295.3
1153080 2295.3
1153090 2284.9
1153100 2277.8
1153110 2277.8
1153120 2271.2
1153130 2264.5
1153140 2264.5
1153150 2257.6
1153160 2250.6
1153170 2250.6
1153180 2243.5
1153190 2237.6
1153200 2237.6
1153210 2232.4
1153220 2226.9
1153230 2226.9
1153240 2220.7
1153250 2215.2
1153260 2211.6
1153270 2211.6
1153280 2207.7
1153290 2204.9
1153300 2204.9
1153310 2203.1
1153320 2199.8
1153330 2199.8
1153340 2197.1
1153350 2195.0
1153360 2195.0
1153370 2193.1
1153380 2191.6
1153390 2191.6
1153400 2191.4
1153410 2191.7
1153420 2191.7
1153430 2191.7
1153440 2192.8
1153450 2192.8
1153460 2192.6
1153470 2192.9
1153480 2192.9
1153490 2195.3
1153500 2196.4
1153510 2196.4
1153520 2195.7
1153530 2192.9
1153540 2189.3
1153550 2189.3
1153560 2185.4
1153570 2182.5
1153580 2182.5
1153590 2180.0
1153600 2176.0
1153610 2176.0
1153620 2171.4
1153630 2167.6
1153640 2167.6
1153650 2163.3
1153660 2158.0
1153670 2158.0
1153680 2151.1
1153690 2142.4
1153700 2142.4
1153710 2140.8
1153720 2141.4
1153730 2141.4
1153740 2141.8
1153750 2137.3
1153760 2137.3
1153770 2135.3
1153780 2135.5
1153790 2135.5
1153800 2137.6
1153810 2136.9
1153820 2131.6
1153830 2131.6
1153840 2127.3
1153850 2124.3
1153860 2124.3
1153870 2121.3
1153880 2116.7
1153890 2116.7
1153900 2108.7
1153910 2099.2
1153920 2099.2
1153930 2088.1
1153940 2075.8
1153950 2075.8
1153960 2063.6
1153970 2049.4
1153980 2049.4
1153990 2039.3
1154000 2034.2
1154010 2034.2
1154020 2031.4
1154030 2030.3
1154040 2030.3
1154050 2025.5
1154060 2019.1
1154070 2019.1
1154080 2014.2
1154090 2007.5
1154100 2002.1
1154110 2002.1
1154120 1996.8
1154130 1991.5
1154140 1991.5
1154150 1986.8
1154160 1983.2
1154170 1983.2
1154180 1981.2
1154190 1979.5
1154200 1979.5
1154210 1975.3
1154220 1971.6
1154230 1971.6
1154240 1971.6
1154250 1969.3
1154260 1969.3
1154270 1967.4
1154280 1966.1
1154290 1966.1
1154300 1965.1
1154310 1964.4
1154320 1964.4
1154330 1964.0
1154340 1964.2
1154350 1964.2
1154360 1964.3
1154370 1963.2
1154380 1960.8
1154390 1960.8
1154400 1957.9
1154410 1955.5
1154420 1955.5
1154430 1952.4
1154440 1949.4
1154450 1949.4
1154460 1950.1
1154470 1946.3
1154480 1946.3
1154490 1943.1
1154500 1942.6
1154510 1942.6
1154520 1942.2
1154530 1939.9
1154540 1939.9
1154550 1939.7
1154560 1939.8
1154570 1939.8
1154580 1936.7
1154590 1936.1
1154600 1936.1
1154610 1938.3
1154620 1940.6
1154630 1940.6
1154640 1943.5
1154650 1946.0
1154660 1949.0
1154670 1949.0
1154680 1952.1
1154690 1952.1
1154700 1952.1
1154710 1953.4
1154720 1955.7
1154730 1955.7
1154740 1959.1
1154750 1962.7
1154760 1962.7
1154770 1964.7
1154780 1968.6
1154790 1968.6
1154800 1972.0
1154810 1974.3
1154820 1974.3
1154830 1976.8
1154840 1979.0
1154850 1973.3
1154860 1977.4
1154870 1985.2
1154880 1985.2
1154890 1998.6
1154900 2018.2
1154910 2018.2
1154920 2033.6
1154930 2046.9
1154940 2060.8
1154950 2060.8
1154960 2078.5
1154970 2085.8
1154980 2085.8
1154990 2096.7
1155000 2102.6
1155010 2102.6
1155020 2106.3
1155030 2115.6
1155040 2115.6
1155050 2125.2
1155060 2130.0
1155070 2130.0
1155080 2138.3
1155090 2145.6
1155100 2145.6
1155110 2152.0
1155120 2156.9
1155130 2156.9
1155140 2158.7
1155150 2161.0
1155160 2161.0
1155170 2166.9
1155180 2175.5
1155190 2175.5
1155200 2187.1
1155210 2192.1
1155220 2195.1
1155230 2184.5
1155240 2187.8
1155250 2193.4
1155260 2193.4
1155270 2198.8
1155280 2203.2
1155290 2203.2
1155300 2209.4
1155310 2213.7
1155320 2213.7
1155330 2216.8
1155340 2213.3
1155350 2213.3
1155360 2207.0
1155370 2200.4
1155380 2200.4
1155390 2192.5
1155400 2182.9
1155410 2182.9
1155420 2174.3
1155430 2166.8
1155440 2166.8
1155450 2160.5
1155460 2156.7
1155470 2156.7
1155480 2152.5
1155490 2146.3
1155500 2139.6
1155510 2139.6
1155520 2135.8
1155530 2128.8
1155540 2128.8
1155550 2118.4
1155560 2106.2
1155570 2106.2
1155580 2099.0
1155590 2092.4
1155600 2092.4
1155610 2085.7
1155620 2081.7
1155630 2081.7
1155640 2074.9
1155650 2068.3
1155660 2068.3
1155670 2061.8
1155680 2055.7
1155690 2055.7
1155700 2050.0
1155710 2044.6
1155720 2044.6
1155730 2039.2
1155740 2035.0
1155750 2035.0
1155760 2031.2
1155770 2028.2
1155780 2024.7
1155790 2024.7
1155800 2021.8
1155810 2018.4
1155820 2018.4
1155830 2014.3
1155840 2011.4
1155850 2011.4
1155860 2009.7
1155870 2008.3
1155880 2008.3
1155890 2006.9
1155900 2005.5
1155910 2005.5
1155920 2004.4
1155930 2003.8
1155940 2003.8
1155950 2004.3
1155960 2004.1
1155970 2004.1
1155980 2001.9
1155990 1998.8
1156000 1998.8
1156010 1997.0
1156020 1994.7
1156030 1994.7
1156040 1993.0
1156050 1990.7
1156060 1988.0
1156070 1988.0
1156080 1985.7
1156090 1984.3
1156100 1984.3
1156110 1983.0
1156120 1981.1
1156130 1981.1
1156140 1979.6
1156150 1975.4
1156160 1975.4
1156170 1968.5
1156180 1961.1
1156190 1961.1
1156200 1954.8
1156210 1951.3
1156220 1951.3
1156230 1950.4
1156240 1950.9
1156250 1950.9
1156260 1951.3
1156270 1951.1
1156280 1951.1
1156290 1949.6
1156300 1948.5
1156310 1948.5
1156320 1948.4
1156330 1947.2
1156340 1946.8
1156350 1946.8
1156360 1944.8
1156370 1945.4
1156380 1945.4
1156390 1947.2
1156400 1939.2
1156410 1939.2
1156420 1940.5
1156430 1944.5
1156440 1944.5
1156450 1949.5
1156460 1950.0
1156470 1950.0
1156480 1947.6
1156490 1948.1
1156500 1948.1
1156510 1936.9
1156520 1936.4
1156530 1936.4
1156540 1941.8
1156550 1950.7
1156560 1950.7
1156570 1958.0
1156580 1964.2
1156590 1964.2
1156600 1967.6
1156610 1971.2
1156620 1984.0
1156630 1984.0
1156640 1992.3
1156650 1988.8
1156660 1988.8
1156670 2002.4
1156680 2017.0
1156690 2017.0
1156700 2023.3
1156710 2032.4
1156720 2032.4
1156730 2039.1
1156740 2034.9
1156750 2034.9
1156760 2030.2
1156770 2038.8
1156780 2038.8
1156790 2054.7
1156800 2065.3
1156810 2065.3
1156820 2065.4
1156830 2069.5
1156840 2069.5
1156850 2083.3
1156860 2087.4
1156870 2087.4
1156880 2089.2
1156890 2091.6
1156900 2093.2
1156910 2093.2
1156920 2093.3
1156930 2093.9
1156940 2093.9
1156950 2093.8
1156960 2092.8
1156970 2092.8
1156980 2090.8
1156990 2087.9
1157000 2087.9
1157010 2084.3
1157020 2078.9
1157030 2078.9
1157040 2072.1
1157050 2065.8
1157060 2065.8
1157070 2060.8
1157080 2055.5
1157090 2055.5
1157100 2050.0
1157110 2041.7
1157120 2041.7
1157130 2033.2
1157140 2027.1
1157150 2027.1
1157160 2020.9
1157170 2014.0
1157180 2007.6
1157190 2007.6
1157200 2001.7
1157210 1997.2
1157220 1997.2
1157230 1993.7
1157240 1989.4
1157250 1989.4
1157260 1985.2
1157270 1981.4
1157280 1981.4
1157290 1978.9
1157300 1977.3
1157310 1977.3
1157320 1974.5
1157330 1976.8
1157340 1976.8
1157350 1978.6
1157360 1982.1
1157370 1982.1
1157380 1984.5
1157390 1985.7
1157400 1985.7
1157410 1983.8
1157420 1979.1
1157430 1979.1
1157440 1974.6
1157450 1969.3
1157460 1964.0
1157470 1964.0
1157480 1959.6
1157490 1958.3
1157500 1958.3
1157510 1958.6
1157520 1958.5
1157530 1958.5
1157540 1957.4
1157550 1955.2
1157560 1949.5
1157570 1948.2
1157580 1947.5
1157590 1947.5
1157600 1945.3
1157610 1942.2
1157620 1942.2
1157630 1940.7
1157640 1940.3
1157650 1940.3
1157660 1942.5
1157670 1945.9
1157680 1945.9
1157690 1946.3
1157700 1947.8
1157710 1947.8
1157720 1949.0
1157730 1947.6
1157740 1947.2
1157750 1947.2
1157760 1945.6
1157770 1944.3
1157780 1944.3
1157790 1944.9
1157800 1944.7
1157810 1944.7
1157820 1943.5
1157830 1943.8
1157840 1943.8
1157850 1945.8
1157860 1949.5
1157870 1949.5
1157880 1953.5
1157890 1958.5
1157900 1958.5
1157910 1965.0
1157920 1971.7
1157930 1971.7
1157940 1980.5
1157950 1982.3
1157960 1982.3
1157970 1986.0
1157980 1987.8
1157990 1987.8
1158000 1988.7
1158010 1988.3
1158020 1988.5
1158030 1988.5
1158040 1988.3
1158050 1988.4
1158060 1988.4
1158070 1989.0
1158080 1989.1
1158090 1989.1
1158100 1989.5
1158110 1989.3
1158120 1989.3
1158130 1989.5
1158140 1989.7
1158150 1989.7
1158160 1990.1
1158170 1989.4
1158180 1989.4
1158190 1988.8
1158200 1987.9
1158210 1987.9
1158220 1984.6
1158230 1981.6
1158240 1981.6
1158250 1979.6
1158260 1977.6
1158270 1977.6
1158280 1974.8
1158290 1972.2
1158300 1970.9
1158310 1970.9
1158320 1968.5
1158330 1966.0
1158340 1963.0
1158350 1959.7
1158360 1957.8
1158370 1957.8
1158380 1955.8
1158390 1951.9
1158400 1951.9
1158410 1948.5
1158420 1946.5
1158430 1946.5
1158440 1943.8
1158450 1938.3
1158460 1938.3
1158470 1933.8
1158480 1929.6
1158490 1929.6
1158500 1926.2
1158510 1922.6
1158520 1922.6
1158530 1919.0
1158540 1915.6
1158550 1915.6
1158560 1911.5
1158570 1905.8
1158580 1900.9
1158590 1900.9
1158600 1895.4
1158610 1890.5
1158620 1890.5
1158630 1885.4
1158640 1880.2
1158650 1880.2
1158660 1874.5
1158670 1868.4
1158680 1868.4
1158690 1862.2
1158700 1856.1
1158710 1856.1
1158720 1849.6
1158730 1838.7
1158740 1838.7
1158750 1831.5
1158760 1823.8
1158770 1823.8
1158780 1815.7
1158790 1807.8
1158800 1807.8
1158810 1801.8
1158820 1796.1
1158830 1796.1
1158840 1790.5
1158850 1784.4
1158860 1778.0
1158870 1778.0
1158880 1771.5
1158890 1765.8
1158900 1765.8
1158910 1760.6
1158920 1755.6
1158930 1755.6
1158940 1751.1
1158950 1747.3
1158960 1747.3
1158970 1742.5
1158980 1737.3
1158990 1737.3
1159000 1731.7
1159010 1725.6
1159020 1725.6
1159030 1719.3
1159040 1713.5
1159050 1713.5
1159060 1706.8
1159070 1699.9
1159080 1699.9
1159090 1693.9
1159100 1689.4
1159110 1689.4
1159120 1685.2
1159130 1687.6
1159140 1681.7
1159150 1681.7
1159160 1674.4
1159170 1666.0
1159180 1666.0
1159190 1658.0
1159200 1651.0
1159210 1651.0
1159220 1644.9
1159230 1640.1
1159240 1640.1
1159250 1634.2
1159260 1627.8
1159270 1627.8
1159280 1621.4
1159290 1615.9
1159300 1615.9
1159310 1610.1
1159320 1603.9
1159330 1603.9
1159340 1597.6
1159350 1592.3
1159360 1592.3
1159370 1587.7
1159380 1583.1
1159390 1583.1
1159400 1578.5
1159410 1573.4
1159420 1568.8
1159430 1568.8
1159440 1562.6
1159450 1557.8
1159460 1557.8
1159470 1558.7
1159480 1562.4
1159490 1562.4
1159500 1567.5
1159510 1572.7
1159520 1568.1
1159530 1573.8
1159540 1585.9
1159550 1585.9
1159560 1604.9
1159570 1612.3
1159580 1612.3
1159590 1617.9
1159600 1622.9
1159610 1622.9
1159620 1627.3
1159630 1631.5
1159640 1631.5
1159650 1634.7
1159660 1638.4
1159670 1638.4
1159680 1650.0
1159690 1662.8
1159700 1669.6
1159710 1669.6
1159720 1675.3
1159730 1680.8
1159740 1680.8
1159750 1686.4
1159760 1691.1
1159770 1691.1
1159780 1693.0
1159790 1694.3
1159800 1694.3
1159810 1696.6
1159820 1698.9
1159830 1698.9
1159840 1700.0
1159850 1702.6
1159860 1702.6
1159870 1700.8
1159880 1698.3
1159890 1698.3
1159900 1699.2
1159910 1693.0
1159920 1693.0
1159930 1693.8
1159940 1694.9
1159950 1694.9
1159960 1695.9
1159970 1697.2
1159980 1698.4
1159990 1698.4
