1150960 2081.4
1150970 2084.4
1150980 2087.0
1150990 2087.0
1151000 2088.9
1151010 2090.9
1151020 2094.2
1151030 2094.2
1151040 2098.2
1151050 2101.9
1151060 2101.9
1151070 2106.0
1151080 2110.0
1151090 2110.0
1151100 2114.2
1151110 2117.9
1151120 2117.9
1151130 2120.4
1151140 2121.7
1151150 2121.7
1151160 2123.0
1151170 2126.6
1151180 2126.6
1151190 2129.6
1151200 2131.6
1151210 2131.6
1151220 2133.6
1151230 2136.9
1151240 2136.9
1151250 2139.9
1151260 2142.3
1151270 2142.3
1151280 2144.9
1151290 2147.6
1151300 2150.5
1151310 2150.5
1151320 2153.7
1151330 2157.0
1151340 2155.0
1151350 2157.3
1151360 2159.3
1151370 2159.3
1151380 2160.5
1151390 2162.5
1151400 2162.5
1151410 2165.6
1151420 2167.5
1151430 2167.5
1151440 2169.9
1151450 2174.0
1151460 2174.0
1151470 2177.7
1151480 2183.0
1151490 2183.0
1151500 2188.9
1151510 2197.6
1151520 2197.6
1151530 2208.6
1151540 2222.0
1151550 2222.0
1151560 2236.6
1151570 2249.5
1151580 2263.0
1151590 2263.0
1151600 2277.8
1151610 2290.8
1151620 2290.8
1151630 2297.7
1151640 2308.6
1151650 2308.6
1151660 2325.4
1151670 2347.3
1151680 2347.3
1151690 2373.3
1151700 2391.8
1151710 2391.8
1151720 2405.2
1151730 2412.5
1151740 2412.5
1151750 2418.7
1151760 2426.4
1151770 2426.4
1151780 2431.7
1151790 2439.0
1151800 2439.0
1151810 2446.0
1151820 2454.8
1151830 2454.8
1151840 2463.8
1151850 2473.5
1151860 2482.1
1151870 2482.1
1151880 2490.0
1151890 2498.3
1151900 2498.3
1151910 2505.0
1151920 2512.2
1151930 2512.2
1151940 2520.5
1151950 2528.1
1151960 2528.1
1151970 2536.2
1151980 2543.8
1151990 2543.8
1152000 2551.7
1152010 2559.7
1152020 2559.7
1152030 2557.9
1152040 2548.2
1152050 2548.2
1152060 2538.1
1152070 2530.2
1152080 2530.2
1152090 2525.3
1152100 2514.0
1152110 2514.0
1152120 2507.0
1152130 2496.8
1152140 2487.8
1152150 2487.8
1152160 2475.0
1152170 2459.4
1152180 2459.4
1152190 2451.5
1152200 2440.6
1152210 2440.6
1152220 2430.9
1152230 2431.1
1152240 2431.1
1152250 2442.7
1152260 2452.6
1152270 2452.6
1152280 2436.9
1152290 2421.7
1152300 2421.7
1152310 2415.3
1152320 2413.6
1152330 2413.6
1152340 2413.0
1152350 2412.1
1152360 2412.1
1152370 2412.6
1152380 2415.2
1152390 2415.2
1152400 2420.1
1152410 2420.7
1152420 2420.7
1152430 2421.7
1152440 2428.0
1152450 2428.0
1152460 2428.0
1152470 2435.0
1152480 2440.6
1152490 2431.3
1152500 2433.5
1152510 2433.4
1152520 2433.4
1152530 2437.3
1152540 2439.1
1152550 2439.1
1152560 2429.6
1152570 2421.3
1152580 2421.3
1152590 2404.3
1152600 2401.1
1152610 2401.1
1152620 2404.8
1152630 2408.0
1152640 2408.0
1152650 2411.8
1152660 2415.1
1152670 2415.1
1152680 2417.6
1152690 2419.0
1152700 2419.0
1152710 2409.9
1152720 2393.9
1152730 2386.4
1152740 2386.4
1152750 2380.8
1152760 2372.9
1152770 2372.9
1152780 2362.1
1152790 2347.4
1152800 2347.4
1152810 2334.7
1152820 2319.5
1152830 2319.5
1152840 2312.4
1152850 2305.7
1152860 2305.7
1152870 2299.6
1152880 2293.7
1152890 2293.7
1152900 2288.2
1152910 2283.5
1152920 2283.5
1152930 2279.3
1152940 2276.2
1152950 2276.2
1152960 2274.9
1152970 2274.5
1152980 2274.5
1152990 2274.6
1153000 2273.7
1153010 2271.5
1153020 2271.5
1153030 2268.5
1153040 2265.4
1153050 2265.4
1153060 2262.6
1153070 2260.3
1153080 2260.3
1153090 2257.4
1153100 2253.9
1153110 2253.9
1153120 2250.3
1153130 2248.8
1153140 2248.8
1153150 2251.4
1153160 2255.9
1153170 2255.9
1153180 2258.4
1153190 2261.2
1153200 2261.2
1153210 2262.1
1153220 2266.4
1153230 2266.4
1153240 2272.6
1153250 2278.6
1153260 2296.8
1153270 2299.2
1153280 2303.0
1153290 2304.2
1153300 2304.2
1153310 2315.4
1153320 2331.6
1153330 2331.6
1153340 2341.5
1153350 2345.2
1153360 2345.2
1153370 2354.0
1153380 2362.8
1153390 2362.8
1153400 2368.6
1153410 2368.1
1153420 2368.1
1153430 2369.7
1153440 2372.9
1153450 2372.9
1153460 2376.0
1153470 2373.4
1153480 2373.4
1153490 2377.7
1153500 2377.3
1153510 2377.3
1153520 2373.1
1153530 2370.7
1153540 2370.7
1153550 2371.4
1153560 2374.1
1153570 2382.0
1153580 2382.0
1153590 2390.7
1153600 2399.9
1153610 2399.9
1153620 2408.9
1153630 2417.0
1153640 2423.2
1153650 2429.1
1153660 2430.4
1153670 2430.4
1153680 2433.4
1153690 2433.9
1153700 2433.9
1153710 2437.7
1153720 2424.8
1153730 2424.8
1153740 2374.4
1153750 2354.3
1153760 2354.3
1153770 2348.7
1153780 2335.1
1153790 2335.1
1153800 2328.5
1153810 2330.7
1153820 2330.7
1153830 2335.1
1153840 2343.5
1153850 2357.2
1153860 2357.2
1153870 2348.5
1153880 2348.8
1153890 2348.8
1153900 2360.6
1153910 2361.9
1153920 2361.9
1153930 2350.4
1153940 2351.8
1153950 2351.8
1153960 2357.4
1153970 2362.5
1153980 2362.5
1153990 2380.0
1154000 2394.5
1154010 2394.5
1154020 2400.7
1154030 2415.0
1154040 2415.0
1154050 2416.5
1154060 2411.8
1154070 2411.8
1154080 2407.2
1154090 2397.7
1154100 2397.7
1154110 2381.7
1154120 2367.7
1154130 2350.7
1154140 2350.7
1154150 2337.7
1154160 2336.6
1154170 2336.6
1154180 2326.2
1154190 2298.0
1154200 2298.0
1154210 2275.1
1154220 2267.0
1154230 2267.0
1154240 2260.0
1154250 2254.4
1154260 2254.4
1154270 2250.1
1154280 2249.5
1154290 2249.5
1154300 2249.5
1154310 2248.1
1154320 2248.1
1154330 2247.3
1154340 2247.6
1154350 2247.6
1154360 2247.6
1154370 2248.2
1154380 2248.2
1154390 2248.1
1154400 2246.9
1154410 2251.5
1154420 2251.5
1154430 2249.7
1154440 2248.8
1154450 2248.8
1154460 2246.6
1154470 2245.2
1154480 2245.2
1154490 2245.5
1154500 2245.8
1154510 2245.8
1154520 2247.4
1154530 2248.8
1154540 2248.8
1154550 2248.9
1154560 2248.9
1154570 2248.9
1154580 2250.6
1154590 2253.4
1154600 2253.4
1154610 2255.2
1154620 2256.3
1154630 2256.3
1154640 2261.0
1154650 2264.5
1154660 2264.5
1154670 2265.6
1154680 2267.9
1154690 2269.1
1154700 2269.1
1154710 2271.2
1154720 2273.7
1154730 2273.7
1154740 2276.4
1154750 2278.4
1154760 2278.4
1154770 2280.6
1154780 2283.5
1154790 2283.5
1154800 2292.6
1154810 2293.7
1154820 2293.7
1154830 2297.7
1154840 2300.3
1154850 2300.3
1154860 2303.9
1154870 2307.9
1154880 2307.9
1154890 2309.5
1154900 2311.5
1154910 2311.5
1154920 2313.1
1154930 2315.5
1154940 2315.5
1154950 2317.7
1154960 2319.2
1154970 2319.2
1154980 2319.3
1154990 2318.4
1155000 2316.1
1155010 2316.1
1155020 2314.8
1155030 2315.1
1155040 2315.1
1155050 2315.1
1155060 2314.5
1155070 2314.5
1155080 2315.3
1155090 2316.8
1155100 2316.8
1155110 2319.2
1155120 2322.7
1155130 2322.7
1155140 2327.1
1155150 2332.4
1155160 2332.4
1155170 2337.8
1155180 2342.8
1155190 2345.1
1155200 2350.6
1155210 2356.0
1155220 2356.0
1155230 2362.6
1155240 2368.9
1155250 2368.9
1155260 2376.3
1155270 2384.7
1155280 2391.4
1155290 2391.4
1155300 2397.5
1155310 2406.3
1155320 2406.3
1155330 2411.0
1155340 2415.7
1155350 2415.7
1155360 2419.8
1155370 2424.0
1155380 2424.0
1155390 2429.0
1155400 2432.6
1155410 2432.6
1155420 2435.4
1155430 2438.1
1155440 2438.1
1155450 2441.9
1155460 2444.9
1155470 2444.9
1155480 2440.1
1155490 2426.9
1155500 2426.9
1155510 2420.8
1155520 2414.6
1155530 2414.6
1155540 2408.2
1155550 2406.3
1155560 2402.0
1155570 2394.4
1155580 2389.7
1155590 2386.9
1155600 2386.9
1155610 2385.3
1155620 2385.6
1155630 2385.6
1155640 2384.5
1155650 2383.5
1155660 2383.5
1155670 2383.6
1155680 2382.5
1155690 2382.5
1155700 2382.5
1155710 2382.7
1155720 2382.7
1155730 2384.0
1155740 2386.2
1155750 2386.2
1155760 2387.5
1155770 2388.9
1155780 2388.9
1155790 2391.4
1155800 2393.1
1155810 2393.1
1155820 2393.4
1155830 2391.5
1155840 2387.1
1155850 2387.1
1155860 2382.9
1155870 2381.1
1155880 2381.1
1155890 2381.6
1155900 2382.2
1155910 2382.2
1155920 2381.8
1155930 2380.2
1155940 2380.2
1155950 2379.5
1155960 2371.1
1155970 2371.1
1155980 2370.6
1155990 2369.9
1156000 2369.9
1156010 2372.2
1156020 2374.7
1156030 2374.7
1156040 2375.9
1156050 2380.0
1156060 2380.0
1156070 2382.8
1156080 2386.5
1156090 2386.5
1156100 2391.3
1156110 2397.0
1156120 2403.9
1156130 2403.9
1156140 2409.5
1156150 2412.9
1156160 2412.9
1156170 2416.2
1156180 2419.2
1156190 2419.2
1156200 2425.1
1156210 2429.3
1156220 2429.3
1156230 2431.8
1156240 2435.0
1156250 2435.0
1156260 2439.0
1156270 2441.8
1156280 2441.8
1156290 2445.5
1156300 2451.4
1156310 2451.4
1156320 2458.1
1156330 2465.4
1156340 2465.4
1156350 2457.6
1156360 2475.8
1156370 2475.8
1156380 2492.5
1156390 2492.6
1156400 2493.7
1156410 2493.7
1156420 2497.3
1156430 2500.3
1156440 2500.3
1156450 2499.2
1156460 2499.4
1156470 2499.4
1156480 2517.1
1156490 2533.4
1156500 2533.4
1156510 2537.8
1156520 2537.7
1156530 2537.7
1156540 2529.8
1156550 2510.5
1156560 2510.5
1156570 2483.2
1156580 2470.1
1156590 2470.1
1156600 2460.3
1156610 2452.6
1156620 2452.6
1156630 2443.1
1156640 2433.1
1156650 2433.1
1156660 2421.3
1156670 2414.6
1156680 2409.1
1156690 2409.1
1156700 2404.0
1156710 2399.1
1156720 2399.1
1156730 2395.0
1156740 2384.9
1156750 2384.9
1156760 2381.2
1156770 2377.3
1156780 2377.3
1156790 2373.5
1156800 2369.2
1156810 2369.2
1156820 2367.2
1156830 2365.9
1156840 2365.9
1156850 2365.9
1156860 2366.4
1156870 2366.4
1156880 2366.5
1156890 2366.6
1156900 2366.6
1156910 2366.5
1156920 2368.2
1156930 2368.2
1156940 2372.9
1156950 2377.2
1156960 2382.1
1156970 2382.1
1156980 2383.8
1156990 2378.3
1157000 2378.3
1157010 2376.6
1157020 2379.1
1157030 2379.1
1157040 2393.6
1157050 2406.1
1157060 2406.1
1157070 2411.7
1157080 2410.6
1157090 2410.6
1157100 2408.9
1157110 2413.9
1157120 2398.7
1157130 2407.1
1157140 2411.6
1157150 2411.6
1157160 2414.0
1157170 2421.1
1157180 2421.1
1157190 2424.4
1157200 2426.2
1157210 2426.2
1157220 2423.3
1157230 2416.1
1157240 2407.7
1157250 2407.7
1157260 2399.4
1157270 2392.4
1157280 2392.4
1157290 2385.4
1157300 2377.7
1157310 2377.7
1157320 2366.5
1157330 2357.9
1157340 2357.9
1157350 2350.8
1157360 2344.6
1157370 2344.6
1157380 2338.3
1157390 2332.1
1157400 2332.1
1157410 2326.0
1157420 2320.0
1157430 2320.0
1157440 2314.4
1157450 2309.1
1157460 2309.1
1157470 2303.4
1157480 2296.5
1157490 2296.5
1157500 2290.7
1157510 2284.4
1157520 2284.4
1157530 2277.4
1157540 2271.1
1157550 2263.7
1157560 2263.7
1157570 2255.6
1157580 2249.5
1157590 2249.5
1157600 2244.9
1157610 2241.6
1157620 2241.6
1157630 2238.5
1157640 2235.4
1157650 2235.4
1157660 2232.5
1157670 2230.1
1157680 2230.1
1157690 2226.1
1157700 2222.1
1157710 2222.1
1157720 2219.0
1157730 2215.8
1157740 2215.8
1157750 2213.1
1157760 2210.3
1157770 2210.3
1157780 2207.5
1157790 2206.0
1157800 2206.0
1157810 2204.5
1157820 2203.5
1157830 2203.7
1157840 2203.7
1157850 2205.8
1157860 2207.1
1157870 2207.1
1157880 2208.6
1157890 2211.3
1157900 2210.6
1157910 2212.9
1157920 2214.1
1157930 2214.1
1157940 2215.3
1157950 2215.8
1157960 2215.8
1157970 2214.5
1157980 2209.7
1157990 2209.7
1158000 2204.2
1158010 2202.0
1158020 2202.0
1158030 2203.2
1158040 2202.7
1158050 2202.7
1158060 2200.7
1158070 2198.8
1158080 2198.8
1158090 2194.5
1158100 2188.5
1158110 2181.9
1158120 2181.9
1158130 2174.4
1158140 2166.2
1158150 2166.2
1158160 2160.0
1158170 2154.0
1158180 2154.0
1158190 2147.9
1158200 2142.3
1158210 2142.3
1158220 2138.7
1158230 2136.8
1158240 2136.8
1158250 2135.3
1158260 2134.6
1158270 2134.6
1158280 2135.2
1158290 2139.0
1158300 2139.0
1158310 2137.9
1158320 2136.5
1158330 2136.5
1158340 2134.9
1158350 2133.2
1158360 2133.2
1158370 2130.9
1158380 2129.1
1158390 2127.1
1158400 2127.1
1158410 2126.2
1158420 2124.9
1158430 2124.9
1158440 2122.5
1158450 2120.3
1158460 2120.3
1158470 2117.0
1158480 2114.4
1158490 2114.4
1158500 2113.7
1158510 2112.9
1158520 2112.9
1158530 2111.9
1158540 2114.7
1158550 2114.7
1158560 2116.0
1158570 2116.3
1158580 2116.3
1158590 2116.1
1158600 2115.2
1158610 2115.2
1158620 2115.5
1158630 2116.0
1158640 2116.0
1158650 2117.8
1158660 2121.0
1158670 2124.4
1158680 2124.4
1158690 2123.8
1158700 2128.4
1158710 2128.4
1158720 2132.7
1158730 2136.7
1158740 2136.7
1158750 2140.8
1158760 2145.3
1158770 2145.3
1158780 2149.9
1158790 2153.1
1158800 2153.1
1158810 2151.8
1158820 2146.0
1158830 2146.0
1158840 2139.8
1158850 2132.4
1158860 2132.4
1158870 2125.4
1158880 2120.2
1158890 2120.2
1158900 2115.9
1158910 2110.6
1158920 2110.6
1158930 2106.8
1158940 2104.3
1158950 2100.4
1158960 2100.4
1158970 2095.8
1158980 2092.0
1158990 2092.0
1159000 2088.8
1159010 2086.1
1159020 2086.1
1159030 2082.8
1159040 2079.7
1159050 2079.7
1159060 2078.3
1159070 2077.0
1159080 2075.2
1159090 2075.3
1159100 2075.5
1159110 2075.5
1159120 2074.8
1159130 2075.8
1159140 2075.8
1159150 2077.2
1159160 2079.9
1159170 2079.9
1159180 2082.1
1159190 2081.0
1159200 2081.0
1159210 2082.9
1159220 2086.1
1159230 2090.1
1159240 2090.1
1159250 2093.6
1159260 2096.9
1159270 2096.9
1159280 2100.6
1159290 2104.0
1159300 2104.0
1159310 2107.0
1159320 2111.0
1159330 2111.0
1159340 2114.6
1159350 2118.2
1159360 2118.2
1159370 2121.7
1159380 2126.0
1159390 2126.0
1159400 2130.5
1159410 2135.0
1159420 2135.0
1159430 2140.4
1159440 2145.5
1159450 2145.5
1159460 2147.3
1159470 2145.5
1159480 2145.5
1159490 2144.1
1159500 2144.3
1159510 2145.7
1159520 2145.7
1159530 2147.2
1159540 2149.5
1159550 2149.5
1159560 2154.8
1159570 2160.8
1159580 2160.8
1159590 2166.9
1159600 2175.4
1159610 2175.4
1159620 2180.0
1159630 2179.7
1159640 2179.7
1159650 2175.2
1159660 2172.3
1159670 2172.3
1159680 2172.4
1159690 2173.2
1159700 2173.2
1159710 2172.6
1159720 2171.6
1159730 2171.6
1159740 2171.6
1159750 2173.3
1159760 2173.3
1159770 2172.8
1159780 2170.7
1159790 2171.8
1159800 2171.8
1159810 2175.3
1159820 2179.3
1159830 2179.3
1159840 2183.6
1159850 2184.9
1159860 2185.9
1159870 2187.5
1159880 2189.5
1159890 2189.5
1159900 2190.1
1159910 2191.9
1159920 2191.9
1159930 2194.8
1159940 2195.9
1159950 2195.9
1159960 2196.7
1159970 2198.2
1159980 2198.2
1159990 2198.5
