1151090 2206.8
1151100 2210.7
1151110 2210.7
1151120 2219.3
1151130 2232.1
1151140 2232.1
1151150 2241.8
1151160 2253.4
1151170 2253.4
1151180 2256.4
1151190 2260.0
1151200 2284.9
1151210 2284.9
1151220 2293.0
1151230 2298.8
1151240 2298.8
1151250 2309.1
1151260 2323.2
1151270 2323.2
1151280 2334.5
1151290 2327.1
1151300 2327.1
1151310 2320.0
1151320 2327.5
1151330 2322.3
1151340 2340.5
1151350 2350.3
1151360 2350.3
1151370 2361.2
1151380 2369.7
1151390 2369.7
1151400 2382.9
1151410 2399.8
1151420 2399.8
1151430 2399.9
1151440 2403.7
1151450 2403.7
1151460 2410.1
1151470 2417.3
1151480 2418.7
1151490 2418.7
1151500 2418.9
1151510 2421.2
1151520 2421.2
1151530 2432.6
1151540 2448.4
1151550 2448.4
1151560 2447.5
1151570 2454.5
1151580 2454.5
1151590 2457.4
1151600 2465.5
1151610 2465.5
1151620 2480.5
1151630 2484.0
1151640 2484.0
1151650 2487.9
1151660 2491.6
1151670 2491.6
1151680 2493.0
1151690 2493.8
1151700 2493.8
1151710 2486.5
1151720 2490.3
1151730 2490.3
1151740 2495.0
1151750 2495.1
1151760 2485.8
1151770 2485.8
1151780 2469.8
1151790 2459.7
1151800 2459.7
1151810 2454.1
1151820 2433.9
1151830 2433.9
1151840 2407.6
1151850 2387.8
1151860 2387.8
1151870 2381.0
1151880 2377.2
1151890 2377.2
1151900 2372.2
1151910 2366.6
1151920 2366.6
1151930 2359.4
1151940 2351.4
1151950 2351.4
1151960 2348.2
1151970 2345.7
1151980 2345.7
1151990 2342.4
1152000 2336.7
1152010 2336.7
1152020 2335.8
1152030 2339.9
1152040 2345.3
1152050 2345.3
1152060 2352.6
1152070 2357.1
1152080 2357.1
1152090 2369.0
1152100 2375.8
1152110 2375.8
1152120 2376.2
1152130 2354.3
1152140 2354.3
1152150 2342.0
1152160 2332.4
1152170 2332.4
1152180 2320.5
1152190 2302.2
1152200 2302.2
1152210 2285.4
1152220 2271.6
1152230 2271.6
1152240 2268.2
1152250 2268.1
1152260 2268.1
1152270 2267.3
1152280 2264.4
1152290 2264.4
1152300 2260.3
1152310 2255.4
1152320 2252.2
1152330 2252.2
1152340 2248.2
1152350 2244.6
1152360 2244.6
1152370 2241.5
1152380 2238.4
1152390 2238.4
1152400 2236.4
1152410 2235.4
1152420 2235.4
1152430 2233.3
1152440 2232.1
1152450 2232.1
1152460 2231.4
1152470 2228.7
1152480 2235.5
1152490 2232.1
1152500 2228.2
1152510 2228.2
1152520 2224.6
1152530 2221.0
1152540 2221.0
1152550 2218.0
1152560 2216.8
1152570 2216.8
1152580 2215.6
1152590 2214.1
1152600 2212.6
1152610 2212.6
1152620 2211.1
1152630 2208.5
1152640 2208.5
1152650 2205.7
1152660 2202.3
1152670 2202.3
1152680 2198.1
1152690 2194.5
1152700 2194.5
1152710 2188.5
1152720 2179.5
1152730 2179.5
1152740 2173.2
1152750 2168.8
1152760 2168.8
1152770 2163.7
1152780 2158.5
1152790 2158.5
1152800 2152.8
1152810 2148.5
1152820 2148.5
1152830 2146.9
1152840 2145.6
1152850 2145.6
1152860 2150.1
1152870 2150.9
1152880 2153.3
1152890 2153.3
1152900 2155.3
1152910 2156.2
1152920 2156.2
1152930 2156.6
1152940 2158.0
1152950 2158.0
1152960 2160.8
1152970 2163.6
1152980 2163.6
1152990 2165.7
1153000 2165.8
1153010 2165.8
1153020 2167.3
1153030 2169.4
1153040 2169.4
1153050 2170.7
1153060 2171.4
1153070 2171.4
1153080 2172.4
1153090 2173.7
1153100 2173.7
1153110 2172.2
1153120 2168.3
1153130 2168.3
1153140 2165.4
1153150 2162.8
1153160 2160.1
1153170 2160.1
1153180 2161.1
1153190 2159.3
1153200 2159.3
1153210 2159.4
1153220 2157.4
1153230 2157.4
1153240 2158.4
1153250 2158.7
1153260 2158.7
1153270 2160.0
1153280 2162.5
1153290 2162.5
1153300 2165.6
1153310 2168.3
1153320 2168.3
1153330 2171.5
1153340 2174.8
1153350 2174.8
1153360 2177.4
1153370 2179.5
1153380 2179.5
1153390 2179.9
1153400 2178.1
1153410 2178.1
1153420 2178.1
1153430 2181.0
1153440 2188.1
1153450 2188.1
1153460 2198.3
1153470 2208.1
1153480 2208.1
1153490 2215.1
1153500 2219.9
1153510 2219.9
1153520 2225.7
1153530 2232.7
1153540 2232.7
1153550 2236.8
1153560 2240.4
1153570 2240.4
1153580 2246.8
1153590 2251.3
1153600 2251.3
1153610 2251.5
1153620 2255.0
1153630 2266.1
1153640 2268.2
1153650 2269.8
1153660 2269.8
1153670 2266.8
1153680 2257.0
1153690 2257.0
1153700 2249.8
1153710 2241.4
1153720 2241.4
1153730 2222.6
1153740 2210.5
1153750 2204.4
1153760 2204.4
1153770 2198.6
1153780 2195.8
1153790 2195.8
1153800 2194.3
1153810 2194.2
1153820 2194.2
1153830 2194.9
1153840 2195.4
1153850 2195.4
1153860 2196.2
1153870 2196.7
1153880 2196.7
1153890 2197.1
1153900 2197.2
1153910 2197.2
1153920 2196.0
1153930 2193.6
1153940 2193.6
1153950 2193.1
1153960 2193.7
1153970 2193.7
1153980 2195.8
1153990 2200.5
1154000 2200.5
1154010 2198.6
1154020 2193.5
1154030 2189.6
1154040 2189.6
1154050 2187.8
1154060 2186.7
1154070 2186.7
1154080 2185.6
1154090 2183.9
1154100 2183.9
1154110 2183.4
1154120 2183.3
1154130 2183.3
1154140 2184.1
1154150 2181.2
1154160 2181.2
1154170 2177.4
1154180 2176.0
1154190 2176.0
1154200 2175.0
1154210 2171.8
1154220 2171.8
1154230 2166.2
1154240 2161.4
1154250 2161.4
1154260 2158.3
1154270 2157.4
1154280 2157.4
1154290 2157.7
1154300 2156.8
1154310 2156.8
1154320 2156.8
1154330 2154.3
1154340 2151.2
1154350 2151.2
1154360 2145.3
1154370 2133.4
1154380 2133.4
1154390 2132.0
1154400 2140.0
1154410 2140.0
1154420 2138.8
1154430 2132.9
1154440 2132.9
1154450 2129.9
1154460 2129.5
1154470 2129.5
1154480 2127.6
1154490 2125.5
1154500 2125.5
1154510 2123.4
1154520 2124.6
1154530 2124.6
1154540 2125.8
1154550 2128.1
1154560 2128.1
1154570 2130.6
1154580 2133.0
1154590 2136.9
1154600 2136.9
1154610 2141.7
1154620 2147.3
1154630 2147.3
1154640 2152.7
1154650 2156.9
1154660 2156.9
1154670 2159.2
1154680 2161.5
1154690 2161.5
1154700 2164.8
1154710 2167.1
1154720 2167.1
1154730 2170.7
1154740 2175.8
1154750 2175.8
1154760 2180.6
1154770 2186.5
1154780 2186.5
1154790 2193.6
1154800 2197.0
1154810 2197.0
1154820 2199.3
1154830 2198.8
1154840 2198.8
1154850 2199.2
1154860 2201.1
1154870 2203.9
1154880 2203.9
1154890 2204.9
1154900 2206.0
1154910 2206.0
1154920 2207.3
1154930 2208.0
1154940 2208.0
1154950 2211.8
1154960 2218.1
1154970 2218.1
1154980 2222.8
1154990 2226.8
1155000 2226.8
1155010 2227.1
1155020 2227.4
1155030 2227.4
1155040 2230.1
1155050 2233.4
1155060 2233.4
1155070 2240.3
1155080 2248.5
1155090 2248.5
1155100 2258.1
1155110 2266.0
1155120 2266.0
1155130 2271.4
1155140 2281.1
1155150 2302.2
1155160 2302.2
1155170 2318.4
1155180 2320.3
1155190 2320.3
1155200 2321.2
1155210 2319.0
1155220 2319.0
1155230 2311.1
1155240 2305.8
1155250 2305.8
1155260 2302.6
1155270 2299.0
1155280 2299.0
1155290 2291.9
1155300 2282.2
1155310 2282.2
1155320 2276.0
1155330 2270.8
1155340 2270.8
1155350 2263.7
1155360 2256.5
1155370 2256.5
1155380 2249.7
1155390 2243.2
1155400 2243.2
1155410 2236.5
1155420 2229.3
1155430 2225.6
1155440 2225.6
1155450 2224.0
1155460 2220.6
1155470 2220.6
1155480 2218.7
1155490 2216.5
1155500 2216.5
1155510 2212.8
1155520 2214.7
1155530 2214.7
1155540 2209.0
1155550 2210.7
1155560 2233.2
1155570 2232.7
1155580 2221.0
1155590 2221.0
1155600 2218.5
1155610 2218.9
1155620 2218.9
1155630 2224.1
1155640 2232.0
1155650 2232.0
1155660 2237.2
1155670 2239.9
1155680 2239.9
1155690 2244.3
1155700 2251.6
1155710 2251.6
1155720 2258.4
1155730 2266.6
1155740 2280.3
1155750 2280.3
1155760 2298.2
1155770 2312.4
1155780 2312.4
1155790 2323.5
1155800 2330.6
1155810 2330.6
1155820 2340.9
1155830 2349.6
1155840 2349.6
1155850 2358.2
1155860 2366.3
1155870 2366.3
1155880 2374.4
1155890 2382.1
1155900 2382.1
1155910 2389.9
1155920 2397.8
1155930 2397.8
1155940 2406.8
1155950 2417.8
1155960 2417.8
1155970 2426.9
1155980 2435.8
1155990 2435.8
1156000 2442.0
1156010 2446.3
1156020 2449.3
1156030 2449.3
1156040 2450.9
1156050 2451.8
1156060 2451.8
1156070 2452.3
1156080 2451.4
1156090 2451.4
1156100 2449.7
1156110 2448.1
1156120 2448.1
1156130 2445.8
1156140 2444.5
1156150 2444.5
1156160 2445.6
1156170 2445.9
1156180 2445.9
1156190 2447.8
1156200 2451.5
1156210 2451.5
1156220 2456.4
1156230 2463.3
1156240 2463.3
1156250 2473.1
1156260 2485.2
1156270 2485.2
1156280 2493.9
1156290 2498.9
1156300 2502.3
1156310 2502.3
1156320 2502.6
1156330 2502.9
1156340 2502.9
1156350 2489.9
1156360 2476.9
1156370 2476.9
1156380 2465.7
1156390 2454.1
1156400 2454.1
1156410 2440.5
1156420 2426.5
1156430 2426.5
1156440 2417.1
1156450 2399.9
1156460 2399.9
1156470 2372.5
1156480 2353.4
1156490 2353.4
1156500 2341.2
1156510 2330.4
1156520 2330.4
1156530 2321.7
1156540 2314.8
1156550 2314.8
1156560 2307.2
1156570 2302.7
1156580 2300.7
1156590 2300.7
1156600 2300.0
1156610 2299.9
1156620 2299.9
1156630 2300.7
1156640 2300.3
1156650 2300.3
1156660 2302.7
1156670 2304.5
1156680 2304.5
1156690 2305.5
1156700 2306.2
1156710 2306.2
1156720 2314.0
1156730 2323.3
1156740 2323.3
1156750 2333.5
1156760 2340.5
1156770 2340.5
1156780 2353.2
1156790 2367.1
1156800 2367.1
1156810 2380.7
1156820 2392.7
1156830 2392.7
1156840 2404.2
1156850 2403.3
1156860 2392.0
1156870 2392.0
1156880 2382.6
1156890 2375.5
1156900 2375.5
1156910 2368.6
1156920 2360.8
1156930 2360.8
1156940 2352.3
1156950 2345.0
1156960 2345.0
1156970 2338.7
1156980 2333.2
1156990 2333.2
1157000 2327.5
1157010 2321.3
1157020 2321.3
1157030 2315.2
1157040 2309.3
1157050 2309.3
1157060 2305.0
1157070 2302.4
1157080 2302.4
1157090 2300.3
1157100 2299.0
1157110 2303.2
1157120 2302.6
1157130 2303.3
1157140 2304.6
1157150 2304.6
1157160 2307.9
1157170 2312.7
1157180 2312.7
1157190 2318.0
1157200 2323.4
1157210 2323.4
1157220 2329.0
1157230 2336.5
1157240 2336.5
1157250 2346.0
1157260 2353.7
1157270 2353.7
1157280 2360.8
1157290 2368.4
1157300 2368.4
1157310 2377.5
1157320 2392.9
1157330 2392.9
1157340 2406.5
1157350 2413.8
1157360 2413.8
1157370 2416.5
1157380 2415.7
1157390 2415.7
1157400 2409.6
1157410 2401.8
1157420 2396.5
1157430 2396.5
1157440 2391.2
1157450 2384.6
1157460 2384.6
1157470 2378.4
1157480 2373.8
1157490 2373.8
1157500 2360.7
1157510 2356.2
1157520 2356.2
1157530 2352.2
1157540 2349.3
1157550 2349.3
1157560 2346.8
1157570 2344.0
1157580 2344.0
1157590 2341.3
1157600 2338.7
1157610 2338.7
1157620 2335.6
1157630 2332.5
1157640 2332.5
1157650 2330.1
1157660 2329.1
1157670 2329.1
1157680 2329.3
1157690 2329.6
1157700 2329.9
1157710 2329.9
1157720 2329.4
1157730 2328.3
1157740 2328.3
1157750 2327.2
1157760 2326.8
1157770 2326.8
1157780 2326.9
1157790 2325.5
1157800 2325.5
1157810 2323.3
1157820 2322.0
1157830 2322.0
1157840 2319.3
1157850 2316.4
1157860 2316.4
1157870 2314.3
1157880 2312.3
1157890 2301.8
1157900 2296.4
1157910 2285.5
1157920 2285.5
1157930 2280.9
1157940 2275.6
1157950 2275.6
1157960 2263.9
1157970 2256.8
1157980 2256.8
1157990 2249.4
1158000 2241.3
1158010 2237.1
1158020 2237.1
1158030 2236.1
1158040 2235.2
1158050 2235.2
1158060 2232.0
1158070 2227.8
1158080 2227.8
1158090 2223.7
1158100 2221.0
1158110 2221.0
1158120 2218.3
1158130 2214.6
1158140 2214.6
1158150 2211.0
1158160 2207.8
1158170 2207.8
1158180 2203.5
1158190 2200.9
1158200 2200.9
1158210 2199.4
1158220 2198.4
1158230 2198.4
1158240 2197.8
1158250 2196.2
1158260 2196.2
1158270 2197.0
1158280 2189.5
1158290 2188.5
1158300 2188.5
1158310 2185.5
1158320 2186.8
1158330 2186.8
1158340 2189.0
1158350 2189.5
1158360 2189.5
1158370 2193.8
1158380 2195.9
1158390 2195.9
1158400 2201.0
1158410 2207.1
1158420 2207.1
1158430 2214.2
1158440 2230.4
1158450 2230.4
1158460 2245.6
1158470 2253.1
1158480 2253.1
1158490 2259.1
1158500 2255.8
1158510 2255.8
1158520 2251.5
1158530 2248.1
1158540 2248.1
1158550 2258.4
1158560 2280.3
1158570 2288.4
1158580 2288.4
1158590 2289.8
1158600 2292.7
1158610 2292.7
1158620 2288.9
1158630 2284.5
1158640 2284.5
1158650 2278.7
1158660 2273.2
1158670 2265.6
1158680 2265.2
1158690 2258.2
1158700 2258.2
1158710 2250.4
1158720 2238.8
1158730 2238.8
1158740 2226.5
1158750 2219.0
1158760 2219.0
1158770 2211.5
1158780 2204.4
1158790 2204.4
1158800 2199.1
1158810 2194.3
1158820 2194.3
1158830 2187.9
1158840 2181.6
1158850 2175.6
1158860 2175.6
1158870 2170.0
1158880 2164.6
1158890 2164.6
1158900 2159.5
1158910 2154.9
1158920 2154.9
1158930 2150.4
1158940 2145.9
1158950 2145.9
1158960 2141.8
1158970 2138.1
1158980 2138.1
1158990 2135.9
1159000 2134.6
1159010 2134.6
1159020 2134.4
1159030 2136.3
1159040 2136.3
1159050 2140.4
1159060 2141.0
1159070 2141.0
1159080 2147.7
1159090 2153.9
1159100 2153.9
1159110 2158.7
1159120 2161.2
1159130 2162.6
1159140 2162.6
1159150 2165.9
1159160 2170.0
1159170 2170.0
1159180 2174.7
1159190 2179.1
1159200 2179.1
1159210 2185.1
1159220 2190.4
1159230 2190.4
1159240 2198.3
1159250 2208.8
1159260 2208.8
1159270 2220.4
1159280 2232.2
1159290 2232.2
1159300 2239.0
1159310 2243.7
1159320 2243.7
1159330 2249.0
1159340 2247.7
1159350 2247.7
1159360 2246.0
1159370 2247.1
1159380 2247.1
1159390 2248.3
1159400 2252.9
1159410 2261.7
1159420 2261.7
1159430 2268.7
1159440 2261.4
1159450 2243.1
1159460 2241.5
1159470 2238.6
1159480 2238.6
1159490 2238.1
1159500 2244.5
1159510 2244.5
1159520 2251.8
1159530 2257.2
1159540 2257.2
1159550 2266.0
1159560 2273.6
1159570 2273.6
1159580 2286.5
1159590 2302.7
1159600 2302.7
1159610 2315.0
1159620 2323.7
1159630 2323.7
1159640 2332.4
1159650 2333.8
1159660 2333.8
1159670 2328.4
1159680 2327.4
1159690 2331.2
1159700 2331.2
1159710 2358.7
1159720 2376.6
1159730 2376.6
1159740 2372.8
1159750 2368.1
1159760 2368.1
1159770 2364.1
1159780 2354.9
1159790 2354.9
1159800 2343.1
1159810 2325.5
1159820 2325.5
1159830 2310.1
1159840 2297.6
1159850 2298.0
1159860 2288.1
1159870 2280.9
1159880 2280.9
1159890 2271.7
1159900 2264.1
1159910 2264.1
1159920 2256.4
1159930 2249.6
1159940 2249.6
1159950 2243.1
1159960 2236.7
1159970 2230.4
1159980 2230.4
1159990 2224.5
