1151120 2165.1
1151130 2165.1
1151140 2170.7
1151150 2176.9
1151160 2176.9
1151170 2182.8
1151180 2187.3
1151190 2187.3
1151200 2188.9
1151210 2193.3
1151220 2197.6
1151230 2197.6
1151240 2202.4
1151250 2202.3
1151260 2202.3
1151270 2198.7
1151280 2205.3
1151290 2205.3
1151300 2210.7
1151310 2215.0
1151320 2215.0
1151330 2218.6
1151340 2219.1
1151350 2219.1
1151360 2216.3
1151370 2226.7
1151380 2226.7
1151390 2243.4
1151400 2263.8
1151410 2263.8
1151420 2295.8
1151430 2316.0
1151440 2316.0
1151450 2327.9
1151460 2327.9
1151470 2327.9
1151480 2324.8
1151490 2321.3
1151500 2321.3
1151510 2322.7
1151520 2330.7
1151530 2338.2
1151540 2338.2
1151550 2347.0
1151560 2358.7
1151570 2358.7
1151580 2368.9
1151590 2376.5
1151600 2376.5
1151610 2384.9
1151620 2395.5
1151630 2395.5
1151640 2407.8
1151650 2409.6
1151660 2409.6
1151670 2420.4
1151680 2428.7
1151690 2428.7
1151700 2435.3
1151710 2439.0
1151720 2439.0
1151730 2440.5
1151740 2444.7
1151750 2444.7
1151760 2450.5
1151770 2456.9
1151780 2456.9
1151790 2463.0
1151800 2468.8
1151810 2474.4
1151820 2474.4
1151830 2478.9
1151840 2474.2
1151850 2474.2
1151860 2465.3
1151870 2462.9
1151880 2462.9
1151890 2461.6
1151900 2461.8
1151910 2461.8
1151920 2460.2
1151930 2457.1
1151940 2457.1
1151950 2458.1
1151960 2457.3
1151970 2457.3
1151980 2454.2
1151990 2451.8
1152000 2451.8
1152010 2448.3
1152020 2446.4
1152030 2446.4
1152040 2456.7
1152050 2454.6
1152060 2454.6
1152070 2455.0
1152080 2460.2
1152090 2464.5
1152100 2464.5
1152110 2461.5
1152120 2461.8
1152130 2461.8
1152140 2451.4
1152150 2439.2
1152160 2439.2
1152170 2432.9
1152180 2426.2
1152190 2426.2
1152200 2424.3
1152210 2427.4
1152220 2427.4
1152230 2432.1
1152240 2437.3
1152250 2437.3
1152260 2441.6
1152270 2443.1
1152280 2443.1
1152290 2449.7
1152300 2443.3
1152310 2443.3
1152320 2423.5
1152330 2422.5
1152340 2422.5
1152350 2416.0
1152360 2419.8
1152370 2417.8
1152380 2417.8
1152390 2407.5
1152400 2394.4
1152410 2394.4
1152420 2385.6
1152430 2375.0
1152440 2375.0
1152450 2361.6
1152460 2349.2
1152470 2349.2
1152480 2350.6
1152490 2353.0
1152500 2353.0
1152510 2355.9
1152520 2358.4
1152530 2358.4
1152540 2350.3
1152550 2316.1
1152560 2316.1
1152570 2298.3
1152580 2288.2
1152590 2288.2
1152600 2284.7
1152610 2281.9
1152620 2281.9
1152630 2282.4
1152640 2285.9
1152650 2289.9
1152660 2289.9
1152670 2294.3
1152680 2299.5
1152690 2299.5
1152700 2301.5
1152710 2303.2
1152720 2303.2
1152730 2304.8
1152740 2295.5
1152750 2295.5
1152760 2288.8
1152770 2282.9
1152780 2282.9
1152790 2278.2
1152800 2283.3
1152810 2283.3
1152820 2277.4
1152830 2271.9
1152840 2271.9
1152850 2264.1
1152860 2255.3
1152870 2255.3
1152880 2241.5
1152890 2215.3
1152900 2215.3
1152910 2209.8
1152920 2210.1
1152930 2209.9
1152940 2209.9
1152950 2209.4
1152960 2209.2
1152970 2209.2
1152980 2209.0
1152990 2208.3
1153000 2208.3
1153010 2207.6
1153020 2207.4
1153030 2207.4
1153040 2207.3
1153050 2206.6
1153060 2206.6
1153070 2206.9
1153080 2207.1
1153090 2207.1
1153100 2208.0
1153110 2207.3
1153120 2207.3
1153130 2207.3
1153140 2207.4
1153150 2207.4
1153160 2206.5
1153170 2205.8
1153180 2205.8
1153190 2212.4
1153200 2214.8
1153210 2216.1
1153220 2216.1
1153230 2217.3
1153240 2217.4
1153250 2217.4
1153260 2218.9
1153270 2221.0
1153280 2221.0
1153290 2222.4
1153300 2223.8
1153310 2223.8
1153320 2225.6
1153330 2227.8
1153340 2227.8
1153350 2230.4
1153360 2233.6
1153370 2233.6
1153380 2236.5
1153390 2239.4
1153400 2239.4
1153410 2242.1
1153420 2244.3
1153430 2244.3
1153440 2246.5
1153450 2256.8
1153460 2256.8
1153470 2268.8
1153480 2276.7
1153490 2285.8
1153500 2285.8
1153510 2290.5
1153520 2295.0
1153530 2295.0
1153540 2298.9
1153550 2311.2
1153560 2311.2
1153570 2326.7
1153580 2348.6
1153590 2348.6
1153600 2355.9
1153610 2346.2
1153620 2346.2
1153630 2336.8
1153640 2326.0
1153650 2326.0
1153660 2310.9
1153670 2298.9
1153680 2298.9
1153690 2290.0
1153700 2280.3
1153710 2280.3
1153720 2270.4
1153730 2261.6
1153740 2261.6
1153750 2253.6
1153760 2248.3
1153770 2248.3
1153780 2245.5
1153790 2244.9
1153800 2243.5
1153810 2243.5
1153820 2243.2
1153830 2244.6
1153840 2244.6
1153850 2246.0
1153860 2243.9
1153870 2243.9
1153880 2241.4
1153890 2242.8
1153900 2242.8
1153910 2245.5
1153920 2246.8
1153930 2246.8
1153940 2248.2
1153950 2249.3
1153960 2256.3
1153970 2257.5
1153980 2259.1
1153990 2259.1
1154000 2260.9
1154010 2263.5
1154020 2263.5
1154030 2263.1
1154040 2258.0
1154050 2258.0
1154060 2258.1
1154070 2256.8
1154080 2256.9
1154090 2256.9
1154100 2255.8
1154110 2250.6
1154120 2250.6
1154130 2244.0
1154140 2238.2
1154150 2238.2
1154160 2233.1
1154170 2228.1
1154180 2228.1
1154190 2222.0
1154200 2216.8
1154210 2216.8
1154220 2212.8
1154230 2209.1
1154240 2209.1
1154250 2205.1
1154260 2201.4
1154270 2201.4
1154280 2197.8
1154290 2194.2
1154300 2194.2
1154310 2188.8
1154320 2184.2
1154330 2184.2
1154340 2187.6
1154350 2187.3
1154360 2186.9
1154370 2186.9
1154380 2187.2
1154390 2186.9
1154400 2186.9
1154410 2185.4
1154420 2182.7
1154430 2182.7
1154440 2181.7
1154450 2183.8
1154460 2183.8
1154470 2186.7
1154480 2190.9
1154490 2190.9
1154500 2194.3
1154510 2196.2
1154520 2196.2
1154530 2197.5
1154540 2198.7
1154550 2198.7
1154560 2197.5
1154570 2195.3
1154580 2195.3
1154590 2194.2
1154600 2194.2
1154610 2194.2
1154620 2194.2
1154630 2194.5
1154640 2195.4
1154650 2195.4
1154660 2197.2
1154670 2199.6
1154680 2199.6
1154690 2203.3
1154700 2207.6
1154710 2207.6
1154720 2211.2
1154730 2219.3
1154740 2219.3
1154750 2222.4
1154760 2225.5
1154770 2225.5
1154780 2229.7
1154790 2233.4
1154800 2233.4
1154810 2236.3
1154820 2238.7
1154830 2238.7
1154840 2241.3
1154850 2243.7
1154860 2243.7
1154870 2246.5
1154880 2250.0
1154890 2250.0
1154900 2254.8
1154910 2259.7
1154920 2264.6
1154930 2264.6
1154940 2269.8
1154950 2274.2
1154960 2274.2
1154970 2277.1
1154980 2279.4
1154990 2279.4
1155000 2279.3
1155010 2277.9
1155020 2277.9
1155030 2275.2
1155040 2278.5
1155050 2278.5
1155060 2283.3
1155070 2285.2
1155080 2285.2
1155090 2288.1
1155100 2289.1
1155110 2289.1
1155120 2297.7
1155130 2303.4
1155140 2303.4
1155150 2309.7
1155160 2317.7
1155170 2317.7
1155180 2329.6
1155190 2342.1
1155200 2348.6
1155210 2348.6
1155220 2354.1
1155230 2361.3
1155240 2361.3
1155250 2363.1
1155260 2362.0
1155270 2362.0
1155280 2360.0
1155290 2357.5
1155300 2357.5
1155310 2354.6
1155320 2346.1
1155330 2346.1
1155340 2337.7
1155350 2329.9
1155360 2329.9
1155370 2324.8
1155380 2324.6
1155390 2324.6
1155400 2322.2
1155410 2315.4
1155420 2315.4
1155430 2319.8
1155440 2325.4
1155450 2325.4
1155460 2327.5
1155470 2337.8
1155480 2345.5
1155490 2345.5
1155500 2365.3
1155510 2375.9
1155520 2375.9
1155530 2386.2
1155540 2392.4
1155550 2392.4
1155560 2396.7
1155570 2398.4
1155580 2398.4
1155590 2400.6
1155600 2404.8
1155610 2404.8
1155620 2408.2
1155630 2409.4
1155640 2409.4
1155650 2409.9
1155660 2410.7
1155670 2410.7
1155680 2411.3
1155690 2415.2
1155700 2415.2
1155710 2410.1
1155720 2384.0
1155730 2384.0
1155740 2357.9
1155750 2351.5
1155760 2361.5
1155770 2361.5
1155780 2375.1
1155790 2387.8
1155800 2387.8
1155810 2398.1
1155820 2406.5
1155830 2406.5
1155840 2417.3
1155850 2427.8
1155860 2427.8
1155870 2437.0
1155880 2445.2
1155890 2457.6
1155900 2465.9
1155910 2476.9
1155920 2476.9
1155930 2488.5
1155940 2496.3
1155950 2496.3
1155960 2503.9
1155970 2509.3
1155980 2509.3
1155990 2512.3
1156000 2508.5
1156010 2508.5
1156020 2509.4
1156030 2506.6
1156040 2506.6
1156050 2511.8
1156060 2509.6
1156070 2512.6
1156080 2512.6
1156090 2514.4
1156100 2510.1
1156110 2510.1
1156120 2506.2
1156130 2502.7
1156140 2502.7
1156150 2495.6
1156160 2496.0
1156170 2496.0
1156180 2500.6
1156190 2508.1
1156200 2508.1
1156210 2512.5
1156220 2510.9
1156230 2510.9
1156240 2512.1
1156250 2513.9
1156260 2513.9
1156270 2510.4
1156280 2506.4
1156290 2506.4
1156300 2522.8
1156310 2543.0
1156320 2543.0
1156330 2536.1
1156340 2525.8
1156350 2513.9
1156360 2513.9
1156370 2497.2
1156380 2484.8
1156390 2484.8
1156400 2468.5
1156410 2456.8
1156420 2456.8
1156430 2447.7
1156440 2440.4
1156450 2440.4
1156460 2432.4
1156470 2425.9
1156480 2425.9
1156490 2418.3
1156500 2409.7
1156510 2409.7
1156520 2403.2
1156530 2397.5
1156540 2397.5
1156550 2392.5
1156560 2387.5
1156570 2387.5
1156580 2381.8
1156590 2376.4
1156600 2376.4
1156610 2370.8
1156620 2368.4
1156630 2368.1
1156640 2368.1
1156650 2369.5
1156660 2369.3
1156670 2373.9
1156680 2374.3
1156690 2376.1
1156700 2376.1
1156710 2379.2
1156720 2384.8
1156730 2384.8
1156740 2390.2
1156750 2397.6
1156760 2397.6
1156770 2411.2
1156780 2429.2
1156790 2429.2
1156800 2446.5
1156810 2465.0
1156820 2465.0
1156830 2480.4
1156840 2482.3
1156850 2482.3
1156860 2477.0
1156870 2468.4
1156880 2468.4
1156890 2461.6
1156900 2456.9
1156910 2449.3
1156920 2449.3
1156930 2439.8
1156940 2430.2
1156950 2430.2
1156960 2422.7
1156970 2408.1
1156980 2408.1
1156990 2395.3
1157000 2389.5
1157010 2389.5
1157020 2386.3
1157030 2386.1
1157040 2386.1
1157050 2387.6
1157060 2397.9
1157070 2397.9
1157080 2401.2
1157090 2406.1
1157100 2406.1
1157110 2409.4
1157120 2411.5
1157130 2411.5
1157140 2412.8
1157150 2415.3
1157160 2415.3
1157170 2418.5
1157180 2424.3
1157190 2428.9
1157200 2428.9
1157210 2432.9
1157220 2436.7
1157230 2436.7
1157240 2436.7
1157250 2429.2
1157260 2429.2
1157270 2419.6
1157280 2406.0
1157290 2406.0
1157300 2392.8
1157310 2384.9
1157320 2384.9
1157330 2382.5
1157340 2376.4
1157350 2376.4
1157360 2368.7
1157370 2362.3
1157380 2362.3
1157390 2355.1
1157400 2348.0
1157410 2348.0
1157420 2343.5
1157430 2339.9
1157440 2331.0
1157450 2326.0
1157460 2320.5
1157470 2315.6
1157480 2315.6
1157490 2310.4
1157500 2305.3
1157510 2305.3
1157520 2301.5
1157530 2298.7
1157540 2298.7
1157550 2295.4
1157560 2292.5
1157570 2292.5
1157580 2290.3
1157590 2288.4
1157600 2288.4
1157610 2288.0
1157620 2287.9
1157630 2287.9
1157640 2283.5
1157650 2278.7
1157660 2278.7
1157670 2276.2
1157680 2273.4
1157690 2273.4
1157700 2272.4
1157710 2271.7
1157720 2271.7
1157730 2267.2
1157740 2262.1
1157750 2259.8
1157760 2259.8
1157770 2256.0
1157780 2252.1
1157790 2252.1
1157800 2246.3
1157810 2241.7
1157820 2241.7
1157830 2229.9
1157840 2227.0
1157850 2227.0
1157860 2224.3
1157870 2220.8
1157880 2220.8
1157890 2215.2
1157900 2210.1
1157910 2210.1
1157920 2205.5
1157930 2202.4
1157940 2202.4
1157950 2203.0
1157960 2204.7
1157970 2204.7
1157980 2205.6
1157990 2206.5
1158000 2206.5
1158010 2205.8
1158020 2203.3
1158030 2201.8
1158040 2201.8
1158050 2201.7
1158060 2201.7
1158070 2201.7
1158080 2204.3
1158090 2202.1
1158100 2202.1
1158110 2196.6
1158120 2191.7
1158130 2191.7
1158140 2184.5
1158150 2175.8
1158160 2175.8
1158170 2165.9
1158180 2155.8
1158190 2155.8
1158200 2147.6
1158210 2142.5
1158220 2138.7
1158230 2133.8
1158240 2131.2
1158250 2131.2
1158260 2130.2
1158270 2128.7
1158280 2128.7
1158290 2127.5
1158300 2126.6
1158310 2126.0
1158320 2126.0
1158330 2126.1
1158340 2127.5
1158350 2127.5
1158360 2130.8
1158370 2135.1
1158380 2135.1
1158390 2139.2
1158400 2143.1
1158410 2143.1
1158420 2147.3
1158430 2151.4
1158440 2151.4
1158450 2155.3
1158460 2159.1
1158470 2159.1
1158480 2162.2
1158490 2164.7
1158500 2164.7
1158510 2167.8
1158520 2171.8
1158530 2171.8
1158540 2175.5
1158550 2178.5
1158560 2178.5
1158570 2181.0
1158580 2183.7
1158590 2183.7
1158600 2185.7
1158610 2186.5
1158620 2178.9
1158630 2178.9
1158640 2177.7
1158650 2178.4
1158660 2178.4
1158670 2180.6
1158680 2183.1
1158690 2183.1
1158700 2186.1
1158710 2189.2
1158720 2189.2
1158730 2191.4
1158740 2187.9
1158750 2187.9
1158760 2181.2
1158770 2175.0
1158780 2175.0
1158790 2168.0
1158800 2159.1
1158810 2159.1
1158820 2150.9
1158830 2146.3
1158840 2146.3
1158850 2141.9
1158860 2137.7
1158870 2137.7
1158880 2133.8
1158890 2130.8
1158900 2128.4
1158910 2128.4
1158920 2125.7
1158930 2124.3
1158940 2124.3
1158950 2122.4
1158960 2119.5
1158970 2119.5
1158980 2116.6
1158990 2113.3
1159000 2113.3
1159010 2110.8
1159020 2108.7
1159030 2108.7
1159040 2104.1
1159050 2100.8
1159060 2100.8
1159070 2102.0
1159080 2104.2
1159090 2104.2
1159100 2106.4
1159110 2108.1
1159120 2108.1
1159130 2110.4
1159140 2113.6
1159150 2113.6
1159160 2116.6
1159170 2120.0
1159180 2121.7
1159190 2121.7
1159200 2124.0
1159210 2127.1
1159220 2127.1
1159230 2131.3
1159240 2134.6
1159250 2134.6
1159260 2137.9
1159270 2142.4
1159280 2142.4
1159290 2146.3
1159300 2148.5
1159310 2148.5
1159320 2150.9
1159330 2153.1
1159340 2153.1
1159350 2155.5
1159360 2158.5
1159370 2158.5
1159380 2161.9
1159390 2165.4
1159400 2161.0
1159410 2164.4
1159420 2169.0
1159430 2169.0
1159440 2174.9
1159450 2178.9
1159460 2182.7
1159470 2182.7
1159480 2187.5
1159490 2192.6
1159500 2192.6
1159510 2197.8
1159520 2202.9
1159530 2202.9
1159540 2208.3
1159550 2213.7
1159560 2213.7
1159570 2219.0
1159580 2223.7
1159590 2223.7
1159600 2228.3
1159610 2234.0
1159620 2234.0
1159630 2240.6
1159640 2250.6
1159650 2250.6
1159660 2262.4
1159670 2259.0
1159680 2259.0
1159690 2254.1
1159700 2256.7
1159710 2256.7
1159720 2262.6
1159730 2263.0
1159740 2254.7
1159750 2254.7
1159760 2243.4
1159770 2234.1
1159780 2234.1
1159790 2223.7
1159800 2221.7
1159810 2221.7
1159820 2219.9
1159830 2218.2
1159840 2218.2
1159850 2217.1
1159860 2218.0
1159870 2218.0
1159880 2217.7
1159890 2215.5
1159900 2215.5
1159910 2212.1
1159920 2208.1
1159930 2208.1
1159940 2204.2
1159950 2201.6
1159960 2201.6
1159970 2200.6
1159980 2198.8
1159990 2198.8
