1151760 1822.9
1151770 1830.9
1151780 1838.9
1151790 1838.9
1151800 1847.5
1151810 1855.9
1151820 1855.9
1151830 1864.1
1151840 1872.8
1151850 1872.8
1151860 1880.6
1151870 1888.8
1151880 1888.8
1151890 1896.5
1151900 1904.0
1151910 1904.0
1151920 1912.1
1151930 1920.2
1151940 1920.2
1151950 1928.4
1151960 1936.4
1151970 1936.4
1151980 1944.5
1151990 1953.0
1152000 1953.0
1152010 1962.1
1152020 1971.4
1152030 1971.4
1152040 1980.2
1152050 1989.8
1152060 1989.8
1152070 1997.3
1152080 2003.0
1152090 2005.8
1152100 2005.8
1152110 2011.1
1152120 2021.3
1152130 2021.3
1152140 2028.4
1152150 2035.4
1152160 2035.4
1152170 2041.9
1152180 2050.2
1152190 2050.2
1152200 2059.3
1152210 2067.6
1152220 2067.6
1152230 2075.5
1152240 2083.3
1152250 2083.3
1152260 2091.2
1152270 2099.2
1152280 2099.2
1152290 2106.8
1152300 2114.3
1152310 2114.3
1152320 2121.6
1152330 2124.6
1152340 2124.6
1152350 2129.5
1152360 2132.9
1152370 2139.6
1152380 2139.6
1152390 2145.1
1152400 2151.5
1152410 2151.5
1152420 2159.4
1152430 2166.8
1152440 2166.8
1152450 2174.4
1152460 2182.4
1152470 2182.4
1152480 2191.6
1152490 2200.9
1152500 2198.2
1152510 2207.2
1152520 2215.5
1152530 2215.5
1152540 2222.9
1152550 2230.1
1152560 2230.1
1152570 2237.2
1152580 2244.4
1152590 2244.4
1152600 2251.9
1152610 2259.9
1152620 2259.9
1152630 2269.1
1152640 2277.3
1152650 2284.3
1152660 2284.3
1152670 2289.9
1152680 2294.5
1152690 2294.5
1152700 2298.2
1152710 2303.4
1152720 2303.4
1152730 2311.4
1152740 2321.2
1152750 2321.2
1152760 2329.1
1152770 2333.7
1152780 2333.7
1152790 2337.8
1152800 2342.6
1152810 2342.6
1152820 2343.7
1152830 2338.6
1152840 2338.6
1152850 2332.7
1152860 2327.2
1152870 2327.2
1152880 2321.2
1152890 2307.7
1152900 2307.7
1152910 2301.3
1152920 2294.6
1152930 2286.3
1152940 2286.3
1152950 2277.7
1152960 2272.3
1152970 2272.3
1152980 2267.9
1152990 2262.9
1153000 2262.9
1153010 2257.5
1153020 2250.2
1153030 2250.2
1153040 2245.6
1153050 2242.3
1153060 2242.3
1153070 2238.7
1153080 2233.2
1153090 2233.2
1153100 2226.6
1153110 2221.7
1153120 2221.7
1153130 2219.4
1153140 2216.8
1153150 2216.8
1153160 2213.4
1153170 2210.4
1153180 2210.4
1153190 2205.3
1153200 2197.9
1153210 2197.9
1153220 2190.6
1153230 2183.7
1153240 2178.4
1153250 2178.4
1153260 2173.9
1153270 2161.7
1153280 2161.7
1153290 2154.7
1153300 2148.2
1153310 2148.2
1153320 2142.5
1153330 2137.0
1153340 2137.0
1153350 2131.5
1153360 2125.7
1153370 2125.7
1153380 2119.2
1153390 2112.4
1153400 2112.4
1153410 2107.2
1153420 2105.0
1153430 2105.0
1153440 2101.4
1153450 2096.8
1153460 2096.8
1153470 2091.5
1153480 2087.5
1153490 2087.5
1153500 2083.0
1153510 2076.6
1153520 2070.1
1153530 2070.1
1153540 2062.0
1153550 2051.1
1153560 2051.1
1153570 2041.1
1153580 2030.6
1153590 2030.6
1153600 2020.6
1153610 2013.1
1153620 2013.1
1153630 2005.5
1153640 1998.9
1153650 1995.0
1153660 1987.4
1153670 1981.5
1153680 1981.5
1153690 1976.7
1153700 1971.2
1153710 1971.2
1153720 1962.1
1153730 1952.1
1153740 1952.1
1153750 1941.6
1153760 1931.4
1153770 1931.4
1153780 1922.8
1153790 1914.4
1153800 1906.7
1153810 1906.7
1153820 1899.6
1153830 1893.0
1153840 1893.0
1153850 1884.5
1153860 1876.4
1153870 1876.4
1153880 1871.6
1153890 1866.4
1153900 1866.4
1153910 1859.1
1153920 1848.8
1153930 1848.8
1153940 1823.8
1153950 1800.2
1153960 1800.2
1153970 1797.0
1153980 1798.9
1153990 1798.9
1154000 1798.4
1154010 1795.5
1154020 1795.5
1154030 1789.8
1154040 1775.9
1154050 1775.9
1154060 1763.5
1154070 1743.3
1154080 1721.4
1154090 1721.4
1154100 1705.9
1154110 1696.2
1154120 1696.2
1154130 1688.7
1154140 1686.0
1154150 1686.0
1154160 1685.1
1154170 1673.9
1154180 1673.9
1154190 1656.9
1154200 1638.4
1154210 1638.4
1154220 1629.4
1154230 1622.1
1154240 1622.1
1154250 1613.4
1154260 1600.4
1154270 1600.4
1154280 1588.5
1154290 1578.6
1154300 1578.6
1154310 1570.2
1154320 1561.3
1154330 1561.3
1154340 1554.6
1154350 1551.9
1154360 1551.9
1154370 1550.6
1154380 1551.5
1154390 1552.0
1154400 1552.0
1154410 1551.6
1154420 1550.9
1154430 1547.3
1154440 1545.4
1154450 1542.8
1154460 1542.8
1154470 1539.7
1154480 1536.0
1154490 1536.0
1154500 1531.9
1154510 1528.3
1154520 1528.3
1154530 1525.1
1154540 1521.4
1154550 1521.4
1154560 1517.3
1154570 1513.3
1154580 1513.3
1154590 1508.8
1154600 1504.5
1154610 1504.5
1154620 1499.9
1154630 1495.5
1154640 1495.5
1154650 1491.0
1154660 1486.2
1154670 1481.4
1154680 1481.4
1154690 1476.4
1154700 1472.3
1154710 1472.3
1154720 1468.4
1154730 1464.6
1154740 1464.6
1154750 1460.8
1154760 1457.0
1154770 1457.0
1154780 1452.7
1154790 1448.6
1154800 1448.6
1154810 1441.9
1154820 1437.4
1154830 1437.4
1154840 1432.8
1154850 1428.1
1154860 1428.1
1154870 1421.2
1154880 1415.3
1154890 1415.3
1154900 1412.7
1154910 1411.8
1154920 1411.8
1154930 1410.5
1154940 1409.1
1154950 1407.1
1154960 1407.1
1154970 1404.5
1154980 1401.5
1154990 1401.5
1155000 1397.6
1155010 1394.0
1155020 1394.0
1155030 1391.2
1155040 1388.2
1155050 1388.2
1155060 1385.0
1155070 1381.6
1155080 1381.6
1155090 1377.2
1155100 1371.4
1155110 1371.4
1155120 1367.9
1155130 1367.7
1155140 1367.7
1155150 1366.1
1155160 1364.0
1155170 1364.0
1155180 1362.3
1155190 1360.2
1155200 1357.5
1155210 1356.2
1155220 1354.2
1155230 1350.4
1155240 1350.4
1155250 1346.2
1155260 1344.2
1155270 1344.2
1155280 1343.4
1155290 1342.8
1155300 1342.8
1155310 1342.0
1155320 1341.3
1155330 1341.3
1155340 1341.0
1155350 1340.5
1155360 1340.5
1155370 1339.8
1155380 1339.0
1155390 1339.0
1155400 1338.2
1155410 1337.5
1155420 1337.5
1155430 1336.4
1155440 1335.6
1155450 1335.6
1155460 1335.1
1155470 1334.5
1155480 1334.5
1155490 1334.0
1155500 1333.5
1155510 1333.5
1155520 1333.3
1155530 1333.2
1155540 1332.6
1155550 1332.6
1155560 1332.0
1155570 1332.1
1155580 1332.1
1155590 1331.1
1155600 1330.6
1155610 1330.6
1155620 1330.0
1155630 1328.9
1155640 1328.9
1155650 1328.2
1155660 1327.8
1155670 1327.8
1155680 1327.3
1155690 1326.8
1155700 1326.8
1155710 1326.5
1155720 1326.8
1155730 1326.8
1155740 1325.8
1155750 1325.2
1155760 1325.2
1155770 1324.9
1155780 1324.4
1155790 1324.4
1155800 1324.0
1155810 1323.6
1155820 1324.1
1155830 1324.1
1155840 1323.5
1155850 1322.8
1155860 1322.8
1155870 1322.4
1155880 1321.9
1155890 1321.9
1155900 1321.5
1155910 1321.2
1155920 1321.2
1155930 1320.7
1155940 1320.1
1155950 1320.1
1155960 1319.7
1155970 1319.9
1155980 1319.9
1155990 1319.0
1156000 1318.5
1156010 1318.5
1156020 1318.3
1156030 1318.3
1156040 1318.3
1156050 1318.7
1156060 1319.3
1156070 1319.3
1156080 1320.0
1156090 1320.0
1156100 1320.6
1156110 1320.6
1156120 1321.3
1156130 1322.6
1156140 1322.6
1156150 1324.1
1156160 1325.3
1156170 1325.3
1156180 1326.8
1156190 1327.2
1156200 1327.2
1156210 1327.7
1156220 1326.6
1156230 1326.6
1156240 1327.6
1156250 1329.2
1156260 1329.2
1156270 1328.9
1156280 1329.1
1156290 1329.1
1156300 1329.7
1156310 1333.1
1156320 1333.1
1156330 1338.9
1156340 1345.0
1156350 1345.0
1156360 1354.2
1156370 1359.9
1156380 1359.9
1156390 1364.9
1156400 1368.7
1156410 1371.2
1156420 1371.2
1156430 1372.5
1156440 1373.0
1156450 1373.0
1156460 1372.6
1156470 1373.4
1156480 1373.4
1156490 1374.5
1156500 1376.8
1156510 1376.8
1156520 1380.4
1156530 1384.5
1156540 1384.5
1156550 1388.7
1156560 1392.9
1156570 1392.9
1156580 1397.8
1156590 1401.2
1156600 1401.2
1156610 1402.9
1156620 1406.7
1156630 1406.7
1156640 1409.4
1156650 1410.7
1156660 1410.7
1156670 1411.3
1156680 1414.5
1156690 1416.5
1156700 1416.5
1156710 1418.7
1156720 1419.6
1156730 1419.6
1156740 1419.7
1156750 1428.7
1156760 1428.7
1156770 1430.0
1156780 1429.9
1156790 1429.9
1156800 1430.0
1156810 1431.1
1156820 1431.1
1156830 1433.2
1156840 1435.0
1156850 1435.0
1156860 1434.7
1156870 1430.9
1156880 1430.9
1156890 1428.2
1156900 1428.6
1156910 1428.6
1156920 1429.5
1156930 1431.7
1156940 1431.7
1156950 1433.9
1156960 1436.6
1156970 1440.9
1156980 1440.9
1156990 1447.4
1157000 1454.1
1157010 1454.1
1157020 1461.2
1157030 1464.1
1157040 1464.1
1157050 1466.7
1157060 1469.3
1157070 1469.3
1157080 1472.2
1157090 1475.3
1157100 1475.3
1157110 1480.2
1157120 1486.5
1157130 1486.5
1157140 1509.3
1157150 1508.2
1157160 1508.2
1157170 1498.5
1157180 1511.8
1157190 1511.8
1157200 1528.6
1157210 1537.9
1157220 1537.9
1157230 1545.6
1157240 1555.1
1157250 1564.2
1157260 1564.2
1157270 1574.2
1157280 1586.4
1157290 1586.4
1157300 1597.0
1157310 1606.7
1157320 1606.7
1157330 1615.4
1157340 1623.0
1157350 1623.0
1157360 1629.8
1157370 1635.6
1157380 1635.6
1157390 1641.1
1157400 1647.7
1157410 1647.7
1157420 1654.7
1157430 1661.7
1157440 1661.7
1157450 1667.1
1157460 1672.5
1157470 1672.5
1157480 1675.1
1157490 1675.2
1157500 1675.2
1157510 1675.2
1157520 1674.1
1157530 1673.5
1157540 1671.1
1157550 1668.0
1157560 1664.1
1157570 1664.1
1157580 1660.1
1157590 1656.4
1157600 1656.4
1157610 1653.2
1157620 1649.8
1157630 1649.8
1157640 1643.3
1157650 1633.8
1157660 1633.8
1157670 1623.9
1157680 1613.6
1157690 1613.6
1157700 1601.8
1157710 1590.2
1157720 1590.2
1157730 1578.1
1157740 1567.1
1157750 1567.1
1157760 1558.9
1157770 1551.9
1157780 1551.9
1157790 1545.7
1157800 1540.3
1157810 1540.3
1157820 1535.4
1157830 1529.3
1157840 1529.0
1157850 1529.0
1157860 1526.9
1157870 1523.2
1157880 1523.2
1157890 1519.5
1157900 1516.1
1157910 1516.1
1157920 1517.7
1157930 1514.0
1157940 1514.0
1157950 1510.0
1157960 1505.4
1157970 1505.4
1157980 1501.0
1157990 1497.3
1158000 1497.3
1158010 1499.2
1158020 1504.6
1158030 1504.6
1158040 1508.7
1158050 1513.8
1158060 1513.8
1158070 1518.0
1158080 1521.2
1158090 1521.2
1158100 1524.8
1158110 1528.7
1158120 1533.3
1158130 1533.3
1158140 1538.3
1158150 1548.8
1158160 1548.8
1158170 1567.3
1158180 1582.8
1158190 1582.8
1158200 1593.7
1158210 1605.6
1158220 1605.6
1158230 1619.2
1158240 1628.3
1158250 1628.3
1158260 1636.2
1158270 1644.1
1158280 1644.1
1158290 1651.7
1158300 1660.0
1158310 1661.4
1158320 1678.6
1158330 1705.5
1158340 1705.5
1158350 1719.9
1158360 1728.0
1158370 1728.0
1158380 1734.5
1158390 1741.7
1158400 1750.0
1158410 1750.0
1158420 1757.7
1158430 1764.8
1158440 1764.8
1158450 1772.4
1158460 1780.8
1158470 1780.8
1158480 1790.7
1158490 1801.6
1158500 1801.6
1158510 1809.2
1158520 1815.9
1158530 1815.9
1158540 1822.6
1158550 1829.3
1158560 1829.3
1158570 1836.1
1158580 1842.7
1158590 1842.7
1158600 1849.3
1158610 1855.9
1158620 1855.9
1158630 1862.5
1158640 1869.1
1158650 1869.1
1158660 1876.3
1158670 1883.9
1158680 1883.9
1158690 1891.1
1158700 1897.4
1158710 1907.2
1158720 1907.2
1158730 1918.2
1158740 1932.5
1158750 1932.5
1158760 1947.7
1158770 1960.0
1158780 1960.0
1158790 1968.3
1158800 1975.6
1158810 1975.6
1158820 1982.5
1158830 1992.3
1158840 1992.3
1158850 2002.2
1158860 2014.3
1158870 2014.3
1158880 2024.9
1158890 2031.3
1158900 2031.3
1158910 2038.0
1158920 2044.6
1158930 2044.6
1158940 2051.2
1158950 2058.2
1158960 2058.2
1158970 2064.7
1158980 2070.6
1158990 2076.7
1159000 2076.7
1159010 2081.7
1159020 2086.6
1159030 2086.6
1159040 2092.4
1159050 2092.7
1159060 2092.7
1159070 2090.7
1159080 2098.3
1159090 2112.8
1159100 2124.6
1159110 2132.0
1159120 2132.0
1159130 2138.4
1159140 2142.7
1159150 2142.7
1159160 2146.7
1159170 2149.7
1159180 2149.7
1159190 2150.2
1159200 2151.3
1159210 2151.3
1159220 2150.7
1159230 2149.9
1159240 2149.9
1159250 2148.3
1159260 2145.4
1159270 2142.2
1159280 2142.2
1159290 2138.4
1159300 2134.4
1159310 2134.4
1159320 2128.9
1159330 2121.1
1159340 2121.1
1159350 2112.7
1159360 2105.4
1159370 2105.4
1159380 2101.0
1159390 2096.8
1159400 2096.8
1159410 2088.1
1159420 2078.0
1159430 2078.0
1159440 2069.6
1159450 2061.3
1159460 2061.3
1159470 2053.8
1159480 2046.5
1159490 2046.5
1159500 2040.5
1159510 2034.6
1159520 2034.6
1159530 2027.0
1159540 2021.4
1159550 2018.9
1159560 2018.9
1159570 2014.9
1159580 2009.1
1159590 2009.1
1159600 2005.4
1159610 2001.9
1159620 2001.9
1159630 1998.8
1159640 1995.8
1159650 1995.8
1159660 1995.1
1159670 1994.5
1159680 1994.5
1159690 1995.3
1159700 1997.2
1159710 1997.2
1159720 1996.9
1159730 1993.0
1159740 1993.0
1159750 1987.5
1159760 1981.9
1159770 1981.9
1159780 1977.9
1159790 1976.1
1159800 1976.1
1159810 1973.3
1159820 1968.4
1159830 1968.4
1159840 1963.9
1159850 1958.8
1159860 1954.9
1159870 1954.9
1159880 1956.7
1159890 1955.3
1159900 1955.3
1159910 1954.0
1159920 1953.3
1159930 1953.3
1159940 1951.4
1159950 1949.6
1159960 1949.6
1159970 1946.4
1159980 1943.3
1159990 1943.3
