1152580 2081.0
1152590 2081.0
1152600 2070.8
1152610 2062.2
1152620 2062.2
1152630 2054.7
1152640 2048.0
1152650 2052.6
1152660 2047.8
1152670 2042.4
1152680 2042.4
1152690 2030.3
1152700 2017.3
1152710 2017.3
1152720 2007.3
1152730 2002.4
1152740 2002.4
1152750 2000.9
1152760 2001.6
1152770 2001.6
1152780 2005.6
1152790 2018.1
1152800 2039.8
1152810 2039.8
1152820 2055.3
1152830 2065.6
1152840 2065.6
1152850 2074.0
1152860 2084.4
1152870 2084.4
1152880 2091.5
1152890 2092.1
1152900 2092.1
1152910 2087.2
1152920 2084.3
1152930 2084.3
1152940 2092.3
1152950 2092.4
1152960 2092.4
1152970 2086.4
1152980 2085.7
1152990 2085.7
1153000 2095.8
1153010 2107.6
1153020 2107.6
1153030 2123.9
1153040 2130.1
1153050 2130.1
1153060 2138.6
1153070 2153.1
1153080 2153.1
1153090 2163.6
1153100 2164.9
1153110 2162.8
1153120 2162.8
1153130 2169.6
1153140 2166.2
1153150 2166.2
1153160 2165.7
1153170 2160.9
1153180 2160.9
1153190 2158.8
1153200 2159.7
1153210 2159.7
1153220 2164.2
1153230 2171.3
1153240 2171.3
1153250 2174.1
1153260 2183.3
1153270 2183.3
1153280 2205.4
1153290 2218.4
1153300 2218.4
1153310 2227.3
1153320 2235.9
1153330 2235.9
1153340 2243.9
1153350 2250.2
1153360 2250.2
1153370 2252.5
1153380 2251.3
1153390 2253.3
1153400 2253.3
1153410 2255.2
1153420 2266.3
1153430 2266.3
1153440 2272.1
1153450 2279.9
1153460 2279.9
1153470 2283.9
1153480 2287.8
1153490 2287.8
1153500 2288.9
1153510 2284.8
1153520 2284.8
1153530 2282.8
1153540 2280.3
1153550 2280.3
1153560 2277.4
1153570 2275.9
1153580 2275.9
1153590 2273.4
1153600 2270.3
1153610 2270.3
1153620 2267.7
1153630 2265.7
1153640 2265.7
1153650 2263.3
1153660 2262.1
1153670 2262.1
1153680 2261.4
1153690 2260.4
1153700 2258.7
1153710 2258.7
1153720 2257.3
1153730 2256.3
1153740 2256.3
1153750 2256.5
1153760 2258.1
1153770 2258.1
1153780 2259.8
1153790 2260.8
1153800 2257.5
1153810 2250.6
1153820 2243.9
1153830 2243.9
1153840 2236.8
1153850 2229.1
1153860 2229.1
1153870 2221.6
1153880 2213.9
1153890 2213.9
1153900 2209.0
1153910 2204.5
1153920 2204.5
1153930 2198.7
1153940 2193.0
1153950 2193.0
1153960 2188.4
1153970 2184.5
1153980 2182.0
1153990 2182.0
1154000 2179.4
1154010 2174.6
1154020 2174.6
1154030 2168.9
1154040 2160.3
1154050 2160.3
1154060 2153.7
1154070 2151.5
1154080 2151.5
1154090 2144.9
1154100 2141.0
1154110 2141.0
1154120 2134.1
1154130 2126.3
1154140 2126.3
1154150 2122.5
1154160 2123.1
1154170 2123.1
1154180 2119.9
1154190 2106.7
1154200 2106.7
1154210 2102.5
1154220 2093.2
1154230 2093.2
1154240 2082.5
1154250 2074.2
1154260 2066.3
1154270 2066.3
1154280 2058.2
1154290 2055.8
1154300 2055.8
1154310 2057.8
1154320 2058.3
1154330 2058.3
1154340 2057.0
1154350 2051.4
1154360 2051.4
1154370 2046.6
1154380 2043.3
1154390 2043.3
1154400 2038.5
1154410 2031.0
1154420 2031.0
1154430 2024.2
1154440 2021.0
1154450 2021.0
1154460 2016.7
1154470 2014.3
1154480 2014.3
1154490 2014.1
1154500 2010.2
1154510 2010.2
1154520 2008.2
1154530 2005.3
1154540 2005.3
1154550 2001.9
1154560 1997.0
1154570 1987.1
1154580 1985.5
1154590 1973.6
1154600 1961.2
1154610 1961.2
1154620 1950.5
1154630 1946.8
1154640 1946.8
1154650 1949.2
1154660 1954.4
1154670 1954.4
1154680 1957.0
1154690 1951.7
1154700 1951.7
1154710 1947.2
1154720 1943.9
1154730 1943.9
1154740 1935.9
1154750 1927.2
1154760 1927.2
1154770 1920.3
1154780 1919.7
1154790 1919.7
1154800 1918.1
1154810 1912.4
1154820 1912.4
1154830 1905.1
1154840 1905.7
1154850 1907.7
1154860 1907.7
1154870 1911.1
1154880 1920.6
1154890 1920.6
1154900 1931.4
1154910 1937.1
1154920 1937.1
1154930 1939.5
1154940 1946.0
1154950 1946.0
1154960 1946.7
1154970 1946.8
1154980 1946.8
1154990 1946.3
1155000 1946.3
1155010 1946.3
1155020 1945.6
1155030 1945.9
1155040 1945.9
1155050 1945.0
1155060 1945.4
1155070 1945.4
1155080 1945.0
1155090 1949.9
1155100 1949.9
1155110 1953.9
1155120 1957.5
1155130 1964.2
1155140 1964.2
1155150 1971.4
1155160 1976.2
1155170 1976.2
1155180 1981.0
1155190 1983.6
1155200 1983.6
1155210 1987.7
1155220 1989.0
1155230 1989.0
1155240 1990.9
1155250 1996.9
1155260 1996.9
1155270 2004.5
1155280 2013.1
1155290 2013.1
1155300 2018.7
1155310 2020.3
1155320 2020.3
1155330 2019.5
1155340 2019.3
1155350 2013.5
1155360 2015.1
1155370 2015.5
1155380 2015.5
1155390 2018.7
1155400 2021.3
1155410 2021.3
1155420 2022.6
1155430 2022.5
1155440 2021.6
1155450 2021.6
1155460 2020.3
1155470 2016.0
1155480 2016.0
1155490 2011.6
1155500 2010.6
1155510 2010.6
1155520 2008.4
1155530 2003.5
1155540 2003.5
1155550 2006.2
1155560 2006.3
1155570 2006.3
1155580 2008.4
1155590 2009.4
1155600 2009.4
1155610 2011.8
1155620 2013.2
1155630 2013.2
1155640 2013.9
1155650 2012.1
1155660 2012.1
1155670 2010.9
1155680 2009.2
1155690 2009.2
1155700 2012.6
1155710 2011.4
1155720 2007.4
1155730 2007.4
1155740 1996.9
1155750 1997.4
1155760 1997.4
1155770 1994.4
1155780 1991.3
1155790 1991.3
1155800 1992.9
1155810 1992.9
1155820 1992.9
1155830 1990.4
1155840 1988.2
1155850 1988.2
1155860 1989.5
1155870 1987.3
1155880 1987.3
1155890 1984.3
1155900 1978.6
1155910 1978.6
1155920 1979.1
1155930 1978.7
1155940 1978.7
1155950 1974.9
1155960 1971.0
1155970 1971.0
1155980 1967.3
1155990 1964.9
1156000 1963.7
1156010 1963.7
1156020 1959.0
1156030 1949.9
1156040 1949.9
1156050 1939.9
1156060 1931.0
1156070 1931.0
1156080 1924.1
1156090 1919.0
1156100 1919.0
1156110 1915.7
1156120 1908.8
1156130 1904.3
1156140 1898.9
1156150 1889.6
1156160 1889.6
1156170 1881.0
1156180 1873.2
1156190 1873.2
1156200 1869.2
1156210 1866.7
1156220 1866.7
1156230 1861.4
1156240 1853.1
1156250 1853.1
1156260 1847.3
1156270 1843.0
1156280 1843.0
1156290 1840.1
1156300 1840.5
1156310 1841.4
1156320 1841.4
1156330 1839.7
1156340 1838.2
1156350 1838.2
1156360 1842.7
1156370 1849.7
1156380 1849.7
1156390 1853.4
1156400 1858.6
1156410 1858.6
1156420 1864.4
1156430 1867.6
1156440 1867.6
1156450 1867.8
1156460 1866.5
1156470 1866.5
1156480 1865.2
1156490 1862.3
1156500 1862.3
1156510 1851.6
1156520 1848.4
1156530 1848.4
1156540 1845.9
1156550 1844.9
1156560 1844.9
1156570 1844.3
1156580 1841.2
1156590 1839.6
1156600 1839.6
1156610 1840.5
1156620 1839.4
1156630 1839.4
1156640 1838.5
1156650 1837.4
1156660 1837.4
1156670 1834.9
1156680 1831.7
1156690 1831.7
1156700 1828.5
1156710 1822.4
1156720 1822.4
1156730 1812.5
1156740 1799.9
1156750 1799.9
1156760 1786.6
1156770 1775.4
1156780 1775.4
1156790 1764.7
1156800 1754.1
1156810 1754.1
1156820 1743.8
1156830 1730.1
1156840 1730.1
1156850 1711.7
1156860 1720.1
1156870 1731.7
1156880 1731.7
1156890 1742.7
1156900 1739.6
1156910 1739.6
1156920 1737.6
1156930 1724.9
1156940 1724.9
1156950 1707.9
1156960 1684.2
1156970 1684.2
1156980 1664.1
1156990 1648.2
1157000 1648.2
1157010 1632.7
1157020 1620.6
1157030 1620.6
1157040 1610.6
1157050 1599.3
1157060 1599.3
1157070 1593.0
1157080 1586.3
1157090 1586.3
1157100 1577.0
1157110 1567.8
1157120 1567.8
1157130 1555.5
1157140 1536.8
1157150 1536.8
1157160 1521.8
1157170 1515.4
1157180 1510.3
1157190 1510.3
1157200 1503.5
1157210 1494.7
1157220 1494.7
1157230 1486.4
1157240 1485.4
1157250 1485.4
1157260 1481.4
1157270 1477.3
1157280 1477.3
1157290 1467.8
1157300 1468.7
1157310 1468.7
1157320 1469.1
1157330 1469.0
1157340 1469.0
1157350 1468.4
1157360 1469.0
1157370 1469.0
1157380 1469.9
1157390 1469.1
1157400 1469.1
1157410 1466.7
1157420 1463.4
1157430 1463.4
1157440 1457.7
1157450 1450.9
1157460 1445.6
1157470 1445.6
1157480 1441.6
1157490 1437.5
1157500 1437.5
1157510 1431.6
1157520 1423.3
1157530 1423.3
1157540 1410.4
1157550 1400.7
1157560 1400.7
1157570 1397.5
1157580 1391.2
1157590 1391.2
1157600 1385.6
1157610 1378.8
1157620 1378.8
1157630 1371.5
1157640 1364.7
1157650 1364.7
1157660 1358.2
1157670 1352.2
1157680 1348.3
1157690 1342.9
1157700 1339.0
1157710 1339.0
1157720 1336.4
1157730 1333.1
1157740 1333.1
1157750 1329.6
1157760 1325.3
1157770 1320.3
1157780 1320.3
1157790 1315.6
1157800 1310.9
1157810 1310.9
1157820 1306.3
1157830 1301.7
1157840 1301.7
1157850 1296.7
1157860 1291.7
1157870 1291.7
1157880 1286.4
1157890 1281.1
1157900 1281.1
1157910 1275.8
1157920 1270.6
1157930 1270.6
1157940 1265.8
1157950 1260.9
1157960 1260.9
1157970 1256.6
1157980 1252.1
1157990 1252.1
1158000 1247.2
1158010 1242.1
1158020 1242.1
1158030 1237.7
1158040 1233.8
1158050 1230.7
1158060 1230.7
1158070 1229.1
1158080 1228.2
1158090 1228.2
1158100 1222.0
1158110 1216.8
1158120 1216.8
1158130 1218.8
1158140 1223.2
1158150 1223.2
1158160 1224.7
1158170 1224.0
1158180 1224.0
1158190 1223.8
1158200 1223.2
1158210 1223.2
1158220 1221.1
1158230 1218.7
1158240 1218.7
1158250 1216.8
1158260 1215.2
1158270 1215.2
1158280 1213.9
1158290 1212.5
1158300 1212.5
1158310 1211.6
1158320 1210.7
1158330 1210.4
1158340 1210.4
1158350 1210.8
1158360 1210.0
1158370 1210.0
1158380 1208.5
1158390 1206.6
1158400 1206.6
1158410 1205.2
1158420 1204.6
1158430 1204.6
1158440 1204.0
1158450 1203.3
1158460 1204.2
1158470 1206.1
1158480 1208.6
1158490 1208.6
1158500 1210.8
1158510 1212.3
1158520 1212.3
1158530 1214.3
1158540 1215.7
1158550 1215.7
1158560 1216.0
1158570 1217.0
1158580 1217.0
1158590 1217.8
1158600 1218.7
1158610 1218.7
1158620 1220.4
1158630 1222.0
1158640 1223.4
1158650 1223.4
1158660 1225.1
1158670 1225.9
1158680 1225.9
1158690 1226.7
1158700 1228.0
1158710 1228.0
1158720 1228.9
1158730 1229.4
1158740 1229.4
1158750 1229.7
1158760 1229.3
1158770 1229.3
1158780 1229.2
1158790 1230.4
1158800 1230.4
1158810 1233.2
1158820 1235.9
1158830 1235.9
1158840 1238.4
1158850 1245.3
1158860 1245.3
1158870 1245.2
1158880 1245.6
1158890 1245.6
1158900 1249.8
1158910 1250.9
1158920 1250.2
1158930 1250.2
1158940 1249.0
1158950 1247.7
1158960 1247.7
1158970 1245.7
1158980 1243.9
1158990 1243.9
1159000 1241.5
1159010 1239.4
1159020 1239.4
1159030 1238.1
1159040 1237.4
1159050 1237.4
1159060 1238.6
1159070 1239.5
1159080 1239.5
1159090 1241.2
1159100 1243.4
1159110 1243.4
1159120 1245.6
1159130 1249.1
1159140 1249.1
1159150 1254.5
1159160 1259.9
1159170 1259.9
1159180 1264.0
1159190 1267.2
1159200 1269.7
1159210 1269.7
1159220 1271.9
1159230 1273.5
1159240 1279.8
1159250 1281.5
1159260 1283.2
1159270 1283.2
1159280 1285.1
1159290 1286.3
1159300 1286.3
1159310 1287.3
1159320 1288.9
1159330 1288.9
1159340 1290.3
1159350 1291.9
1159360 1291.9
1159370 1292.8
1159380 1293.9
1159390 1293.9
1159400 1294.8
1159410 1295.0
1159420 1295.0
1159430 1295.3
1159440 1295.4
1159450 1295.4
1159460 1294.2
1159470 1292.8
1159480 1292.8
1159490 1292.0
1159500 1291.1
1159510 1290.3
1159520 1290.3
1159530 1289.8
1159540 1289.9
1159550 1289.9
1159560 1289.3
1159570 1288.1
1159580 1288.1
1159590 1286.4
1159600 1284.6
1159610 1284.6
1159620 1284.4
1159630 1288.4
1159640 1295.4
1159650 1300.1
1159660 1303.8
1159670 1303.8
1159680 1307.2
1159690 1309.8
1159700 1309.8
1159710 1311.5
1159720 1319.5
1159730 1319.5
1159740 1329.6
1159750 1341.9
1159760 1341.9
1159770 1351.7
1159780 1365.6
1159790 1387.5
1159800 1387.5
1159810 1400.5
1159820 1414.6
1159830 1414.6
1159840 1422.7
1159850 1423.9
1159860 1423.9
1159870 1424.0
1159880 1423.1
1159890 1423.1
1159900 1420.7
1159910 1417.4
1159920 1417.4
1159930 1412.9
1159940 1406.3
1159950 1406.3
1159960 1398.3
1159970 1392.2
1159980 1392.2
1159990 1389.7
