1152140 1992.4
1152150 1998.6
1152160 1998.6
1152170 2007.0
1152180 2014.1
1152190 2014.1
1152200 2020.2
1152210 2027.0
1152220 2027.0
1152230 2034.2
1152240 2039.9
1152250 2039.9
1152260 2043.9
1152270 2041.9
1152280 2041.9
1152290 2054.4
1152300 2068.2
1152310 2068.2
1152320 2073.4
1152330 2076.0
1152340 2076.0
1152350 2080.1
1152360 2089.0
1152370 2089.0
1152380 2097.4
1152390 2104.9
1152400 2111.7
1152410 2111.7
1152420 2119.5
1152430 2127.1
1152440 2127.1
1152450 2133.7
1152460 2140.8
1152470 2140.8
1152480 2149.0
1152490 2157.3
1152500 2157.3
1152510 2165.6
1152520 2173.6
1152530 2173.6
1152540 2179.8
1152550 2183.7
1152560 2183.7
1152570 2187.2
1152580 2191.4
1152590 2191.4
1152600 2197.4
1152610 2206.8
1152620 2206.8
1152630 2215.3
1152640 2222.2
1152650 2225.6
1152660 2234.8
1152670 2243.2
1152680 2251.6
1152690 2251.6
1152700 2259.8
1152710 2268.2
1152720 2268.2
1152730 2277.0
1152740 2285.6
1152750 2285.6
1152760 2294.3
1152770 2302.4
1152780 2302.4
1152790 2309.7
1152800 2316.8
1152810 2316.8
1152820 2324.6
1152830 2332.4
1152840 2332.4
1152850 2340.3
1152860 2348.0
1152870 2348.0
1152880 2355.4
1152890 2362.3
1152900 2362.3
1152910 2368.7
1152920 2373.3
1152930 2373.3
1152940 2371.9
1152950 2367.1
1152960 2363.1
1152970 2363.1
1152980 2359.4
1152990 2356.0
1153000 2356.0
1153010 2352.1
1153020 2347.2
1153030 2344.4
1153040 2338.7
1153050 2330.8
1153060 2330.8
1153070 2322.1
1153080 2313.9
1153090 2313.9
1153100 2307.4
1153110 2303.6
1153120 2303.6
1153130 2297.2
1153140 2289.8
1153150 2289.8
1153160 2283.1
1153170 2277.3
1153180 2277.3
1153190 2273.2
1153200 2266.9
1153210 2266.9
1153220 2260.0
1153230 2255.1
1153240 2255.1
1153250 2249.4
1153260 2243.7
1153270 2239.7
1153280 2239.7
1153290 2236.2
1153300 2226.5
1153310 2226.5
1153320 2216.2
1153330 2211.6
1153340 2211.6
1153350 2207.4
1153360 2202.7
1153370 2202.7
1153380 2197.5
1153390 2192.4
1153400 2192.4
1153410 2187.1
1153420 2178.6
1153430 2178.6
1153440 2174.3
1153450 2170.0
1153460 2170.0
1153470 2165.8
1153480 2161.7
1153490 2161.7
1153500 2157.7
1153510 2153.1
1153520 2153.1
1153530 2148.7
1153540 2145.2
1153550 2141.9
1153560 2141.9
1153570 2139.3
1153580 2138.6
1153590 2138.6
1153600 2138.0
1153610 2134.3
1153620 2134.3
1153630 2130.0
1153640 2126.6
1153650 2126.6
1153660 2121.4
1153670 2114.9
1153680 2114.9
1153690 2106.9
1153700 2097.6
1153710 2097.6
1153720 2091.4
1153730 2086.6
1153740 2086.6
1153750 2080.0
1153760 2073.6
1153770 2073.6
1153780 2069.2
1153790 2067.6
1153800 2060.4
1153810 2058.3
1153820 2053.2
1153830 2043.8
1153840 2043.8
1153850 2034.2
1153860 2025.0
1153870 2025.0
1153880 2020.1
1153890 2015.0
1153900 2015.0
1153910 2011.4
1153920 2011.8
1153930 2011.8
1153940 2010.8
1153950 2008.6
1153960 2008.6
1153970 2006.7
1153980 2005.1
1153990 2005.1
1154000 2005.4
1154010 2005.0
1154020 2005.0
1154030 2003.9
1154040 2002.4
1154050 2002.4
1154060 2000.5
1154070 1998.6
1154080 1998.6
1154090 1998.7
1154100 1999.0
1154110 1998.6
1154120 1998.6
1154130 1997.2
1154140 1994.2
1154150 1994.2
1154160 1989.8
1154170 1986.2
1154180 1986.2
1154190 1979.3
1154200 1974.9
1154210 1974.9
1154220 1972.2
1154230 1970.2
1154240 1970.2
1154250 1967.4
1154260 1962.9
1154270 1962.9
1154280 1957.9
1154290 1954.8
1154300 1954.8
1154310 1952.2
1154320 1945.0
1154330 1945.0
1154340 1935.9
1154350 1929.1
1154360 1929.1
1154370 1924.0
1154380 1919.2
1154390 1919.2
1154400 1912.6
1154410 1902.6
1154420 1889.5
1154430 1889.5
1154440 1874.4
1154450 1863.3
1154460 1863.3
1154470 1855.1
1154480 1847.5
1154490 1847.5
1154500 1838.6
1154510 1832.1
1154520 1832.1
1154530 1826.8
1154540 1819.8
1154550 1819.8
1154560 1812.6
1154570 1801.3
1154580 1795.2
1154590 1780.9
1154600 1765.8
1154610 1765.8
1154620 1752.3
1154630 1744.0
1154640 1744.0
1154650 1738.9
1154660 1734.1
1154670 1734.1
1154680 1728.6
1154690 1722.1
1154700 1715.5
1154710 1715.5
1154720 1708.5
1154730 1701.7
1154740 1701.7
1154750 1695.8
1154760 1691.4
1154770 1691.4
1154780 1685.2
1154790 1679.2
1154800 1679.2
1154810 1674.3
1154820 1669.9
1154830 1669.9
1154840 1663.7
1154850 1655.3
1154860 1655.3
1154870 1645.1
1154880 1623.8
1154890 1623.8
1154900 1592.6
1154910 1567.7
1154920 1567.7
1154930 1569.4
1154940 1566.5
1154950 1566.5
1154960 1562.8
1154970 1561.7
1154980 1561.1
1154990 1561.1
1155000 1567.9
1155010 1595.6
1155020 1595.6
1155030 1600.0
1155040 1607.3
1155050 1607.3
1155060 1619.0
1155070 1628.1
1155080 1628.1
1155090 1637.1
1155100 1646.6
1155110 1646.6
1155120 1654.7
1155130 1659.1
1155140 1659.1
1155150 1663.9
1155160 1672.2
1155170 1672.2
1155180 1679.6
1155190 1685.5
1155200 1685.5
1155210 1691.8
1155220 1696.6
1155230 1696.6
1155240 1701.4
1155250 1703.8
1155260 1703.8
1155270 1704.2
1155280 1701.0
1155290 1702.6
1155300 1702.6
1155310 1707.6
1155320 1710.9
1155330 1710.9
1155340 1710.7
1155350 1699.7
1155360 1699.7
1155370 1707.2
1155380 1714.1
1155390 1714.1
1155400 1718.1
1155410 1721.9
1155420 1721.9
1155430 1724.0
1155440 1723.2
1155450 1723.2
1155460 1721.9
1155470 1720.3
1155480 1720.3
1155490 1718.9
1155500 1716.7
1155510 1716.7
1155520 1713.5
1155530 1708.5
1155540 1708.5
1155550 1696.7
1155560 1677.5
1155570 1668.2
1155580 1668.2
1155590 1653.6
1155600 1655.8
1155610 1655.8
1155620 1660.3
1155630 1662.9
1155640 1662.9
1155650 1658.3
1155660 1657.5
1155670 1657.5
1155680 1665.4
1155690 1668.5
1155700 1668.5
1155710 1669.8
1155720 1670.6
1155730 1670.6
1155740 1660.3
1155750 1657.3
1155760 1657.3
1155770 1653.0
1155780 1647.7
1155790 1647.7
1155800 1642.3
1155810 1636.2
1155820 1636.2
1155830 1630.0
1155840 1627.1
1155850 1622.2
1155860 1622.2
1155870 1615.9
1155880 1609.6
1155890 1609.6
1155900 1603.0
1155910 1601.3
1155920 1601.3
1155930 1599.6
1155940 1594.0
1155950 1594.0
1155960 1595.6
1155970 1596.8
1155980 1596.8
1155990 1597.6
1156000 1595.9
1156010 1595.9
1156020 1590.1
1156030 1582.6
1156040 1582.6
1156050 1576.7
1156060 1575.7
1156070 1575.7
1156080 1575.8
1156090 1570.9
1156100 1570.9
1156110 1569.9
1156120 1559.8
1156130 1559.8
1156140 1554.8
1156150 1553.2
1156160 1554.7
1156170 1554.7
1156180 1552.5
1156190 1546.3
1156200 1546.3
1156210 1538.7
1156220 1535.6
1156230 1535.6
1156240 1533.4
1156250 1530.8
1156260 1530.8
1156270 1527.2
1156280 1525.2
1156290 1525.2
1156300 1523.7
1156310 1520.2
1156320 1520.2
1156330 1517.4
1156340 1511.3
1156350 1511.3
1156360 1507.2
1156370 1507.0
1156380 1507.0
1156390 1504.3
1156400 1502.8
1156410 1502.8
1156420 1501.9
1156430 1499.8
1156440 1498.6
1156450 1498.6
1156460 1498.5
1156470 1496.6
1156480 1496.6
1156490 1491.0
1156500 1480.1
1156510 1467.8
1156520 1453.9
1156530 1440.9
1156540 1440.9
1156550 1426.3
1156560 1416.8
1156570 1416.8
1156580 1409.0
1156590 1399.0
1156600 1399.0
1156610 1388.5
1156620 1381.0
1156630 1381.0
1156640 1381.9
1156650 1384.6
1156660 1384.6
1156670 1387.5
1156680 1391.0
1156690 1391.0
1156700 1394.5
1156710 1402.1
1156720 1416.0
1156730 1416.0
1156740 1433.1
1156750 1439.1
1156760 1439.1
1156770 1440.7
1156780 1430.9
1156790 1430.9
1156800 1410.4
1156810 1389.7
1156820 1389.7
1156830 1380.9
1156840 1376.2
1156850 1376.2
1156860 1374.3
1156870 1369.7
1156880 1369.7
1156890 1365.7
1156900 1355.6
1156910 1355.6
1156920 1352.0
1156930 1348.7
1156940 1348.7
1156950 1345.1
1156960 1341.2
1156970 1341.2
1156980 1337.5
1156990 1334.6
1157000 1334.6
1157010 1330.5
1157020 1326.3
1157030 1323.2
1157040 1323.2
1157050 1322.3
1157060 1322.5
1157070 1322.5
1157080 1322.8
1157090 1323.1
1157100 1323.1
1157110 1322.7
1157120 1322.3
1157130 1322.3
1157140 1321.9
1157150 1321.5
1157160 1321.5
1157170 1320.5
1157180 1319.3
1157190 1319.3
1157200 1317.6
1157210 1316.9
1157220 1316.9
1157230 1315.0
1157240 1312.4
1157250 1312.4
1157260 1310.3
1157270 1308.1
1157280 1308.1
1157290 1302.2
1157300 1300.1
1157310 1297.8
1157320 1297.8
1157330 1295.7
1157340 1293.9
1157350 1293.9
1157360 1291.9
1157370 1289.2
1157380 1289.2
1157390 1286.9
1157400 1284.6
1157410 1284.6
1157420 1283.6
1157430 1281.5
1157440 1281.5
1157450 1278.7
1157460 1272.8
1157470 1272.8
1157480 1269.3
1157490 1268.3
1157500 1268.3
1157510 1267.7
1157520 1267.0
1157530 1267.0
1157540 1266.3
1157550 1265.6
1157560 1265.6
1157570 1265.9
1157580 1267.5
1157590 1270.7
1157600 1270.7
1157610 1275.0
1157620 1280.3
1157630 1280.3
1157640 1286.3
1157650 1292.5
1157660 1292.5
1157670 1298.1
1157680 1306.4
1157690 1306.4
1157700 1310.6
1157710 1313.5
1157720 1313.5
1157730 1316.7
1157740 1320.4
1157750 1320.4
1157760 1325.7
1157770 1331.8
1157780 1331.8
1157790 1338.1
1157800 1344.2
1157810 1344.2
1157820 1349.0
1157830 1353.7
1157840 1353.7
1157850 1357.8
1157860 1361.5
1157870 1361.5
1157880 1366.5
1157890 1371.5
1157900 1376.6
1157910 1376.6
1157920 1381.9
1157930 1387.9
1157940 1387.9
1157950 1393.5
1157960 1399.0
1157970 1399.0
1157980 1404.1
1157990 1409.0
1158000 1409.0
1158010 1413.6
1158020 1417.9
1158030 1417.9
1158040 1422.5
1158050 1427.8
1158060 1427.8
1158070 1435.0
1158080 1440.0
1158090 1440.0
1158100 1443.7
1158110 1447.3
1158120 1447.3
1158130 1450.8
1158140 1455.3
1158150 1455.3
1158160 1460.2
1158170 1465.8
1158180 1471.5
1158190 1471.5
1158200 1476.1
1158210 1479.0
1158220 1479.0
1158230 1480.9
1158240 1482.7
1158250 1482.7
1158260 1482.9
1158270 1482.7
1158280 1482.7
1158290 1483.9
1158300 1485.7
1158310 1485.7
1158320 1488.1
1158330 1491.2
1158340 1491.2
1158350 1494.8
1158360 1500.8
1158370 1500.8
1158380 1508.9
1158390 1519.7
1158400 1519.7
1158410 1550.5
1158420 1617.5
1158430 1617.5
1158440 1647.3
1158450 1648.5
1158460 1653.3
1158470 1653.3
1158480 1652.8
1158490 1653.4
1158500 1653.4
1158510 1654.8
1158520 1656.9
1158530 1656.9
1158540 1662.2
1158550 1669.7
1158560 1669.7
1158570 1677.5
1158580 1682.1
1158590 1682.1
1158600 1684.6
1158610 1687.0
1158620 1687.0
1158630 1689.1
1158640 1690.9
1158650 1690.9
1158660 1692.2
1158670 1694.5
1158680 1694.5
1158690 1696.5
1158700 1698.3
1158710 1698.3
1158720 1700.3
1158730 1701.6
1158740 1702.9
1158750 1702.9
1158760 1704.5
1158770 1705.3
1158780 1705.3
1158790 1706.3
1158800 1707.9
1158810 1707.9
1158820 1709.7
1158830 1711.2
1158840 1711.2
1158850 1719.5
1158860 1721.3
1158870 1721.3
1158880 1722.6
1158890 1723.6
1158900 1723.6
1158910 1724.9
1158920 1726.7
1158930 1726.7
1158940 1727.9
1158950 1728.4
1158960 1728.4
1158970 1729.4
1158980 1729.8
1158990 1729.8
1159000 1729.5
1159010 1729.7
1159020 1729.7
1159030 1731.9
1159040 1732.2
1159050 1732.1
1159060 1732.1
1159070 1732.4
1159080 1732.5
1159090 1732.5
1159100 1731.6
1159110 1730.2
1159120 1730.2
1159130 1733.6
1159140 1739.3
1159150 1739.3
1159160 1742.1
1159170 1741.0
1159180 1741.0
1159190 1740.2
1159200 1741.1
1159210 1741.1
1159220 1742.8
1159230 1750.0
1159240 1754.1
1159250 1757.7
1159260 1761.5
1159270 1761.5
1159280 1763.6
1159290 1764.2
1159300 1764.2
1159310 1765.2
1159320 1766.5
1159330 1768.9
1159340 1768.9
1159350 1771.6
1159360 1774.0
1159370 1774.0
1159380 1776.4
1159390 1780.7
1159400 1780.7
1159410 1784.3
1159420 1786.9
1159430 1786.9
1159440 1790.4
1159450 1793.6
1159460 1793.6
1159470 1795.6
1159480 1797.8
1159490 1797.8
1159500 1801.4
1159510 1806.8
1159520 1806.8
1159530 1809.9
1159540 1813.6
1159550 1813.6
1159560 1813.2
1159570 1809.5
1159580 1809.5
1159590 1810.5
1159600 1807.9
1159610 1803.1
1159620 1803.1
1159630 1798.3
1159640 1794.1
1159650 1794.1
1159660 1786.3
1159670 1779.6
1159680 1779.6
1159690 1774.1
1159700 1769.9
1159710 1769.9
1159720 1766.5
1159730 1762.2
1159740 1762.2
1159750 1755.2
1159760 1745.8
1159770 1745.8
1159780 1738.7
1159790 1731.8
1159800 1731.8
1159810 1722.8
1159820 1712.8
1159830 1712.8
1159840 1705.7
1159850 1698.8
1159860 1698.8
1159870 1687.5
1159880 1676.7
1159890 1676.7
1159900 1666.0
1159910 1657.3
1159920 1648.8
1159930 1648.8
1159940 1638.3
1159950 1630.6
1159960 1630.6
1159970 1624.5
1159980 1617.0
1159990 1617.0
