1154060 2084.5
1154070 2084.5
1154080 2086.8
1154090 2087.0
1154100 2087.0
1154110 2085.9
1154120 2080.3
1154130 2080.3
1154140 2069.5
1154150 2060.6
1154160 2060.6
1154170 2052.9
1154180 2046.7
1154190 2046.7
1154200 2041.3
1154210 2036.0
1154220 2036.0
1154230 2031.5
1154240 2028.2
1154250 2024.9
1154260 2024.9
1154270 2019.7
1154280 2014.0
1154290 2014.0
1154300 2007.7
1154310 2003.6
1154320 2003.6
1154330 2002.3
1154340 2002.6
1154350 2002.6
1154360 2002.8
1154370 2005.1
1154380 2005.1
1154390 2003.9
1154400 2003.2
1154410 2003.2
1154420 2005.3
1154430 2006.5
1154440 2006.5
1154450 2018.4
1154460 2019.4
1154470 2019.4
1154480 2024.1
1154490 2033.0
1154500 2033.0
1154510 2039.4
1154520 2043.2
1154530 2044.7
1154540 2044.7
1154550 2046.8
1154560 2050.9
1154570 2050.9
1154580 2053.1
1154590 2055.6
1154600 2055.6
1154610 2062.1
1154620 2068.5
1154630 2068.5
1154640 2073.7
1154650 2082.7
1154660 2082.7
1154670 2087.9
1154680 2086.7
1154690 2086.7
1154700 2083.0
1154710 2077.8
1154720 2077.8
1154730 2076.7
1154740 2075.9
1154750 2075.9
1154760 2078.0
1154770 2079.7
1154780 2079.7
1154790 2082.9
1154800 2085.4
1154810 2085.4
1154820 2084.8
1154830 2085.8
1154840 2086.9
1154850 2086.9
1154860 2087.9
1154870 2090.6
1154880 2090.6
1154890 2095.0
1154900 2097.9
1154910 2097.9
1154920 2098.1
1154930 2096.5
1154940 2096.5
1154950 2094.5
1154960 2091.7
1154970 2091.7
1154980 2089.1
1154990 2086.1
1155000 2086.1
1155010 2081.7
1155020 2081.3
1155030 2081.3
1155040 2078.4
1155050 2071.9
1155060 2071.9
1155070 2066.5
1155080 2061.8
1155090 2061.8
1155100 2056.7
1155110 2052.7
1155120 2050.0
1155130 2050.0
1155140 2047.6
1155150 2044.2
1155160 2044.2
1155170 2040.8
1155180 2036.9
1155190 2036.9
1155200 2033.7
1155210 2032.2
1155220 2035.2
1155230 2032.3
1155240 2028.3
1155250 2028.3
1155260 2023.0
1155270 2018.7
1155280 2018.7
1155290 2015.4
1155300 2013.3
1155310 2013.3
1155320 2013.5
1155330 2013.3
1155340 2013.3
1155350 2011.2
1155360 2010.2
1155370 2010.2
1155380 2010.6
1155390 2008.8
1155400 2008.8
1155410 2007.3
1155420 2006.4
1155430 2005.2
1155440 2005.2
1155450 2002.2
1155460 1999.9
1155470 1999.9
1155480 1998.1
1155490 1995.5
1155500 1995.5
1155510 1993.8
1155520 1993.1
1155530 1993.1
1155540 1994.5
1155550 1997.2
1155560 1997.2
1155570 1999.4
1155580 2001.2
1155590 2001.2
1155600 2003.1
1155610 1999.2
1155620 1999.2
1155630 1998.8
1155640 1999.1
1155650 1999.1
1155660 2000.4
1155670 2003.5
1155680 2003.5
1155690 2005.6
1155700 2006.2
1155710 2007.4
1155720 2007.4
1155730 2009.3
1155740 2011.0
1155750 2011.0
1155760 2012.5
1155770 2012.9
1155780 2012.9
1155790 2013.1
1155800 2013.6
1155810 2013.6
1155820 2014.5
1155830 2014.2
1155840 2014.2
1155850 2012.1
1155860 2010.6
1155870 2010.6
1155880 2009.3
1155890 2009.6
1155900 2009.6
1155910 2008.7
1155920 2007.3
1155930 2007.3
1155940 2005.7
1155950 2003.6
1155960 2003.6
1155970 2001.7
1155980 2001.4
1155990 2001.4
1156000 1999.7
1156010 1998.7
1156020 1997.2
1156030 1997.2
1156040 1994.9
1156050 1992.4
1156060 1992.4
1156070 1988.3
1156080 1983.5
1156090 1983.5
1156100 1980.2
1156110 1975.2
1156120 1975.2
1156130 1970.3
1156140 1966.3
1156150 1966.3
1156160 1962.4
1156170 1957.5
1156180 1957.5
1156190 1952.1
1156200 1946.7
1156210 1946.7
1156220 1942.1
1156230 1936.3
1156240 1936.3
1156250 1930.8
1156260 1927.2
1156270 1927.2
1156280 1922.2
1156290 1916.4
1156300 1911.2
1156310 1911.2
1156320 1906.6
1156330 1904.3
1156340 1904.3
1156350 1902.1
1156360 1899.1
1156370 1899.1
1156380 1887.8
1156390 1886.6
1156400 1886.6
1156410 1888.7
1156420 1888.5
1156430 1888.5
1156440 1887.1
1156450 1888.9
1156460 1888.9
1156470 1889.5
1156480 1889.3
1156490 1889.3
1156500 1892.2
1156510 1894.8
1156520 1894.8
1156530 1896.4
1156540 1889.8
1156550 1889.8
1156560 1878.9
1156570 1873.0
1156580 1868.4
1156590 1868.4
1156600 1863.1
1156610 1859.7
1156620 1859.7
1156630 1861.3
1156640 1861.5
1156650 1861.5
1156660 1858.0
1156670 1855.2
1156680 1855.2
1156690 1853.6
1156700 1849.3
1156710 1849.3
1156720 1847.7
1156730 1850.0
1156740 1850.0
1156750 1853.1
1156760 1852.7
1156770 1842.9
1156780 1840.7
1156790 1839.7
1156800 1839.7
1156810 1839.2
1156820 1840.9
1156830 1840.9
1156840 1838.2
1156850 1836.2
1156860 1836.2
1156870 1837.2
1156880 1841.5
1156890 1844.3
1156900 1844.3
1156910 1840.7
1156920 1835.2
1156930 1835.2
1156940 1831.9
1156950 1829.1
1156960 1829.1
1156970 1823.3
1156980 1822.3
1156990 1822.3
1157000 1824.0
1157010 1821.8
1157020 1821.8
1157030 1820.5
1157040 1820.4
1157050 1820.4
1157060 1817.8
1157070 1813.6
1157080 1813.6
1157090 1810.7
1157100 1809.5
1157110 1809.5
1157120 1807.0
1157130 1801.9
1157140 1801.9
1157150 1797.2
1157160 1792.0
1157170 1793.2
1157180 1793.2
1157190 1793.6
1157200 1791.4
1157210 1791.4
1157220 1794.4
1157230 1794.6
1157240 1794.6
1157250 1794.8
1157260 1797.1
1157270 1797.1
1157280 1802.0
1157290 1803.1
1157300 1803.1
1157310 1808.8
1157320 1812.6
1157330 1812.6
1157340 1815.8
1157350 1818.9
1157360 1818.9
1157370 1821.4
1157380 1822.0
1157390 1822.0
1157400 1821.1
1157410 1820.5
1157420 1820.5
1157430 1820.0
1157440 1818.5
1157450 1818.5
1157460 1816.0
1157470 1813.7
1157480 1809.2
1157490 1809.2
1157500 1805.3
1157510 1797.0
1157520 1797.0
1157530 1790.3
1157540 1788.0
1157550 1780.3
1157560 1780.5
1157570 1781.9
1157580 1781.9
1157590 1779.9
1157600 1777.3
1157610 1777.3
1157620 1779.1
1157630 1777.4
1157640 1777.4
1157650 1782.0
1157660 1788.2
1157670 1788.2
1157680 1792.6
1157690 1796.3
1157700 1796.3
1157710 1798.6
1157720 1800.2
1157730 1800.2
1157740 1801.8
1157750 1803.4
1157760 1803.5
1157770 1803.5
1157780 1803.1
1157790 1802.0
1157800 1802.0
1157810 1803.6
1157820 1805.2
1157830 1805.2
1157840 1805.8
1157850 1806.0
1157860 1806.0
1157870 1804.3
1157880 1802.1
1157890 1802.1
1157900 1800.2
1157910 1795.9
1157920 1795.9
1157930 1788.2
1157940 1772.6
1157950 1772.6
1157960 1774.4
1157970 1773.8
1157980 1773.8
1157990 1768.9
1158000 1764.8
1158010 1764.8
1158020 1761.5
1158030 1764.4
1158040 1764.4
1158050 1766.2
1158060 1765.7
1158070 1769.1
1158080 1769.1
1158090 1769.9
1158100 1770.1
1158110 1770.1
1158120 1770.2
1158130 1771.1
1158140 1771.1
1158150 1771.7
1158160 1769.8
1158170 1769.8
1158180 1768.8
1158190 1770.1
1158200 1770.1
1158210 1772.1
1158220 1775.7
1158230 1775.7
1158240 1778.1
1158250 1779.6
1158260 1779.6
1158270 1779.9
1158280 1782.0
1158290 1782.0
1158300 1785.0
1158310 1787.4
1158320 1787.4
1158330 1782.3
1158340 1781.9
1158350 1782.1
1158360 1782.1
1158370 1782.1
1158380 1782.8
1158390 1782.8
1158400 1783.5
1158410 1784.9
1158420 1784.9
1158430 1787.2
1158440 1787.8
1158450 1787.8
1158460 1789.1
1158470 1795.3
1158480 1795.3
1158490 1800.2
1158500 1805.0
1158510 1805.0
1158520 1811.3
1158530 1819.9
1158540 1819.9
1158550 1824.3
1158560 1836.1
1158570 1836.1
1158580 1851.1
1158590 1862.5
1158600 1862.5
1158610 1871.6
1158620 1872.1
1158630 1872.1
1158640 1869.1
1158650 1863.0
1158660 1849.2
1158670 1849.2
1158680 1832.3
1158690 1823.4
1158700 1823.4
1158710 1819.3
1158720 1811.3
1158730 1811.3
1158740 1807.2
1158750 1799.0
1158760 1799.0
1158770 1793.2
1158780 1789.3
1158790 1789.3
1158800 1789.1
1158810 1790.2
1158820 1790.2
1158830 1793.5
1158840 1786.3
1158850 1786.3
1158860 1778.6
1158870 1772.2
1158880 1772.2
1158890 1767.0
1158900 1768.5
1158910 1768.5
1158920 1773.9
1158930 1776.1
1158940 1765.0
1158950 1765.0
1158960 1758.1
1158970 1754.2
1158980 1754.2
1158990 1747.7
1159000 1747.8
1159010 1747.8
1159020 1741.9
1159030 1732.7
1159040 1732.7
1159050 1725.2
1159060 1717.3
1159070 1717.3
1159080 1709.3
1159090 1700.3
1159100 1700.3
1159110 1683.6
1159120 1673.6
1159130 1673.6
1159140 1666.5
1159150 1672.3
1159160 1672.3
1159170 1678.7
1159180 1677.4
1159190 1677.4
1159200 1673.9
1159210 1666.7
1159220 1661.8
1159230 1661.8
1159240 1658.9
1159250 1656.2
1159260 1656.2
1159270 1648.3
1159280 1638.3
1159290 1638.3
1159300 1636.8
1159310 1640.1
1159320 1640.1
1159330 1641.9
1159340 1645.7
1159350 1645.7
1159360 1648.2
1159370 1648.1
1159380 1648.1
1159390 1650.9
1159400 1652.9
1159410 1652.9
1159420 1652.0
1159430 1652.2
1159440 1652.2
1159450 1652.2
1159460 1648.7
1159470 1648.7
1159480 1643.5
1159490 1637.4
1159500 1637.4
1159510 1614.4
1159520 1595.3
1159530 1585.7
1159540 1585.7
1159550 1586.4
1159560 1587.2
1159570 1587.2
1159580 1587.1
1159590 1585.0
1159600 1585.0
1159610 1581.8
1159620 1566.7
1159630 1566.7
1159640 1567.5
1159650 1568.4
1159660 1568.4
1159670 1568.3
1159680 1567.2
1159690 1567.2
1159700 1562.9
1159710 1555.2
1159720 1555.2
1159730 1546.8
1159740 1537.6
1159750 1537.6
1159760 1531.9
1159770 1528.3
1159780 1528.3
1159790 1522.4
1159800 1521.8
1159810 1527.8
1159820 1527.8
1159830 1534.2
1159840 1536.2
1159850 1536.2
1159860 1535.2
1159870 1532.3
1159880 1532.3
1159890 1528.4
1159900 1518.3
1159910 1518.3
1159920 1515.6
1159930 1512.9
1159940 1512.9
1159950 1510.6
1159960 1508.0
1159970 1508.0
1159980 1505.3
1159990 1505.6
