1155530 1746.0
1155540 1750.3
1155550 1750.3
1155560 1754.8
1155570 1759.1
1155580 1763.7
1155590 1763.7
1155600 1768.2
1155610 1771.9
1155620 1771.9
1155630 1775.3
1155640 1778.4
1155650 1778.4
1155660 1781.2
1155670 1784.5
1155680 1784.5
1155690 1788.4
1155700 1791.2
1155710 1791.2
1155720 1794.4
1155730 1797.9
1155740 1797.9
1155750 1803.5
1155760 1810.0
1155770 1810.0
1155780 1816.7
1155790 1823.5
1155800 1823.5
1155810 1830.7
1155820 1838.2
1155830 1838.2
1155840 1845.8
1155850 1852.9
1155860 1859.8
1155870 1859.8
1155880 1871.1
1155890 1878.8
1155900 1878.8
1155910 1890.1
1155920 1907.7
1155930 1907.7
1155940 1920.4
1155950 1928.0
1155960 1928.0
1155970 1931.0
1155980 1932.0
1155990 1932.0
1156000 1931.8
1156010 1933.6
1156020 1933.6
1156030 1936.1
1156040 1939.4
1156050 1939.4
1156060 1945.8
1156070 1953.0
1156080 1953.0
1156090 1958.8
1156100 1966.3
1156110 1966.3
1156120 1973.6
1156130 1980.8
1156140 1980.8
1156150 1987.9
1156160 1995.0
1156170 2001.5
1156180 2001.5
1156190 2010.3
1156200 2038.7
1156210 2038.7
1156220 2052.6
1156230 2066.3
1156240 2066.3
1156250 2080.6
1156260 2090.2
1156270 2084.4
1156280 2083.2
1156290 2076.5
1156300 2076.5
1156310 2070.2
1156320 2062.9
1156330 2062.9
1156340 2057.2
1156350 2054.4
1156360 2054.4
1156370 2043.9
1156380 2033.5
1156390 2033.5
1156400 2027.2
1156410 2021.8
1156420 2021.8
1156430 2016.2
1156440 2011.0
1156450 2006.9
1156460 2006.9
1156470 2000.2
1156480 1996.3
1156490 1996.3
1156500 1993.6
1156510 2003.5
1156520 2003.5
1156530 2011.8
1156540 2028.3
1156550 2028.3
1156560 2027.3
1156570 2015.0
1156580 2015.0
1156590 2000.8
1156600 1982.3
1156610 1982.3
1156620 1968.9
1156630 1953.8
1156640 1953.8
1156650 1939.0
1156660 1918.2
1156670 1918.2
1156680 1910.1
1156690 1903.2
1156700 1903.2
1156710 1904.7
1156720 1897.7
1156730 1897.7
1156740 1895.3
1156750 1893.3
1156760 1883.3
1156770 1883.3
1156780 1867.5
1156790 1855.4
1156800 1855.4
1156810 1850.5
1156820 1838.0
1156830 1838.0
1156840 1830.4
1156850 1825.0
1156860 1825.0
1156870 1818.7
1156880 1812.4
1156890 1812.4
1156900 1806.4
1156910 1800.8
1156920 1800.8
1156930 1795.2
1156940 1788.9
1156950 1788.9
1156960 1780.0
1156970 1770.0
1156980 1770.0
1156990 1760.7
1157000 1753.0
1157010 1753.0
1157020 1746.4
1157030 1738.4
1157040 1726.8
1157050 1724.1
1157060 1716.8
1157070 1710.3
1157080 1710.3
1157090 1703.4
1157100 1695.9
1157110 1695.9
1157120 1688.3
1157130 1681.5
1157140 1681.5
1157150 1675.1
1157160 1667.8
1157170 1667.8
1157180 1661.3
1157190 1655.6
1157200 1655.6
1157210 1650.3
1157220 1645.2
1157230 1645.2
1157240 1636.8
1157250 1626.1
1157260 1626.1
1157270 1618.2
1157280 1609.2
1157290 1609.2
1157300 1603.4
1157310 1595.4
1157320 1595.4
1157330 1579.7
1157340 1568.3
1157350 1561.9
1157360 1561.9
1157370 1556.9
1157380 1553.4
1157390 1553.4
1157400 1550.1
1157410 1546.4
1157420 1546.4
1157430 1542.9
1157440 1539.6
1157450 1539.6
1157460 1537.1
1157470 1534.5
1157480 1534.5
1157490 1532.0
1157500 1529.5
1157510 1529.5
1157520 1527.0
1157530 1524.6
1157540 1524.6
1157550 1521.8
1157560 1519.4
1157570 1519.4
1157580 1516.9
1157590 1514.4
1157600 1514.4
1157610 1511.8
1157620 1509.6
1157630 1507.8
1157640 1507.8
1157650 1505.4
1157660 1503.3
1157670 1503.3
1157680 1501.4
1157690 1499.2
1157700 1499.2
1157710 1498.0
1157720 1496.0
1157730 1496.0
1157740 1494.2
1157750 1492.2
1157760 1492.2
1157770 1490.0
1157780 1488.0
1157790 1488.0
1157800 1486.2
1157810 1484.3
1157820 1484.3
1157830 1481.9
1157840 1480.2
1157850 1480.2
1157860 1478.0
1157870 1473.9
1157880 1473.9
1157890 1472.1
1157900 1470.9
1157910 1470.9
1157920 1470.0
1157930 1469.7
1157940 1469.2
1157950 1469.2
1157960 1469.6
1157970 1469.8
1157980 1469.8
1157990 1469.6
1158000 1468.9
1158010 1468.9
1158020 1468.8
1158030 1468.0
1158040 1468.0
1158050 1467.4
1158060 1466.1
1158070 1466.1
1158080 1465.9
1158090 1465.3
1158100 1465.3
1158110 1463.8
1158120 1462.1
1158130 1462.1
1158140 1460.2
1158150 1458.9
1158160 1458.9
1158170 1457.9
1158180 1456.1
1158190 1456.1
1158200 1454.4
1158210 1452.9
1158220 1454.1
1158230 1454.1
1158240 1458.1
1158250 1458.1
1158260 1458.1
1158270 1459.3
1158280 1461.6
1158290 1461.6
1158300 1463.3
1158310 1464.0
1158320 1464.0
1158330 1464.3
1158340 1463.6
1158350 1463.6
1158360 1465.2
1158370 1468.3
1158380 1468.3
1158390 1469.2
1158400 1471.5
1158410 1471.5
1158420 1475.4
1158430 1479.7
1158440 1479.7
1158450 1482.1
1158460 1482.6
1158470 1482.6
1158480 1478.5
1158490 1481.2
1158500 1481.2
1158510 1486.9
1158520 1490.5
1158530 1491.9
1158540 1491.9
1158550 1492.7
1158560 1494.7
1158570 1494.7
1158580 1497.3
1158590 1500.4
1158600 1500.4
1158610 1511.7
1158620 1515.3
1158630 1515.3
1158640 1518.8
1158650 1522.0
1158660 1522.0
1158670 1525.0
1158680 1526.3
1158690 1526.3
1158700 1520.3
1158710 1513.9
1158720 1513.9
1158730 1521.2
1158740 1530.4
1158750 1530.4
1158760 1538.1
1158770 1544.4
1158780 1544.4
1158790 1545.4
1158800 1539.8
1158810 1539.8
1158820 1537.4
1158830 1538.4
1158840 1541.0
1158850 1541.0
1158860 1541.9
1158870 1540.2
1158880 1540.2
1158890 1541.1
1158900 1546.6
1158910 1546.6
1158920 1552.4
1158930 1560.2
1158940 1560.2
1158950 1566.6
1158960 1570.4
1158970 1570.4
1158980 1573.9
1158990 1574.1
1159000 1584.5
1159010 1581.9
1159020 1581.2
1159030 1581.2
1159040 1584.7
1159050 1590.0
1159060 1590.0
1159070 1594.3
1159080 1598.9
1159090 1598.9
1159100 1602.5
1159110 1606.6
1159120 1612.7
1159130 1612.7
1159140 1620.0
1159150 1630.1
1159160 1630.1
1159170 1642.1
1159180 1652.8
1159190 1652.8
1159200 1660.6
1159210 1668.3
1159220 1668.3
1159230 1671.3
1159240 1678.4
1159250 1678.4
1159260 1683.3
1159270 1682.9
1159280 1682.9
1159290 1685.7
1159300 1690.2
1159310 1690.2
1159320 1696.2
1159330 1702.5
1159340 1702.5
1159350 1708.6
1159360 1715.9
1159370 1715.9
1159380 1723.8
1159390 1738.0
1159400 1738.0
1159410 1742.6
1159420 1749.3
1159430 1755.5
1159440 1755.5
1159450 1761.0
1159460 1768.8
1159470 1768.8
1159480 1775.9
1159490 1782.4
1159500 1782.4
1159510 1788.6
1159520 1793.1
1159530 1793.1
1159540 1795.8
1159550 1794.8
1159560 1794.8
1159570 1794.6
1159580 1796.6
1159590 1796.6
1159600 1797.3
1159610 1796.9
1159620 1796.9
1159630 1796.3
1159640 1795.3
1159650 1795.3
1159660 1794.0
1159670 1790.9
1159680 1790.9
1159690 1786.0
1159700 1787.0
1159710 1786.7
1159720 1786.7
1159730 1783.9
1159740 1780.3
1159750 1780.3
1159760 1777.6
1159770 1775.3
1159780 1778.5
1159790 1774.6
1159800 1770.3
1159810 1770.3
1159820 1769.0
1159830 1764.9
1159840 1764.9
1159850 1758.8
1159860 1752.6
1159870 1752.6
1159880 1746.6
1159890 1743.6
1159900 1743.6
1159910 1741.0
1159920 1739.0
1159930 1739.0
1159940 1736.2
1159950 1731.2
1159960 1731.2
1159970 1724.9
1159980 1724.2
1159990 1724.2
