1155020 1836.8
1155030 1837.6
1155040 1843.3
1155050 1843.3
1155060 1846.4
1155070 1849.8
1155080 1849.8
1155090 1854.0
1155100 1858.4
1155110 1858.4
1155120 1862.6
1155130 1866.7
1155140 1866.7
1155150 1870.6
1155160 1874.7
1155170 1874.7
1155180 1878.7
1155190 1882.4
1155200 1882.4
1155210 1886.4
1155220 1890.6
1155230 1890.6
1155240 1901.3
1155250 1917.5
1155260 1917.5
1155270 1931.1
1155280 1942.5
1155290 1942.5
1155300 1950.3
1155310 1956.0
1155320 1956.0
1155330 1962.9
1155340 1970.9
1155350 1974.2
1155360 1974.2
1155370 1980.4
1155380 1987.8
1155390 1987.8
1155400 1995.5
1155410 2002.8
1155420 2002.8
1155430 2026.5
1155440 2048.0
1155450 2048.0
1155460 2058.0
1155470 2062.0
1155480 2062.0
1155490 2067.2
1155500 2072.9
1155510 2072.9
1155520 2079.1
1155530 2084.0
1155540 2084.0
1155550 2087.3
1155560 2089.7
1155570 2089.7
1155580 2092.3
1155590 2101.4
1155600 2101.4
1155610 2108.1
1155620 2111.2
1155630 2111.8
1155640 2111.8
1155650 2111.5
1155660 2110.8
1155670 2110.8
1155680 2104.6
1155690 2097.7
1155700 2097.7
1155710 2091.7
1155720 2087.6
1155730 2087.6
1155740 2083.8
1155750 2080.3
1155760 2080.3
1155770 2077.1
1155780 2074.4
1155790 2074.4
1155800 2068.9
1155810 2067.7
1155820 2067.7
1155830 2066.6
1155840 2069.1
1155850 2069.1
1155860 2071.8
1155870 2077.8
1155880 2077.8
1155890 2089.1
1155900 2096.7
1155910 2096.7
1155920 2095.8
1155930 2097.5
1155940 2102.0
1155950 2102.0
1155960 2107.4
1155970 2110.3
1155980 2110.3
1155990 2114.6
1156000 2114.0
1156010 2114.0
1156020 2108.7
1156030 2103.5
1156040 2103.5
1156050 2098.5
1156060 2093.3
1156070 2093.3
1156080 2088.0
1156090 2081.4
1156100 2081.4
1156110 2074.0
1156120 2066.8
1156130 2066.8
1156140 2059.5
1156150 2053.2
1156160 2053.2
1156170 2048.5
1156180 2045.5
1156190 2045.5
1156200 2045.6
1156210 2038.7
1156220 2031.8
1156230 2031.8
1156240 2024.6
1156250 2017.4
1156260 2017.4
1156270 2011.2
1156280 2005.4
1156290 2005.4
1156300 1999.6
1156310 1993.8
1156320 1993.8
1156330 1989.2
1156340 1985.3
1156350 1985.3
1156360 1980.9
1156370 1977.0
1156380 1977.0
1156390 1974.7
1156400 1968.3
1156410 1968.3
1156420 1961.1
1156430 1959.4
1156440 1959.4
1156450 1960.6
1156460 1959.6
1156470 1959.6
1156480 1955.1
1156490 1950.6
1156500 1950.6
1156510 1947.2
1156520 1945.6
1156530 1944.4
1156540 1944.4
1156550 1944.3
1156560 1942.6
1156570 1942.6
1156580 1940.0
1156590 1945.8
1156600 1945.8
1156610 1944.4
1156620 1936.1
1156630 1936.1
1156640 1914.6
1156650 1896.8
1156660 1896.8
1156670 1888.8
1156680 1882.6
1156690 1882.6
1156700 1876.5
1156710 1870.8
1156720 1870.8
1156730 1864.9
1156740 1860.1
1156750 1860.1
1156760 1855.6
1156770 1851.0
1156780 1851.0
1156790 1847.1
1156800 1843.6
1156810 1840.3
1156820 1840.3
1156830 1837.0
1156840 1833.7
1156850 1833.7
1156860 1830.4
1156870 1826.9
1156880 1826.9
1156890 1823.2
1156900 1820.0
1156910 1820.0
1156920 1816.7
1156930 1813.5
1156940 1813.5
1156950 1809.9
1156960 1807.5
1156970 1807.5
1156980 1808.4
1156990 1805.3
1157000 1805.3
1157010 1802.8
1157020 1800.2
1157030 1800.2
1157040 1797.4
1157050 1794.2
1157060 1794.2
1157070 1791.1
1157080 1788.6
1157090 1788.6
1157100 1786.0
1157110 1782.7
1157120 1777.8
1157130 1777.8
1157140 1775.3
1157150 1770.6
1157160 1770.6
1157170 1765.1
1157180 1766.4
1157190 1766.4
1157200 1771.3
1157210 1773.9
1157220 1773.9
1157230 1773.6
1157240 1769.7
1157250 1769.7
1157260 1763.7
1157270 1759.7
1157280 1759.7
1157290 1762.1
1157300 1765.2
1157310 1765.2
1157320 1768.0
1157330 1768.9
1157340 1768.9
1157350 1765.2
1157360 1766.2
1157370 1774.2
1157380 1773.5
1157390 1772.1
1157400 1772.4
1157410 1772.4
1157420 1771.2
1157430 1767.0
1157440 1767.0
1157450 1767.0
1157460 1765.4
1157470 1765.4
1157480 1761.7
1157490 1760.0
1157500 1760.0
1157510 1755.0
1157520 1756.2
1157530 1756.2
1157540 1756.1
1157550 1751.4
1157560 1751.4
1157570 1753.2
1157580 1753.4
1157590 1753.4
1157600 1751.5
1157610 1753.1
1157620 1753.1
1157630 1753.9
1157640 1752.2
1157650 1752.2
1157660 1747.6
1157670 1736.9
1157680 1736.9
1157690 1727.0
1157700 1728.3
1157710 1724.8
1157720 1724.8
1157730 1717.3
1157740 1720.1
1157750 1720.1
1157760 1729.5
1157770 1726.5
1157780 1726.5
1157790 1724.1
1157800 1721.5
1157810 1721.5
1157820 1719.0
1157830 1719.9
1157840 1719.9
1157850 1720.1
1157860 1716.2
1157870 1716.2
1157880 1714.2
1157890 1709.5
1157900 1709.5
1157910 1708.1
1157920 1712.9
1157930 1712.9
1157940 1720.1
1157950 1720.8
1157960 1720.8
1157970 1717.5
1157980 1709.6
1157990 1699.2
1158000 1699.2
1158010 1695.1
1158020 1698.1
1158030 1698.1
1158040 1701.5
1158050 1706.1
1158060 1706.1
1158070 1703.9
1158080 1701.0
1158090 1701.0
1158100 1700.1
1158110 1702.6
1158120 1702.6
1158130 1716.9
1158140 1728.2
1158150 1732.1
1158160 1738.7
1158170 1737.2
1158180 1737.2
1158190 1738.4
1158200 1748.1
1158210 1748.1
1158220 1753.1
1158230 1754.7
1158240 1754.7
1158250 1756.8
1158260 1758.9
1158270 1758.9
1158280 1761.7
1158290 1764.9
1158300 1766.2
1158310 1766.2
1158320 1760.6
1158330 1754.6
1158340 1754.6
1158350 1759.8
1158360 1768.0
1158370 1768.0
1158380 1773.0
1158390 1774.5
1158400 1774.5
1158410 1774.9
1158420 1775.2
1158430 1775.2
1158440 1775.6
1158450 1777.2
1158460 1777.2
1158470 1779.1
1158480 1780.1
1158490 1780.1
1158500 1781.4
1158510 1784.2
1158520 1784.2
1158530 1785.2
1158540 1796.7
1158550 1796.7
1158560 1800.2
1158570 1802.6
1158580 1805.7
1158590 1805.7
1158600 1804.6
1158610 1795.1
1158620 1795.1
1158630 1783.5
1158640 1780.6
1158650 1780.6
1158660 1779.9
1158670 1785.0
1158680 1785.0
1158690 1792.0
1158700 1798.5
1158710 1798.5
1158720 1802.3
1158730 1809.0
1158740 1809.0
1158750 1815.6
1158760 1821.7
1158770 1821.7
1158780 1826.3
1158790 1828.6
1158800 1828.6
1158810 1834.6
1158820 1838.9
1158830 1838.9
1158840 1840.4
1158850 1841.9
1158860 1841.9
1158870 1848.9
1158880 1855.3
1158890 1858.3
1158900 1858.3
1158910 1861.5
1158920 1865.4
1158930 1874.3
1158940 1876.9
1158950 1880.5
1158960 1880.5
1158970 1883.8
1158980 1886.8
1158990 1886.8
1159000 1890.1
1159010 1893.5
1159020 1893.5
1159030 1898.0
1159040 1899.9
1159050 1899.9
1159060 1902.5
1159070 1904.2
1159080 1904.2
1159090 1905.6
1159100 1906.0
1159110 1906.0
1159120 1907.6
1159130 1911.0
1159140 1911.0
1159150 1913.4
1159160 1919.2
1159170 1921.0
1159180 1921.0
1159190 1924.6
1159200 1929.5
1159210 1929.5
1159220 1927.4
1159230 1927.0
1159240 1927.0
1159250 1934.9
1159260 1941.5
1159270 1941.5
1159280 1941.9
1159290 1943.1
1159300 1943.1
1159310 1945.3
1159320 1951.7
1159330 1951.7
1159340 1953.3
1159350 1955.2
1159360 1955.2
1159370 1957.1
1159380 1957.3
1159390 1957.3
1159400 1957.7
1159410 1959.2
1159420 1959.2
1159430 1959.9
1159440 1959.4
1159450 1959.4
1159460 1959.7
1159470 1960.4
1159480 1960.2
1159490 1960.2
1159500 1959.7
1159510 1960.3
1159520 1960.3
1159530 1961.0
1159540 1961.8
1159550 1961.8
1159560 1962.2
1159570 1962.5
1159580 1962.5
1159590 1962.2
1159600 1962.1
1159610 1962.1
1159620 1962.2
1159630 1962.9
1159640 1962.9
1159650 1964.0
1159660 1964.6
1159670 1964.6
1159680 1965.6
1159690 1966.9
1159700 1966.9
1159710 1968.2
1159720 1973.0
1159730 1973.0
1159740 1972.8
1159750 1971.2
1159760 1969.1
1159770 1969.1
1159780 1966.6
1159790 1963.9
1159800 1963.9
1159810 1961.2
1159820 1958.5
1159830 1958.5
1159840 1955.9
1159850 1953.8
1159860 1953.8
1159870 1952.7
1159880 1952.4
1159890 1952.4
1159900 1949.5
1159910 1945.8
1159920 1945.8
1159930 1941.8
1159940 1938.1
1159950 1938.1
1159960 1935.3
1159970 1933.2
1159980 1933.2
1159990 1932.5
