1155630 1864.3
1155640 1866.5
1155650 1866.5
1155660 1883.5
1155670 1900.8
1155680 1900.8
1155690 1953.7
1155700 2003.2
1155710 2025.1
1155720 2025.1
1155730 2041.2
1155740 2044.1
1155750 2044.1
1155760 2046.6
1155770 2049.6
1155780 2049.6
1155790 2051.8
1155800 2056.8
1155810 2056.8
1155820 2059.8
1155830 2062.7
1155840 2062.7
1155850 2064.8
1155860 2066.5
1155870 2066.5
1155880 2068.4
1155890 2070.7
1155900 2070.7
1155910 2072.9
1155920 2075.6
1155930 2075.6
1155940 2079.1
1155950 2082.8
1155960 2082.8
1155970 2086.1
1155980 2086.7
1155990 2086.0
1156000 2086.0
1156010 2086.7
1156020 2095.2
1156030 2095.2
1156040 2107.0
1156050 2131.8
1156060 2131.8
1156070 2146.9
1156080 2157.8
1156090 2157.8
1156100 2163.9
1156110 2170.2
1156120 2170.2
1156130 2178.9
1156140 2184.2
1156150 2184.2
1156160 2184.5
1156170 2183.2
1156180 2183.2
1156190 2197.3
1156200 2209.6
1156210 2209.6
1156220 2214.8
1156230 2219.5
1156240 2219.5
1156250 2223.7
1156260 2228.0
1156270 2228.0
1156280 2230.2
1156290 2231.3
1156300 2231.9
1156310 2231.9
1156320 2235.6
1156330 2228.8
1156340 2228.8
1156350 2202.6
1156360 2186.1
1156370 2186.1
1156380 2169.7
1156390 2158.7
1156400 2158.7
1156410 2149.8
1156420 2138.8
1156430 2138.8
1156440 2089.8
1156450 2070.3
1156460 2070.3
1156470 2063.5
1156480 2056.6
1156490 2056.6
1156500 2050.7
1156510 2045.6
1156520 2045.6
1156530 2041.1
1156540 2037.0
1156550 2037.0
1156560 2031.6
1156570 2026.4
1156580 2022.2
1156590 2022.2
1156600 2021.2
1156610 2023.1
1156620 2023.1
1156630 2025.7
1156640 2030.2
1156650 2030.2
1156660 2036.9
1156670 2040.2
1156680 2040.2
1156690 2039.7
1156700 2038.1
1156710 2038.1
1156720 2036.2
1156730 2035.8
1156740 2035.8
1156750 2035.5
1156760 2033.9
1156770 2033.9
1156780 2031.4
1156790 2028.4
1156800 2028.4
1156810 2026.4
1156820 2025.8
1156830 2019.5
1156840 2020.0
1156850 2022.2
1156860 2022.2
1156870 2027.1
1156880 2033.2
1156890 2037.5
1156900 2037.5
1156910 2041.1
1156920 2042.6
1156930 2042.6
1156940 2042.3
1156950 2041.6
1156960 2041.6
1156970 2040.8
1156980 2039.7
1156990 2039.7
1157000 2039.7
1157010 2042.1
1157020 2042.1
1157030 2045.9
1157040 2051.1
1157050 2051.1
1157060 2058.4
1157070 2067.7
1157080 2067.7
1157090 2073.5
1157100 2079.6
1157110 2079.6
1157120 2088.1
1157130 2095.9
1157140 2095.9
1157150 2099.6
1157160 2102.8
1157170 2102.8
1157180 2107.2
1157190 2112.6
1157200 2116.5
1157210 2116.5
1157220 2112.2
1157230 2112.3
1157240 2112.3
1157250 2113.9
1157260 2117.0
1157270 2117.0
1157280 2117.1
1157290 2113.6
1157300 2113.6
1157310 2112.7
1157320 2112.1
1157330 2112.1
1157340 2112.5
1157350 2109.1
1157360 2109.1
1157370 2102.5
1157380 2097.5
1157390 2097.5
1157400 2092.5
1157410 2082.2
1157420 2082.2
1157430 2073.8
1157440 2068.3
1157450 2068.3
1157460 2062.7
1157470 2055.5
1157480 2045.3
1157490 2045.3
1157500 2034.0
1157510 2021.8
1157520 2021.8
1157530 2016.9
1157540 2026.1
1157550 2026.1
1157560 2020.3
1157570 2018.1
1157580 2018.1
1157590 1999.9
1157600 2003.5
1157610 1986.1
1157620 2003.3
1157630 2025.5
1157640 2025.5
1157650 2031.7
1157660 2031.9
1157670 2031.9
1157680 2032.7
1157690 2030.6
1157700 2030.6
1157710 2025.9
1157720 2018.4
1157730 2018.4
1157740 2011.9
1157750 2005.8
1157760 2005.8
1157770 1994.0
1157780 1974.8
1157790 1964.2
1157800 1964.2
1157810 1960.4
1157820 1955.1
1157830 1955.1
1157840 1946.1
1157850 1937.5
1157860 1937.5
1157870 1927.4
1157880 1918.2
1157890 1918.2
1157900 1911.6
1157910 1906.7
1157920 1906.7
1157930 1903.7
1157940 1898.4
1157950 1898.4
1157960 1881.6
1157970 1870.0
1157980 1870.0
1157990 1857.0
1158000 1827.9
1158010 1827.9
1158020 1817.6
1158030 1810.0
1158040 1810.0
1158050 1796.4
1158060 1775.2
1158070 1754.6
1158080 1754.6
1158090 1744.4
1158100 1737.3
1158110 1737.3
1158120 1723.5
1158130 1716.9
1158140 1716.9
1158150 1709.6
1158160 1700.8
1158170 1700.8
1158180 1687.7
1158190 1668.6
1158200 1668.6
1158210 1649.6
1158220 1637.9
1158230 1637.9
1158240 1628.5
1158250 1624.3
1158260 1624.3
1158270 1616.3
1158280 1603.8
1158290 1603.8
1158300 1586.5
1158310 1576.0
1158320 1576.0
1158330 1569.1
1158340 1564.0
1158350 1564.0
1158360 1558.9
1158370 1554.1
1158380 1548.8
1158390 1543.8
1158400 1539.5
1158410 1534.9
1158420 1534.9
1158430 1529.8
1158440 1524.5
1158450 1524.5
1158460 1518.8
1158470 1513.2
1158480 1513.2
1158490 1507.5
1158500 1501.3
1158510 1501.3
1158520 1494.9
1158530 1488.8
1158540 1488.8
1158550 1483.1
1158560 1477.3
1158570 1477.3
1158580 1470.6
1158590 1464.2
1158600 1464.2
1158610 1458.4
1158620 1452.8
1158630 1452.8
1158640 1447.2
1158650 1442.2
1158660 1442.2
1158670 1437.0
1158680 1431.6
1158690 1426.3
1158700 1426.3
1158710 1421.6
1158720 1416.9
1158730 1416.9
1158740 1412.2
1158750 1407.2
1158760 1407.2
1158770 1401.9
1158780 1397.9
1158790 1397.9
1158800 1394.2
1158810 1389.9
1158820 1389.9
1158830 1385.9
1158840 1382.2
1158850 1382.2
1158860 1380.0
1158870 1378.8
1158880 1378.8
1158890 1377.7
1158900 1375.2
1158910 1375.2
1158920 1372.4
1158930 1369.1
1158940 1369.1
1158950 1364.0
1158960 1358.3
1158970 1352.9
1158980 1352.9
1158990 1345.8
1159000 1338.0
1159010 1338.0
1159020 1330.6
1159030 1325.1
1159040 1325.1
1159050 1321.6
1159060 1318.9
1159070 1318.9
1159080 1317.2
1159090 1317.5
1159100 1317.5
1159110 1317.6
1159120 1320.7
1159130 1320.7
1159140 1327.9
1159150 1341.0
1159160 1341.0
1159170 1373.4
1159180 1375.5
1159190 1375.5
1159200 1375.6
1159210 1376.4
1159220 1376.4
1159230 1375.5
1159240 1375.7
1159250 1375.7
1159260 1377.0
1159270 1377.3
1159280 1377.7
1159290 1377.7
1159300 1377.4
1159310 1376.7
1159320 1376.7
1159330 1377.1
1159340 1377.5
1159350 1377.5
1159360 1376.9
1159370 1380.3
1159380 1380.3
1159390 1386.6
1159400 1394.0
1159410 1394.0
1159420 1402.4
1159430 1411.1
1159440 1411.1
1159450 1419.9
1159460 1426.5
1159470 1426.5
1159480 1428.2
1159490 1424.2
1159500 1424.2
1159510 1420.7
1159520 1420.9
1159530 1420.9
1159540 1424.4
1159550 1428.0
1159560 1428.7
1159570 1436.0
1159580 1435.6
1159590 1432.4
1159600 1432.4
1159610 1428.6
1159620 1430.3
1159630 1430.3
1159640 1435.2
1159650 1436.3
1159660 1436.3
1159670 1434.7
1159680 1430.6
1159690 1430.6
1159700 1427.7
1159710 1425.7
1159720 1425.7
1159730 1424.6
1159740 1424.2
1159750 1424.2
1159760 1422.9
1159770 1423.4
1159780 1423.4
1159790 1423.7
1159800 1423.1
1159810 1423.1
1159820 1423.3
1159830 1422.9
1159840 1422.9
1159850 1421.4
1159860 1420.9
1159870 1419.7
1159880 1419.7
1159890 1416.8
1159900 1414.4
1159910 1414.4
1159920 1416.1
1159930 1416.2
1159940 1416.2
1159950 1415.1
1159960 1422.4
1159970 1422.4
1159980 1419.9
1159990 1417.0
