1155560 1789.0
1155570 1794.5
1155580 1794.5
1155590 1798.4
1155600 1804.1
1155610 1804.1
1155620 1809.4
1155630 1814.9
1155640 1814.9
1155650 1821.2
1155660 1827.5
1155670 1827.5
1155680 1833.7
1155690 1839.4
1155700 1839.4
1155710 1844.8
1155720 1850.3
1155730 1850.3
1155740 1856.0
1155750 1862.0
1155760 1862.0
1155770 1867.4
1155780 1873.0
1155790 1873.0
1155800 1880.0
1155810 1884.4
1155820 1884.4
1155830 1888.9
1155840 1894.2
1155850 1899.5
1155860 1899.5
1155870 1904.2
1155880 1908.2
1155890 1908.2
1155900 1912.1
1155910 1915.2
1155920 1915.2
1155930 1917.5
1155940 1917.2
1155950 1917.2
1155960 1916.0
1155970 1917.0
1155980 1911.1
1155990 1914.7
1156000 1920.0
1156010 1920.0
1156020 1925.9
1156030 1933.0
1156040 1933.0
1156050 1940.8
1156060 1953.2
1156070 1953.2
1156080 1969.0
1156090 1987.4
1156100 1987.4
1156110 2003.4
1156120 2015.4
1156130 2026.6
1156140 2026.6
1156150 2042.5
1156160 2053.0
1156170 2053.0
1156180 2060.2
1156190 2069.7
1156200 2069.7
1156210 2078.8
1156220 2080.6
1156230 2080.6
1156240 2079.5
1156250 2082.8
1156260 2082.8
1156270 2084.4
1156280 2083.0
1156290 2083.0
1156300 2081.1
1156310 2076.9
1156320 2076.9
1156330 2071.3
1156340 2066.1
1156350 2066.1
1156360 2061.6
1156370 2054.9
1156380 2054.9
1156390 2051.1
1156400 2047.6
1156410 2047.6
1156420 2045.2
1156430 2042.5
1156440 2039.9
1156450 2039.9
1156460 2038.1
1156470 2035.5
1156480 2035.5
1156490 2031.3
1156500 2027.0
1156510 2027.0
1156520 2023.7
1156530 2021.1
1156540 2021.1
1156550 2019.0
1156560 2017.0
1156570 2017.0
1156580 2014.3
1156590 2011.5
1156600 2011.5
1156610 2009.1
1156620 2005.7
1156630 2005.7
1156640 2001.4
1156650 1997.4
1156660 1997.4
1156670 1993.7
1156680 1992.0
1156690 1992.0
1156700 1985.9
1156710 1971.0
1156720 1947.5
1156730 1947.5
1156740 1935.1
1156750 1932.3
1156760 1932.3
1156770 1926.2
1156780 1920.3
1156790 1920.3
1156800 1914.6
1156810 1909.3
1156820 1909.3
1156830 1905.2
1156840 1901.7
1156850 1901.7
1156860 1898.4
1156870 1895.6
1156880 1895.6
1156890 1892.7
1156900 1889.3
1156910 1889.3
1156920 1883.1
1156930 1876.5
1156940 1876.5
1156950 1872.8
1156960 1859.3
1156970 1859.3
1156980 1832.0
1156990 1816.5
1157000 1816.5
1157010 1794.8
1157020 1777.0
1157030 1763.9
1157040 1763.9
1157050 1753.3
1157060 1740.7
1157070 1740.7
1157080 1729.0
1157090 1719.0
1157100 1719.0
1157110 1708.4
1157120 1697.3
1157130 1697.3
1157140 1679.8
1157150 1670.7
1157160 1670.7
1157170 1663.2
1157180 1655.8
1157190 1655.8
1157200 1648.5
1157210 1642.0
1157220 1642.0
1157230 1636.7
1157240 1631.7
1157250 1631.7
1157260 1622.1
1157270 1613.5
1157280 1613.5
1157290 1608.1
1157300 1602.9
1157310 1599.7
1157320 1599.7
1157330 1596.6
1157340 1597.5
1157350 1597.5
1157360 1597.9
1157370 1596.3
1157380 1596.3
1157390 1593.2
1157400 1589.9
1157410 1589.9
1157420 1586.6
1157430 1583.8
1157440 1583.8
1157450 1580.9
1157460 1578.5
1157470 1578.5
1157480 1576.1
1157490 1572.8
1157500 1572.8
1157510 1569.3
1157520 1565.8
1157530 1563.0
1157540 1560.2
1157550 1556.9
1157560 1556.9
1157570 1554.8
1157580 1553.3
1157590 1553.3
1157600 1551.6
1157610 1549.6
1157620 1547.1
1157630 1547.1
1157640 1548.8
1157650 1554.0
1157660 1554.0
1157670 1559.0
1157680 1557.2
1157690 1557.2
1157700 1555.5
1157710 1556.3
1157720 1556.3
1157730 1555.9
1157740 1557.5
1157750 1557.5
1157760 1558.7
1157770 1560.5
1157780 1560.5
1157790 1560.4
1157800 1558.9
1157810 1558.9
1157820 1558.8
1157830 1559.9
1157840 1559.9
1157850 1559.8
1157860 1559.9
1157870 1559.9
1157880 1559.0
1157890 1557.7
1157900 1557.7
1157910 1556.7
1157920 1549.0
1157930 1546.9
1157940 1546.9
1157950 1543.7
1157960 1540.1
1157970 1540.1
1157980 1536.8
1157990 1532.7
1158000 1532.7
1158010 1529.4
1158020 1529.3
1158030 1529.3
1158040 1528.9
1158050 1529.2
1158060 1529.2
1158070 1529.3
1158080 1528.5
1158090 1528.5
1158100 1526.2
1158110 1523.1
1158120 1523.1
1158130 1519.5
1158140 1516.3
1158150 1516.3
1158160 1515.2
1158170 1514.4
1158180 1514.4
1158190 1512.5
1158200 1510.0
1158210 1508.7
1158220 1508.7
1158230 1506.8
1158240 1505.9
1158250 1505.9
1158260 1504.0
1158270 1501.1
1158280 1501.1
1158290 1497.4
1158300 1495.9
1158310 1485.8
1158320 1485.2
1158330 1482.7
1158340 1482.7
1158350 1479.2
1158360 1476.5
1158370 1476.5
1158380 1472.2
1158390 1467.5
1158400 1467.5
1158410 1462.1
1158420 1454.8
1158430 1454.8
1158440 1446.6
1158450 1440.5
1158460 1440.5
1158470 1434.9
1158480 1428.7
1158490 1428.7
1158500 1422.9
1158510 1416.7
1158520 1409.9
1158530 1409.9
1158540 1403.4
1158550 1401.1
1158560 1401.1
1158570 1401.4
1158580 1402.1
1158590 1402.1
1158600 1406.4
1158610 1408.2
1158620 1408.2
1158630 1411.1
1158640 1416.2
1158650 1416.2
1158660 1419.6
1158670 1426.0
1158680 1426.0
1158690 1431.6
1158700 1440.1
1158710 1440.1
1158720 1442.1
1158730 1441.4
1158740 1441.4
1158750 1443.9
1158760 1445.9
1158770 1445.9
1158780 1444.9
1158790 1445.2
1158800 1447.9
1158810 1447.9
1158820 1450.0
1158830 1453.3
1158840 1453.3
1158850 1458.9
1158860 1465.7
1158870 1465.7
1158880 1465.4
1158890 1459.9
1158900 1459.9
1158910 1454.9
1158920 1449.9
1158930 1449.9
1158940 1448.5
1158950 1453.9
1158960 1453.9
1158970 1463.8
1158980 1485.8
1158990 1485.8
1159000 1496.1
1159010 1504.2
1159020 1504.2
1159030 1513.0
1159040 1521.6
1159050 1521.6
1159060 1532.8
1159070 1548.7
1159080 1548.7
1159090 1558.4
1159100 1569.3
1159110 1570.9
1159120 1570.9
1159130 1574.0
1159140 1576.3
1159150 1576.3
1159160 1580.1
1159170 1582.5
1159180 1582.5
1159190 1585.9
1159200 1591.3
1159210 1591.3
1159220 1592.1
1159230 1593.1
1159240 1593.1
1159250 1595.4
1159260 1597.5
1159270 1597.5
1159280 1604.8
1159290 1615.9
1159300 1615.9
1159310 1627.8
1159320 1638.0
1159330 1638.0
1159340 1647.8
1159350 1656.2
1159360 1656.2
1159370 1659.3
1159380 1659.2
1159390 1658.8
1159400 1658.8
1159410 1660.1
1159420 1664.6
1159430 1664.6
1159440 1669.8
1159450 1675.4
1159460 1675.4
1159470 1679.8
1159480 1681.6
1159490 1688.5
1159500 1691.1
1159510 1694.6
1159520 1694.6
1159530 1696.9
1159540 1699.6
1159550 1699.6
1159560 1704.2
1159570 1705.4
1159580 1705.4
1159590 1707.3
1159600 1708.8
1159610 1708.8
1159620 1710.2
1159630 1710.3
1159640 1710.3
1159650 1712.1
1159660 1714.7
1159670 1714.7
1159680 1716.2
1159690 1717.8
1159700 1716.7
1159710 1716.7
1159720 1715.7
1159730 1714.0
1159740 1714.0
1159750 1712.0
1159760 1710.4
1159770 1710.4
1159780 1710.1
1159790 1707.6
1159800 1707.6
1159810 1702.7
1159820 1699.9
1159830 1699.9
1159840 1697.8
1159850 1695.8
1159860 1695.8
1159870 1694.9
1159880 1690.1
1159890 1690.1
1159900 1686.4
1159910 1682.2
1159920 1682.2
1159930 1678.0
1159940 1674.4
1159950 1674.4
1159960 1670.7
1159970 1666.2
1159980 1661.3
1159990 1661.3
