1155580 1862.2
1155590 1862.2
1155600 1864.6
1155610 1868.7
1155620 1868.7
1155630 1872.5
1155640 1875.9
1155650 1880.4
1155660 1875.2
1155670 1880.1
1155680 1883.8
1155690 1883.8
1155700 1886.4
1155710 1889.8
1155720 1889.8
1155730 1894.0
1155740 1898.3
1155750 1898.3
1155760 1904.0
1155770 1908.9
1155780 1908.9
1155790 1915.5
1155800 1922.6
1155810 1922.6
1155820 1936.0
1155830 1954.9
1155840 1954.9
1155850 1970.1
1155860 1982.7
1155870 1982.7
1155880 1984.1
1155890 1989.0
1155900 1989.0
1155910 2000.2
1155920 2007.8
1155930 2007.8
1155940 2013.8
1155950 2018.5
1155960 2024.2
1155970 2024.2
1155980 2030.1
1155990 2037.1
1156000 2037.1
1156010 2049.1
1156020 2060.6
1156030 2060.6
1156040 2075.5
1156050 2064.8
1156060 2064.8
1156070 2081.0
1156080 2100.4
1156090 2100.4
1156100 2139.7
1156110 2193.3
1156120 2193.3
1156130 2213.6
1156140 2224.3
1156150 2224.3
1156160 2224.7
1156170 2220.4
1156180 2220.4
1156190 2205.7
1156200 2169.0
1156210 2169.0
1156220 2156.3
1156230 2148.9
1156240 2141.8
1156250 2141.8
1156260 2135.1
1156270 2128.5
1156280 2128.5
1156290 2121.4
1156300 2112.3
1156310 2112.3
1156320 2103.1
1156330 2095.7
1156340 2095.7
1156350 2089.0
1156360 2083.1
1156370 2083.1
1156380 2078.2
1156390 2075.0
1156400 2075.0
1156410 2073.1
1156420 2071.3
1156430 2071.3
1156440 2069.5
1156450 2066.7
1156460 2066.7
1156470 2064.2
1156480 2060.4
1156490 2060.4
1156500 2056.1
1156510 2053.1
1156520 2053.1
1156530 2049.9
1156540 2045.9
1156550 2041.3
1156560 2041.3
1156570 2036.0
1156580 2029.9
1156590 2029.9
1156600 2024.0
1156610 2018.6
1156620 2018.6
1156630 2012.5
1156640 2006.3
1156650 2006.3
1156660 1999.6
1156670 1992.7
1156680 1992.7
1156690 1986.1
1156700 1980.1
1156710 1980.1
1156720 1974.2
1156730 1967.4
1156740 1967.4
1156750 1958.6
1156760 1935.9
1156770 1935.9
1156780 1915.1
1156790 1887.4
1156800 1887.4
1156810 1859.1
1156820 1839.1
1156830 1835.2
1156840 1835.2
1156850 1827.9
1156860 1820.2
1156870 1820.2
1156880 1812.9
1156890 1806.6
1156900 1806.6
1156910 1801.2
1156920 1792.9
1156930 1792.9
1156940 1780.9
1156950 1771.9
1156960 1771.9
1156970 1764.3
1156980 1756.9
1156990 1756.9
1157000 1750.0
1157010 1743.6
1157020 1743.6
1157030 1737.6
1157040 1732.4
1157050 1732.4
1157060 1727.1
1157070 1721.7
1157080 1721.7
1157090 1716.6
1157100 1711.4
1157110 1711.4
1157120 1706.8
1157130 1703.4
1157140 1700.2
1157150 1700.2
1157160 1697.1
1157170 1694.2
1157180 1694.2
1157190 1689.8
1157200 1684.6
1157210 1684.6
1157220 1676.4
1157230 1675.2
1157240 1675.2
1157250 1672.7
1157260 1672.5
1157270 1672.5
1157280 1670.7
1157290 1668.2
1157300 1668.2
1157310 1665.9
1157320 1663.6
1157330 1663.6
1157340 1661.4
1157350 1658.0
1157360 1658.0
1157370 1657.6
1157380 1659.9
1157390 1659.9
1157400 1659.9
1157410 1658.5
1157420 1658.5
1157430 1656.0
1157440 1651.7
1157450 1649.4
1157460 1649.4
1157470 1647.9
1157480 1650.6
1157490 1650.6
1157500 1652.8
1157510 1654.7
1157520 1654.7
1157530 1652.7
1157540 1648.2
1157550 1648.2
1157560 1644.1
1157570 1642.2
1157580 1642.2
1157590 1646.4
1157600 1655.5
1157610 1635.0
1157620 1640.8
1157630 1646.8
1157640 1646.8
1157650 1649.3
1157660 1648.5
1157670 1648.5
1157680 1663.3
1157690 1669.2
1157700 1669.2
1157710 1668.2
1157720 1676.9
1157730 1679.7
1157740 1679.7
1157750 1680.8
1157760 1678.8
1157770 1678.8
1157780 1664.9
1157790 1657.5
1157800 1657.5
1157810 1656.8
1157820 1658.9
1157830 1658.9
1157840 1657.8
1157850 1670.1
1157860 1670.1
1157870 1664.6
1157880 1651.9
1157890 1651.9
1157900 1644.9
1157910 1644.1
1157920 1644.1
1157930 1643.8
1157940 1646.9
1157950 1646.9
1157960 1645.7
1157970 1643.3
1157980 1643.3
1157990 1640.4
1158000 1630.2
1158010 1630.2
1158020 1629.7
1158030 1629.2
1158040 1628.2
1158050 1628.2
1158060 1627.3
1158070 1623.6
1158080 1623.6
1158090 1621.0
1158100 1616.9
1158110 1616.9
1158120 1612.5
1158130 1608.6
1158140 1608.6
1158150 1605.5
1158160 1602.1
1158170 1602.1
1158180 1599.8
1158190 1597.0
1158200 1597.0
1158210 1594.0
1158220 1590.5
1158230 1590.5
1158240 1585.8
1158250 1582.0
1158260 1582.0
1158270 1577.8
1158280 1573.1
1158290 1573.1
1158300 1568.3
1158310 1563.2
1158320 1559.2
1158330 1559.2
1158340 1554.3
1158350 1550.0
1158360 1550.0
1158370 1546.1
1158380 1541.6
1158390 1538.8
1158400 1534.5
1158410 1528.0
1158420 1528.0
1158430 1523.0
1158440 1516.3
1158450 1516.3
1158460 1505.7
1158470 1495.1
1158480 1495.1
1158490 1486.0
1158500 1478.3
1158510 1478.3
1158520 1472.1
1158530 1462.5
1158540 1462.5
1158550 1451.4
1158560 1442.8
1158570 1442.8
1158580 1432.8
1158590 1422.7
1158600 1422.7
1158610 1413.5
1158620 1404.1
1158630 1394.7
1158640 1394.7
1158650 1386.1
1158660 1379.5
1158670 1379.5
1158680 1377.3
1158690 1376.6
1158700 1376.6
1158710 1378.0
1158720 1382.2
1158730 1382.2
1158740 1386.9
1158750 1387.3
1158760 1387.3
1158770 1386.8
1158780 1391.3
1158790 1391.3
1158800 1391.5
1158810 1390.9
1158820 1390.9
1158830 1390.0
1158840 1389.7
1158850 1389.7
1158860 1392.9
1158870 1391.6
1158880 1391.6
1158890 1392.2
1158900 1390.1
1158910 1385.4
1158920 1385.4
1158930 1387.1
1158940 1395.6
1158950 1395.6
1158960 1403.5
1158970 1402.0
1158980 1402.0
1158990 1400.4
1159000 1407.0
1159010 1407.0
1159020 1414.2
1159030 1424.5
1159040 1424.5
1159050 1441.8
1159060 1453.0
1159070 1453.0
1159080 1462.5
1159090 1470.2
1159100 1470.2
1159110 1475.9
1159120 1481.4
1159130 1481.4
1159140 1486.1
1159150 1490.3
1159160 1490.3
1159170 1504.3
1159180 1507.9
1159190 1507.9
1159200 1515.9
1159210 1526.3
1159220 1534.7
1159230 1534.7
1159240 1543.8
1159250 1547.1
1159260 1547.1
1159270 1549.6
1159280 1549.9
1159290 1549.9
1159300 1551.6
1159310 1556.8
1159320 1556.8
1159330 1559.5
1159340 1562.4
1159350 1562.4
1159360 1564.4
1159370 1566.2
1159380 1566.2
1159390 1563.9
1159400 1562.1
1159410 1562.1
1159420 1560.9
1159430 1561.9
1159440 1561.9
1159450 1566.4
1159460 1567.0
1159470 1567.0
1159480 1572.6
1159490 1579.9
1159500 1579.9
1159510 1587.2
1159520 1593.0
1159530 1598.3
1159540 1598.3
1159550 1604.9
1159560 1616.4
1159570 1616.4
1159580 1618.3
1159590 1618.4
1159600 1618.4
1159610 1618.4
1159620 1618.3
1159630 1618.3
1159640 1620.0
1159650 1621.4
1159660 1621.4
1159670 1622.2
1159680 1621.8
1159690 1621.8
1159700 1620.5
1159710 1619.0
1159720 1619.0
1159730 1618.1
1159740 1616.9
1159750 1616.9
1159760 1615.4
1159770 1613.5
1159780 1613.5
1159790 1612.0
1159800 1609.7
1159810 1607.3
1159820 1607.3
1159830 1605.6
1159840 1603.9
1159850 1603.9
1159860 1602.1
1159870 1601.0
1159880 1601.0
1159890 1598.9
1159900 1596.8
1159910 1596.8
1159920 1594.8
1159930 1592.2
1159940 1592.2
1159950 1590.0
1159960 1595.3
1159970 1595.3
1159980 1593.2
1159990 1591.1
