1155600 1977.2
1155610 1977.2
1155620 1983.2
1155630 1992.3
1155640 1992.3
1155650 2003.2
1155660 2021.5
1155670 2021.5
1155680 2033.3
1155690 2043.9
1155700 2043.9
1155710 2052.2
1155720 2061.4
1155730 2061.4
1155740 2075.6
1155750 2091.1
1155760 2091.7
1155770 2091.7
1155780 2093.4
1155790 2096.2
1155800 2096.2
1155810 2100.2
1155820 2104.0
1155830 2104.0
1155840 2107.6
1155850 2110.9
1155860 2110.9
1155870 2114.7
1155880 2119.2
1155890 2119.2
1155900 2124.8
1155910 2130.6
1155920 2130.6
1155930 2136.3
1155940 2142.1
1155950 2142.1
1155960 2148.1
1155970 2154.5
1155980 2154.5
1155990 2161.9
1156000 2168.0
1156010 2168.0
1156020 2171.5
1156030 2181.3
1156040 2181.3
1156050 2196.2
1156060 2202.8
1156070 2210.9
1156080 2210.9
1156090 2220.3
1156100 2227.9
1156110 2227.9
1156120 2235.4
1156130 2248.0
1156140 2248.0
1156150 2253.8
1156160 2264.6
1156170 2264.6
1156180 2284.8
1156190 2297.2
1156200 2297.2
1156210 2300.9
1156220 2293.3
1156230 2293.3
1156240 2274.4
1156250 2225.6
1156260 2225.6
1156270 2193.7
1156280 2155.9
1156290 2155.9
1156300 2139.8
1156310 2136.4
1156320 2136.4
1156330 2131.1
1156340 2113.7
1156350 2105.4
1156360 2105.4
1156370 2098.5
1156380 2091.4
1156390 2091.4
1156400 2084.3
1156410 2077.6
1156420 2077.6
1156430 2071.0
1156440 2064.7
1156450 2064.7
1156460 2058.9
1156470 2053.9
1156480 2053.9
1156490 2049.3
1156500 2045.4
1156510 2045.7
1156520 2042.5
1156530 2038.7
1156540 2038.7
1156550 2035.7
1156560 2033.8
1156570 2033.8
1156580 2031.8
1156590 2029.3
1156600 2029.3
1156610 2000.1
1156620 1969.5
1156630 1969.5
1156640 1946.4
1156650 1926.1
1156660 1921.3
1156670 1921.3
1156680 1920.5
1156690 1920.2
1156700 1920.2
1156710 1922.6
1156720 1926.3
1156730 1926.3
1156740 1925.1
1156750 1921.3
1156760 1921.3
1156770 1912.4
1156780 1918.2
1156790 1918.2
1156800 1936.6
1156810 1949.0
1156820 1949.0
1156830 1949.0
1156840 1954.0
1156850 1954.0
1156860 1959.0
1156870 1959.3
1156880 1959.3
1156890 1957.3
1156900 1950.3
1156910 1950.3
1156920 1951.2
1156930 1948.0
1156940 1948.0
1156950 1940.6
1156960 1934.7
1156970 1931.9
1156980 1931.9
1156990 1928.7
1157000 1926.5
1157010 1926.5
1157020 1931.6
1157030 1938.3
1157040 1938.3
1157050 1940.9
1157060 1940.1
1157070 1940.1
1157080 1939.2
1157090 1936.7
1157100 1936.7
1157110 1931.7
1157120 1928.9
1157130 1928.9
1157140 1934.1
1157150 1926.2
1157160 1926.2
1157170 1916.0
1157180 1906.2
1157190 1906.2
1157200 1911.4
1157210 1920.1
1157220 1920.1
1157230 1938.9
1157240 1947.0
1157250 1951.7
1157260 1951.7
1157270 1949.7
1157280 1943.6
1157290 1929.8
1157300 1922.2
1157310 1922.0
1157320 1922.0
1157330 1913.8
1157340 1905.4
1157350 1905.4
1157360 1891.0
1157370 1866.3
1157380 1866.3
1157390 1867.8
1157400 1893.8
1157410 1893.8
1157420 1904.9
1157430 1927.8
1157440 1927.8
1157450 1926.3
1157460 1934.0
1157470 1934.0
1157480 1945.6
1157490 1944.8
1157500 1944.8
1157510 1940.7
1157520 1934.3
1157530 1934.3
1157540 1922.9
1157550 1910.3
1157560 1909.0
1157570 1909.0
1157580 1905.5
1157590 1893.7
1157600 1893.7
1157610 1890.2
1157620 1901.2
1157630 1901.2
1157640 1910.1
1157650 1906.3
1157660 1906.3
1157670 1896.8
1157680 1884.8
1157690 1884.8
1157700 1880.3
1157710 1873.1
1157720 1873.1
1157730 1864.6
1157740 1849.7
1157750 1849.7
1157760 1830.5
1157770 1811.1
1157780 1811.1
1157790 1799.8
1157800 1802.4
1157810 1802.4
1157820 1821.1
1157830 1831.1
1157840 1839.8
1157850 1839.8
1157860 1820.9
1157870 1794.8
1157880 1794.8
1157890 1780.8
1157900 1766.0
1157910 1766.0
1157920 1752.5
1157930 1746.3
1157940 1746.3
1157950 1741.1
1157960 1734.9
1157970 1734.9
1157980 1729.1
1157990 1723.4
1158000 1723.4
1158010 1718.0
1158020 1711.2
1158030 1711.2
1158040 1703.8
1158050 1697.2
1158060 1697.2
1158070 1692.7
1158080 1687.3
1158090 1687.3
1158100 1682.7
1158110 1677.7
1158120 1677.7
1158130 1672.7
1158140 1666.7
1158150 1660.6
1158160 1660.6
1158170 1653.9
1158180 1643.8
1158190 1643.8
1158200 1633.8
1158210 1624.6
1158220 1624.6
1158230 1617.3
1158240 1608.6
1158250 1608.6
1158260 1598.3
1158270 1587.2
1158280 1587.2
1158290 1578.6
1158300 1570.3
1158310 1570.3
1158320 1562.5
1158330 1555.2
1158340 1555.2
1158350 1547.6
1158360 1540.3
1158370 1540.3
1158380 1532.9
1158390 1526.1
1158400 1526.1
1158410 1519.3
1158420 1512.8
1158430 1512.8
1158440 1506.5
1158450 1500.8
1158460 1493.0
1158470 1493.0
1158480 1487.2
1158490 1481.4
1158500 1481.4
1158510 1475.9
1158520 1470.6
1158530 1470.6
1158540 1465.2
1158550 1460.0
1158560 1460.0
1158570 1454.2
1158580 1447.2
1158590 1447.2
1158600 1441.7
1158610 1439.7
1158620 1439.7
1158630 1437.1
1158640 1432.6
1158650 1432.6
1158660 1428.1
1158670 1423.8
1158680 1423.8
1158690 1419.7
1158700 1415.4
1158710 1415.4
1158720 1410.7
1158730 1406.2
1158740 1402.0
1158750 1402.0
1158760 1398.3
1158770 1394.1
1158780 1394.1
1158790 1390.8
1158800 1387.9
1158810 1387.9
1158820 1384.7
1158830 1382.3
1158840 1382.3
1158850 1379.1
1158860 1364.3
1158870 1364.3
1158880 1359.7
1158890 1355.5
1158900 1355.5
1158910 1349.1
1158920 1342.5
1158930 1342.5
1158940 1338.8
1158950 1337.3
1158960 1337.3
1158970 1335.4
1158980 1334.3
1158990 1334.3
1159000 1334.5
1159010 1336.1
1159020 1336.1
1159030 1341.7
1159040 1349.7
1159050 1357.1
1159060 1357.1
1159070 1365.3
1159080 1382.0
1159090 1382.0
1159100 1394.9
1159110 1404.1
1159120 1404.1
1159130 1416.8
1159140 1427.7
1159150 1427.7
1159160 1432.3
1159170 1437.0
1159180 1437.0
1159190 1443.4
1159200 1446.9
1159210 1446.9
1159220 1448.1
1159230 1448.4
1159240 1448.4
1159250 1455.1
1159260 1455.3
1159270 1455.3
1159280 1456.1
1159290 1457.5
1159300 1457.5
1159310 1458.9
1159320 1456.4
1159330 1452.9
1159340 1452.9
1159350 1453.9
1159360 1456.2
1159370 1456.2
1159380 1458.8
1159390 1459.0
1159400 1459.0
1159410 1458.4
1159420 1462.0
1159430 1462.0
1159440 1467.6
1159450 1470.7
1159460 1470.7
1159470 1471.1
1159480 1470.5
1159490 1470.5
1159500 1472.0
1159510 1478.2
1159520 1478.2
1159530 1483.8
1159540 1489.8
1159550 1489.8
1159560 1495.6
1159570 1499.1
1159580 1499.1
1159590 1501.9
1159600 1503.7
1159610 1503.7
1159620 1505.3
1159630 1507.0
1159640 1519.0
1159650 1519.0
1159660 1518.0
1159670 1518.8
1159680 1518.8
1159690 1521.2
1159700 1522.4
1159710 1522.4
1159720 1522.4
1159730 1521.6
1159740 1521.6
1159750 1519.3
1159760 1517.0
1159770 1517.0
1159780 1515.2
1159790 1514.5
1159800 1514.5
1159810 1514.5
1159820 1514.1
1159830 1514.1
1159840 1513.7
1159850 1513.1
1159860 1513.1
1159870 1511.2
1159880 1509.7
1159890 1509.7
1159900 1508.1
1159910 1506.3
1159920 1506.3
1159930 1502.9
1159940 1500.5
1159950 1498.2
1159960 1498.2
1159970 1495.5
1159980 1492.4
1159990 1492.4
