1155700 1807.6
1155710 1807.6
1155720 1809.7
1155730 1814.5
1155740 1814.5
1155750 1819.7
1155760 1825.3
1155770 1825.3
1155780 1830.9
1155790 1836.5
1155800 1836.5
1155810 1841.0
1155820 1844.6
1155830 1848.6
1155840 1848.6
1155850 1852.8
1155860 1857.2
1155870 1857.2
1155880 1861.6
1155890 1866.8
1155900 1866.8
1155910 1873.1
1155920 1880.3
1155930 1880.3
1155940 1887.2
1155950 1894.7
1155960 1894.7
1155970 1902.9
1155980 1912.6
1155990 1912.6
1156000 1928.3
1156010 1942.9
1156020 1942.9
1156030 1955.2
1156040 1972.7
1156050 1972.7
1156060 1986.4
1156070 2007.1
1156080 2007.1
1156090 2008.5
1156100 2003.3
1156110 2003.3
1156120 2003.2
1156130 2006.6
1156140 2008.0
1156150 2008.0
1156160 2011.7
1156170 2018.0
1156180 2018.0
1156190 2025.9
1156200 2036.4
1156210 2036.4
1156220 2047.2
1156230 2058.1
1156240 2058.1
1156250 2072.1
1156260 2085.4
1156270 2085.4
1156280 2094.1
1156290 2104.2
1156300 2104.2
1156310 2119.3
1156320 2132.6
1156330 2132.6
1156340 2145.6
1156350 2160.3
1156360 2160.3
1156370 2176.9
1156380 2192.4
1156390 2192.4
1156400 2215.0
1156410 2243.7
1156420 2259.9
1156430 2259.9
1156440 2265.0
1156450 2271.0
1156460 2271.0
1156470 2290.1
1156480 2313.7
1156490 2313.7
1156500 2313.8
1156510 2308.7
1156520 2308.7
1156530 2304.3
1156540 2299.4
1156550 2299.4
1156560 2296.0
1156570 2293.4
1156580 2293.4
1156590 2291.3
1156600 2289.6
1156610 2289.6
1156620 2288.0
1156630 2286.2
1156640 2286.2
1156650 2284.0
1156660 2279.4
1156670 2279.4
1156680 2270.6
1156690 2263.1
1156700 2263.1
1156710 2258.0
1156720 2255.0
1156730 2254.5
1156740 2254.5
1156750 2256.1
1156760 2257.5
1156770 2257.5
1156780 2257.4
1156790 2255.9
1156800 2255.9
1156810 2254.5
1156820 2251.6
1156830 2251.6
1156840 2248.3
1156850 2245.3
1156860 2245.3
1156870 2241.9
1156880 2237.1
1156890 2237.1
1156900 2231.5
1156910 2224.0
1156920 2224.0
1156930 2219.0
1156940 2219.1
1156950 2219.1
1156960 2218.1
1156970 2214.2
1156980 2214.2
1156990 2209.5
1157000 2203.7
1157010 2203.7
1157020 2197.7
1157030 2192.5
1157040 2190.9
1157050 2190.9
1157060 2188.6
1157070 2182.3
1157080 2183.3
1157090 2176.2
1157100 2171.8
1157110 2171.8
1157120 2169.1
1157130 2165.6
1157140 2165.6
1157150 2163.2
1157160 2161.2
1157170 2161.2
1157180 2160.3
1157190 2158.8
1157200 2158.8
1157210 2155.3
1157220 2150.2
1157230 2150.2
1157240 2146.5
1157250 2142.4
1157260 2142.4
1157270 2139.3
1157280 2137.9
1157290 2137.9
1157300 2137.3
1157310 2136.3
1157320 2133.3
1157330 2133.3
1157340 2127.7
1157350 2120.4
1157360 2120.4
1157370 2114.4
1157380 2109.9
1157390 2109.9
1157400 2106.7
1157410 2104.5
1157420 2104.5
1157430 2100.4
1157440 2095.5
1157450 2095.5
1157460 2091.6
1157470 2089.2
1157480 2089.2
1157490 2081.1
1157500 2072.9
1157510 2072.9
1157520 2066.1
1157530 2061.4
1157540 2061.4
1157550 2058.8
1157560 2056.0
1157570 2056.0
1157580 2052.5
1157590 2048.5
1157600 2048.5
1157610 2045.3
1157620 2042.0
1157630 2038.4
1157640 2038.4
1157650 2034.9
1157660 2031.6
1157670 2031.6
1157680 2029.0
1157690 2025.6
1157700 2025.6
1157710 2022.5
1157720 2020.8
1157730 2020.8
1157740 2019.3
1157750 2016.4
1157760 2016.4
1157770 2013.0
1157780 2007.1
1157790 2007.1
1157800 1999.7
1157810 1992.7
1157820 1992.7
1157830 1984.7
1157840 1975.4
1157850 1975.4
1157860 1970.8
1157870 1963.3
1157880 1963.3
1157890 1956.6
1157900 1950.1
1157910 1950.1
1157920 1943.0
1157930 1935.5
1157940 1928.4
1157950 1928.4
1157960 1921.7
1157970 1914.9
1157980 1914.9
1157990 1911.7
1158000 1910.3
1158010 1910.3
1158020 1904.4
1158030 1890.5
1158040 1890.5
1158050 1881.4
1158060 1873.7
1158070 1873.7
1158080 1867.3
1158090 1861.9
1158100 1861.9
1158110 1857.3
1158120 1845.5
1158130 1845.5
1158140 1834.1
1158150 1826.9
1158160 1826.9
1158170 1821.7
1158180 1819.0
1158190 1819.0
1158200 1814.9
1158210 1811.6
1158220 1811.5
1158230 1811.5
1158240 1810.3
1158250 1796.6
1158260 1796.6
1158270 1791.1
1158280 1784.8
1158290 1784.8
1158300 1785.9
1158310 1785.1
1158320 1785.1
1158330 1782.3
1158340 1777.5
1158350 1777.5
1158360 1775.1
1158370 1769.6
1158380 1769.6
1158390 1758.0
1158400 1751.7
1158410 1751.7
1158420 1752.3
1158430 1761.8
1158440 1761.8
1158450 1766.4
1158460 1762.7
1158470 1762.7
1158480 1753.8
1158490 1742.6
1158500 1742.6
1158510 1731.7
1158520 1719.2
1158530 1711.0
1158540 1711.0
1158550 1704.1
1158560 1697.5
1158570 1697.5
1158580 1691.5
1158590 1685.7
1158600 1685.7
1158610 1681.3
1158620 1674.4
1158630 1674.4
1158640 1665.8
1158650 1661.0
1158660 1661.0
1158670 1655.5
1158680 1651.2
1158690 1651.2
1158700 1644.9
1158710 1636.4
1158720 1636.4
1158730 1627.8
1158740 1620.2
1158750 1620.2
1158760 1612.7
1158770 1603.4
1158780 1603.4
1158790 1594.5
1158800 1585.9
1158810 1585.9
1158820 1573.9
1158830 1554.5
1158840 1547.3
1158850 1547.3
1158860 1543.6
1158870 1539.7
1158880 1539.7
1158890 1534.4
1158900 1522.3
1158910 1522.3
1158920 1504.9
1158930 1495.9
1158940 1495.9
1158950 1487.9
1158960 1482.7
1158970 1482.7
1158980 1473.0
1158990 1464.2
1159000 1464.2
1159010 1458.3
1159020 1454.0
1159030 1454.0
1159040 1440.5
1159050 1434.9
1159060 1434.9
1159070 1429.3
1159080 1421.8
1159090 1421.8
1159100 1413.5
1159110 1404.3
1159120 1396.0
1159130 1396.0
1159140 1388.3
1159150 1380.6
1159160 1380.6
1159170 1372.8
1159180 1366.2
1159190 1366.2
1159200 1367.2
1159210 1370.0
1159220 1370.0
1159230 1369.2
1159240 1368.8
1159250 1368.8
1159260 1367.5
1159270 1364.7
1159280 1364.7
1159290 1364.3
1159300 1365.5
1159310 1365.5
1159320 1369.5
1159330 1374.6
1159340 1374.6
1159350 1376.8
1159360 1376.7
1159370 1376.7
1159380 1375.5
1159390 1373.5
1159400 1373.5
1159410 1372.3
1159420 1373.1
1159430 1368.1
1159440 1368.1
1159450 1369.2
1159460 1369.8
1159470 1369.8
1159480 1370.2
1159490 1368.9
1159500 1368.9
1159510 1367.7
1159520 1364.8
1159530 1364.8
1159540 1361.7
1159550 1359.5
1159560 1359.5
1159570 1356.1
1159580 1352.1
1159590 1352.1
1159600 1347.3
1159610 1341.6
1159620 1341.6
1159630 1334.5
1159640 1333.7
1159650 1333.7
1159660 1340.0
1159670 1343.1
1159680 1343.1
1159690 1344.6
1159700 1346.6
1159710 1346.6
1159720 1348.2
1159730 1349.7
1159740 1350.2
1159750 1350.2
1159760 1350.1
1159770 1349.8
1159780 1349.8
1159790 1350.9
1159800 1353.4
1159810 1353.4
1159820 1349.1
1159830 1350.5
1159840 1350.5
1159850 1350.8
1159860 1350.4
1159870 1350.4
1159880 1351.4
1159890 1355.7
1159900 1355.7
1159910 1359.4
1159920 1362.4
1159930 1362.4
1159940 1364.6
1159950 1368.1
1159960 1368.1
1159970 1372.2
1159980 1373.3
1159990 1373.3
