1155680 1817.7
1155690 1817.7
1155700 1822.7
1155710 1828.5
1155720 1828.5
1155730 1834.2
1155740 1840.0
1155750 1840.0
1155760 1845.7
1155770 1851.5
1155780 1851.5
1155790 1857.3
1155800 1863.1
1155810 1868.9
1155820 1868.9
1155830 1875.2
1155840 1881.6
1155850 1881.6
1155860 1888.0
1155870 1894.8
1155880 1894.8
1155890 1901.7
1155900 1908.2
1155910 1908.2
1155920 1914.7
1155930 1921.3
1155940 1921.3
1155950 1927.4
1155960 1934.9
1155970 1934.9
1155980 1941.5
1155990 1948.1
1156000 1948.1
1156010 1954.3
1156020 1960.8
1156030 1960.8
1156040 1966.9
1156050 1973.0
1156060 1973.0
1156070 1978.9
1156080 1984.7
1156090 1984.7
1156100 1990.6
1156110 1997.0
1156120 2005.8
1156130 2005.8
1156140 2015.4
1156150 2025.8
1156160 2025.8
1156170 2034.6
1156180 2046.8
1156190 2046.8
1156200 2061.0
1156210 2075.9
1156220 2075.9
1156230 2093.2
1156240 2106.3
1156250 2106.3
1156260 2112.8
1156270 2118.2
1156280 2118.2
1156290 2125.6
1156300 2131.6
1156310 2131.6
1156320 2138.7
1156330 2144.3
1156340 2144.3
1156350 2155.9
1156360 2161.4
1156370 2161.4
1156380 2167.0
1156390 2173.0
1156400 2179.1
1156410 2179.1
1156420 2188.8
1156430 2203.3
1156440 2203.3
1156450 2222.8
1156460 2236.8
1156470 2236.8
1156480 2265.0
1156490 2294.4
1156500 2294.4
1156510 2334.4
1156520 2346.0
1156530 2346.0
1156540 2348.3
1156550 2348.9
1156560 2348.9
1156570 2349.7
1156580 2348.7
1156590 2348.7
1156600 2345.3
1156610 2340.2
1156620 2340.2
1156630 2336.3
1156640 2331.7
1156650 2331.7
1156660 2326.1
1156670 2321.1
1156680 2321.1
1156690 2314.1
1156700 2302.4
1156710 2294.0
1156720 2294.0
1156730 2289.0
1156740 2276.9
1156750 2276.9
1156760 2262.5
1156770 2253.4
1156780 2253.4
1156790 2248.0
1156800 2243.5
1156810 2243.5
1156820 2239.6
1156830 2237.1
1156840 2237.1
1156850 2234.5
1156860 2230.8
1156870 2230.8
1156880 2228.2
1156890 2224.1
1156900 2224.1
1156910 2219.2
1156920 2214.0
1156930 2214.0
1156940 2209.6
1156950 2207.1
1156960 2207.1
1156970 2203.8
1156980 2200.6
1156990 2200.6
1157000 2197.0
1157010 2194.1
1157020 2193.0
1157030 2193.0
1157040 2190.5
1157050 2188.4
1157060 2188.4
1157070 2186.5
1157080 2184.3
1157090 2184.3
1157100 2180.7
1157110 2178.1
1157120 2178.1
1157130 2166.2
1157140 2159.5
1157150 2159.5
1157160 2152.4
1157170 2145.5
1157180 2145.5
1157190 2139.9
1157200 2135.6
1157210 2135.6
1157220 2130.9
1157230 2126.3
1157240 2126.3
1157250 2122.7
1157260 2119.6
1157270 2119.6
1157280 2115.9
1157290 2112.7
1157300 2111.1
1157310 2111.1
1157320 2110.7
1157330 2108.5
1157340 2108.5
1157350 2106.2
1157360 2103.7
1157370 2103.7
1157380 2101.5
1157390 2099.7
1157400 2099.7
1157410 2097.5
1157420 2095.0
1157430 2095.0
1157440 2092.2
1157450 2089.3
1157460 2089.3
1157470 2087.3
1157480 2084.5
1157490 2084.5
1157500 2080.8
1157510 2078.1
1157520 2076.6
1157530 2071.3
1157540 2064.1
1157550 2064.1
1157560 2056.5
1157570 2050.2
1157580 2050.2
1157590 2044.8
1157600 2040.0
1157610 2035.7
1157620 2035.7
1157630 2031.8
1157640 2027.6
1157650 2027.6
1157660 2023.3
1157670 2019.3
1157680 2019.3
1157690 2015.6
1157700 2011.4
1157710 2011.4
1157720 2006.0
1157730 1999.8
1157740 1999.8
1157750 1995.1
1157760 1989.8
1157770 1989.8
1157780 1980.6
1157790 1970.5
1157800 1970.5
1157810 1961.0
1157820 1951.5
1157830 1951.5
1157840 1944.1
1157850 1938.2
1157860 1938.2
1157870 1933.6
1157880 1929.9
1157890 1926.8
1157900 1926.8
1157910 1922.4
1157920 1919.1
1157930 1919.1
1157940 1911.8
1157950 1898.9
1157960 1898.9
1157970 1884.4
1157980 1875.6
1157990 1875.6
1158000 1869.2
1158010 1864.0
1158020 1864.0
1158030 1859.8
1158040 1855.6
1158050 1855.6
1158060 1851.4
1158070 1847.7
1158080 1847.7
1158090 1840.3
1158100 1828.4
1158110 1828.4
1158120 1816.8
1158130 1808.2
1158140 1808.2
1158150 1799.6
1158160 1789.5
1158170 1789.5
1158180 1777.6
1158190 1760.8
1158200 1748.2
1158210 1748.2
1158220 1733.4
1158230 1721.9
1158240 1721.9
1158250 1707.6
1158260 1688.8
1158270 1688.8
1158280 1679.3
1158290 1671.5
1158300 1673.7
1158310 1669.5
1158320 1668.6
1158330 1668.6
1158340 1667.3
1158350 1661.0
1158360 1661.0
1158370 1653.5
1158380 1646.6
1158390 1646.6
1158400 1641.1
1158410 1635.4
1158420 1635.4
1158430 1627.6
1158440 1619.4
1158450 1619.4
1158460 1614.1
1158470 1611.4
1158480 1611.4
1158490 1610.2
1158500 1608.5
1158510 1603.6
1158520 1603.6
1158530 1596.9
1158540 1591.0
1158550 1591.0
1158560 1583.1
1158570 1570.2
1158580 1570.2
1158590 1564.3
1158600 1566.6
1158610 1566.6
1158620 1562.7
1158630 1559.2
1158640 1559.2
1158650 1558.8
1158660 1557.3
1158670 1557.3
1158680 1554.4
1158690 1546.0
1158700 1546.0
1158710 1542.8
1158720 1537.2
1158730 1537.2
1158740 1518.8
1158750 1483.8
1158760 1483.8
1158770 1471.9
1158780 1466.1
1158790 1461.1
1158800 1461.1
1158810 1454.4
1158820 1447.5
1158830 1447.5
1158840 1440.7
1158850 1434.1
1158860 1434.1
1158870 1428.4
1158880 1422.2
1158890 1422.2
1158900 1416.1
1158910 1411.1
1158920 1411.1
1158930 1407.2
1158940 1403.5
1158950 1403.5
1158960 1399.0
1158970 1394.0
1158980 1394.0
1158990 1389.6
1159000 1385.2
1159010 1385.2
1159020 1380.0
1159030 1374.4
1159040 1374.4
1159050 1369.2
1159060 1365.0
1159070 1365.0
1159080 1357.1
1159090 1353.1
1159100 1349.5
1159110 1349.5
1159120 1347.0
1159130 1345.0
1159140 1345.0
1159150 1342.5
1159160 1339.7
1159170 1339.7
1159180 1336.5
1159190 1332.7
1159200 1332.7
1159210 1329.6
1159220 1326.9
1159230 1326.9
1159240 1324.3
1159250 1322.4
1159260 1322.4
1159270 1322.0
1159280 1321.7
1159290 1321.7
1159300 1321.7
1159310 1321.3
1159320 1321.3
1159330 1320.5
1159340 1319.4
1159350 1319.4
1159360 1318.4
1159370 1317.5
1159380 1317.5
1159390 1316.7
1159400 1316.1
1159410 1315.7
1159420 1315.7
1159430 1315.3
1159440 1314.9
1159450 1314.9
1159460 1314.1
1159470 1314.5
1159480 1314.5
1159490 1313.4
1159500 1309.6
1159510 1309.6
1159520 1304.6
1159530 1301.3
1159540 1301.3
1159550 1299.2
1159560 1297.9
1159570 1297.9
1159580 1297.4
1159590 1295.3
1159600 1295.3
1159610 1292.6
1159620 1291.1
1159630 1291.1
1159640 1289.8
1159650 1289.9
1159660 1289.9
1159670 1289.3
1159680 1288.2
1159690 1287.7
1159700 1287.7
1159710 1290.8
1159720 1292.2
1159730 1292.2
1159740 1291.6
1159750 1290.9
1159760 1290.9
1159770 1290.2
1159780 1290.1
1159790 1290.1
1159800 1289.3
1159810 1288.5
1159820 1288.5
1159830 1289.4
1159840 1288.2
1159850 1288.2
1159860 1286.5
1159870 1286.0
1159880 1286.0
1159890 1285.4
1159900 1285.3
1159910 1285.3
1159920 1286.5
1159930 1287.0
1159940 1287.0
1159950 1286.9
1159960 1287.7
1159970 1287.7
1159980 1288.6
1159990 1289.3
