1155720 1809.3
1155730 1812.9
1155740 1812.9
1155750 1818.0
1155760 1823.3
1155770 1828.6
1155780 1828.6
1155790 1833.5
1155800 1838.3
1155810 1838.3
1155820 1842.4
1155830 1846.3
1155840 1846.3
1155850 1850.8
1155860 1855.6
1155870 1855.6
1155880 1860.7
1155890 1866.2
1155900 1866.2
1155910 1872.0
1155920 1878.2
1155930 1879.2
1155940 1886.2
1155950 1893.6
1155960 1893.6
1155970 1901.4
1155980 1913.4
1155990 1913.4
1156000 1932.2
1156010 1950.0
1156020 1950.0
1156030 1961.9
1156040 1972.9
1156050 1981.8
1156060 1981.8
1156070 1986.0
1156080 1984.7
1156090 1984.7
1156100 1986.1
1156110 1989.6
1156120 1989.6
1156130 1994.4
1156140 2000.3
1156150 2000.3
1156160 2007.4
1156170 2015.1
1156180 2015.1
1156190 2023.1
1156200 2031.4
1156210 2031.4
1156220 2040.6
1156230 2056.3
1156240 2056.3
1156250 2078.4
1156260 2090.5
1156270 2090.5
1156280 2100.7
1156290 2112.2
1156300 2112.2
1156310 2125.1
1156320 2132.5
1156330 2132.5
1156340 2147.4
1156350 2167.0
1156360 2183.6
1156370 2183.6
1156380 2194.4
1156390 2213.3
1156400 2213.3
1156410 2248.5
1156420 2272.3
1156430 2272.3
1156440 2282.1
1156450 2284.5
1156460 2284.5
1156470 2297.3
1156480 2319.6
1156490 2319.6
1156500 2318.7
1156510 2313.6
1156520 2313.6
1156530 2308.8
1156540 2303.5
1156550 2303.5
1156560 2299.1
1156570 2297.0
1156580 2297.0
1156590 2295.9
1156600 2293.7
1156610 2293.7
1156620 2291.5
1156630 2289.7
1156640 2289.7
1156650 2287.5
1156660 2282.3
1156670 2274.9
1156680 2274.9
1156690 2269.2
1156700 2262.0
1156710 2262.0
1156720 2262.8
1156730 2263.8
1156740 2263.8
1156750 2263.9
1156760 2262.8
1156770 2262.8
1156780 2260.8
1156790 2258.6
1156800 2258.6
1156810 2255.2
1156820 2252.1
1156830 2252.1
1156840 2250.1
1156850 2246.3
1156860 2246.3
1156870 2243.4
1156880 2240.8
1156890 2240.8
1156900 2235.3
1156910 2229.8
1156920 2229.8
1156930 2228.8
1156940 2228.6
1156950 2226.8
1156960 2226.8
1156970 2222.4
1156980 2217.6
1156990 2217.6
1157000 2211.7
1157010 2202.2
1157020 2202.2
1157030 2193.1
1157040 2188.0
1157050 2188.0
1157060 2185.3
1157070 2181.1
1157080 2181.1
1157090 2175.9
1157100 2175.1
1157110 2175.1
1157120 2174.7
1157130 2171.8
1157140 2171.8
1157150 2168.4
1157160 2165.4
1157170 2165.4
1157180 2161.8
1157190 2158.3
1157200 2158.3
1157210 2156.0
1157220 2152.7
1157230 2152.7
1157240 2147.0
1157250 2143.1
1157260 2141.9
1157270 2141.9
1157280 2139.3
1157290 2137.6
1157300 2137.6
1157310 2134.5
1157320 2129.9
1157330 2129.9
1157340 2123.2
1157350 2115.7
1157360 2115.7
1157370 2111.0
1157380 2108.6
1157390 2108.6
1157400 2106.6
1157410 2102.8
1157420 2102.8
1157430 2098.6
1157440 2094.2
1157450 2094.2
1157460 2090.3
1157470 2087.1
1157480 2085.5
1157490 2077.1
1157500 2069.8
1157510 2069.8
1157520 2063.4
1157530 2057.9
1157540 2057.9
1157550 2053.9
1157560 2051.8
1157570 2049.6
1157580 2049.6
1157590 2047.2
1157600 2045.0
1157610 2045.0
1157620 2041.5
1157630 2037.0
1157640 2037.0
1157650 2033.2
1157660 2030.4
1157670 2030.4
1157680 2027.7
1157690 2024.6
1157700 2024.6
1157710 2022.3
1157720 2021.3
1157730 2021.3
1157740 2020.6
1157750 2020.1
1157760 2020.1
1157770 2018.0
1157780 2012.7
1157790 2012.7
1157800 2005.1
1157810 1995.2
1157820 1995.2
1157830 1983.3
1157840 1973.6
1157850 1966.5
1157860 1966.5
1157870 1960.8
1157880 1955.8
1157890 1955.8
1157900 1950.8
1157910 1946.0
1157920 1946.0
1157930 1940.7
1157940 1935.0
1157950 1935.0
1157960 1928.5
1157970 1923.3
1157980 1923.3
1157990 1920.1
1158000 1917.5
1158010 1917.5
1158020 1913.2
1158030 1903.0
1158040 1903.0
1158050 1891.9
1158060 1883.2
1158070 1883.2
1158080 1875.6
1158090 1868.6
1158100 1868.6
1158110 1863.8
1158120 1852.0
1158130 1852.0
1158140 1841.5
1158150 1836.1
1158160 1833.8
1158170 1833.8
1158180 1831.4
1158190 1826.4
1158200 1826.4
1158210 1825.7
1158220 1826.3
1158230 1826.3
1158240 1826.7
1158250 1825.9
1158260 1825.9
1158270 1806.3
1158280 1803.7
1158290 1803.7
1158300 1801.2
1158310 1801.1
1158320 1801.1
1158330 1798.1
1158340 1793.2
1158350 1793.2
1158360 1788.2
1158370 1784.8
1158380 1784.8
1158390 1779.1
1158400 1779.6
1158410 1779.6
1158420 1781.0
1158430 1780.6
1158440 1780.6
1158450 1779.1
1158460 1773.7
1158470 1766.3
1158480 1766.3
1158490 1755.9
1158500 1746.0
1158510 1746.0
1158520 1736.0
1158530 1725.3
1158540 1725.3
1158550 1713.2
1158560 1706.9
1158570 1706.9
1158580 1700.6
1158590 1694.1
1158600 1694.1
1158610 1688.7
1158620 1676.7
1158630 1676.7
1158640 1665.8
1158650 1658.3
1158660 1658.5
1158670 1650.8
1158680 1643.7
1158690 1643.7
1158700 1637.7
1158710 1632.7
1158720 1632.7
1158730 1627.1
1158740 1620.8
1158750 1611.1
1158760 1611.1
1158770 1599.8
1158780 1590.6
1158790 1590.6
1158800 1583.2
1158810 1577.4
1158820 1577.4
1158830 1572.3
1158840 1566.1
1158850 1566.1
1158860 1560.0
1158870 1553.9
1158880 1553.9
1158890 1546.8
1158900 1537.0
1158910 1537.0
1158920 1520.4
1158930 1515.0
1158940 1515.0
1158950 1508.0
1158960 1500.7
1158970 1500.7
1158980 1494.9
1158990 1490.6
1159000 1490.6
1159010 1481.3
1159020 1472.6
1159030 1472.6
1159040 1467.8
1159050 1453.3
1159060 1444.2
1159070 1444.2
1159080 1433.4
1159090 1424.2
1159100 1424.2
1159110 1419.0
1159120 1411.1
1159130 1411.1
1159140 1400.2
1159150 1389.9
1159160 1389.9
1159170 1381.0
1159180 1373.7
1159190 1373.7
1159200 1377.0
1159210 1381.5
1159220 1381.5
1159230 1380.0
1159240 1377.7
1159250 1377.7
1159260 1376.6
1159270 1378.8
1159280 1378.8
1159290 1381.6
1159300 1384.2
1159310 1384.2
1159320 1386.1
1159330 1388.8
1159340 1388.8
1159350 1391.7
1159360 1391.4
1159370 1389.9
1159380 1389.9
1159390 1389.0
1159400 1387.7
1159410 1387.7
1159420 1387.8
1159430 1389.3
1159440 1381.9
1159450 1383.7
1159460 1384.1
1159470 1384.1
1159480 1383.6
1159490 1381.8
1159500 1381.8
1159510 1377.8
1159520 1374.2
1159530 1374.2
1159540 1373.0
1159550 1370.7
1159560 1370.7
1159570 1366.7
1159580 1363.0
1159590 1363.0
1159600 1359.4
1159610 1351.5
1159620 1351.5
1159630 1342.1
1159640 1348.1
1159650 1356.6
1159660 1356.6
1159670 1359.4
1159680 1360.0
1159690 1360.0
1159700 1361.1
1159710 1361.8
1159720 1361.8
1159730 1362.3
1159740 1363.5
1159750 1363.5
1159760 1365.0
1159770 1365.8
1159780 1365.8
1159790 1365.3
1159800 1366.7
1159810 1366.7
1159820 1368.6
1159830 1362.9
1159840 1362.9
1159850 1362.7
1159860 1361.4
1159870 1361.4
1159880 1361.0
1159890 1361.6
1159900 1361.6
1159910 1365.1
1159920 1370.6
1159930 1370.6
1159940 1374.1
1159950 1376.6
1159960 1379.7
1159970 1379.7
1159980 1383.5
1159990 1385.9
