1156510 1913.0
1156520 1913.0
1156530 1907.8
1156540 1904.0
1156550 1904.0
1156560 1900.5
1156570 1897.0
1156580 1897.0
1156590 1893.7
1156600 1890.5
1156610 1890.5
1156620 1887.2
1156630 1883.7
1156640 1883.7
1156650 1880.2
1156660 1876.8
1156670 1876.8
1156680 1873.8
1156690 1870.4
1156700 1870.4
1156710 1874.1
1156720 1873.3
1156730 1873.3
1156740 1871.7
1156750 1869.6
1156760 1869.6
1156770 1867.0
1156780 1864.4
1156790 1861.9
1156800 1861.9
1156810 1861.2
1156820 1862.6
1156830 1862.6
1156840 1865.5
1156850 1869.2
1156860 1869.2
1156870 1874.1
1156880 1879.2
1156890 1879.2
1156900 1884.2
1156910 1888.7
1156920 1888.7
1156930 1892.8
1156940 1896.4
1156950 1896.4
1156960 1899.4
1156970 1901.6
1156980 1901.6
1156990 1903.4
1157000 1905.2
1157010 1905.2
1157020 1907.2
1157030 1909.5
1157040 1909.5
1157050 1912.1
1157060 1914.7
1157070 1917.3
1157080 1917.3
1157090 1919.3
1157100 1927.6
1157110 1927.6
1157120 1929.4
1157130 1935.0
1157140 1935.0
1157150 1947.2
1157160 1953.7
1157170 1953.7
1157180 1962.8
1157190 1980.3
1157200 1980.3
1157210 1999.0
1157220 2012.4
1157230 2012.4
1157240 2016.5
1157250 2019.1
1157260 2019.1
1157270 2023.5
1157280 2028.4
1157290 2028.4
1157300 2032.7
1157310 2036.6
1157320 2036.6
1157330 2039.7
1157340 2042.7
1157350 2042.7
1157360 2047.9
1157370 2052.6
1157380 2056.2
1157390 2056.2
1157400 2060.6
1157410 2064.7
1157420 2064.7
1157430 2068.9
1157440 2073.5
1157450 2073.5
1157460 2077.8
1157470 2080.1
1157480 2080.1
1157490 2092.9
1157500 2094.8
1157510 2094.8
1157520 2095.7
1157530 2096.0
1157540 2096.0
1157550 2095.4
1157560 2094.1
1157570 2094.1
1157580 2094.7
1157590 2097.4
1157600 2097.4
1157610 2100.1
1157620 2104.3
1157630 2104.3
1157640 2107.8
1157650 2111.4
1157660 2111.4
1157670 2115.9
1157680 2121.0
1157690 2124.7
1157700 2124.7
1157710 2126.5
1157720 2127.8
1157730 2127.8
1157740 2130.5
1157750 2132.8
1157760 2132.8
1157770 2136.9
1157780 2139.2
1157790 2139.2
1157800 2135.3
1157810 2129.8
1157820 2129.8
1157830 2124.5
1157840 2119.4
1157850 2119.4
1157860 2115.3
1157870 2112.4
1157880 2120.7
1157890 2119.3
1157900 2118.9
1157910 2118.9
1157920 2118.6
1157930 2119.5
1157940 2119.5
1157950 2125.4
1157960 2135.9
1157970 2135.9
1157980 2148.4
1157990 2151.1
1158000 2143.0
1158010 2143.0
1158020 2129.8
1158030 2115.0
1158040 2115.0
1158050 2096.3
1158060 2083.4
1158070 2083.4
1158080 2071.6
1158090 2061.2
1158100 2061.2
1158110 2054.8
1158120 2048.7
1158130 2048.7
1158140 2042.0
1158150 2036.9
1158160 2036.9
1158170 2035.4
1158180 2040.1
1158190 2040.1
1158200 2049.4
1158210 2055.9
1158220 2055.9
1158230 2063.4
1158240 2067.6
1158250 2067.6
1158260 2065.9
1158270 2074.4
1158280 2072.4
1158290 2072.4
1158300 2070.3
1158310 2072.1
1158320 2072.1
1158330 2073.8
1158340 2075.7
1158350 2075.7
1158360 2076.7
1158370 2079.0
1158380 2079.0
1158390 2083.3
1158400 2085.8
1158410 2085.8
1158420 2085.4
1158430 2085.3
1158440 2085.3
1158450 2085.5
1158460 2085.5
1158470 2085.5
1158480 2086.6
1158490 2089.4
1158500 2089.4
1158510 2091.5
1158520 2091.9
1158530 2091.9
1158540 2096.0
1158550 2107.2
1158560 2107.2
1158570 2117.6
1158580 2126.7
1158590 2125.3
1158600 2125.3
1158610 2120.6
1158620 2122.3
1158630 2122.3
1158640 2128.9
1158650 2132.4
1158660 2140.4
1158670 2137.0
1158680 2131.6
1158690 2131.6
1158700 2128.7
1158710 2128.8
1158720 2128.8
1158730 2131.5
1158740 2135.5
1158750 2135.5
1158760 2142.5
1158770 2151.6
1158780 2151.6
1158790 2164.0
1158800 2173.5
1158810 2173.5
1158820 2178.0
1158830 2179.5
1158840 2179.5
1158850 2180.3
1158860 2181.0
1158870 2181.0
1158880 2181.3
1158890 2180.2
1158900 2180.9
1158910 2180.9
1158920 2186.2
1158930 2193.4
1158940 2193.4
1158950 2201.4
1158960 2214.0
1158970 2214.0
1158980 2226.8
1158990 2235.2
1159000 2235.2
1159010 2231.4
1159020 2222.0
1159030 2222.0
1159040 2212.7
1159050 2207.0
1159060 2201.7
1159070 2195.5
1159080 2190.5
1159090 2190.5
1159100 2186.0
1159110 2181.8
1159120 2181.8
1159130 2178.0
1159140 2176.8
1159150 2176.8
1159160 2173.9
1159170 2172.4
1159180 2172.4
1159190 2173.5
1159200 2171.8
1159210 2168.1
1159220 2168.1
1159230 2164.7
1159240 2156.4
1159250 2156.4
1159260 2147.0
1159270 2138.0
1159280 2138.0
1159290 2130.1
1159300 2120.9
1159310 2120.9
1159320 2113.2
1159330 2106.3
1159340 2106.3
1159350 2101.4
1159360 2095.8
1159370 2095.8
1159380 2087.7
1159390 2083.5
1159400 2083.5
1159410 2081.5
1159420 2081.4
1159430 2081.4
1159440 2081.9
1159450 2077.1
1159460 2077.1
1159470 2078.0
1159480 2079.6
1159490 2082.0
1159500 2082.0
1159510 2084.1
1159520 2085.8
1159530 2085.8
1159540 2087.6
1159550 2088.6
1159560 2088.6
1159570 2088.9
1159580 2089.4
1159590 2089.4
1159600 2090.6
1159610 2092.8
1159620 2092.8
1159630 2095.1
1159640 2096.9
1159650 2096.9
1159660 2098.4
1159670 2100.1
1159680 2100.1
1159690 2103.7
1159700 2105.5
1159710 2105.5
1159720 2106.3
1159730 2107.8
1159740 2107.8
1159750 2109.1
1159760 2107.2
1159770 2107.2
1159780 2105.5
1159790 2104.1
1159800 2102.1
1159810 2102.1
1159820 2099.4
1159830 2096.4
1159840 2094.0
1159850 2090.7
1159860 2087.7
1159870 2087.7
1159880 2085.2
1159890 2082.8
1159900 2082.8
1159910 2080.5
1159920 2076.8
1159930 2076.8
1159940 2072.2
1159950 2066.9
1159960 2066.9
1159970 2060.3
1159980 2052.0
1159990 2052.0
