1158930 1761.3
1158940 1765.4
1158950 1765.4
1158960 1771.2
1158970 1775.7
1158980 1775.7
1158990 1779.5
1159000 1781.8
1159010 1781.8
1159020 1784.7
1159030 1789.0
1159040 1789.0
1159050 1793.5
1159060 1797.8
1159070 1799.6
1159080 1799.6
1159090 1801.2
1159100 1803.3
1159110 1803.3
1159120 1799.5
1159130 1795.1
1159140 1795.1
1159150 1798.8
1159160 1804.9
1159170 1804.9
1159180 1806.9
1159190 1810.9
1159200 1810.9
1159210 1816.3
1159220 1822.1
1159230 1822.1
1159240 1827.9
1159250 1833.5
1159260 1834.9
1159270 1839.9
1159280 1845.1
1159290 1845.1
1159300 1850.6
1159310 1856.3
1159320 1856.3
1159330 1862.2
1159340 1868.3
1159350 1868.3
1159360 1874.8
1159370 1881.4
1159380 1888.1
1159390 1888.1
1159400 1895.1
1159410 1902.3
1159420 1902.3
1159430 1909.7
1159440 1917.3
1159450 1917.3
1159460 1926.7
1159470 1944.9
1159480 1944.9
1159490 1954.7
1159500 1964.4
1159510 1964.4
1159520 1976.7
1159530 1996.1
1159540 1996.1
1159550 2015.1
1159560 2032.7
1159570 2032.7
1159580 2051.1
1159590 2063.3
1159600 2063.3
1159610 2077.4
1159620 2093.5
1159630 2093.5
1159640 2104.3
1159650 2114.7
1159660 2117.2
1159670 2125.4
1159680 2133.0
1159690 2141.1
1159700 2141.1
1159710 2155.5
1159720 2173.2
1159730 2173.2
1159740 2181.3
1159750 2189.1
1159760 2189.1
1159770 2197.3
1159780 2205.1
1159790 2205.1
1159800 2212.7
1159810 2220.2
1159820 2220.2
1159830 2229.3
1159840 2236.9
1159850 2236.9
1159860 2246.1
1159870 2253.8
1159880 2253.8
1159890 2254.5
1159900 2251.1
1159910 2251.1
1159920 2244.5
1159930 2237.3
1159940 2237.3
1159950 2231.0
1159960 2225.6
1159970 2225.6
1159980 2221.3
1159990 2218.4
