1159210 1837.9
1159220 1841.9
1159230 1841.9
1159240 1847.9
1159250 1854.0
1159260 1854.0
1159270 1860.4
1159280 1866.7
1159290 1866.7
1159300 1873.2
1159310 1879.5
1159320 1879.5
1159330 1885.8
1159340 1892.3
1159350 1892.3
1159360 1899.1
1159370 1905.8
1159380 1912.6
1159390 1912.6
1159400 1918.5
1159410 1925.1
1159420 1925.1
1159430 1931.3
1159440 1937.5
1159450 1937.5
1159460 1943.8
1159470 1950.7
1159480 1950.7
1159490 1957.4
1159500 1964.0
1159510 1964.0
1159520 1970.7
1159530 1981.0
1159540 1981.0
1159550 1995.0
1159560 2005.1
1159570 2005.1
1159580 2017.5
1159590 2025.1
1159600 2025.1
1159610 2030.7
1159620 2053.5
1159630 2053.5
1159640 2079.6
1159650 2087.9
1159660 2087.9
1159670 2091.7
1159680 2099.8
1159690 2127.1
1159700 2127.1
1159710 2155.5
1159720 2163.8
1159730 2163.8
1159740 2167.9
1159750 2171.6
1159760 2171.6
1159770 2178.3
1159780 2186.9
1159790 2191.0
1159800 2192.1
1159810 2178.5
1159820 2178.5
1159830 2167.8
1159840 2159.7
1159850 2159.7
1159860 2151.1
1159870 2143.1
1159880 2143.1
1159890 2136.8
1159900 2131.4
1159910 2131.4
1159920 2126.3
1159930 2121.2
1159940 2121.2
1159950 2116.4
1159960 2112.9
1159970 2112.9
1159980 2111.1
1159990 2109.1
