1159350 1916.5
1159360 1926.9
1159370 1926.9
1159380 1935.7
1159390 1949.1
1159400 1949.1
1159410 1962.5
1159420 1976.0
1159430 1976.0
1159440 1989.7
1159450 1985.9
1159460 1985.9
1159470 1995.1
1159480 2012.4
1159490 2012.4
1159500 2032.7
1159510 2046.5
1159520 2046.5
1159530 2059.1
1159540 2069.8
1159550 2080.3
1159560 2080.3
1159570 2088.9
1159580 2095.8
1159590 2095.8
1159600 2102.7
1159610 2107.0
1159620 2107.0
1159630 2109.7
1159640 2113.3
1159650 2113.3
1159660 2121.5
1159670 2135.6
1159680 2135.6
1159690 2147.3
1159700 2157.2
1159710 2157.2
1159720 2175.9
1159730 2199.5
1159740 2199.5
1159750 2207.5
1159760 2215.2
1159770 2215.2
1159780 2210.4
1159790 2197.9
1159800 2197.9
1159810 2186.0
1159820 2175.1
1159830 2175.1
1159840 2164.3
1159850 2151.0
1159860 2122.7
1159870 2122.7
1159880 2102.8
1159890 2095.7
1159900 2095.7
1159910 2089.3
1159920 2083.3
1159930 2083.3
1159940 2078.1
1159950 2073.3
1159960 2073.3
1159970 2069.7
1159980 2068.0
1159990 2068.0
